18.902 19.371 54.0 安 0
19.371 19.606 55.0 静 0
19.606 19.841 54.0 地 0
19.841 20.075 54.0 离 0
20.075 20.545 52.0 去 1
21.658 21.893 52.0 和 0
21.893 22.363 52.0 孤 0
22.363 22.599 54.0 单 0
22.599 22.832 50.0 一 0
22.832 23.531 47.0 起 1
26.207 26.684 50.0 拥 0
26.684 26.923 50.0 挤 0
26.923 27.161 50.0 的 0
27.161 27.4 50.0 回 0
27.4 27.877 50.0 忆 0
29.048 29.281 52.0 时 0
29.281 29.747 50.0 间 0
29.747 29.98 52.0 抹 0
29.98 30.673 52.0 去 0
30.673 31.366 54.0 - 1
33.307 33.542 54.0 人 0
33.542 33.777 57.0 在 0
33.777 34.012 59.0 广 0
34.012 34.246 59.0 东 0
34.246 34.481 59.0 已 0
34.481 34.715 59.0 经 0
34.715 34.949 59.0 漂 0
34.949 35.184 57.0 泊 0
35.184 35.652 57.0 十 0
35.652 36.356 52.0 年 1
36.36 36.594 52.0 有 0
36.594 36.828 50.0 时 0
36.828 37.063 52.0 也 0
37.063 37.297 50.0 怀 0
37.297 37.531 52.0 念 0
37.531 37.766 57.0 当 0
37.766 38.0 57.0 初 0
38.0 38.235 57.0 一 0
38.235 38.469 57.0 起 1
38.546 38.78 57.0 经 0
38.78 39.015 54.0 已 0
39.015 39.483 52.0 改 0
39.483 40.421 50.0 变 1
40.895 41.129 54.0 让 0
41.129 41.363 57.0 这 0
41.363 41.598 59.0 天 0
41.598 41.832 59.0 空 0
41.832 42.067 59.0 将 0
42.067 42.301 57.0 你 0
42.301 42.77 57.0 我 0
42.77 43.238 59.0 相 0
43.238 44.176 52.0 连 1
44.204 44.673 50.0 怀 0
44.673 44.907 52.0 念 0
44.907 46.079 54.0 你 0
48.423 48.657 54.0 走 0
48.657 48.891 57.0 了 0
48.891 49.126 59.0 云 0
49.126 49.36 59.0 的 0
49.36 49.595 59.0 天 0
49.595 49.829 57.0 空 0
49.829 50.298 59.0 还 0
50.298 50.766 57.0 任 0
50.766 51.47 52.0 性 1
51.471 51.705 52.0 是 0
51.705 51.939 50.0 否 0
51.939 52.174 52.0 它 0
52.174 52.408 50.0 相 0
52.408 52.642 52.0 信 0
52.642 52.877 54.0 在 0
52.877 53.111 57.0 乎 1
53.111 53.346 57.0 反 0
53.346 53.58 57.0 而 0
53.58 53.814 57.0 容 0
53.814 54.049 57.0 易 0
54.049 54.283 62.0 放 0
54.283 54.752 62.0 弃 0
54.752 55.221 59.0 - 1
55.772 56.006 47.0 非 0
56.006 56.24 50.0 要 0
56.24 56.475 54.0 最 0
56.475 56.944 52.0 后 0
57.178 57.412 47.0 一 0
57.412 57.647 50.0 无 0
57.647 57.881 54.0 所 0
57.881 58.35 54.0 有 0
58.35 58.584 52.0 - 1
58.964 59.198 54.0 才 0
59.198 59.432 52.0 无 0
59.432 59.667 50.0 所 0
59.667 60.135 52.0 畏 0
60.135 60.839 50.0 惧 1
93.825 94.06 54.0 笑 0
94.06 94.529 54.0 的 0
94.529 94.763 54.0 多 0
94.763 94.997 54.0 一 0
94.997 95.466 52.0 些 0
96.638 96.872 52.0 改 0
96.872 97.341 52.0 变 0
97.341 97.575 54.0 要 0
97.575 97.81 50.0 彻 0
97.81 98.279 47.0 底 1
101.22 101.455 50.0 直 0
101.455 101.924 50.0 面 0
101.924 102.158 50.0 这 0
102.158 102.392 50.0 世 0
102.392 102.861 50.0 界 0
104.033 104.267 52.0 真 0
104.267 104.736 50.0 假 0
104.736 104.97 52.0 游 0
104.97 105.674 52.0 戏 0
105.674 106.142 54.0 - 1
108.24 108.474 54.0 人 0
108.474 108.708 57.0 在 0
108.708 108.943 59.0 广 0
108.943 109.177 59.0 东 0
109.177 109.412 59.0 已 0
109.412 109.646 59.0 经 0
109.646 109.88 59.0 漂 0
109.88 110.115 57.0 泊 0
110.115 110.583 57.0 十 0
110.583 111.287 52.0 年 1
111.313 111.547 52.0 有 0
111.547 111.781 50.0 时 0
111.781 112.016 52.0 也 0
112.016 112.25 50.0 怀 0
112.25 112.484 52.0 念 0
112.484 112.719 57.0 当 0
112.719 112.953 57.0 初 0
112.953 113.188 57.0 一 0
113.188 113.422 57.0 起 1
113.52 113.754 57.0 经 0
113.754 113.989 54.0 已 0
113.989 114.457 52.0 改 0
114.457 115.395 50.0 变 1
115.797 116.031 54.0 让 0
116.031 116.265 57.0 这 0
116.265 116.5 59.0 天 0
116.5 116.734 59.0 空 0
116.734 116.969 59.0 将 0
116.969 117.203 57.0 你 0
117.203 117.672 57.0 我 0
117.672 118.14 59.0 相 0
118.14 119.078 52.0 连 1
119.142 119.611 50.0 怀 0
119.611 119.845 52.0 念 0
119.845 121.251 54.0 你 0
123.361 123.595 54.0 走 0
123.595 123.829 57.0 了 0
123.829 124.064 59.0 云 0
124.064 124.298 59.0 的 0
124.298 124.533 59.0 天 0
124.533 124.767 57.0 空 0
124.767 125.236 59.0 还 0
125.236 125.704 57.0 任 0
125.704 126.173 52.0 性 1
126.394 126.628 52.0 是 0
126.628 126.862 50.0 否 0
126.862 127.097 52.0 它 0
127.097 127.331 50.0 相 0
127.331 127.565 52.0 信 0
127.565 127.8 54.0 下 0
127.8 128.265 57.0 一 0
128.269 128.737 57.0 次 0
128.737 128.972 57.0 的 0
128.972 129.206 62.0 相 0
129.206 129.675 62.0 遇 0
129.675 130.144 59.0 - 1
130.849 131.083 47.0 就 0
131.083 131.317 50.0 算 0
131.317 131.552 54.0 最 0
131.552 132.021 52.0 后 0
132.255 132.489 47.0 一 0
132.489 132.724 50.0 无 0
132.724 132.958 54.0 所 0
132.958 133.427 54.0 有 0
133.427 133.661 52.0 - 1
133.847 134.081 54.0 也 0
134.081 134.315 52.0 无 0
134.315 134.55 50.0 所 0
134.55 135.018 52.0 畏 0
135.018 135.956 50.0 惧 1
138.827 139.062 57.0 相 0
139.062 139.531 50.0 信 0
139.531 139.765 50.0 你 0
140.234 140.468 45.0 就 0
140.468 140.702 45.0 如 0
140.702 140.937 52.0 当 0
140.937 141.171 52.0 初 0
141.171 141.406 52.0 一 0
141.406 142.109 52.0 起 1
142.165 142.399 50.0 行 0
142.399 142.633 52.0 过 0
142.633 143.102 54.0 广 0
143.102 144.04 57.0 东 0
144.04 144.274 59.0 这 0
144.274 144.743 57.0 十 0
144.743 145.446 54.0 年 0
146.383 146.852 52.0 幸 0
146.852 147.087 54.0 福 0
147.087 147.555 52.0 走 0
147.555 148.258 50.0 了 1
148.263 148.498 52.0 唏 0
148.498 148.732 52.0 嘘 0
148.732 148.967 52.0 感 0
148.967 149.435 50.0 慨 0
149.435 149.67 52.0 那 0
149.67 150.138 54.0 当 0
150.138 151.31 54.0 初 1
153.837 154.072 57.0 相 0
154.072 154.541 50.0 信 0
154.541 155.009 50.0 你 0
155.244 155.478 45.0 哪 0
155.478 155.712 45.0 怕 0
155.712 155.947 52.0 坚 0
155.947 156.416 52.0 强 1
156.444 156.678 52.0 是 0
156.678 156.912 52.0 假 0
156.912 157.381 50.0 装 0
157.381 157.615 52.0 出 0
157.615 158.084 54.0 勇 0
158.084 158.553 57.0 敢 0
158.553 158.787 57.0 的 0
158.787 159.256 54.0 面 0
159.256 160.897 62.0 具 1
161.262 161.497 62.0 也 0
161.497 161.731 62.0 不 0
161.731 161.966 59.0 能 0
161.966 162.669 62.0 少 0
162.669 162.903 62.0 活 0
162.903 163.137 59.0 得 0
163.137 163.606 62.0 精 0
163.606 164.075 59.0 彩 0
164.075 164.309 57.0 的 0
164.309 164.778 59.0 勇 0
164.778 166.887 59.0 气 1
168.319 168.553 56.0 人 0
168.553 168.787 59.0 在 0
168.787 169.022 61.0 广 0
169.022 169.256 61.0 东 0
169.256 169.491 61.0 已 0
169.491 169.725 61.0 经 0
169.725 169.959 61.0 漂 0
169.959 170.194 59.0 泊 0
170.194 170.662 59.0 十 0
170.662 171.366 54.0 年 1
171.368 171.602 54.0 有 0
171.602 171.836 52.0 时 0
171.836 172.071 54.0 也 0
172.071 172.305 52.0 怀 0
172.305 172.539 54.0 念 0
172.539 172.774 59.0 当 0
172.774 173.008 59.0 初 0
173.008 173.243 59.0 一 0
173.243 173.477 59.0 起 1
173.53 173.764 59.0 经 0
173.764 173.999 56.0 已 0
173.999 174.467 54.0 改 0
174.467 175.405 52.0 变 1
175.818 176.052 56.0 让 0
176.052 176.286 59.0 这 0
176.286 176.521 61.0 天 0
176.521 176.755 61.0 空 0
176.755 176.99 61.0 将 0
176.99 177.224 59.0 你 0
177.224 177.693 59.0 我 0
177.693 178.161 61.0 相 0
178.161 179.099 54.0 连 1
179.173 179.642 52.0 怀 0
179.642 179.876 54.0 念 0
179.876 181.517 56.0 你 0
183.392 183.626 56.0 走 0
183.626 183.86 59.0 了 0
183.86 184.095 61.0 云 0
184.095 184.329 61.0 的 0
184.329 184.564 61.0 天 0
184.564 184.798 59.0 空 1
184.824 185.293 61.0 还 0
185.293 185.761 59.0 任 0
185.761 186.23 54.0 性 0
186.465 186.699 54.0 是 0
186.699 186.933 52.0 否 0
186.933 187.168 54.0 它 0
187.168 187.402 52.0 相 0
187.402 187.636 54.0 信 1
187.641 187.876 56.0 下 0
187.876 188.345 59.0 一 0
188.345 188.813 59.0 次 0
188.813 189.048 59.0 的 0
189.048 189.282 64.0 相 0
189.282 189.751 64.0 遇 0
189.751 190.454 61.0 - 1
190.801 191.035 49.0 就 0
191.035 191.269 52.0 算 0
191.269 191.504 56.0 最 0
191.504 191.973 54.0 后 0
192.207 192.441 49.0 一 0
192.441 192.676 52.0 无 0
192.676 192.91 56.0 所 0
192.91 193.379 56.0 有 0
193.379 193.848 54.0 - 1
193.936 194.17 56.0 也 0
194.17 194.404 54.0 无 0
194.404 194.639 52.0 所 0
194.639 195.107 54.0 畏 0
195.107 196.045 52.0 惧 1
198.313 198.546 40.0 就 0
198.546 198.778 45.0 算 0
198.778 199.017 45.0 最 0
199.017 199.734 45.0 后 0
199.734 199.973 47.0 一 0
199.973 200.212 40.0 无 0
200.212 200.451 47.0 所 0
200.451 201.161 47.0 有 1
201.245 201.481 45.0 我 0
201.481 201.717 47.0 都 0
201.717 201.953 40.0 无 0
201.953 202.188 47.0 所 0
202.188 202.66 45.0 畏 0
202.66 203.616 45.0 惧 1
