28.153 28.543 59.0 夏 0
28.543 28.933 59.0 - 0
28.933 29.322 59.0 天 0
29.322 29.712 57.0 走 0
29.712 30.101 59.0 了 0
30.101 30.491 57.0 菊 0
30.491 30.881 50.0 花 0
30.881 31.27 52.0 开 0
31.27 32.829 55.0 - 1
34.357 34.747 55.0 秋 0
34.747 35.136 55.0 - 0
35.136 35.526 55.0 风 0
35.526 35.916 52.0 送 0
35.916 36.305 64.0 来 0
36.305 36.695 62.0 点 0
36.695 37.084 62.0 点 0
37.084 37.474 57.0 的 0
37.474 39.422 59.0 忧 1
40.653 41.042 59.0 阵 0
41.042 41.432 59.0 - 0
41.432 41.822 57.0 阵 0
41.822 42.211 59.0 秋 0
42.211 42.601 59.0 - 0
42.601 43.185 62.0 雨 0
43.77 44.159 57.0 敲 0
44.159 44.549 57.0 - 0
44.549 44.939 57.0 打 0
44.939 45.328 55.0 着 0
45.328 46.107 52.0 玻 1
46.922 47.311 57.0 片 0
47.311 47.506 57.0 片 0
47.506 47.701 57.0 的 0
47.701 48.09 57.0 落 0
48.09 48.48 55.0 叶 0
48.48 48.87 57.0 片 0
48.87 49.649 59.0 片 0
49.649 50.038 52.0 愁 0
50.038 51.597 50.0 绪 1
53.11 53.5 59.0 坐 0
53.5 53.89 59.0 在 0
53.89 54.279 59.0 窗 0
54.279 54.669 57.0 前 0
54.669 55.058 59.0 翻 0
55.058 55.448 57.0 看 0
55.448 55.838 50.0 - 0
55.838 56.227 52.0 日 0
56.227 57.786 55.0 记 1
59.345 59.93 55.0 字 0
59.93 60.124 55.0 - 0
60.124 60.514 55.0 里 0
60.514 60.904 52.0 行 0
60.904 61.293 64.0 间 0
61.293 61.683 62.0 写 0
61.683 61.878 62.0 满 0
62.267 62.657 57.0 是 0
62.657 64.215 59.0 - 1
65.633 66.023 59.0 昨 0
66.023 66.412 59.0 - 0
66.412 66.802 57.0 日 0
66.802 67.191 59.0 的 0
67.191 67.581 59.0 浪 0
67.581 68.165 62.0 漫 0
68.75 69.139 57.0 难 0
69.139 69.529 57.0 - 0
69.529 69.919 57.0 忘 0
69.919 70.308 55.0 的 0
70.308 71.087 52.0 记 1
71.844 72.428 57.0 一 0
72.428 72.623 57.0 点 0
72.623 73.013 57.0 一 0
73.013 73.402 55.0 滴 0
73.402 73.792 57.0 烙 0
73.792 74.181 57.0 印 0
74.181 74.571 50.0 在 0
74.571 74.941 52.0 心 0
74.983 76.724 55.0 里 1
78.133 78.718 62.0 我 0
78.718 78.913 62.0 的 0
78.913 79.302 62.0 快 0
79.302 79.692 64.0 乐 0
79.692 80.276 67.0 就 0
80.276 80.861 66.0 是 0
80.861 81.348 59.0 想 0
81.348 83.588 62.0 你 1
84.213 84.603 64.0 生 0
84.603 84.992 64.0 - 0
84.992 85.382 64.0 命 0
85.382 85.772 62.0 为 0
85.772 86.161 64.0 你 0
86.161 86.551 62.0 跳 0
86.551 86.94 59.0 - 0
87.33 87.72 55.0 为 0
87.72 88.109 52.0 - 0
88.109 88.499 59.0 了 0
88.499 88.889 55.0 你 0
88.889 89.278 55.0 呼 0
89.278 90.057 57.0 吸 1
90.551 90.941 59.0 昨 0
90.941 91.33 59.0 日 0
91.33 91.72 57.0 的 0
91.72 92.109 59.0 幸 0
92.109 92.499 59.0 福 0
92.499 93.278 62.0 - 0
93.668 94.057 57.0 曾 0
94.057 94.447 57.0 经 0
94.447 94.837 57.0 的 0
94.837 95.226 55.0 甜 0
95.226 96.2 52.0 蜜 1
96.787 97.371 57.0 孤 0
97.371 97.566 57.0 独 0
97.566 97.956 57.0 寂 0
97.956 98.345 59.0 寞 0
98.345 98.735 57.0 角 0
98.735 99.124 55.0 - 0
99.124 99.514 52.0 落 0
99.904 100.293 64.0 思 0
100.293 100.683 67.0 念 0
100.683 101.072 67.0 你 0
101.072 101.462 59.0 哭 0
101.462 102.631 62.0 泣 1
102.999 103.583 62.0 我 0
103.583 103.778 62.0 - 0
103.778 104.167 62.0 的 0
104.167 104.557 64.0 快 0
104.557 105.141 67.0 乐 0
105.141 105.726 66.0 就 0
105.726 106.505 59.0 是 0
106.505 108.453 62.0 想 1
109.311 109.701 64.0 生 0
109.701 110.09 64.0 命 0
110.09 110.48 64.0 为 0
110.48 110.87 62.0 你 0
110.87 111.259 64.0 跳 0
111.259 111.649 62.0 - 0
111.649 112.039 59.0 动 0
112.428 112.818 55.0 等 0
112.818 113.207 52.0 待 0
113.207 113.597 59.0 再 0
113.597 113.987 55.0 相 0
113.987 114.376 55.0 聚 0
114.376 115.155 57.0 - 1
115.48 115.87 59.0 你 0
115.87 116.259 59.0 是 0
116.259 116.649 57.0 我 0
116.649 117.038 59.0 的 0
117.038 117.428 59.0 宝 0
117.428 117.818 62.0 贝 0
117.818 118.207 62.0 - 0
118.597 118.987 57.0 不 0
118.987 119.376 59.0 让 0
119.376 119.766 57.0 你 0
119.766 120.155 55.0 委 0
120.155 121.129 52.0 屈 1
121.76 122.149 50.0 你 0
122.149 122.539 52.0 - 0
122.539 122.929 52.0 是 0
122.929 123.318 50.0 我 0
123.318 123.708 64.0 的 0
123.708 124.097 62.0 最 0
124.097 124.487 59.0 - 0
124.877 125.266 57.0 无 0
125.266 125.656 57.0 - 0
125.656 126.046 50.0 人 0
126.046 126.435 52.0 能 0
126.435 127.994 55.0 代 1
152.877 153.266 59.0 坐 0
153.266 153.656 59.0 在 0
153.656 154.045 59.0 窗 0
154.045 154.435 57.0 前 0
154.435 154.825 59.0 翻 0
154.825 155.214 57.0 看 0
155.214 155.604 50.0 日 0
155.604 155.994 52.0 - 0
155.994 157.552 55.0 记 1
158.998 159.583 55.0 字 0
159.583 159.778 55.0 - 0
159.778 160.167 55.0 里 0
160.167 160.557 52.0 行 0
160.557 160.946 62.0 间 0
160.946 161.336 62.0 写 0
161.336 161.531 62.0 满 0
161.722 162.112 57.0 是 0
162.112 163.865 59.0 - 1
165.271 165.661 59.0 昨 0
165.661 166.05 59.0 日 0
166.05 166.44 57.0 的 0
166.44 166.83 59.0 浪 0
166.83 167.219 59.0 漫 0
167.219 167.804 62.0 - 0
168.388 168.778 57.0 难 0
168.778 169.167 57.0 忘 0
169.167 169.557 57.0 的 0
169.557 169.947 55.0 记 0
169.947 170.726 52.0 忆 1
171.492 172.076 57.0 一 0
172.076 172.271 57.0 - 0
172.271 172.661 57.0 点 0
172.661 173.05 55.0 一 0
173.05 173.44 57.0 滴 0
173.44 173.83 57.0 烙 0
173.83 174.219 50.0 印 0
174.219 174.804 52.0 在 0
174.804 176.557 55.0 心 1
177.801 178.385 62.0 我 0
178.385 178.58 62.0 的 0
178.58 178.97 62.0 快 0
178.97 179.359 64.0 乐 0
179.359 179.944 67.0 就 0
179.944 180.528 66.0 是 0
180.528 181.015 59.0 想 0
181.015 183.255 62.0 你 1
184.062 184.452 64.0 生 0
184.452 184.842 64.0 命 0
184.842 185.231 64.0 为 0
185.231 185.621 62.0 你 0
185.621 186.011 64.0 跳 0
186.011 186.4 62.0 - 0
186.4 186.79 59.0 动 0
187.179 187.569 55.0 为 0
187.569 187.959 52.0 了 0
187.959 188.348 59.0 你 0
188.348 188.738 55.0 呼 0
188.738 189.127 55.0 吸 0
189.127 189.907 57.0 - 1
190.242 190.632 59.0 昨 0
190.632 191.021 59.0 - 0
191.021 191.411 57.0 日 0
191.411 191.801 59.0 的 0
191.801 192.19 59.0 幸 0
192.19 192.97 62.0 福 0
193.359 193.749 57.0 曾 0
193.749 194.138 57.0 - 0
194.138 194.528 57.0 经 0
194.528 194.918 55.0 的 0
194.918 195.892 52.0 甜 1
196.556 197.14 57.0 孤 0
197.14 197.335 57.0 独 0
197.335 197.725 57.0 寂 0
197.725 198.114 59.0 寞 0
198.114 198.504 57.0 角 0
198.504 198.894 55.0 - 0
198.894 199.283 52.0 落 0
199.673 200.063 64.0 思 0
200.063 200.452 67.0 念 0
200.452 200.842 67.0 你 0
200.842 201.231 59.0 哭 0
201.231 201.621 59.0 泣 0
201.621 202.4 62.0 - 1
202.702 203.286 62.0 我 0
203.286 203.481 62.0 - 0
203.481 203.871 62.0 的 0
203.871 204.26 64.0 快 0
204.26 204.845 67.0 乐 0
204.845 205.429 66.0 就 0
205.429 206.208 59.0 是 0
206.208 208.156 62.0 想 1
208.986 209.375 64.0 生 0
209.375 209.765 64.0 - 0
209.765 210.154 64.0 命 0
210.154 210.544 62.0 为 0
210.544 210.934 64.0 你 0
210.934 211.323 62.0 跳 0
211.323 211.713 59.0 - 0
212.102 212.492 55.0 等 0
212.492 212.882 52.0 - 0
212.882 213.271 59.0 待 0
213.271 213.661 55.0 再 0
213.661 214.05 55.0 相 0
214.05 214.83 57.0 聚 1
215.169 215.559 59.0 你 0
215.559 215.949 59.0 - 0
215.949 216.338 57.0 是 0
216.338 216.728 59.0 我 0
216.728 217.117 59.0 的 0
217.117 217.507 62.0 宝 0
217.507 217.897 62.0 贝 0
218.286 218.676 57.0 不 0
218.676 219.065 57.0 - 0
219.065 219.455 57.0 让 0
219.455 219.845 55.0 你 0
219.845 220.819 52.0 委 1
221.399 221.789 50.0 你 0
221.789 222.178 52.0 是 0
222.178 222.568 52.0 我 0
222.568 222.958 50.0 的 0
222.958 223.347 64.0 最 0
223.347 223.737 62.0 - 0
223.737 224.126 59.0 爱 0
224.516 224.906 57.0 无 0
224.906 225.295 59.0 人 0
225.295 225.685 50.0 能 0
225.685 226.074 52.0 代 0
226.074 226.464 52.0 替 0
226.464 227.243 55.0 - 1
227.571 228.155 62.0 我 0
228.155 228.35 62.0 - 0
228.35 228.74 62.0 的 0
228.74 229.129 64.0 快 0
229.129 229.714 67.0 乐 0
229.714 230.298 66.0 就 0
230.298 230.785 59.0 是 0
230.785 233.025 62.0 想 1
233.824 234.213 64.0 生 0
234.213 234.603 64.0 - 0
234.603 234.992 64.0 命 0
234.992 235.382 62.0 为 0
235.382 235.772 64.0 你 0
235.772 236.161 62.0 跳 0
236.161 236.551 59.0 - 0
236.941 237.33 55.0 为 0
237.33 237.72 52.0 - 0
237.72 238.109 59.0 了 0
238.109 238.499 55.0 你 0
238.499 238.889 55.0 呼 0
238.889 239.668 57.0 吸 1
240.144 240.534 59.0 昨 0
240.534 240.924 59.0 日 0
240.924 241.313 57.0 的 0
241.313 241.703 59.0 幸 0
241.703 242.092 59.0 福 0
242.092 242.872 62.0 - 0
243.261 243.651 57.0 曾 0
243.651 244.041 57.0 经 0
244.041 244.43 57.0 的 0
244.43 244.82 55.0 甜 0
244.82 245.794 52.0 蜜 1
246.343 246.928 57.0 孤 0
246.928 247.122 57.0 - 0
247.122 247.512 57.0 独 0
247.512 247.902 59.0 寂 0
247.902 248.291 57.0 寞 0
248.291 248.681 55.0 角 0
248.681 249.07 52.0 - 0
249.46 249.85 64.0 思 0
249.85 250.239 67.0 - 0
250.239 250.629 67.0 念 0
250.629 251.018 59.0 你 0
251.018 251.408 59.0 哭 0
251.408 252.187 62.0 泣 1
252.565 253.149 62.0 我 0
253.149 253.344 62.0 的 0
253.344 253.734 62.0 快 0
253.734 254.123 64.0 乐 0
254.123 254.708 67.0 就 0
254.708 254.903 67.0 是 0
254.903 255.292 69.0 - 0
255.487 256.071 59.0 想 0
256.071 258.019 62.0 你 1
258.747 259.136 64.0 生 0
259.136 259.526 64.0 - 0
259.526 259.916 64.0 命 0
259.916 260.305 62.0 为 0
260.305 260.695 64.0 你 0
260.695 261.084 62.0 跳 0
261.084 261.474 59.0 - 0
261.864 262.253 62.0 等 0
262.253 262.643 64.0 - 0
262.643 263.032 64.0 待 0
263.032 263.422 55.0 再 0
263.422 264.591 57.0 相 1
264.98 265.37 59.0 你 0
265.37 265.76 59.0 - 0
265.76 266.149 57.0 是 0
266.149 266.539 59.0 我 0
266.539 266.929 59.0 的 0
266.929 267.318 62.0 宝 0
267.318 267.708 62.0 贝 0
268.097 268.487 57.0 不 0
268.487 268.877 57.0 - 0
268.877 269.266 57.0 让 0
269.266 269.656 55.0 你 0
269.656 270.63 52.0 委 1
271.308 271.698 50.0 你 0
271.698 272.087 52.0 是 0
272.087 272.477 52.0 我 0
272.477 272.867 50.0 的 0
272.867 273.256 64.0 最 0
273.256 273.646 62.0 - 0
273.646 274.036 59.0 爱 0
274.425 274.815 57.0 无 0
274.815 275.204 57.0 人 0
275.204 275.594 50.0 能 0
275.594 275.984 52.0 代 0
275.984 277.932 55.0 替 1
279.099 279.489 52.0 你 0
279.489 279.879 55.0 是 0
279.879 280.268 55.0 我 0
280.268 280.658 52.0 的 0
280.658 281.048 64.0 最 0
281.048 281.437 62.0 - 0
281.437 281.827 59.0 爱 0
282.216 282.996 57.0 无 0
282.996 284.554 59.0 人 0
285.333 286.112 50.0 能 0
286.112 286.892 52.0 代 0
286.892 290.788 55.0 替 1
