10.885 11.882 60.0 美 0
11.882 12.214 57.0 酒 0
12.214 12.547 60.0 加 0
12.547 12.879 62.0 - 0
12.879 13.211 65.0 咖 0
13.211 13.543 67.0 - 0
13.543 15.537 69.0 啡 1
16.076 16.74 72.0 我 0
16.74 17.073 72.0 只 0
17.073 17.405 74.0 要 0
17.405 17.737 69.0 喝 0
17.737 18.07 67.0 - 0
18.07 18.402 65.0 一 0
18.402 18.734 69.0 - 0
18.734 20.406 67.0 杯 1
21.55 22.54 67.0 想 0
22.54 22.871 69.0 - 0
22.871 23.531 72.0 起 0
23.531 24.192 69.0 了 0
24.192 24.852 67.0 过 0
24.852 25.512 60.0 - 0
25.512 26.172 62.0 去 1
26.786 27.446 65.0 又 0
27.446 27.777 62.0 喝 0
27.777 28.107 60.0 了 0
28.107 28.437 57.0 第 0
28.437 28.768 60.0 - 0
28.768 29.098 62.0 二 0
29.098 29.428 65.0 - 0
29.428 30.752 60.0 杯 1
32.027 32.688 60.0 明 0
32.688 33.019 57.0 知 0
33.019 33.349 60.0 道 0
33.349 34.011 62.0 爱 0
34.011 34.341 65.0 情 0
34.672 35.004 67.0 像 0
35.004 35.337 69.0 - 0
35.337 35.669 65.0 流 0
35.669 36.001 67.0 - 0
36.001 36.998 69.0 水 1
37.419 37.92 67.0 管 0
37.92 38.087 69.0 - 0
38.087 38.421 72.0 他 0
38.421 38.755 74.0 - 0
38.755 39.089 72.0 去 0
39.089 39.423 69.0 - 0
39.423 39.757 67.0 爱 0
39.757 40.091 65.0 - 0
40.091 42.096 67.0 谁 1
42.647 43.632 67.0 我 0
43.632 43.961 69.0 要 0
43.961 44.618 72.0 美 0
44.618 45.275 69.0 酒 0
45.275 45.605 67.0 加 0
45.605 45.935 65.0 - 0
45.935 46.265 62.0 咖 0
46.265 46.595 60.0 - 0
46.595 47.255 62.0 啡 1
47.917 48.412 65.0 一 0
48.412 48.577 67.0 - 0
48.577 48.908 69.0 杯 0
48.908 49.238 72.0 - 0
49.238 49.568 67.0 再 0
49.568 49.898 60.0 - 0
49.898 50.228 69.0 一 0
50.228 50.558 69.0 - 0
50.558 52.552 65.0 杯 1
58.535 59.526 60.0 我 0
59.526 59.856 57.0 并 0
59.856 60.186 60.0 没 0
60.186 60.516 62.0 - 0
60.516 60.847 65.0 有 0
60.847 61.177 67.0 - 0
61.177 63.159 69.0 醉 1
63.794 64.454 72.0 我 0
64.454 64.783 72.0 只 0
64.783 65.113 74.0 是 0
65.113 65.443 69.0 心 0
65.443 65.773 67.0 - 0
65.773 66.102 65.0 儿 0
66.102 66.432 69.0 - 0
66.432 68.41 67.0 碎 1
69.198 70.187 67.0 开 0
70.187 70.517 69.0 - 0
70.517 71.177 72.0 放 0
71.177 71.837 69.0 的 0
71.837 72.495 67.0 花 0
72.495 73.152 60.0 - 0
73.152 73.81 62.0 蕊 1
74.365 75.025 65.0 你 0
75.025 75.355 62.0 怎 0
75.355 75.685 60.0 么 0
75.685 76.014 57.0 也 0
76.014 76.344 60.0 - 0
76.344 76.674 62.0 流 0
76.674 77.004 65.0 - 0
77.004 78.324 60.0 泪 1
79.785 80.45 60.0 如 0
80.45 80.782 57.0 果 0
80.782 81.115 60.0 你 0
81.115 81.78 62.0 也 0
81.78 82.112 65.0 是 0
82.444 82.774 67.0 心 0
82.774 83.104 69.0 - 0
83.104 83.434 65.0 儿 0
83.434 83.764 67.0 - 0
83.764 84.754 69.0 碎 1
85.105 85.604 67.0 陪 0
85.604 85.77 69.0 - 0
85.77 86.103 72.0 你 0
86.103 86.436 74.0 - 0
86.436 86.768 72.0 喝 0
86.768 87.101 69.0 - 0
87.101 87.434 67.0 一 0
87.434 87.767 65.0 - 0
87.767 89.416 67.0 杯 1
90.36 91.349 67.0 我 0
91.349 91.679 69.0 要 0
91.679 92.339 72.0 美 0
92.339 92.999 69.0 酒 0
92.999 93.329 67.0 加 0
93.329 93.658 65.0 - 0
93.658 93.988 62.0 咖 0
93.988 94.318 60.0 - 0
94.318 95.308 62.0 啡 1
95.631 96.126 65.0 一 0
96.126 96.291 67.0 - 0
96.291 96.62 69.0 杯 0
96.62 96.95 72.0 - 0
96.95 97.28 67.0 再 0
97.28 97.61 60.0 - 0
97.61 97.94 69.0 一 0
97.94 98.27 69.0 - 0
98.27 100.249 65.0 杯 1
111.387 112.376 60.0 我 0
112.376 112.706 57.0 并 0
112.706 113.036 60.0 没 0
113.036 113.366 62.0 - 0
113.366 113.696 65.0 有 0
113.696 114.026 67.0 - 0
114.026 116.013 69.0 醉 1
116.716 117.385 72.0 我 0
117.385 117.719 72.0 只 0
117.719 118.053 74.0 是 0
118.053 118.387 69.0 心 0
118.387 118.722 67.0 - 0
118.722 119.056 65.0 儿 0
119.056 119.39 69.0 - 0
119.39 121.386 67.0 碎 1
122.067 123.056 67.0 开 0
123.056 123.385 69.0 - 0
123.385 124.044 72.0 放 0
124.044 124.704 69.0 的 0
124.704 125.363 67.0 花 0
125.363 126.023 60.0 - 0
126.023 126.683 62.0 蕊 1
127.312 127.971 65.0 你 0
127.971 128.301 62.0 怎 0
128.301 128.631 60.0 么 0
128.631 128.961 57.0 也 0
128.961 129.29 60.0 - 0
129.29 129.62 62.0 流 0
129.62 129.95 65.0 - 0
129.95 131.579 60.0 泪 1
132.609 133.267 60.0 如 0
133.267 133.596 57.0 果 0
133.596 133.925 60.0 你 0
133.925 134.584 62.0 也 0
134.584 134.913 65.0 是 0
135.242 135.572 67.0 心 0
135.572 135.902 69.0 - 0
135.902 136.232 65.0 儿 0
136.232 136.562 67.0 - 0
136.562 137.221 69.0 碎 1
137.952 138.452 67.0 陪 0
138.452 138.619 69.0 - 0
138.619 138.952 72.0 你 0
138.952 139.286 74.0 - 0
139.286 139.619 72.0 喝 0
139.619 139.953 69.0 - 0
139.953 140.286 67.0 一 0
140.286 140.619 65.0 - 0
140.619 142.612 67.0 杯 1
143.107 144.096 67.0 我 0
144.096 144.426 69.0 要 0
144.426 145.086 72.0 美 0
145.086 145.746 69.0 酒 0
145.746 146.076 67.0 加 0
146.076 146.406 65.0 - 0
146.406 146.735 65.0 咖 0
146.735 147.065 60.0 - 0
147.065 147.725 62.0 啡 1
148.379 148.874 65.0 一 0
148.874 149.039 67.0 - 0
149.039 149.368 69.0 杯 0
149.368 149.698 72.0 - 0
149.698 150.028 67.0 再 0
150.028 150.358 60.0 - 0
150.358 150.688 69.0 一 0
150.688 151.018 69.0 - 0
151.018 152.997 65.0 杯 1
153.694 154.025 65.0 一 0
154.025 154.356 67.0 - 0
154.356 154.686 69.0 杯 0
154.686 155.017 72.0 - 0
155.017 155.348 67.0 再 0
155.348 155.679 60.0 - 0
155.679 156.01 72.0 一 0
156.01 156.34 69.0 - 0
156.34 157.66 65.0 杯 1
