17.647 17.931 57.0 我 0
17.931 18.215 57.0 - 0
18.215 18.695 56.0 怕 0
18.695 19.054 59.0 来 0
19.054 21.093 64.0 不 0
21.489 21.729 59.0 及 0
21.729 21.969 59.0 我 0
21.969 22.448 64.0 要 0
22.448 22.808 59.0 抱 0
22.808 24.367 61.0 着 0
25.321 25.561 57.0 你 0
25.561 25.801 57.0 直 0
25.801 26.281 56.0 到 0
26.281 26.641 59.0 感 0
26.641 27.24 64.0 觉 0
27.24 27.48 66.0 你 0
27.48 27.96 66.0 的 0
27.96 28.679 64.0 皱 0
29.208 29.448 64.0 纹 0
29.448 29.688 66.0 有 0
29.688 30.167 68.0 了 0
30.167 30.407 63.0 岁 0
30.407 30.887 63.0 月 0
30.887 31.247 61.0 的 0
31.247 32.086 63.0 痕 0
33.109 33.349 59.0 迹 0
33.349 33.589 59.0 直 0
33.589 34.069 61.0 到 0
34.069 34.549 64.0 肯 0
34.549 35.028 64.0 定 0
35.028 35.508 61.0 你 0
35.508 35.988 66.0 是 0
35.988 36.947 64.0 真 0
37.261 37.74 59.0 的 0
37.74 38.214 59.0 直 0
38.22 38.7 68.0 到 0
38.7 39.179 69.0 失 0
39.179 39.653 69.0 去 0
39.659 40.858 68.0 力 0
41.211 41.691 68.0 气 0
41.691 41.931 61.0 为 0
41.931 43.61 64.0 了 0
44.089 44.329 60.0 你 0
44.329 44.809 60.0 我 0
44.809 46.848 59.0 愿 0
48.392 48.631 57.0 意 0
48.631 48.871 57.0 动 0
48.871 49.351 56.0 也 0
49.351 49.591 59.0 不 0
49.591 51.749 64.0 能 0
52.255 52.495 59.0 动 0
52.495 52.735 59.0 也 0
52.735 53.215 64.0 要 0
53.215 53.574 59.0 看 0
53.574 55.671 57.0 着 0
56.07 56.31 57.0 你 0
56.31 56.549 57.0 直 0
56.549 57.029 56.0 到 0
57.029 57.389 59.0 感 0
57.389 57.989 64.0 觉 0
57.989 58.228 66.0 你 0
58.228 58.708 64.0 的 0
58.708 59.428 64.0 发 0
59.893 60.133 64.0 线 0
60.133 60.373 66.0 有 0
60.373 60.853 68.0 了 0
60.853 61.093 63.0 白 0
61.093 61.572 63.0 雪 0
61.572 61.932 61.0 的 0
61.932 62.771 63.0 痕 0
63.75 63.99 59.0 迹 0
63.99 64.23 59.0 直 0
64.23 64.709 61.0 到 0
64.709 65.189 64.0 视 0
65.189 65.669 64.0 线 0
65.669 65.908 61.0 变 0
65.908 66.388 66.0 得 0
66.388 67.587 64.0 模 0
68.152 68.632 59.0 糊 0
68.632 68.872 59.0 直 0
68.872 69.471 68.0 到 0
69.471 70.071 69.0 不 0
70.071 70.551 68.0 能 0
70.551 71.75 68.0 呼 0
71.956 72.435 68.0 吸 0
72.435 72.675 61.0 让 0
72.675 73.515 64.0 我 0
73.515 74.354 59.0 们 0
74.594 74.834 59.0 形 0
74.834 75.313 59.0 影 0
75.313 75.793 64.0 不 0
75.793 76.393 64.0 离 0
76.393 77.592 64.0 - 0
77.62 78.339 64.0 如 0
78.339 78.579 66.0 - 0
78.579 79.299 66.0 果 0
79.419 80.018 68.0 全 0
80.018 80.498 68.0 世 0
80.498 80.978 68.0 界 0
80.978 81.218 68.0 我 0
81.218 81.457 66.0 也 0
81.457 81.697 68.0 可 0
81.697 81.937 68.0 以 0
81.937 82.417 71.0 放 0
82.417 82.897 71.0 弃 0
82.927 83.166 59.0 至 0
83.166 83.406 59.0 - 0
83.406 83.886 66.0 少 0
83.886 84.126 66.0 还 0
84.126 84.845 66.0 有 0
84.845 85.085 66.0 你 0
85.085 85.325 64.0 值 0
85.325 85.565 66.0 得 0
85.565 85.805 66.0 我 0
85.805 86.284 71.0 去 0
86.284 86.764 71.0 珍 0
86.765 87.005 59.0 惜 0
87.005 87.245 59.0 而 0
87.245 87.724 64.0 你 0
87.724 87.964 64.0 在 0
87.964 88.684 64.0 这 0
88.691 88.931 59.0 里 0
88.931 89.171 59.0 就 0
89.171 89.41 67.0 是 0
89.41 89.89 67.0 生 0
89.89 90.13 66.0 命 0
90.13 90.61 66.0 - 0
90.61 90.849 60.0 的 0
90.849 92.768 59.0 奇 0
92.903 93.623 64.0 迹 0
93.623 93.862 66.0 也 0
93.862 94.582 66.0 - 0
94.702 95.302 68.0 许 0
95.302 95.781 68.0 全 0
95.781 96.261 68.0 世 0
96.261 96.501 68.0 界 0
96.501 96.741 66.0 我 0
96.741 96.98 68.0 也 0
96.98 97.22 68.0 可 0
97.22 97.7 71.0 以 0
97.7 98.18 71.0 忘 0
98.258 98.498 59.0 记 0
98.498 98.737 59.0 就 0
98.737 99.217 66.0 是 0
99.217 99.457 66.0 不 0
99.457 100.176 66.0 愿 0
100.176 100.416 66.0 意 0
100.416 100.656 64.0 失 0
100.656 100.896 66.0 去 0
100.896 101.136 66.0 你 0
101.136 101.616 71.0 的 0
101.616 102.095 71.0 消 0
102.127 102.367 59.0 息 0
102.367 102.607 59.0 你 0
102.607 103.087 64.0 掌 0
103.087 103.326 64.0 心 0
103.326 104.046 64.0 的 0
104.047 104.287 59.0 痣 0
104.287 104.527 59.0 我 0
104.527 104.767 68.0 总 0
104.767 105.006 66.0 记 0
105.006 105.486 66.0 得 0
105.486 105.966 66.0 - 0
105.966 106.206 64.0 在 0
106.206 110.283 64.0 哪 0
113.727 113.967 57.0 里 0
113.967 114.207 57.0 我 0
114.207 114.686 56.0 怕 0
114.686 114.926 59.0 来 0
114.926 117.085 64.0 不 0
117.554 117.794 59.0 及 0
117.794 118.034 59.0 我 0
118.034 118.514 64.0 要 0
118.514 118.874 59.0 抱 0
118.88 120.912 57.0 着 0
121.388 121.628 57.0 你 0
121.628 121.868 57.0 直 0
121.868 122.347 56.0 到 0
122.347 122.707 59.0 感 0
122.707 123.307 64.0 觉 0
123.307 123.547 66.0 你 0
123.547 124.026 64.0 的 0
124.026 124.746 64.0 发 0
125.085 125.324 64.0 线 0
125.324 125.564 66.0 有 0
125.564 126.044 68.0 了 0
126.044 126.284 63.0 白 0
126.284 126.763 63.0 雪 0
126.763 127.243 64.0 的 0
127.243 127.723 63.0 痕 0
127.723 128.442 63.0 迹 0
128.995 129.235 59.0 - 0
129.235 129.475 59.0 直 0
129.475 129.954 61.0 到 0
129.954 130.434 64.0 视 0
130.434 130.914 64.0 线 0
130.914 131.154 61.0 变 0
131.154 131.633 66.0 得 0
131.633 132.833 64.0 模 0
133.303 133.783 59.0 糊 0
133.783 134.023 59.0 直 0
134.023 134.622 68.0 到 0
134.622 135.222 69.0 不 0
135.222 135.702 68.0 能 0
135.702 136.901 68.0 呼 0
137.183 137.663 68.0 吸 0
137.663 137.902 61.0 让 0
137.902 138.856 64.0 我 0
138.86 139.581 59.0 们 0
139.821 140.061 59.0 - 0
140.061 140.541 59.0 形 0
140.541 140.781 64.0 影 0
140.781 141.5 64.0 不 0
141.5 142.579 64.0 离 0
142.826 143.546 64.0 - 0
143.546 143.786 66.0 如 0
143.786 144.505 66.0 - 0
144.625 145.225 68.0 果 0
145.225 145.704 68.0 全 0
145.704 146.184 68.0 世 0
146.184 146.424 68.0 界 0
146.424 146.664 66.0 我 0
146.664 146.904 68.0 也 0
146.904 147.143 68.0 可 0
147.143 147.623 71.0 以 0
147.623 148.103 71.0 放 0
148.211 148.451 59.0 弃 0
148.451 148.69 59.0 至 0
148.69 149.17 66.0 少 0
149.17 149.41 66.0 还 0
149.41 150.13 66.0 有 0
150.13 150.369 66.0 你 0
150.369 150.609 64.0 值 0
150.609 150.849 66.0 得 0
150.849 151.089 66.0 我 0
151.089 151.569 71.0 去 0
151.569 152.048 71.0 珍 0
152.095 152.335 59.0 惜 0
152.335 152.575 59.0 而 0
152.575 153.055 64.0 你 0
153.055 153.295 64.0 在 0
153.295 154.014 64.0 这 0
154.022 154.262 59.0 里 0
154.262 154.502 59.0 就 0
154.502 154.742 67.0 是 0
154.742 155.221 67.0 生 0
155.221 155.461 66.0 命 0
155.461 155.941 66.0 - 0
155.941 156.181 60.0 的 0
156.181 158.099 59.0 奇 0
158.238 158.958 64.0 迹 0
158.958 159.198 66.0 也 0
159.198 159.917 66.0 许 0
160.037 160.637 68.0 全 0
160.637 161.116 68.0 世 0
161.116 161.596 68.0 界 0
161.596 161.836 68.0 我 0
161.836 162.076 66.0 也 0
162.076 162.316 68.0 可 0
162.316 162.556 68.0 以 0
162.556 163.035 71.0 忘 0
163.035 163.515 71.0 记 0
163.597 163.837 59.0 只 0
163.837 164.077 59.0 是 0
164.077 164.556 66.0 不 0
164.556 164.796 66.0 愿 0
164.796 165.516 66.0 意 0
165.516 165.756 66.0 失 0
165.756 165.995 64.0 去 0
165.995 166.235 66.0 你 0
166.235 166.475 66.0 的 0
166.475 166.955 71.0 消 0
166.955 167.435 71.0 息 0
167.454 167.693 59.0 你 0
167.693 167.933 59.0 掌 0
167.933 168.413 64.0 心 0
168.413 168.653 64.0 的 0
168.653 169.372 64.0 痣 0
169.373 169.613 59.0 我 0
169.613 169.853 59.0 总 0
169.853 170.087 68.0 记 0
170.087 170.331 66.0 得 0
170.333 170.812 66.0 - 0
170.812 171.292 66.0 在 0
171.292 171.532 64.0 哪 0
171.532 175.609 64.0 里 0
190.292 190.532 59.0 我 0
190.532 190.773 59.0 - 0
190.773 191.013 61.0 们 0
191.013 191.254 64.0 好 0
191.254 191.494 61.0 不 0
191.494 191.975 64.0 容 0
192.269 192.509 59.0 易 0
192.509 192.75 59.0 我 0
192.75 193.11 67.0 们 0
193.11 193.471 67.0 身 0
193.471 194.192 66.0 不 0
194.192 194.673 60.0 - 0
194.673 196.116 59.0 由 0
198.152 198.392 59.0 己 0
198.392 198.633 59.0 我 0
198.633 198.873 61.0 怕 0
198.873 199.114 64.0 时 0
199.114 199.354 61.0 间 0
199.354 199.835 64.0 太 0
200.014 200.255 59.0 快 0
200.255 200.495 59.0 不 0
200.495 200.856 67.0 够 0
200.856 201.217 67.0 将 0
201.217 201.457 66.0 你 0
201.457 201.938 66.0 看 0
201.938 202.179 64.0 仔 0
202.179 204.583 68.0 细 0
205.824 206.064 59.0 我 0
206.064 206.305 59.0 怕 0
206.305 206.545 61.0 时 0
206.545 206.785 64.0 间 0
206.785 207.026 61.0 太 0
207.026 207.505 64.0 慢 0
207.627 207.868 59.0 日 0
207.868 208.108 59.0 - 0
208.108 208.469 67.0 夜 0
208.469 208.713 66.0 担 0
208.713 209.07 66.0 心 0
209.074 209.551 66.0 - 0
209.551 210.032 64.0 失 0
210.032 210.513 68.0 去 0
210.649 211.01 68.0 你 0
211.01 211.611 71.0 恨 0
211.611 211.851 68.0 不 0
211.851 212.332 64.0 得 0
212.332 212.813 64.0 一 0
212.813 213.053 64.0 夜 0
213.053 213.534 64.0 之 0
213.534 214.015 68.0 间 0
214.015 215.338 64.0 白 0
215.338 215.578 61.0 头 0
216.794 217.275 68.0 - 0
217.275 217.515 69.0 永 0
217.515 217.996 68.0 不 0
217.996 219.439 66.0 分 0
219.439 219.679 64.0 离 0
219.815 220.537 64.0 如 0
220.537 220.919 66.0 - 0
220.919 221.603 66.0 果 0
221.74 222.358 68.0 全 0
222.358 222.839 68.0 世 0
222.839 223.32 68.0 界 0
223.32 223.56 68.0 我 0
223.56 223.801 66.0 也 0
223.801 224.041 68.0 可 0
224.041 224.281 68.0 以 0
224.281 224.762 71.0 放 0
224.762 225.243 71.0 弃 0
225.244 225.485 59.0 至 0
225.485 225.725 59.0 少 0
225.725 226.206 68.0 还 0
226.206 226.447 66.0 有 0
226.447 226.928 66.0 你 0
227.168 227.408 66.0 值 0
227.408 227.649 64.0 得 0
227.649 227.889 66.0 我 0
227.889 228.13 66.0 去 0
228.13 228.611 71.0 珍 0
228.611 229.092 71.0 惜 0
229.092 229.332 59.0 而 0
229.332 229.573 59.0 你 0
229.573 230.054 64.0 在 0
230.054 230.294 64.0 这 0
230.294 231.015 64.0 里 0
231.016 231.257 59.0 就 0
231.257 231.497 59.0 - 0
231.497 231.858 67.0 是 0
231.858 232.092 66.0 生 0
232.108 232.459 66.0 命 0
232.459 232.94 66.0 - 0
232.94 233.181 60.0 的 0
233.181 234.383 59.0 奇 0
235.232 235.953 64.0 迹 0
235.953 236.194 66.0 也 0
236.194 236.915 66.0 - 0
237.035 237.636 68.0 许 0
237.636 238.117 68.0 全 0
238.117 238.598 68.0 世 0
238.598 238.839 68.0 界 0
238.839 239.079 66.0 我 0
239.079 239.32 68.0 也 0
239.32 239.56 68.0 可 0
239.56 240.041 71.0 以 0
240.041 240.522 71.0 忘 0
240.615 240.855 59.0 记 0
240.855 241.096 59.0 只 0
241.096 241.577 66.0 是 0
241.577 241.817 66.0 不 0
241.817 242.539 66.0 愿 0
242.539 242.779 66.0 意 0
242.779 243.019 64.0 失 0
243.019 243.26 66.0 去 0
243.26 243.5 66.0 你 0
243.5 243.981 71.0 的 0
243.981 244.462 71.0 消 0
244.472 244.713 59.0 息 0
244.713 244.947 59.0 你 0
244.947 245.434 64.0 掌 0
245.434 245.675 64.0 心 0
245.675 246.155 64.0 的 0
246.296 246.536 59.0 痣 0
246.536 246.777 59.0 我 0
246.777 247.017 68.0 总 0
247.017 247.256 66.0 记 0
247.256 247.739 66.0 得 0
247.739 248.22 64.0 - 0
248.22 248.701 64.0 在 0
248.701 252.548 64.0 哪 0
255.392 255.873 66.0 里 0
255.873 256.114 64.0 在 0
256.114 261.164 68.0 哪 0
