16.256 16.686 59.0 你 0
16.686 17.054 62.0 要 0
17.054 17.474 59.0 旅 0
17.474 18.227 64.0 行 1
18.665 19.129 71.0 我 0
19.129 19.545 69.0 还 0
19.545 19.962 67.0 能 0
19.962 20.379 66.0 不 0
20.796 21.212 62.0 能 0
21.212 22.046 59.0 去 1
22.927 23.344 59.0 你 0
23.344 23.76 62.0 不 0
23.76 24.177 59.0 开 0
24.177 24.814 60.0 心 1
24.904 25.329 64.0 我 0
25.329 25.753 67.0 还 0
25.753 26.178 66.0 是 0
26.178 26.603 64.0 不 0
26.603 27.239 62.0 是 0
27.452 27.853 57.0 原 0
27.853 28.655 59.0 因 1
29.49 29.907 59.0 总 0
29.907 30.324 62.0 不 0
30.324 30.741 59.0 确 0
30.741 31.574 64.0 定 1
32.074 32.49 71.0 我 0
32.49 32.908 69.0 还 0
32.908 33.326 67.0 能 0
33.326 33.744 66.0 够 0
33.744 34.163 62.0 靠 0
34.163 34.999 71.0 你 0
34.999 35.417 69.0 多 0
35.417 35.835 67.0 - 0
35.835 36.251 67.0 近 1
36.618 37.035 62.0 两 0
37.035 37.452 59.0 个 0
37.452 38.285 60.0 人 1
39.586 40.003 62.0 翻 0
40.003 40.838 62.0 来 0
40.838 41.255 59.0 覆 0
41.255 42.09 60.0 去 1
42.964 43.381 59.0 你 0
43.381 43.798 62.0 的 0
43.798 44.216 59.0 简 0
44.216 45.049 64.0 讯 1
45.37 45.786 71.0 是 0
45.786 46.203 69.0 一 0
46.203 46.62 67.0 般 0
46.62 47.453 66.0 的 0
47.453 47.87 62.0 语 0
47.87 48.703 59.0 气 1
49.652 50.068 59.0 你 0
50.068 50.485 62.0 的 0
50.485 50.902 59.0 关 0
50.902 51.527 60.0 心 1
51.681 52.098 64.0 都 0
52.098 52.515 67.0 有 0
52.515 52.931 66.0 些 0
52.931 53.348 64.0 小 0
53.348 54.181 62.0 心 0
54.181 54.598 57.0 翼 0
54.598 55.431 59.0 翼 1
56.217 56.634 59.0 还 0
56.634 57.259 62.0 爱 0
57.259 57.467 59.0 着 0
57.467 58.3 64.0 你 1
58.644 59.061 71.0 我 0
59.061 59.477 69.0 要 0
59.477 59.894 67.0 怎 0
59.894 60.311 66.0 么 0
60.311 60.728 62.0 才 0
60.728 61.561 71.0 能 0
61.561 61.978 69.0 适 0
61.978 62.394 67.0 - 0
62.394 62.811 67.0 应 1
63.399 63.815 62.0 两 0
63.815 64.232 59.0 个 0
64.232 65.065 60.0 人 0
65.482 65.899 59.0 只 0
65.899 66.316 69.0 剩 0
66.316 66.732 67.0 朋 0
66.732 67.357 66.0 友 0
67.566 68.191 64.0 关 0
68.191 70.176 66.0 系 1
71.397 71.814 71.0 就 0
71.814 72.232 71.0 让 0
72.232 72.649 72.0 我 0
72.649 73.066 71.0 一 0
73.066 73.484 69.0 个 0
73.484 73.901 67.0 人 0
73.901 74.318 66.0 失 0
74.318 75.982 67.0 忆 1
78.049 78.465 67.0 消 0
78.465 78.881 67.0 失 0
78.881 79.297 69.0 在 0
79.297 79.712 66.0 你 0
79.712 80.128 64.0 的 0
80.128 80.96 62.0 世 0
80.96 81.377 57.0 界 0
81.377 82.629 59.0 里 1
84.69 85.107 71.0 就 0
85.107 85.525 71.0 当 0
85.525 85.942 72.0 我 0
85.942 86.359 71.0 任 0
86.359 86.568 69.0 - 0
86.568 87.403 69.0 性 1
88.04 88.454 67.0 不 0
88.454 88.869 69.0 懂 0
88.869 89.284 71.0 体 0
89.284 89.698 67.0 谅 0
89.698 89.906 64.0 - 0
89.906 90.735 64.0 你 1
91.365 91.782 60.0 让 0
91.782 92.199 64.0 我 1
92.578 92.787 67.0 躲 0
92.787 93.204 71.0 在 0
93.204 93.413 67.0 角 0
93.413 93.622 64.0 落 1
93.622 94.039 71.0 安 0
94.039 94.248 67.0 静 0
94.248 94.457 64.0 的 0
94.457 94.87 67.0 放 0
94.87 95.284 67.0 空 0
95.284 95.697 67.0 着 0
95.697 96.111 69.0 呼 0
96.111 96.603 69.0 吸 1
96.926 97.418 64.0 就 0
97.418 97.91 62.0 算 1
98.389 98.802 71.0 我 0
98.802 99.215 71.0 知 0
99.215 99.628 72.0 道 0
99.628 100.041 71.0 你 0
100.041 100.454 69.0 也 0
100.454 100.867 67.0 不 0
100.867 101.692 66.0 愿 0
101.692 103.743 67.0 意 1
104.965 105.374 67.0 消 0
105.374 105.783 67.0 失 0
105.783 106.191 69.0 在 0
106.191 106.603 66.0 我 0
106.603 107.015 64.0 的 0
107.015 107.427 62.0 世 0
107.427 108.251 64.0 界 0
108.251 109.487 59.0 里 1
111.539 111.95 71.0 可 0
111.95 112.361 71.0 是 0
112.361 112.772 72.0 我 0
112.772 113.182 71.0 不 0
113.182 113.388 69.0 - 0
113.388 114.415 69.0 能 0
114.825 115.236 67.0 再 0
115.236 115.646 69.0 自 0
115.646 116.057 71.0 然 0
116.057 116.467 67.0 看 0
116.467 116.673 64.0 - 0
116.673 117.699 64.0 你 1
118.177 118.589 60.0 装 0
118.589 119.0 64.0 做 1
119.239 119.445 67.0 两 0
119.445 119.856 71.0 个 0
119.856 120.062 67.0 人 0
120.062 120.267 64.0 什 0
120.267 120.473 71.0 么 0
120.473 120.884 67.0 都 0
120.884 121.09 64.0 没 0
121.09 121.499 67.0 有 0
121.499 121.909 67.0 发 0
121.909 122.318 67.0 生 1
122.559 122.969 67.0 一 0
122.969 123.378 67.0 个 0
123.378 124.607 67.0 人 0
125.835 126.247 71.0 失 0
126.247 127.482 67.0 忆 1
140.346 140.757 59.0 你 0
140.757 141.159 62.0 的 0
141.159 141.561 59.0 简 0
141.561 142.377 64.0 讯 1
142.791 143.199 71.0 是 0
143.199 143.611 69.0 一 0
143.611 144.024 67.0 般 0
144.024 144.849 66.0 的 0
144.849 145.261 62.0 语 0
145.261 146.086 59.0 气 1
146.946 147.356 59.0 你 0
147.356 147.766 62.0 的 0
147.766 148.176 59.0 关 0
148.176 148.587 60.0 心 1
148.865 149.276 64.0 都 0
149.276 149.687 67.0 有 0
149.687 150.098 66.0 些 0
150.098 150.509 64.0 小 0
150.509 151.126 62.0 心 0
151.332 151.743 64.0 翼 0
151.743 152.566 59.0 翼 1
153.439 153.848 59.0 还 0
153.848 154.462 62.0 爱 0
154.462 154.667 59.0 着 0
154.667 155.49 64.0 你 1
156.017 156.428 71.0 我 0
156.428 156.839 69.0 要 0
156.839 157.25 67.0 怎 0
157.25 157.662 66.0 么 0
157.662 158.073 62.0 才 0
158.073 158.895 71.0 能 0
158.895 159.306 69.0 适 0
159.306 159.718 67.0 - 0
159.718 160.334 67.0 应 1
160.374 160.785 62.0 两 0
160.785 161.196 59.0 个 0
161.196 161.608 60.0 人 0
161.608 162.225 57.0 - 0
162.43 162.841 57.0 只 0
162.841 163.253 69.0 剩 0
163.253 163.664 67.0 朋 0
163.664 164.486 66.0 友 0
164.486 164.897 64.0 关 0
164.897 167.363 66.0 系 1
168.17 168.58 71.0 就 0
168.58 168.991 71.0 让 0
168.991 169.402 72.0 我 0
169.402 169.812 71.0 一 0
169.812 170.223 69.0 个 0
170.223 170.634 67.0 人 0
170.634 171.045 66.0 失 0
171.045 173.098 67.0 忆 1
174.811 175.225 67.0 消 0
175.225 175.639 67.0 失 0
175.639 176.053 69.0 在 0
176.053 176.464 66.0 你 0
176.464 176.876 64.0 的 0
176.876 177.287 62.0 世 0
177.287 177.698 64.0 界 0
177.698 178.109 59.0 - 0
178.109 179.343 59.0 里 1
181.431 181.84 71.0 就 0
181.84 182.249 71.0 当 0
182.249 182.658 72.0 我 0
182.658 183.067 71.0 任 0
183.067 183.272 69.0 - 0
183.272 184.295 69.0 性 1
184.73 185.141 67.0 不 0
185.141 185.553 69.0 懂 0
185.553 185.964 71.0 体 0
185.964 186.375 67.0 谅 0
186.375 186.581 64.0 - 0
186.581 187.609 64.0 你 1
187.991 188.402 60.0 让 0
188.402 188.813 64.0 我 1
188.968 189.174 67.0 躲 0
189.174 189.585 71.0 在 0
189.585 189.79 67.0 角 0
189.79 189.996 64.0 落 1
190.039 190.45 71.0 安 0
190.45 190.656 67.0 静 0
190.656 190.861 64.0 的 0
190.861 191.272 67.0 放 0
191.272 191.477 67.0 空 0
191.477 192.093 67.0 着 0
192.093 192.503 69.0 呼 0
192.503 193.324 69.0 吸 1
194.245 194.656 69.0 放 0
194.656 194.861 69.0 空 0
194.861 195.477 69.0 着 0
195.477 195.887 71.0 呼 0
195.887 197.529 71.0 吸 1
214.255 214.665 71.0 就 0
214.665 215.076 71.0 让 0
215.076 215.486 72.0 我 0
215.486 215.897 71.0 一 0
215.897 216.307 69.0 个 0
216.307 216.718 67.0 人 0
216.718 217.128 66.0 失 0
217.128 217.748 69.0 忆 0
217.748 219.193 67.0 - 1
220.781 221.19 67.0 消 0
221.19 221.599 67.0 失 0
221.599 222.007 69.0 在 0
222.007 222.416 66.0 你 0
222.416 222.825 64.0 的 0
222.825 223.642 62.0 世 0
223.642 224.051 64.0 界 0
224.051 224.256 59.0 - 0
224.256 225.687 59.0 里 1
227.36 227.774 71.0 就 0
227.774 228.187 71.0 当 0
228.187 228.6 72.0 我 0
228.6 229.014 71.0 任 0
229.014 229.22 69.0 - 0
229.22 229.84 69.0 性 0
229.84 230.047 71.0 - 1
230.679 231.09 67.0 不 0
231.09 231.501 69.0 懂 0
231.501 231.912 71.0 体 0
231.912 232.324 67.0 谅 0
232.324 232.529 64.0 - 0
232.529 233.557 64.0 你 1
234.084 234.496 60.0 让 0
234.496 234.908 64.0 我 1
234.961 235.167 67.0 躲 0
235.167 235.58 71.0 在 0
235.58 235.787 67.0 角 0
235.787 235.994 64.0 落 1
236.138 236.551 71.0 安 0
236.551 236.758 67.0 静 0
236.758 236.965 64.0 的 0
236.965 237.375 67.0 放 0
237.375 237.784 67.0 空 0
237.784 238.194 67.0 着 0
238.604 239.218 68.0 呼 0
239.218 239.423 70.0 - 0
239.423 240.242 70.0 吸 1
240.662 241.073 72.0 我 0
241.073 241.484 72.0 知 0
241.484 241.895 73.0 道 0
241.895 242.306 72.0 你 0
242.306 242.717 70.0 也 0
242.717 243.128 68.0 不 0
243.128 243.539 67.0 愿 0
243.539 245.593 68.0 意 1
247.23 247.642 68.0 消 0
247.642 248.053 68.0 失 0
248.053 248.464 70.0 在 0
248.464 248.875 67.0 我 0
248.875 249.286 65.0 的 0
249.286 249.698 63.0 世 0
249.698 250.109 65.0 界 0
250.109 251.336 60.0 里 1
253.699 254.111 72.0 可 0
254.111 254.523 72.0 是 0
254.523 254.935 73.0 我 0
254.935 255.348 72.0 不 0
255.348 255.554 70.0 - 0
255.554 256.172 70.0 能 0
256.172 256.687 67.0 - 1
256.997 257.412 67.0 再 0
257.412 257.827 70.0 自 0
257.827 258.243 72.0 然 0
258.243 258.652 68.0 看 0
258.652 258.856 65.0 - 0
258.856 259.878 65.0 你 1
260.427 260.837 61.0 装 0
260.837 261.247 65.0 做 1
261.344 261.549 68.0 两 0
261.549 261.959 72.0 个 0
261.959 262.164 68.0 人 0
262.164 262.369 65.0 什 0
262.369 262.779 72.0 么 0
262.779 262.984 68.0 都 0
262.984 263.189 65.0 没 0
263.189 263.6 68.0 有 0
263.6 264.01 68.0 发 0
264.01 264.42 68.0 生 1
264.896 265.307 68.0 一 0
265.307 265.718 68.0 个 0
265.718 266.541 68.0 人 0
266.541 267.363 63.0 - 0
268.185 268.802 72.0 失 0
268.802 270.242 68.0 忆 1
