21.15 21.442 52.0 一 0
21.442 22.042 52.0 场 0
22.042 22.642 52.0 雨 0
22.642 23.242 52.0 把 0
23.242 23.542 54.0 我 0
23.542 23.842 57.0 困 0
23.842 24.142 57.0 在 0
24.142 24.442 56.0 这 0
24.442 25.042 57.0 里 1
25.084 25.384 57.0 你 0
25.384 25.684 57.0 冷 0
25.684 25.984 59.0 漠 0
25.984 26.284 61.0 的 0
26.284 26.884 59.0 表 0
26.884 27.484 57.0 情 0
27.484 27.784 57.0 会 0
27.784 28.084 57.0 让 0
28.084 28.384 57.0 我 0
28.384 28.684 52.0 伤 0
28.684 29.284 54.0 - 0
29.284 29.884 52.0 心 1
29.897 30.197 54.0 六 0
30.197 30.497 54.0 月 0
30.497 30.797 49.0 的 0
30.797 31.997 52.0 雨 0
32.297 32.597 52.0 就 0
32.597 32.897 52.0 是 0
32.897 33.197 54.0 无 0
33.197 33.497 57.0 情 0
33.497 34.097 56.0 的 0
34.097 34.697 57.0 你 1
34.699 34.999 57.0 伴 0
34.999 35.299 57.0 随 0
35.299 35.599 59.0 着 0
35.599 35.899 61.0 点 0
35.899 36.199 59.0 点 0
36.199 36.499 59.0 滴 0
36.499 37.099 57.0 滴 1
37.104 37.404 57.0 痛 0
37.404 37.704 57.0 击 0
37.704 38.004 57.0 我 0
38.004 38.904 57.0 心 0
38.904 39.204 59.0 里 1
39.207 39.507 57.0 wo 0
39.507 39.807 56.0 - 0
39.807 40.107 54.0 我 0
40.107 40.407 56.0 不 0
40.407 40.707 54.0 相 0
40.707 41.607 52.0 信 0
41.907 42.207 52.0 你 0
42.207 42.507 52.0 不 0
42.507 42.807 54.0 是 0
42.807 43.107 57.0 故 0
43.107 43.707 57.0 意 0
43.707 44.307 57.0 的 1
44.307 44.607 57.0 却 0
44.607 44.907 59.0 为 0
44.907 45.207 61.0 何 0
45.207 46.107 59.0 把 0
46.107 46.707 57.0 我 0
46.707 47.007 57.0 丢 0
47.007 47.307 57.0 弃 0
47.307 47.607 57.0 在 0
47.607 48.207 57.0 风 0
48.207 48.507 57.0 雨 0
48.507 48.807 59.0 里 1
48.807 49.107 57.0 wo 0
49.107 49.407 56.0 - 0
49.407 49.707 54.0 我 0
49.707 50.007 56.0 不 0
50.007 50.307 52.0 忍 0
50.307 51.207 52.0 心 0
51.507 51.807 52.0 也 0
51.807 52.107 52.0 不 0
52.107 52.407 54.0 想 0
52.407 52.707 57.0 背 0
52.707 53.307 56.0 叛 0
53.307 53.907 57.0 你 1
53.908 54.208 57.0 唯 0
54.208 54.508 57.0 有 0
54.508 54.658 59.0 默 0
54.658 54.808 61.0 默 0
54.808 55.408 59.0 等 0
55.408 56.008 57.0 你 0
56.308 56.608 57.0 回 0
56.608 56.908 57.0 心 0
56.908 57.208 57.0 转 0
57.208 59.008 59.0 意 0
59.008 60.808 64.0 - 1
60.808 61.108 62.0 我 0
61.108 61.408 61.0 没 0
61.408 61.708 59.0 有 0
61.708 62.008 57.0 放 0
62.008 62.908 57.0 弃 1
62.908 63.208 52.0 也 0
63.208 63.508 62.0 不 0
63.508 63.808 61.0 会 0
63.808 64.108 59.0 离 0
64.108 64.408 57.0 你 0
64.408 65.308 59.0 而 0
65.308 65.608 61.0 去 1
65.608 65.908 61.0 那 0
65.908 66.208 62.0 怕 0
66.208 66.508 61.0 要 0
66.508 66.808 59.0 分 0
66.808 67.108 57.0 - 0
67.108 68.008 57.0 开 0
68.008 68.308 62.0 我 0
68.308 68.608 61.0 依 0
68.608 68.908 59.0 然 0
68.908 69.208 57.0 等 0
69.208 70.408 59.0 你 1
70.408 70.708 62.0 我 0
70.708 71.008 61.0 全 0
71.008 71.308 59.0 心 0
71.308 71.608 57.0 全 0
71.608 72.808 57.0 意 0
72.808 73.108 62.0 等 0
73.108 73.408 61.0 你 0
73.408 73.708 59.0 的 0
73.708 74.008 57.0 消 0
74.008 75.208 61.0 息 1
75.208 75.508 61.0 总 0
75.508 75.808 62.0 会 0
75.808 76.108 61.0 有 0
76.108 76.408 59.0 一 0
76.408 76.708 57.0 - 0
76.708 77.608 57.0 天 1
77.608 77.908 62.0 你 0
77.908 78.208 61.0 会 0
78.208 78.508 59.0 相 0
78.508 78.808 57.0 信 0
78.808 80.008 59.0 我 0
80.308 80.608 52.0 我 0
80.608 80.908 57.0 爱 0
80.908 81.508 57.0 你 1
81.508 81.808 52.0 一 0
81.808 82.108 57.0 场 0
82.108 82.408 57.0 雨 0
82.708 83.008 52.0 想 0
83.008 83.308 57.0 念 0
83.308 83.608 57.0 你 1
83.745 84.045 52.0 在 0
84.045 84.345 57.0 我 0
84.345 84.945 57.0 的 0
84.945 85.245 52.0 心 0
85.245 85.545 57.0 中 0
85.545 85.845 59.0 都 0
85.845 86.145 61.0 不 0
86.145 86.445 62.0 可 0
86.445 86.745 61.0 比 0
86.745 88.093 57.0 拟 0
88.095 89.29 61.0 - 0
89.295 90.195 52.0 - 1
90.919 91.219 52.0 你 0
91.219 91.519 57.0 走 0
91.519 92.119 57.0 了 0
92.119 92.419 52.0 什 0
92.419 92.719 57.0 么 0
92.719 93.319 57.0 都 1
93.414 93.714 52.0 已 0
93.714 94.014 57.0 经 0
94.014 94.314 59.0 消 0
94.314 94.614 61.0 失 0
94.614 94.914 62.0 在 0
94.914 95.214 61.0 风 0
95.214 95.514 59.0 雨 0
95.514 95.814 57.0 - 0
95.814 98.364 57.0 里 1
119.438 119.738 52.0 一 0
119.738 120.338 52.0 场 0
120.338 120.938 52.0 雨 0
120.938 121.538 52.0 把 0
121.538 121.838 54.0 我 0
121.838 122.138 57.0 困 0
122.138 122.438 57.0 在 0
122.438 122.738 56.0 这 0
122.738 123.338 57.0 里 1
123.37 123.67 57.0 你 0
123.67 123.97 57.0 冷 0
123.97 124.27 59.0 漠 0
124.27 124.57 61.0 的 0
124.57 125.17 59.0 表 0
125.17 125.77 57.0 情 0
125.77 126.07 57.0 会 0
126.07 126.37 57.0 让 0
126.37 126.67 57.0 我 0
126.67 126.97 52.0 伤 0
126.97 127.57 54.0 - 0
127.57 128.17 52.0 心 1
128.288 128.588 54.0 六 0
128.588 128.888 54.0 月 0
128.888 129.188 49.0 的 0
129.188 130.388 52.0 雨 0
130.688 130.988 52.0 就 0
130.988 131.288 52.0 是 0
131.288 131.588 54.0 无 0
131.588 131.888 57.0 情 0
131.888 132.488 56.0 的 0
132.488 133.088 57.0 你 1
133.106 133.406 57.0 伴 0
133.406 133.706 57.0 随 0
133.706 134.006 59.0 着 0
134.006 134.306 61.0 点 0
134.306 134.606 59.0 点 0
134.606 134.906 59.0 滴 0
134.906 135.506 57.0 滴 1
135.506 135.806 57.0 痛 0
135.806 136.106 57.0 击 0
136.106 136.406 57.0 我 0
136.406 137.306 57.0 心 0
137.306 137.606 59.0 里 1
137.607 137.907 57.0 wo 0
137.907 138.207 56.0 - 0
138.207 138.507 54.0 我 0
138.507 138.807 56.0 不 0
138.807 139.107 54.0 相 0
139.107 140.007 52.0 信 0
140.307 140.607 52.0 你 0
140.607 140.907 52.0 不 0
140.907 141.207 54.0 是 0
141.207 141.507 57.0 故 0
141.507 142.107 57.0 意 0
142.107 142.707 57.0 的 1
142.707 143.007 57.0 却 0
143.007 143.307 59.0 为 0
143.307 143.607 61.0 何 0
143.607 144.507 59.0 把 0
144.507 144.807 57.0 我 0
145.107 145.407 57.0 丢 0
145.407 145.707 57.0 弃 0
145.707 146.007 57.0 在 0
146.007 146.407 57.0 风 0
146.407 146.807 61.0 雨 0
146.807 147.207 59.0 里 1
147.207 147.507 57.0 wo 0
147.507 147.807 56.0 - 0
147.807 148.107 54.0 我 0
148.107 148.407 56.0 不 0
148.407 148.707 52.0 忍 0
148.707 149.607 52.0 心 0
149.907 150.207 52.0 也 0
150.207 150.507 52.0 不 0
150.507 150.807 54.0 想 0
150.807 151.107 57.0 背 0
151.107 151.707 56.0 叛 0
151.707 152.007 57.0 你 1
152.288 152.588 57.0 唯 0
152.588 152.888 57.0 有 0
152.888 153.038 59.0 默 0
153.038 153.188 61.0 默 0
153.188 153.488 59.0 等 0
153.488 154.388 57.0 你 0
154.688 154.988 57.0 回 0
154.988 155.288 57.0 心 0
155.288 155.588 57.0 转 0
155.588 157.388 59.0 意 0
157.388 158.588 64.0 - 0
158.588 159.188 61.0 - 1
159.2 159.5 62.0 我 0
159.5 159.8 61.0 没 0
159.8 160.1 59.0 有 0
160.1 160.4 57.0 放 0
160.4 161.3 57.0 弃 1
161.306 161.606 52.0 也 0
161.606 161.906 62.0 不 0
161.906 162.206 61.0 会 0
162.206 162.506 59.0 离 0
162.506 162.806 57.0 你 0
162.806 163.706 59.0 而 0
163.706 164.006 61.0 去 1
164.008 164.308 61.0 那 0
164.308 164.608 62.0 怕 0
164.608 164.908 61.0 要 0
164.908 165.208 59.0 分 0
165.208 165.508 57.0 - 0
165.508 166.408 57.0 开 0
166.408 166.708 62.0 我 0
166.708 167.008 61.0 依 0
167.008 167.308 59.0 然 0
167.308 167.608 57.0 等 0
167.608 168.808 59.0 你 1
168.808 169.108 62.0 我 0
169.108 169.408 61.0 全 0
169.408 169.708 59.0 心 0
169.708 170.008 57.0 全 0
170.008 171.208 57.0 意 0
171.208 171.508 66.0 等 0
171.508 171.763 64.0 你 0
171.808 172.108 61.0 的 0
172.108 172.408 57.0 消 0
172.408 173.608 61.0 息 1
173.608 173.908 61.0 总 0
173.908 174.208 62.0 会 0
174.208 174.508 61.0 有 0
174.508 174.808 59.0 一 0
174.808 175.108 57.0 - 0
175.108 176.008 57.0 天 1
176.008 176.308 62.0 你 0
176.308 176.608 61.0 会 0
176.608 176.908 59.0 相 0
176.908 177.208 57.0 信 0
177.208 178.408 59.0 我 0
178.708 179.008 57.0 我 0
179.008 179.308 57.0 爱 0
179.308 179.908 64.0 你 1
179.908 180.208 52.0 一 0
180.208 180.508 57.0 场 0
180.508 180.808 57.0 雨 0
181.108 181.408 52.0 想 0
181.408 181.708 57.0 念 0
181.708 182.158 57.0 你 1
182.159 182.459 52.0 在 0
182.459 182.759 57.0 我 0
182.759 183.359 57.0 的 0
183.359 183.659 52.0 心 0
183.659 183.959 57.0 中 0
183.959 184.259 59.0 都 0
184.259 184.559 61.0 不 0
184.559 184.859 62.0 可 0
184.859 185.159 61.0 比 0
185.159 186.507 57.0 拟 0
186.509 187.704 61.0 - 0
187.709 188.589 52.0 - 1
189.309 189.609 52.0 你 0
189.609 189.909 57.0 走 0
189.909 190.509 57.0 了 0
190.509 190.809 52.0 什 0
190.809 191.109 57.0 么 0
191.109 191.709 57.0 都 1
191.865 192.165 52.0 已 0
192.165 192.465 57.0 经 0
192.465 192.765 59.0 消 0
192.765 193.065 61.0 失 0
193.065 193.365 62.0 在 0
193.365 193.665 61.0 风 0
193.665 193.965 59.0 雨 0
193.965 194.265 57.0 - 0
194.265 196.365 57.0 里 1
