21.824 22.07 64.0 信 0
22.074 22.32 64.0 - 0
22.324 22.57 64.0 箱 0
22.574 22.82 64.0 出 0
22.824 23.07 64.0 现 0
23.074 23.32 64.0 一 0
23.324 23.57 59.0 张 0
23.574 23.82 66.0 美 0
23.824 24.07 66.0 丽 0
24.074 24.32 66.0 的 0
24.324 24.57 64.0 明 0
24.574 25.57 68.0 信 1
25.833 26.079 64.0 翠 0
26.083 26.329 64.0 绿 0
26.333 26.579 64.0 的 0
26.583 26.829 64.0 山 0
26.833 27.079 59.0 脚 0
27.083 27.329 59.0 木 0
27.333 27.579 59.0 屋 0
27.583 27.829 66.0 袅 0
27.833 28.079 66.0 袅 0
28.083 28.329 61.0 的 0
28.333 29.079 64.0 烟 1
29.193 29.439 66.0 但 0
29.443 29.689 64.0 我 0
29.693 29.939 64.0 惊 0
29.943 30.439 64.0 讶 0
30.443 30.689 64.0 的 0
30.693 30.939 66.0 却 0
30.943 31.189 66.0 是 0
31.193 31.439 64.0 背 0
31.443 31.689 64.0 面 0
31.693 32.189 61.0 - 1
32.612 32.858 61.0 你 0
32.862 33.108 59.0 熟 0
33.112 33.358 61.0 悉 0
33.362 33.608 59.0 的 0
33.612 33.858 66.0 字 0
33.862 34.108 66.0 迹 0
34.112 34.358 66.0 竟 0
34.362 34.608 64.0 已 0
34.612 34.858 66.0 相 0
34.862 35.108 66.0 隔 0
35.112 35.358 64.0 多 0
35.362 35.608 64.0 年 0
35.612 36.108 66.0 - 1
37.797 38.043 64.0 那 0
38.047 38.293 64.0 一 0
38.297 38.543 64.0 句 0
38.547 38.793 64.0 话 0
38.797 39.043 64.0 是 0
39.047 39.293 64.0 你 0
39.297 39.543 59.0 离 0
39.547 39.793 66.0 开 0
39.797 40.043 66.0 的 0
40.047 40.293 66.0 玩 0
40.297 40.543 64.0 笑 0
40.547 41.543 68.0 话 1
41.913 42.159 64.0 搁 0
42.163 42.409 64.0 在 0
42.413 42.659 64.0 我 0
42.663 42.909 64.0 心 0
42.913 43.159 59.0 里 0
43.163 43.409 59.0 灰 0
43.413 43.659 59.0 尘 0
43.663 43.909 66.0 堆 0
43.913 44.159 66.0 成 0
44.163 44.409 61.0 了 0
44.413 45.159 64.0 塔 1
45.173 45.419 64.0 你 0
45.423 45.669 64.0 就 0
45.673 45.919 64.0 这 0
45.923 46.419 64.0 样 0
46.423 46.669 64.0 的 0
46.673 46.919 66.0 拨 0
46.923 47.169 66.0 开 0
47.173 47.419 64.0 了 0
47.423 47.669 64.0 它 0
47.673 48.169 61.0 - 1
48.54 48.786 61.0 在 0
48.79 49.036 59.0 - 0
49.04 49.286 61.0 信 0
49.29 49.536 59.0 箱 0
49.54 49.786 66.0 前 0
49.79 50.036 66.0 我 0
50.04 50.286 66.0 依 0
50.29 50.536 64.0 旧 0
50.54 50.786 64.0 是 0
50.79 51.036 61.0 那 0
51.04 51.286 66.0 个 0
51.29 51.786 66.0 木 0
51.79 52.536 61.0 偶 1
53.502 53.998 68.0 线 0
54.002 54.248 66.0 - 0
54.252 54.498 66.0 等 0
54.502 54.998 64.0 着 0
55.002 55.248 61.0 你 0
55.252 57.498 64.0 来 1
59.179 59.425 68.0 你 0
59.429 59.675 71.0 说 0
59.679 60.175 71.0 下 0
60.179 60.425 71.0 辈 0
60.429 60.675 71.0 子 0
60.679 60.925 71.0 如 0
60.929 61.175 68.0 果 0
61.179 61.425 68.0 我 0
61.429 61.675 68.0 还 0
61.679 61.925 66.0 记 0
61.929 62.425 71.0 得 0
62.429 63.175 68.0 你 1
63.183 63.429 68.0 我 0
63.433 63.679 71.0 们 0
63.683 64.179 71.0 死 0
64.183 64.429 71.0 也 0
64.433 64.679 71.0 要 0
64.683 65.179 68.0 在 0
65.183 65.679 71.0 一 0
65.683 66.679 68.0 起 1
67.08 67.326 66.0 像 0
67.33 67.576 66.0 是 0
67.58 68.076 66.0 陷 0
68.08 68.576 66.0 入 0
68.58 68.83 64.0 催 0
68.83 69.326 64.0 眠 0
69.33 69.576 61.0 的 0
69.58 69.83 61.0 距 0
69.83 70.076 64.0 - 0
70.08 70.326 61.0 - 0
70.33 71.076 61.0 离 1
71.079 71.325 61.0 我 0
71.329 71.575 59.0 - 0
71.579 71.825 66.0 已 0
71.829 72.325 68.0 开 0
72.329 72.575 66.0 - 0
72.579 72.825 64.0 始 0
72.829 73.075 61.0 昏 0
73.079 73.329 68.0 迷 0
73.329 74.575 66.0 不 1
75.097 75.343 68.0 好 0
75.347 75.593 71.0 - 0
75.597 76.093 71.0 吧 0
76.097 76.343 71.0 下 0
76.347 76.593 71.0 辈 0
76.597 76.843 71.0 子 0
76.847 77.093 68.0 如 0
77.097 77.343 71.0 果 0
77.347 77.593 68.0 我 0
77.597 77.843 66.0 还 0
77.847 78.343 68.0 记 0
78.347 79.093 68.0 得 0
79.124 79.37 68.0 你 1
79.374 79.62 71.0 你 0
79.624 80.12 73.0 的 0
80.124 80.37 71.0 誓 0
80.374 80.62 71.0 言 0
80.624 80.87 68.0 可 0
80.874 81.37 68.0 别 0
81.374 82.62 68.0 忘 1
83.115 83.361 68.0 不 0
83.365 83.611 66.0 过 0
83.615 84.111 66.0 一 0
84.115 84.611 66.0 张 0
84.615 84.861 66.0 明 0
84.865 85.361 64.0 信 0
85.365 85.611 61.0 片 0
85.615 85.861 63.0 而 0
85.865 86.111 64.0 - 0
86.115 86.361 61.0 - 0
86.365 87.111 61.0 已 1
87.12 87.366 61.0 我 0
87.37 87.616 59.0 已 0
87.62 87.866 66.0 随 0
87.87 88.366 68.0 - 0
88.37 88.616 66.0 它 0
88.62 88.87 64.0 走 0
88.87 89.616 61.0 入 0
89.62 89.866 66.0 下 0
89.87 90.366 68.0 - 0
90.37 90.616 66.0 个 0
90.62 91.116 64.0 轮 0
91.12 91.366 61.0 回 0
91.37 93.616 64.0 里 1
95.884 96.13 64.0 那 0
96.134 96.38 64.0 一 0
96.384 96.63 64.0 句 0
96.634 96.88 64.0 话 0
96.884 97.13 64.0 是 0
97.134 97.38 64.0 你 0
97.384 97.63 59.0 离 0
97.634 97.88 66.0 开 0
97.884 98.13 66.0 的 0
98.134 98.38 66.0 玩 0
98.384 98.63 64.0 笑 0
98.634 99.63 68.0 话 1
99.938 100.184 64.0 搁 0
100.188 100.434 64.0 在 0
100.438 100.684 64.0 我 0
100.688 100.934 64.0 心 0
100.938 101.184 59.0 里 0
101.188 101.434 59.0 灰 0
101.438 101.684 59.0 尘 0
101.688 101.934 66.0 堆 0
101.938 102.184 66.0 成 0
102.188 102.434 61.0 了 0
102.438 103.184 64.0 塔 1
103.192 103.438 66.0 你 0
103.442 103.688 64.0 就 0
103.692 103.938 64.0 这 0
103.942 104.438 64.0 样 0
104.442 104.688 64.0 的 0
104.692 104.938 66.0 拨 0
104.942 105.188 66.0 开 0
105.192 105.438 64.0 了 0
105.442 105.688 64.0 它 0
105.692 106.188 61.0 - 1
106.602 106.848 61.0 在 0
106.852 107.098 59.0 - 0
107.102 107.348 61.0 信 0
107.352 107.598 59.0 箱 0
107.602 107.848 66.0 前 0
107.852 108.098 66.0 我 0
108.102 108.348 66.0 依 0
108.352 108.598 64.0 旧 0
108.602 108.848 64.0 是 0
108.852 109.098 61.0 那 0
109.102 109.348 66.0 个 0
109.352 109.848 66.0 木 0
109.852 110.598 61.0 偶 1
111.521 112.017 68.0 线 0
112.021 112.267 66.0 - 0
112.271 112.517 66.0 等 0
112.521 113.017 64.0 着 0
113.021 113.267 61.0 你 0
113.271 115.517 64.0 来 1
117.129 117.375 68.0 你 0
117.379 117.625 71.0 说 0
117.629 118.125 71.0 下 0
118.129 118.375 71.0 辈 0
118.379 118.625 71.0 子 0
118.629 118.875 71.0 如 0
118.879 119.125 68.0 果 0
119.129 119.375 68.0 我 0
119.379 119.625 68.0 还 0
119.629 119.875 66.0 记 0
119.879 120.375 70.0 得 0
120.379 121.125 68.0 你 1
121.166 121.412 68.0 我 0
121.416 121.662 71.0 们 0
121.666 122.162 71.0 死 0
122.166 122.412 71.0 也 0
122.416 122.662 71.0 要 0
122.666 123.162 68.0 在 0
123.166 123.662 71.0 一 0
123.666 124.662 68.0 起 1
125.083 125.329 66.0 像 0
125.333 125.579 66.0 是 0
125.583 126.079 66.0 陷 0
126.083 126.579 66.0 入 0
126.583 126.833 64.0 催 0
126.833 127.329 64.0 眠 0
127.333 127.579 61.0 的 0
127.583 128.079 64.0 距 0
128.083 128.329 61.0 - 0
128.333 129.079 61.0 离 1
129.121 129.367 61.0 我 0
129.371 129.617 59.0 已 0
129.621 129.867 66.0 开 0
129.871 130.367 68.0 - 0
130.371 130.617 66.0 始 0
130.621 130.867 64.0 昏 0
130.871 131.117 61.0 迷 0
131.121 131.371 68.0 不 0
131.371 131.871 66.0 醒 0
131.871 132.617 66.0 - 1
133.053 133.299 68.0 好 0
133.303 133.549 71.0 吧 0
133.553 134.049 71.0 下 0
134.053 134.299 71.0 辈 0
134.303 134.549 71.0 子 0
134.553 134.799 71.0 如 0
134.803 135.049 68.0 果 0
135.053 135.299 68.0 我 0
135.303 135.549 68.0 还 0
135.553 135.799 66.0 记 0
135.803 136.299 68.0 得 0
136.303 137.049 68.0 你 1
137.057 137.303 68.0 你 0
137.307 137.553 71.0 的 0
137.557 138.053 71.0 誓 0
138.057 138.303 71.0 言 0
138.307 138.553 71.0 可 0
138.557 138.803 68.0 别 0
138.807 139.303 71.0 忘 0
139.307 140.553 68.0 记 1
141.143 141.389 68.0 不 0
141.393 141.639 66.0 过 0
141.643 142.139 66.0 一 0
142.143 142.639 66.0 张 0
142.643 142.889 66.0 明 0
142.893 143.389 64.0 信 0
143.393 143.639 61.0 片 0
143.643 143.889 63.0 而 0
143.893 144.139 64.0 - 0
144.143 144.389 61.0 - 0
144.393 145.139 61.0 已 1
145.146 145.392 61.0 我 0
145.396 145.642 59.0 已 0
145.646 146.142 66.0 随 0
146.146 146.642 66.0 它 0
146.646 146.892 64.0 走 0
146.896 147.642 61.0 入 0
147.646 147.892 66.0 下 0
147.896 148.392 68.0 - 0
148.396 148.642 66.0 个 0
148.646 149.142 64.0 轮 0
149.146 149.392 61.0 回 0
149.396 151.642 64.0 里 1
153.526 154.022 68.0 迷 0
154.026 154.522 68.0 - 0
154.526 155.022 66.0 失 0
155.026 155.272 64.0 在 0
155.276 155.522 68.0 我 0
155.526 156.022 69.0 模 0
156.026 156.272 68.0 - 0
156.276 156.522 68.0 糊 0
156.526 156.772 66.0 的 0
156.776 157.022 66.0 空 0
157.026 157.522 68.0 气 0
157.526 159.522 64.0 - 1
160.921 161.167 66.0 我 0
161.171 161.417 68.0 在 0
161.421 161.667 64.0 你 0
161.671 162.167 68.0 字 0
162.171 162.667 68.0 里 0
162.671 163.167 66.0 行 0
163.171 163.417 64.0 间 0
163.421 163.667 68.0 寻 0
163.671 164.167 69.0 - 0
164.171 164.667 68.0 找 1
164.675 164.921 66.0 一 0
164.925 165.421 68.0 线 0
165.675 167.671 69.0 生 0
167.675 169.671 71.0 机 1
171.13 171.376 68.0 你 0
171.38 171.626 71.0 - 0
171.63 172.126 71.0 说 0
172.13 172.376 71.0 下 0
172.38 172.626 71.0 辈 0
172.63 172.876 71.0 子 0
172.88 173.126 68.0 如 0
173.13 173.376 68.0 果 0
173.38 173.626 68.0 我 0
173.63 173.876 66.0 还 0
173.88 174.376 70.0 记 0
174.38 175.126 68.0 得 0
175.164 175.41 68.0 你 1
175.414 175.66 71.0 我 0
175.664 176.16 73.0 们 0
176.164 176.41 71.0 死 0
176.414 176.66 71.0 也 0
176.664 176.91 68.0 要 0
176.914 177.41 71.0 在 0
177.414 177.91 66.0 一 0
177.914 178.41 66.0 起 0
178.414 178.66 68.0 - 1
179.101 179.347 66.0 像 0
179.351 179.597 66.0 是 0
179.601 180.097 66.0 陷 0
180.101 180.597 66.0 入 0
180.601 180.847 66.0 催 0
180.851 181.347 64.0 眠 0
181.351 181.597 61.0 的 0
181.601 181.847 63.0 距 0
181.851 182.097 64.0 - 0
182.101 182.347 61.0 - 0
182.351 183.097 61.0 离 1
183.143 183.389 61.0 我 0
183.393 183.639 59.0 已 0
183.643 183.889 66.0 开 0
183.893 184.389 68.0 - 0
184.393 184.639 66.0 始 0
184.643 184.889 64.0 昏 0
184.893 185.139 61.0 迷 0
185.143 185.389 68.0 不 0
185.393 185.889 66.0 醒 0
185.893 186.639 66.0 - 1
187.184 187.43 68.0 好 0
187.434 187.68 71.0 吧 0
187.684 188.18 71.0 下 0
188.184 188.43 71.0 辈 0
188.434 188.68 71.0 子 0
188.684 188.93 71.0 如 0
188.934 189.18 68.0 果 0
189.184 189.43 68.0 我 0
189.434 189.68 68.0 还 0
189.684 189.93 66.0 记 0
189.934 190.43 71.0 得 0
190.434 191.18 68.0 你 1
191.19 191.436 68.0 你 0
191.44 191.686 71.0 的 0
191.69 192.186 71.0 誓 0
192.19 192.436 71.0 言 0
192.44 192.686 71.0 可 0
192.69 192.936 68.0 别 0
192.94 193.436 68.0 忘 0
193.44 194.686 68.0 记 1
195.001 195.247 68.0 不 0
195.251 195.497 66.0 - 0
195.501 195.997 66.0 过 0
196.001 196.497 66.0 一 0
196.501 196.747 66.0 张 0
196.751 197.247 64.0 明 0
197.251 197.497 61.0 信 0
197.501 197.747 63.0 片 0
197.751 197.997 64.0 而 0
198.001 198.247 61.0 - 0
198.251 198.997 61.0 - 0
199.115 199.361 61.0 已 1
199.365 199.611 59.0 我 0
199.615 200.111 66.0 已 0
200.115 200.611 66.0 随 0
200.615 200.861 64.0 它 0
200.865 201.611 61.0 走 0
201.615 201.861 66.0 入 0
201.865 202.361 68.0 下 0
202.365 202.611 66.0 - 0
202.615 203.111 64.0 个 0
203.115 203.361 61.0 轮 0
203.365 205.611 64.0 回 0
