16.633 17.087 62.0 我 0
17.556 17.895 62.0 为 0
18.018 18.356 62.0 你 0
18.479 18.818 61.0 描 0
18.941 19.279 61.0 绘 0
19.402 19.972 66.0 过 0
20.325 21.01 59.0 美 0
21.249 21.593 57.0 丽 0
21.71 22.164 59.0 颜 0
22.172 23.549 54.0 容 1
24.004 24.458 55.0 从 0
24.927 25.381 55.0 不 0
25.388 25.842 55.0 管 0
25.85 26.304 54.0 别 0
26.311 26.765 54.0 人 0
26.773 26.948 57.0 会 0
26.958 27.342 59.0 - 0
27.696 28.15 62.0 怎 0
28.388 28.958 62.0 么 0
29.081 29.535 64.0 看 0
29.542 30.919 61.0 我 1
31.404 32.32 62.0 当 0
32.327 32.666 62.0 泪 0
32.789 33.243 62.0 水 0
33.251 33.589 61.0 慢 0
33.712 34.051 61.0 慢 0
34.174 34.397 64.0 地 0
34.404 34.743 66.0 - 0
35.097 35.324 57.0 落 0
35.327 35.781 59.0 - 0
36.02 36.243 57.0 成 0
36.481 36.935 57.0 琥 0
36.943 38.32 54.0 珀 1
38.896 39.527 55.0 只 0
39.804 40.091 55.0 有 0
40.269 40.593 55.0 你 0
40.727 41.181 54.0 的 0
41.189 41.643 54.0 温 0
41.65 41.873 57.0 暖 0
41.881 42.335 59.0 - 0
42.573 43.027 62.0 才 0
43.035 43.489 64.0 能 0
43.496 43.95 61.0 融 0
43.958 44.412 62.0 化 0
44.419 45.796 59.0 我 1
47.605 47.944 64.0 我 0
48.067 48.409 66.0 只 0
48.528 48.751 66.0 要 0
48.759 48.982 64.0 你 0
48.99 49.328 66.0 多 0
49.451 49.905 71.0 看 0
49.913 50.367 73.0 一 0
50.374 50.828 71.0 眼 0
50.836 51.405 69.0 我 1
51.706 52.16 71.0 再 0
52.168 52.391 71.0 不 0
52.398 52.621 69.0 管 0
52.629 53.083 66.0 对 0
53.091 53.545 64.0 与 0
53.552 54.929 66.0 错 1
55.45 55.789 67.0 你 0
55.912 56.135 67.0 摄 0
56.143 56.366 66.0 取 0
56.373 56.597 67.0 了 0
56.835 57.289 67.0 我 0
57.297 57.75 66.0 的 0
57.758 58.212 64.0 魂 0
58.22 58.789 62.0 魄 1
59.23 59.568 62.0 只 0
59.691 59.914 62.0 留 0
59.922 60.145 59.0 下 0
60.153 60.607 62.0 这 0
60.614 61.068 64.0 躯 0
61.076 62.453 66.0 壳 1
62.459 62.798 64.0 爱 0
62.921 63.263 66.0 就 0
63.383 63.606 66.0 算 0
63.613 63.836 64.0 是 0
63.844 64.183 66.0 天 0
64.306 64.759 74.0 雷 0
64.767 65.221 73.0 和 0
65.229 65.683 69.0 地 0
65.69 66.259 69.0 火 1
66.639 67.093 71.0 我 0
67.101 67.324 71.0 也 0
67.332 67.555 69.0 不 0
67.562 68.016 66.0 会 0
68.024 68.478 64.0 闪 0
68.485 69.862 66.0 躲 1
70.327 70.665 67.0 至 0
70.788 71.011 67.0 少 0
71.019 71.242 66.0 在 0
71.25 71.473 67.0 你 0
71.711 72.165 69.0 的 0
72.173 72.627 66.0 生 0
72.634 73.088 64.0 命 0
73.096 73.665 62.0 中 1
73.862 74.2 62.0 我 0
74.323 74.777 64.0 曾 0
74.785 75.239 61.0 逗 0
75.247 75.7 61.0 留 0
75.708 76.854 59.0 过 1
92.332 92.786 62.0 当 0
93.255 93.593 62.0 时 0
93.716 94.055 62.0 光 0
94.178 94.516 61.0 一 0
94.639 94.978 61.0 点 0
95.101 95.67 66.0 点 0
96.024 96.709 59.0 超 0
96.947 97.17 57.0 越 0
97.409 97.863 59.0 承 0
97.87 99.247 54.0 诺 1
99.728 100.182 55.0 从 0
100.651 101.105 55.0 花 0
101.113 101.567 55.0 开 0
101.575 102.028 54.0 等 0
102.036 102.49 54.0 到 0
102.498 103.067 59.0 那 0
103.428 103.882 62.0 繁 0
103.89 104.344 64.0 华 0
104.351 104.805 61.0 已 0
104.813 105.267 62.0 凋 0
105.275 106.651 59.0 落 1
106.684 107.023 64.0 我 0
107.146 107.488 66.0 只 0
107.607 107.83 66.0 要 0
107.838 108.061 64.0 你 0
108.069 108.407 66.0 多 0
108.53 108.984 71.0 看 0
108.992 109.446 73.0 一 0
109.453 109.907 71.0 眼 0
109.915 110.484 69.0 我 1
110.783 111.237 71.0 再 0
111.245 111.468 71.0 不 0
111.475 111.698 69.0 管 0
111.706 112.16 66.0 对 0
112.168 112.621 64.0 与 0
112.629 114.006 66.0 错 1
114.453 114.792 67.0 你 0
114.915 115.138 67.0 摄 0
115.146 115.369 66.0 取 0
115.376 115.599 67.0 了 0
115.838 116.292 67.0 我 0
116.299 116.753 66.0 的 0
116.761 117.215 64.0 魂 0
117.223 117.792 62.0 魄 1
118.173 118.511 62.0 只 0
118.634 118.857 62.0 留 0
118.865 119.088 59.0 下 0
119.096 119.55 62.0 这 0
119.557 120.011 64.0 躯 0
120.019 121.396 66.0 壳 1
121.507 121.846 64.0 爱 0
121.969 122.311 66.0 就 0
122.43 122.654 66.0 算 0
122.661 122.884 64.0 是 0
122.892 123.23 66.0 天 0
123.354 123.807 74.0 雷 0
123.815 124.269 73.0 和 0
124.277 124.73 71.0 地 0
124.738 125.307 69.0 火 1
125.696 126.15 71.0 我 0
126.158 126.381 71.0 也 0
126.389 126.612 69.0 不 0
126.619 127.073 66.0 会 0
127.081 127.535 64.0 闪 0
127.542 128.919 66.0 躲 1
129.294 129.632 67.0 至 0
129.755 129.978 67.0 少 0
129.986 130.209 66.0 在 0
130.217 130.44 67.0 你 0
130.678 131.132 69.0 的 0
131.14 131.594 66.0 生 0
131.601 132.055 64.0 命 0
132.063 132.632 62.0 中 1
133.044 133.382 62.0 我 0
133.505 133.959 64.0 曾 0
133.967 134.421 61.0 逗 0
134.428 134.882 61.0 留 0
134.89 136.036 59.0 过 1
150.929 151.267 64.0 我 0
151.39 151.733 66.0 只 0
151.852 152.075 66.0 要 0
152.083 152.306 64.0 你 0
152.313 152.652 66.0 多 0
152.775 153.229 71.0 看 0
153.237 153.69 73.0 一 0
153.698 154.152 71.0 眼 0
154.16 154.729 69.0 我 1
155.233 155.687 71.0 再 0
155.694 155.917 71.0 不 0
155.925 156.148 69.0 管 0
156.156 156.61 66.0 对 0
156.617 157.071 64.0 与 0
157.079 158.456 66.0 错 1
158.861 159.199 67.0 你 0
159.323 159.546 67.0 摄 0
159.553 159.776 66.0 取 0
159.784 160.007 67.0 了 0
160.246 160.699 67.0 我 0
160.707 161.161 66.0 的 0
161.169 161.623 62.0 魂 0
161.63 162.199 62.0 魄 1
162.614 162.953 62.0 只 0
163.076 163.299 62.0 留 0
163.307 163.53 59.0 下 0
163.537 163.991 62.0 这 0
163.999 164.453 64.0 躯 0
164.46 165.837 66.0 壳 1
165.864 166.203 64.0 爱 0
166.326 166.668 66.0 就 0
166.787 167.01 66.0 算 0
167.018 167.241 64.0 是 0
167.249 167.587 66.0 天 0
167.71 168.164 74.0 雷 0
168.172 168.626 73.0 和 0
168.633 169.087 71.0 地 0
169.095 169.664 69.0 火 1
169.923 170.377 71.0 我 0
170.384 170.608 71.0 也 0
170.615 170.838 69.0 不 0
170.846 171.3 66.0 会 0
171.308 171.761 64.0 闪 0
171.769 173.146 66.0 躲 1
173.522 173.861 67.0 至 0
173.984 174.207 67.0 少 0
174.215 174.438 66.0 在 0
174.445 174.668 67.0 你 0
174.907 175.361 69.0 的 0
175.368 175.822 66.0 生 0
175.83 176.284 64.0 命 0
176.291 176.861 62.0 中 1
177.283 177.621 62.0 我 0
177.744 178.198 64.0 曾 0
178.206 178.659 61.0 逗 0
178.667 179.121 61.0 留 0
179.129 180.275 59.0 过 1
