32.573 33.181 46.0 只 0
33.181 33.383 49.0 为 0
33.383 33.789 51.0 那 0
33.789 33.991 51.0 次 0
33.991 34.194 51.0 你 0
34.194 34.6 54.0 深 0
34.6 35.005 51.0 情 0
35.005 35.41 49.0 的 0
35.41 35.816 46.0 眼 0
35.816 37.437 51.0 神 1
38.636 38.838 51.0 从 0
38.838 39.041 54.0 此 0
39.041 39.649 56.0 我 0
39.649 39.852 56.0 就 0
39.852 40.46 56.0 为 0
40.46 40.663 54.0 你 0
40.663 41.473 56.0 丢 0
41.473 42.284 61.0 了 0
42.284 44.311 58.0 魂 1
45.448 45.853 58.0 人 0
45.853 46.258 63.0 只 0
46.258 46.664 63.0 为 0
46.664 47.069 61.0 你 0
47.069 47.677 63.0 相 0
47.677 47.88 66.0 - 0
47.88 48.285 63.0 思 0
48.285 48.691 61.0 - 0
48.691 49.096 56.0 心 0
49.096 49.502 56.0 只 0
49.502 49.907 56.0 为 0
49.907 50.312 54.0 你 0
50.312 50.718 58.0 封 0
50.718 51.123 56.0 存 1
51.452 51.654 56.0 好 0
51.654 51.857 58.0 想 0
51.857 52.465 61.0 好 0
52.465 52.668 63.0 想 0
52.668 53.073 61.0 做 0
53.073 53.479 58.0 你 0
53.479 53.884 56.0 今 0
53.884 54.289 58.0 生 0
54.289 54.695 56.0 最 0
54.695 54.898 49.0 爱 0
54.898 55.1 54.0 的 0
55.1 57.127 51.0 人 1
58.525 59.134 46.0 只 0
59.134 59.336 49.0 为 0
59.336 59.742 51.0 那 0
59.742 59.944 51.0 次 0
59.944 60.147 51.0 你 0
60.147 60.553 54.0 优 0
60.553 60.958 51.0 雅 0
60.958 61.363 49.0 的 0
61.363 61.769 46.0 转 0
61.769 63.39 51.0 身 1
64.594 64.796 51.0 从 0
64.796 64.999 54.0 此 0
64.999 65.607 56.0 你 0
65.607 65.81 56.0 就 0
65.81 66.215 56.0 带 0
66.215 66.418 56.0 走 0
66.418 66.621 54.0 了 0
66.621 67.431 56.0 我 0
67.431 68.242 61.0 的 0
68.242 70.269 58.0 心 1
71.463 71.869 58.0 情 0
71.869 72.274 63.0 只 0
72.274 72.68 63.0 为 0
72.68 73.085 61.0 你 0
73.085 73.693 63.0 牵 0
73.693 73.896 66.0 - 0
73.896 74.301 63.0 绊 0
74.301 74.707 61.0 - 0
74.707 75.112 56.0 爱 0
75.112 75.518 56.0 只 0
75.518 75.923 56.0 为 0
75.923 76.328 54.0 你 0
76.328 76.734 58.0 一 0
76.734 77.139 56.0 人 1
77.554 77.756 56.0 多 0
77.756 77.959 58.0 想 0
77.959 78.567 61.0 与 0
78.567 78.77 63.0 你 0
78.77 79.175 61.0 形 0
79.175 79.581 58.0 影 0
79.581 79.986 56.0 不 0
79.986 80.391 58.0 离 0
80.391 80.594 49.0 寸 0
80.594 80.797 49.0 步 0
80.797 81.202 54.0 不 0
81.202 83.229 51.0 分 1
84.407 84.813 58.0 多 0
84.813 85.016 63.0 少 0
85.016 85.218 63.0 个 0
85.218 85.624 63.0 晨 0
85.624 85.826 63.0 曦 0
85.826 86.029 66.0 我 0
86.029 86.434 65.0 苦 0
86.434 86.84 63.0 苦 0
86.84 87.245 63.0 苦 0
87.245 87.448 61.0 苦 0
87.448 87.651 61.0 的 0
87.651 89.678 63.0 盼 1
90.437 90.64 61.0 盼 0
90.64 90.843 63.0 望 0
90.843 91.451 65.0 再 0
91.451 91.654 65.0 次 0
91.654 92.059 65.0 看 0
92.059 92.262 63.0 到 0
92.262 92.465 63.0 你 0
92.465 92.87 61.0 含 0
92.87 93.275 63.0 情 0
93.275 93.681 63.0 的 0
93.681 94.086 56.0 眼 0
94.086 96.113 58.0 神 1
97.289 97.695 58.0 多 0
97.695 98.506 63.0 希 0
98.506 98.911 65.0 望 0
98.911 99.316 63.0 与 0
99.316 99.722 65.0 你 0
99.722 100.127 61.0 牵 0
100.127 100.33 58.0 手 0
100.33 100.533 58.0 这 0
100.533 100.938 56.0 滚 0
100.938 101.749 54.0 滚 0
101.749 102.154 58.0 红 0
102.154 102.56 56.0 尘 1
103.6 103.803 49.0 像 0
103.803 104.411 61.0 霞 0
104.411 104.614 63.0 光 0
104.614 105.019 61.0 万 0
105.019 105.424 58.0 缕 0
105.424 105.83 56.0 温 0
105.83 106.033 56.0 暖 0
106.033 106.235 58.0 我 0
106.235 106.641 56.0 冰 0
106.641 106.843 49.0 冷 0
106.843 107.046 54.0 的 0
107.046 108.668 51.0 心 1
110.366 110.772 58.0 多 0
110.772 110.974 63.0 少 0
110.974 111.177 63.0 个 0
111.177 111.583 63.0 夜 0
111.583 111.785 63.0 晚 0
111.785 111.988 66.0 我 0
111.988 112.393 65.0 痴 0
112.393 112.799 63.0 痴 0
112.799 113.204 63.0 痴 0
113.204 113.407 61.0 痴 0
113.407 113.61 61.0 的 0
113.61 115.637 63.0 等 1
116.362 116.565 61.0 等 0
116.565 116.768 63.0 着 0
116.768 117.376 65.0 你 0
117.376 117.579 65.0 的 0
117.579 117.984 65.0 爱 0
117.984 118.187 63.0 融 0
118.187 118.389 63.0 化 0
118.389 118.795 61.0 孤 0
118.795 119.2 63.0 单 0
119.2 119.606 63.0 的 0
119.606 120.011 56.0 灵 0
120.011 122.038 58.0 魂 1
123.284 123.69 58.0 多 0
123.69 124.095 63.0 想 0
124.095 124.501 63.0 与 0
124.501 124.906 65.0 你 0
124.906 125.311 63.0 牵 0
125.311 125.717 65.0 手 0
125.717 126.122 61.0 月 0
126.122 126.528 58.0 下 0
126.528 126.933 56.0 细 0
126.933 127.744 54.0 数 0
127.744 128.149 58.0 星 0
128.149 128.555 56.0 辰 1
129.337 129.743 51.0 让 0
129.743 130.351 61.0 月 0
130.351 130.554 63.0 亮 0
130.554 130.959 61.0 见 0
130.959 131.162 58.0 证 0
131.162 131.364 58.0 我 0
131.364 131.77 56.0 对 0
131.77 132.175 58.0 你 0
132.175 132.378 49.0 爱 0
132.378 132.581 49.0 有 0
132.581 132.986 54.0 多 0
132.986 134.608 51.0 真 1
162.299 162.907 46.0 只 0
162.907 163.11 49.0 为 0
163.11 163.515 51.0 那 0
163.515 163.718 51.0 次 0
163.718 163.921 51.0 你 0
163.921 164.326 54.0 优 0
164.326 164.732 51.0 雅 0
164.732 165.137 49.0 的 0
165.137 165.542 46.0 转 0
165.542 167.164 51.0 身 1
168.275 168.478 51.0 从 0
168.478 168.681 54.0 此 0
168.681 169.289 56.0 你 0
169.289 169.491 56.0 就 0
169.491 169.897 56.0 带 0
169.897 170.1 56.0 走 0
170.1 170.302 54.0 了 0
170.302 171.113 56.0 我 0
171.113 171.924 61.0 的 0
171.924 173.951 58.0 心 1
175.135 175.541 58.0 情 0
175.541 175.946 63.0 只 0
175.946 176.351 63.0 为 0
176.351 176.757 61.0 你 0
176.757 177.365 63.0 牵 0
177.365 177.568 66.0 - 0
177.568 177.973 63.0 绊 0
177.973 178.378 61.0 - 0
178.378 178.784 56.0 爱 0
178.784 179.189 56.0 只 0
179.189 179.595 56.0 为 0
179.595 180.0 54.0 你 0
180.0 180.405 58.0 一 0
180.405 180.811 56.0 人 1
181.351 181.554 56.0 多 0
181.554 181.757 58.0 想 0
181.757 182.365 61.0 与 0
182.365 182.567 63.0 你 0
182.567 182.973 61.0 形 0
182.973 183.378 58.0 影 0
183.378 183.784 56.0 不 0
183.784 184.189 58.0 离 0
184.189 184.392 49.0 寸 0
184.392 184.594 49.0 步 0
184.594 185.0 54.0 不 0
185.0 187.027 51.0 分 1
188.096 188.501 58.0 多 0
188.501 188.704 63.0 少 0
188.704 188.907 63.0 个 0
188.907 189.312 63.0 晨 0
189.312 189.515 63.0 曦 0
189.515 189.718 66.0 我 0
189.718 190.123 65.0 苦 0
190.123 190.529 63.0 苦 0
190.529 190.934 63.0 苦 0
190.934 191.137 61.0 苦 0
191.137 191.339 61.0 的 0
191.339 193.366 63.0 盼 1
194.222 194.425 61.0 盼 0
194.425 194.628 63.0 望 0
194.628 195.236 65.0 再 0
195.236 195.438 65.0 次 0
195.438 195.844 65.0 看 0
195.844 196.046 63.0 到 0
196.046 196.249 63.0 你 0
196.249 196.655 61.0 含 0
196.655 197.06 63.0 情 0
197.06 197.465 63.0 的 0
197.465 197.871 56.0 眼 0
197.871 199.898 58.0 神 1
201.227 201.632 58.0 多 0
201.632 202.443 63.0 希 0
202.443 202.849 65.0 望 0
202.849 203.254 63.0 与 0
203.254 203.659 65.0 你 0
203.659 204.065 61.0 牵 0
204.065 204.268 58.0 手 0
204.268 204.47 58.0 这 0
204.47 204.876 56.0 滚 0
204.876 205.687 54.0 滚 0
205.687 206.092 58.0 红 0
206.092 206.7 56.0 尘 1
207.419 207.622 49.0 像 0
207.622 208.23 61.0 霞 0
208.23 208.432 63.0 光 0
208.432 208.838 61.0 万 0
208.838 209.243 58.0 缕 0
209.243 209.649 56.0 温 0
209.649 209.851 56.0 暖 0
209.851 210.054 58.0 我 0
210.054 210.459 56.0 冰 0
210.459 210.662 49.0 冷 0
210.662 210.865 54.0 的 0
210.865 212.486 51.0 心 1
214.084 214.489 58.0 多 0
214.489 214.692 63.0 少 0
214.692 214.895 63.0 个 0
214.895 215.3 63.0 夜 0
215.3 215.503 63.0 晚 0
215.503 215.706 66.0 我 0
215.706 216.111 65.0 痴 0
216.111 216.516 63.0 痴 0
216.516 216.922 63.0 痴 0
216.922 217.125 61.0 痴 0
217.125 217.327 61.0 的 0
217.327 219.354 63.0 等 1
220.188 220.391 61.0 等 0
220.391 220.593 63.0 着 0
220.593 221.202 65.0 你 0
221.202 221.404 65.0 的 0
221.404 221.81 65.0 爱 0
221.81 222.012 63.0 融 0
222.012 222.215 63.0 化 0
222.215 222.621 61.0 孤 0
222.621 223.026 63.0 单 0
223.026 223.431 63.0 的 0
223.431 223.837 56.0 灵 0
223.837 225.864 58.0 魂 1
226.999 227.404 58.0 多 0
227.404 227.81 63.0 想 0
227.81 228.215 63.0 与 0
228.215 228.621 65.0 你 0
228.621 229.026 63.0 牵 0
229.026 229.431 65.0 手 0
229.431 229.837 61.0 月 0
229.837 230.242 58.0 下 0
230.242 230.648 56.0 细 0
230.648 231.458 54.0 数 0
231.458 231.864 58.0 星 0
231.864 232.472 56.0 辰 1
233.229 233.634 51.0 让 0
233.634 234.243 61.0 月 0
234.243 234.445 63.0 亮 0
234.445 234.851 61.0 见 0
234.851 235.053 58.0 证 0
235.053 235.256 58.0 我 0
235.256 235.661 56.0 对 0
235.661 236.067 58.0 你 0
236.067 236.27 49.0 爱 0
236.27 236.472 49.0 有 0
236.472 236.878 54.0 多 0
236.878 238.499 51.0 真 1
239.971 240.376 58.0 多 0
240.376 240.782 63.0 想 0
240.782 241.187 63.0 与 0
241.187 241.593 65.0 你 0
241.593 241.998 63.0 牵 0
241.998 242.403 65.0 手 0
242.403 242.809 61.0 月 0
242.809 243.214 58.0 下 0
243.214 243.62 56.0 细 0
243.62 244.43 54.0 数 0
244.43 244.836 58.0 星 0
244.836 245.444 56.0 辰 1
246.212 246.617 51.0 让 0
246.617 247.226 61.0 月 0
247.226 247.428 63.0 亮 0
247.428 247.834 61.0 见 0
247.834 248.036 58.0 证 0
248.036 248.239 58.0 我 0
248.239 248.644 56.0 对 0
248.644 249.05 58.0 你 0
249.05 249.253 49.0 爱 0
249.253 249.455 49.0 有 0
249.455 249.861 54.0 多 0
249.861 251.888 51.0 真 1
253.058 253.463 61.0 把 0
253.463 253.869 61.0 我 0
253.869 254.274 61.0 的 0
254.274 254.68 58.0 爱 0
254.68 255.085 56.0 留 0
255.085 255.49 54.0 在 0
255.896 256.301 49.0 永 0
256.301 258.328 51.0 恒 1
