42.551 42.938 54.0 一 0
42.938 43.324 52.0 段 0
43.324 44.452 54.0 情 0
44.452 44.828 57.0 要 0
44.828 45.204 57.0 埋 0
45.204 45.58 57.0 藏 0
45.58 45.956 54.0 多 0
45.956 46.332 50.0 少 0
46.332 47.849 54.0 年 1
48.595 48.785 52.0 一 0
48.785 48.974 52.0 封 0
48.974 49.354 54.0 - 0
49.354 50.113 52.0 信 0
50.492 50.872 52.0 要 0
50.872 51.251 52.0 迟 0
51.251 51.631 50.0 来 0
51.631 52.011 47.0 多 0
52.011 52.39 47.0 少 0
52.39 53.924 45.0 天 1
54.654 55.038 45.0 两 0
55.038 55.421 47.0 颗 0
55.421 55.803 47.0 心 0
55.803 56.185 50.0 要 1
56.524 56.715 52.0 承 0
56.715 56.905 54.0 受 0
56.905 57.287 54.0 多 0
57.287 57.669 57.0 少 0
58.051 58.242 54.0 痛 0
58.242 58.433 57.0 苦 0
58.433 59.558 59.0 的 0
59.558 59.932 57.0 煎 0
59.932 60.682 54.0 熬 1
61.051 61.239 52.0 才 0
61.239 61.521 54.0 能 0
61.521 62.182 52.0 够 0
62.56 62.938 50.0 彼 0
62.938 63.316 47.0 此 0
63.316 63.694 50.0 完 0
63.694 64.072 54.0 全 0
64.072 64.45 54.0 明 0
64.45 66.371 52.0 了 1
66.897 67.281 54.0 你 0
67.281 67.665 52.0 应 0
67.665 68.597 54.0 该 0
68.784 69.157 57.0 会 0
69.157 69.53 59.0 明 0
69.53 69.902 57.0 白 0
69.902 70.275 54.0 我 0
70.275 70.648 50.0 的 0
70.648 72.165 54.0 爱 1
72.864 73.243 52.0 虽 0
73.243 73.622 52.0 然 0
73.622 74.383 52.0 我 0
74.763 75.144 54.0 从 0
75.144 75.524 52.0 未 0
75.524 75.904 50.0 向 0
75.904 76.284 47.0 你 0
76.284 76.665 47.0 坦 0
76.665 78.189 45.0 白 1
78.968 79.349 45.0 多 0
79.349 79.731 47.0 年 0
79.731 80.107 47.0 以 0
80.107 80.484 50.0 来 1
80.761 80.949 52.0 默 0
80.949 81.138 54.0 默 0
81.138 81.514 54.0 对 0
81.514 82.079 57.0 你 0
82.268 82.456 54.0 深 0
82.456 82.645 57.0 切 0
82.645 83.781 59.0 的 0
83.781 84.16 57.0 关 0
84.16 84.918 54.0 怀 1
85.365 85.555 52.0 为 0
85.555 85.744 54.0 什 0
85.744 86.506 52.0 么 0
86.887 87.268 54.0 你 0
87.268 87.649 57.0 还 0
87.649 88.03 57.0 不 0
88.03 88.411 52.0 能 0
88.411 89.172 50.0 明 0
89.172 90.312 50.0 白 1
90.969 91.159 54.0 不 0
91.159 91.539 54.0 愿 0
91.539 92.107 57.0 放 0
92.107 94.002 59.0 弃 0
94.002 94.191 57.0 你 0
94.191 94.57 59.0 - 0
94.57 94.759 57.0 的 0
94.759 95.136 54.0 - 0
95.136 96.643 54.0 爱 1
97.025 97.402 54.0 这 0
97.402 97.779 54.0 是 0
97.779 98.541 52.0 我 0
98.922 99.304 50.0 长 0
99.304 100.066 47.0 久 0
100.066 100.447 50.0 的 0
100.447 100.828 52.0 期 0
100.828 102.732 54.0 待 1
103.269 103.46 54.0 不 0
103.46 103.84 54.0 能 0
103.84 104.221 57.0 保 0
104.221 106.313 59.0 留 0
106.313 106.503 59.0 你 0
106.503 106.883 62.0 - 0
106.883 107.073 59.0 的 0
107.073 107.454 57.0 - 0
107.454 108.975 57.0 爱 1
109.314 109.694 57.0 那 0
109.694 110.075 59.0 是 0
110.075 110.454 62.0 对 0
110.454 110.832 62.0 她 0
110.832 111.211 62.0 无 0
111.211 111.59 59.0 言 0
111.59 112.347 66.0 的 0
112.347 112.726 64.0 伤 0
112.726 113.294 62.0 - 0
113.294 114.993 64.0 害 1
115.277 115.655 62.0 伤 0
115.655 115.843 62.0 痛 0
115.843 116.222 64.0 的 0
116.222 118.311 66.0 心 0
118.311 118.691 64.0 一 0
118.691 119.071 64.0 片 0
119.071 119.262 62.0 空 0
119.262 119.645 59.0 - 0
119.645 120.986 59.0 白 1
121.35 121.542 59.0 如 0
121.542 121.734 59.0 何 0
121.734 122.117 62.0 - 0
122.117 122.493 59.0 面 0
122.493 123.057 57.0 对 0
123.245 123.621 57.0 那 0
123.621 123.997 57.0 迟 0
123.997 124.373 54.0 来 0
124.373 124.749 52.0 的 0
124.749 125.515 50.0 - 0
125.515 127.854 50.0 爱 1
151.829 152.214 54.0 你 0
152.214 152.598 52.0 应 0
152.598 153.728 54.0 该 0
153.728 154.104 57.0 会 0
154.104 154.481 57.0 明 0
154.481 154.857 57.0 白 0
154.857 155.234 54.0 我 0
155.234 155.61 50.0 的 0
155.61 157.127 54.0 爱 1
157.821 158.2 52.0 虽 0
158.2 158.579 54.0 然 0
158.579 159.719 52.0 我 0
159.719 160.099 52.0 从 0
160.099 160.479 52.0 未 0
160.479 160.859 50.0 向 0
160.859 161.24 47.0 你 0
161.24 161.62 47.0 坦 0
161.62 162.94 45.0 白 1
163.996 164.373 45.0 多 0
164.373 164.751 47.0 年 0
164.751 165.133 47.0 以 0
165.133 165.516 50.0 来 1
165.9 166.091 52.0 默 0
166.091 166.283 54.0 默 0
166.283 166.665 54.0 对 0
166.665 167.239 57.0 你 0
167.43 167.621 54.0 深 0
167.621 167.813 57.0 切 0
167.813 168.956 59.0 的 0
168.956 169.337 57.0 关 0
169.337 170.1 54.0 怀 1
170.386 170.577 52.0 为 0
170.577 170.767 54.0 什 0
170.767 171.523 52.0 么 0
171.901 172.279 54.0 你 0
172.279 172.657 57.0 还 0
172.657 173.035 57.0 不 0
173.035 173.413 52.0 能 0
173.413 174.166 50.0 明 0
174.166 175.293 50.0 白 1
176.108 176.296 54.0 不 0
176.296 176.671 54.0 愿 0
176.671 177.243 57.0 放 0
177.243 178.973 59.0 弃 0
179.165 179.357 57.0 你 0
179.357 179.742 59.0 - 0
179.742 179.934 57.0 的 0
179.934 180.311 54.0 - 0
180.311 181.82 54.0 爱 1
182.272 182.649 57.0 这 0
182.649 183.026 54.0 是 0
183.026 183.782 52.0 我 0
184.16 184.538 50.0 长 0
184.538 185.294 47.0 久 0
185.294 185.672 50.0 的 0
185.672 186.05 52.0 期 0
186.05 187.944 54.0 待 1
188.202 188.392 54.0 不 0
188.392 188.771 54.0 能 0
188.771 189.15 57.0 保 0
189.15 191.238 59.0 留 0
191.238 191.428 59.0 你 0
191.428 191.808 62.0 - 0
191.808 191.998 59.0 的 0
191.998 192.38 57.0 - 0
192.38 193.908 57.0 爱 1
194.388 194.77 57.0 那 0
194.77 195.152 59.0 是 0
195.152 195.531 59.0 对 0
195.531 195.911 62.0 她 0
195.911 196.291 62.0 无 0
196.291 196.671 59.0 言 0
196.671 197.43 66.0 的 0
197.43 197.81 64.0 伤 0
197.81 198.378 62.0 - 0
198.378 200.077 64.0 害 1
200.46 200.837 62.0 伤 0
200.837 201.215 62.0 痛 0
201.215 201.597 64.0 的 0
201.597 203.317 66.0 心 0
203.508 203.89 64.0 一 0
203.89 204.272 64.0 片 0
204.272 204.463 62.0 空 0
204.463 204.845 59.0 - 0
204.845 206.183 59.0 白 1
206.569 206.76 59.0 如 0
206.76 206.951 59.0 何 0
206.951 207.333 62.0 - 0
207.333 207.714 59.0 面 0
207.714 208.284 57.0 对 0
208.475 208.855 57.0 那 0
208.855 209.235 57.0 迟 0
209.235 209.616 54.0 来 0
209.616 209.996 52.0 的 0
209.996 210.749 50.0 - 0
210.749 212.24 50.0 爱 1
212.637 212.823 54.0 不 0
212.823 213.196 54.0 愿 0
213.196 213.766 57.0 放 0
213.766 215.495 59.0 弃 0
215.687 215.879 57.0 你 0
215.879 216.263 59.0 - 0
216.263 216.455 57.0 的 0
216.455 216.833 54.0 - 0
216.833 218.345 54.0 爱 1
218.65 219.028 54.0 这 0
219.028 219.406 54.0 是 0
219.406 220.166 52.0 我 0
220.546 220.926 50.0 长 0
220.926 221.685 47.0 久 0
221.685 222.065 50.0 的 0
222.065 222.445 52.0 期 0
222.445 224.334 54.0 待 1
224.607 224.796 54.0 不 0
224.796 225.174 54.0 能 0
225.174 225.554 57.0 保 0
225.554 227.461 59.0 留 0
227.652 227.842 59.0 你 0
227.842 228.224 62.0 - 0
228.224 228.414 59.0 的 0
228.414 228.794 57.0 - 0
228.794 230.311 57.0 爱 1
230.85 231.229 57.0 那 0
231.229 231.609 59.0 是 0
231.609 231.989 59.0 对 0
231.989 232.369 62.0 她 0
232.369 232.749 62.0 无 0
232.749 233.129 59.0 言 0
233.129 233.889 66.0 的 0
233.889 234.269 64.0 伤 0
234.269 234.837 62.0 - 0
234.837 236.526 64.0 害 1
236.789 237.164 62.0 伤 0
237.164 237.54 62.0 痛 0
237.54 237.927 64.0 的 0
237.927 239.669 66.0 心 0
239.862 240.25 64.0 一 0
240.25 240.637 64.0 片 0
240.637 240.827 62.0 空 0
240.827 241.206 59.0 - 0
241.206 242.535 59.0 白 1
242.95 243.14 59.0 如 0
243.14 243.33 59.0 何 0
243.33 243.709 62.0 - 0
243.709 244.085 59.0 面 0
244.085 244.648 57.0 对 0
244.836 245.211 59.0 那 0
245.211 245.587 57.0 迟 0
245.587 245.962 54.0 来 0
245.962 246.338 52.0 的 0
246.338 247.102 50.0 - 0
247.102 249.437 50.0 爱 1
