43.179 43.564 50.0 冷 0
43.564 43.948 49.0 空 0
43.948 44.718 47.0 气 0
45.488 45.873 54.0 却 0
45.873 46.258 50.0 清 0
46.258 47.027 52.0 晰 0
47.027 47.412 54.0 - 1
47.793 48.178 42.0 你 0
48.178 48.563 45.0 在 0
48.563 48.948 47.0 南 0
48.948 49.333 54.0 极 0
49.333 49.717 52.0 冰 0
49.717 50.102 50.0 山 0
50.102 50.68 52.0 雪 0
50.68 50.872 57.0 地 0
50.872 52.315 54.0 里 1
52.455 52.84 50.0 极 0
52.84 53.225 49.0 光 0
53.225 53.995 47.0 中 0
54.765 55.149 54.0 雪 0
55.149 55.534 50.0 白 0
55.534 55.919 52.0 的 0
55.919 56.304 57.0 肌 0
56.304 56.881 54.0 肤 1
56.926 57.311 50.0 是 0
57.311 57.695 49.0 哀 0
57.695 58.273 47.0 愁 0
59.235 59.62 50.0 是 0
59.62 60.005 49.0 美 0
60.005 61.159 47.0 丽 1
63.867 64.252 50.0 为 0
64.252 64.637 49.0 了 0
64.637 65.407 47.0 要 0
66.176 66.561 54.0 遇 0
66.561 66.946 50.0 见 0
66.946 67.716 52.0 你 0
67.716 68.101 54.0 - 1
68.626 69.01 42.0 我 0
69.01 69.395 45.0 连 0
69.395 69.78 47.0 呼 0
69.78 70.165 54.0 吸 0
70.165 70.55 52.0 都 0
70.55 70.935 50.0 反 0
70.935 71.32 52.0 复 0
71.32 71.705 57.0 练 0
71.705 73.148 54.0 习 1
73.237 73.622 50.0 兰 0
73.622 74.007 49.0 伯 0
74.007 74.776 47.0 特 0
75.546 75.931 54.0 仁 0
75.931 76.316 50.0 慈 0
76.316 76.701 52.0 的 0
76.701 77.086 57.0 冰 0
77.086 77.663 54.0 川 1
77.733 78.118 50.0 带 0
78.118 78.503 49.0 领 0
78.503 79.08 47.0 我 0
80.042 80.427 50.0 走 0
80.427 80.812 49.0 向 0
80.812 81.967 47.0 你 1
84.617 85.002 50.0 零 0
85.002 85.387 52.0 下 0
85.387 85.771 54.0 九 0
85.771 86.156 54.0 十 0
86.156 86.541 54.0 一 0
86.541 86.926 54.0 度 0
86.926 87.311 52.0 的 0
87.311 87.696 52.0 酷 0
87.696 88.465 52.0 寒 1
89.236 89.621 52.0 滚 0
89.621 90.006 54.0 滚 0
90.006 90.391 55.0 红 0
90.391 90.776 55.0 尘 0
90.776 91.16 55.0 千 0
91.16 91.545 54.0 年 0
91.545 91.93 52.0 的 0
91.93 92.315 55.0 呼 0
92.315 93.662 54.0 喊 1
94.005 94.389 50.0 藏 0
94.389 94.774 52.0 在 0
94.774 95.159 54.0 沃 0
95.159 95.352 54.0 斯 0
95.352 95.929 54.0 托 0
95.929 96.314 54.0 克 0
96.314 96.699 57.0 的 0
96.699 97.083 54.0 湖 0
97.083 98.238 52.0 岸 1
98.464 98.849 54.0 沉 0
98.849 99.234 52.0 - 0
99.234 100.003 52.0 寂 0
100.773 101.158 55.0 轻 0
101.158 101.543 54.0 - 0
101.543 102.312 54.0 叹 1
103.1 103.485 62.0 撒 0
103.485 103.677 61.0 哈 0
103.677 104.64 62.0 拉 0
105.409 105.794 54.0 漫 0
105.794 106.179 62.0 天 0
106.179 106.564 61.0 飘 0
106.564 106.949 57.0 - 0
106.949 107.622 57.0 沙 1
107.886 108.27 59.0 金 0
108.27 108.463 57.0 字 0
108.463 109.81 59.0 塔 0
110.195 110.58 50.0 谁 0
110.58 110.964 59.0 能 0
110.964 111.734 59.0 解 0
111.734 112.311 57.0 答 1
112.392 112.873 62.0 兵 0
112.873 113.065 61.0 马 0
113.065 114.412 62.0 俑 0
114.797 115.182 54.0 谁 0
115.182 115.567 66.0 与 0
115.567 115.952 64.0 争 0
115.952 116.337 61.0 - 0
116.337 117.106 61.0 锋 1
117.817 118.202 59.0 长 0
118.202 118.587 61.0 城 0
118.587 118.972 59.0 万 0
118.972 119.356 59.0 里 0
119.356 119.741 62.0 相 0
119.741 120.126 61.0 - 0
120.126 121.281 61.0 逢 1
121.545 121.929 62.0 人 0
121.929 122.122 61.0 世 0
122.122 123.084 62.0 间 0
123.854 124.239 54.0 悲 0
124.239 124.623 62.0 欢 0
124.623 125.008 61.0 聚 0
125.008 125.393 57.0 - 0
125.393 126.067 57.0 散 1
126.326 126.711 59.0 一 0
126.711 126.903 57.0 页 0
126.903 128.25 59.0 页 0
128.635 129.02 50.0 写 0
129.02 129.405 59.0 在 0
129.405 130.175 59.0 心 0
130.175 130.752 57.0 上 1
130.789 131.27 62.0 含 0
131.27 131.463 61.0 着 0
131.463 132.81 62.0 泪 0
133.194 133.579 54.0 白 0
133.579 133.964 66.0 色 0
133.964 134.349 64.0 恋 0
134.349 134.734 61.0 - 0
134.734 135.504 61.0 人 1
136.367 136.752 59.0 却 0
136.752 137.137 61.0 有 0
137.137 137.522 62.0 灰 0
137.522 137.714 61.0 色 0
137.714 138.292 59.0 的 0
138.292 138.676 57.0 年 0
138.676 140.216 59.0 轮 1
160.964 161.349 50.0 零 0
161.349 161.733 52.0 下 0
161.733 162.118 54.0 九 0
162.118 162.502 54.0 十 0
162.502 162.887 54.0 一 0
162.887 163.272 54.0 度 0
163.272 163.656 52.0 的 0
163.656 164.041 50.0 酷 0
164.041 164.81 52.0 寒 1
165.527 165.912 52.0 滚 0
165.912 166.297 54.0 滚 0
166.297 166.681 55.0 红 0
166.681 167.066 55.0 尘 0
167.066 167.258 55.0 千 0
167.258 167.643 54.0 年 0
167.643 167.835 52.0 - 0
167.835 168.22 52.0 的 0
168.22 168.604 55.0 呼 0
168.604 169.95 54.0 喊 1
170.181 170.565 50.0 藏 0
170.565 170.95 52.0 在 0
170.95 171.335 54.0 沃 0
171.335 171.527 54.0 斯 0
171.527 172.104 54.0 托 0
172.104 172.488 54.0 克 0
172.488 172.873 57.0 的 0
172.873 173.258 54.0 湖 0
173.258 174.412 52.0 岸 1
174.788 175.173 54.0 沉 0
175.173 175.557 52.0 - 0
175.557 176.327 52.0 寂 0
177.096 177.865 55.0 轻 0
177.865 178.923 54.0 叹 1
179.373 179.757 62.0 撒 0
179.757 179.949 61.0 哈 0
179.949 181.296 62.0 拉 0
181.68 182.065 54.0 漫 0
182.065 182.449 62.0 天 0
182.449 182.834 61.0 飘 0
182.834 183.219 57.0 - 0
183.219 183.892 57.0 沙 1
183.952 184.337 59.0 金 0
184.337 184.529 57.0 字 0
184.529 185.875 59.0 塔 0
186.26 186.644 50.0 谁 0
186.644 187.029 59.0 能 0
187.029 187.798 59.0 解 0
187.798 188.375 57.0 答 1
188.436 188.917 62.0 兵 0
188.917 189.109 61.0 马 0
189.109 190.455 62.0 俑 0
190.84 191.225 54.0 谁 0
191.225 191.609 66.0 与 0
191.609 191.994 64.0 争 0
191.994 192.378 61.0 - 0
192.378 193.148 61.0 锋 1
193.905 194.29 59.0 长 0
194.29 194.674 61.0 城 0
194.674 195.059 59.0 万 0
195.059 195.443 59.0 里 0
195.443 195.828 62.0 相 0
195.828 196.213 61.0 - 0
196.213 197.366 61.0 逢 1
197.76 198.145 62.0 人 0
198.145 198.337 61.0 世 0
198.337 199.299 62.0 间 0
200.068 200.452 54.0 悲 0
200.452 200.837 62.0 欢 0
200.837 201.222 61.0 聚 0
201.222 201.606 57.0 - 0
201.606 202.279 57.0 散 1
202.341 202.726 59.0 一 0
202.726 202.918 57.0 页 0
202.918 204.265 59.0 页 0
204.649 205.034 50.0 写 0
205.034 205.418 59.0 在 0
205.418 206.188 59.0 心 0
206.188 206.765 57.0 上 1
206.87 207.35 62.0 含 0
207.35 207.543 61.0 着 0
207.543 208.889 62.0 泪 0
209.274 209.658 54.0 白 0
209.658 210.043 66.0 色 0
210.043 210.427 64.0 恋 0
210.427 210.812 61.0 - 0
210.812 211.581 61.0 人 1
212.524 212.908 59.0 却 0
212.908 213.293 61.0 有 0
213.293 213.677 62.0 灰 0
213.677 213.87 61.0 色 0
213.87 214.447 59.0 的 0
214.447 214.831 57.0 年 0
214.831 216.37 59.0 轮 1
216.381 216.765 63.0 撒 0
216.765 216.958 62.0 哈 0
216.958 218.304 63.0 拉 0
218.688 219.073 55.0 漫 0
219.073 219.458 63.0 天 0
219.458 219.842 62.0 狂 0
219.842 220.227 58.0 - 0
220.227 220.9 58.0 沙 1
220.91 221.295 60.0 金 0
221.295 221.487 58.0 字 0
221.487 222.833 60.0 塔 0
223.218 223.41 51.0 谁 0
223.41 223.987 60.0 能 0
223.987 224.756 60.0 解 0
224.756 225.333 58.0 答 1
225.341 225.822 63.0 兵 0
225.822 226.014 62.0 马 0
226.014 227.361 63.0 俑 0
227.745 228.13 55.0 谁 0
228.13 228.514 67.0 与 0
228.514 228.899 65.0 争 0
228.899 229.284 62.0 - 0
229.284 230.053 62.0 锋 1
230.952 231.337 60.0 长 0
231.337 231.721 62.0 城 0
231.721 232.106 63.0 万 0
232.106 232.491 60.0 里 0
232.491 232.875 63.0 相 0
232.875 233.26 62.0 - 0
233.26 234.414 62.0 逢 1
234.713 235.098 63.0 人 0
235.098 235.29 62.0 世 0
235.29 236.252 63.0 间 0
237.021 237.406 55.0 悲 0
237.406 237.79 63.0 欢 0
237.79 238.175 62.0 聚 0
238.175 238.559 58.0 - 0
238.559 239.232 58.0 散 1
239.348 239.732 60.0 一 0
239.732 239.925 58.0 页 0
239.925 241.271 60.0 页 0
241.655 242.04 51.0 写 0
242.04 242.425 60.0 在 0
242.425 243.194 60.0 心 0
243.194 243.771 58.0 上 1
243.948 244.429 63.0 含 0
244.429 244.621 62.0 着 0
244.621 245.967 63.0 泪 0
246.352 246.736 55.0 白 0
246.736 247.121 67.0 色 0
247.121 247.506 65.0 恋 0
247.506 247.89 62.0 - 0
247.89 248.659 62.0 人 1
249.35 249.734 60.0 却 0
249.734 250.119 62.0 有 0
250.119 250.503 63.0 灰 0
250.503 250.696 62.0 色 0
250.696 251.273 60.0 的 0
251.273 251.657 58.0 年 0
251.657 253.196 60.0 轮 1
