16.218 16.694 58.0 情 0
16.694 16.932 51.0 歌 0
16.932 17.17 51.0 怎 0
17.17 17.408 51.0 么 0
17.408 17.646 53.0 越 0
17.646 17.884 54.0 唱 0
17.884 18.122 59.0 越 0
18.122 19.075 56.0 多 1
19.747 19.985 49.0 这 0
19.985 20.461 51.0 到 0
20.461 20.938 54.0 底 0
20.938 21.176 54.0 为 0
21.176 21.652 56.0 什 0
21.652 22.842 58.0 么 1
23.874 24.35 56.0 因 0
24.35 24.826 56.0 为 0
24.826 25.064 56.0 失 0
25.064 25.302 58.0 恋 0
25.302 25.54 59.0 的 0
25.54 25.778 58.0 人 0
25.778 26.255 56.0 太 0
26.255 26.731 54.0 多 1
27.449 27.687 49.0 想 0
27.687 28.163 51.0 找 0
28.163 28.64 63.0 个 0
28.64 28.997 61.0 方 0
28.997 29.354 59.0 式 0
29.354 29.592 56.0 述 0
29.592 30.544 58.0 说 1
31.593 32.069 58.0 伤 0
32.069 32.307 51.0 心 0
32.307 32.545 51.0 的 0
32.545 32.783 51.0 人 0
32.783 33.021 53.0 越 0
33.021 33.259 54.0 来 0
33.259 33.498 61.0 越 0
33.498 34.45 56.0 多 1
35.297 35.773 51.0 感 0
35.773 36.25 54.0 情 0
36.25 36.607 54.0 太 0
36.607 36.964 54.0 过 0
36.964 37.202 56.0 脆 0
37.202 38.154 58.0 弱 1
39.119 39.595 56.0 难 0
39.595 39.833 56.0 过 0
39.833 40.071 56.0 的 0
40.071 40.309 56.0 时 0
40.309 40.547 58.0 候 0
40.547 40.785 59.0 没 0
40.785 41.024 58.0 人 0
41.024 41.5 58.0 安 0
41.5 41.738 56.0 慰 0
41.738 42.452 54.0 我 1
42.471 42.709 51.0 不 0
42.709 42.947 51.0 如 0
42.947 43.304 63.0 找 0
43.304 43.543 63.0 一 0
43.543 43.9 63.0 首 1
43.952 44.309 63.0 最 0
44.309 44.666 61.0 爱 0
44.666 44.904 63.0 的 0
44.904 45.856 65.0 歌 0
45.856 46.214 61.0 听 0
46.214 46.571 58.0 着 0
46.571 46.809 61.0 度 0
46.809 49.289 63.0 过 1
50.134 50.372 63.0 伤 0
50.372 50.61 65.0 心 0
50.61 51.087 66.0 的 0
51.087 51.325 66.0 时 0
51.325 51.563 66.0 候 1
51.603 51.841 65.0 可 0
51.841 52.079 66.0 以 0
52.079 52.317 65.0 听 0
52.317 52.555 63.0 情 0
52.555 53.269 65.0 歌 1
53.878 54.116 61.0 忧 0
54.116 54.354 63.0 伤 0
54.354 54.83 65.0 的 0
54.83 55.068 65.0 旋 0
55.068 55.306 65.0 律 1
55.355 55.593 63.0 可 0
55.593 55.831 65.0 以 0
55.831 56.07 65.0 赶 0
56.07 56.308 66.0 走 0
56.308 56.784 63.0 失 0
56.784 57.617 63.0 落 1
57.668 57.906 63.0 寂 0
57.906 58.144 65.0 寞 0
58.144 58.621 66.0 的 0
58.621 58.859 66.0 时 0
58.859 59.097 66.0 候 1
59.15 59.388 65.0 可 0
59.388 59.626 66.0 以 0
59.626 59.864 65.0 听 0
59.864 60.102 63.0 情 0
60.102 60.816 65.0 歌 1
61.428 61.666 61.0 忧 0
61.666 61.904 63.0 郁 0
61.904 62.38 65.0 的 0
62.38 62.618 65.0 歌 0
62.618 62.856 65.0 声 1
62.9 63.138 63.0 可 0
63.138 63.377 65.0 以 0
63.377 63.615 65.0 带 0
63.615 63.853 66.0 来 0
63.853 64.329 63.0 快 0
64.329 65.162 63.0 乐 1
65.273 65.511 63.0 伤 0
65.511 65.749 65.0 心 0
65.749 66.226 66.0 的 0
66.226 66.464 66.0 时 0
66.464 66.702 66.0 候 1
66.711 66.949 65.0 可 0
66.949 67.187 66.0 以 0
67.187 67.425 65.0 听 0
67.425 67.663 63.0 情 0
67.663 68.378 65.0 歌 1
69.115 69.353 61.0 唯 0
69.353 69.591 63.0 美 0
69.591 70.067 65.0 的 0
70.067 70.305 65.0 节 0
70.305 70.543 65.0 奏 1
70.569 70.807 63.0 可 0
70.807 71.046 65.0 以 0
71.046 71.284 65.0 赶 0
71.284 71.522 66.0 走 0
71.522 71.998 63.0 难 0
71.998 72.831 63.0 过 1
72.934 73.172 63.0 寂 0
73.172 73.411 65.0 寞 0
73.411 73.887 66.0 的 0
73.887 74.125 66.0 时 0
74.125 74.363 66.0 候 1
74.404 74.642 65.0 可 0
74.642 74.88 66.0 以 0
74.88 75.118 65.0 听 0
75.118 75.356 63.0 情 0
75.356 76.071 65.0 歌 1
76.778 77.016 61.0 因 0
77.016 77.254 63.0 为 0
77.254 77.492 63.0 这 0
77.492 77.73 65.0 种 0
77.73 77.968 65.0 感 0
77.968 78.206 65.0 觉 1
78.273 78.75 65.0 真 0
78.75 78.988 65.0 的 0
78.988 79.226 66.0 很 0
79.226 79.702 63.0 不 0
79.702 82.559 63.0 错 1
83.912 84.626 63.0 哈 0
84.626 85.936 61.0 - 0
85.936 86.055 63.0 - 0
86.174 86.531 58.0 耶 0
86.531 86.769 56.0 咿 0
86.769 88.197 58.0 耶 1
96.273 96.749 58.0 情 0
96.749 96.987 51.0 歌 0
96.987 97.225 51.0 怎 0
97.225 97.463 51.0 么 0
97.463 97.701 53.0 越 0
97.701 97.939 54.0 唱 0
97.939 98.177 59.0 越 0
98.177 99.13 56.0 多 1
99.909 100.147 49.0 这 0
100.147 100.623 51.0 到 0
100.623 101.1 54.0 底 0
101.1 101.338 54.0 为 0
101.338 101.814 56.0 什 0
101.814 103.004 58.0 么 1
103.908 104.384 56.0 因 0
104.384 104.86 56.0 为 0
104.86 105.098 56.0 失 0
105.098 105.336 58.0 恋 0
105.336 105.574 59.0 的 0
105.574 105.812 58.0 人 0
105.812 106.289 56.0 太 0
106.289 106.765 54.0 多 1
107.517 107.755 49.0 想 0
107.755 108.231 51.0 找 0
108.231 108.708 63.0 个 0
108.708 109.065 61.0 方 0
109.065 109.422 59.0 式 0
109.422 109.66 56.0 述 0
109.66 110.612 58.0 说 1
111.497 111.973 58.0 伤 0
111.973 112.211 51.0 心 0
112.211 112.449 51.0 的 0
112.449 112.687 51.0 人 0
112.687 112.925 53.0 越 0
112.925 113.163 54.0 来 0
113.163 113.402 61.0 越 0
113.402 114.354 56.0 多 1
115.382 115.858 51.0 感 0
115.858 116.335 54.0 情 0
116.335 116.692 54.0 太 0
116.692 117.049 54.0 过 0
117.049 117.287 56.0 脆 0
117.287 118.239 58.0 弱 1
119.189 119.665 56.0 难 0
119.665 119.903 56.0 过 0
119.903 120.141 56.0 的 0
120.141 120.379 56.0 时 0
120.379 120.617 58.0 候 0
120.617 120.855 59.0 没 0
120.855 121.094 58.0 人 0
121.094 121.57 58.0 安 0
121.57 121.808 56.0 慰 0
121.808 122.522 54.0 我 1
122.56 122.798 51.0 不 0
122.798 123.036 51.0 如 0
123.036 123.393 63.0 找 0
123.393 123.632 63.0 一 0
123.632 123.989 63.0 首 1
123.99 124.347 63.0 最 0
124.347 124.704 61.0 爱 0
124.704 124.942 63.0 的 0
124.942 125.894 65.0 歌 0
125.894 126.252 61.0 听 0
126.252 126.609 58.0 着 0
126.609 126.847 61.0 度 0
126.847 129.228 63.0 过 1
130.123 130.361 63.0 伤 0
130.361 130.599 65.0 心 0
130.599 131.076 66.0 的 0
131.076 131.314 66.0 时 0
131.314 131.552 66.0 候 1
131.601 131.839 65.0 可 0
131.839 132.077 66.0 以 0
132.077 132.315 65.0 听 0
132.315 132.553 63.0 情 0
132.553 133.267 65.0 歌 1
133.881 134.119 61.0 忧 0
134.119 134.357 63.0 伤 0
134.357 134.833 65.0 的 0
134.833 135.071 65.0 旋 0
135.071 135.309 65.0 律 1
135.363 135.601 63.0 可 0
135.601 135.839 65.0 以 0
135.839 136.078 65.0 赶 0
136.078 136.316 66.0 走 0
136.316 136.792 63.0 失 0
136.792 137.625 63.0 落 1
137.647 137.885 63.0 寂 0
137.885 138.123 65.0 寞 0
138.123 138.6 66.0 的 0
138.6 138.838 66.0 时 0
138.838 139.076 66.0 候 1
139.187 139.425 65.0 可 0
139.425 139.663 66.0 以 0
139.663 139.901 65.0 听 0
139.901 140.139 63.0 情 0
140.139 140.853 65.0 歌 1
141.606 141.844 61.0 忧 0
141.844 142.082 63.0 郁 0
142.082 142.558 65.0 的 0
142.558 142.796 65.0 歌 0
142.796 143.034 65.0 声 1
143.034 143.272 63.0 可 0
143.272 143.511 65.0 以 0
143.511 143.749 65.0 带 0
143.749 143.987 66.0 来 0
143.987 144.463 63.0 快 0
144.463 145.296 63.0 乐 1
145.398 145.636 63.0 伤 0
145.636 145.874 65.0 心 0
145.874 146.351 66.0 的 0
146.351 146.589 66.0 时 0
146.589 146.827 66.0 候 1
146.84 147.078 65.0 可 0
147.078 147.316 66.0 以 0
147.316 147.554 65.0 听 0
147.554 147.792 63.0 情 0
147.792 148.507 65.0 歌 1
149.096 149.334 61.0 唯 0
149.334 149.572 63.0 美 0
149.572 150.048 65.0 的 0
150.048 150.286 65.0 节 0
150.286 150.524 65.0 奏 1
150.574 150.812 63.0 可 0
150.812 151.051 65.0 以 0
151.051 151.289 65.0 赶 0
151.289 151.527 66.0 走 0
151.527 152.003 63.0 难 0
152.003 152.836 63.0 过 1
153.016 153.254 63.0 寂 0
153.254 153.493 65.0 寞 0
153.493 153.969 66.0 的 0
153.969 154.207 66.0 时 0
154.207 154.445 66.0 候 1
154.457 154.695 65.0 可 0
154.695 154.933 66.0 以 0
154.933 155.171 65.0 听 0
155.171 155.409 63.0 情 0
155.409 156.124 65.0 歌 1
156.687 156.925 61.0 因 0
156.925 157.163 63.0 为 0
157.163 157.401 63.0 这 0
157.401 157.639 65.0 种 0
157.639 157.877 65.0 感 0
157.877 158.115 65.0 觉 1
158.246 158.723 65.0 真 0
158.723 158.961 65.0 的 0
158.961 159.199 66.0 很 0
159.199 159.675 63.0 不 0
159.675 160.508 63.0 错 1
160.511 160.749 63.0 伤 0
160.749 160.988 65.0 心 0
160.988 161.464 66.0 的 0
161.464 161.702 66.0 时 0
161.702 161.94 66.0 候 1
161.995 162.233 65.0 可 0
162.233 162.471 66.0 以 0
162.471 162.709 65.0 听 0
162.709 162.947 63.0 情 0
162.947 163.662 65.0 歌 1
164.358 164.596 61.0 忧 0
164.596 164.834 63.0 伤 0
164.834 165.31 65.0 的 0
165.31 165.548 65.0 旋 0
165.548 165.786 65.0 律 1
165.812 166.051 63.0 可 0
166.051 166.289 65.0 以 0
166.289 166.527 65.0 赶 0
166.527 166.765 66.0 走 0
166.765 167.241 63.0 失 0
167.241 168.074 63.0 落 1
168.198 168.437 63.0 寂 0
168.437 168.675 65.0 寞 0
168.675 169.151 66.0 的 0
169.151 169.389 66.0 时 0
169.389 169.627 66.0 候 1
169.695 169.933 65.0 可 0
169.933 170.171 66.0 以 0
170.171 170.409 65.0 听 0
170.409 170.647 63.0 情 0
170.647 171.362 65.0 歌 1
171.927 172.165 61.0 忧 0
172.165 172.403 63.0 郁 0
172.403 172.879 65.0 的 0
172.879 173.117 65.0 歌 0
173.117 173.356 65.0 声 1
173.447 173.685 63.0 可 0
173.685 173.923 65.0 以 0
173.923 174.161 65.0 带 0
174.161 174.399 66.0 来 0
174.399 174.875 63.0 快 0
174.875 175.708 63.0 乐 1
175.841 176.08 63.0 伤 0
176.08 176.318 65.0 心 0
176.318 176.794 66.0 的 0
176.794 177.032 66.0 时 0
177.032 177.27 66.0 候 1
177.324 177.562 65.0 可 0
177.562 177.8 66.0 以 0
177.8 178.038 65.0 听 0
178.038 178.276 63.0 情 0
178.276 178.991 65.0 歌 1
179.629 179.867 61.0 唯 0
179.867 180.105 63.0 美 0
180.105 180.581 65.0 的 0
180.581 180.819 65.0 节 0
180.819 181.058 65.0 奏 1
181.099 181.337 63.0 可 0
181.337 181.575 65.0 以 0
181.575 181.813 65.0 赶 0
181.813 182.051 66.0 走 0
182.051 182.527 63.0 难 0
182.527 183.36 63.0 过 1
183.45 183.688 63.0 寂 0
183.688 183.926 65.0 寞 0
183.926 184.402 66.0 的 0
184.402 184.64 66.0 时 0
184.64 184.878 66.0 候 1
184.933 185.171 65.0 可 0
185.171 185.409 66.0 以 0
185.409 185.647 65.0 听 0
185.647 185.885 63.0 情 0
185.885 186.6 65.0 歌 1
187.164 187.402 61.0 因 0
187.402 187.64 63.0 为 0
187.64 187.878 63.0 这 0
187.878 188.116 65.0 种 0
188.116 188.355 65.0 感 0
188.355 188.593 65.0 觉 1
188.742 189.218 65.0 真 0
189.218 189.456 65.0 的 0
189.456 189.694 66.0 很 0
189.694 190.17 63.0 不 0
190.17 191.48 63.0 错 1
