37.534 37.883 58.0 黄 0
37.883 38.232 61.0 玫 0
38.232 38.929 63.0 瑰 1
39.584 39.933 63.0 别 0
39.933 40.282 65.0 落 0
40.282 40.979 58.0 泪 1
41.741 42.09 56.0 所 0
42.09 42.439 58.0 有 0
42.439 42.788 61.0 的 0
42.788 43.136 63.0 花儿 0
43.136 43.485 65.0 你 0
43.485 43.834 68.0 最 0
43.834 44.532 63.0 美 1
45.805 46.154 58.0 受 0
46.154 46.503 61.0 了 0
46.503 47.2 63.0 伤 1
47.959 48.308 63.0 别 0
48.308 48.657 61.0 伤 0
48.657 49.354 58.0 悲 1
50.095 50.444 56.0 别 0
50.444 50.793 58.0 让 0
50.793 51.142 61.0 泪 0
51.142 51.49 63.0 珠 0
51.49 52.014 61.0 湿 0
52.014 52.275 58.0 花 0
52.275 53.583 58.0 蕊 1
56.362 56.711 65.0 别 0
56.711 57.06 68.0 让 0
57.06 57.409 68.0 我 0
57.409 57.758 68.0 看 0
57.758 58.455 65.0 见 0
58.455 58.804 68.0 你 0
58.804 59.153 70.0 的 0
59.153 59.851 70.0 伤 0
59.851 60.548 70.0 悲 1
60.557 60.906 68.0 我 0
60.906 61.255 70.0 会 0
61.255 61.604 73.0 为 0
61.604 61.953 73.0 她 0
61.953 62.301 70.0 心 0
62.301 62.65 68.0 - 0
62.65 63.348 65.0 碎 1
64.671 65.02 68.0 别 0
65.02 65.369 68.0 问 0
65.369 66.067 70.0 自 0
66.067 66.764 70.0 己 0
66.764 67.113 68.0 对 0
67.113 67.462 65.0 - 0
67.462 67.811 63.0 不 0
67.811 68.16 61.0 - 0
68.16 68.857 58.0 对 1
68.944 69.293 56.0 心 0
69.293 69.642 58.0 中 0
69.642 69.991 61.0 有 0
69.991 70.34 63.0 爱 0
70.34 70.688 65.0 就 0
70.688 71.037 68.0 很 0
71.037 71.735 63.0 美 1
73.121 73.47 65.0 即 0
73.47 73.819 68.0 使 0
73.819 74.168 68.0 告 0
74.168 74.517 65.0 - 0
74.517 74.866 65.0 别 0
74.866 75.214 65.0 了 0
75.214 75.563 68.0 春 0
75.563 75.912 70.0 天 0
75.912 76.61 70.0 阳 0
76.61 77.307 70.0 光 1
77.315 77.664 68.0 你 0
77.664 78.013 70.0 依 0
78.013 78.362 73.0 然 0
78.362 78.711 73.0 要 0
78.711 79.06 70.0 开 0
79.06 79.408 68.0 - 0
79.408 80.804 65.0 放 1
81.323 82.021 68.0 别 0
82.021 82.37 68.0 害 0
82.37 82.719 70.0 - 0
82.719 83.416 70.0 怕 1
83.452 83.801 68.0 别 0
83.801 84.15 65.0 - 0
84.15 84.499 63.0 犯 0
84.499 84.848 61.0 - 0
84.848 85.545 58.0 傻 1
85.608 85.957 56.0 别 0
85.957 86.306 58.0 轻 0
86.306 86.655 61.0 易 0
86.655 87.004 63.0 剪 0
87.004 87.353 65.0 去 0
87.353 87.702 68.0 长 0
87.702 88.399 63.0 发 1
89.855 90.203 65.0 我 0
90.203 90.552 68.0 会 0
90.552 90.901 68.0 站 0
90.901 91.25 65.0 - 0
91.25 91.948 65.0 在 0
91.948 92.296 68.0 你 0
92.296 92.645 70.0 的 0
92.645 93.343 70.0 身 0
93.343 94.041 70.0 旁 1
94.049 94.397 68.0 给 0
94.397 94.746 70.0 你 0
94.746 95.095 73.0 依 0
95.095 95.444 73.0 靠 0
95.444 95.793 70.0 的 0
95.793 96.142 68.0 肩 0
96.142 96.49 65.0 - 0
96.49 97.188 65.0 膀 1
98.131 98.828 68.0 别 0
98.828 99.177 68.0 说 0
99.177 99.526 70.0 - 0
99.526 100.224 70.0 话 1
100.243 100.591 68.0 微 0
100.591 100.94 65.0 - 0
100.94 101.289 63.0 笑 0
101.289 101.638 61.0 - 0
101.638 102.336 58.0 吧 1
102.428 102.776 56.0 回 0
102.776 103.125 58.0 头 0
103.125 103.474 61.0 是 0
103.474 103.823 63.0 灿 0
103.823 104.172 65.0 烂 0
104.172 104.521 68.0 的 0
104.521 105.218 63.0 霞 1
106.617 107.314 61.0 我 0
107.314 107.663 61.0 默 0
107.663 108.012 63.0 默 0
108.012 108.361 65.0 的 0
108.361 108.71 68.0 祝 0
108.71 109.756 68.0 福 0
109.756 110.105 65.0 - 0
110.105 110.803 65.0 你 1
110.806 111.155 68.0 感 0
111.155 111.503 70.0 觉 0
111.503 112.201 70.0 到 0
112.201 112.55 70.0 了 0
112.55 112.899 73.0 - 0
112.899 113.248 70.0 - 0
113.248 114.643 70.0 吗 1
114.975 115.324 68.0 海 0
115.324 115.672 70.0 - 0
115.672 116.37 68.0 角 0
117.068 117.417 68.0 天 0
117.417 117.765 65.0 - 0
117.765 118.463 65.0 涯 1
119.106 119.455 63.0 哪 0
119.455 119.804 65.0 里 0
119.804 120.152 63.0 不 0
120.152 120.501 61.0 是 0
120.501 120.85 58.0 你 0
120.85 121.199 61.0 的 0
121.199 122.594 61.0 家 1
123.273 123.971 70.0 别 0
123.971 124.668 70.0 怕 0
124.668 125.366 73.0 啊 1
125.428 126.126 70.0 别 0
126.126 126.474 68.0 傻 0
126.474 126.823 65.0 - 0
126.823 127.521 65.0 啊 1
127.554 127.903 63.0 哪 0
127.903 128.252 65.0 里 0
128.252 128.6 63.0 都 0
128.6 128.949 61.0 能 0
128.949 129.385 58.0 开 0
129.385 129.909 61.0 - 0
129.909 131.391 61.0 花 1
156.728 157.077 58.0 黄 0
157.077 157.426 61.0 玫 0
157.426 158.124 63.0 瑰 1
158.729 159.078 63.0 别 0
159.078 159.427 65.0 落 0
159.427 160.125 58.0 泪 1
160.975 161.324 56.0 所 0
161.324 161.673 58.0 有 0
161.673 162.022 61.0 的 0
162.022 162.371 63.0 花儿 0
162.371 162.719 65.0 你 0
162.719 163.068 68.0 最 0
163.068 163.766 63.0 美 1
165.054 165.403 58.0 受 0
165.403 165.752 61.0 了 0
165.752 166.45 63.0 伤 1
167.279 167.628 63.0 别 0
167.628 167.977 61.0 伤 0
167.977 168.675 58.0 悲 1
169.232 169.581 56.0 别 0
169.581 169.93 58.0 让 0
169.93 170.279 61.0 泪 0
170.279 170.628 63.0 珠 0
170.628 171.151 61.0 湿 0
171.151 171.413 58.0 花 0
171.413 172.721 58.0 蕊 1
175.517 175.866 65.0 你 0
175.866 176.215 68.0 应 0
176.215 176.564 68.0 该 0
176.564 176.913 68.0 知 0
176.913 177.61 65.0 道 0
177.61 177.959 68.0 你 0
177.959 178.308 70.0 是 0
178.308 178.657 70.0 那 0
178.657 179.006 70.0 样 0
179.006 179.703 70.0 美 1
179.743 180.092 68.0 谁 0
180.092 180.441 70.0 都 0
180.441 180.79 73.0 会 0
180.79 181.139 73.0 为 0
181.139 181.488 70.0 你 0
181.488 181.836 68.0 心 0
181.836 182.185 65.0 - 0
182.185 183.232 65.0 醉 1
183.971 184.32 68.0 别 0
184.32 184.669 68.0 再 0
184.669 185.367 70.0 抱 0
185.367 186.064 70.0 怨 0
186.064 186.413 68.0 爱 0
186.413 186.762 65.0 - 0
186.762 187.111 63.0 太 0
187.111 187.46 61.0 - 0
187.46 188.158 58.0 累 1
188.228 188.576 56.0 真 0
188.576 188.925 58.0 爱 0
188.925 189.274 61.0 能 0
189.274 189.623 63.0 有 0
189.623 189.972 65.0 几 0
189.972 190.321 68.0 - 0
190.321 191.018 63.0 回 1
192.342 192.69 65.0 即 0
192.69 193.039 68.0 使 0
193.039 193.388 68.0 告 0
193.388 193.737 65.0 - 0
193.737 194.086 65.0 别 0
194.086 194.435 65.0 了 0
194.435 194.783 68.0 春 0
194.783 195.132 70.0 天 0
195.132 195.83 70.0 阳 0
195.83 196.528 70.0 光 1
196.584 196.932 68.0 你 0
196.932 197.281 70.0 依 0
197.281 197.63 73.0 然 0
197.63 197.979 73.0 要 0
197.979 198.328 70.0 开 0
198.328 198.677 68.0 - 0
198.677 200.072 65.0 放 1
200.671 201.368 68.0 别 0
201.368 201.717 68.0 害 0
201.717 202.066 70.0 - 0
202.066 202.764 70.0 怕 1
202.796 203.144 68.0 别 0
203.144 203.493 65.0 - 0
203.493 203.842 63.0 犯 0
203.842 204.191 61.0 - 0
204.191 204.889 58.0 傻 1
204.944 205.293 56.0 别 0
205.293 205.641 58.0 轻 0
205.641 205.99 61.0 易 0
205.99 206.339 63.0 剪 0
206.339 206.688 65.0 去 0
206.688 207.037 68.0 长 0
207.037 207.734 63.0 发 1
209.009 209.358 65.0 我 0
209.358 209.706 68.0 会 0
209.706 210.055 68.0 站 0
210.055 210.404 65.0 - 0
210.404 211.102 65.0 在 0
211.102 211.451 68.0 你 0
211.451 211.799 70.0 的 0
211.799 212.497 70.0 身 0
212.497 213.195 70.0 旁 1
213.322 213.671 68.0 给 0
213.671 214.019 70.0 你 0
214.019 214.368 73.0 依 0
214.368 214.717 73.0 靠 0
214.717 215.066 70.0 的 0
215.066 215.415 68.0 肩 0
215.415 215.764 65.0 - 0
215.764 216.461 65.0 膀 1
217.42 218.117 68.0 别 0
218.117 218.815 70.0 说 0
218.815 219.513 70.0 话 1
219.612 219.961 68.0 微 0
219.961 220.31 65.0 - 0
220.31 220.658 63.0 笑 0
220.658 221.007 61.0 - 0
221.007 221.705 58.0 吧 1
221.717 222.066 56.0 回 0
222.066 222.415 58.0 头 0
222.415 222.763 61.0 是 0
222.763 223.112 63.0 灿 0
223.112 223.461 65.0 烂 0
223.461 223.81 68.0 的 0
223.81 224.508 63.0 霞 1
225.831 226.529 61.0 我 0
226.529 226.877 61.0 默 0
226.877 227.226 63.0 默 0
227.226 227.575 65.0 地 0
227.575 227.924 68.0 祝 0
227.924 228.97 68.0 福 0
228.97 229.319 65.0 - 0
229.319 230.017 65.0 你 1
230.065 230.414 68.0 感 0
230.414 230.763 70.0 觉 0
230.763 231.46 70.0 到 0
231.46 231.809 70.0 了 0
231.809 232.158 73.0 - 0
232.158 232.507 70.0 - 0
232.507 233.902 70.0 吗 1
234.165 234.514 68.0 海 0
234.514 234.863 70.0 - 0
234.863 235.56 68.0 角 0
236.258 236.607 68.0 天 0
236.607 236.956 65.0 - 0
236.956 237.653 65.0 涯 1
238.284 238.633 63.0 哪 0
238.633 238.982 65.0 里 0
238.982 239.331 63.0 不 0
239.331 239.679 61.0 是 0
239.679 240.028 58.0 你 0
240.028 240.377 61.0 的 0
240.377 241.772 61.0 家 1
242.621 243.319 70.0 别 0
243.319 244.016 70.0 怕 0
244.016 244.714 73.0 啊 1
244.738 245.436 70.0 别 0
245.436 245.785 68.0 傻 0
245.785 246.133 65.0 - 0
246.133 246.831 65.0 啊 1
246.831 247.18 63.0 哪 0
247.18 247.529 65.0 里 0
247.529 247.878 63.0 都 0
247.878 248.226 61.0 能 0
248.226 248.663 58.0 开 0
248.663 249.186 61.0 - 0
249.186 250.668 61.0 花 1
