26.586 27.04 52.0 许 0
27.04 27.154 52.0 多 0
27.268 27.495 52.0 的 0
27.495 27.836 59.0 欢 0
27.95 29.655 59.0 乐 1
29.729 29.957 57.0 留 0
29.957 30.184 59.0 在 0
30.184 30.525 57.0 你 0
30.639 30.98 55.0 的 0
31.094 31.548 55.0 帐 0
31.548 33.594 52.0 篷 1
33.857 34.084 52.0 初 0
34.311 34.425 52.0 恋 0
34.539 34.766 52.0 的 0
34.766 35.221 57.0 琴 0
35.221 36.926 57.0 声 1
37.049 37.163 57.0 撩 0
37.163 37.39 55.0 动 0
37.504 37.845 57.0 几 0
37.959 38.413 57.0 次 0
38.413 38.754 62.0 雪 0
38.868 40.573 59.0 崩 1
40.601 41.397 59.0 少 0
41.51 41.965 59.0 年 0
41.965 42.306 62.0 的 0
42.42 43.215 64.0 我 1
43.384 43.839 66.0 为 0
44.293 44.748 66.0 何 0
44.748 45.089 64.0 不 0
45.203 45.544 57.0 懂 0
45.657 46.112 64.0 心 0
46.112 47.021 59.0 痛 1
47.032 47.487 52.0 蓦 0
47.487 48.169 57.0 然 0
48.169 48.396 62.0 - 0
48.396 48.851 62.0 回 0
48.851 49.647 57.0 首 1
49.791 49.904 57.0 已 0
50.018 50.245 59.0 是 0
50.245 50.7 57.0 光 0
50.7 51.496 57.0 阴 0
51.609 52.064 57.0 - 0
52.064 52.291 55.0 如 0
52.291 52.746 52.0 - 0
52.746 54.678 52.0 风 1
55.571 56.026 52.0 离 0
56.026 56.14 52.0 乡 0
56.253 56.481 52.0 的 0
56.481 56.822 59.0 行 0
56.935 58.641 59.0 囊 1
58.75 58.978 57.0 总 0
58.978 59.205 59.0 是 0
59.205 59.546 57.0 越 0
59.66 60.001 55.0 来 0
60.114 60.569 52.0 越 0
60.569 62.615 52.0 重 1
62.877 63.105 50.0 滚 0
63.332 63.446 52.0 滚 0
63.559 63.787 52.0 的 0
63.787 64.241 57.0 红 0
64.241 65.946 57.0 尘 1
65.982 66.096 57.0 难 0
66.096 66.323 55.0 掩 0
66.437 66.778 57.0 你 0
66.891 67.346 57.0 的 0
67.346 67.687 62.0 笑 0
67.801 69.506 59.0 容 1
69.765 70.56 59.0 青 0
70.674 70.901 59.0 藏 0
70.901 71.129 59.0 的 0
71.129 71.47 62.0 阳 0
71.583 72.379 64.0 光 1
72.485 72.712 64.0 日 0
72.939 73.167 66.0 - 0
73.394 73.849 66.0 夜 0
73.849 74.19 64.0 与 0
74.303 74.644 57.0 我 0
74.758 75.213 62.0 相 0
75.213 76.122 59.0 拥 1
76.127 76.582 57.0 茫 0
76.582 77.264 57.0 茫 0
77.264 77.491 62.0 的 0
77.491 77.946 62.0 雪 0
77.946 78.742 57.0 域 1
78.765 78.879 57.0 何 0
78.993 79.22 59.0 处 0
79.22 79.675 57.0 寻 0
79.675 80.47 57.0 觅 0
80.584 80.811 57.0 你 0
80.811 81.039 59.0 的 0
81.039 81.266 55.0 影 0
81.266 81.721 52.0 - 0
81.721 83.653 52.0 踪 1
86.6 87.509 52.0 高 0
87.509 87.964 64.0 原 0
87.964 88.305 62.0 - 0
88.419 88.873 64.0 红 0
88.873 89.896 64.0 - 1
90.187 90.642 66.0 美 0
90.642 90.869 64.0 丽 0
90.869 91.097 66.0 的 0
91.097 91.551 59.0 高 0
91.551 92.006 62.0 原 0
92.006 92.461 59.0 红 0
92.461 93.256 59.0 - 1
93.723 94.177 59.0 煮 0
94.177 94.291 64.0 了 0
94.405 94.859 64.0 又 0
95.087 95.314 64.0 煮 0
95.314 95.542 66.0 的 0
95.542 95.996 64.0 酥 0
95.996 96.337 62.0 油 0
96.451 96.678 57.0 茶 0
96.678 97.059 57.0 - 1
97.494 97.608 57.0 还 0
97.722 97.835 57.0 是 0
97.949 98.176 57.0 当 0
98.176 98.29 55.0 年 0
98.404 98.745 57.0 那 0
98.858 99.313 62.0 样 0
99.313 99.768 59.0 浓 0
99.768 100.791 59.0 - 1
100.996 101.678 52.0 高 0
101.905 102.132 64.0 原 0
102.132 102.36 66.0 - 0
102.36 102.587 62.0 - 0
102.587 103.383 64.0 红 0
103.383 104.065 64.0 - 0
104.178 104.633 66.0 - 1
104.813 105.154 66.0 梦 0
105.268 105.495 64.0 里 0
105.495 105.723 66.0 的 0
105.723 106.177 57.0 高 0
106.177 106.632 64.0 原 0
106.632 107.655 59.0 红 1
108.292 108.746 52.0 酿 0
108.746 108.86 57.0 了 0
108.974 109.315 57.0 又 0
109.656 109.883 57.0 酿 0
109.883 110.11 59.0 的 0
110.11 110.565 57.0 青 0
110.565 111.02 55.0 稞 0
111.02 111.471 57.0 酒 1
111.56 111.788 57.0 让 0
111.788 112.015 55.0 我 0
112.015 112.356 57.0 醉 0
112.47 112.924 57.0 在 0
112.924 113.379 57.0 不 0
113.379 113.834 55.0 眠 0
114.289 115.425 52.0 中 1
144.717 145.172 52.0 离 0
145.172 145.286 52.0 乡 0
145.399 145.627 52.0 的 0
145.627 145.968 59.0 行 0
146.081 147.786 59.0 囊 1
147.859 148.086 57.0 总 0
148.086 148.314 59.0 是 0
148.314 148.655 59.0 越 0
148.768 149.109 55.0 来 0
149.223 149.678 52.0 越 0
149.678 151.724 52.0 重 1
151.947 152.175 50.0 滚 0
152.402 152.516 52.0 滚 0
152.629 152.857 52.0 的 0
152.857 153.311 57.0 红 0
153.311 155.016 57.0 尘 1
155.193 155.307 57.0 难 0
155.307 155.534 55.0 掩 0
155.648 155.989 57.0 你 0
156.102 156.557 57.0 的 0
156.557 156.898 62.0 笑 0
157.012 158.717 59.0 容 1
158.745 159.541 59.0 青 0
159.655 159.882 59.0 藏 0
159.882 160.11 59.0 的 0
160.11 160.451 62.0 阳 0
160.564 161.36 64.0 光 1
161.616 161.843 64.0 日 0
162.07 162.298 66.0 - 0
162.525 162.98 66.0 夜 0
162.98 163.321 64.0 与 0
163.434 163.775 57.0 我 0
163.889 164.344 62.0 相 0
164.344 165.253 59.0 拥 1
165.287 165.742 57.0 茫 0
165.742 166.424 57.0 茫 0
166.424 166.651 62.0 的 0
166.651 167.106 59.0 雪 0
167.106 167.901 57.0 域 1
167.909 168.023 57.0 何 0
168.136 168.364 59.0 处 0
168.364 168.818 57.0 寻 0
168.818 169.614 57.0 觅 0
169.728 169.955 57.0 你 0
169.955 170.183 59.0 的 0
170.183 170.41 55.0 影 0
170.41 170.865 52.0 - 0
170.865 172.797 52.0 踪 1
175.667 176.576 52.0 高 0
176.576 177.031 66.0 原 0
177.031 177.372 62.0 - 0
177.485 177.94 64.0 红 0
177.94 178.963 64.0 - 1
179.288 179.743 66.0 美 0
179.743 179.97 64.0 丽 0
179.97 180.198 66.0 的 0
180.198 180.652 59.0 高 0
180.652 181.107 62.0 原 0
181.107 181.562 59.0 红 0
181.562 182.357 59.0 - 1
182.975 183.429 59.0 煮 0
183.429 183.543 64.0 了 0
183.657 184.111 64.0 又 0
184.339 184.452 64.0 煮 0
184.566 184.793 66.0 的 0
184.793 185.248 64.0 酥 0
185.248 185.589 62.0 油 0
185.703 185.93 57.0 茶 0
185.93 186.301 57.0 - 1
186.541 186.655 57.0 还 0
186.768 186.882 57.0 是 0
186.996 187.223 57.0 当 0
187.223 187.337 55.0 年 0
187.45 187.792 57.0 那 0
187.905 188.36 62.0 样 0
188.36 188.815 59.0 浓 0
188.815 189.838 59.0 - 1
190.1 190.782 52.0 高 0
191.009 191.464 66.0 原 0
191.464 191.918 62.0 - 0
191.918 193.169 64.0 红 0
193.282 193.737 66.0 - 1
193.746 194.087 66.0 梦 0
194.201 194.428 64.0 里 0
194.428 194.655 66.0 的 0
194.655 195.11 57.0 高 0
195.11 195.565 62.0 原 0
195.565 196.588 59.0 红 1
197.439 197.893 52.0 酿 0
197.893 198.007 57.0 了 0
198.121 198.462 57.0 又 0
198.803 199.03 57.0 酿 0
199.03 199.257 59.0 的 0
199.257 199.712 57.0 青 0
199.712 200.167 55.0 稞 0
200.167 200.618 57.0 酒 1
200.641 200.869 57.0 让 0
200.869 201.096 55.0 我 0
201.096 201.437 57.0 醉 0
201.551 202.005 57.0 在 0
202.005 202.46 57.0 不 0
202.46 202.915 52.0 眠 0
202.915 204.051 52.0 中 1
206.549 207.459 52.0 高 0
207.459 207.913 64.0 原 0
207.913 208.254 62.0 - 0
208.368 208.823 64.0 红 0
208.823 209.846 64.0 - 1
210.213 210.667 66.0 美 0
210.667 210.895 64.0 丽 0
210.895 211.122 66.0 的 0
211.122 211.577 59.0 高 0
211.577 212.031 62.0 原 0
212.031 212.486 59.0 红 0
212.486 213.282 59.0 - 1
213.768 214.223 59.0 煮 0
214.223 214.336 64.0 了 0
214.45 214.905 64.0 又 0
215.132 215.246 64.0 煮 0
215.359 215.587 66.0 的 0
215.587 216.042 64.0 酥 0
216.042 216.383 62.0 油 0
216.496 216.951 57.0 茶 1
217.571 217.684 57.0 还 0
217.798 217.912 57.0 是 0
218.025 218.253 57.0 当 0
218.253 218.366 55.0 年 0
218.48 218.821 57.0 那 0
218.935 219.389 62.0 样 0
219.389 219.844 59.0 浓 0
219.844 220.867 59.0 - 1
221.135 221.817 52.0 高 0
222.044 222.272 64.0 - 0
222.272 222.499 66.0 原 0
222.499 222.726 62.0 - 0
222.726 222.954 66.0 - 0
222.954 224.204 64.0 红 0
224.318 224.773 66.0 - 1
224.776 225.117 66.0 梦 0
225.23 225.458 64.0 里 0
225.458 225.685 66.0 的 0
225.685 226.14 59.0 高 0
226.14 226.594 64.0 原 0
226.594 227.617 59.0 红 1
228.293 228.748 52.0 酿 0
228.748 228.861 57.0 了 0
228.975 229.316 57.0 又 0
229.657 229.884 57.0 酿 0
229.884 230.112 59.0 的 0
230.112 230.566 57.0 青 0
230.566 231.021 55.0 稞 0
231.021 231.472 57.0 酒 1
231.514 231.741 57.0 让 0
231.741 231.968 55.0 我 0
231.968 232.309 57.0 醉 0
232.423 232.878 59.0 在 0
232.878 233.332 57.0 不 0
233.332 233.787 55.0 眠 0
233.787 234.924 52.0 中 1
235.618 236.073 52.0 酿 0
236.073 236.186 57.0 了 0
236.3 236.868 57.0 又 0
236.982 237.209 57.0 酿 0
237.209 237.437 59.0 的 0
237.437 237.891 59.0 青 0
237.891 238.346 55.0 稞 0
238.573 240.619 57.0 酒 1
241.194 241.421 57.0 让 0
241.421 241.649 55.0 我 0
241.649 241.876 55.0 醉 0
241.876 242.217 57.0 - 0
242.444 246.196 59.0 在 0
246.423 246.65 57.0 不 0
246.764 247.105 55.0 - 0
247.219 248.014 52.0 眠 0
248.014 249.378 55.0 - 0
249.833 254.38 52.0 中 1
