14.459 14.688 45.0 又 0
14.688 15.143 54.0 来 0
15.143 16.506 54.0 到 0
16.506 16.961 52.0 天 0
16.961 17.415 50.0 亮 0
17.415 18.097 49.0 的 0
18.097 18.324 49.0 泥 0
18.324 19.234 45.0 沼 1
21.661 21.888 55.0 又 0
21.888 22.342 54.0 想 0
22.342 23.251 54.0 到 0
23.706 24.161 52.0 一 0
24.161 24.388 50.0 起 0
24.388 25.07 49.0 看 0
25.07 25.524 50.0 日 0
25.524 26.888 57.0 出 1
28.792 29.019 54.0 你 0
29.019 29.247 57.0 用 0
29.247 29.701 57.0 力 0
29.701 29.928 55.0 的 0
29.928 30.61 55.0 抱 0
30.61 30.837 54.0 着 0
30.837 31.974 52.0 我 1
32.742 33.196 57.0 说 0
33.196 33.424 55.0 怕 0
33.424 34.034 55.0 丢 0
34.106 34.333 45.0 了 0
34.333 35.469 54.0 我 1
36.276 36.503 54.0 我 0
36.503 36.958 55.0 承 0
36.958 37.867 47.0 诺 0
38.321 38.549 55.0 一 0
38.549 39.003 55.0 直 0
39.003 39.685 54.0 看 0
39.685 40.14 55.0 到 0
40.14 41.503 53.0 老 1
42.361 42.816 45.0 爱 0
42.816 43.27 45.0 情 0
43.27 43.498 45.0 像 0
43.498 43.725 54.0 烟 0
43.725 44.18 55.0 - 0
44.18 45.089 54.0 灰 1
45.475 45.93 52.0 不 0
45.93 46.157 50.0 经 0
46.157 46.839 49.0 意 0
46.839 47.293 50.0 会 0
47.293 48.657 45.0 飞 1
50.157 50.384 45.0 来 0
50.384 50.725 45.0 不 0
50.725 51.066 45.0 及 0
51.066 51.52 55.0 欣 0
51.52 52.429 54.0 赏 1
52.655 52.882 54.0 早 0
52.882 53.336 52.0 已 0
53.336 53.564 50.0 变 0
53.564 54.018 49.0 成 0
54.018 54.473 50.0 空 0
54.473 55.772 57.0 房 1
57.283 57.738 54.0 听 0
57.738 58.192 57.0 着 0
58.192 58.647 57.0 陈 0
58.647 59.102 59.0 奕 0
59.102 59.556 55.0 迅 0
59.556 59.783 57.0 的 0
59.783 60.92 52.0 歌 1
61.726 61.953 57.0 那 0
61.953 62.407 57.0 首 0
62.407 62.635 55.0 好 0
62.635 63.089 55.0 久 0
63.316 63.544 57.0 不 0
63.544 64.68 54.0 见 1
64.719 65.174 54.0 原 0
65.174 65.628 55.0 来 0
65.628 66.083 57.0 剧 0
66.083 66.537 47.0 本 0
66.537 66.992 47.0 早 0
66.992 67.446 49.0 已 0
67.446 67.674 50.0 谱 0
67.674 68.128 52.0 成 0
68.128 69.037 54.0 了 0
69.265 69.719 49.0 情 0
69.719 71.083 50.0 歌 1
72.721 73.175 57.0 现 0
73.175 73.63 62.0 在 0
73.63 73.857 61.0 没 0
73.857 74.085 61.0 人 0
74.085 74.539 62.0 - 0
74.539 74.994 61.0 逼 0
74.994 75.448 57.0 我 0
75.448 76.13 54.0 早 0
76.13 76.585 54.0 睡 0
76.585 77.721 54.0 了 1
80.133 80.587 57.0 看 0
80.587 81.042 62.0 完 0
81.042 81.269 61.0 日 0
81.383 81.951 62.0 出 0
81.951 82.405 61.0 我 0
82.405 82.86 57.0 又 0
82.86 83.201 54.0 想 0
83.201 83.542 57.0 你 0
83.542 85.133 57.0 了 1
86.393 86.848 59.0 我 0
86.848 87.302 61.0 知 0
87.302 87.984 62.0 道 0
87.984 88.211 57.0 这 0
88.211 88.552 57.0 样 0
88.552 89.121 59.0 不 0
89.121 90.484 57.0 好 1
90.58 90.807 55.0 可 0
90.807 91.035 55.0 是 0
91.035 91.262 54.0 没 0
91.262 91.717 57.0 有 0
91.717 92.171 61.0 安 0
92.171 92.398 59.0 - 0
92.398 92.626 59.0 眠 0
92.626 92.853 61.0 药 0
92.853 93.307 62.0 - 1
93.764 94.219 54.0 原 0
94.219 94.446 55.0 来 0
94.446 94.673 55.0 爱 0
94.673 95.128 57.0 - 0
95.128 95.582 55.0 情 0
95.582 96.037 54.0 本 0
96.037 96.378 55.0 来 0
96.378 96.946 57.0 就 0
96.946 97.4 57.0 那 0
97.4 98.082 57.0 么 0
98.082 98.537 50.0 妖 0
98.537 100.128 52.0 娆 1
101.879 102.333 57.0 现 0
102.333 102.788 62.0 在 0
103.015 103.47 61.0 谁 0
103.47 103.697 62.0 能 0
103.697 104.152 62.0 逼 0
104.152 104.606 57.0 我 0
104.606 105.288 54.0 早 0
105.288 105.742 57.0 睡 0
105.742 106.879 54.0 呢 1
109.122 109.576 57.0 看 0
109.576 110.031 62.0 完 0
110.031 110.258 61.0 日 0
110.372 110.94 62.0 出 0
110.94 111.394 61.0 我 0
111.394 111.849 57.0 又 0
111.849 112.19 54.0 想 0
112.19 112.531 57.0 你 0
112.531 114.122 57.0 了 1
115.598 116.053 59.0 我 0
116.053 116.507 61.0 知 0
116.507 117.189 62.0 道 0
117.189 117.416 57.0 这 0
117.416 117.757 57.0 样 0
117.757 118.325 59.0 不 0
118.325 119.689 57.0 好 1
119.719 119.946 55.0 可 0
119.946 120.174 55.0 是 0
120.174 120.401 54.0 没 0
120.401 120.855 57.0 有 0
120.855 121.31 61.0 安 0
121.31 121.537 59.0 - 0
121.537 121.765 59.0 眠 0
121.765 121.992 61.0 药 0
121.992 122.446 62.0 - 1
123.256 123.484 54.0 原 0
123.484 123.711 55.0 来 0
123.711 124.166 57.0 是 0
124.166 124.393 57.0 我 0
124.393 125.075 57.0 强 0
125.075 125.529 55.0 求 0
125.529 125.756 52.0 爱 0
125.756 126.211 52.0 情 0
126.211 127.12 50.0 的 0
127.12 127.347 49.0 药 0
127.347 128.711 50.0 效 0
128.711 129.613 63.0 哦 1
131.067 131.521 58.0 现 0
131.521 131.976 63.0 在 0
132.203 132.657 62.0 谁 0
132.657 132.885 63.0 能 0
132.885 133.339 62.0 逼 0
133.339 133.794 58.0 我 0
133.794 134.476 55.0 早 0
134.476 134.703 58.0 睡 0
134.703 135.157 55.0 - 0
135.157 136.067 55.0 呢 0
136.067 137.317 58.0 唔 0
137.317 137.43 60.0 - 1
138.344 138.799 58.0 看 0
138.799 139.253 63.0 完 0
139.253 139.594 62.0 日 0
139.594 139.935 63.0 出 0
139.935 140.162 63.0 我 0
140.162 140.39 65.0 - 0
140.39 140.617 63.0 - 0
140.617 140.844 63.0 又 0
140.844 141.072 60.0 想 0
141.072 141.412 62.0 - 0
141.412 141.753 55.0 你 0
141.753 143.344 58.0 了 0
143.344 143.799 58.0 - 1
144.571 145.025 60.0 我 0
145.025 145.48 62.0 知 0
145.48 145.935 63.0 道 0
145.935 146.162 62.0 这 0
146.162 146.616 63.0 样 0
146.616 147.071 63.0 不 0
147.071 148.207 63.0 好 1
148.754 148.981 58.0 可 0
148.981 149.208 56.0 是 0
149.208 149.663 55.0 没 0
149.663 149.89 58.0 有 0
149.89 150.345 62.0 安 0
150.345 150.572 60.0 - 0
150.572 150.799 60.0 眠 0
150.799 155.572 63.0 药 1
158.155 158.382 55.0 原 0
158.382 158.723 56.0 来 0
158.723 159.177 56.0 是 0
159.177 159.632 58.0 我 0
159.632 160.086 58.0 强 0
160.086 160.541 56.0 求 0
161.223 161.45 55.0 爱 0
161.45 161.905 53.0 情 0
161.905 162.814 51.0 的 0
163.95 164.291 50.0 药 0
164.291 165.655 51.0 效 1
169.377 169.604 55.0 原 0
169.604 169.831 56.0 来 0
169.831 170.286 55.0 是 0
170.286 170.74 56.0 我 0
170.74 171.422 55.0 强 0
171.422 171.649 56.0 求 0
171.99 172.331 55.0 爱 0
172.331 172.786 53.0 情 0
172.786 174.604 51.0 的 0
175.74 176.195 50.0 药 0
176.195 177.331 51.0 效 1
