17.271 17.535 66.0 一 0
17.535 17.798 63.0 - 0
17.798 18.851 66.0 树 0
18.851 19.378 68.0 - 0
19.378 19.905 63.0 红 0
19.905 20.432 61.0 - 0
20.432 20.695 59.0 花 0
20.695 20.958 61.0 - 0
20.958 21.222 56.0 - 0
21.485 22.012 66.0 照 0
22.012 22.539 66.0 - 0
22.539 23.065 68.0 - 0
23.065 23.329 70.0 碧 0
23.329 23.592 68.0 - 0
23.592 24.119 63.0 海 0
24.119 25.172 66.0 - 1
25.719 25.981 71.0 一 0
25.981 26.242 68.0 - 0
26.242 27.289 71.0 - 0
27.289 27.812 73.0 团 0
27.812 28.34 68.0 - 0
28.34 28.868 68.0 火 0
28.868 29.132 66.0 - 0
29.132 29.396 68.0 焰 0
29.396 29.66 63.0 - 0
29.924 30.32 61.0 出 0
30.32 30.716 59.0 - 0
30.716 30.98 61.0 - 0
30.98 31.508 63.0 - 0
31.508 32.036 63.0 水 0
32.036 32.561 61.0 - 0
32.561 33.612 59.0 来 1
34.257 34.52 63.0 珊 0
34.52 34.783 61.0 - 0
34.783 35.833 63.0 - 0
35.833 36.359 66.0 瑚 0
36.359 36.884 63.0 - 0
36.884 37.41 61.0 树 0
37.41 37.672 56.0 - 0
37.672 37.935 59.0 红 0
37.935 38.198 54.0 - 0
38.46 39.248 59.0 春 0
39.248 39.511 61.0 - 0
39.511 40.037 66.0 - 0
40.037 40.562 66.0 常 0
40.562 41.089 66.0 - 0
41.089 42.143 63.0 在 1
42.661 42.925 66.0 风 0
42.925 43.188 68.0 - 0
43.188 43.452 63.0 - 0
43.452 43.715 66.0 波 0
43.715 44.242 68.0 - 0
44.242 44.769 68.0 浪 0
44.769 46.086 71.0 - 0
46.349 46.876 73.0 里 0
46.876 47.403 68.0 - 0
47.403 47.93 66.0 把 0
47.93 48.457 70.0 - 0
48.457 48.984 68.0 花 0
48.984 49.511 68.0 - 0
49.511 50.301 66.0 开 0
50.564 52.13 68.0 哎 0
52.13 54.735 59.0 - 1
55.269 56.056 59.0 云 0
56.056 56.318 61.0 - 0
56.318 56.842 58.0 来 0
56.842 57.366 54.0 - 0
57.366 58.707 59.0 遮 0
58.975 59.511 61.0 - 0
59.511 60.032 63.0 雾 0
60.032 60.554 61.0 - 0
60.554 61.075 61.0 来 0
61.075 61.466 56.0 - 0
61.466 61.596 56.0 - 0
61.596 62.122 56.0 盖 0
62.122 62.911 54.0 - 1
63.662 64.187 66.0 云 0
64.187 64.713 66.0 里 0
64.713 65.239 63.0 - 0
65.239 65.765 66.0 - 0
65.765 66.289 68.0 雾 0
66.289 66.814 73.0 里 0
66.814 67.6 68.0 - 0
67.863 68.387 68.0 放 0
68.387 68.911 66.0 - 0
68.911 69.305 70.0 光 0
69.305 69.698 70.0 - 0
69.698 69.96 68.0 - 0
69.96 70.479 68.0 彩 0
70.479 71.517 66.0 - 1
71.946 72.477 71.0 风 0
72.477 73.009 71.0 - 0
73.009 73.54 63.0 吹 0
73.54 74.071 66.0 - 0
74.071 75.65 71.0 - 0
75.65 76.176 73.0 来 0
76.176 76.702 59.0 - 0
76.965 77.754 66.0 打 0
77.754 78.28 68.0 - 0
78.28 78.802 66.0 - 0
78.802 79.845 63.0 来 1
80.495 81.018 66.0 风 0
81.018 81.54 66.0 吹 0
81.54 82.063 63.0 - 0
82.063 82.586 66.0 - 0
82.586 83.113 68.0 浪 0
83.113 83.64 73.0 打 0
83.64 84.166 68.0 - 0
84.693 85.22 63.0 花 0
85.22 85.747 68.0 - 0
85.747 86.273 70.0 常 0
86.273 86.8 70.0 - 0
86.8 87.327 68.0 开 0
87.327 87.854 66.0 - 0
88.38 89.96 59.0 哎 0
89.96 93.622 59.0 - 1
109.906 110.169 66.0 一 0
110.169 110.433 63.0 - 0
110.433 111.486 66.0 - 0
111.486 112.013 68.0 树 0
112.013 112.538 63.0 - 0
112.538 113.064 63.0 红 0
113.064 113.326 59.0 - 0
113.326 113.589 61.0 花 0
113.589 113.852 56.0 - 0
114.114 114.64 66.0 照 0
114.64 115.165 63.0 - 0
115.165 115.691 68.0 - 0
115.691 115.953 70.0 - 0
115.953 116.216 68.0 碧 0
116.216 116.742 66.0 - 0
116.742 117.793 66.0 海 1
118.266 118.529 71.0 一 0
118.529 118.792 68.0 - 0
118.792 119.843 71.0 团 0
119.843 120.368 73.0 - 0
120.368 120.894 68.0 火 0
120.894 121.419 68.0 - 0
121.419 121.682 66.0 焰 0
121.682 121.945 66.0 - 0
121.945 122.208 63.0 - 0
122.47 122.865 61.0 出 0
122.865 123.259 59.0 - 0
123.259 123.521 61.0 - 0
123.521 124.047 63.0 水 0
124.047 124.573 63.0 - 0
124.573 125.099 61.0 来 0
125.099 126.153 59.0 - 1
126.754 127.018 63.0 珊 0
127.018 127.281 61.0 - 0
127.281 128.335 63.0 - 0
128.335 128.861 66.0 瑚 0
128.861 129.388 61.0 - 0
129.388 129.915 59.0 树 0
129.915 130.178 56.0 - 0
130.178 130.442 59.0 红 0
130.442 130.705 54.0 - 0
130.968 131.752 59.0 春 0
131.752 132.013 61.0 - 0
132.013 132.535 66.0 - 0
132.535 133.058 68.0 常 0
133.058 133.58 66.0 - 0
133.58 134.625 63.0 在 1
135.126 135.393 66.0 风 0
135.393 135.659 68.0 - 0
135.659 135.925 63.0 - 0
135.925 136.191 66.0 波 0
136.191 136.724 68.0 - 0
136.724 137.256 66.0 浪 0
137.256 138.567 71.0 - 0
138.83 139.354 73.0 里 0
139.354 139.878 68.0 - 0
139.878 140.403 66.0 把 0
140.403 140.927 70.0 - 0
140.927 141.452 68.0 花 0
141.452 141.978 68.0 - 0
141.978 142.769 66.0 开 0
143.032 144.607 68.0 哎 0
144.607 147.214 59.0 - 1
147.653 148.451 59.0 云 0
148.451 148.718 61.0 - 0
148.718 149.25 58.0 - 0
149.25 149.782 54.0 来 0
149.782 151.104 59.0 - 0
151.369 151.897 61.0 遮 0
151.897 152.429 63.0 - 0
152.429 152.96 61.0 雾 0
152.96 153.492 58.0 - 0
153.492 153.89 56.0 来 0
153.89 154.023 56.0 - 0
154.023 154.548 56.0 - 0
154.548 155.335 54.0 盖 1
156.25 156.772 66.0 云 0
156.772 157.294 66.0 里 0
157.294 157.816 63.0 - 0
157.816 158.338 66.0 - 0
158.338 158.865 68.0 雾 0
158.865 159.391 70.0 里 0
159.391 160.181 68.0 - 0
160.445 160.969 68.0 放 0
160.969 161.494 66.0 - 0
161.494 161.887 70.0 光 0
161.887 162.281 70.0 - 0
162.281 162.543 68.0 - 0
162.543 163.068 68.0 彩 0
163.068 164.116 66.0 - 1
164.664 165.191 71.0 风 0
165.191 165.717 71.0 - 0
165.717 166.244 66.0 吹 0
166.244 166.771 68.0 - 0
166.771 168.351 71.0 - 0
168.351 168.878 73.0 来 0
168.878 169.402 59.0 - 0
169.663 170.449 66.0 打 0
170.449 170.973 68.0 - 0
170.973 171.5 66.0 - 0
171.5 172.553 63.0 来 1
173.036 173.563 66.0 风 0
173.563 174.089 66.0 吹 0
174.089 174.616 63.0 - 0
174.616 175.143 66.0 - 0
175.143 175.667 68.0 浪 0
175.667 176.192 70.0 打 0
176.192 176.716 68.0 - 0
177.241 177.768 63.0 花 0
177.768 178.294 66.0 - 0
178.294 178.821 70.0 常 0
178.821 179.348 68.0 - 0
179.348 179.875 68.0 开 0
179.875 180.401 66.0 - 0
180.928 184.361 59.0 哎 0
184.361 188.854 59.0 - 1
