32.261 32.509 53.0 又 0
32.55 32.797 58.0 是 0
32.838 33.086 58.0 一 0
33.127 33.374 58.0 年 0
33.415 33.663 56.0 到 0
33.703 33.951 58.0 - 0
33.985 34.24 61.0 重 0
34.28 34.528 60.0 - 0
34.562 35.682 58.0 阳 1
36.87 37.117 53.0 千 0
37.158 37.406 58.0 里 0
37.446 37.694 58.0 之 0
37.735 37.983 58.0 外 0
38.023 38.271 51.0 想 0
38.312 38.559 53.0 - 0
38.6 38.848 56.0 爹 0
38.889 39.136 55.0 - 0
39.177 40.579 53.0 娘 1
41.33 42.161 53.0 离 0
42.202 42.45 61.0 家 0
42.484 43.027 58.0 已 0
43.06 43.604 61.0 有 0
43.637 44.181 58.0 十 0
44.222 44.469 56.0 几 0
44.51 44.758 53.0 - 0
44.798 45.19 51.0 载 1
45.956 46.204 51.0 思 0
46.245 46.492 51.0 土 0
46.533 46.781 51.0 念 0
46.822 47.069 46.0 根 0
47.103 47.646 56.0 梦 0
47.687 47.935 53.0 故 0
47.976 48.223 51.0 - 0
48.264 49.954 53.0 乡 1
50.67 50.917 53.0 又 0
50.958 51.206 58.0 是 0
51.247 51.494 58.0 一 0
51.535 51.783 58.0 年 0
51.824 52.071 56.0 秋 0
52.112 52.36 58.0 - 0
52.4 52.648 61.0 叶 0
52.689 52.937 60.0 - 0
52.97 54.09 58.0 黄 1
55.316 55.564 53.0 身 0
55.605 55.852 58.0 在 0
55.893 56.141 58.0 他 0
56.181 56.429 58.0 乡 0
56.47 56.718 51.0 想 0
56.758 57.006 53.0 - 0
57.047 57.294 56.0 爹 0
57.335 57.583 55.0 - 0
57.624 59.025 53.0 娘 1
59.794 60.626 53.0 窗 0
60.667 60.914 61.0 外 0
60.955 61.491 58.0 一 0
61.525 62.068 61.0 轮 0
62.102 62.645 58.0 圆 0
62.686 62.934 58.0 圆 0
62.975 63.222 56.0 的 0
63.263 63.511 53.0 月 0
63.551 63.799 51.0 - 0
63.84 64.088 49.0 亮 1
64.405 64.652 63.0 可 0
64.7 64.948 63.0 否 0
64.989 65.236 63.0 照 0
65.277 65.525 61.0 亮 0
65.558 65.813 60.0 我 0
65.854 66.102 58.0 的 0
66.143 66.599 56.0 家 0
66.712 70.717 58.0 乡 1
71.458 71.706 58.0 秋 0
71.746 71.987 65.0 叶 0
72.028 72.282 65.0 黄 0
72.323 72.571 65.0 了 0
72.605 73.436 65.0 想 0
73.477 73.718 61.0 爹 0
73.758 75.456 63.0 娘 0
75.496 75.744 61.0 - 1
76.076 76.331 63.0 养 0
76.372 76.619 63.0 育 0
76.66 76.908 63.0 之 0
76.949 77.196 65.0 恩 0
77.237 77.485 60.0 怎 0
77.526 77.773 58.0 - 0
77.814 78.35 56.0 能 0
78.384 80.081 58.0 忘 1
80.674 81.506 58.0 含 0
81.547 81.795 63.0 辛 0
81.828 82.372 63.0 茹 0
82.412 82.66 61.0 苦 0
82.701 82.949 58.0 - 0
82.989 83.237 56.0 把 0
83.278 83.525 58.0 我 0
83.566 83.814 58.0 养 0
83.855 84.102 56.0 - 0
84.143 84.679 53.0 大 1
85.215 85.758 63.0 今 0
85.799 86.335 63.0 生 0
86.376 86.624 61.0 何 0
86.664 86.912 58.0 以 0
86.953 87.2 61.0 还 0
87.234 87.482 63.0 - 0
87.523 89.22 65.0 偿 1
89.809 90.057 58.0 秋 0
90.098 90.346 65.0 叶 0
90.379 90.634 65.0 黄 0
90.675 90.922 65.0 了 0
90.956 91.788 65.0 想 0
91.829 92.076 61.0 爹 0
92.11 93.807 63.0 娘 0
93.848 94.096 61.0 - 1
94.438 94.692 63.0 思 0
94.733 94.981 63.0 念 0
95.022 95.269 63.0 双 0
95.31 95.558 65.0 亲 0
95.599 95.846 60.0 泪 0
95.887 96.135 58.0 - 0
96.176 96.712 56.0 满 0
96.745 98.154 58.0 眶 1
99.128 99.96 58.0 山 0
100.001 100.248 63.0 水 0
100.282 100.825 63.0 迢 0
100.866 101.114 61.0 迢 0
101.154 101.402 58.0 - 0
101.443 101.691 56.0 千 0
101.731 101.979 58.0 - 0
102.02 102.267 58.0 里 0
102.308 102.556 56.0 - 0
102.597 103.133 53.0 远 1
103.79 104.045 63.0 何 0
104.086 104.334 63.0 时 0
104.375 104.622 63.0 回 0
104.663 104.911 65.0 到 0
104.944 105.199 60.0 爹 0
105.24 105.488 58.0 娘 0
105.528 105.776 58.0 的 0
105.817 106.064 56.0 身 0
106.098 108.084 58.0 旁 1
131.316 131.564 53.0 又 0
131.604 131.852 58.0 是 0
131.893 132.14 58.0 一 0
132.174 132.429 61.0 年 0
132.47 132.717 60.0 秋 0
132.758 133.006 58.0 - 0
133.047 133.576 56.0 叶 0
133.616 135.025 58.0 黄 1
136.041 136.289 53.0 身 0
136.33 136.577 58.0 在 0
136.618 136.866 58.0 他 0
136.907 137.154 58.0 乡 0
137.195 137.443 51.0 想 0
137.484 137.731 53.0 - 0
137.772 138.02 56.0 爹 0
138.061 138.308 55.0 - 0
138.349 139.75 53.0 娘 1
140.643 141.475 53.0 窗 0
141.516 141.764 61.0 外 0
141.805 142.341 58.0 一 0
142.374 142.918 61.0 轮 0
142.951 143.494 58.0 圆 0
143.535 143.783 58.0 圆 0
143.824 144.071 56.0 的 0
144.112 144.36 53.0 月 0
144.401 144.648 51.0 - 0
144.689 144.937 49.0 亮 1
145.178 145.433 63.0 可 0
145.474 145.721 63.0 否 0
145.762 146.01 63.0 照 0
146.05 146.298 65.0 亮 0
146.332 146.587 60.0 我 0
146.627 146.875 58.0 的 0
146.916 147.445 56.0 家 0
147.486 151.49 58.0 乡 1
152.175 152.423 58.0 秋 0
152.464 152.711 65.0 叶 0
152.745 152.992 65.0 黄 0
153.041 153.288 65.0 了 0
153.322 154.154 65.0 想 0
154.194 154.442 61.0 爹 0
154.476 156.173 63.0 娘 0
156.214 156.461 61.0 - 1
156.8 157.055 63.0 养 0
157.096 157.344 63.0 育 0
157.384 157.632 63.0 之 0
157.673 157.921 65.0 恩 0
157.961 158.209 60.0 怎 0
158.25 158.497 58.0 - 0
158.538 159.067 56.0 能 0
159.108 160.805 58.0 忘 1
161.461 162.292 58.0 含 0
162.333 162.581 63.0 辛 0
162.615 163.158 63.0 茹 0
163.199 163.446 61.0 苦 0
163.487 163.735 58.0 - 0
163.776 164.023 56.0 把 0
164.064 164.312 58.0 我 0
164.353 164.6 58.0 养 0
164.641 164.889 56.0 - 0
164.929 165.466 53.0 大 1
165.936 166.479 63.0 今 0
166.52 167.056 63.0 生 0
167.097 167.345 61.0 何 0
167.386 167.633 58.0 以 0
167.674 167.922 61.0 还 0
167.963 168.203 63.0 - 0
168.244 169.941 65.0 偿 1
170.677 170.924 58.0 秋 0
170.965 171.213 65.0 叶 0
171.246 171.494 65.0 黄 0
171.542 171.782 65.0 了 0
171.823 172.655 65.0 想 0
172.696 172.936 61.0 爹 0
172.977 174.674 63.0 娘 0
174.715 174.963 61.0 - 1
175.238 175.493 63.0 思 0
175.534 175.781 63.0 念 0
175.822 176.07 63.0 双 0
176.11 176.358 65.0 亲 0
176.399 176.647 60.0 泪 0
176.687 176.935 58.0 - 0
176.976 177.433 56.0 满 0
177.546 178.954 58.0 眶 1
179.872 180.704 58.0 山 0
180.745 180.992 63.0 水 0
181.026 181.569 63.0 迢 0
181.61 181.858 61.0 迢 0
181.899 182.146 58.0 - 0
182.187 182.435 56.0 千 0
182.476 182.723 58.0 - 0
182.764 183.012 58.0 里 0
183.053 183.3 56.0 - 0
183.341 183.877 53.0 远 1
184.447 184.701 63.0 何 0
184.742 184.99 63.0 时 0
185.031 185.278 63.0 回 0
185.319 185.567 65.0 到 0
185.6 185.855 60.0 爹 0
185.896 186.144 58.0 娘 0
186.185 186.432 58.0 的 0
186.473 186.721 56.0 身 0
186.754 188.451 58.0 旁 1
189.055 189.303 58.0 秋 0
189.344 189.584 65.0 叶 0
189.625 189.88 65.0 黄 0
189.921 190.161 65.0 了 0
190.202 191.034 65.0 想 0
191.074 191.315 61.0 爹 0
191.356 193.053 63.0 娘 0
193.094 193.341 61.0 - 1
193.709 193.964 63.0 养 0
194.005 194.253 63.0 育 0
194.294 194.541 63.0 之 0
194.582 194.75 65.0 恩 0
194.863 195.407 65.0 怎 0
195.447 195.695 61.0 能 0
195.736 195.983 60.0 - 0
196.024 197.714 58.0 忘 1
198.307 199.139 58.0 含 0
199.179 199.42 63.0 辛 0
199.461 200.004 63.0 茹 0
200.045 200.292 61.0 苦 0
200.333 200.581 58.0 - 0
200.622 200.869 56.0 把 0
200.91 201.158 58.0 我 0
201.199 201.446 58.0 养 0
201.487 201.735 56.0 - 0
201.776 202.312 53.0 大 1
202.885 203.428 63.0 今 0
203.469 204.005 63.0 生 0
204.046 204.294 61.0 何 0
204.335 204.582 58.0 以 0
204.623 204.871 61.0 还 0
204.912 205.159 63.0 - 0
205.193 206.89 65.0 偿 1
207.496 207.743 58.0 秋 0
207.784 208.032 65.0 叶 0
208.065 208.32 65.0 黄 0
208.361 208.609 65.0 了 0
208.642 209.474 65.0 想 0
209.515 210.044 61.0 爹 0
210.085 211.493 63.0 娘 0
211.534 211.782 61.0 - 1
212.189 212.444 63.0 思 0
212.485 212.732 63.0 念 0
212.773 213.021 63.0 双 0
213.062 213.309 65.0 亲 0
213.35 213.598 60.0 泪 0
213.638 213.886 58.0 - 0
213.927 214.463 56.0 满 0
214.497 215.905 58.0 眶 1
216.771 217.603 58.0 山 0
217.644 217.891 63.0 水 0
217.925 218.468 63.0 迢 0
218.509 218.757 61.0 迢 0
218.798 219.045 58.0 - 0
219.086 219.334 56.0 千 0
219.375 219.622 58.0 - 0
219.663 219.911 58.0 里 0
219.952 220.199 56.0 - 0
220.24 220.776 53.0 远 1
221.424 221.678 63.0 何 0
221.719 221.967 63.0 时 0
222.008 222.255 63.0 回 0
222.296 222.544 65.0 到 0
222.578 222.832 60.0 爹 0
222.873 223.121 58.0 娘 0
223.162 223.409 58.0 的 0
223.45 223.691 56.0 身 0
223.731 225.428 58.0 旁 1
225.954 226.786 58.0 山 0
226.827 227.067 63.0 水 0
227.108 227.651 63.0 迢 0
227.692 227.94 61.0 迢 0
227.981 228.228 58.0 - 0
228.269 228.517 56.0 千 0
228.557 228.805 58.0 - 0
228.846 229.093 58.0 里 0
229.134 229.382 56.0 - 0
229.423 229.959 53.0 远 1
231.233 231.632 63.0 何 0
231.673 232.065 63.0 时 0
232.106 232.498 63.0 回 0
232.539 232.93 65.0 到 0
232.964 233.507 60.0 爹 0
233.548 233.796 58.0 娘 0
233.837 234.084 60.0 的 0
234.125 234.373 58.0 - 0
234.414 236.392 56.0 身 0
237.58 243.315 58.0 旁 1
