13.457 13.671 60.0 看 0
13.674 13.888 60.0 着 0
13.892 14.105 60.0 你 0
14.109 14.323 63.0 慢 0
14.326 14.54 65.0 慢 0
14.544 14.757 65.0 离 0
14.761 14.975 63.0 开 0
14.979 15.192 63.0 我 0
15.196 15.627 65.0 - 0
15.631 15.736 63.0 的 0
15.848 16.171 63.0 视 0
16.283 16.714 60.0 线 1
16.873 17.087 56.0 才 0
17.09 17.304 58.0 明 0
17.308 17.522 56.0 白 1
17.578 17.792 56.0 原 0
17.796 17.901 58.0 来 0
18.013 18.118 58.0 这 0
18.23 18.335 58.0 份 0
18.448 18.607 58.0 爱 0
18.72 19.096 58.0 情 0
19.1 19.314 60.0 已 0
19.317 19.64 56.0 走 0
19.752 20.075 53.0 远 1
20.723 20.937 53.0 而 0
20.94 21.698 56.0 我 0
22.462 22.676 53.0 还 0
22.68 23.002 65.0 相 0
23.114 23.328 63.0 信 0
23.332 23.546 63.0 有 0
23.549 23.98 63.0 永 0
23.984 24.198 63.0 恒 0
24.201 24.415 65.0 的 0
24.419 24.85 58.0 诺 0
24.854 26.589 60.0 言 1
27.491 27.705 60.0 既 0
27.709 27.922 63.0 然 0
27.926 28.031 63.0 爱 0
28.035 28.248 65.0 已 0
28.361 28.575 65.0 到 0
28.578 28.792 63.0 了 0
28.796 29.444 65.0 痛 0
29.448 29.553 63.0 的 0
29.665 29.988 63.0 边 0
30.1 30.531 60.0 缘 1
30.957 31.171 58.0 就 0
31.175 31.389 56.0 算 0
31.392 31.606 58.0 为 0
31.827 32.041 58.0 我 0
32.044 32.258 56.0 们 0
32.262 32.802 58.0 留 0
32.914 33.128 63.0 住 0
33.131 33.563 58.0 时 0
33.566 34.106 60.0 间 1
34.542 34.755 53.0 也 0
34.759 34.973 55.0 换 0
34.976 35.299 56.0 不 0
35.411 35.842 56.0 回 0
36.281 36.495 58.0 相 0
36.498 36.712 60.0 爱 0
36.716 37.255 58.0 的 0
37.585 38.016 55.0 那 0
38.02 38.234 51.0 一 0
38.237 39.647 53.0 天 1
41.363 41.577 60.0 沧 0
41.581 41.794 60.0 海 0
41.798 42.12 65.0 桑 0
42.233 42.773 65.0 田 0
43.102 43.316 65.0 谁 0
43.32 43.534 63.0 为 0
43.537 44.077 65.0 谁 0
44.407 44.62 63.0 而 0
44.624 45.055 58.0 改 0
45.059 45.49 60.0 变 0
45.494 45.925 58.0 - 0
45.928 46.142 60.0 - 1
48.42 48.634 60.0 心 0
48.637 48.851 60.0 甘 0
48.855 49.177 65.0 情 0
49.289 49.829 65.0 愿 1
50.181 50.395 65.0 却 0
50.398 50.612 63.0 不 0
50.616 50.829 63.0 见 0
50.833 51.264 65.0 - 0
51.485 51.808 63.0 我 0
51.92 52.134 63.0 们 0
52.137 52.351 65.0 的 0
52.355 52.786 63.0 永 0
52.79 54.199 60.0 远 1
55.25 55.464 58.0 爱 0
55.468 55.681 58.0 与 0
55.685 55.899 56.0 被 0
55.902 56.225 56.0 爱 0
56.555 56.768 55.0 同 0
56.772 57.203 56.0 样 0
57.207 57.421 53.0 是 0
57.424 57.855 58.0 受 0
57.859 58.073 63.0 伤 0
58.076 58.29 58.0 害 1
58.8 59.013 56.0 谁 0
59.017 59.231 58.0 先 0
59.234 59.665 60.0 不 0
59.669 60.1 63.0 爱 0
60.104 60.752 58.0 谁 0
60.756 60.97 60.0 先 0
60.973 61.405 58.0 离 0
61.408 61.839 56.0 开 1
62.396 62.61 51.0 留 0
62.613 62.827 56.0 下 0
62.831 63.262 60.0 的 0
63.265 63.479 58.0 - 0
63.483 64.131 58.0 人 0
64.57 65.11 58.0 满 0
65.222 65.653 58.0 身 0
65.82 66.305 53.0 伤 0
66.309 66.849 53.0 痕 0
66.852 68.044 53.0 - 1
68.819 69.142 60.0 你 0
69.145 69.468 68.0 的 0
69.526 69.739 60.0 选 0
69.743 70.283 65.0 择 0
70.613 70.935 65.0 没 0
71.047 71.261 63.0 有 0
71.265 72.131 65.0 错 1
72.174 72.388 60.0 我 0
72.392 72.823 68.0 欠 0
72.827 73.04 65.0 你 0
73.044 73.258 63.0 的 0
73.261 73.584 65.0 太 0
73.696 73.91 63.0 - 0
73.914 75.54 60.0 多 1
75.752 76.038 53.0 受 0
76.042 76.256 58.0 伤 0
76.404 76.618 56.0 的 0
76.622 77.27 58.0 心 0
77.274 77.488 58.0 找 0
77.491 77.705 58.0 不 0
77.781 78.14 58.0 到 0
78.143 78.357 56.0 解 0
78.361 78.901 58.0 药 1
79.256 79.579 63.0 怎 0
79.582 79.905 65.0 么 0
79.908 80.122 63.0 愈 0
80.126 82.296 60.0 合 1
82.781 83.103 60.0 你 0
83.107 83.429 68.0 的 0
83.433 83.647 60.0 选 0
83.65 84.19 65.0 择 0
84.52 84.951 65.0 躲 0
84.954 85.168 63.0 不 0
85.172 85.929 65.0 过 1
86.138 86.569 68.0 泪 0
86.573 86.786 65.0 水 0
86.79 87.004 63.0 的 0
87.007 87.439 65.0 折 0
87.442 87.656 63.0 - 0
87.66 89.178 60.0 磨 1
89.696 89.91 51.0 宁 0
89.913 90.345 60.0 愿 0
90.348 90.562 56.0 解 0
90.566 91.106 58.0 脱 1
91.435 91.866 58.0 一 0
91.87 92.084 56.0 个 0
92.087 92.301 56.0 人 0
92.305 92.736 58.0 - 0
93.174 93.497 56.0 独 0
93.537 93.75 58.0 自 0
93.827 94.04 56.0 漂 0
94.044 95.453 53.0 泊 1
110.758 110.972 58.0 看 0
110.975 111.189 60.0 着 0
111.193 111.407 60.0 你 0
111.41 111.624 63.0 慢 0
111.628 111.841 65.0 慢 0
111.845 112.059 65.0 离 0
112.062 112.276 63.0 开 0
112.28 112.494 63.0 我 0
112.497 112.928 65.0 - 0
112.932 113.037 63.0 的 0
113.149 113.472 63.0 视 0
113.584 114.015 60.0 线 1
114.204 114.418 56.0 才 0
114.422 114.635 58.0 明 0
114.639 114.853 56.0 白 1
114.862 115.076 56.0 原 0
115.08 115.185 58.0 来 0
115.297 115.402 58.0 这 0
115.515 115.62 58.0 份 0
115.732 115.946 58.0 爱 0
116.004 116.381 58.0 情 0
116.384 116.598 60.0 已 0
116.602 116.924 56.0 走 0
117.036 117.359 53.0 远 1
118.19 118.404 53.0 而 0
118.408 119.165 56.0 我 0
119.929 120.143 53.0 还 0
120.147 120.469 65.0 相 0
120.582 120.795 63.0 信 0
120.799 121.013 63.0 有 0
121.016 121.23 63.0 永 0
121.306 121.52 63.0 恒 0
121.669 121.882 65.0 的 0
121.886 122.317 63.0 诺 0
122.321 124.056 60.0 言 1
124.834 125.048 60.0 既 0
125.052 125.266 63.0 然 0
125.269 125.374 63.0 爱 0
125.378 125.592 65.0 已 0
125.704 125.918 65.0 到 0
125.921 126.135 63.0 了 0
126.139 126.787 65.0 痛 0
126.791 126.896 63.0 的 0
127.008 127.331 63.0 边 0
127.443 127.874 60.0 缘 1
128.429 128.643 58.0 就 0
128.646 128.86 56.0 算 0
128.864 129.077 58.0 为 0
129.298 129.512 58.0 我 0
129.516 129.729 56.0 们 0
129.733 130.273 58.0 留 0
130.385 130.599 63.0 住 0
130.603 131.034 58.0 时 0
131.037 131.251 58.0 间 0
131.255 131.577 60.0 - 1
131.804 132.018 53.0 也 0
132.021 132.235 55.0 换 0
132.239 132.561 56.0 不 0
132.674 133.105 56.0 回 0
133.543 133.757 58.0 相 0
133.761 133.974 60.0 爱 0
133.978 134.518 58.0 的 0
134.847 135.279 55.0 那 0
135.282 135.496 51.0 一 0
135.5 135.931 53.0 天 0
135.934 136.909 53.0 - 1
138.895 139.108 60.0 沧 0
139.112 139.326 60.0 海 0
139.329 139.652 65.0 桑 0
139.764 140.304 65.0 田 0
140.634 140.847 65.0 谁 0
140.851 141.065 63.0 为 0
141.068 141.608 65.0 谁 0
141.938 142.152 63.0 而 0
142.155 142.587 58.0 改 0
142.59 143.021 60.0 变 0
143.025 143.456 58.0 - 0
143.46 143.673 60.0 - 1
145.762 145.976 60.0 心 0
145.979 146.193 60.0 甘 0
146.197 146.519 65.0 情 0
146.632 147.171 65.0 愿 1
147.58 147.794 65.0 却 0
147.798 148.011 63.0 不 0
148.015 148.229 63.0 见 0
148.232 148.663 65.0 - 0
148.885 149.207 63.0 我 0
149.319 149.533 63.0 们 0
149.537 149.75 65.0 的 0
149.754 150.185 63.0 永 0
150.189 151.598 60.0 远 1
152.781 152.994 58.0 爱 0
152.998 153.212 58.0 与 0
153.215 153.429 56.0 被 0
153.433 153.755 56.0 爱 0
154.085 154.299 55.0 同 0
154.302 154.733 56.0 样 0
154.737 154.951 53.0 是 0
154.954 155.386 58.0 受 0
155.389 155.603 63.0 伤 0
155.607 155.82 58.0 害 1
156.309 156.523 56.0 谁 0
156.526 156.74 58.0 先 0
156.744 157.175 60.0 不 0
157.178 157.61 63.0 爱 0
157.613 158.262 58.0 谁 0
158.265 158.479 60.0 先 0
158.483 158.914 56.0 离 0
158.918 159.349 56.0 开 1
159.684 159.898 53.0 留 0
159.901 160.115 56.0 下 0
160.119 160.55 60.0 的 0
160.554 160.767 58.0 - 0
160.771 161.42 58.0 人 0
161.858 162.398 58.0 满 0
162.51 162.941 58.0 身 0
163.162 163.593 56.0 伤 0
163.597 164.137 53.0 痕 0
164.141 165.333 53.0 - 1
166.203 166.472 60.0 你 0
166.53 166.852 68.0 的 0
166.91 167.124 60.0 选 0
167.127 167.667 65.0 择 0
167.997 168.319 65.0 没 0
168.432 168.645 63.0 有 0
168.649 169.515 65.0 错 1
169.56 169.773 60.0 我 0
169.777 170.208 68.0 欠 0
170.212 170.426 65.0 你 0
170.429 170.643 63.0 的 0
170.647 170.969 65.0 太 0
171.081 171.295 63.0 - 0
171.299 172.926 60.0 多 1
173.228 173.515 53.0 受 0
173.518 173.841 60.0 伤 0
173.881 174.094 56.0 的 0
174.098 174.638 58.0 心 0
174.696 174.964 58.0 找 0
174.967 175.181 58.0 不 0
175.257 175.616 58.0 到 0
175.62 175.833 56.0 解 0
175.837 176.377 58.0 药 1
176.664 176.986 63.0 怎 0
176.99 177.312 65.0 么 0
177.316 177.53 63.0 愈 0
177.533 179.703 60.0 合 1
180.086 180.408 60.0 你 0
180.412 180.734 68.0 的 0
180.738 180.952 60.0 选 0
180.955 181.495 65.0 择 0
181.825 182.256 65.0 躲 0
182.26 182.474 63.0 不 0
182.477 183.234 65.0 过 1
183.6 184.031 68.0 泪 0
184.035 184.249 65.0 水 0
184.252 184.466 63.0 的 0
184.47 184.901 65.0 折 0
184.904 185.118 63.0 - 0
185.122 186.64 60.0 磨 1
187.007 187.221 51.0 宁 0
187.225 187.656 59.0 愿 0
187.66 187.873 56.0 解 0
187.877 188.417 58.0 脱 1
188.792 189.224 58.0 一 0
189.227 189.441 56.0 个 0
189.445 189.658 56.0 人 0
189.662 190.093 58.0 - 0
190.532 190.963 56.0 独 0
190.966 191.108 58.0 自 0
191.184 191.398 56.0 漂 0
191.401 192.811 53.0 泊 1
194.067 194.172 67.0 你 0
194.176 194.607 67.0 的 0
194.719 194.933 63.0 选 0
194.936 195.476 65.0 择 0
195.806 196.128 65.0 没 0
196.241 196.455 63.0 有 0
196.458 197.324 65.0 错 1
197.379 197.593 60.0 我 0
197.596 198.027 68.0 欠 0
198.031 198.245 65.0 你 0
198.248 198.462 63.0 的 0
198.466 198.788 65.0 太 0
198.9 199.114 63.0 - 0
199.118 200.745 60.0 多 1
201.072 201.359 53.0 受 0
201.362 201.685 60.0 伤 0
201.725 201.938 56.0 的 0
201.942 202.482 58.0 心 0
202.54 202.808 58.0 找 0
202.812 203.025 58.0 不 0
203.101 203.46 58.0 到 0
203.464 203.677 56.0 解 0
203.681 204.221 58.0 药 1
204.396 204.718 63.0 怎 0
204.722 205.044 65.0 么 0
205.048 205.262 63.0 愈 0
205.265 207.436 60.0 合 1
207.904 208.009 67.0 你 0
208.013 208.444 68.0 的 0
208.556 208.77 63.0 选 0
208.773 209.313 65.0 择 0
209.643 210.074 65.0 躲 0
210.078 210.292 63.0 不 0
210.295 211.052 65.0 过 1
211.41 211.841 68.0 泪 0
211.845 212.059 65.0 水 0
212.062 212.276 63.0 的 0
212.28 212.711 65.0 折 0
212.715 212.928 63.0 - 0
212.932 214.45 60.0 磨 1
214.93 215.144 53.0 宁 0
215.148 215.579 60.0 愿 0
215.583 215.796 56.0 解 0
215.8 216.34 58.0 脱 1
216.629 217.06 58.0 一 0
217.063 217.277 56.0 个 0
217.281 217.495 56.0 人 0
217.498 217.929 58.0 - 0
218.368 218.654 68.0 独 0
218.73 219.016 67.0 自 0
219.02 219.306 63.0 漂 0
219.31 220.683 65.0 泊 1
