22.561 22.914 60.0 忘 0
22.914 23.62 65.0 了 1
23.999 24.352 65.0 谁 0
24.352 24.705 65.0 先 0
24.705 25.058 64.0 燃 0
25.058 25.411 64.0 起 0
25.411 25.764 60.0 战 0
25.764 26.117 57.0 火 1
26.923 27.276 65.0 那 0
27.276 27.629 65.0 无 0
27.629 27.982 67.0 端 0
27.982 28.335 64.0 的 0
28.335 28.688 65.0 折 0
28.688 29.041 65.0 磨 1
29.591 29.943 65.0 一 0
29.943 30.296 65.0 切 0
30.296 30.649 67.0 究 0
30.649 31.002 69.0 竟 0
31.002 31.355 65.0 为 0
31.355 32.061 69.0 了 0
32.414 32.767 67.0 什 0
32.767 33.473 67.0 么 1
33.92 34.273 60.0 难 0
34.273 34.979 65.0 道 1
35.361 35.714 65.0 像 0
35.714 36.066 65.0 我 0
36.066 36.419 64.0 这 0
36.419 36.772 64.0 般 0
36.772 37.125 60.0 爱 0
37.125 37.478 57.0 你 1
38.155 38.508 65.0 就 0
38.508 38.861 65.0 该 0
38.861 39.214 67.0 学 0
39.214 39.567 64.0 会 0
39.567 39.92 65.0 放 0
39.92 40.273 65.0 弃 1
40.857 41.21 65.0 让 0
41.21 41.563 65.0 自 0
41.563 41.915 67.0 己 0
41.915 42.268 69.0 卑 0
42.268 42.621 65.0 微 0
42.621 43.327 69.0 到 0
43.68 44.033 67.0 土 0
44.033 44.739 67.0 里 1
45.157 45.51 60.0 可 0
45.51 45.863 62.0 是 0
45.863 46.569 69.0 爱 0
46.569 47.275 67.0 已 0
47.275 47.628 69.0 成 0
47.628 47.98 60.0 两 0
47.98 48.333 62.0 刃 0
48.333 48.686 65.0 的 0
48.686 49.392 65.0 利 0
49.392 49.745 65.0 剑 1
50.497 50.85 60.0 了 0
50.85 51.203 60.0 解 0
51.203 51.556 62.0 彼 0
51.556 51.909 60.0 此 0
51.909 52.262 62.0 最 0
52.262 52.615 69.0 能 0
52.615 52.968 62.0 一 0
52.968 53.321 60.0 挥 0
53.321 53.674 62.0 就 0
53.674 54.026 67.0 见 0
54.026 54.379 67.0 血 1
54.734 55.087 60.0 用 0
55.087 55.44 60.0 尽 0
55.44 55.793 60.0 伤 0
55.793 56.146 62.0 人 0
56.146 56.499 65.0 的 0
56.499 56.852 62.0 话 0
56.852 57.205 67.0 去 0
57.205 59.323 69.0 说 1
60.656 61.009 60.0 都 0
61.009 61.362 60.0 没 0
61.362 61.715 62.0 想 0
61.715 62.068 65.0 能 0
62.068 62.421 62.0 不 0
62.421 63.127 72.0 能 0
63.127 63.48 72.0 收 0
63.48 64.186 72.0 得 0
64.186 64.627 65.0 回 0
64.627 64.892 62.0 - 0
64.892 65.598 62.0 啊 1
66.352 66.705 60.0 出 0
66.705 67.058 60.0 口 0
67.058 67.411 62.0 之 0
67.411 67.764 65.0 后 0
67.764 68.117 62.0 却 0
68.117 68.47 67.0 更 0
68.47 68.823 69.0 失 0
68.823 69.529 67.0 落 1
70.326 70.679 65.0 也 0
70.679 71.032 62.0 会 0
71.032 71.385 67.0 更 0
71.385 71.738 69.0 难 0
71.738 72.443 67.0 过 1
73.47 73.823 62.0 这 0
73.823 74.529 67.0 又 0
74.529 74.882 69.0 是 0
74.882 75.588 72.0 何 0
75.588 76.294 65.0 苦 0
76.294 77.0 67.0 呢 1
77.361 77.714 60.0 自 0
77.714 78.066 60.0 问 0
78.066 78.419 60.0 到 0
78.419 78.772 62.0 底 0
78.772 79.125 65.0 舍 0
79.125 79.478 62.0 不 0
79.478 79.831 67.0 舍 0
79.831 81.949 69.0 得 1
83.279 83.632 60.0 舍 0
83.632 83.984 60.0 不 0
83.984 84.337 62.0 舍 0
84.337 84.69 65.0 得 0
84.69 85.043 67.0 爱 0
85.043 85.749 72.0 一 0
85.749 86.102 72.0 瞬 0
86.102 86.808 72.0 都 0
86.808 87.514 65.0 成 0
87.514 87.867 69.0 恨 0
87.867 88.22 67.0 - 0
88.22 88.573 67.0 了 1
89.035 89.388 60.0 眼 0
89.388 89.741 60.0 泪 0
89.741 90.093 62.0 究 0
90.093 90.446 65.0 竟 0
90.446 90.799 72.0 是 0
90.799 91.152 67.0 为 0
91.152 91.505 65.0 谁 0
91.505 92.211 67.0 啊 1
92.762 93.115 65.0 谁 0
93.115 93.468 72.0 输 0
93.468 93.821 67.0 谁 0
93.821 93.997 65.0 赢 0
93.997 94.174 65.0 啊 0
94.174 94.527 67.0 - 1
95.725 96.077 65.0 谁 0
96.077 96.43 62.0 又 0
96.43 97.136 67.0 真 0
97.136 97.489 69.0 的 0
97.489 98.195 72.0 在 0
98.195 98.548 72.0 乎 0
98.548 98.901 72.0 - 0
98.901 99.607 72.0 呢 1
100.196 100.549 60.0 反 0
100.549 100.725 70.0 正 0
100.725 101.078 72.0 - 0
101.078 101.607 69.0 都 0
101.607 101.96 67.0 伤 0
101.96 104.078 65.0 了 1
112.908 113.261 60.0 难 0
113.261 113.966 65.0 道 1
114.422 114.775 65.0 像 0
114.775 115.128 65.0 我 0
115.128 115.481 64.0 这 0
115.481 115.834 64.0 般 0
115.834 116.011 60.0 爱 0
116.011 116.54 57.0 你 1
117.223 117.576 65.0 就 0
117.576 117.929 65.0 该 0
117.929 118.282 67.0 学 0
118.282 118.635 64.0 会 0
118.635 118.988 65.0 放 0
118.988 119.693 65.0 弃 1
120.085 120.438 65.0 让 0
120.438 120.791 65.0 自 0
120.791 121.144 67.0 己 0
121.144 121.497 69.0 卑 0
121.497 121.85 65.0 微 0
121.85 122.556 69.0 到 0
122.909 123.262 67.0 土 0
123.262 123.968 67.0 里 1
124.23 124.583 60.0 可 0
124.583 124.936 62.0 是 0
124.936 125.641 69.0 爱 0
125.641 126.347 67.0 已 0
126.347 126.7 69.0 成 0
126.7 127.053 60.0 两 0
127.053 127.406 62.0 刃 0
127.406 127.759 65.0 的 0
127.759 128.465 65.0 利 0
128.465 128.818 65.0 剑 1
129.507 129.86 62.0 了 0
129.86 130.213 60.0 解 0
130.213 130.566 62.0 彼 0
130.566 130.919 60.0 此 0
130.919 131.272 62.0 最 0
131.272 131.624 67.0 能 0
131.624 131.977 62.0 一 0
131.977 132.33 60.0 挥 0
132.33 132.683 62.0 就 0
132.683 133.036 69.0 见 0
133.036 133.389 67.0 血 1
133.86 134.213 60.0 用 0
134.213 134.566 60.0 尽 0
134.566 134.919 60.0 伤 0
134.919 135.272 62.0 人 0
135.272 135.625 65.0 的 0
135.625 135.978 62.0 话 0
135.978 136.331 67.0 去 0
136.331 138.095 69.0 说 1
139.823 140.176 60.0 都 0
140.176 140.529 60.0 没 0
140.529 140.882 62.0 想 0
140.882 141.235 65.0 能 0
141.235 141.588 62.0 不 0
141.588 142.294 72.0 能 0
142.294 142.647 72.0 收 0
142.647 143.353 72.0 得 0
143.353 143.705 62.0 回 0
143.705 144.058 62.0 - 0
144.058 144.764 62.0 啊 1
145.385 145.738 60.0 出 0
145.738 146.091 60.0 口 0
146.091 146.444 62.0 之 0
146.444 146.797 65.0 后 0
146.797 147.15 62.0 却 0
147.15 147.503 67.0 更 0
147.503 147.856 69.0 失 0
147.856 148.562 67.0 落 1
149.312 149.664 65.0 也 0
149.664 150.017 62.0 会 0
150.017 150.37 67.0 更 0
150.37 150.723 69.0 难 0
150.723 151.429 67.0 过 1
152.401 152.754 62.0 这 0
152.754 153.46 67.0 又 0
153.46 153.813 69.0 是 0
153.813 154.519 72.0 何 0
154.519 155.225 65.0 苦 0
155.225 155.93 67.0 呢 1
156.426 156.779 60.0 自 0
156.779 157.132 60.0 问 0
157.132 157.485 60.0 到 0
157.485 157.838 62.0 底 0
157.838 158.191 65.0 舍 0
158.191 158.544 62.0 不 0
158.544 158.897 67.0 舍 0
158.897 161.015 69.0 得 1
162.319 162.672 60.0 舍 0
162.672 163.025 60.0 不 0
163.025 163.378 62.0 舍 0
163.378 163.731 65.0 得 0
163.731 164.084 67.0 爱 0
164.084 164.79 72.0 一 0
164.79 165.143 72.0 瞬 0
165.143 165.849 72.0 都 0
165.849 166.555 65.0 成 0
166.555 166.908 69.0 恨 0
166.908 167.261 67.0 - 0
167.261 167.613 67.0 了 1
167.974 168.327 60.0 眼 0
168.327 168.68 60.0 泪 0
168.68 169.033 62.0 究 0
169.033 169.386 65.0 竟 0
169.386 169.739 72.0 是 0
169.739 170.092 67.0 为 0
170.092 170.445 65.0 谁 0
170.445 171.151 67.0 啊 1
171.893 172.246 65.0 谁 0
172.246 172.599 72.0 输 0
172.599 172.952 67.0 谁 0
172.952 173.305 65.0 赢 0
173.305 174.01 67.0 啊 1
174.789 175.142 65.0 谁 0
175.142 175.495 62.0 又 0
175.495 176.201 67.0 真 0
176.201 176.554 69.0 的 0
176.554 177.26 72.0 在 0
177.26 177.613 74.0 乎 0
177.613 177.966 72.0 - 0
177.966 178.672 72.0 呢 1
179.207 179.559 60.0 反 0
179.559 179.736 69.0 正 0
179.736 180.089 72.0 - 0
180.089 180.618 69.0 都 0
180.618 180.971 67.0 伤 0
180.971 183.089 65.0 了 1
195.859 196.212 61.0 用 0
196.212 196.565 61.0 尽 0
196.565 196.918 61.0 伤 0
196.918 197.271 63.0 人 0
197.271 197.623 66.0 的 0
197.623 197.976 63.0 话 0
197.976 198.329 68.0 去 0
198.329 200.8 70.0 说 1
201.846 202.199 61.0 都 0
202.199 202.552 61.0 没 0
202.552 202.905 63.0 想 0
202.905 203.257 66.0 能 0
203.257 203.61 63.0 不 0
203.61 204.316 73.0 能 0
204.316 204.669 73.0 收 0
204.669 205.375 73.0 得 0
205.375 205.728 63.0 回 0
205.728 206.081 63.0 - 0
206.081 206.787 63.0 啊 1
207.519 207.872 61.0 出 0
207.872 208.225 61.0 口 0
208.225 208.578 63.0 之 0
208.578 208.931 66.0 后 0
208.931 209.283 63.0 却 0
209.283 209.636 68.0 更 0
209.636 209.989 70.0 失 0
209.989 210.695 68.0 落 1
211.468 211.821 66.0 也 0
211.821 212.174 63.0 会 0
212.174 212.527 68.0 更 0
212.527 212.88 70.0 难 0
212.88 213.586 68.0 过 1
214.603 214.956 63.0 这 0
214.956 215.661 68.0 又 0
215.661 216.014 70.0 是 0
216.014 216.72 73.0 何 0
216.72 217.426 66.0 苦 0
217.426 217.779 66.0 呢 0
217.779 218.132 68.0 - 1
218.51 218.863 61.0 自 0
218.863 219.216 61.0 问 0
219.216 219.569 61.0 到 0
219.569 219.922 63.0 底 0
219.922 220.275 66.0 舍 0
220.275 220.628 63.0 不 0
220.628 220.981 68.0 舍 0
220.981 223.098 70.0 得 1
224.467 224.82 61.0 舍 0
224.82 225.173 61.0 不 0
225.173 225.526 63.0 舍 0
225.526 225.879 66.0 得 0
225.879 226.232 68.0 爱 0
226.232 226.938 73.0 一 0
226.938 227.29 73.0 瞬 0
227.29 227.996 73.0 都 0
227.996 228.702 66.0 成 0
228.702 229.055 68.0 恨 0
229.055 229.408 68.0 - 0
229.408 229.761 68.0 了 1
230.04 230.393 61.0 眼 0
230.393 230.746 61.0 泪 0
230.746 231.099 63.0 究 0
231.099 231.452 66.0 竟 0
231.452 231.805 73.0 是 0
231.805 232.158 68.0 为 0
232.158 232.511 66.0 谁 0
232.511 233.216 68.0 啊 1
233.955 234.308 66.0 谁 0
234.308 234.661 73.0 输 0
234.661 235.014 68.0 谁 0
235.014 235.191 66.0 赢 0
235.191 236.073 68.0 啊 1
236.905 237.258 66.0 谁 0
237.258 237.611 63.0 又 0
237.611 238.317 68.0 真 0
238.317 238.67 70.0 的 0
238.67 239.375 73.0 在 0
239.375 239.728 73.0 乎 0
239.728 240.081 73.0 - 0
240.081 240.787 73.0 呢 1
241.328 241.681 61.0 反 0
241.681 241.858 71.0 正 0
241.858 242.21 73.0 - 0
242.21 242.74 70.0 都 0
242.74 243.093 68.0 伤 0
243.181 245.563 66.0 了 1
