22.698 22.916 60.0 爱 0
22.992 23.137 60.0 你 0
23.286 23.504 60.0 就 0
23.58 23.799 63.0 像 0
23.875 24.166 65.0 大 0
24.169 24.46 63.0 风 0
24.463 24.754 60.0 往 0
24.757 24.975 56.0 北 0
25.051 26.372 58.0 吹 1
27.431 27.649 60.0 吹 0
27.725 27.943 60.0 落 0
28.019 28.237 60.0 我 0
28.313 28.531 63.0 对 0
28.607 28.899 65.0 你 0
28.902 29.12 63.0 那 0
29.196 29.487 60.0 相 0
29.49 29.708 56.0 思 0
29.784 31.252 53.0 泪 1
32.103 32.321 51.0 离 0
32.397 32.615 51.0 开 0
32.691 32.909 51.0 你 0
32.985 33.203 53.0 的 0
33.279 33.792 56.0 那 0
33.868 34.306 56.0 天 0
34.456 34.747 60.0 大 0
34.75 34.968 63.0 雪 0
35.044 35.262 63.0 满 0
35.338 35.63 56.0 天 0
35.632 36.586 60.0 飞 1
36.8 37.018 58.0 可 0
37.094 37.312 58.0 惜 0
37.388 37.68 58.0 我 0
37.682 37.974 56.0 连 0
37.976 38.194 58.0 头 0
38.27 38.415 56.0 也 0
38.564 38.783 56.0 没 0
38.859 39.077 53.0 敢 0
39.153 40.915 53.0 回 1
41.45 41.668 60.0 如 0
41.744 41.888 60.0 - 0
42.038 42.256 60.0 你 0
42.332 42.55 63.0 - 0
42.626 42.918 65.0 的 0
42.92 43.212 63.0 身 0
43.214 43.506 60.0 边 0
43.508 43.727 56.0 还 0
43.803 45.124 58.0 有 1
46.106 46.325 60.0 是 0
46.401 46.619 60.0 否 0
46.695 46.913 60.0 为 0
46.989 47.207 63.0 你 0
47.283 47.575 65.0 擦 0
47.577 47.795 63.0 - 0
47.871 48.163 60.0 过 0
48.165 48.383 56.0 - 0
48.459 49.928 53.0 水 1
50.793 51.011 51.0 是 0
51.087 51.232 51.0 - 0
51.382 51.6 51.0 还 0
51.676 51.894 53.0 - 0
51.97 52.409 56.0 有 0
52.558 52.85 56.0 陪 0
52.852 53.07 58.0 - 0
53.146 53.953 60.0 你 0
54.029 54.282 56.0 去 0
54.323 55.276 60.0 - 1
55.519 55.737 58.0 不 0
55.813 56.031 58.0 - 0
56.107 56.399 58.0 加 0
56.402 56.693 56.0 糖 0
56.696 57.134 51.0 的 0
57.284 57.723 56.0 咖 0
57.872 59.12 53.0 啡 1
60.045 60.263 60.0 我 0
60.339 60.557 65.0 想 0
60.633 60.778 65.0 着 0
60.927 61.145 65.0 你 0
61.221 61.44 63.0 的 0
61.516 61.807 60.0 美 0
61.81 62.248 63.0 - 0
62.398 62.616 60.0 我 0
62.692 62.91 65.0 想 0
62.986 63.131 65.0 着 0
63.28 63.572 65.0 你 0
63.574 63.793 63.0 - 0
63.869 64.16 63.0 泪 0
64.163 64.601 65.0 - 1
64.967 65.185 65.0 想 0
65.261 65.479 65.0 着 0
65.555 65.847 65.0 我 0
65.849 66.067 63.0 陪 0
66.143 66.435 63.0 你 0
66.438 66.656 65.0 - 0
66.732 66.95 63.0 喝 0
67.026 67.244 63.0 的 0
67.32 67.832 58.0 苦 0
67.908 68.126 63.0 咖 0
68.202 68.42 60.0 - 0
68.496 69.156 60.0 啡 1
69.646 69.864 58.0 那 0
69.94 70.085 58.0 - 0
70.234 70.452 58.0 滋 0
70.528 70.746 56.0 - 0
70.822 71.702 53.0 - 0
71.999 72.217 58.0 让 0
72.293 72.438 58.0 - 0
72.587 72.805 58.0 回 0
72.881 73.173 56.0 - 0
73.175 73.982 51.0 - 1
74.41 74.628 68.0 只 0
74.704 74.848 68.0 要 0
74.998 75.216 68.0 你 0
75.292 75.51 65.0 快 0
75.586 76.098 67.0 乐 0
76.174 76.393 63.0 就 0
76.469 76.76 63.0 是 0
76.763 76.981 60.0 - 0
77.057 77.275 60.0 的 0
77.351 77.569 67.0 安 0
77.645 77.863 65.0 - 0
77.939 78.672 65.0 慰 1
78.932 79.003 60.0 我 0
79.006 79.224 65.0 - 0
79.3 79.591 65.0 着 0
79.594 79.812 65.0 - 0
79.888 80.106 63.0 的 0
80.182 80.474 60.0 美 0
80.476 80.915 63.0 - 0
81.064 81.283 60.0 我 0
81.359 81.577 65.0 想 0
81.653 81.797 65.0 着 0
81.947 82.238 65.0 你 0
82.241 82.386 63.0 - 0
82.535 82.827 63.0 泪 0
82.829 83.268 65.0 - 1
83.801 84.019 65.0 想 0
84.095 84.239 65.0 着 0
84.389 84.68 65.0 我 0
84.683 84.901 63.0 - 0
84.977 85.269 63.0 你 0
85.271 85.489 65.0 - 0
85.565 85.783 63.0 喝 0
85.859 86.077 63.0 的 0
86.153 86.666 58.0 苦 0
86.742 87.107 63.0 咖 0
87.183 87.327 60.0 - 0
87.33 87.989 60.0 - 1
88.458 88.677 58.0 在 0
88.753 88.897 58.0 不 0
89.047 89.265 58.0 在 0
89.341 89.632 58.0 一 0
89.635 89.927 56.0 起 0
89.929 90.515 53.0 - 0
90.811 91.029 58.0 已 0
91.105 91.25 58.0 经 0
91.4 91.618 58.0 无 0
91.694 91.985 58.0 所 0
91.988 92.794 51.0 谓 1
93.203 93.421 68.0 只 0
93.497 93.642 68.0 要 0
93.792 94.01 68.0 你 0
94.086 94.304 65.0 幸 0
94.38 94.892 67.0 福 0
94.968 95.186 63.0 就 0
95.262 95.554 63.0 是 0
95.556 95.701 60.0 我 0
95.85 96.068 60.0 的 0
96.144 96.363 67.0 安 0
96.439 96.657 65.0 - 0
96.733 97.466 65.0 慰 1
99.187 99.772 53.0 苦 0
99.775 100.214 56.0 咖 0
100.363 102.787 58.0 啡 0
103.893 104.331 58.0 真 0
104.481 104.772 58.0 的 0
104.775 104.993 60.0 - 0
105.069 107.419 53.0 美 1
108.527 109.113 53.0 那 0
109.116 109.628 56.0 滋 0
109.704 112.128 58.0 味 0
113.233 113.525 56.0 让 0
113.527 113.819 48.0 我 0
113.821 114.113 56.0 回 0
114.116 116.393 53.0 味 1
135.609 135.827 60.0 时 0
135.903 136.048 60.0 光 0
136.197 136.416 60.0 匆 0
136.492 136.71 63.0 匆 0
136.786 137.078 65.0 荏 0
137.08 137.372 63.0 苒 0
137.374 137.666 60.0 往 0
137.669 137.887 56.0 前 0
137.963 139.285 58.0 追 1
140.21 140.428 60.0 前 0
140.504 140.723 60.0 - 0
140.799 141.017 60.0 尘 0
141.093 141.311 63.0 往 0
141.387 141.679 65.0 事 0
141.681 141.9 63.0 都 0
141.976 142.267 60.0 化 0
142.27 142.488 56.0 作 0
142.564 144.033 53.0 尘 1
144.982 145.127 51.0 默 0
145.277 145.863 51.0 默 0
145.865 146.083 53.0 - 0
146.159 146.598 56.0 的 0
146.748 147.04 56.0 你 0
147.336 147.628 60.0 祈 0
147.631 148.143 63.0 - 0
148.219 148.364 56.0 祷 0
148.513 149.467 60.0 回 1
149.795 150.014 58.0 窗 0
150.09 150.308 58.0 外 0
150.384 150.676 58.0 雷 0
150.678 150.97 56.0 声 0
150.973 151.559 51.0 雨 0
151.561 151.853 56.0 纷 0
151.855 152.074 53.0 - 0
152.15 153.913 53.0 飞 1
154.336 154.554 60.0 如 0
154.63 154.775 60.0 - 0
154.924 155.142 60.0 你 0
155.218 155.437 63.0 - 0
155.513 155.805 65.0 的 0
155.807 156.099 63.0 身 0
156.101 156.393 60.0 边 0
156.396 156.614 56.0 还 0
156.69 158.011 58.0 有 1
159.206 159.498 60.0 是 0
159.5 159.718 60.0 否 0
159.794 160.013 60.0 为 0
160.089 160.307 63.0 你 0
160.383 160.675 65.0 擦 0
160.677 160.895 63.0 干 0
160.971 161.263 60.0 过 0
161.266 161.484 56.0 泪 0
161.56 163.029 53.0 水 1
163.748 164.04 51.0 是 0
164.042 164.187 51.0 - 0
164.337 164.555 51.0 还 0
164.631 164.849 53.0 - 0
164.925 165.364 56.0 有 0
165.514 165.805 56.0 陪 0
165.808 166.026 58.0 - 0
166.102 166.909 60.0 你 0
166.985 167.239 56.0 去 0
167.279 168.233 60.0 - 1
168.595 168.887 58.0 不 0
168.89 169.108 58.0 - 0
169.184 169.476 58.0 糖 0
169.478 169.77 56.0 - 0
169.772 170.211 51.0 的 0
170.361 170.8 56.0 咖 0
170.949 172.198 53.0 啡 1
173.008 173.226 60.0 我 0
173.302 173.521 65.0 想 0
173.597 173.741 65.0 着 0
173.891 174.109 65.0 你 0
174.185 174.403 63.0 的 0
174.479 174.771 60.0 美 0
174.774 175.213 63.0 - 0
175.362 175.581 60.0 我 0
175.657 175.875 65.0 想 0
175.951 176.095 65.0 着 0
176.245 176.537 65.0 你 0
176.539 176.758 63.0 - 0
176.834 177.125 63.0 泪 0
177.128 177.567 65.0 - 1
177.975 178.193 65.0 想 0
178.269 178.487 65.0 着 0
178.563 178.855 65.0 我 0
178.857 179.076 63.0 陪 0
179.152 179.443 63.0 你 0
179.446 179.664 65.0 - 0
179.74 179.958 63.0 喝 0
180.034 180.253 63.0 的 0
180.329 180.841 58.0 苦 0
180.917 181.135 63.0 咖 0
181.212 181.43 60.0 - 0
181.506 182.165 60.0 啡 1
182.641 182.859 58.0 那 0
182.935 183.08 58.0 种 0
183.229 183.448 58.0 滋 0
183.524 183.742 56.0 - 0
183.818 184.698 53.0 味 0
184.995 185.213 58.0 让 0
185.289 185.434 58.0 我 0
185.583 185.802 58.0 回 0
185.878 186.17 56.0 - 0
186.172 186.979 51.0 - 1
187.359 187.577 68.0 只 0
187.653 187.798 68.0 要 0
187.948 188.166 68.0 你 0
188.242 188.46 65.0 快 0
188.536 189.049 67.0 乐 0
189.125 189.343 63.0 就 0
189.419 189.711 63.0 是 0
189.713 189.931 60.0 我 0
190.007 190.226 60.0 的 0
190.302 190.52 67.0 安 0
190.596 190.814 65.0 - 0
190.89 191.623 65.0 慰 1
192.117 192.188 60.0 想 0
192.19 192.408 65.0 - 0
192.484 192.776 65.0 着 0
192.779 192.997 65.0 你 0
193.073 193.291 63.0 的 0
193.367 193.659 60.0 美 0
193.662 194.1 63.0 - 0
194.25 194.468 60.0 我 0
194.544 194.763 65.0 想 0
194.839 194.983 65.0 你 0
195.133 195.425 65.0 - 0
195.427 195.572 63.0 泪 0
195.721 196.013 63.0 - 0
196.016 196.455 65.0 - 1
196.884 197.103 65.0 想 0
197.179 197.323 65.0 着 0
197.473 197.765 65.0 我 0
197.767 197.985 63.0 陪 0
198.061 198.353 63.0 你 0
198.356 198.574 65.0 - 0
198.65 198.868 63.0 喝 0
198.944 199.162 63.0 的 0
199.238 199.751 58.0 苦 0
199.827 200.266 63.0 咖 0
200.268 200.413 60.0 - 0
200.416 201.075 60.0 啡 1
201.479 201.697 58.0 在 0
201.773 201.918 58.0 - 0
202.067 202.285 58.0 在 0
202.361 202.653 58.0 - 0
202.656 202.947 56.0 一 0
202.95 203.536 53.0 起 0
203.833 204.051 58.0 已 0
204.127 204.272 58.0 - 0
204.421 204.639 58.0 无 0
204.715 205.007 58.0 - 0
205.01 205.817 51.0 所 1
206.227 206.445 68.0 只 0
206.521 206.666 68.0 要 0
206.815 207.034 68.0 你 0
207.11 207.328 65.0 幸 0
207.404 207.916 67.0 福 0
207.992 208.211 63.0 就 0
208.287 208.578 63.0 是 0
208.581 208.726 60.0 我 0
208.875 209.093 60.0 的 0
209.169 209.388 67.0 安 0
209.464 209.682 65.0 - 0
209.758 210.27 65.0 慰 1
210.668 210.886 60.0 我 0
210.962 211.18 65.0 想 0
211.256 211.401 65.0 着 0
211.551 211.769 65.0 你 0
211.845 212.063 63.0 的 0
212.139 212.431 60.0 美 0
212.433 212.872 63.0 - 0
213.022 213.24 60.0 我 0
213.316 213.534 65.0 想 0
213.61 213.755 65.0 着 0
213.905 214.196 65.0 你 0
214.199 214.417 63.0 的 0
214.493 214.785 63.0 泪 0
214.787 215.226 65.0 - 1
215.65 215.868 65.0 想 0
215.944 216.163 65.0 着 0
216.239 216.531 65.0 我 0
216.533 216.751 63.0 - 0
216.827 217.119 63.0 你 0
217.121 217.34 65.0 - 0
217.416 217.634 63.0 喝 0
217.71 217.928 63.0 的 0
218.004 218.517 58.0 苦 0
218.593 218.811 63.0 咖 0
218.887 219.105 60.0 - 0
219.181 219.841 60.0 啡 1
220.349 220.568 58.0 那 0
220.644 220.788 58.0 - 0
220.938 221.156 58.0 滋 0
221.232 221.45 56.0 - 0
221.526 222.407 53.0 - 0
222.703 222.922 58.0 让 0
222.998 223.142 58.0 - 0
223.292 223.51 58.0 回 0
223.586 223.878 56.0 - 0
223.881 224.687 51.0 - 1
225.066 225.284 68.0 只 0
225.36 225.504 68.0 要 0
225.654 225.872 68.0 你 0
225.948 226.167 65.0 快 0
226.243 226.755 67.0 乐 0
226.831 227.049 63.0 就 0
227.125 227.417 63.0 是 0
227.42 227.638 60.0 我 0
227.714 227.932 60.0 的 0
228.008 228.226 67.0 安 0
228.302 228.521 65.0 - 0
228.597 229.33 65.0 慰 1
229.535 229.822 60.0 我 0
229.825 230.043 65.0 想 0
230.119 230.411 65.0 着 0
230.413 230.632 65.0 你 0
230.708 230.926 63.0 的 0
231.002 231.294 60.0 美 0
231.296 231.735 63.0 - 0
231.885 232.103 60.0 我 0
232.179 232.397 65.0 想 0
232.473 232.618 65.0 着 0
232.767 233.059 65.0 你 0
233.062 233.206 63.0 的 0
233.356 233.648 63.0 泪 0
233.65 234.089 65.0 - 1
234.436 234.654 65.0 想 0
234.73 234.875 65.0 - 0
235.024 235.316 65.0 我 0
235.319 235.537 63.0 - 0
235.613 235.905 63.0 陪 0
235.907 236.125 65.0 你 0
236.202 236.42 63.0 - 0
236.496 236.714 63.0 喝 0
236.79 237.303 58.0 的 0
237.379 237.817 63.0 苦 0
237.82 237.965 60.0 咖 0
237.967 238.627 60.0 - 1
239.225 239.443 58.0 在 0
239.519 239.664 58.0 不 0
239.814 240.032 58.0 在 0
240.108 240.4 58.0 一 0
240.402 240.694 56.0 起 0
240.696 241.283 53.0 - 0
241.579 241.797 58.0 已 0
241.873 242.018 58.0 经 0
242.168 242.386 58.0 无 0
242.462 242.754 58.0 所 0
242.756 243.563 51.0 谓 1
243.806 244.025 68.0 只 0
244.101 244.245 68.0 要 0
244.395 244.613 68.0 你 0
244.689 244.907 65.0 幸 0
244.983 245.496 67.0 福 0
245.572 245.643 63.0 就 0
245.866 246.158 63.0 是 0
246.16 246.305 60.0 - 0
246.455 246.673 60.0 的 0
246.749 246.967 67.0 安 0
247.043 247.261 65.0 - 0
247.337 249.101 65.0 慰 1
249.854 250.44 53.0 苦 0
250.442 250.881 56.0 咖 0
251.031 253.456 58.0 啡 0
254.562 255.001 58.0 真 0
255.15 255.442 58.0 的 0
255.445 255.663 60.0 - 0
255.739 258.09 53.0 美 1
259.241 259.827 53.0 那 0
259.829 260.342 56.0 - 0
260.418 262.77 58.0 味 0
263.949 264.241 56.0 让 0
264.243 264.535 48.0 - 0
264.538 264.829 56.0 我 0
264.832 267.11 53.0 回 0
