24.629 24.88 52.0 台 0
24.88 25.131 54.0 北 0
25.131 25.383 55.0 的 0
25.383 25.634 57.0 黄 0
25.634 26.136 59.0 昏 0
26.136 26.388 57.0 人 0
26.388 27.141 54.0 海 0
27.141 27.393 54.0 在 0
27.393 27.895 52.0 浮 0
27.895 28.649 50.0 沉 1
29.196 29.699 52.0 我 0
29.699 29.95 52.0 也 0
29.95 30.327 50.0 在 0
30.327 30.578 50.0 浮 0
30.578 31.081 50.0 - 0
31.081 32.161 50.0 沉 1
32.692 32.943 50.0 匆 0
32.943 33.195 54.0 忙 0
33.195 33.446 55.0 的 0
33.446 33.697 57.0 脚 0
33.697 34.2 59.0 跟 0
34.2 34.451 57.0 空 0
34.451 35.079 54.0 动 0
35.205 35.33 52.0 的 0
35.33 35.958 52.0 眼 0
35.958 36.712 50.0 神 1
37.109 37.611 52.0 心 0
37.611 38.114 62.0 事 0
38.114 38.239 60.0 就 0
38.365 38.616 59.0 别 0
38.616 38.993 59.0 - 0
38.993 40.124 59.0 问 1
40.629 40.88 60.0 我 0
40.88 41.132 57.0 只 0
41.132 41.383 59.0 是 0
41.383 41.634 60.0 个 0
41.634 41.886 60.0 平 0
41.886 42.137 57.0 凡 0
42.137 42.388 59.0 男 0
42.388 42.639 60.0 人 1
42.698 42.95 60.0 感 0
42.95 43.201 67.0 情 0
43.201 43.452 67.0 也 0
43.452 43.703 67.0 只 0
43.703 43.955 67.0 贪 0
43.955 44.206 66.0 个 0
44.206 44.457 66.0 安 0
44.457 44.708 64.0 稳 1
44.77 45.022 59.0 所 0
45.022 45.273 55.0 有 0
45.273 45.524 57.0 认 0
45.524 45.775 59.0 真 0
45.775 46.027 59.0 所 0
46.027 46.278 55.0 有 0
46.278 46.529 57.0 责 0
46.529 46.78 59.0 任 1
46.782 47.034 59.0 被 0
47.034 47.285 66.0 你 0
47.285 47.536 66.0 看 0
47.536 47.787 66.0 得 0
47.787 48.039 66.0 不 0
48.039 48.29 64.0 值 0
48.29 48.541 64.0 一 0
48.541 49.044 59.0 文 1
49.145 49.396 59.0 原 0
49.396 49.647 60.0 来 0
49.647 49.899 60.0 所 0
49.899 50.15 60.0 谓 0
50.15 50.401 60.0 的 0
50.401 50.652 60.0 残 0
50.652 50.904 60.0 - 0
50.904 51.658 60.0 忍 0
52.16 52.411 59.0 看 0
52.411 52.663 57.0 不 0
52.663 52.914 57.0 到 0
52.914 53.165 59.0 伤 0
53.165 54.673 59.0 痕 1
56.768 57.019 52.0 想 0
57.019 57.27 54.0 着 0
57.27 57.521 55.0 你 0
57.521 57.773 57.0 的 0
57.773 58.275 59.0 吻 0
58.275 58.526 57.0 却 0
58.526 59.28 54.0 化 0
59.28 59.531 52.0 成 0
59.531 60.034 52.0 咒 0
60.034 60.788 50.0 语 1
61.269 61.772 52.0 我 0
61.772 62.149 52.0 难 0
62.149 62.526 50.0 以 0
62.526 62.777 52.0 翻 0
62.777 63.028 50.0 - 0
63.028 64.108 50.0 身 1
64.784 65.035 52.0 不 0
65.035 65.286 54.0 怪 0
65.286 65.538 55.0 你 0
65.538 65.789 57.0 太 0
65.789 66.291 59.0 狠 0
66.291 66.543 57.0 怪 0
66.543 67.171 54.0 我 0
67.296 67.548 52.0 太 0
67.548 68.05 52.0 愚 0
68.05 68.804 50.0 蠢 1
69.304 69.807 52.0 还 0
69.807 70.309 62.0 相 0
70.309 70.435 60.0 信 0
70.561 70.812 60.0 永 0
70.812 71.063 59.0 - 0
71.063 72.32 59.0 恒 1
72.781 73.032 60.0 世 0
73.032 73.284 57.0 纪 0
73.284 73.535 59.0 末 0
73.535 73.786 60.0 的 0
73.786 74.037 60.0 冷 0
74.037 74.289 57.0 酷 0
74.289 74.54 59.0 预 0
74.54 74.791 60.0 言 1
74.838 75.089 60.0 一 0
75.089 75.341 67.0 点 0
75.341 75.592 67.0 一 0
75.592 75.843 67.0 滴 0
75.843 76.094 67.0 正 0
76.094 76.346 66.0 在 0
76.346 76.597 66.0 发 0
76.597 76.848 64.0 生 1
76.87 77.121 59.0 再 0
77.121 77.373 55.0 多 0
77.373 77.624 57.0 努 0
77.624 77.875 59.0 力 0
77.875 78.126 59.0 再 0
78.126 78.378 55.0 多 0
78.378 78.629 57.0 苦 0
78.629 78.88 59.0 撑 1
78.905 79.156 59.0 也 0
79.156 79.408 64.0 要 0
79.408 79.659 66.0 失 0
79.659 79.91 66.0 去 0
79.91 80.161 66.0 爱 0
80.161 80.413 64.0 的 0
80.413 80.664 64.0 可 0
80.664 81.166 59.0 能 1
81.358 81.609 60.0 原 0
81.609 81.86 60.0 来 0
81.86 82.112 60.0 坚 0
82.112 82.363 60.0 持 0
82.363 82.614 60.0 的 0
82.614 82.865 60.0 完 0
82.865 83.117 60.0 - 0
83.117 83.87 60.0 整 1
84.105 84.356 60.0 代 0
84.356 84.607 59.0 价 0
84.607 84.858 57.0 是 0
84.858 85.026 57.0 要 0
85.193 85.361 59.0 让 0
85.528 85.696 59.0 人 0
85.863 86.031 63.0 掏 0
86.198 86.366 63.0 空 0
86.533 86.701 64.0 灵 0
86.785 87.873 66.0 魂 1
88.147 88.649 59.0 伤 0
88.649 88.9 59.0 心 0
88.9 89.152 66.0 一 0
89.152 89.403 67.0 九 0
89.403 89.654 66.0 九 0
89.654 89.905 64.0 九 0
90.157 90.408 64.0 算 0
90.408 90.659 59.0 - 0
90.659 90.91 59.0 了 0
90.91 91.162 66.0 天 0
91.162 91.413 67.0 长 0
91.413 91.664 66.0 地 0
91.664 91.916 64.0 久 1
92.097 92.348 64.0 不 0
92.348 92.599 64.0 过 0
92.599 92.851 67.0 是 0
92.851 93.102 66.0 拼 0
93.102 93.353 66.0 命 0
93.353 93.604 66.0 追 0
93.604 93.856 66.0 求 0
93.856 94.107 66.0 喜 0
94.107 94.358 64.0 新 0
94.358 94.609 64.0 厌 0
94.609 94.861 62.0 旧 0
94.861 95.112 62.0 的 0
95.112 95.489 64.0 年 0
95.614 96.117 59.0 头 0
96.117 96.619 57.0 - 1
97.167 97.418 59.0 我 0
97.418 97.669 60.0 的 0
97.669 97.921 60.0 爱 0
97.921 98.172 60.0 对 0
98.172 98.423 59.0 你 0
98.423 98.674 60.0 来 0
98.674 98.926 64.0 说 0
98.926 99.177 59.0 如 0
99.261 99.512 59.0 果 0
99.596 99.847 59.0 是 0
99.931 100.182 64.0 颗 0
100.266 100.517 64.0 毒 0
100.601 100.852 67.0 瘤 1
101.027 101.404 66.0 残 0
101.404 102.032 61.0 局 0
102.283 102.786 63.0 我 0
102.786 103.037 64.0 来 0
103.037 104.167 66.0 收 1
104.215 104.466 59.0 算 0
104.466 104.718 59.0 了 0
104.718 104.969 59.0 吧 0
104.969 105.22 67.0 一 0
105.22 105.471 67.0 九 0
105.471 105.723 66.0 九 0
105.723 105.974 64.0 九 0
106.225 106.476 64.0 忘 0
106.476 106.728 59.0 - 0
106.728 106.979 59.0 了 0
106.979 107.23 66.0 曾 0
107.23 107.481 67.0 经 0
107.481 107.733 66.0 拥 0
107.733 107.984 64.0 有 1
108.178 108.429 64.0 也 0
108.429 108.681 64.0 忘 0
108.681 108.932 67.0 了 0
108.932 109.183 64.0 要 0
109.183 109.434 66.0 牵 0
109.434 109.686 66.0 要 0
109.686 109.937 66.0 放 0
109.937 110.188 64.0 要 0
110.188 110.439 64.0 分 0
110.439 110.691 64.0 都 0
110.691 110.942 62.0 是 0
110.942 111.193 62.0 你 0
111.193 111.57 64.0 的 0
111.696 112.198 59.0 手 0
112.198 112.701 57.0 - 1
113.238 113.49 59.0 从 0
113.49 113.741 60.0 今 0
113.741 113.992 60.0 后 0
113.992 114.243 60.0 死 0
114.243 114.495 59.0 了 0
114.495 114.746 60.0 一 0
114.746 114.997 64.0 个 0
114.997 115.248 59.0 濒 0
115.332 115.583 59.0 临 0
115.667 115.918 59.0 绝 0
116.002 116.253 64.0 种 0
116.337 116.588 64.0 的 0
116.672 116.923 66.0 温 0
117.007 118.766 67.0 柔 1
119.009 119.386 66.0 多 0
119.386 119.763 66.0 一 0
119.763 120.014 66.0 个 0
120.014 120.391 66.0 爱 0
120.391 120.768 64.0 情 0
120.768 121.019 63.0 杀 0
121.019 123.532 64.0 手 1
144.135 144.386 64.0 离 0
144.386 144.889 62.0 开 0
144.889 145.14 55.0 你 0
145.14 145.642 57.0 - 0
145.642 145.894 55.0 的 0
145.894 146.396 57.0 世 0
146.396 146.647 55.0 纪 1
146.95 147.201 55.0 我 0
147.201 147.452 57.0 走 0
147.452 147.703 55.0 进 0
147.703 147.955 57.0 没 0
147.955 148.206 55.0 有 0
148.206 148.457 57.0 温 0
148.457 148.708 55.0 度 0
148.708 148.96 57.0 绝 0
148.96 149.211 55.0 情 0
149.211 149.462 57.0 的 0
149.462 149.713 55.0 风 0
149.713 149.965 52.0 - 0
149.965 151.221 52.0 景 1
151.887 152.138 64.0 当 0
152.138 152.389 64.0 地 0
152.515 152.892 66.0 球 0
152.892 153.143 67.0 转 0
153.143 153.52 66.0 到 0
153.646 153.897 62.0 尽 0
153.897 154.399 62.0 头 1
154.945 155.196 59.0 也 0
155.196 155.531 64.0 找 0
155.531 155.866 66.0 不 0
155.866 156.201 67.0 回 0
156.201 156.452 66.0 我 0
156.452 156.829 66.0 的 0
156.955 157.206 64.0 真 0
157.206 157.709 66.0 心 1
158.459 158.962 59.0 伤 0
158.962 159.213 59.0 心 0
159.213 159.464 66.0 一 0
159.464 159.716 67.0 九 0
159.716 159.967 66.0 九 0
159.967 160.218 64.0 九 0
160.469 160.721 64.0 算 0
160.721 160.972 59.0 - 0
160.972 161.223 59.0 了 0
161.223 161.474 66.0 天 0
161.474 161.726 67.0 长 0
161.726 161.977 66.0 地 0
161.977 162.228 64.0 久 1
162.437 162.688 64.0 不 0
162.688 162.939 64.0 过 0
162.939 163.19 67.0 是 0
163.19 163.442 64.0 拼 0
163.442 163.693 66.0 命 0
163.693 163.944 66.0 追 0
163.944 164.195 66.0 求 0
164.195 164.447 64.0 喜 0
164.447 164.698 64.0 新 0
164.698 164.949 64.0 厌 0
164.949 165.2 62.0 旧 0
165.2 165.452 62.0 的 0
165.452 165.828 64.0 年 0
165.954 166.457 59.0 头 0
166.457 166.959 57.0 - 1
167.483 167.734 60.0 我 0
167.734 167.985 60.0 的 0
167.985 168.236 60.0 爱 0
168.236 168.488 60.0 对 0
168.488 168.739 59.0 你 0
168.739 168.99 60.0 来 0
168.99 169.241 64.0 说 0
169.241 169.493 59.0 如 0
169.576 169.828 59.0 果 0
169.911 170.163 59.0 是 0
170.246 170.498 64.0 颗 0
170.581 170.833 64.0 毒 0
170.916 171.168 67.0 瘤 1
171.293 171.67 66.0 残 0
171.67 172.298 61.0 局 0
172.55 173.052 63.0 我 0
173.052 173.304 64.0 来 0
173.304 174.434 66.0 收 1
174.52 174.771 59.0 算 0
174.771 175.022 59.0 了 0
175.022 175.274 59.0 吧 0
175.274 175.525 67.0 一 0
175.525 175.776 67.0 九 0
175.776 176.027 66.0 九 0
176.027 176.279 64.0 九 0
176.53 176.781 64.0 忘 0
176.781 177.032 59.0 - 0
177.032 177.284 59.0 了 0
177.284 177.535 67.0 曾 0
177.535 177.786 67.0 经 0
177.786 178.037 66.0 拥 0
178.037 178.289 64.0 有 1
178.61 178.861 64.0 也 0
178.861 179.112 64.0 忘 0
179.112 179.364 67.0 了 0
179.364 179.615 66.0 要 0
179.615 179.866 66.0 牵 0
179.866 180.117 66.0 要 0
180.117 180.369 66.0 放 0
180.369 180.62 66.0 要 0
180.62 180.871 64.0 分 0
180.871 181.122 64.0 都 0
181.122 181.374 62.0 是 0
181.374 181.625 62.0 你 0
181.625 182.002 64.0 的 0
182.127 182.63 59.0 手 0
182.63 183.133 55.0 - 1
183.584 183.835 59.0 从 0
183.835 184.087 60.0 今 0
184.087 184.338 60.0 后 0
184.338 184.589 60.0 死 0
184.589 184.84 59.0 了 0
184.84 185.092 60.0 一 0
185.092 185.343 64.0 个 0
185.343 185.594 59.0 濒 0
185.678 185.929 59.0 临 0
186.013 186.264 59.0 绝 0
186.348 186.599 64.0 种 0
186.683 186.934 64.0 的 0
187.018 187.269 66.0 温 0
187.353 189.112 67.0 柔 1
189.478 189.855 66.0 多 0
189.855 190.232 66.0 一 0
190.232 190.483 66.0 个 0
190.483 190.86 66.0 爱 0
190.86 191.237 64.0 情 0
191.237 191.488 63.0 杀 0
191.488 194.001 64.0 手 1
194.736 194.988 59.0 算 0
194.988 195.239 59.0 了 0
195.239 195.49 59.0 吧 0
195.49 195.741 66.0 一 0
195.741 195.993 67.0 九 0
195.993 196.244 66.0 九 0
196.244 196.495 64.0 九 0
196.746 196.998 64.0 忘 0
196.998 197.249 59.0 - 0
197.249 197.5 59.0 了 0
197.5 197.751 66.0 曾 0
197.751 198.003 67.0 经 0
198.003 198.254 66.0 拥 0
198.254 198.505 64.0 有 1
198.791 199.043 64.0 也 0
199.043 199.294 64.0 忘 0
199.294 199.545 67.0 了 0
199.545 199.796 64.0 要 0
199.796 200.048 66.0 牵 0
200.048 200.299 66.0 要 0
200.299 200.55 66.0 放 0
200.55 200.801 64.0 要 0
200.801 201.053 64.0 分 0
201.053 201.304 64.0 都 0
201.304 201.555 62.0 是 0
201.555 201.806 62.0 你 0
201.806 202.183 64.0 的 0
202.309 202.812 59.0 手 0
202.812 203.314 57.0 - 1
203.709 203.96 60.0 从 0
203.96 204.211 60.0 今 0
204.211 204.462 60.0 后 0
204.462 204.714 60.0 死 0
204.714 204.965 59.0 了 0
204.965 205.216 60.0 一 0
205.216 205.467 64.0 个 0
205.467 205.719 59.0 濒 0
205.844 206.095 59.0 临 0
206.221 206.472 59.0 绝 0
206.472 206.724 64.0 种 0
206.849 207.1 64.0 的 0
207.226 207.477 66.0 温 0
207.477 209.236 67.0 柔 1
209.466 209.843 66.0 多 0
209.843 210.22 66.0 一 0
210.22 210.471 66.0 个 0
210.471 210.848 66.0 爱 0
210.848 211.225 64.0 情 0
211.225 211.476 63.0 杀 0
211.476 213.989 64.0 手 1
