32.125 33.51 62.0 莫 0
33.51 33.741 62.0 文 0
33.741 33.971 62.0 蔚 0
33.971 34.318 60.0 - 0
34.318 35.818 60.0 的 0
35.818 37.202 62.0 阴 0
37.202 37.433 62.0 雨 0
37.433 38.01 62.0 天 0
38.01 39.51 59.0 呢 1
39.634 40.095 62.0 我 0
40.095 40.326 55.0 唱 0
40.326 40.788 55.0 这 0
40.788 41.019 60.0 歌 0
41.019 41.48 62.0 - 0
41.48 41.942 60.0 你 0
41.942 42.403 59.0 是 0
43.095 43.326 55.0 否 0
43.326 43.788 57.0 心 0
43.788 45.172 59.0 疼 1
47.056 48.44 62.0 陈 0
48.44 48.671 62.0 绮 0
48.671 48.902 62.0 贞 0
48.902 49.248 60.0 - 0
49.248 50.748 60.0 的 0
50.748 52.132 69.0 太 0
52.132 52.363 69.0 聪 0
52.363 52.825 69.0 明 0
52.825 54.44 67.0 呢 1
54.44 54.902 60.0 十 0
54.902 55.132 55.0 年 0
55.132 55.594 55.0 我 0
55.594 55.825 60.0 们 0
55.825 56.286 62.0 - 0
56.286 56.748 60.0 情 0
56.748 57.209 59.0 人 0
57.209 57.671 57.0 变 0
57.671 58.132 55.0 陌 0
58.132 59.979 55.0 生 1
61.719 63.565 67.0 爱 0
63.565 63.796 66.0 剩 0
63.796 64.026 67.0 下 0
64.026 64.257 66.0 心 0
64.257 65.411 62.0 酸 1
65.459 65.69 64.0 热 0
65.69 65.921 62.0 情 0
65.921 66.151 60.0 总 0
66.151 66.382 64.0 会 0
66.382 66.844 62.0 变 0
66.844 67.074 57.0 冷 0
67.074 69.151 59.0 淡 1
69.153 69.615 60.0 没 0
69.615 69.846 59.0 有 0
69.846 70.307 60.0 人 0
70.307 70.538 66.0 能 0
70.538 71.0 67.0 - 0
71.0 71.461 66.0 找 0
71.461 71.692 67.0 得 0
71.692 72.384 66.0 到 0
72.384 72.73 62.0 答 0
72.73 73.769 59.0 案 1
76.45 78.296 67.0 海 0
78.296 78.527 66.0 变 0
78.527 78.758 67.0 得 0
78.758 78.988 66.0 苦 0
78.988 79.912 62.0 涩 1
80.04 80.27 62.0 就 0
80.27 80.732 69.0 剩 0
80.732 80.963 69.0 一 0
80.963 81.424 69.0 片 0
81.424 81.886 67.0 温 0
81.886 83.04 64.0 柔 1
83.396 83.627 64.0 平 0
83.627 83.858 66.0 静 0
83.858 84.55 67.0 以 0
84.55 84.781 64.0 后 0
85.242 85.473 64.0 能 0
85.473 85.704 66.0 否 0
85.704 86.396 67.0 看 0
86.396 87.088 62.0 见 0
87.088 87.319 62.0 港 0
87.319 89.396 69.0 口 1
89.974 90.435 59.0 怎 0
90.435 90.897 60.0 么 0
90.897 91.358 62.0 唱 0
91.358 92.281 64.0 情 0
92.281 93.204 71.0 歌 1
93.208 93.67 67.0 我 0
93.67 93.901 67.0 们 0
93.901 94.362 66.0 唱 0
94.362 94.824 64.0 到 0
94.824 95.055 62.0 - 0
95.055 95.516 69.0 眼 0
95.516 95.747 69.0 睛 0
95.747 96.208 69.0 都 0
96.208 96.67 62.0 红 0
96.67 97.824 67.0 了 1
97.825 98.286 59.0 怎 0
98.286 98.517 60.0 么 0
98.517 98.748 62.0 我 0
98.748 99.671 60.0 哭 0
99.671 100.594 67.0 了 1
100.594 101.056 66.0 因 0
101.056 101.286 67.0 为 0
101.286 101.748 66.0 懂 0
101.748 102.209 59.0 得 0
102.209 102.671 67.0 寂 0
102.671 102.902 67.0 寞 0
102.902 104.286 67.0 了 1
105.06 105.522 59.0 怎 0
105.522 105.753 60.0 么 0
105.753 105.983 62.0 唱 0
105.983 106.907 64.0 情 0
106.907 107.83 71.0 歌 1
107.934 108.395 69.0 笑 0
108.395 108.626 67.0 着 0
108.626 109.087 64.0 唱 0
109.087 109.549 64.0 完 0
109.549 109.78 62.0 - 0
109.78 110.241 69.0 也 0
110.241 110.472 69.0 许 0
110.472 110.934 69.0 就 0
110.934 111.395 62.0 好 0
111.395 112.549 67.0 了 1
112.595 113.057 59.0 至 0
113.057 113.287 60.0 少 0
113.287 113.518 62.0 我 0
113.518 114.441 60.0 记 0
114.441 115.364 67.0 得 1
115.364 115.826 66.0 那 0
115.826 116.057 67.0 些 0
116.057 116.749 66.0 美 0
116.749 117.21 62.0 好 0
117.21 119.057 64.0 的 1
135.606 136.991 62.0 张 0
136.991 137.221 62.0 惠 0
137.221 137.683 62.0 妹 0
137.683 139.298 60.0 的 0
139.298 140.683 62.0 我 0
140.683 140.914 62.0 要 0
140.914 141.491 62.0 快 0
141.491 142.991 59.0 乐 1
143.026 143.487 62.0 一 0
143.487 143.718 55.0 个 0
143.718 144.179 55.0 人 0
144.179 144.41 60.0 的 0
144.41 144.872 62.0 - 0
144.872 145.333 60.0 时 0
145.333 145.795 59.0 候 0
146.372 146.718 55.0 想 0
146.718 146.949 57.0 你 0
146.949 148.564 59.0 了 1
150.29 151.675 62.0 王 0
151.675 151.906 62.0 菲 0
151.906 152.482 62.0 的 0
152.482 153.982 60.0 歌 0
153.982 155.367 69.0 哼 0
155.367 155.598 69.0 给 0
155.598 156.059 69.0 你 0
156.059 157.675 67.0 呢 1
157.752 158.213 62.0 有 0
158.213 158.444 55.0 时 0
158.444 158.906 55.0 候 0
158.906 159.136 60.0 情 0
159.136 159.598 62.0 - 0
159.598 160.059 60.0 歌 0
160.059 160.521 59.0 注 0
160.521 160.983 57.0 定 0
160.983 161.444 59.0 伤 0
161.444 161.906 57.0 - 0
161.906 163.29 55.0 人 1
165.026 166.873 67.0 爱 0
166.873 167.103 66.0 剩 0
167.103 167.334 67.0 下 0
167.334 167.565 66.0 心 0
167.565 168.719 62.0 酸 1
168.841 169.071 64.0 热 0
169.071 169.302 62.0 情 0
169.302 169.533 60.0 总 0
169.533 169.764 64.0 会 0
169.764 170.225 62.0 变 0
170.225 170.456 57.0 冷 0
170.456 172.533 59.0 淡 1
172.548 173.01 60.0 没 0
173.01 173.24 59.0 有 0
173.24 173.702 60.0 人 0
173.702 173.933 66.0 能 0
173.933 174.394 67.0 - 0
174.394 174.856 66.0 找 0
174.856 175.086 67.0 得 0
175.086 175.779 66.0 到 0
175.779 176.125 62.0 答 0
176.125 177.163 59.0 案 1
179.949 181.795 67.0 海 0
181.795 182.026 66.0 变 0
182.026 182.256 67.0 得 0
182.256 182.487 66.0 苦 0
182.487 183.41 62.0 涩 1
183.423 183.654 62.0 就 0
183.654 184.115 69.0 剩 0
184.115 184.346 69.0 一 0
184.346 184.808 69.0 片 0
184.808 185.269 67.0 温 0
185.269 186.423 64.0 柔 1
186.891 187.121 64.0 平 0
187.121 187.352 66.0 静 0
187.352 188.045 67.0 以 0
188.045 188.275 64.0 后 0
188.737 188.968 64.0 能 0
188.968 189.198 66.0 否 0
189.198 189.891 67.0 看 0
189.891 190.583 62.0 见 0
190.583 190.814 62.0 港 0
190.814 192.891 69.0 口 1
193.18 193.642 59.0 怎 0
193.642 194.103 60.0 么 0
194.103 194.565 62.0 唱 0
194.565 195.488 64.0 情 0
195.488 196.411 71.0 歌 1
196.451 196.913 67.0 我 0
196.913 197.143 67.0 们 0
197.143 197.605 66.0 唱 0
197.605 198.066 64.0 到 0
198.066 198.297 62.0 - 0
198.297 198.759 69.0 眼 0
198.759 198.989 69.0 睛 0
198.989 199.451 69.0 都 0
199.451 199.913 62.0 红 0
199.913 201.066 67.0 了 1
201.166 201.628 59.0 怎 0
201.628 201.859 60.0 么 0
201.859 202.089 62.0 我 0
202.089 203.013 60.0 哭 0
203.013 203.936 67.0 了 1
203.978 204.439 66.0 因 0
204.439 204.67 67.0 为 0
204.67 205.131 66.0 懂 0
205.131 205.593 59.0 得 0
205.593 206.055 67.0 寂 0
206.055 206.285 67.0 寞 0
206.285 207.67 67.0 了 1
208.449 208.911 59.0 怎 0
208.911 209.141 60.0 么 0
209.141 209.372 62.0 唱 0
209.372 210.295 64.0 情 0
210.295 211.218 71.0 歌 1
211.239 211.701 67.0 笑 0
211.701 211.932 67.0 着 0
211.932 212.393 66.0 唱 0
212.393 212.855 64.0 完 0
212.855 213.085 62.0 - 0
213.085 213.547 67.0 也 0
213.547 213.778 69.0 许 0
213.778 214.239 69.0 就 0
214.239 214.701 62.0 好 0
214.701 215.855 67.0 了 1
215.95 216.411 59.0 至 0
216.411 216.642 60.0 少 0
216.642 216.873 62.0 我 0
216.873 217.796 60.0 记 0
217.796 218.719 67.0 得 1
218.73 219.191 66.0 那 0
219.191 219.422 67.0 些 0
219.422 220.114 66.0 美 0
220.114 220.576 62.0 好 0
220.576 222.422 64.0 的 1
243.193 243.655 59.0 怎 0
243.655 244.116 60.0 么 0
244.116 244.578 62.0 唱 0
244.578 245.501 64.0 情 0
245.501 246.424 71.0 歌 1
246.438 246.9 67.0 我 0
246.9 247.13 67.0 们 0
247.13 247.592 64.0 唱 0
247.592 248.054 64.0 到 0
248.054 248.284 62.0 - 0
248.284 248.746 69.0 眼 0
248.746 248.977 69.0 睛 0
248.977 249.438 69.0 都 0
249.438 249.9 62.0 红 0
249.9 251.054 67.0 了 1
251.055 251.516 59.0 怎 0
251.516 251.747 60.0 么 0
251.747 251.978 62.0 你 0
251.978 252.901 60.0 哭 0
252.901 253.824 67.0 了 1
253.825 254.286 66.0 是 0
254.286 254.517 67.0 因 0
254.517 254.979 66.0 为 0
254.979 255.44 59.0 哪 0
255.44 255.902 67.0 一 0
255.902 256.132 67.0 首 0
256.132 256.825 67.0 歌 0
256.825 257.517 69.0 - 0
257.517 258.209 71.0 - 1
258.363 258.825 76.0 怎 0
258.825 259.055 74.0 么 0
259.055 259.286 71.0 唱 0
259.286 260.209 67.0 情 0
260.209 261.132 69.0 歌 1
261.14 261.602 74.0 笑 0
261.602 261.833 71.0 着 0
261.833 262.294 69.0 唱 0
262.294 262.756 67.0 完 0
262.756 262.987 64.0 - 0
262.987 263.448 69.0 也 0
263.448 263.679 69.0 许 0
263.679 264.14 69.0 就 0
264.14 264.602 69.0 好 0
264.602 265.756 67.0 了 1
265.776 266.237 59.0 爱 0
266.237 266.468 60.0 过 0
266.468 266.699 62.0 多 0
266.699 267.622 60.0 难 0
267.622 268.545 67.0 得 1
268.551 269.013 66.0 回 0
269.013 269.243 67.0 忆 0
269.243 269.936 66.0 是 0
269.936 270.166 62.0 暖 0
270.166 273.166 64.0 的 1
