25.768 26.065 64.0 我 0
26.068 26.366 61.0 想 0
26.368 26.666 64.0 我 0
26.668 26.966 61.0 们 0
26.968 27.266 64.0 前 0
27.269 27.942 64.0 生 0
28.169 28.467 63.0 一 0
28.47 28.767 63.0 定 0
28.77 29.067 63.0 是 0
29.07 29.368 64.0 情 0
29.37 30.118 63.0 人 1
30.665 30.963 64.0 不 0
30.965 31.263 61.0 然 0
31.265 31.563 64.0 我 0
31.566 31.863 61.0 不 0
31.866 32.839 64.0 会 0
33.067 33.364 63.0 爱 0
33.367 33.665 63.0 你 0
33.667 33.965 63.0 这 0
33.967 34.265 64.0 样 0
34.267 35.016 63.0 深 1
35.391 35.689 64.0 如 0
35.692 35.989 61.0 果 0
35.992 36.289 64.0 一 0
36.292 36.59 61.0 生 0
36.592 36.89 64.0 缘 0
37.042 37.565 64.0 份 0
37.793 38.091 68.0 只 0
38.093 38.391 68.0 能 0
38.393 38.691 68.0 留 0
38.694 38.991 66.0 个 0
38.994 39.592 63.0 吻 1
39.635 39.933 61.0 我 0
39.935 40.233 59.0 想 0
40.236 40.608 61.0 向 0
40.836 41.359 64.0 你 0
41.437 41.584 64.0 预 0
41.737 42.41 64.0 定 0
42.637 42.935 68.0 百 0
42.938 43.235 68.0 万 0
43.238 43.536 68.0 个 0
43.538 43.836 71.0 来 0
43.838 44.436 68.0 生 1
44.447 44.744 64.0 哦 0
44.747 45.045 66.0 - 0
45.047 45.645 68.0 Kiss 0
45.647 46.245 68.0 Kiss 0
46.248 46.846 68.0 Kiss 1
46.866 47.164 66.0 只 0
47.167 47.464 64.0 允 0
47.467 48.065 66.0 许 0
48.067 48.365 66.0 你 0
48.367 48.665 68.0 一 0
48.668 49.115 66.0 人 1
49.272 49.57 64.0 你 0
49.572 49.87 66.0 的 0
49.872 50.17 68.0 眼 0
50.173 50.32 61.0 神 0
50.473 50.771 61.0 像 0
50.773 50.996 68.0 一 0
51.073 51.296 68.0 道 0
51.373 51.671 61.0 闪 0
51.674 52.197 61.0 电 0
52.274 52.497 68.0 划 0
52.574 52.722 68.0 过 0
52.875 53.172 68.0 我 0
53.175 53.472 71.0 心 0
53.475 53.998 68.0 门 1
54.016 54.314 64.0 哦 0
54.317 54.614 66.0 - 0
54.617 55.215 68.0 Kiss 0
55.217 55.815 68.0 Kiss 0
55.818 56.416 68.0 Kiss 1
56.453 56.751 66.0 我 0
56.753 57.051 64.0 祈 0
57.053 57.651 66.0 祷 0
57.654 57.952 66.0 这 0
57.954 58.252 68.0 一 0
58.254 58.702 66.0 生 0
58.855 59.152 64.0 所 0
59.155 59.453 66.0 有 0
59.455 59.753 68.0 的 0
59.755 59.903 61.0 梦 0
60.056 60.353 61.0 都 0
60.356 60.578 68.0 经 0
60.656 60.879 68.0 过 0
60.956 61.779 61.0 你 1
61.795 62.017 68.0 一 0
62.095 62.693 68.0 夜 0
62.695 62.993 66.0 成 0
62.996 63.519 68.0 真 1
73.894 74.192 64.0 少 0
74.194 74.492 61.0 女 0
74.495 74.792 64.0 情 0
74.795 75.093 61.0 怀 0
75.095 75.393 64.0 总 0
75.395 75.693 61.0 是 0
75.695 75.993 64.0 诗 1
76.01 76.307 64.0 我 0
76.31 76.382 61.0 喜 0
76.385 76.608 63.0 欢 0
76.61 76.908 63.0 - 0
76.91 77.208 63.0 你 0
77.211 77.508 64.0 样 0
77.511 78.259 63.0 子 1
78.739 79.036 64.0 一 0
79.039 79.336 61.0 丝 0
79.339 79.637 64.0 丝 0
79.639 79.937 61.0 的 0
79.939 80.237 64.0 忧 0
80.24 80.838 64.0 郁 0
80.84 81.138 64.0 和 0
81.14 81.438 63.0 一 0
81.44 81.738 63.0 丝 0
81.741 82.038 63.0 丝 0
82.041 82.339 64.0 欢 0
82.341 82.939 63.0 喜 1
82.959 83.256 61.0 不 0
83.259 83.556 59.0 求 0
83.559 84.157 61.0 你 0
84.159 84.457 64.0 能 0
84.76 85.057 64.0 陪 0
85.06 85.583 64.0 我 0
85.961 86.258 66.0 一 0
86.261 86.859 68.0 - 0
86.861 87.159 66.0 辈 0
87.161 87.759 63.0 子 1
87.759 88.057 61.0 只 0
88.059 88.357 59.0 希 0
88.359 88.732 61.0 望 0
88.96 89.483 64.0 能 0
89.56 89.708 64.0 拥 0
89.86 90.533 64.0 有 0
90.761 91.059 68.0 百 0
91.061 91.359 68.0 万 0
91.361 91.659 68.0 个 0
91.662 91.959 71.0 来 0
91.962 92.56 68.0 生 1
92.589 92.887 64.0 哦 0
92.889 93.187 66.0 - 0
93.19 93.788 68.0 Kiss 0
93.79 94.388 68.0 Kiss 0
94.39 94.988 68.0 Kiss 1
95.008 95.306 66.0 我 0
95.308 95.606 64.0 左 0
95.608 96.206 66.0 等 0
96.209 96.506 66.0 我 0
96.509 96.807 68.0 右 0
96.809 97.257 66.0 等 1
97.298 97.595 64.0 等 0
97.598 97.896 66.0 一 0
97.898 98.196 68.0 颗 0
98.198 98.346 61.0 心 0
98.498 98.796 61.0 和 0
98.799 99.021 68.0 发 0
99.099 99.322 68.0 亮 0
99.399 99.697 61.0 的 0
99.699 99.997 61.0 青 0
99.999 100.222 68.0 春 0
100.3 100.522 68.0 惊 0
100.6 100.748 68.0 动 0
100.9 101.198 68.0 你 0
101.2 101.498 71.0 灵 0
101.501 102.023 68.0 魂 1
102.046 102.344 64.0 哦 0
102.346 102.644 66.0 - 0
102.646 103.244 68.0 Kiss 0
103.247 103.845 68.0 Kiss 0
103.847 104.445 68.0 Kiss 1
104.501 104.798 66.0 我 0
104.801 105.099 64.0 祈 0
105.101 105.699 66.0 祷 0
105.701 105.999 66.0 这 0
106.002 106.299 68.0 一 0
106.302 106.75 66.0 生 0
106.902 107.2 64.0 所 0
107.203 107.5 66.0 有 0
107.503 107.8 68.0 的 0
107.803 107.951 61.0 梦 0
108.103 108.401 61.0 都 0
108.403 108.626 68.0 经 0
108.704 108.926 68.0 过 0
109.004 109.827 61.0 你 1
109.94 110.163 68.0 一 0
110.241 110.839 68.0 夜 0
110.841 111.139 66.0 成 0
111.141 111.664 63.0 真 1
111.794 112.016 63.0 百 0
112.019 112.241 64.0 万 0
112.244 112.392 63.0 个 0
112.394 113.217 61.0 吻 1
126.688 126.986 64.0 我 0
126.988 127.286 61.0 想 0
127.289 127.586 64.0 我 0
127.589 127.887 61.0 们 0
127.889 128.187 64.0 前 0
128.189 128.862 64.0 生 0
129.09 129.388 63.0 一 0
129.39 129.688 63.0 定 0
129.69 129.988 63.0 是 0
129.99 130.288 64.0 情 0
130.291 131.039 63.0 人 1
131.561 131.858 64.0 不 0
131.861 132.158 61.0 然 0
132.161 132.459 64.0 我 0
132.461 132.759 61.0 不 0
132.761 133.735 64.0 会 0
133.962 134.26 63.0 爱 0
134.262 134.56 63.0 你 0
134.563 134.86 63.0 这 0
134.863 135.161 64.0 样 0
135.163 135.911 63.0 深 1
136.324 136.622 64.0 如 0
136.624 136.922 61.0 果 0
136.924 137.222 64.0 一 0
137.225 137.522 61.0 生 0
137.525 137.822 64.0 缘 0
137.975 138.498 64.0 份 0
138.726 139.023 68.0 只 0
139.026 139.323 68.0 能 0
139.326 139.624 68.0 留 0
139.626 139.924 66.0 个 0
139.926 140.524 63.0 吻 1
140.606 140.904 61.0 我 0
140.906 141.204 59.0 想 0
141.206 141.579 61.0 向 0
141.807 142.33 64.0 你 0
142.407 142.555 64.0 预 0
142.707 143.38 64.0 定 0
143.608 143.906 68.0 百 0
143.908 144.206 68.0 万 0
144.208 144.506 68.0 个 0
144.509 144.806 71.0 来 0
144.809 145.407 68.0 生 1
145.442 145.74 64.0 哦 0
145.742 146.04 66.0 - 0
146.043 146.641 68.0 Kiss 0
146.643 147.241 68.0 Kiss 0
147.243 147.841 68.0 Kiss 1
147.841 148.139 66.0 只 0
148.141 148.439 64.0 允 0
148.441 149.039 66.0 许 0
149.042 149.339 66.0 你 0
149.342 149.64 68.0 一 0
149.642 150.09 66.0 人 1
150.128 150.425 64.0 你 0
150.428 150.725 66.0 的 0
150.728 151.026 68.0 眼 0
151.028 151.176 61.0 神 0
151.328 151.626 61.0 像 0
151.629 151.851 68.0 一 0
151.929 152.151 68.0 道 0
152.229 152.527 61.0 闪 0
152.529 153.052 61.0 电 0
153.13 153.352 68.0 划 0
153.43 153.577 68.0 过 0
153.73 154.028 68.0 我 0
154.03 154.328 71.0 心 0
154.33 154.853 68.0 门 1
154.986 155.284 64.0 哦 0
155.286 155.584 66.0 - 0
155.586 156.184 68.0 Kiss 0
156.187 156.785 68.0 Kiss 0
156.787 157.385 68.0 Kiss 1
157.42 157.717 66.0 我 0
157.72 158.018 64.0 祈 0
158.02 158.618 66.0 祷 0
158.62 158.918 66.0 这 0
158.921 159.218 68.0 一 0
159.221 159.669 66.0 生 0
159.821 160.119 64.0 所 0
160.121 160.419 66.0 有 0
160.422 160.719 68.0 的 0
160.722 160.87 61.0 梦 0
161.022 161.32 61.0 都 0
161.322 161.545 68.0 经 0
161.623 161.845 68.0 过 0
161.923 162.746 61.0 你 1
162.809 163.032 68.0 一 0
163.11 163.708 68.0 夜 0
163.71 164.008 66.0 成 0
164.01 164.533 68.0 真 1
174.776 175.073 64.0 少 0
175.076 175.374 61.0 女 0
175.376 175.674 64.0 情 0
175.676 175.974 61.0 怀 0
175.977 176.274 64.0 总 0
176.277 176.575 61.0 是 0
176.577 176.875 64.0 诗 1
176.964 177.262 64.0 我 0
177.264 177.562 63.0 喜 0
177.565 177.862 63.0 欢 0
177.865 178.163 63.0 你 0
178.165 178.463 64.0 样 0
178.465 179.213 63.0 子 1
179.541 179.839 64.0 一 0
179.841 180.139 61.0 丝 0
180.142 180.439 64.0 丝 0
180.442 180.739 61.0 的 0
180.742 181.04 64.0 忧 0
181.042 181.64 64.0 郁 0
181.643 181.94 64.0 和 0
181.943 182.241 63.0 一 0
182.243 182.541 63.0 丝 0
182.543 182.841 63.0 丝 0
182.843 183.141 64.0 欢 0
183.144 183.742 63.0 喜 1
183.842 184.14 61.0 不 0
184.142 184.44 59.0 求 0
184.442 185.04 61.0 你 0
185.043 185.341 64.0 能 0
185.643 185.941 64.0 陪 0
185.944 186.466 64.0 我 0
186.844 187.142 66.0 一 0
187.144 187.742 68.0 - 0
187.745 188.043 66.0 辈 0
188.045 188.643 63.0 子 1
188.657 188.955 61.0 只 0
188.958 189.255 59.0 希 0
189.258 189.631 61.0 望 0
189.858 190.381 64.0 能 0
190.459 190.606 64.0 拥 0
190.759 191.432 64.0 有 0
191.66 191.957 68.0 百 0
191.96 192.257 68.0 万 0
192.26 192.558 68.0 个 0
192.56 192.858 71.0 来 0
192.86 193.458 68.0 生 1
193.468 193.766 64.0 哦 0
193.768 194.066 66.0 - 0
194.068 194.666 68.0 Kiss 0
194.669 195.267 68.0 Kiss 0
195.269 195.867 68.0 Kiss 1
195.867 196.165 66.0 我 0
196.168 196.465 64.0 左 0
196.468 197.066 66.0 等 0
197.068 197.366 66.0 我 0
197.369 197.666 68.0 右 0
197.669 198.117 66.0 等 1
198.158 198.456 64.0 等 0
198.458 198.756 66.0 一 0
198.759 199.056 68.0 颗 0
199.059 199.206 61.0 心 0
199.359 199.657 61.0 和 0
199.659 199.882 68.0 发 0
199.959 200.182 68.0 亮 0
200.26 200.557 61.0 的 0
200.56 200.858 61.0 青 0
200.86 201.083 68.0 春 0
201.16 201.383 68.0 惊 0
201.46 201.608 68.0 动 0
201.761 202.058 68.0 你 0
202.061 202.359 71.0 灵 0
202.361 202.884 68.0 魂 1
203.014 203.311 64.0 哦 0
203.314 203.611 66.0 - 0
203.614 204.212 68.0 Kiss 0
204.214 204.812 68.0 Kiss 0
204.815 205.413 68.0 Kiss 1
205.462 205.76 66.0 我 0
205.762 206.06 64.0 祈 0
206.063 206.661 66.0 祷 0
206.663 206.961 66.0 这 0
206.963 207.261 68.0 一 0
207.263 207.711 66.0 生 0
207.864 208.162 64.0 所 0
208.164 208.462 66.0 有 0
208.464 208.762 68.0 的 0
208.765 208.912 61.0 梦 0
209.065 209.362 61.0 都 0
209.365 209.588 68.0 经 0
209.665 209.888 68.0 过 0
209.965 210.788 61.0 你 1
210.847 211.07 68.0 一 0
211.147 211.745 68.0 夜 0
211.748 212.045 66.0 成 0
212.048 212.571 63.0 真 1
212.659 212.882 63.0 百 0
212.884 213.107 64.0 万 0
213.11 213.257 63.0 个 0
213.26 214.083 61.0 吻 1
214.913 215.211 64.0 哦 0
215.213 215.511 66.0 - 0
215.513 216.111 68.0 Kiss 0
216.114 216.712 68.0 Kiss 0
216.714 217.312 68.0 Kiss 1
217.452 217.749 66.0 只 0
217.752 218.05 64.0 允 0
218.052 218.65 66.0 许 0
218.652 218.95 66.0 你 0
218.953 219.25 68.0 一 0
219.253 219.701 66.0 人 1
219.844 220.142 64.0 你 0
220.144 220.442 66.0 的 0
220.445 220.742 68.0 眼 0
220.745 220.893 61.0 神 0
221.045 221.343 61.0 像 0
221.345 221.568 68.0 一 0
221.646 221.868 68.0 道 0
221.946 222.243 61.0 闪 0
222.246 222.544 61.0 电 0
222.846 223.069 68.0 划 0
223.147 223.294 68.0 过 0
223.447 223.745 68.0 我 0
223.747 224.045 71.0 心 0
224.047 224.57 68.0 门 1
224.578 224.875 64.0 哦 0
224.878 225.176 66.0 - 0
225.178 225.776 68.0 Kiss 0
225.778 226.376 68.0 Kiss 0
226.379 226.977 68.0 Kiss 1
227.095 227.393 66.0 我 0
227.396 227.693 64.0 祈 0
227.696 228.294 66.0 祷 0
228.296 228.594 66.0 这 0
228.596 228.894 68.0 一 0
228.897 229.344 66.0 生 0
229.497 229.795 64.0 所 0
229.797 230.095 66.0 有 0
230.097 230.395 68.0 的 0
230.398 230.545 61.0 梦 0
230.698 230.996 61.0 都 0
230.998 231.221 68.0 经 0
231.298 231.521 68.0 过 0
231.598 232.422 61.0 你 1
232.492 232.715 68.0 一 0
232.792 233.39 68.0 夜 0
233.393 233.69 66.0 成 0
233.693 234.216 63.0 真 1
234.264 234.487 63.0 百 0
234.49 234.712 64.0 万 0
234.715 234.862 63.0 个 0
234.865 235.688 61.0 吻 1
