34.071 34.298 49.0 沉 0
34.302 34.528 56.0 默 0
34.532 34.759 56.0 着 0
34.994 35.221 49.0 走 0
35.225 35.452 58.0 了 0
35.455 36.028 56.0 有 0
36.609 37.182 61.0 多 0
37.302 37.528 54.0 - 0
37.532 37.99 54.0 遥 0
37.994 38.221 51.0 - 0
38.225 39.259 51.0 远 1
41.493 41.72 49.0 抬 0
41.724 41.951 56.0 起 0
41.955 42.297 56.0 头 0
42.416 42.643 49.0 蓦 0
42.647 42.874 56.0 然 0
42.878 43.451 56.0 间 0
44.032 44.259 53.0 才 0
44.263 44.951 54.0 发 0
44.955 46.682 61.0 现 1
48.367 48.594 54.0 一 0
48.598 49.633 61.0 直 0
49.752 50.21 63.0 倒 0
50.214 50.441 56.0 - 0
50.444 51.248 56.0 退 0
52.291 52.748 56.0 倒 0
52.752 52.979 54.0 退 0
52.983 53.441 56.0 到 0
53.444 53.902 58.0 原 0
53.906 54.133 54.0 - 0
54.137 54.941 54.0 点 1
56.06 56.518 59.0 倔 0
56.521 56.748 58.0 强 0
56.752 57.21 59.0 坚 0
57.214 57.787 66.0 持 0
57.906 58.479 58.0 对 0
58.598 59.171 58.0 抗 0
59.291 59.518 54.0 时 0
59.521 60.902 56.0 间 1
63.7 63.927 49.0 说 0
63.931 64.158 56.0 好 0
64.162 64.389 56.0 了 0
64.623 64.85 49.0 的 0
64.854 65.081 56.0 永 0
65.085 65.658 56.0 远 0
66.239 66.812 61.0 断 0
66.931 67.158 54.0 - 0
67.162 67.389 54.0 了 0
67.393 67.85 51.0 - 0
67.854 68.889 51.0 线 1
71.131 71.358 49.0 期 0
71.362 71.589 58.0 许 0
71.592 71.935 56.0 了 0
72.054 72.281 49.0 不 0
72.285 72.512 58.0 变 0
72.515 73.089 56.0 的 0
73.439 73.665 49.0 却 0
73.669 73.896 59.0 都 0
73.9 74.127 59.0 已 0
74.131 74.358 58.0 改 0
74.362 76.435 58.0 变 1
77.949 78.176 54.0 紧 0
78.18 79.214 61.0 闭 0
79.334 79.791 63.0 双 0
79.795 80.022 56.0 - 0
80.026 80.83 56.0 眼 0
81.872 82.33 56.0 才 0
82.334 82.56 54.0 能 0
82.564 83.022 56.0 看 0
83.026 83.484 58.0 的 0
83.487 83.714 54.0 - 0
83.718 84.522 54.0 见 1
85.049 85.276 56.0 那 0
85.28 85.506 58.0 些 0
85.51 85.968 59.0 曾 0
85.972 86.43 58.0 经 0
86.433 86.891 56.0 温 0
86.895 87.237 54.0 暖 0
87.356 87.814 51.0 鲜 0
87.818 88.16 54.0 艳 0
88.28 88.737 54.0 过 0
88.741 88.968 56.0 的 0
88.972 89.43 56.0 画 0
89.433 89.545 54.0 - 0
89.664 90.93 54.0 面 1
92.069 92.296 66.0 渐 0
92.3 92.527 65.0 渐 0
92.53 92.757 66.0 地 0
92.761 92.988 65.0 忘 0
92.992 93.219 61.0 记 0
93.453 93.68 58.0 赶 0
93.684 93.911 58.0 不 0
93.915 94.142 58.0 上 0
94.146 94.603 56.0 明 0
94.607 95.18 58.0 天 1
95.789 96.016 66.0 只 0
96.02 96.247 65.0 要 0
96.251 96.478 66.0 用 0
96.481 96.708 65.0 力 0
96.712 97.17 61.0 地 0
97.174 97.401 58.0 抓 0
97.405 97.631 58.0 紧 0
97.635 97.862 58.0 了 0
97.866 98.324 56.0 想 0
98.328 99.016 58.0 念 1
99.881 100.108 61.0 明 0
100.112 100.339 61.0 天 0
100.343 100.8 63.0 再 0
100.804 101.031 61.0 - 0
101.035 101.723 61.0 也 0
101.958 102.185 61.0 没 0
102.189 102.646 63.0 有 0
102.65 102.993 61.0 你 0
103.112 103.339 54.0 的 0
103.343 103.8 61.0 笑 0
103.804 104.031 58.0 - 0
104.035 105.416 56.0 脸 1
106.716 106.943 66.0 渐 0
106.947 107.174 65.0 渐 0
107.178 107.405 66.0 地 0
107.408 107.635 65.0 忘 0
107.639 107.866 61.0 记 0
108.101 108.328 58.0 忘 0
108.331 108.558 58.0 记 0
108.562 108.789 58.0 了 0
108.793 109.251 56.0 时 0
109.255 109.828 58.0 间 1
110.414 110.641 66.0 我 0
110.645 110.872 65.0 只 0
110.876 111.103 66.0 要 0
111.107 111.334 65.0 沿 0
111.337 111.795 61.0 着 0
111.799 112.026 58.0 记 0
112.03 112.257 58.0 忆 0
112.261 112.487 58.0 的 0
112.491 112.949 56.0 路 0
112.953 113.641 58.0 线 1
114.807 115.034 61.0 到 0
115.038 115.495 63.0 最 0
115.499 115.726 61.0 深 0
115.73 116.419 61.0 处 0
116.653 116.88 61.0 纵 0
116.884 117.342 63.0 然 0
117.345 117.688 61.0 那 0
117.807 118.265 58.0 只 0
118.269 118.495 61.0 是 0
118.499 119.188 56.0 瞬 0
119.192 120.111 54.0 间 1
122.719 122.946 49.0 当 0
122.95 123.177 58.0 眼 0
123.181 123.408 56.0 泪 0
123.642 123.869 49.0 滑 0
123.873 124.1 56.0 落 0
124.104 124.677 56.0 的 0
125.258 125.946 61.0 是 0
126.181 126.638 54.0 句 0
126.642 126.869 51.0 - 0
126.873 127.908 51.0 点 1
130.045 130.272 49.0 心 0
130.276 130.502 56.0 里 0
130.506 130.849 56.0 面 0
130.968 131.195 49.0 始 0
131.199 131.426 58.0 终 0
131.429 132.002 56.0 你 0
132.352 132.579 49.0 从 0
132.583 132.81 59.0 没 0
132.814 133.041 59.0 有 0
133.045 133.272 58.0 走 0
133.276 135.002 58.0 远 1
136.973 137.2 54.0 耳 0
137.204 138.469 61.0 边 0
138.588 138.815 63.0 誓 0
138.819 139.854 56.0 言 0
140.896 141.7 56.0 还 0
141.819 142.277 61.0 在 0
142.281 142.507 53.0 回 0
142.511 142.969 56.0 旋 0
142.973 143.661 54.0 - 1
144.273 144.5 56.0 我 0
144.503 144.73 58.0 会 0
144.734 145.192 59.0 好 0
145.196 145.653 58.0 好 0
145.657 146.115 56.0 珍 0
146.119 146.461 54.0 惜 0
146.58 147.038 51.0 没 0
147.042 147.384 54.0 有 0
147.503 147.961 54.0 你 0
147.965 148.192 56.0 的 0
148.196 148.653 56.0 明 0
148.657 150.153 54.0 天 1
180.592 180.819 66.0 渐 0
180.823 181.05 65.0 渐 0
181.054 181.281 66.0 地 0
181.285 181.511 65.0 忘 0
181.515 181.742 61.0 记 0
181.977 182.204 58.0 赶 0
182.208 182.435 58.0 不 0
182.438 182.665 58.0 上 0
182.669 183.127 56.0 明 0
183.131 183.704 58.0 天 1
184.241 184.467 66.0 只 0
184.471 184.698 65.0 要 0
184.702 184.929 66.0 用 0
184.933 185.16 65.0 力 0
185.164 185.621 61.0 地 0
185.625 185.852 58.0 抓 0
185.856 186.083 58.0 紧 0
186.087 186.314 58.0 了 0
186.317 186.775 56.0 想 0
186.779 187.467 58.0 念 1
188.503 188.73 61.0 明 0
188.734 188.961 61.0 天 0
188.965 189.423 63.0 再 0
189.426 189.653 61.0 - 0
189.657 190.346 61.0 也 0
190.58 190.807 61.0 没 0
190.811 191.269 63.0 有 0
191.273 191.615 61.0 你 0
191.734 191.961 54.0 的 0
191.965 192.423 61.0 笑 0
192.426 192.653 58.0 - 0
192.657 194.038 56.0 脸 1
195.424 195.651 66.0 渐 0
195.655 195.882 65.0 渐 0
195.886 196.113 66.0 地 0
196.117 196.344 65.0 忘 0
196.348 196.69 61.0 记 0
196.809 197.036 58.0 忘 0
197.04 197.267 58.0 记 0
197.271 197.498 58.0 了 0
197.501 197.959 56.0 时 0
197.963 198.536 58.0 间 1
199.129 199.356 66.0 我 0
199.36 199.587 65.0 只 0
199.59 199.817 66.0 要 0
199.821 200.048 65.0 沿 0
200.052 200.51 61.0 着 0
200.513 200.74 58.0 记 0
200.744 200.971 58.0 忆 0
200.975 201.202 58.0 的 0
201.206 201.663 56.0 路 0
201.667 202.356 58.0 线 1
203.535 203.762 61.0 到 0
203.766 204.224 63.0 最 0
204.228 204.455 61.0 深 0
204.459 205.147 61.0 处 0
205.382 205.609 61.0 纵 0
205.612 206.07 63.0 然 0
206.074 206.416 61.0 那 0
206.535 206.993 58.0 只 0
206.997 207.224 61.0 是 0
207.228 207.916 56.0 瞬 0
207.92 208.839 54.0 间 1
210.255 210.482 66.0 渐 0
210.486 210.712 65.0 渐 0
210.716 210.943 66.0 地 0
210.947 211.174 65.0 忘 0
211.178 211.52 61.0 记 0
211.639 211.866 58.0 忘 0
211.87 212.097 58.0 记 0
212.101 212.328 58.0 了 0
212.332 212.789 56.0 时 0
212.793 213.366 58.0 间 1
213.863 214.09 66.0 我 0
214.094 214.321 65.0 只 0
214.325 214.552 66.0 要 0
214.555 214.782 65.0 沿 0
214.786 215.244 61.0 着 0
215.248 215.475 58.0 记 0
215.478 215.705 58.0 忆 0
215.709 215.936 58.0 的 0
215.94 216.398 56.0 路 0
216.402 217.09 58.0 线 1
218.335 218.562 61.0 到 0
218.565 219.023 63.0 最 0
219.027 219.254 61.0 深 0
219.258 219.946 61.0 处 0
220.181 220.408 61.0 纵 0
220.412 220.754 63.0 然 0
220.758 220.985 61.0 - 0
220.989 221.677 61.0 那 0
221.912 222.485 58.0 只 0
222.489 223.985 61.0 是 0
224.739 225.312 56.0 瞬 0
225.373 226.235 54.0 间 1
