19.328 19.576 56.0 说 0
19.576 19.825 55.0 好 0
19.825 20.318 53.0 了 0
20.318 20.565 53.0 不 0
20.565 20.811 51.0 回 0
20.811 21.304 53.0 头 0
21.304 21.798 51.0 不 0
21.798 22.291 53.0 想 0
22.291 22.537 55.0 承 0
22.537 22.784 56.0 诺 1
23.118 23.365 56.0 缘 0
23.365 23.612 56.0 份 0
23.612 23.858 58.0 尽 0
23.858 24.349 60.0 了 0
24.349 24.594 58.0 你 0
24.594 25.085 60.0 别 0
25.085 25.575 63.0 过 0
25.575 26.311 60.0 头 1
27.379 27.624 60.0 如 0
27.624 27.87 63.0 果 0
27.87 28.115 58.0 还 0
28.115 28.607 58.0 有 0
28.607 28.852 56.0 什 0
28.852 29.344 58.0 么 0
29.344 29.59 58.0 值 0
29.59 29.835 60.0 得 0
29.835 30.327 58.0 我 0
30.327 30.572 56.0 逗 0
30.572 31.064 53.0 留 1
31.289 31.534 53.0 我 0
31.534 31.78 55.0 想 0
31.78 32.271 56.0 是 0
32.517 32.763 56.0 你 0
32.763 33.254 56.0 爱 0
33.5 33.746 53.0 过 0
33.746 34.237 51.0 我 1
35.154 35.4 56.0 只 0
35.4 35.646 55.0 是 0
35.646 36.137 53.0 路 0
36.137 36.383 53.0 无 0
36.383 36.628 51.0 尽 0
36.628 37.12 53.0 头 1
37.331 37.576 51.0 都 0
37.576 38.068 53.0 是 0
38.068 38.313 55.0 路 0
38.313 38.559 56.0 过 0
38.805 39.051 56.0 什 0
39.051 39.296 56.0 么 0
39.296 39.542 58.0 感 0
39.542 40.035 60.0 受 1
40.037 40.283 58.0 我 0
40.283 40.775 60.0 能 0
40.775 41.268 63.0 带 0
41.268 42.007 60.0 走 1
43.008 43.254 60.0 眼 0
43.254 43.5 63.0 泪 0
43.5 43.747 58.0 可 0
43.747 44.239 58.0 以 0
44.239 44.485 56.0 不 0
44.485 44.978 58.0 流 1
45.044 45.29 58.0 心 0
45.29 45.536 60.0 碎 0
45.536 45.783 58.0 不 0
45.783 46.275 56.0 能 0
46.275 46.768 53.0 救 1
46.898 47.144 53.0 看 0
47.144 47.391 55.0 我 0
47.391 47.883 56.0 能 0
48.129 48.376 56.0 否 0
48.376 48.868 53.0 得 0
48.868 49.114 51.0 自 0
49.114 49.852 53.0 由 1
50.96 51.206 56.0 当 0
51.206 51.451 58.0 我 0
51.451 51.942 60.0 松 0
51.942 52.188 58.0 开 0
52.188 52.679 60.0 你 0
52.679 53.416 65.0 的 0
53.416 54.152 63.0 手 1
54.903 55.149 60.0 一 0
55.149 55.394 63.0 些 0
55.394 55.64 65.0 风 0
55.64 56.131 65.0 沙 0
56.131 56.376 63.0 哽 0
56.376 56.867 65.0 住 0
57.113 57.604 63.0 眼 0
57.604 58.341 60.0 眸 1
58.705 58.951 60.0 爱 0
58.951 59.196 63.0 你 0
59.196 59.442 65.0 最 0
59.442 59.933 65.0 后 0
59.933 60.178 63.0 一 0
60.178 60.669 65.0 幕 0
60.669 61.161 63.0 却 0
61.161 61.406 60.0 模 0
61.406 61.897 60.0 糊 0
61.897 62.143 58.0 带 0
62.143 62.388 60.0 过 1
62.688 62.933 60.0 不 0
62.933 63.179 63.0 让 0
63.179 63.425 65.0 疼 0
63.425 63.917 65.0 痛 0
63.917 64.164 63.0 有 0
64.164 64.41 65.0 路 0
64.41 65.148 68.0 追 0
65.148 66.133 67.0 究 1
66.459 66.705 60.0 我 0
66.705 66.951 68.0 不 0
66.951 67.197 67.0 后 0
67.197 67.69 65.0 悔 0
67.69 68.182 63.0 我 0
68.182 68.674 60.0 曾 0
68.674 68.92 58.0 爱 0
68.92 69.905 60.0 过 1
70.226 70.472 60.0 只 0
70.472 70.718 68.0 是 0
70.718 70.965 67.0 天 0
70.965 71.457 65.0 涯 0
71.457 71.949 63.0 从 0
71.949 72.441 60.0 此 0
72.441 72.688 58.0 寂 0
72.688 73.916 60.0 寞 1
74.448 74.694 60.0 远 0
74.694 74.939 63.0 去 0
74.939 75.267 58.0 的 0
75.267 75.594 60.0 渡 0
75.594 75.922 58.0 口 0
76.413 76.658 56.0 彼 0
76.658 76.904 58.0 岸 0
76.904 77.231 60.0 的 0
77.231 77.559 63.0 灯 0
77.559 78.132 60.0 火 1
78.402 78.647 60.0 人 0
78.647 78.893 63.0 在 0
78.893 79.138 65.0 河 0
79.138 79.629 65.0 流 0
79.629 79.875 63.0 只 0
79.875 80.121 65.0 许 0
80.121 80.857 68.0 漂 0
80.857 81.84 67.0 泊 1
82.112 82.358 60.0 我 0
82.358 82.603 68.0 不 0
82.603 82.849 67.0 后 0
82.849 83.34 65.0 悔 0
83.34 83.831 63.0 被 0
83.831 84.322 60.0 你 0
84.322 84.568 58.0 爱 0
84.568 85.55 60.0 过 1
86.043 86.289 60.0 只 0
86.289 86.535 68.0 是 0
86.535 86.78 67.0 不 0
86.78 87.271 65.0 能 0
87.271 87.763 63.0 爱 0
87.763 88.254 60.0 到 0
88.254 88.499 63.0 最 0
88.499 89.727 60.0 后 1
90.175 90.421 60.0 短 0
90.421 90.666 63.0 暂 0
90.666 90.912 58.0 的 0
90.912 91.403 60.0 幸 0
91.403 91.649 58.0 福 1
92.112 92.358 56.0 拥 0
92.358 92.603 58.0 有 0
92.603 93.094 60.0 就 0
93.094 93.34 63.0 足 0
93.34 93.831 60.0 够 1
94.205 94.45 60.0 只 0
94.45 94.696 63.0 要 0
94.696 94.942 65.0 舍 0
94.942 95.434 65.0 得 0
95.434 95.681 63.0 就 0
95.681 95.927 65.0 会 0
95.927 96.419 68.0 快 0
96.419 96.666 67.0 - 0
96.666 97.158 67.0 乐 1
97.532 98.271 68.0 会 0
98.271 98.764 67.0 快 0
98.764 99.01 65.0 - 0
99.01 101.475 65.0 乐 1
133.561 133.807 56.0 只 0
133.807 134.053 55.0 是 0
134.053 134.545 53.0 路 0
134.545 134.791 53.0 无 0
134.791 135.036 51.0 尽 0
135.036 135.528 53.0 头 1
135.726 135.972 51.0 都 0
135.972 136.464 53.0 是 0
136.464 136.71 55.0 路 0
136.71 136.955 56.0 过 0
137.201 137.447 56.0 什 0
137.447 137.693 56.0 么 0
137.693 137.939 58.0 感 0
137.939 138.431 60.0 受 1
138.475 138.721 58.0 我 0
138.721 139.212 60.0 能 0
139.212 139.704 63.0 带 0
139.704 140.442 60.0 走 1
141.356 141.602 60.0 眼 0
141.602 141.848 63.0 泪 0
141.848 142.094 58.0 可 0
142.094 142.586 58.0 以 0
142.586 142.832 56.0 不 0
142.832 143.323 58.0 流 1
143.398 143.644 58.0 心 0
143.644 143.89 60.0 碎 0
143.89 144.136 58.0 不 0
144.136 144.628 56.0 能 0
144.628 145.12 53.0 救 1
145.304 145.55 53.0 看 0
145.55 145.796 55.0 我 0
145.796 146.288 56.0 能 0
146.534 146.78 56.0 否 0
146.78 147.271 53.0 得 0
147.271 147.517 51.0 自 0
147.517 148.255 53.0 由 1
149.181 149.426 56.0 当 0
149.426 149.672 58.0 我 0
149.672 150.164 60.0 松 0
150.164 150.41 58.0 开 0
150.41 150.902 60.0 你 0
150.902 151.639 65.0 的 0
151.639 152.377 63.0 手 1
153.181 153.427 60.0 一 0
153.427 153.672 63.0 些 0
153.672 153.918 65.0 风 0
153.918 154.41 65.0 沙 0
154.41 154.656 63.0 哽 0
154.656 155.148 65.0 住 0
155.148 155.394 63.0 眼 0
155.394 156.377 60.0 眸 1
157.017 157.263 60.0 爱 0
157.263 157.508 63.0 你 0
157.508 157.754 65.0 最 0
157.754 158.246 65.0 后 0
158.246 158.492 63.0 一 0
158.492 158.984 65.0 幕 0
158.984 159.476 63.0 却 0
159.476 159.721 60.0 模 0
159.721 160.213 60.0 糊 0
160.213 160.459 58.0 带 0
160.459 160.705 60.0 过 1
161.131 161.377 60.0 不 0
161.377 161.623 63.0 让 0
161.623 161.868 63.0 疼 0
161.868 162.36 65.0 痛 0
162.36 162.606 63.0 有 0
162.606 162.852 65.0 路 0
162.852 163.59 68.0 追 0
163.59 164.573 67.0 究 1
164.663 164.909 60.0 我 0
164.909 165.155 68.0 不 0
165.155 165.401 67.0 后 0
165.401 165.892 65.0 悔 0
165.892 166.384 63.0 我 0
166.384 166.876 60.0 曾 0
166.876 167.122 58.0 爱 0
167.122 168.105 60.0 过 1
168.633 168.879 60.0 只 0
168.879 169.125 68.0 是 0
169.125 169.371 67.0 天 0
169.371 169.863 65.0 涯 0
169.863 170.354 63.0 从 0
170.354 170.846 60.0 此 0
170.846 171.092 58.0 寂 0
171.092 172.321 60.0 寞 1
172.807 173.053 60.0 远 0
173.053 173.299 63.0 去 0
173.299 173.627 58.0 的 0
173.627 173.955 60.0 渡 0
173.955 174.282 58.0 口 0
174.774 175.02 56.0 彼 0
175.02 175.266 58.0 岸 0
175.266 175.594 60.0 的 0
175.594 175.922 63.0 灯 0
175.922 176.495 60.0 火 1
176.704 176.95 60.0 人 0
176.95 177.196 63.0 在 0
177.196 177.442 65.0 河 0
177.442 177.934 65.0 流 0
177.934 178.18 63.0 只 0
178.18 178.425 65.0 许 0
178.425 179.163 68.0 漂 0
179.163 180.147 67.0 泊 1
180.528 180.774 60.0 我 0
180.774 181.02 68.0 不 0
181.02 181.266 67.0 后 0
181.266 181.758 65.0 悔 0
181.758 182.25 63.0 被 0
182.25 182.741 60.0 你 0
182.741 182.987 58.0 爱 0
182.987 183.971 60.0 过 1
184.455 184.7 60.0 只 0
184.7 184.946 68.0 是 0
184.946 185.192 67.0 不 0
185.192 185.684 65.0 能 0
185.684 186.176 63.0 爱 0
186.176 186.668 60.0 到 0
186.668 186.913 63.0 最 0
186.913 188.143 60.0 后 1
188.501 188.746 60.0 短 0
188.746 188.992 63.0 暂 0
188.992 189.32 58.0 的 0
189.32 189.648 60.0 幸 0
189.648 189.976 58.0 福 1
190.528 190.773 56.0 拥 0
190.773 191.019 58.0 有 0
191.019 191.347 60.0 就 0
191.347 191.675 63.0 足 0
191.675 192.249 60.0 够 1
192.501 192.747 60.0 只 0
192.747 192.992 63.0 要 0
192.992 193.238 65.0 舍 0
193.238 193.73 65.0 得 0
193.73 193.976 63.0 就 0
193.976 194.222 65.0 会 0
194.222 194.714 68.0 快 0
194.714 194.959 67.0 - 0
194.959 195.943 67.0 乐 1
196.042 196.78 68.0 会 0
196.78 197.271 67.0 快 0
197.271 199.721 65.0 乐 1
200.212 200.455 60.0 我 0
200.455 200.697 68.0 不 0
200.697 200.94 67.0 后 0
200.94 201.427 65.0 悔 0
201.427 201.913 63.0 我 0
201.913 202.4 60.0 曾 0
202.4 202.643 58.0 爱 0
202.643 203.373 60.0 过 1
203.937 204.18 60.0 只 0
204.18 204.424 68.0 是 0
204.424 204.667 67.0 天 0
204.667 205.175 65.0 涯 0
205.175 205.683 63.0 从 0
205.683 206.191 60.0 此 0
206.191 206.445 58.0 寂 0
206.445 207.653 60.0 寞 1
208.149 208.388 60.0 远 0
208.388 208.626 63.0 去 0
208.626 209.112 58.0 的 0
209.112 209.355 60.0 渡 0
209.355 209.841 58.0 口 0
210.084 210.327 56.0 彼 0
210.327 210.57 58.0 岸 0
210.57 210.9 60.0 的 0
210.9 211.23 63.0 灯 0
211.23 211.808 60.0 火 1
212.01 212.258 60.0 人 0
212.258 212.505 63.0 在 0
212.505 212.76 65.0 河 0
212.76 213.271 65.0 流 0
213.271 213.527 63.0 只 0
213.527 213.782 65.0 许 0
213.782 214.548 68.0 漂 0
214.548 215.532 67.0 泊 1
215.887 216.133 60.0 我 0
216.133 216.379 68.0 不 0
216.379 216.624 67.0 后 0
216.624 217.119 65.0 悔 0
217.119 217.613 63.0 被 0
217.613 218.107 60.0 你 0
218.107 218.354 58.0 爱 0
218.354 219.335 60.0 过 1
219.822 220.066 60.0 只 0
220.066 220.311 68.0 是 0
220.311 220.556 67.0 不 0
220.556 221.045 65.0 能 0
221.045 221.534 63.0 爱 0
221.534 222.023 60.0 到 0
222.023 222.267 63.0 最 0
222.267 223.495 60.0 后 1
223.993 224.239 60.0 短 0
224.239 224.485 63.0 暂 0
224.485 224.731 58.0 的 0
224.731 225.223 60.0 幸 0
225.223 225.714 58.0 福 1
226.027 226.273 56.0 拥 0
226.273 226.519 58.0 有 0
226.519 226.766 60.0 就 0
226.828 227.199 63.0 足 0
227.261 227.509 60.0 够 1
227.923 228.17 60.0 只 0
228.17 228.417 63.0 要 0
228.417 228.665 65.0 舍 0
228.665 229.16 65.0 得 0
229.16 229.407 63.0 就 0
229.407 229.654 65.0 会 0
229.654 230.149 68.0 快 0
230.149 230.397 67.0 - 0
230.397 230.889 67.0 乐 1
231.363 232.101 68.0 会 0
232.101 232.593 67.0 快 0
232.593 232.839 65.0 - 0
232.839 235.877 65.0 乐 1
