3.428 3.761 53.0 黑 0
3.761 4.095 51.0 夜 0
4.095 4.428 53.0 不 0
4.428 4.761 56.0 太 0
4.761 5.095 58.0 黑 1
5.858 6.025 56.0 因 0
6.025 6.192 58.0 为 0
6.192 6.525 60.0 有 0
6.525 6.858 61.0 你 0
6.858 7.192 60.0 不 0
7.192 7.525 56.0 想 0
7.525 7.858 58.0 睡 1
8.806 9.14 51.0 睡 0
9.14 9.473 49.0 不 0
9.473 9.806 51.0 着 0
9.806 10.14 53.0 是 0
10.14 10.473 56.0 因 0
10.473 10.806 53.0 为 1
10.817 11.151 56.0 留 0
11.151 11.484 53.0 恋 0
11.484 11.817 56.0 你 0
11.817 12.151 58.0 的 0
12.151 12.484 60.0 香 0
12.484 12.817 56.0 水 0
12.817 13.484 53.0 味 1
14.14 14.473 53.0 累 0
14.473 14.806 51.0 也 0
14.806 15.14 53.0 不 0
15.14 15.473 56.0 太 0
15.473 15.806 58.0 累 1
16.507 16.674 56.0 只 0
16.674 16.84 58.0 要 0
16.84 17.174 60.0 身 0
17.174 17.507 61.0 边 0
17.507 17.84 60.0 有 0
17.84 18.174 56.0 你 0
18.174 18.84 65.0 陪 1
19.469 19.802 58.0 不 0
19.802 20.136 56.0 管 0
20.136 20.469 58.0 何 0
20.469 20.802 65.0 时 0
20.802 21.136 58.0 何 0
21.136 21.469 56.0 地 1
21.541 21.874 58.0 我 0
21.874 22.208 65.0 愿 0
22.208 22.541 63.0 与 0
22.541 22.874 61.0 你 0
22.874 23.208 56.0 永 0
23.208 23.541 58.0 相 0
23.541 24.208 58.0 随 1
24.815 25.149 58.0 老 0
25.149 25.482 58.0 妹 0
25.482 25.815 58.0 你 0
25.815 26.149 65.0 真 0
26.149 26.482 58.0 美 1
27.169 27.335 63.0 睫 0
27.335 27.502 61.0 毛 0
27.502 27.835 63.0 弯 0
27.835 28.169 61.0 弯 0
28.169 28.502 60.0 樱 0
28.502 28.835 56.0 桃 0
28.835 29.335 53.0 嘴 1
30.081 30.414 63.0 多 0
30.414 30.747 63.0 想 0
30.747 31.081 63.0 和 0
31.081 31.247 61.0 你 0
31.247 31.747 65.0 化 0
31.747 32.081 63.0 成 0
32.081 32.414 63.0 蝴 0
32.414 32.747 56.0 蝶 1
32.815 33.149 60.0 起 0
33.149 33.482 53.0 舞 0
33.482 33.815 56.0 翩 0
33.815 34.149 58.0 翩 0
34.149 34.815 58.0 飞 1
35.531 35.864 58.0 老 0
35.864 36.198 65.0 妹 0
36.198 36.531 58.0 你 0
36.531 36.864 65.0 真 0
36.864 37.198 58.0 美 1
37.865 38.032 63.0 红 0
38.032 38.199 61.0 了 0
38.199 38.532 63.0 小 0
38.532 38.865 61.0 脸 0
38.865 39.199 60.0 像 0
39.199 39.532 56.0 花 0
39.532 40.032 53.0 蕊 1
40.691 41.025 63.0 真 0
41.025 41.358 63.0 情 0
41.358 41.691 63.0 难 0
41.691 42.025 61.0 得 0
42.025 42.358 65.0 就 0
42.358 42.525 63.0 别 0
42.525 43.025 63.0 浪 0
43.025 43.358 61.0 费 1
43.511 43.844 60.0 幸 0
43.844 44.178 53.0 福 0
44.178 44.511 56.0 的 0
44.511 44.844 58.0 滋 0
44.844 45.511 58.0 味 1
56.841 57.175 53.0 黑 0
57.175 57.508 51.0 夜 0
57.508 57.841 53.0 不 0
57.841 58.175 56.0 太 0
58.175 58.508 58.0 黑 1
59.019 59.185 56.0 因 0
59.185 59.352 58.0 为 0
59.352 59.685 60.0 有 0
59.685 60.019 61.0 你 0
60.019 60.352 60.0 不 0
60.352 60.685 56.0 想 0
60.685 61.019 58.0 睡 1
62.101 62.434 51.0 睡 0
62.434 62.767 49.0 不 0
62.767 63.101 51.0 着 0
63.101 63.434 53.0 是 0
63.434 63.767 56.0 因 0
63.767 64.101 53.0 为 1
64.152 64.485 56.0 留 0
64.485 64.818 53.0 恋 0
64.818 65.152 56.0 你 0
65.152 65.485 58.0 的 0
65.485 65.818 60.0 香 0
65.818 66.152 56.0 水 0
66.152 66.818 53.0 味 1
67.436 67.769 53.0 累 0
67.769 68.103 51.0 也 0
68.103 68.436 53.0 不 0
68.436 68.769 56.0 太 0
68.769 69.103 58.0 累 1
69.757 69.924 56.0 只 0
69.924 70.091 58.0 要 0
70.091 70.424 60.0 身 0
70.424 70.757 61.0 边 0
70.757 71.091 60.0 有 0
71.091 71.424 56.0 你 0
71.424 72.091 65.0 陪 1
72.778 73.112 58.0 不 0
73.112 73.445 56.0 管 0
73.445 73.778 58.0 何 0
73.778 74.112 65.0 时 0
74.112 74.445 58.0 何 0
74.445 74.778 56.0 地 1
74.873 75.207 58.0 我 0
75.207 75.54 65.0 愿 0
75.54 75.873 68.0 与 0
75.873 76.207 65.0 你 0
76.207 76.54 56.0 永 0
76.54 76.873 58.0 相 0
76.873 77.54 58.0 随 1
78.128 78.461 58.0 老 0
78.461 78.794 65.0 妹 0
78.794 79.128 58.0 你 0
79.128 79.461 65.0 真 0
79.461 79.794 58.0 美 1
80.39 80.557 63.0 睫 0
80.557 80.723 61.0 毛 0
80.723 81.057 63.0 弯 0
81.057 81.39 61.0 弯 0
81.39 81.723 60.0 樱 0
81.723 82.057 56.0 桃 0
82.057 82.557 53.0 嘴 1
83.419 83.752 63.0 多 0
83.752 84.086 63.0 想 0
84.086 84.419 63.0 和 0
84.419 84.586 61.0 你 0
84.586 85.086 65.0 化 0
85.086 85.419 63.0 成 0
85.419 85.752 63.0 蝴 0
85.752 86.086 56.0 蝶 1
86.159 86.492 60.0 起 0
86.492 86.825 53.0 舞 0
86.825 87.158 56.0 翩 0
87.158 87.492 58.0 翩 0
87.492 88.158 58.0 飞 1
88.853 89.186 58.0 老 0
89.186 89.52 65.0 妹 0
89.52 89.853 58.0 你 0
89.853 90.186 65.0 真 0
90.186 90.52 58.0 美 1
91.103 91.27 63.0 红 0
91.27 91.437 61.0 了 0
91.437 91.77 63.0 小 0
91.77 92.103 61.0 脸 0
92.103 92.437 60.0 像 0
92.437 92.77 56.0 花 0
92.77 93.27 53.0 蕊 1
94.098 94.432 63.0 真 0
94.432 94.765 63.0 情 0
94.765 95.098 63.0 难 0
95.098 95.432 61.0 得 0
95.432 95.765 65.0 就 0
95.765 95.932 63.0 别 0
95.932 96.432 63.0 浪 0
96.432 96.765 61.0 费 1
96.841 97.174 60.0 幸 0
97.174 97.508 53.0 福 0
97.508 97.841 56.0 的 0
97.841 98.174 58.0 滋 0
98.174 98.841 58.0 味 1
99.366 99.699 58.0 老 0
99.699 100.032 65.0 妹 0
100.032 100.366 58.0 你 0
100.366 100.699 65.0 真 0
100.699 101.032 58.0 美 1
101.843 102.01 63.0 睫 0
102.01 102.176 61.0 毛 0
102.176 102.51 63.0 弯 0
102.51 102.843 61.0 弯 0
102.843 103.176 60.0 樱 0
103.176 103.51 56.0 桃 0
103.51 104.01 53.0 嘴 1
104.778 105.111 63.0 多 0
105.111 105.445 63.0 想 0
105.445 105.778 63.0 和 0
105.778 105.945 61.0 你 0
105.945 106.445 65.0 化 0
106.445 106.778 63.0 成 0
106.778 107.111 63.0 蝴 0
107.111 107.445 56.0 蝶 1
107.501 107.834 60.0 起 0
107.834 108.167 53.0 舞 0
108.167 108.501 56.0 翩 0
108.501 108.834 58.0 翩 0
108.834 109.501 58.0 飞 1
110.087 110.421 58.0 老 0
110.421 110.754 65.0 妹 0
110.754 111.087 58.0 你 0
111.087 111.421 65.0 真 0
111.421 111.754 58.0 美 1
112.369 112.535 63.0 红 0
112.535 112.702 61.0 了 0
112.702 113.035 63.0 小 0
113.035 113.369 61.0 脸 0
113.369 113.702 60.0 像 0
113.702 114.035 56.0 花 0
114.035 114.535 53.0 蕊 1
115.401 115.734 63.0 真 0
115.734 116.067 63.0 情 0
116.067 116.401 63.0 难 0
116.401 116.734 61.0 得 0
116.734 117.067 65.0 就 0
117.067 117.234 63.0 别 0
117.234 117.734 63.0 浪 0
117.734 118.067 61.0 费 1
118.132 118.466 60.0 幸 0
118.466 118.799 53.0 福 0
118.799 119.132 56.0 的 0
119.132 119.466 58.0 滋 0
119.466 120.132 58.0 味 1
144.859 145.192 58.0 老 0
145.192 145.526 65.0 妹 0
145.526 145.859 58.0 你 0
145.859 146.192 65.0 真 0
146.192 146.526 58.0 美 1
147.086 147.253 63.0 睫 0
147.253 147.42 61.0 毛 0
147.42 147.753 63.0 弯 0
147.753 148.086 61.0 弯 0
148.086 148.42 60.0 樱 0
148.42 148.753 56.0 桃 0
148.753 149.253 53.0 嘴 1
150.114 150.448 63.0 多 0
150.448 150.781 63.0 想 0
150.781 151.114 63.0 和 0
151.114 151.281 61.0 你 0
151.281 151.781 65.0 化 0
151.781 152.114 63.0 成 0
152.114 152.448 63.0 蝴 0
152.448 152.781 56.0 蝶 1
152.812 153.145 60.0 起 0
153.145 153.479 53.0 舞 0
153.479 153.812 56.0 翩 0
153.812 154.145 58.0 翩 0
154.145 154.812 58.0 飞 1
155.406 155.739 58.0 老 0
155.739 156.072 65.0 妹 0
156.072 156.406 58.0 你 0
156.406 156.739 65.0 真 0
156.739 157.072 58.0 美 1
157.794 157.961 63.0 红 0
157.961 158.127 61.0 了 0
158.127 158.461 63.0 小 0
158.461 158.794 61.0 脸 0
158.794 159.127 60.0 像 0
159.127 159.461 56.0 花 0
159.461 159.961 53.0 蕊 1
160.7 161.033 63.0 真 0
161.033 161.367 63.0 情 0
161.367 161.7 63.0 难 0
161.7 162.033 61.0 得 0
162.033 162.367 65.0 就 0
162.367 162.533 63.0 别 0
162.533 163.033 63.0 浪 0
163.033 163.367 61.0 费 1
163.41 163.743 53.0 幸 0
163.743 164.076 53.0 福 0
164.076 164.41 56.0 的 0
164.41 164.743 58.0 滋 0
164.743 165.41 58.0 味 1
166.085 166.419 59.0 老 0
166.419 166.752 59.0 妹 0
166.752 167.085 59.0 你 0
167.085 167.419 66.0 真 0
167.419 167.752 59.0 美 1
168.456 168.622 64.0 睫 0
168.622 168.789 62.0 毛 0
168.789 169.122 64.0 弯 0
169.122 169.456 62.0 弯 0
169.456 169.789 61.0 樱 0
169.789 170.122 57.0 桃 0
170.122 170.622 54.0 嘴 1
171.381 171.714 64.0 多 0
171.714 172.047 64.0 想 0
172.047 172.381 64.0 和 0
172.381 172.547 62.0 你 0
172.547 173.047 66.0 化 0
173.047 173.381 64.0 成 0
173.381 173.714 64.0 蝴 0
173.714 174.047 57.0 蝶 1
174.207 174.541 61.0 起 0
174.541 174.874 54.0 舞 0
174.874 175.207 57.0 翩 0
175.207 175.541 59.0 翩 0
175.541 176.207 59.0 飞 1
176.868 177.201 59.0 老 0
177.201 177.535 66.0 妹 0
177.535 177.868 59.0 你 0
177.868 178.201 66.0 真 0
178.201 178.535 59.0 美 1
179.097 179.264 64.0 红 0
179.264 179.431 62.0 了 0
179.431 179.764 64.0 小 0
179.764 180.097 62.0 脸 0
180.097 180.431 61.0 像 0
180.431 180.764 57.0 花 0
180.764 181.264 54.0 蕊 1
182.039 182.373 64.0 真 0
182.373 182.706 64.0 情 0
182.706 183.039 64.0 难 0
183.039 183.373 62.0 得 0
183.373 183.706 66.0 就 0
183.706 183.873 64.0 别 0
183.873 184.373 64.0 浪 0
184.373 184.706 62.0 费 1
184.773 185.106 61.0 幸 0
185.106 185.44 54.0 福 0
185.44 185.773 57.0 的 0
185.773 186.106 59.0 滋 0
186.106 186.773 59.0 味 1
187.477 187.81 64.0 真 0
187.81 188.143 64.0 情 0
188.143 188.477 64.0 难 0
188.477 188.81 62.0 得 0
188.81 189.143 66.0 就 0
189.143 189.31 64.0 别 0
189.31 189.81 64.0 浪 0
189.81 190.143 62.0 费 1
190.153 190.487 61.0 幸 0
190.487 191.487 54.0 福 0
192.153 192.487 57.0 的 0
192.487 192.82 62.0 滋 0
192.82 195.82 59.0 味 1
