77.504 77.691 61.0 谁 0
77.691 77.878 63.0 在 0
77.878 78.242 65.0 最 0
78.242 78.606 65.0 需 0
78.606 78.969 65.0 要 0
78.969 79.333 65.0 的 0
79.333 79.697 65.0 时 0
79.697 80.061 63.0 候 0
80.061 80.425 61.0 轻 0
80.425 80.788 65.0 轻 0
80.788 81.161 63.0 拍 0
81.161 81.533 63.0 着 0
81.533 81.905 60.0 我 0
81.905 82.092 58.0 肩 0
82.092 82.65 56.0 膀 1
83.411 83.597 58.0 谁 0
83.597 83.783 60.0 在 0
83.783 84.153 61.0 最 0
84.153 84.523 61.0 快 0
84.523 84.894 61.0 乐 0
84.894 85.264 61.0 的 0
85.264 85.634 61.0 时 0
85.634 86.005 60.0 候 0
86.005 86.375 58.0 愿 0
86.375 86.745 61.0 意 0
86.745 87.514 60.0 和 0
87.514 87.898 60.0 我 0
87.898 88.283 53.0 分 0
88.283 89.052 56.0 享 1
89.331 89.715 56.0 日 0
89.715 90.481 58.0 子 0
90.481 90.864 54.0 那 0
90.864 91.247 53.0 么 0
91.247 91.821 51.0 长 0
92.395 92.778 58.0 我 0
92.778 93.539 56.0 在 0
93.539 93.92 53.0 你 0
93.92 94.3 51.0 身 0
94.3 94.871 49.0 旁 1
95.577 95.767 51.0 见 0
95.767 95.957 53.0 证 0
95.957 96.324 54.0 你 0
96.324 96.691 54.0 成 0
96.691 97.057 54.0 长 0
97.057 97.424 53.0 让 0
97.424 97.791 54.0 我 0
97.791 98.158 56.0 感 0
98.158 98.525 58.0 到 0
98.525 98.892 61.0 充 0
98.892 99.665 60.0 满 0
100.052 100.438 58.0 力 0
100.438 101.212 56.0 量 1
101.431 101.624 61.0 谁 0
101.624 101.817 63.0 能 0
101.817 102.185 65.0 忘 0
102.185 102.553 65.0 记 0
102.553 102.922 65.0 过 0
102.922 103.29 65.0 去 0
103.29 103.658 65.0 一 0
103.658 104.026 63.0 路 0
104.026 104.394 61.0 走 0
104.394 104.762 65.0 来 0
104.762 105.135 63.0 陪 0
105.135 105.508 63.0 你 0
105.508 105.881 60.0 受 0
105.881 106.068 58.0 的 0
106.068 107.001 56.0 伤 1
107.471 107.657 58.0 谁 0
107.657 107.844 60.0 能 0
107.844 108.217 61.0 预 0
108.217 108.59 61.0 料 0
108.59 108.963 61.0 未 0
108.963 109.336 61.0 来 0
109.336 109.709 61.0 茫 0
109.709 110.082 60.0 茫 0
110.082 110.455 58.0 漫 0
110.455 110.828 61.0 长 0
110.828 111.207 60.0 你 0
111.586 111.964 60.0 在 0
111.964 112.343 53.0 何 0
112.343 113.1 56.0 方 1
113.439 113.818 56.0 笑 0
113.818 114.575 58.0 容 0
114.575 114.953 54.0 在 0
114.953 115.332 53.0 脸 0
115.332 116.116 51.0 上 0
116.508 116.9 58.0 和 0
116.9 117.659 56.0 你 0
117.659 118.418 60.0 一 0
118.418 119.198 61.0 样 1
119.471 119.861 58.0 大 0
119.861 120.056 56.0 声 0
120.056 120.846 58.0 唱 0
121.635 122.022 58.0 为 0
122.022 122.409 60.0 自 0
122.409 122.796 61.0 己 0
122.796 123.183 58.0 鼓 0
123.183 124.756 63.0 掌 1
125.102 125.491 56.0 我 0
125.491 125.88 56.0 和 0
125.88 126.269 56.0 你 0
126.269 127.046 65.0 一 0
127.046 127.824 65.0 样 0
128.212 128.601 65.0 一 0
128.601 128.99 63.0 样 0
128.99 129.378 61.0 的 0
129.378 129.76 68.0 坚 0
129.76 130.142 63.0 - 0
130.142 130.905 63.0 强 1
131.239 131.62 65.0 一 0
131.62 132.002 63.0 样 0
132.002 132.383 61.0 的 0
132.383 132.761 61.0 全 0
132.761 133.139 61.0 力 0
133.139 133.518 61.0 以 0
133.518 133.896 73.0 赴 0
133.896 134.274 73.0 追 0
134.274 134.652 72.0 逐 0
134.652 135.03 70.0 我 0
135.03 135.408 68.0 的 0
135.408 135.781 70.0 梦 0
135.781 136.154 68.0 - 0
136.154 136.901 68.0 想 1
137.41 137.799 61.0 哪 0
137.799 138.188 61.0 怕 0
138.188 138.577 61.0 会 0
138.577 139.329 61.0 受 0
139.329 140.081 70.0 伤 0
140.465 140.848 61.0 哪 0
140.848 141.231 61.0 怕 0
141.231 141.614 61.0 有 0
141.614 142.382 61.0 风 0
142.382 143.149 68.0 浪 1
143.462 143.846 61.0 风 0
143.846 144.229 61.0 雨 0
144.229 144.613 61.0 之 0
144.613 144.98 66.0 后 0
144.98 145.346 66.0 才 0
145.346 145.713 66.0 会 0
145.713 146.079 68.0 有 0
146.079 146.661 70.0 迷 0
146.661 147.244 73.0 人 0
147.244 147.632 65.0 芬 0
147.632 148.778 63.0 芳 1
149.499 149.896 56.0 我 0
149.896 150.294 56.0 和 0
150.294 150.691 56.0 你 0
150.691 151.46 65.0 一 0
151.46 152.036 65.0 样 0
152.613 152.997 65.0 一 0
152.997 153.381 63.0 样 0
153.381 153.765 61.0 的 0
153.765 154.148 68.0 善 0
154.148 154.53 63.0 - 0
154.53 155.295 63.0 良 1
155.741 156.123 65.0 一 0
156.123 156.506 63.0 样 0
156.506 156.888 61.0 为 0
156.888 157.265 61.0 需 0
157.265 157.642 61.0 要 0
157.642 158.019 61.0 的 0
158.019 158.396 73.0 人 0
158.396 158.773 73.0 打 0
158.773 159.15 72.0 造 0
159.15 159.528 70.0 一 0
159.528 159.905 68.0 个 0
159.905 160.287 70.0 天 0
160.287 160.669 68.0 - 0
160.669 161.433 68.0 堂 1
161.715 162.098 61.0 歌 0
162.098 162.48 61.0 声 0
162.48 162.862 60.0 是 0
162.862 163.608 61.0 翅 0
163.608 164.355 70.0 膀 0
164.728 165.101 70.0 唱 0
165.101 165.474 72.0 出 0
165.474 165.847 73.0 了 0
165.847 166.23 73.0 希 0
166.23 166.612 68.0 - 0
166.612 167.186 68.0 望 1
167.852 168.234 61.0 所 0
168.234 168.617 61.0 有 0
168.617 168.999 61.0 的 0
168.999 169.383 66.0 付 0
169.383 169.766 66.0 出 0
169.766 170.15 66.0 只 0
170.15 170.533 68.0 因 0
170.533 171.109 70.0 爱 0
171.109 171.684 73.0 的 0
171.684 172.067 65.0 力 0
172.067 173.27 63.0 量 1
173.719 174.321 66.0 和 0
174.321 174.922 65.0 你 0
174.922 175.323 61.0 一 0
175.323 176.9 61.0 样 1
206.094 206.298 61.0 谁 0
206.298 206.502 63.0 能 0
206.502 206.866 65.0 忘 0
206.866 207.229 65.0 记 0
207.229 207.593 65.0 过 0
207.593 207.957 65.0 去 0
207.957 208.321 65.0 一 0
208.321 208.685 63.0 路 0
208.685 209.048 61.0 走 0
209.048 209.412 65.0 来 0
209.412 209.784 63.0 陪 0
209.784 210.157 63.0 你 0
210.157 210.529 60.0 受 0
210.529 210.715 58.0 的 0
210.715 211.274 56.0 伤 1
211.91 212.096 58.0 谁 0
212.096 212.282 60.0 能 0
212.282 212.648 61.0 预 0
212.648 213.014 61.0 料 0
213.014 213.379 61.0 未 0
213.379 213.745 61.0 来 0
213.745 214.111 61.0 茫 0
214.111 214.477 60.0 茫 0
214.477 214.842 58.0 漫 0
214.842 215.208 61.0 长 0
215.208 215.943 60.0 你 0
215.943 216.311 60.0 在 0
216.311 216.679 53.0 何 0
216.679 217.414 56.0 方 1
217.767 218.135 56.0 笑 0
218.135 218.858 58.0 容 0
218.858 219.22 54.0 在 0
219.22 219.582 53.0 脸 0
219.582 220.125 51.0 上 0
220.668 221.03 58.0 和 0
221.03 221.765 56.0 你 0
221.765 222.501 56.0 一 0
222.501 223.236 61.0 样 1
223.545 223.912 58.0 大 0
223.912 224.096 56.0 声 0
224.096 225.212 58.0 唱 0
225.583 225.955 58.0 为 0
225.955 226.327 60.0 自 0
226.327 226.699 61.0 己 0
226.699 227.07 58.0 鼓 0
227.07 228.558 63.0 掌 1
228.874 229.246 56.0 我 0
229.246 229.618 56.0 和 0
229.618 229.99 56.0 你 0
229.99 230.726 65.0 一 0
230.726 231.461 65.0 样 0
231.829 232.197 65.0 一 0
232.197 232.565 63.0 样 0
232.565 232.933 61.0 的 0
232.933 233.298 68.0 坚 0
233.298 233.663 63.0 - 0
233.663 234.393 63.0 强 1
234.68 235.045 65.0 一 0
235.045 235.41 63.0 样 0
235.41 235.775 61.0 的 0
235.775 236.134 61.0 全 0
236.134 236.493 61.0 力 0
236.493 236.851 61.0 以 0
236.851 237.21 73.0 赴 0
237.21 237.569 73.0 追 0
237.569 237.927 72.0 逐 0
237.927 238.286 70.0 我 0
238.286 238.645 68.0 的 0
238.645 239.011 70.0 梦 0
239.011 239.376 68.0 - 0
239.376 239.742 68.0 想 1
240.602 240.968 61.0 哪 0
240.968 241.334 61.0 怕 0
241.334 241.7 61.0 会 0
241.7 242.434 61.0 受 0
242.434 242.985 70.0 伤 0
243.535 243.903 61.0 哪 0
243.903 244.27 61.0 怕 0
244.27 244.637 61.0 有 0
244.637 245.359 61.0 风 0
245.359 246.082 68.0 浪 1
246.402 246.763 61.0 风 0
246.763 247.124 61.0 雨 0
247.124 247.485 61.0 之 0
247.485 247.846 66.0 后 0
247.846 248.207 66.0 才 0
248.207 248.568 66.0 会 0
248.568 248.929 68.0 有 0
248.929 249.471 70.0 迷 0
249.471 250.012 73.0 人 0
250.012 250.373 65.0 芬 0
250.373 251.478 63.0 芳 1
252.153 252.521 56.0 我 0
252.521 252.889 56.0 和 0
252.889 253.257 56.0 你 0
253.257 253.998 65.0 一 0
253.998 254.555 65.0 样 0
255.111 255.482 65.0 一 0
255.482 255.852 63.0 样 0
255.852 256.223 61.0 的 0
256.223 256.589 68.0 善 0
256.589 256.955 63.0 - 0
256.955 257.503 63.0 良 1
258.02 258.385 65.0 一 0
258.385 258.751 63.0 样 0
258.751 259.117 61.0 为 0
259.117 259.478 61.0 需 0
259.478 259.839 61.0 要 0
259.839 260.2 61.0 的 0
260.2 260.561 73.0 人 0
260.561 260.922 73.0 打 0
260.922 261.283 72.0 造 0
261.283 261.644 70.0 一 0
261.644 262.005 68.0 个 0
262.005 262.368 70.0 天 0
262.368 262.731 68.0 - 0
262.731 263.276 68.0 堂 1
263.792 264.155 61.0 歌 0
264.155 264.519 61.0 声 0
264.519 264.882 61.0 是 0
264.882 265.613 61.0 翅 0
265.613 266.345 70.0 膀 0
266.71 267.076 70.0 唱 0
267.076 267.442 72.0 出 0
267.442 267.808 73.0 了 0
267.808 268.167 73.0 希 0
268.167 268.526 68.0 - 0
268.526 269.245 68.0 望 1
269.786 270.145 61.0 所 0
270.145 270.504 61.0 有 0
270.504 270.864 61.0 的 0
270.864 271.218 66.0 付 0
271.218 271.572 66.0 出 0
271.572 271.926 66.0 只 0
271.926 272.281 68.0 因 0
272.281 272.812 70.0 爱 0
272.812 273.344 73.0 的 0
273.344 273.698 65.0 力 0
273.698 274.813 63.0 量 1
275.446 275.817 56.0 我 0
275.817 276.189 56.0 们 0
276.189 276.56 56.0 都 0
276.56 277.269 65.0 一 0
277.269 277.978 65.0 样 0
278.332 278.687 65.0 一 0
278.687 279.041 63.0 样 0
279.041 279.396 61.0 的 0
279.396 279.756 68.0 坚 0
279.756 280.116 63.0 - 0
280.116 280.836 63.0 强 1
281.214 281.574 65.0 一 0
281.574 281.934 63.0 样 0
281.934 282.294 61.0 的 0
282.294 282.651 61.0 青 0
282.651 283.009 61.0 春 0
283.009 283.366 61.0 焕 0
283.366 283.723 73.0 发 0
283.723 284.08 73.0 金 0
284.08 284.437 72.0 黄 0
284.437 284.794 70.0 色 0
284.794 285.151 68.0 的 0
285.151 285.518 70.0 光 0
285.518 285.885 68.0 - 0
285.885 286.252 68.0 芒 1
287.029 287.396 61.0 哪 0
287.396 287.763 61.0 怕 0
287.763 288.13 61.0 会 0
288.13 288.845 61.0 受 0
288.845 289.381 70.0 伤 0
289.917 290.274 61.0 哪 0
290.274 290.632 61.0 怕 0
290.632 290.989 61.0 有 0
290.989 291.722 61.0 风 0
291.722 292.455 68.0 浪 1
292.729 293.095 61.0 风 0
293.095 293.462 61.0 雨 0
293.462 293.828 61.0 之 0
293.828 294.185 66.0 后 0
294.185 294.542 66.0 才 0
294.542 294.898 66.0 会 0
294.898 295.255 68.0 有 0
295.255 295.79 70.0 彩 0
295.79 296.325 73.0 色 0
296.325 296.682 65.0 阳 0
296.682 298.115 63.0 光 1
298.586 298.944 70.0 我 0
298.944 299.302 68.0 们 0
299.302 299.661 66.0 都 0
299.661 300.393 65.0 一 0
300.393 301.125 65.0 样 0
301.491 301.857 65.0 一 0
301.857 302.223 63.0 样 0
302.223 302.589 61.0 的 0
302.589 302.961 68.0 善 0
302.961 303.332 63.0 - 0
303.332 303.889 63.0 良 1
304.375 304.746 65.0 一 0
304.746 305.118 63.0 样 0
305.118 305.489 61.0 为 0
305.489 305.848 61.0 需 0
305.848 306.206 61.0 要 0
306.206 306.565 61.0 的 0
306.565 306.923 73.0 人 0
306.923 307.282 73.0 打 0
307.282 307.64 72.0 造 0
307.64 307.999 70.0 一 0
307.999 308.357 68.0 个 0
308.357 308.723 70.0 天 0
308.723 309.089 68.0 - 0
309.089 309.821 68.0 堂 1
310.127 310.493 61.0 歌 0
310.493 310.859 61.0 声 0
310.859 311.225 61.0 是 0
311.225 311.949 61.0 翅 0
311.949 312.673 70.0 膀 0
313.035 313.397 70.0 唱 0
313.397 313.76 72.0 出 0
313.76 314.122 73.0 了 0
314.122 314.485 73.0 希 0
314.485 314.849 68.0 - 0
314.849 315.577 68.0 望 1
315.949 316.313 61.0 所 0
316.313 316.677 61.0 有 0
316.677 317.04 61.0 的 0
317.04 317.404 66.0 付 0
317.404 317.768 66.0 出 0
317.768 318.132 66.0 只 0
318.132 318.496 68.0 因 0
318.496 319.042 70.0 爱 0
319.042 319.588 73.0 的 0
319.588 319.952 65.0 力 0
319.952 321.119 63.0 量 1
321.596 322.179 66.0 和 0
322.179 322.665 65.0 你 0
322.665 323.054 61.0 一 0
323.054 325.023 61.0 样 0
327.295 327.678 56.0 我 0
327.678 328.252 66.0 们 0
328.252 328.827 65.0 都 0
328.827 329.21 63.0 一 0
329.21 331.841 65.0 样 1
334.951 335.145 61.0 谁 0
335.145 335.339 63.0 在 0
335.339 335.708 65.0 最 0
335.708 336.078 65.0 需 0
336.078 336.447 65.0 要 0
336.447 336.817 65.0 的 0
336.817 337.186 65.0 时 0
337.186 337.556 63.0 候 0
337.556 337.925 61.0 轻 0
337.925 338.295 65.0 轻 0
338.295 338.671 63.0 拍 0
338.671 339.048 63.0 着 0
339.048 339.424 60.0 我 0
339.424 339.612 58.0 肩 0
339.612 340.177 56.0 膀 1
340.945 341.134 58.0 谁 0
341.134 341.322 60.0 在 0
341.322 341.698 61.0 最 0
341.698 342.075 61.0 快 0
342.075 342.452 61.0 乐 0
342.452 342.828 61.0 的 0
342.828 343.205 61.0 时 0
343.205 343.581 60.0 候 0
343.581 343.958 58.0 愿 0
343.958 344.334 61.0 意 0
344.334 345.087 60.0 和 0
345.087 345.464 60.0 我 0
345.464 345.841 53.0 分 0
345.841 346.594 56.0 享 1
347.011 347.388 56.0 日 0
347.388 348.112 58.0 子 0
348.112 348.474 54.0 那 0
348.474 348.836 53.0 么 0
348.836 349.561 51.0 长 0
349.923 350.285 58.0 我 0
350.285 351.022 56.0 在 0
351.022 351.391 53.0 你 0
351.391 351.76 51.0 身 0
351.76 352.498 49.0 旁 1
352.804 352.989 51.0 见 0
352.989 353.173 53.0 证 0
353.173 353.55 54.0 你 0
353.55 353.927 54.0 成 0
353.927 355.125 61.0 长 1
355.907 356.13 51.0 永 0
356.13 356.352 53.0 远 0
356.352 357.185 54.0 为 0
357.185 358.018 63.0 你 0
358.018 358.982 58.0 们 0
358.982 359.946 60.0 鼓 0
360.308 362.356 61.0 掌 1
