35.696 36.613 66.0 狼 0
36.613 36.919 64.0 烟 0
36.919 37.835 61.0 起 0
37.835 38.141 59.0 - 0
38.141 38.447 57.0 江 0
38.447 38.752 59.0 山 0
38.752 39.058 59.0 北 0
39.058 39.363 61.0 - 0
39.363 40.28 54.0 望 1
40.665 41.276 52.0 龙 0
41.276 41.581 52.0 起 0
41.581 41.887 54.0 卷 0
41.887 42.498 57.0 马 0
42.498 42.804 57.0 长 0
42.804 43.109 59.0 嘶 0
43.109 43.415 61.0 剑 0
43.415 43.721 64.0 气 0
43.721 44.026 59.0 如 0
44.026 44.332 62.0 - 0
44.332 45.249 61.0 霜 1
45.503 46.42 66.0 心 0
46.42 46.726 64.0 似 0
46.726 47.642 61.0 黄 0
47.642 47.948 59.0 河 0
47.948 48.253 57.0 水 0
48.253 48.559 59.0 - 0
48.559 49.17 61.0 茫 0
49.17 50.087 54.0 茫 1
50.32 50.931 59.0 二 0
50.931 51.236 59.0 十 0
51.236 51.542 61.0 年 0
51.542 52.153 64.0 纵 0
52.153 52.459 64.0 横 0
52.459 52.764 61.0 间 0
52.764 53.07 59.0 谁 0
53.07 53.376 57.0 能 0
53.376 53.681 54.0 相 0
53.681 53.987 52.0 - 0
53.987 54.598 54.0 抗 1
55.321 55.932 66.0 恨 0
55.932 56.238 64.0 - 0
56.238 56.543 64.0 欲 0
56.543 57.46 61.0 狂 0
57.46 57.766 59.0 - 0
57.766 58.071 57.0 长 0
58.071 58.377 59.0 刀 0
58.377 58.988 61.0 所 0
58.988 59.905 54.0 向 1
60.217 60.828 52.0 多 0
60.828 61.133 52.0 少 0
61.133 61.439 54.0 手 0
61.439 62.05 57.0 足 0
62.05 62.356 57.0 忠 0
62.356 62.661 59.0 魂 0
62.661 62.97 61.0 埋 0
62.97 63.279 64.0 骨 0
63.279 63.588 59.0 它 0
63.588 63.897 62.0 - 0
63.897 64.824 61.0 乡 1
65.095 66.008 66.0 何 0
66.008 66.312 64.0 惜 0
66.312 67.224 61.0 百 0
67.224 67.528 59.0 死 0
67.528 67.832 57.0 报 0
67.832 68.136 59.0 - 0
68.136 68.745 61.0 家 0
68.745 69.659 54.0 国 1
69.946 70.559 59.0 忍 0
70.559 70.866 59.0 叹 0
70.866 71.172 61.0 惜 0
71.172 71.785 64.0 更 0
71.785 72.092 64.0 无 0
72.092 72.398 61.0 语 0
72.398 72.704 59.0 血 0
72.704 73.009 57.0 泪 0
73.009 73.314 54.0 满 0
73.314 73.62 52.0 - 0
73.62 74.841 54.0 眶 1
77.243 77.847 66.0 马 0
77.847 78.451 69.0 蹄 0
78.451 79.056 66.0 南 0
79.056 79.358 61.0 去 0
79.358 79.66 64.0 - 0
79.66 79.966 66.0 人 0
79.966 80.271 69.0 - 0
80.271 80.577 66.0 北 0
80.577 80.883 64.0 - 0
80.883 81.8 61.0 望 1
82.288 82.899 59.0 人 0
82.899 83.205 59.0 北 0
83.205 83.51 61.0 望 0
83.51 84.122 64.0 草 0
84.122 84.427 64.0 青 0
84.427 84.733 66.0 黄 0
84.733 85.039 64.0 尘 0
85.039 85.344 61.0 - 0
85.344 85.65 61.0 飞 0
85.65 85.956 59.0 - 0
85.956 86.873 61.0 扬 1
87.165 87.777 66.0 我 0
87.777 88.388 69.0 愿 0
88.388 89.0 66.0 守 0
89.0 89.305 61.0 土 0
89.305 89.611 64.0 - 0
89.611 89.917 66.0 复 0
89.917 90.222 69.0 - 0
90.222 90.528 66.0 开 0
90.528 90.834 64.0 - 0
90.834 91.751 61.0 疆 1
92.066 92.372 59.0 堂 0
92.372 92.678 59.0 堂 0
92.678 92.984 59.0 中 0
92.984 93.289 61.0 国 0
93.289 93.595 64.0 要 0
93.595 93.901 64.0 让 0
93.901 94.206 64.0 四 0
94.206 94.512 66.0 - 0
94.512 96.928 68.0 方 1
97.949 99.157 64.0 来 0
99.157 104.087 66.0 贺 1
118.898 119.82 66.0 狼 0
119.82 120.127 64.0 烟 0
120.127 121.048 61.0 起 0
121.048 121.355 59.0 - 0
121.355 121.661 57.0 江 0
121.661 121.967 59.0 山 0
121.967 122.578 61.0 北 0
122.578 123.496 54.0 望 1
123.698 124.31 52.0 龙 0
124.31 124.616 52.0 起 0
124.616 124.921 54.0 卷 0
124.921 125.533 57.0 马 0
125.533 125.839 57.0 长 0
125.839 126.144 59.0 嘶 0
126.144 126.45 61.0 剑 0
126.45 126.756 64.0 气 0
126.756 127.062 59.0 如 0
127.062 127.367 62.0 - 0
127.367 128.285 61.0 霜 1
128.714 129.631 66.0 心 0
129.631 129.937 64.0 似 0
129.937 130.854 61.0 黄 0
130.854 131.16 59.0 河 0
131.16 131.464 57.0 水 0
131.464 131.768 59.0 - 0
131.768 132.375 61.0 茫 0
132.375 133.287 54.0 茫 1
133.533 134.146 59.0 二 0
134.146 134.452 59.0 十 0
134.452 134.759 61.0 年 0
134.759 135.372 64.0 纵 0
135.372 135.679 64.0 横 0
135.679 135.985 61.0 间 0
135.985 136.292 59.0 谁 0
136.292 136.599 57.0 能 0
136.599 136.905 54.0 相 0
136.905 137.212 52.0 - 0
137.212 137.825 54.0 抗 1
138.392 139.005 66.0 恨 0
139.005 139.312 64.0 - 0
139.312 139.619 64.0 欲 0
139.619 140.538 61.0 狂 0
140.538 140.845 59.0 - 0
140.845 141.15 57.0 长 0
141.15 141.455 59.0 刀 0
141.455 142.064 61.0 所 0
142.064 142.979 54.0 向 1
143.238 143.847 52.0 多 0
143.847 144.152 52.0 少 0
144.152 144.457 54.0 手 0
144.457 145.067 57.0 足 0
145.067 145.372 57.0 忠 0
145.372 145.676 59.0 魂 0
145.676 145.981 61.0 埋 0
145.981 146.286 64.0 骨 0
146.286 146.591 59.0 它 0
146.591 146.896 62.0 - 0
146.896 147.81 61.0 乡 1
148.214 149.133 66.0 何 0
149.133 149.439 64.0 惜 0
149.439 150.358 61.0 百 0
150.358 150.664 59.0 死 0
150.664 150.971 57.0 报 0
150.971 151.277 59.0 - 0
151.277 151.89 61.0 家 0
151.89 152.808 54.0 国 1
153.028 153.64 59.0 忍 0
153.64 153.946 59.0 叹 0
153.946 154.253 61.0 惜 0
154.253 154.865 64.0 更 0
154.865 155.172 64.0 无 0
155.172 155.478 61.0 语 0
155.478 155.784 59.0 血 0
155.784 156.089 57.0 泪 0
156.089 156.395 54.0 满 0
156.395 156.701 52.0 - 0
156.701 157.923 54.0 眶 1
160.533 161.144 66.0 马 0
161.144 161.756 69.0 蹄 0
161.756 162.367 66.0 南 0
162.367 162.673 61.0 去 0
162.673 162.978 64.0 - 0
162.978 163.284 66.0 人 0
163.284 163.59 69.0 - 0
163.59 163.895 66.0 北 0
163.895 164.201 64.0 - 0
164.201 165.118 61.0 望 1
165.407 166.018 59.0 人 0
166.018 166.324 59.0 北 0
166.324 166.63 61.0 望 0
166.63 167.241 64.0 草 0
167.241 167.547 64.0 青 0
167.547 167.852 66.0 黄 0
167.852 168.158 64.0 尘 0
168.158 168.464 61.0 - 0
168.464 168.769 61.0 飞 0
168.769 169.075 59.0 - 0
169.075 169.992 61.0 扬 1
170.207 170.818 66.0 我 0
170.818 171.43 69.0 愿 0
171.43 172.041 66.0 守 0
172.041 172.347 61.0 土 0
172.347 172.652 64.0 - 0
172.652 172.958 66.0 复 0
172.958 173.264 69.0 - 0
173.264 173.569 66.0 开 0
173.569 173.875 64.0 - 0
173.875 174.792 61.0 疆 1
175.051 175.356 59.0 堂 0
175.356 175.662 59.0 堂 0
175.662 175.968 59.0 中 0
175.968 176.274 61.0 国 0
176.274 176.579 64.0 要 0
176.579 176.885 64.0 让 0
176.885 177.191 64.0 四 0
177.191 177.496 66.0 - 0
177.496 179.942 68.0 方 1
181.284 182.506 64.0 来 0
182.506 184.34 66.0 贺 1
184.912 185.523 66.0 马 0
185.523 186.134 69.0 蹄 0
186.134 186.746 66.0 南 0
186.746 187.052 61.0 去 0
187.052 187.357 64.0 - 0
187.357 187.663 66.0 人 0
187.663 187.969 69.0 - 0
187.969 188.274 66.0 北 0
188.274 188.58 64.0 - 0
188.58 189.497 61.0 望 1
189.742 190.353 59.0 人 0
190.353 190.659 59.0 北 0
190.659 190.964 61.0 望 0
190.964 191.576 64.0 草 0
191.576 191.882 64.0 青 0
191.882 192.187 66.0 黄 0
192.187 192.493 64.0 尘 0
192.493 192.799 61.0 - 0
192.799 193.104 61.0 飞 0
193.104 193.41 59.0 - 0
193.41 194.327 61.0 扬 1
194.668 195.279 66.0 我 0
195.279 195.89 69.0 愿 0
195.89 196.502 66.0 守 0
196.502 196.807 61.0 土 0
196.807 197.113 64.0 - 0
197.113 197.419 66.0 复 0
197.419 197.724 69.0 - 0
197.724 198.03 66.0 开 0
198.03 198.335 64.0 - 0
198.335 199.251 61.0 疆 1
199.597 199.902 59.0 堂 0
199.902 200.208 59.0 堂 0
200.208 200.513 59.0 中 0
200.513 200.819 61.0 国 0
200.819 201.124 64.0 要 0
201.124 201.43 64.0 让 0
201.43 201.735 64.0 四 0
201.735 202.041 66.0 - 0
202.041 204.486 68.0 方 1
205.594 206.817 64.0 来 0
206.817 214.153 66.0 贺 1
