25.169 25.425 57.0 如 0
25.51 25.763 59.0 果 0
25.851 26.104 62.0 这 0
26.192 26.445 64.0 一 0
26.533 27.041 66.0 生 0
27.215 27.468 64.0 我 0
27.556 27.808 62.0 只 0
27.897 28.149 64.0 能 0
28.237 28.49 64.0 恋 0
28.578 28.916 64.0 爱 0
28.919 29.087 62.0 一 0
29.26 29.593 62.0 次 0
29.601 30.195 59.0 - 1
30.552 30.805 57.0 你 0
30.893 31.146 59.0 将 0
31.234 31.486 62.0 是 0
31.575 31.827 64.0 我 0
31.915 32.254 66.0 毫 0
32.256 32.509 69.0 无 0
32.597 32.935 69.0 犹 0
32.938 33.276 66.0 豫 0
33.279 33.873 64.0 的 0
33.961 34.469 59.0 选 0
34.472 34.64 62.0 - 0
34.643 34.981 62.0 择 0
34.984 35.663 64.0 - 1
35.951 36.204 57.0 如 0
36.292 36.545 59.0 果 0
36.633 36.886 62.0 第 0
36.974 37.227 64.0 一 0
37.315 37.994 66.0 眼 0
37.997 38.335 64.0 我 0
38.338 38.676 62.0 便 0
38.679 38.931 64.0 明 0
39.02 39.272 64.0 白 0
39.36 39.699 64.0 爱 0
39.701 39.869 62.0 - 0
40.042 40.37 62.0 情 0
40.383 40.892 59.0 - 1
41.406 41.659 57.0 我 0
41.747 42.0 59.0 绝 0
42.088 42.341 62.0 不 0
42.429 42.681 64.0 会 0
42.77 43.022 66.0 轻 0
43.11 43.449 66.0 易 0
43.451 43.704 69.0 作 0
43.792 44.045 66.0 出 0
44.133 44.386 64.0 分 0
44.474 44.727 64.0 手 0
44.815 45.068 62.0 的 0
45.156 45.494 59.0 决 0
45.497 47.625 62.0 定 1
48.266 48.689 71.0 告 0
48.777 48.945 69.0 诉 0
48.948 49.627 71.0 我 0
49.971 50.138 69.0 是 0
50.141 50.309 71.0 不 0
50.312 50.564 69.0 是 0
50.652 50.905 66.0 已 0
50.993 51.246 69.0 无 0
51.334 51.502 69.0 法 0
51.675 52.098 69.0 挽 0
52.187 52.354 71.0 - 0
52.357 52.695 64.0 回 0
52.698 53.462 66.0 - 1
53.668 54.091 64.0 告 0
54.179 54.261 62.0 诉 0
54.349 54.943 64.0 我 0
55.372 55.54 59.0 是 0
55.543 55.71 62.0 不 0
55.713 55.966 62.0 是 0
56.054 56.307 59.0 已 0
56.395 56.563 69.0 不 0
56.736 56.818 69.0 能 0
57.077 57.33 69.0 改 0
57.418 57.756 66.0 - 0
57.759 58.693 64.0 变 1
59.3 59.553 66.0 如 0
59.641 59.894 69.0 果 0
60.323 60.576 69.0 还 0
60.664 61.087 71.0 来 0
61.175 61.343 69.0 得 0
61.346 61.684 64.0 及 0
61.687 61.854 62.0 我 0
62.027 62.28 64.0 会 0
62.368 62.451 64.0 让 0
62.709 63.047 64.0 你 0
63.05 63.388 62.0 知 0
63.391 64.155 59.0 道 1
64.329 64.496 62.0 除 0
64.499 64.667 64.0 了 0
64.67 65.263 66.0 你 0
65.692 65.945 69.0 除 0
66.033 66.627 71.0 了 0
66.715 67.138 69.0 - 0
67.227 67.309 69.0 - 0
67.397 67.991 69.0 你 0
68.42 68.758 66.0 我 0
68.761 69.013 64.0 不 0
69.102 69.354 62.0 会 0
69.442 69.781 64.0 再 0
69.783 70.036 59.0 恋 0
70.124 72.337 62.0 爱 1
91.911 92.167 57.0 如 0
92.252 92.505 59.0 果 0
92.593 92.846 62.0 这 0
92.934 93.187 64.0 一 0
93.275 93.784 66.0 生 0
93.957 94.21 64.0 我 0
94.298 94.551 62.0 只 0
94.639 94.892 64.0 能 0
94.98 95.232 64.0 恋 0
95.321 95.659 64.0 爱 0
95.661 95.829 62.0 一 0
96.002 96.343 62.0 次 0
96.343 96.937 59.0 - 1
97.369 97.622 57.0 你 0
97.71 97.963 59.0 将 0
98.051 98.304 62.0 是 0
98.392 98.645 64.0 我 0
98.733 99.071 66.0 毫 0
99.074 99.326 69.0 无 0
99.414 99.753 69.0 犹 0
99.755 100.093 66.0 豫 0
100.096 100.69 64.0 的 0
100.778 101.287 59.0 选 0
101.289 101.457 62.0 - 0
101.46 101.798 62.0 择 0
101.801 102.48 64.0 - 1
102.89 103.142 57.0 如 0
103.23 103.483 59.0 果 0
103.571 103.824 62.0 第 0
103.912 104.165 64.0 一 0
104.253 104.932 66.0 眼 0
104.935 105.273 64.0 我 0
105.276 105.614 62.0 便 0
105.617 105.87 64.0 明 0
105.958 106.211 64.0 白 0
106.299 106.637 64.0 爱 0
106.64 106.807 62.0 - 0
106.98 107.319 62.0 情 0
107.321 107.83 59.0 - 1
108.219 108.472 57.0 我 0
108.56 108.813 59.0 绝 0
108.901 109.154 62.0 不 0
109.242 109.495 64.0 会 0
109.583 109.836 66.0 轻 0
109.924 110.262 69.0 易 0
110.265 110.517 69.0 作 0
110.605 110.858 66.0 出 0
110.946 111.199 64.0 分 0
111.287 111.54 64.0 手 0
111.628 111.881 62.0 的 0
111.969 112.307 59.0 决 0
112.31 114.438 62.0 定 1
115.021 115.445 71.0 告 0
115.533 115.7 69.0 诉 0
115.703 116.382 71.0 我 0
116.726 116.893 69.0 是 0
116.896 117.064 71.0 不 0
117.067 117.32 69.0 是 0
117.408 117.66 66.0 已 0
117.749 118.001 69.0 无 0
118.089 118.257 69.0 法 0
118.43 118.937 69.0 挽 0
118.942 119.109 71.0 - 0
119.112 119.45 64.0 回 0
119.453 120.217 66.0 - 1
120.622 121.045 64.0 告 0
121.133 121.216 62.0 诉 0
121.304 121.897 64.0 我 0
122.326 122.494 59.0 是 0
122.497 122.664 62.0 不 0
122.667 122.92 62.0 是 0
123.008 123.261 59.0 已 0
123.349 123.517 69.0 不 0
123.69 123.772 69.0 能 0
124.031 124.284 69.0 改 0
124.372 124.71 66.0 - 0
124.713 125.647 64.0 变 1
126.107 126.36 66.0 如 0
126.448 126.701 69.0 果 0
127.13 127.383 69.0 还 0
127.471 127.894 71.0 来 0
127.982 128.15 69.0 得 0
128.153 128.491 64.0 及 0
128.494 128.661 62.0 我 0
128.835 129.087 64.0 会 0
129.176 129.258 64.0 让 0
129.516 129.855 64.0 你 0
129.857 130.195 62.0 知 0
130.198 130.962 59.0 道 1
131.12 131.288 62.0 除 0
131.29 131.458 64.0 了 0
131.461 132.055 66.0 你 0
132.484 132.736 69.0 除 0
132.825 133.418 71.0 了 0
133.506 133.93 69.0 - 0
134.018 134.1 69.0 - 0
134.188 134.782 69.0 你 0
135.211 135.549 66.0 我 0
135.552 135.805 64.0 不 0
135.893 136.146 62.0 会 0
136.234 136.572 62.0 再 0
136.575 136.827 59.0 恋 0
136.915 139.129 62.0 爱 1
161.447 161.87 71.0 告 0
161.958 162.126 69.0 诉 0
162.129 162.808 71.0 我 0
163.151 163.319 69.0 是 0
163.322 163.49 71.0 不 0
163.492 163.745 69.0 是 0
163.833 164.086 66.0 已 0
164.174 164.427 69.0 无 0
164.515 164.683 69.0 法 0
164.856 165.367 69.0 挽 0
165.367 165.535 71.0 - 0
165.538 165.876 64.0 回 0
165.879 166.643 66.0 - 1
166.931 167.355 64.0 告 0
167.443 167.525 62.0 诉 0
167.613 168.207 64.0 我 0
168.636 168.804 59.0 是 0
168.806 168.974 62.0 不 0
168.977 169.23 62.0 是 0
169.318 169.571 59.0 已 0
169.659 169.826 67.0 不 0
170.0 170.082 69.0 能 0
170.341 170.593 69.0 改 0
170.681 171.02 66.0 - 0
171.022 171.957 64.0 变 1
172.476 172.729 66.0 如 0
172.817 173.07 69.0 果 0
173.499 173.752 69.0 还 0
173.84 174.263 71.0 来 0
174.351 174.519 69.0 得 0
174.521 174.86 66.0 及 0
174.862 175.03 62.0 我 0
175.203 175.456 64.0 会 0
175.544 175.627 64.0 让 0
175.885 176.223 64.0 你 0
176.226 176.564 62.0 知 0
176.567 177.331 59.0 道 1
177.597 177.764 62.0 除 0
177.767 177.935 64.0 了 0
177.938 178.531 66.0 你 0
178.96 179.213 69.0 除 0
179.301 179.895 71.0 了 0
179.983 180.406 69.0 - 0
180.494 180.577 69.0 - 0
180.665 181.259 69.0 你 0
181.688 182.026 66.0 我 0
182.028 182.281 64.0 不 0
182.369 182.622 62.0 会 0
182.71 183.048 64.0 再 0
183.051 183.304 59.0 恋 0
183.392 185.605 62.0 爱 1
185.946 186.37 71.0 告 0
186.458 186.625 69.0 诉 0
186.628 187.307 71.0 我 0
187.651 187.818 69.0 是 0
187.821 187.989 71.0 不 0
187.992 188.245 69.0 是 0
188.333 188.586 66.0 已 0
188.674 188.926 69.0 无 0
189.015 189.182 69.0 法 0
189.355 189.867 69.0 挽 0
189.867 190.034 71.0 - 0
190.037 190.375 64.0 回 0
190.378 191.142 66.0 - 1
191.454 191.877 64.0 告 0
191.965 192.048 62.0 诉 0
192.136 192.729 64.0 我 0
193.158 193.326 59.0 是 0
193.329 193.496 62.0 不 0
193.499 193.752 62.0 是 0
193.84 194.093 59.0 已 0
194.181 194.349 67.0 不 0
194.522 194.604 69.0 能 0
194.863 195.116 69.0 改 0
195.204 195.542 66.0 - 0
195.545 196.479 64.0 变 1
196.9 197.153 66.0 如 0
197.241 197.494 69.0 果 0
197.923 198.176 69.0 还 0
198.264 198.687 71.0 来 0
198.775 198.943 69.0 得 0
198.946 199.284 64.0 及 0
199.287 199.454 62.0 我 0
199.628 199.881 64.0 会 0
199.969 200.051 64.0 让 0
200.31 200.648 64.0 你 0
200.65 200.988 62.0 知 0
200.991 201.756 59.0 道 1
202.14 202.308 62.0 除 0
202.311 202.478 64.0 了 0
202.481 203.075 66.0 你 0
203.504 203.757 69.0 除 0
203.845 204.438 71.0 了 0
204.526 204.95 69.0 - 0
205.038 205.12 69.0 - 0
205.208 205.802 69.0 你 0
206.231 206.569 66.0 我 0
206.572 206.825 64.0 不 0
206.913 207.166 62.0 会 0
207.254 207.592 62.0 再 0
207.595 207.847 59.0 恋 0
207.936 210.149 62.0 爱 1
