25.658 26.023 61.0 风 0
26.147 26.574 61.0 吹 0
26.637 27.124 66.0 桃 0
27.126 27.491 64.0 林 0
27.616 28.103 64.0 满 0
28.105 28.47 66.0 树 0
28.594 28.837 64.0 花 0
28.839 29.265 61.0 - 1
29.45 29.876 61.0 喜 0
29.94 30.366 68.0 - 0
30.429 30.916 66.0 鹊 0
30.918 31.345 64.0 枝 0
31.408 31.895 64.0 头 0
31.897 32.262 66.0 叫 0
32.387 32.629 68.0 喳 0
32.631 32.996 66.0 喳 1
33.46 33.887 68.0 果 0
33.95 34.192 68.0 园 0
34.194 34.437 71.0 - 0
34.439 34.865 68.0 的 0
34.929 35.171 66.0 哥 0
35.173 35.294 61.0 - 0
35.418 35.599 64.0 走 0
35.663 35.844 64.0 了 0
35.907 36.089 66.0 桃 0
36.152 36.395 68.0 花 0
36.397 36.639 68.0 - 0
36.641 37.068 64.0 运 1
37.275 37.641 63.0 姐 0
37.765 38.191 63.0 妹 0
38.254 38.742 59.0 - 0
38.744 38.986 56.0 三 0
38.988 39.109 59.0 人 0
39.233 39.598 59.0 看 0
39.722 40.087 61.0 上 0
40.212 40.883 61.0 他 1
41.334 41.943 68.0 哎 0
42.068 42.31 66.0 呀 0
42.312 42.739 66.0 呀 0
42.802 42.983 61.0 走 0
43.047 43.167 61.0 了 0
43.291 43.717 61.0 桃 0
43.781 44.207 68.0 花 0
44.27 44.513 68.0 运 0
44.515 44.88 66.0 - 1
45.092 45.457 63.0 姐 0
45.581 46.007 63.0 妹 0
46.071 46.558 59.0 三 0
46.56 46.803 56.0 - 0
46.805 46.925 59.0 人 0
47.049 47.414 59.0 看 0
47.539 47.904 61.0 上 0
48.028 48.699 61.0 他 1
49.051 49.416 61.0 大 0
49.54 49.967 61.0 姐 0
50.03 50.517 66.0 - 0
50.519 50.762 64.0 看 0
50.764 50.884 61.0 上 0
51.009 51.496 64.0 人 0
51.498 51.863 66.0 - 0
51.987 52.23 64.0 好 0
52.232 52.658 61.0 - 1
52.93 53.356 61.0 二 0
53.42 53.846 68.0 - 0
53.909 54.396 66.0 姐 0
54.398 54.641 64.0 看 0
54.643 54.825 61.0 上 0
54.888 55.375 64.0 他 0
55.377 55.742 66.0 有 0
55.867 56.109 68.0 办 0
56.111 56.476 66.0 法 1
56.915 57.342 68.0 小 0
57.405 57.647 68.0 妹 0
57.649 57.892 71.0 妹 0
57.894 58.32 68.0 看 0
58.384 58.626 66.0 上 0
58.628 58.749 61.0 他 0
58.873 59.054 64.0 勤 0
59.118 59.299 64.0 劳 0
59.362 59.544 66.0 能 0
59.607 59.85 68.0 致 0
59.852 60.094 68.0 富 0
60.096 60.523 64.0 - 1
60.855 61.221 63.0 想 0
61.345 61.771 63.0 得 0
61.834 62.322 59.0 - 0
62.324 62.689 56.0 脸 0
62.813 63.178 59.0 羞 0
63.302 63.667 61.0 答 0
63.792 64.463 61.0 答 1
64.759 65.001 66.0 哎 0
65.003 65.491 68.0 - 0
65.493 65.735 66.0 呀 0
65.737 66.164 66.0 呀 0
66.227 66.408 61.0 走 0
66.472 66.592 61.0 了 0
66.716 67.142 61.0 桃 0
67.206 67.632 68.0 花 0
67.695 67.938 68.0 运 0
67.94 68.305 66.0 - 1
68.606 68.971 63.0 个 0
69.095 69.521 63.0 个 0
69.585 70.072 59.0 都 0
70.074 70.439 56.0 想 0
70.563 70.928 61.0 嫁 0
71.053 71.418 61.0 给 0
71.542 72.213 61.0 他 1
72.535 72.9 61.0 风 0
73.024 73.451 61.0 吹 0
73.514 74.001 66.0 桃 0
74.003 74.368 64.0 林 0
74.493 74.98 64.0 满 0
74.982 75.347 66.0 树 0
75.471 75.714 64.0 花 0
75.716 76.142 61.0 - 1
76.479 76.905 61.0 喜 0
76.969 77.395 68.0 鹊 0
77.458 77.945 66.0 枝 0
77.947 78.374 64.0 - 0
78.437 78.924 64.0 叫 0
78.926 79.291 66.0 - 0
79.416 79.658 68.0 喳 0
79.66 80.025 66.0 - 1
80.425 80.852 68.0 果 0
80.915 81.157 68.0 - 0
81.159 81.402 71.0 园 0
81.404 81.83 68.0 的 0
81.894 82.136 66.0 哥 0
82.138 82.259 61.0 哥 0
82.383 82.564 64.0 走 0
82.628 82.809 64.0 - 0
82.872 83.054 66.0 了 0
83.117 83.36 68.0 桃 0
83.362 83.604 68.0 花 0
83.606 84.033 64.0 运 1
84.271 84.636 63.0 姐 0
84.76 85.186 63.0 妹 0
85.249 85.737 59.0 - 0
85.739 85.981 56.0 三 0
85.983 86.104 59.0 人 0
86.228 86.593 59.0 看 0
86.717 87.082 61.0 上 0
87.207 87.878 61.0 他 1
88.321 88.563 66.0 哎 0
88.565 89.053 68.0 - 0
89.055 89.297 66.0 呀 0
89.299 89.726 66.0 呀 0
89.789 89.97 61.0 走 0
90.034 90.154 61.0 了 0
90.278 90.704 61.0 桃 0
90.768 91.194 68.0 花 0
91.257 91.5 68.0 运 0
91.502 91.867 66.0 - 1
92.113 92.478 63.0 姐 0
92.602 93.028 63.0 妹 0
93.092 93.579 59.0 三 0
93.581 93.824 56.0 人 0
93.826 93.946 59.0 都 0
94.07 94.435 61.0 看 0
94.56 94.925 61.0 上 0
95.049 95.72 61.0 他 1
96.089 96.454 61.0 大 0
96.578 97.005 61.0 姐 0
97.068 97.555 66.0 - 0
97.557 97.8 64.0 看 0
97.802 97.922 61.0 上 0
98.047 98.534 64.0 人 0
98.536 98.901 66.0 - 0
99.025 99.268 64.0 好 0
99.27 99.696 61.0 - 1
100.064 100.49 61.0 二 0
100.554 100.98 68.0 姐 0
101.043 101.53 66.0 看 0
101.532 101.775 64.0 上 0
101.777 101.959 61.0 他 0
102.022 102.509 64.0 有 0
102.511 102.876 66.0 办 0
103.001 103.243 68.0 法 0
103.245 103.61 66.0 - 1
103.836 104.263 68.0 小 0
104.326 104.568 68.0 妹 0
104.57 104.813 71.0 妹 0
104.815 105.241 68.0 看 0
105.305 105.547 66.0 上 0
105.549 105.67 61.0 他 0
105.794 105.975 64.0 勤 0
106.039 106.22 64.0 劳 0
106.283 106.465 66.0 能 0
106.528 106.771 68.0 致 0
106.773 107.015 68.0 富 0
107.017 107.444 64.0 - 1
107.914 108.279 63.0 想 0
108.403 108.829 63.0 得 0
108.892 109.38 59.0 脸 0
109.382 109.747 56.0 - 0
109.871 110.236 59.0 羞 0
110.36 110.726 61.0 答 0
110.85 111.521 61.0 答 1
111.654 111.896 66.0 哎 0
111.898 112.386 68.0 - 0
112.388 112.63 66.0 - 0
112.632 113.059 66.0 呀 0
113.122 113.303 61.0 呀 0
113.367 113.487 61.0 了 0
113.611 114.037 61.0 桃 0
114.101 114.527 68.0 花 0
114.59 114.833 68.0 - 0
114.835 115.2 66.0 运 1
115.611 115.976 63.0 个 0
116.1 116.526 63.0 个 0
116.59 117.077 59.0 - 0
117.079 117.444 56.0 都 0
117.568 117.933 61.0 嫁 0
118.058 118.423 61.0 给 0
118.547 119.218 61.0 他 1
135.221 135.586 61.0 风 0
135.71 136.136 61.0 吹 0
136.199 136.687 66.0 桃 0
136.689 137.054 64.0 林 0
137.178 137.666 64.0 满 0
137.668 138.033 66.0 树 0
138.157 138.4 64.0 花 0
138.402 138.828 61.0 - 1
139.24 139.666 61.0 喜 0
139.729 140.155 61.0 鹊 0
140.219 140.706 66.0 枝 0
140.708 141.134 64.0 头 0
141.197 141.685 64.0 叫 0
141.687 142.052 66.0 喳 0
142.176 142.419 68.0 喳 0
142.421 142.786 66.0 - 1
143.127 143.553 68.0 果 0
143.616 143.859 68.0 园 0
143.861 144.104 71.0 的 0
144.106 144.532 68.0 哥 0
144.595 144.838 66.0 哥 0
144.84 144.96 61.0 呀 0
145.085 145.266 64.0 走 0
145.329 145.511 64.0 了 0
145.574 145.755 66.0 桃 0
145.819 146.061 68.0 花 0
146.063 146.306 68.0 运 0
146.308 146.734 64.0 - 1
147.012 147.377 63.0 姐 0
147.502 147.928 66.0 妹 0
147.991 148.478 59.0 三 0
148.48 148.723 56.0 人 0
148.725 148.845 59.0 都 0
148.97 149.335 59.0 看 0
149.459 149.824 61.0 上 0
149.949 150.619 61.0 他 1
150.87 151.48 68.0 哎 0
151.604 151.847 66.0 呀 0
151.849 152.275 66.0 - 0
152.339 152.52 61.0 呀 0
152.583 152.704 61.0 走 0
152.828 153.254 61.0 桃 0
153.317 153.744 66.0 - 0
153.807 154.049 68.0 花 0
154.051 154.416 66.0 运 1
154.85 155.215 63.0 姐 0
155.339 155.765 63.0 妹 0
155.828 156.316 59.0 三 0
156.318 156.56 56.0 人 0
156.562 156.683 59.0 都 0
156.807 157.172 59.0 看 0
157.297 157.662 61.0 上 0
157.786 158.457 61.0 他 1
158.788 159.397 68.0 哎 0
159.522 159.764 66.0 呀 0
159.766 160.193 66.0 呀 0
160.256 160.437 61.0 走 0
160.501 160.621 61.0 了 0
160.745 161.171 61.0 桃 0
161.235 161.661 68.0 花 0
161.724 161.967 68.0 运 0
161.969 162.334 66.0 - 1
162.712 163.077 63.0 个 0
163.201 163.627 63.0 个 0
163.691 164.178 59.0 都 0
164.18 164.545 56.0 想 0
164.669 165.034 61.0 嫁 0
165.159 165.524 61.0 给 0
165.648 166.319 61.0 他 1
174.448 175.058 68.0 哎 0
175.182 175.425 66.0 呀 0
175.427 175.853 66.0 呀 0
175.917 176.098 61.0 走 0
176.161 176.282 61.0 桃 0
176.406 176.832 61.0 - 0
176.895 177.322 66.0 花 0
177.385 177.627 68.0 运 0
177.629 177.994 66.0 - 1
178.231 178.596 63.0 姐 0
178.72 179.146 63.0 - 0
179.209 179.697 59.0 妹 0
179.699 179.941 56.0 三 0
179.943 180.064 59.0 人 0
180.188 180.553 59.0 都 0
180.678 181.043 61.0 看 0
181.167 181.838 61.0 上 1
190.086 190.696 68.0 哎 0
190.82 191.063 66.0 呀 0
191.065 191.491 66.0 呀 0
191.554 191.736 61.0 走 0
191.799 191.919 61.0 桃 0
192.044 192.47 64.0 - 0
192.533 192.959 66.0 花 0
193.022 193.265 68.0 运 0
193.267 193.632 66.0 - 1
193.935 194.3 63.0 个 0
194.425 194.851 66.0 个 0
194.914 195.401 59.0 都 0
195.403 195.768 56.0 想 0
195.893 196.258 61.0 嫁 0
196.382 196.747 61.0 给 0
196.872 197.542 61.0 他 1
205.641 206.25 68.0 哎 0
206.375 206.617 66.0 - 0
206.619 207.046 66.0 呀 0
207.109 207.29 61.0 呀 0
207.354 207.474 61.0 走 0
207.598 208.024 61.0 了 0
208.088 208.514 68.0 桃 0
208.577 208.82 68.0 花 0
208.822 209.187 66.0 运 1
209.71 210.075 63.0 姐 0
210.199 210.625 63.0 妹 0
210.689 211.176 59.0 三 0
211.178 211.421 56.0 人 0
211.423 211.543 59.0 都 0
211.667 212.032 59.0 看 0
212.157 212.522 61.0 上 0
212.646 213.317 61.0 他 1
221.353 221.963 68.0 哎 0
222.087 222.33 66.0 呀 0
222.332 222.758 66.0 - 0
222.822 223.003 61.0 呀 0
223.066 223.187 61.0 走 0
223.311 223.737 61.0 桃 0
223.8 224.227 66.0 - 0
224.29 224.532 68.0 花 0
224.534 224.899 66.0 运 1
225.25 225.615 63.0 姐 0
225.739 226.165 63.0 妹 0
226.228 226.716 59.0 - 0
226.718 226.96 56.0 三 0
226.962 227.083 59.0 人 0
227.207 227.572 61.0 看 0
227.697 228.062 61.0 上 0
228.186 228.857 61.0 他 0
