52.933 53.211 48.0 我 0
53.211 53.489 55.0 看 0
53.489 53.766 57.0 - 0
53.766 54.044 57.0 着 0
54.044 54.322 55.0 你 0
54.322 54.6 55.0 转 0
54.6 54.877 57.0 - 0
54.877 55.155 55.0 身 0
55.155 55.433 53.0 离 0
55.433 55.711 53.0 去 0
55.711 55.989 55.0 - 0
57.063 57.34 57.0 任 0
57.34 57.618 55.0 - 0
57.618 57.896 55.0 凭 0
57.896 58.174 53.0 眼 0
58.452 58.729 55.0 泪 0
58.729 59.285 53.0 在 0
59.285 59.563 50.0 雨 0
59.563 59.84 50.0 中 0
59.84 60.952 48.0 纷 0
62.037 62.314 57.0 飞 0
62.314 62.592 60.0 其 0
62.592 62.87 60.0 实 0
62.87 63.148 60.0 好 0
63.148 63.426 60.0 想 0
63.426 63.703 60.0 说 0
64.259 64.537 60.0 声 0
64.537 64.814 62.0 可 0
64.814 65.092 57.0 - 0
65.092 65.37 55.0 不 0
65.37 66.481 50.0 可 0
66.577 66.855 53.0 以 0
66.855 67.133 55.0 话 0
67.133 67.41 55.0 到 0
67.41 67.688 55.0 嘴 0
67.688 67.966 55.0 边 0
67.966 68.244 57.0 还 0
68.244 68.522 55.0 - 0
68.522 68.799 53.0 是 0
68.799 69.91 55.0 放 0
70.982 71.259 48.0 弃 0
71.259 71.537 48.0 都 0
71.537 71.815 57.0 说 0
71.815 72.093 57.0 爱 0
72.093 72.648 57.0 难 0
72.648 72.926 55.0 穿 0
72.926 73.204 53.0 越 0
73.204 73.482 53.0 四 0
73.482 73.759 55.0 季 0
74.751 75.029 57.0 烟 0
75.029 75.307 55.0 - 0
75.307 75.585 53.0 花 0
75.585 75.863 53.0 灰 0
76.418 76.696 53.0 烬 0
76.696 76.974 53.0 寂 0
77.252 77.529 45.0 寞 0
77.529 77.807 48.0 锁 0
77.807 78.085 50.0 伤 0
78.085 79.196 48.0 - 0
79.752 80.029 57.0 悲 0
80.029 80.307 60.0 不 0
80.307 80.585 60.0 要 0
80.585 80.863 60.0 再 0
80.863 81.14 60.0 说 0
81.14 81.418 60.0 什 0
81.974 82.252 60.0 么 0
82.252 82.529 62.0 情 0
82.529 82.807 57.0 - 0
82.807 83.085 55.0 非 0
83.085 84.196 50.0 得 0
84.333 84.611 53.0 已 0
84.611 84.889 55.0 海 0
84.889 85.166 55.0 誓 0
85.166 85.444 55.0 山 0
85.444 85.722 55.0 盟 0
85.722 86.0 57.0 还 0
86.0 86.277 55.0 - 0
86.277 86.555 53.0 是 0
86.555 88.222 53.0 分 0
88.67 88.948 62.0 离 0
88.948 89.226 62.0 有 0
89.226 89.504 60.0 没 0
89.504 89.782 60.0 - 0
89.782 90.059 62.0 有 0
90.059 90.337 60.0 一 0
90.337 90.893 60.0 种 0
90.931 91.208 62.0 爱 0
91.208 91.486 60.0 不 0
91.486 91.764 60.0 叫 0
91.764 92.042 57.0 人 0
92.042 92.32 60.0 流 0
92.32 92.597 60.0 泪 0
93.231 93.509 50.0 - 0
93.509 94.064 53.0 有 0
94.064 94.342 53.0 没 0
94.342 94.62 53.0 有 0
94.62 94.898 53.0 一 0
94.898 95.175 50.0 种 0
95.338 95.616 62.0 情 0
95.616 95.894 60.0 永 0
95.894 96.171 60.0 不 0
96.171 96.449 62.0 觉 0
96.449 97.56 55.0 得 0
97.608 97.886 65.0 累 0
97.886 98.164 65.0 有 0
98.164 98.442 62.0 没 0
98.442 98.719 62.0 - 0
98.719 98.997 62.0 有 0
98.997 99.275 60.0 一 0
99.275 99.553 60.0 种 0
99.829 100.106 62.0 缘 0
100.106 100.384 60.0 来 0
100.384 100.662 60.0 生 0
100.662 100.94 62.0 还 0
100.94 101.356 57.0 相 0
101.356 101.634 55.0 遇 0
102.073 102.351 50.0 - 0
102.351 102.628 53.0 有 0
102.628 102.906 50.0 没 0
102.906 103.184 50.0 - 0
103.184 103.462 50.0 有 0
103.462 103.739 60.0 一 0
103.739 104.017 62.0 种 0
104.017 104.295 60.0 思 0
104.299 104.577 60.0 念 0
104.577 104.855 60.0 永 0
105.132 105.41 60.0 不 0
105.41 105.688 62.0 疲 0
105.688 106.243 60.0 惫 0
106.28 106.419 48.0 - 0
106.419 106.558 48.0 所 0
106.558 106.836 60.0 以 0
106.836 107.114 57.0 爱 0
107.327 107.465 55.0 了 0
107.465 107.604 57.0 总 0
107.604 107.882 55.0 会 0
107.882 108.16 53.0 分 0
108.497 108.636 48.0 离 0
108.636 108.774 48.0 所 0
108.774 109.052 60.0 以 0
109.052 109.33 57.0 累 0
109.475 109.614 55.0 了 0
109.614 109.753 57.0 就 0
109.753 110.03 55.0 要 0
110.03 110.308 53.0 放 0
110.75 110.889 48.0 弃 0
110.889 111.028 48.0 所 0
111.028 111.305 62.0 以 0
111.305 111.583 60.0 情 0
111.583 111.861 60.0 到 0
111.861 112.139 57.0 深 0
112.147 112.425 60.0 处 0
112.425 112.702 60.0 爱 0
112.702 112.98 60.0 到 0
112.98 113.258 57.0 最 0
113.258 113.536 60.0 后 0
113.536 113.813 60.0 只 0
114.091 114.369 57.0 是 0
114.369 114.647 60.0 游 0
114.647 114.925 60.0 戏 0
115.203 115.481 48.0 别 0
115.481 116.592 57.0 太 0
117.148 117.426 55.0 在 0
117.426 117.703 57.0 - 0
117.703 119.926 53.0 意 0
161.758 162.036 48.0 我 0
162.036 162.314 55.0 看 0
162.314 162.591 57.0 - 0
162.591 162.869 57.0 着 0
162.869 163.147 55.0 你 0
163.147 163.425 55.0 转 0
163.425 163.702 57.0 - 0
163.702 163.98 55.0 身 0
163.98 164.258 53.0 离 0
164.258 164.536 53.0 去 0
164.536 164.814 55.0 - 0
165.937 166.214 57.0 任 0
166.214 166.492 55.0 - 0
166.492 166.77 55.0 凭 0
166.77 167.048 53.0 眼 0
167.326 167.603 55.0 泪 0
167.603 167.881 53.0 在 0
167.881 168.159 45.0 雨 0
168.159 168.437 45.0 - 0
168.437 168.714 50.0 中 0
168.714 169.826 48.0 纷 0
170.883 171.16 57.0 飞 0
171.16 171.438 60.0 其 0
171.438 171.716 60.0 实 0
171.716 171.994 60.0 好 0
171.994 172.272 60.0 想 0
172.272 172.549 60.0 说 0
173.105 173.383 60.0 声 0
173.383 173.66 62.0 可 0
173.66 173.938 57.0 - 0
173.938 174.216 55.0 不 0
174.216 175.327 50.0 可 0
175.343 175.621 53.0 以 0
175.621 175.899 55.0 话 0
175.899 176.176 55.0 到 0
176.176 176.454 55.0 嘴 0
176.454 176.732 55.0 边 0
176.732 177.01 57.0 还 0
177.01 177.288 55.0 - 0
177.288 177.565 53.0 是 0
177.565 178.676 55.0 放 0
179.807 180.084 48.0 弃 0
180.084 180.362 55.0 都 0
180.362 180.64 57.0 说 0
180.64 180.918 57.0 爱 0
180.918 181.473 57.0 难 0
181.473 181.751 55.0 穿 0
181.751 182.029 53.0 越 0
182.029 182.307 53.0 四 0
182.307 182.584 55.0 季 0
183.647 183.925 57.0 - 0
183.925 184.203 55.0 烟 0
184.203 184.481 53.0 花 0
184.481 184.759 53.0 灰 0
185.314 185.592 53.0 烬 0
185.592 185.87 53.0 寂 0
186.147 186.425 50.0 寞 0
186.425 186.703 48.0 锁 0
186.703 186.981 50.0 伤 0
186.981 188.092 48.0 - 0
188.677 188.955 55.0 悲 0
188.955 189.233 60.0 不 0
189.233 189.511 60.0 要 0
189.511 189.789 60.0 再 0
189.789 190.066 60.0 说 0
190.066 190.344 60.0 什 0
190.9 191.177 60.0 么 0
191.177 191.455 62.0 情 0
191.455 191.733 57.0 - 0
191.733 192.011 55.0 非 0
192.011 193.122 50.0 得 0
193.143 193.421 53.0 已 0
193.421 193.698 55.0 海 0
193.698 193.976 55.0 誓 0
193.976 194.254 55.0 山 0
194.254 194.532 55.0 盟 0
194.532 194.81 57.0 还 0
194.81 195.087 55.0 - 0
195.087 195.365 53.0 是 0
195.365 197.032 53.0 分 0
197.669 197.947 62.0 离 0
197.947 198.225 62.0 有 0
198.225 198.503 60.0 没 0
198.503 198.78 60.0 有 0
198.78 199.058 60.0 一 0
199.058 199.336 60.0 种 0
199.336 199.892 60.0 爱 0
199.939 200.216 62.0 不 0
200.216 200.494 60.0 叫 0
200.494 200.772 60.0 人 0
200.772 201.05 57.0 流 0
201.05 201.327 60.0 泪 0
201.327 201.605 60.0 - 0
201.993 202.271 50.0 有 0
202.271 202.826 53.0 - 0
202.826 203.104 53.0 没 0
203.104 203.382 53.0 有 0
203.382 203.659 53.0 一 0
203.659 203.937 50.0 种 0
204.271 204.549 62.0 情 0
204.549 204.827 60.0 永 0
204.827 205.104 60.0 不 0
205.104 205.382 62.0 觉 0
205.382 206.493 55.0 得 0
206.512 206.79 65.0 累 0
206.79 207.068 65.0 有 0
207.068 207.346 62.0 没 0
207.346 207.623 62.0 - 0
207.623 207.901 62.0 有 0
207.901 208.179 60.0 一 0
208.179 208.457 60.0 种 0
208.666 208.944 62.0 缘 0
208.944 209.222 60.0 来 0
209.222 209.5 60.0 生 0
209.5 209.778 62.0 还 0
209.778 210.194 57.0 相 0
210.194 210.472 55.0 遇 0
210.895 211.172 50.0 - 0
211.172 211.45 50.0 有 0
211.45 211.728 50.0 没 0
211.728 212.006 50.0 有 0
212.006 212.284 50.0 一 0
212.284 212.561 62.0 种 0
212.561 212.839 62.0 思 0
212.839 213.117 60.0 念 0
213.183 213.461 60.0 永 0
213.461 213.738 60.0 - 0
214.016 214.294 62.0 不 0
214.294 214.572 62.0 疲 0
214.572 215.127 60.0 惫 0
215.178 215.317 48.0 - 0
215.317 215.456 48.0 所 0
215.456 215.734 60.0 以 0
215.734 216.012 57.0 爱 0
216.244 216.383 55.0 了 0
216.383 216.522 57.0 总 0
216.522 216.8 55.0 会 0
216.8 217.078 53.0 分 0
217.363 217.501 48.0 离 0
217.501 217.64 48.0 所 0
217.64 217.918 60.0 以 0
217.918 218.196 57.0 累 0
218.365 218.504 55.0 了 0
218.504 218.642 57.0 就 0
218.642 218.92 55.0 要 0
218.92 219.198 53.0 放 0
219.483 219.622 48.0 弃 0
219.622 219.761 48.0 所 0
219.761 220.038 62.0 以 0
220.038 220.316 60.0 情 0
220.316 220.594 60.0 到 0
220.594 220.872 57.0 深 0
220.904 221.181 60.0 处 0
221.181 221.459 60.0 爱 0
221.459 221.737 60.0 到 0
221.737 222.015 57.0 最 0
222.015 222.293 60.0 后 0
222.293 222.57 60.0 只 0
222.848 223.126 57.0 是 0
223.126 223.404 60.0 游 0
223.404 223.681 60.0 戏 0
224.026 224.304 48.0 - 0
224.304 225.415 57.0 别 0
225.971 226.249 55.0 太 0
226.249 226.526 57.0 在 0
226.526 228.749 53.0 意 0
228.78 229.057 62.0 有 0
229.057 229.335 62.0 - 0
229.335 229.613 60.0 没 0
229.613 229.891 60.0 - 0
229.891 230.168 60.0 有 0
230.168 230.446 60.0 一 0
230.446 231.002 60.0 种 0
231.046 231.324 62.0 爱 0
231.324 231.601 60.0 不 0
231.601 231.879 60.0 叫 0
231.879 232.157 57.0 人 0
232.157 232.435 60.0 流 0
232.435 232.712 60.0 泪 0
233.225 233.503 50.0 - 0
233.503 234.058 53.0 有 0
234.058 234.336 53.0 没 0
234.336 234.614 53.0 有 0
234.614 234.892 53.0 一 0
234.892 235.447 50.0 种 0
235.49 235.768 62.0 情 0
235.768 236.046 60.0 永 0
236.046 236.324 60.0 不 0
236.324 236.601 62.0 觉 0
236.601 237.712 55.0 得 0
237.722 238.0 65.0 累 0
238.0 238.278 65.0 有 0
238.278 238.556 62.0 没 0
238.556 238.834 62.0 有 0
238.834 239.111 62.0 一 0
239.111 239.389 60.0 种 0
239.389 239.667 60.0 缘 0
239.813 240.09 62.0 来 0
240.09 240.368 60.0 - 0
240.368 240.646 60.0 生 0
240.646 240.924 62.0 还 0
240.924 241.34 57.0 相 0
241.34 241.688 53.0 遇 0
242.11 242.388 50.0 - 0
242.388 242.665 50.0 有 0
242.665 242.943 50.0 没 0
242.943 243.221 50.0 有 0
243.221 243.499 50.0 一 0
243.499 243.777 60.0 种 0
243.777 244.054 62.0 思 0
244.054 244.332 60.0 念 0
244.352 244.63 60.0 永 0
244.63 244.908 60.0 - 0
245.185 245.463 62.0 不 0
245.463 245.741 62.0 疲 0
245.741 246.297 60.0 惫 0
246.297 246.435 48.0 - 0
246.435 246.574 48.0 所 0
246.574 246.852 60.0 以 0
246.852 247.13 57.0 爱 0
247.419 247.558 55.0 了 0
247.558 247.696 57.0 总 0
247.696 247.974 55.0 会 0
247.974 248.252 53.0 分 0
248.512 248.651 48.0 离 0
248.651 248.79 48.0 所 0
248.79 249.067 57.0 以 0
249.067 249.345 57.0 累 0
249.478 249.617 55.0 了 0
249.617 249.756 57.0 就 0
249.756 250.033 55.0 - 0
250.033 250.311 53.0 要 0
250.765 250.904 48.0 放 0
250.904 251.043 48.0 弃 0
251.043 251.321 62.0 所 0
251.321 251.598 60.0 以 0
251.598 251.876 60.0 情 0
251.876 252.154 57.0 到 0
252.163 252.441 60.0 深 0
252.441 252.718 60.0 处 0
252.718 252.996 60.0 爱 0
252.996 253.274 57.0 到 0
253.274 253.552 60.0 最 0
253.552 253.83 60.0 后 0
254.107 254.385 57.0 只 0
254.385 254.663 60.0 是 0
254.663 254.941 60.0 游 0
255.077 255.355 48.0 戏 0
255.355 256.466 57.0 别 0
257.022 257.3 55.0 太 0
257.3 257.577 57.0 在 0
257.577 259.8 53.0 - 0
