19.529 20.029 44.0 冷 0
20.029 20.779 53.0 的 0
21.529 22.029 44.0 天 0
22.029 22.529 51.0 色 1
23.676 23.926 53.0 你 0
23.926 24.426 51.0 是 0
24.426 24.676 49.0 否 0
24.676 24.926 49.0 多 0
24.926 25.176 48.0 穿 0
25.176 25.676 49.0 一 0
25.676 25.926 56.0 件 0
25.926 26.676 56.0 呢 1
27.625 28.125 49.0 星 0
28.125 28.625 58.0 星 0
29.625 30.125 61.0 坠 0
30.125 30.625 56.0 落 1
31.796 32.046 61.0 带 0
32.046 32.296 61.0 走 0
32.296 32.546 60.0 我 0
32.546 32.796 60.0 的 0
32.796 33.046 58.0 思 0
33.046 33.546 58.0 念 0
33.546 33.796 56.0 流 0
33.796 34.296 53.0 浪 0
34.296 34.796 51.0 成 0
34.796 35.296 51.0 河 1
35.485 35.985 44.0 烟 0
35.985 36.735 53.0 火 0
37.485 37.735 56.0 泡 0
37.735 38.235 58.0 沫 0
38.235 38.985 56.0 - 1
39.888 40.138 60.0 失 0
40.138 40.388 60.0 去 0
40.388 40.638 58.0 或 0
40.638 40.888 58.0 拥 0
40.888 41.138 56.0 有 0
41.138 41.638 58.0 都 0
41.638 41.888 56.0 由 0
41.888 42.388 53.0 不 0
42.388 42.888 56.0 得 0
42.888 43.388 49.0 我 1
43.551 44.051 49.0 抖 0
44.051 44.801 58.0 着 0
45.551 46.051 65.0 双 0
46.051 47.051 61.0 手 1
47.925 48.425 61.0 拼 0
48.425 48.675 63.0 命 0
48.675 48.925 63.0 握 0
48.925 49.175 61.0 紧 0
49.175 49.675 63.0 啊 1
49.752 50.251 61.0 却 0
50.251 50.501 63.0 徒 0
50.501 50.75 63.0 劳 0
50.75 51.0 61.0 无 0
51.0 51.499 63.0 功 0
51.499 51.749 61.0 - 0
51.749 52.997 63.0 啊 1
53.478 53.728 65.0 生 0
53.728 54.227 65.0 生 0
54.227 54.477 63.0 - 0
54.477 54.727 63.0 灯 0
54.727 55.477 61.0 火 0
55.477 55.727 65.0 明 0
55.727 56.227 63.0 暗 0
56.227 56.477 61.0 - 0
56.477 56.727 61.0 无 0
56.727 57.227 60.0 辄 1
57.911 58.161 56.0 看 0
58.161 58.411 61.0 着 0
58.411 58.661 60.0 迂 0
58.661 58.911 61.0 回 0
58.911 59.161 63.0 的 0
59.161 59.661 65.0 伤 0
59.661 59.911 61.0 痕 0
59.911 60.411 60.0 却 1
60.421 60.671 61.0 不 0
60.671 60.921 60.0 能 0
60.921 61.171 61.0 为 0
61.171 61.671 60.0 你 0
61.671 61.921 56.0 做 0
61.921 62.421 54.0 什 0
62.421 63.171 61.0 么 0
63.671 63.921 54.0 我 0
63.921 64.421 53.0 恨 0
64.421 64.796 65.0 我 0
64.796 65.671 61.0 - 1
65.924 66.174 61.0 躲 0
66.174 66.424 63.0 在 0
66.424 66.674 65.0 永 0
66.674 66.924 63.0 夜 0
66.924 67.174 65.0 背 0
67.174 67.674 63.0 后 0
67.674 67.924 58.0 找 0
67.924 68.424 63.0 微 0
68.424 68.674 65.0 光 0
68.674 68.924 63.0 的 0
68.924 69.174 65.0 出 0
69.174 69.424 63.0 口 1
69.556 69.806 65.0 生 0
69.806 70.306 65.0 生 0
70.306 70.556 63.0 - 0
70.556 70.806 63.0 你 0
70.806 71.306 61.0 我 0
71.556 71.806 65.0 离 0
71.806 72.306 63.0 别 0
72.306 72.556 61.0 - 0
72.556 72.806 61.0 无 0
72.806 73.306 60.0 辄 1
73.754 74.004 56.0 每 0
74.004 74.254 58.0 一 0
74.254 74.504 60.0 道 0
74.504 74.754 61.0 岁 0
74.754 75.004 63.0 月 0
75.004 75.504 65.0 的 0
75.504 76.754 68.0 痛 1
77.5 77.75 56.0 眼 0
77.75 78.5 58.0 泪 0
78.5 78.75 65.0 自 0
78.75 79.5 66.0 答 0
79.5 79.75 65.0 自 0
79.75 81.0 61.0 问 1
81.758 82.029 53.0 眼 0
82.029 82.529 54.0 前 0
82.529 83.529 61.0 是 0
84.029 84.529 54.0 永 0
84.529 84.904 63.0 昼 0
84.904 85.279 61.0 的 0
85.779 86.029 60.0 颠 0
86.029 88.034 61.0 簸 1
89.597 90.099 44.0 冷 0
90.099 90.848 53.0 的 0
91.597 92.097 44.0 脸 0
92.097 92.597 51.0 色 1
93.673 93.923 53.0 是 0
93.923 94.423 51.0 证 0
94.423 94.673 49.0 明 0
94.673 94.923 49.0 自 0
94.923 95.173 48.0 己 0
95.173 95.673 49.0 坚 0
95.673 95.923 54.0 强 0
95.923 96.673 56.0 了 1
97.671 98.171 49.0 当 0
98.171 98.671 58.0 我 0
99.671 100.171 61.0 寂 0
100.171 101.171 56.0 寞 0
101.921 102.171 61.0 默 0
102.171 102.421 61.0 念 0
102.421 102.671 60.0 这 0
102.671 102.921 60.0 世 0
102.921 103.171 58.0 界 1
103.181 103.681 58.0 不 0
103.681 103.931 56.0 会 0
103.931 104.431 53.0 丢 0
104.431 104.931 51.0 下 0
104.931 105.431 51.0 我 1
105.644 106.144 44.0 太 0
106.144 107.144 53.0 多 0
107.644 107.894 56.0 太 0
107.894 109.144 56.0 多 0
109.894 110.144 60.0 遗 0
110.144 110.394 60.0 憾 0
110.394 110.644 58.0 的 0
110.644 110.894 58.0 后 0
110.894 111.144 56.0 悔 0
111.144 111.644 58.0 的 1
111.655 111.905 56.0 总 0
111.905 112.403 65.0 是 0
112.403 112.901 66.0 在 0
112.901 113.398 63.0 失 0
113.398 113.896 63.0 去 0
113.896 114.394 61.0 了 0
114.394 114.644 58.0 以 0
114.644 114.894 61.0 后 1
115.095 115.345 65.0 噢 0
115.345 115.595 63.0 - 0
115.595 115.845 61.0 - 0
115.845 116.345 63.0 为 0
116.345 116.595 58.0 什 0
116.595 116.845 61.0 么 0
117.095 117.345 65.0 爱 0
117.345 117.595 63.0 - 0
117.595 117.845 61.0 - 0
117.845 118.595 65.0 越 0
118.595 118.845 66.0 深 0
118.845 119.345 68.0 越 0
119.345 119.595 65.0 - 0
119.595 119.845 65.0 脆 0
119.845 122.095 68.0 弱 0
122.095 123.095 70.0 - 1
123.572 123.822 65.0 生 0
123.822 124.322 65.0 生 0
124.322 124.572 63.0 - 0
124.572 124.822 63.0 灯 0
124.822 125.572 61.0 火 0
125.572 125.822 65.0 明 0
125.822 126.322 63.0 暗 0
126.322 126.572 61.0 - 0
126.572 126.822 61.0 无 0
126.822 127.322 60.0 辄 1
127.89 128.14 56.0 看 0
128.14 128.39 61.0 着 0
128.39 128.64 60.0 迂 0
128.64 128.89 61.0 回 0
128.89 129.14 63.0 的 0
129.14 129.64 65.0 伤 0
129.64 129.89 61.0 痕 0
129.89 130.39 60.0 却 1
130.391 130.641 61.0 不 0
130.641 130.891 60.0 能 0
130.891 131.141 61.0 为 0
131.141 131.641 60.0 你 0
131.641 131.891 56.0 做 0
131.891 132.391 54.0 什 0
132.391 133.141 61.0 么 0
133.641 133.891 54.0 我 0
133.891 134.391 53.0 恨 0
134.391 134.766 63.0 我 0
134.766 135.641 61.0 - 1
135.869 136.119 61.0 躲 0
136.119 136.369 63.0 在 0
136.369 136.619 65.0 永 0
136.619 136.869 63.0 夜 0
136.869 137.119 65.0 背 0
137.119 137.619 63.0 后 0
137.619 137.869 58.0 找 0
137.869 138.37 63.0 微 0
138.37 138.621 65.0 光 0
138.621 138.871 63.0 的 0
138.871 139.122 65.0 出 0
139.122 139.373 63.0 口 1
139.548 139.799 65.0 生 0
139.799 140.3 65.0 生 0
140.3 140.55 63.0 - 0
140.55 140.8 63.0 离 0
140.8 141.55 61.0 别 0
141.55 141.8 65.0 息 0
141.8 142.3 63.0 息 0
142.3 142.55 63.0 不 0
142.55 143.05 61.0 罢 0
143.05 143.55 60.0 休 1
143.9 144.15 56.0 你 0
144.15 144.4 58.0 用 0
144.4 144.65 60.0 时 0
144.65 144.9 61.0 间 0
144.9 145.15 63.0 告 0
145.15 145.65 65.0 诉 0
145.65 147.15 68.0 我 1
147.607 147.857 56.0 在 0
147.857 148.607 58.0 迷 0
148.607 148.857 65.0 路 0
148.857 149.607 66.0 的 0
149.607 150.107 65.0 时 0
150.107 151.357 61.0 候 1
151.798 152.048 53.0 有 0
152.048 152.298 54.0 你 0
152.298 152.798 61.0 爱 0
152.798 153.298 61.0 我 0
153.798 154.048 53.0 永 0
154.048 154.548 54.0 夜 0
154.548 154.86 63.0 也 0
154.86 155.298 61.0 是 0
155.298 155.548 60.0 - 0
155.548 155.798 60.0 永 0
155.798 159.048 61.0 昼 1
160.645 160.895 61.0 原 0
160.895 161.145 60.0 谅 0
161.145 161.395 61.0 我 0
161.645 161.895 61.0 陪 0
161.895 162.145 60.0 着 0
162.145 162.395 61.0 我 0
162.645 162.895 68.0 当 0
162.895 163.395 63.0 我 0
163.395 163.895 61.0 - 0
163.895 164.145 61.0 - 1
164.25 164.5 58.0 困 0
164.5 164.75 61.0 在 0
164.75 165.0 66.0 沙 0
165.0 165.5 65.0 漠 0
165.5 165.75 61.0 渴 0
165.75 166.0 63.0 望 0
166.0 166.75 61.0 绿 0
166.75 167.25 58.0 洲 0
167.25 167.75 56.0 - 1
168.613 168.863 61.0 会 0
168.863 169.113 60.0 好 0
169.113 169.363 61.0 的 0
169.613 169.863 61.0 会 0
169.863 170.113 60.0 过 0
170.113 170.363 61.0 的 0
170.613 170.863 68.0 看 0
170.863 171.363 65.0 我 0
171.363 171.863 61.0 - 0
171.863 172.113 61.0 - 1
172.159 173.159 66.0 咳 0
173.659 173.909 63.0 用 0
173.909 174.159 65.0 力 0
174.159 174.659 66.0 咳 0
174.659 174.909 66.0 出 0
174.909 175.659 65.0 了 0
175.659 175.909 61.0 心 0
175.909 177.159 68.0 痛 0
177.159 178.159 70.0 - 1
180.157 180.657 67.0 生 0
180.657 180.907 67.0 生 0
180.907 181.407 65.0 不 0
181.407 181.907 63.0 息 0
181.907 182.407 65.0 你 0
182.407 182.657 63.0 - 0
182.657 182.907 63.0 和 0
182.907 183.657 62.0 我 1
183.732 183.982 58.0 倒 0
183.982 184.232 63.0 数 0
184.232 184.482 62.0 迂 0
184.482 184.732 63.0 回 0
184.732 184.982 65.0 的 0
184.982 185.482 67.0 伤 0
185.482 185.732 63.0 痕 1
185.921 186.421 62.0 轻 0
186.421 186.671 63.0 轻 0
186.671 186.921 62.0 哼 0
186.921 187.171 63.0 着 0
187.171 187.671 62.0 喜 0
187.671 187.921 58.0 怒 0
187.921 188.421 56.0 哀 0
188.421 189.171 63.0 乐 1
189.477 189.727 56.0 等 0
189.727 190.227 55.0 等 0
190.227 190.602 65.0 我 0
190.602 191.227 63.0 - 0
191.727 191.977 63.0 在 0
191.977 192.227 65.0 永 0
192.227 192.477 67.0 夜 0
192.477 192.727 65.0 的 0
192.727 192.977 67.0 寒 0
192.977 193.477 65.0 冬 1
193.585 193.835 60.0 牵 0
193.835 194.335 65.0 着 0
194.335 194.585 67.0 你 0
194.585 194.835 65.0 的 0
194.835 195.085 67.0 双 0
195.085 195.585 65.0 手 1
195.779 196.029 63.0 哦 0
196.029 196.529 70.0 生 0
196.529 197.279 67.0 生 0
197.779 198.529 65.0 耶 0
198.529 199.529 65.0 - 0
199.779 200.029 63.0 谁 0
200.029 200.279 60.0 不 0
200.279 200.529 62.0 会 0
200.529 200.779 63.0 再 0
200.779 201.029 65.0 丢 0
201.029 201.529 67.0 下 0
201.529 202.029 72.0 我 0
202.029 203.029 70.0 - 1
203.657 204.157 58.0 在 0
204.157 204.657 60.0 迷 0
204.657 205.157 67.0 路 0
205.157 205.657 68.0 的 0
205.657 206.157 70.0 时 0
206.157 207.407 63.0 候 1
207.885 208.135 55.0 我 0
208.135 208.635 56.0 记 0
208.635 209.385 63.0 得 0
209.885 210.135 55.0 会 0
210.135 210.637 56.0 找 0
210.637 211.139 65.0 到 0
211.139 212.143 63.0 的 0
212.143 213.649 58.0 哦 1
215.877 216.127 58.0 在 0
216.127 216.619 60.0 永 0
216.619 217.112 67.0 夜 0
217.112 217.604 68.0 的 0
217.851 218.352 67.0 背 0
218.352 219.374 63.0 后 1
219.76 220.016 55.0 拥 0
220.016 220.562 56.0 抱 0
220.562 221.108 63.0 伤 0
221.108 221.753 63.0 口 0
222.712 223.184 56.0 永 0
223.184 223.656 65.0 恒 0
223.656 224.285 63.0 的 0
225.542 226.171 62.0 出 0
226.171 228.723 63.0 口 1
