28.709 29.139 55.0 真 0
29.139 29.565 55.0 情 0
29.565 30.418 62.0 - 0
30.418 30.844 60.0 像 0
30.844 31.265 57.0 草 0
31.265 31.685 58.0 原 0
31.685 32.105 57.0 广 0
32.105 32.525 55.0 - 0
32.525 34.645 55.0 阔 1
35.579 36.007 55.0 层 0
36.007 36.434 55.0 层 0
36.434 37.289 58.0 - 0
37.289 37.502 55.0 风 0
37.502 37.716 58.0 雨 0
37.716 38.139 60.0 不 0
38.139 38.561 60.0 能 0
38.561 38.984 62.0 阻 0
38.984 39.407 60.0 - 0
39.407 41.516 62.0 隔 1
42.303 42.722 65.0 总 0
42.722 43.151 65.0 有 0
43.151 44.011 67.0 - 0
44.011 44.441 65.0 云 0
44.441 44.858 62.0 开 0
44.858 45.484 60.0 - 0
45.693 46.11 60.0 日 0
46.11 46.538 60.0 出 0
46.538 47.395 62.0 - 0
47.395 47.824 62.0 时 0
47.824 49.088 55.0 候 1
49.436 49.859 57.0 万 0
49.859 50.282 55.0 丈 0
50.282 50.705 53.0 阳 0
50.705 51.34 57.0 光 0
51.553 51.765 53.0 照 0
51.765 51.978 50.0 耀 0
51.978 52.403 50.0 你 0
52.403 52.828 57.0 - 0
52.828 54.548 55.0 我 1
55.949 56.379 55.0 真 0
56.379 56.803 55.0 情 0
56.803 57.652 62.0 - 0
57.652 58.076 60.0 像 0
58.076 58.494 57.0 梅 0
58.494 58.913 58.0 花 0
58.913 59.331 57.0 开 0
59.331 59.749 55.0 - 0
59.749 61.471 55.0 过 1
62.733 63.151 55.0 冷 0
63.151 63.58 55.0 冷 0
63.58 64.009 58.0 - 0
64.437 64.651 55.0 冰 0
64.651 64.866 58.0 雪 0
64.866 65.295 60.0 不 0
65.295 65.724 60.0 能 0
65.724 66.153 63.0 掩 0
66.153 66.582 62.0 - 0
66.582 68.239 62.0 没 1
69.488 69.917 62.0 就 0
69.917 71.195 67.0 在 0
71.195 71.62 65.0 最 0
71.62 72.448 60.0 冷 0
72.861 73.275 58.0 枝 0
73.275 74.57 62.0 头 0
74.57 75.002 60.0 绽 0
75.002 75.842 55.0 放 1
76.666 77.092 57.0 看 0
77.092 77.519 55.0 见 0
77.519 77.945 53.0 春 0
77.945 78.371 57.0 天 0
78.797 79.01 53.0 走 0
79.01 79.224 50.0 向 0
79.224 79.65 50.0 你 0
79.65 80.076 58.0 - 0
80.076 81.799 55.0 我 1
83.432 83.858 55.0 雪 0
83.858 84.71 67.0 - 0
84.71 85.137 65.0 花 0
85.137 85.552 65.0 飘 0
85.552 85.967 62.0 - 0
85.967 86.798 67.0 飘 0
86.798 87.223 65.0 北 0
87.223 87.647 60.0 风 0
87.647 88.072 60.0 啸 0
88.072 88.497 65.0 - 0
88.497 88.922 60.0 啸 0
88.922 89.771 62.0 - 1
90.378 90.8 58.0 天 0
90.8 91.434 55.0 地 0
92.067 92.49 62.0 一 0
92.49 93.124 62.0 片 0
93.335 93.757 65.0 苍 0
93.757 96.091 62.0 茫 1
97.152 97.578 55.0 一 0
97.578 98.431 67.0 - 0
98.431 98.857 65.0 剪 0
98.857 99.275 62.0 寒 0
99.275 99.693 62.0 - 0
99.693 100.529 67.0 梅 0
100.529 100.957 65.0 傲 0
100.957 101.384 60.0 立 0
101.384 101.812 60.0 雪 0
101.812 102.239 63.0 - 0
102.239 102.669 62.0 中 0
102.669 103.528 62.0 - 1
103.967 104.386 58.0 只 0
104.386 105.225 55.0 为 0
105.644 106.063 60.0 伊 0
106.063 106.901 62.0 人 0
106.901 107.32 67.0 飘 0
107.32 109.904 62.0 香 1
110.553 110.989 55.0 爱 0
110.989 111.861 67.0 - 0
111.861 112.297 65.0 我 0
112.297 112.714 62.0 所 0
112.714 113.132 62.0 - 0
113.132 113.968 67.0 爱 0
113.968 114.389 65.0 无 0
114.389 114.811 60.0 怨 0
114.811 115.232 60.0 无 0
115.232 115.653 65.0 - 0
115.653 116.07 60.0 悔 0
116.07 116.904 62.0 - 1
117.459 117.89 55.0 此 0
117.89 118.751 55.0 情 0
120.873 121.304 60.0 长 0
121.304 122.38 62.0 留 0
125.546 126.396 62.0 心 0
126.396 127.248 65.0 - 0
127.248 128.108 53.0 - 0
128.108 130.273 55.0 间 1
158.169 158.59 55.0 雪 0
158.59 159.432 67.0 - 0
159.432 159.853 65.0 花 0
159.853 160.274 65.0 飘 0
160.274 160.695 65.0 - 0
160.695 161.537 67.0 飘 0
161.537 161.964 60.0 北 0
161.964 162.391 60.0 风 0
162.391 162.818 60.0 啸 0
162.818 163.244 62.0 - 0
163.244 163.657 62.0 啸 0
163.657 164.483 62.0 - 1
165.019 165.455 58.0 天 0
165.455 166.327 55.0 地 0
166.763 167.184 60.0 一 0
167.184 168.026 62.0 片 0
168.026 168.447 67.0 苍 0
168.447 170.983 62.0 茫 1
171.77 172.199 55.0 一 0
172.199 173.056 67.0 - 0
173.056 173.484 65.0 剪 0
173.484 173.906 62.0 寒 0
173.906 174.328 62.0 - 0
174.328 175.172 67.0 梅 0
175.172 175.603 65.0 傲 0
175.603 176.034 60.0 立 0
176.034 176.465 60.0 雪 0
176.465 176.896 65.0 - 0
176.896 177.325 62.0 中 0
177.325 178.185 62.0 - 1
178.568 178.993 58.0 只 0
178.993 179.842 55.0 为 0
180.267 180.687 62.0 伊 0
180.687 181.526 62.0 人 0
181.526 181.945 67.0 飘 0
181.945 182.576 62.0 香 0
182.576 184.048 62.0 - 1
185.264 185.696 55.0 爱 0
185.696 186.561 67.0 - 0
186.561 186.993 65.0 我 0
186.993 187.411 62.0 所 0
187.411 187.828 65.0 - 0
187.828 188.662 67.0 爱 0
188.662 189.092 65.0 无 0
189.092 189.522 60.0 怨 0
189.522 189.951 60.0 无 0
189.951 190.381 62.0 - 0
190.381 190.806 60.0 悔 0
190.806 191.657 62.0 - 1
192.181 192.603 58.0 此 0
192.603 193.869 55.0 情 0
195.58 196.006 62.0 长 0
196.006 197.284 62.0 留 0
200.241 201.088 62.0 心 0
201.088 201.945 65.0 - 0
201.945 202.796 53.0 - 0
202.796 205.336 55.0 间 1
