1.329 1.581 65.0 怎 0
1.581 1.833 65.0 么 0
1.833 2.085 67.0 会 0
2.085 2.59 69.0 忽 0
2.59 3.094 62.0 然 0
3.094 3.346 62.0 好 0
3.346 3.619 67.0 想 0
3.619 3.85 69.0 - 0
3.85 4.102 67.0 - 0
4.102 4.606 67.0 念 1
5.411 5.663 67.0 怎 0
5.663 5.915 67.0 么 0
5.915 6.167 69.0 会 0
6.167 6.671 72.0 忽 0
6.671 7.175 69.0 然 0
7.175 7.427 60.0 好 0
7.427 7.932 67.0 心 0
7.932 8.184 65.0 - 0
8.184 8.688 65.0 酸 1
9.468 9.72 62.0 怎 0
9.72 9.972 62.0 么 0
9.972 10.225 64.0 会 0
10.225 10.729 65.0 一 0
10.729 10.981 58.0 下 0
10.981 11.233 58.0 子 1
11.898 12.15 65.0 就 0
12.15 12.655 67.0 触 0
12.655 12.907 60.0 碰 0
12.907 13.159 60.0 了 0
13.915 14.167 57.0 我 0
14.167 14.671 60.0 脆 0
14.671 15.176 60.0 弱 0
15.176 15.428 57.0 的 0
15.428 16.184 65.0 泪 0
16.184 17.697 62.0 点 1
35.816 36.068 65.0 凌 0
36.068 36.32 65.0 晨 0
36.32 36.572 65.0 两 0
36.572 36.824 57.0 - 0
36.824 37.076 57.0 点 0
37.076 37.328 57.0 半 0
37.833 38.085 62.0 在 0
38.085 38.337 65.0 街 0
38.337 38.841 64.0 上 0
38.841 39.093 62.0 游 0
39.093 39.597 60.0 荡 1
40.452 40.704 62.0 路 0
40.704 41.208 62.0 边 0
41.208 41.46 62.0 摊 0
41.46 41.964 60.0 零 0
41.964 42.216 62.0 零 0
42.216 42.721 60.0 散 0
42.721 43.225 57.0 散 1
43.876 44.128 55.0 腥 0
44.128 44.38 57.0 忪 0
44.38 44.885 58.0 的 0
44.885 45.137 57.0 睡 0
45.137 45.641 58.0 眼 0
45.893 46.145 62.0 抬 0
46.145 46.397 65.0 头 0
46.397 46.901 64.0 望 0
46.901 47.153 62.0 天 0
47.153 47.658 60.0 边 1
48.566 48.818 62.0 黑 0
48.818 49.07 62.0 暗 0
49.07 49.322 62.0 里 0
49.322 49.574 65.0 的 0
49.574 50.079 64.0 星 0
50.079 50.331 60.0 星 0
50.331 50.835 64.0 点 0
50.835 51.591 62.0 点 1
54.054 54.306 65.0 热 0
54.306 54.558 65.0 爱 0
54.558 55.063 65.0 的 0
55.063 55.315 57.0 画 0
55.315 55.819 57.0 面 1
56.138 56.39 62.0 浮 0
56.39 56.642 65.0 现 0
56.642 57.146 64.0 在 0
57.146 57.398 62.0 眼 0
57.398 57.903 60.0 前 1
58.665 58.917 62.0 在 0
58.917 59.169 62.0 脑 0
59.169 59.421 62.0 海 0
59.421 59.673 62.0 里 0
59.673 60.178 60.0 默 0
60.178 60.43 62.0 默 0
60.43 60.934 60.0 回 0
60.934 61.69 57.0 甜 1
62.04 62.292 55.0 只 0
62.292 62.545 57.0 是 0
62.545 63.049 58.0 他 0
63.049 63.301 57.0 身 0
63.301 63.805 58.0 影 0
64.057 64.309 62.0 已 0
64.309 64.561 65.0 经 0
64.561 65.066 64.0 走 0
65.066 65.318 62.0 太 0
65.318 65.822 60.0 远 1
66.723 66.975 62.0 只 0
66.975 67.227 62.0 留 0
67.227 67.48 62.0 下 0
67.48 67.732 65.0 我 0
67.732 68.236 67.0 一 0
68.236 68.488 64.0 个 0
68.488 68.74 60.0 人 0
68.74 69.244 64.0 孤 0
69.244 70.757 62.0 单 1
71.867 72.119 65.0 怎 0
72.119 72.372 65.0 么 0
72.372 72.624 67.0 会 0
72.624 73.128 69.0 忽 0
73.128 73.632 62.0 然 0
73.632 73.884 62.0 好 0
73.884 74.388 69.0 想 0
74.388 74.64 67.0 - 0
74.64 75.145 67.0 念 1
76.032 76.284 67.0 怎 0
76.284 76.536 67.0 么 0
76.536 76.788 69.0 会 0
76.788 77.292 72.0 忽 0
77.292 77.797 69.0 然 0
77.797 78.049 60.0 好 0
78.049 78.553 67.0 心 0
78.553 78.805 65.0 - 0
78.805 79.309 65.0 酸 1
79.992 80.244 62.0 怎 0
80.244 80.496 62.0 么 0
80.496 80.748 64.0 会 0
80.748 81.252 65.0 一 0
81.252 81.504 58.0 下 0
81.504 81.756 58.0 子 1
82.482 82.734 65.0 就 0
82.734 83.238 67.0 触 0
83.238 83.49 60.0 碰 0
83.49 83.742 60.0 了 0
84.498 84.75 60.0 我 0
84.75 85.255 70.0 脆 0
85.255 85.759 69.0 弱 0
85.759 86.011 69.0 的 0
86.011 86.515 67.0 泪 0
86.515 86.914 69.0 点 0
86.914 87.776 69.0 - 1
88.105 88.357 65.0 怎 0
88.357 88.609 65.0 么 0
88.609 88.861 67.0 会 0
88.861 89.365 69.0 忽 0
89.365 89.87 62.0 然 0
89.87 90.122 62.0 好 0
90.122 90.626 69.0 茫 0
90.626 90.878 67.0 - 0
90.878 91.382 67.0 然 1
92.127 92.38 67.0 怎 0
92.38 92.632 67.0 么 0
92.632 92.884 69.0 会 0
92.884 93.388 72.0 忽 0
93.388 93.892 69.0 然 0
93.892 94.144 60.0 好 0
94.144 94.648 67.0 孤 0
94.648 94.901 65.0 - 0
94.901 95.405 65.0 单 1
96.072 96.324 62.0 怎 0
96.324 96.576 62.0 么 0
96.576 96.828 64.0 会 0
96.828 97.333 65.0 心 0
97.333 97.585 58.0 里 0
97.585 97.837 58.0 面 1
98.644 98.896 65.0 只 0
98.896 99.4 67.0 剩 0
99.4 99.652 60.0 下 0
99.652 99.905 60.0 了 0
100.913 101.165 60.0 一 0
101.165 101.417 60.0 个 0
101.417 101.942 60.0 人 0
101.942 102.173 57.0 - 0
102.173 102.426 57.0 的 0
102.426 102.93 65.0 容 0
102.93 104.947 62.0 颜 1
120.535 120.787 65.0 热 0
120.787 121.039 65.0 爱 0
121.039 121.543 65.0 的 0
121.543 121.795 57.0 画 0
121.795 122.3 57.0 面 1
122.538 122.79 62.0 浮 0
122.79 123.042 65.0 现 0
123.042 123.546 64.0 在 0
123.546 123.798 62.0 眼 0
123.798 124.302 60.0 前 1
125.118 125.37 62.0 在 0
125.37 125.622 62.0 脑 0
125.622 125.874 62.0 海 0
125.874 126.126 62.0 里 0
126.126 126.63 60.0 默 0
126.63 126.882 62.0 默 0
126.882 127.387 60.0 回 0
127.387 128.143 57.0 甜 1
128.756 129.008 55.0 只 0
129.008 129.26 57.0 是 0
129.26 129.764 58.0 他 0
129.764 130.017 57.0 身 0
130.017 130.521 58.0 影 0
130.773 131.025 62.0 已 0
131.025 131.277 65.0 经 0
131.277 131.781 64.0 走 0
131.781 132.033 62.0 太 0
132.033 132.538 60.0 远 1
133.138 133.39 62.0 只 0
133.39 133.642 62.0 留 0
133.642 133.894 62.0 下 0
133.894 134.146 65.0 我 0
134.146 134.65 67.0 一 0
134.65 134.903 64.0 个 0
134.903 135.155 60.0 人 0
135.155 135.659 64.0 孤 0
135.659 137.171 62.0 单 1
138.527 138.779 65.0 怎 0
138.779 139.031 65.0 么 0
139.031 139.283 67.0 会 0
139.283 139.788 69.0 忽 0
139.788 140.292 62.0 然 0
140.292 140.544 62.0 好 0
140.544 141.048 69.0 想 0
141.048 141.3 67.0 - 0
141.3 141.804 67.0 念 1
142.477 142.729 67.0 怎 0
142.729 142.981 67.0 么 0
142.981 143.233 69.0 会 0
143.233 143.737 72.0 忽 0
143.737 144.241 69.0 然 0
144.241 144.493 60.0 好 0
144.493 144.998 67.0 心 0
144.998 145.25 65.0 - 0
145.25 145.754 65.0 酸 1
146.491 146.743 62.0 怎 0
146.743 146.995 62.0 么 0
146.995 147.248 64.0 会 0
147.248 147.752 65.0 一 0
147.752 148.004 58.0 下 0
148.004 148.256 58.0 子 1
149.08 149.332 65.0 就 0
149.332 149.837 67.0 触 0
149.837 150.089 60.0 碰 0
150.089 150.341 60.0 了 0
151.097 151.349 60.0 我 0
151.349 151.853 70.0 脆 0
151.853 152.358 69.0 弱 0
152.358 152.61 69.0 的 0
152.61 153.114 67.0 泪 0
153.114 153.513 69.0 点 0
153.513 154.374 69.0 - 1
154.67 154.923 65.0 怎 0
154.923 155.175 65.0 么 0
155.175 155.427 67.0 会 0
155.427 155.931 69.0 忽 0
155.931 156.435 62.0 然 0
156.435 156.687 62.0 好 0
156.687 157.191 69.0 茫 0
157.191 157.444 67.0 - 0
157.444 157.948 67.0 然 1
158.606 158.858 67.0 怎 0
158.858 159.11 67.0 么 0
159.11 159.362 69.0 会 0
159.362 159.867 72.0 忽 0
159.867 160.371 69.0 然 0
160.371 160.623 60.0 好 0
160.623 161.127 67.0 孤 0
161.127 161.379 65.0 - 0
161.379 161.883 65.0 单 1
162.806 163.058 62.0 怎 0
163.058 163.31 62.0 么 0
163.31 163.562 64.0 会 0
163.562 164.066 65.0 心 0
164.066 164.318 58.0 里 0
164.318 164.57 58.0 面 1
165.144 165.396 65.0 只 0
165.396 165.9 67.0 剩 0
165.9 166.152 60.0 下 0
166.152 166.404 60.0 了 0
167.413 167.665 60.0 一 0
167.665 167.917 60.0 个 0
167.917 168.442 60.0 人 0
168.442 168.673 57.0 - 0
168.673 168.925 57.0 的 0
168.925 169.429 65.0 容 0
169.429 170.438 62.0 颜 1
170.954 171.206 62.0 记 0
171.206 171.458 64.0 忆 0
171.458 171.962 65.0 被 0
171.962 172.215 65.0 拉 0
172.215 172.719 65.0 得 0
172.719 173.223 69.0 太 0
173.223 173.475 67.0 - 0
173.475 174.231 67.0 远 1
175.123 175.375 64.0 觉 0
175.375 175.627 62.0 醒 0
175.627 175.879 60.0 敌 0
175.879 176.131 57.0 - 0
176.131 176.383 57.0 不 0
176.383 176.887 60.0 过 0
176.887 177.392 67.0 失 0
177.392 177.644 65.0 - 0
177.644 178.4 65.0 眠 1
179.12 179.372 62.0 昨 0
179.372 179.624 64.0 天 0
179.624 180.129 65.0 欠 0
180.129 180.381 65.0 下 0
180.381 180.885 65.0 的 0
180.885 181.389 69.0 泪 0
181.389 181.641 67.0 - 0
181.641 182.398 67.0 水 1
183.061 183.313 67.0 今 0
183.313 183.565 65.0 天 0
183.565 184.069 70.0 一 0
184.069 184.573 70.0 直 0
184.573 184.826 69.0 在 0
184.826 185.33 67.0 买 0
185.33 187.347 69.0 单 0
187.347 188.607 69.0 - 1
188.895 189.147 65.0 怎 0
189.147 189.399 65.0 么 0
189.399 189.652 67.0 会 0
189.652 190.156 69.0 忽 0
190.156 190.66 62.0 然 0
190.66 190.912 62.0 好 0
190.912 191.416 69.0 想 0
191.416 191.668 67.0 - 0
191.668 192.173 67.0 念 1
193.036 193.288 67.0 怎 0
193.288 193.54 67.0 么 0
193.54 193.792 69.0 会 0
193.792 194.296 72.0 忽 0
194.296 194.801 69.0 然 0
194.801 195.053 60.0 好 0
195.053 195.557 67.0 心 0
195.557 195.809 65.0 - 0
195.809 196.313 65.0 酸 1
197.093 197.346 62.0 怎 0
197.346 197.598 62.0 么 0
197.598 197.85 64.0 会 0
197.85 198.354 65.0 一 0
198.354 198.606 58.0 下 0
198.606 198.858 58.0 子 1
199.455 199.708 65.0 就 0
199.708 200.212 67.0 触 0
200.212 200.464 60.0 碰 0
200.464 200.716 60.0 了 0
201.472 201.724 60.0 我 0
201.724 202.229 70.0 脆 0
202.229 202.733 69.0 弱 0
202.733 202.985 69.0 的 0
202.985 203.489 67.0 泪 0
203.489 204.14 69.0 点 0
204.14 205.506 69.0 - 1
205.913 207.447 74.0 啊 0
207.447 208.938 72.0 - 1
209.108 209.36 67.0 怎 0
209.36 209.612 67.0 么 0
209.612 209.865 69.0 会 0
209.865 210.369 72.0 忽 0
210.369 210.873 69.0 然 0
210.873 211.125 60.0 好 0
211.125 211.629 67.0 孤 0
211.629 211.881 65.0 - 0
211.881 212.638 65.0 单 1
213.083 213.335 62.0 怎 0
213.335 213.587 62.0 么 0
213.587 213.839 64.0 会 0
213.839 214.343 65.0 心 0
214.343 214.596 58.0 里 0
214.596 214.848 58.0 面 1
215.689 215.941 65.0 只 0
215.941 216.445 67.0 剩 0
216.445 216.697 60.0 下 0
216.697 217.202 60.0 了 0
217.958 218.21 60.0 一 0
218.21 218.462 60.0 个 0
218.462 218.987 60.0 人 0
218.987 219.215 57.0 - 0
219.218 219.467 57.0 的 0
219.47 219.975 65.0 容 0
219.975 222.496 62.0 颜 1
