11.039 11.691 64.0 我 0
11.691 12.343 59.0 不 0
12.343 12.995 62.0 大 0
12.995 13.321 59.0 接 0
13.321 13.647 57.0 受 1
13.908 14.234 55.0 什 0
14.234 14.56 57.0 么 0
14.56 14.886 55.0 被 0
14.886 15.212 58.0 委 0
15.212 15.375 57.0 屈 0
15.375 15.538 55.0 别 0
15.538 15.864 57.0 还 0
15.864 16.19 59.0 手 1
16.247 16.899 64.0 我 0
16.899 17.552 59.0 不 0
17.552 18.204 62.0 太 0
18.204 18.53 59.0 能 0
18.53 18.856 57.0 够 1
19.145 19.471 55.0 顺 0
19.471 19.797 57.0 应 0
19.797 20.123 55.0 所 0
20.123 20.449 58.0 谓 0
20.449 20.612 57.0 的 0
20.612 20.775 55.0 大 0
20.775 21.101 57.0 潮 0
21.101 21.428 59.0 流 1
21.46 22.764 52.0 呜 0
22.764 24.394 57.0 - 0
24.394 25.047 52.0 - 1
31.895 32.548 64.0 花 0
32.548 33.2 59.0 臂 0
33.2 33.852 62.0 或 0
33.852 34.178 59.0 刺 0
34.178 34.504 57.0 头 1
34.724 35.05 55.0 应 0
35.05 35.376 57.0 该 0
35.376 35.702 55.0 没 0
35.702 36.028 58.0 说 0
36.028 36.192 57.0 明 0
36.192 36.355 55.0 我 0
36.355 36.681 57.0 所 0
36.681 37.007 59.0 有 1
37.121 37.773 64.0 我 0
37.773 38.425 59.0 不 0
38.425 39.077 62.0 找 0
39.077 39.403 59.0 借 0
39.403 39.729 57.0 口 1
40.031 40.357 55.0 懂 0
40.357 40.683 57.0 的 0
40.683 41.009 55.0 人 0
41.009 41.335 58.0 自 0
41.335 41.498 57.0 然 0
41.498 41.661 55.0 能 0
41.661 41.987 57.0 看 0
41.987 42.313 59.0 透 1
42.347 43.652 52.0 呜 0
43.652 45.282 57.0 - 0
45.282 45.934 52.0 - 1
53.392 53.555 64.0 没 0
53.555 53.881 64.0 想 0
53.881 54.37 64.0 辩 0
54.37 54.696 62.0 解 0
54.696 55.023 62.0 太 0
55.023 55.675 60.0 多 1
55.943 56.106 64.0 别 0
56.106 56.432 64.0 用 0
56.432 56.921 62.0 外 0
56.921 57.247 62.0 表 0
57.247 57.573 62.0 解 0
57.573 57.899 64.0 说 0
57.899 59.53 59.0 我 0
59.53 63.117 57.0 - 1
63.733 63.896 64.0 误 0
63.896 64.222 64.0 解 0
64.222 64.711 62.0 不 0
64.711 65.037 62.0 愿 0
65.037 65.526 60.0 反 0
65.526 66.016 60.0 驳 1
66.334 66.497 64.0 我 0
66.497 66.823 64.0 拒 0
66.823 67.312 62.0 绝 0
67.312 67.638 62.0 只 0
67.638 67.964 62.0 谈 0
67.964 68.29 64.0 如 0
68.29 69.921 59.0 果 0
69.921 73.508 57.0 - 1
74.447 74.773 55.0 我 0
74.773 75.099 58.0 管 0
75.099 75.262 57.0 你 0
75.262 75.425 55.0 的 0
75.425 75.751 57.0 感 0
75.751 76.077 59.0 受 1
79.943 80.106 55.0 我 0
80.106 80.432 58.0 管 0
80.432 80.595 57.0 你 0
80.595 80.758 55.0 的 0
80.758 81.085 57.0 感 0
81.085 81.411 59.0 受 1
84.954 85.28 55.0 我 0
85.28 85.606 58.0 管 0
85.606 85.769 57.0 你 0
85.769 85.932 55.0 的 0
85.932 86.258 57.0 感 0
86.258 86.584 59.0 受 1
90.188 90.514 55.0 我 0
90.514 90.84 58.0 管 0
90.84 91.003 57.0 你 0
91.003 91.166 55.0 的 0
91.166 91.492 57.0 感 0
91.492 91.818 59.0 受 1
94.727 97.01 71.0 啊 0
97.01 97.336 71.0 管 0
97.336 97.662 64.0 - 0
97.662 98.314 64.0 你 0
98.314 98.64 67.0 什 0
98.64 98.966 69.0 么 0
98.966 99.292 71.0 想 0
99.292 99.618 69.0 法 1
100.0 100.326 67.0 我 0
100.326 100.652 69.0 是 0
100.652 100.978 67.0 我 0
100.978 101.304 70.0 自 0
101.304 101.467 69.0 己 0
101.467 101.63 67.0 的 0
101.63 101.956 69.0 表 0
101.956 102.282 71.0 达 1
102.321 102.647 71.0 管 0
102.647 102.973 64.0 - 0
102.973 103.299 64.0 你 0
103.626 103.952 67.0 什 0
103.952 104.278 69.0 么 0
104.278 104.604 71.0 看 0
104.604 104.93 69.0 法 1
105.164 105.49 67.0 我 0
105.49 105.816 69.0 的 0
105.816 106.142 67.0 世 0
106.142 106.468 70.0 界 0
106.468 106.631 69.0 我 0
106.631 106.794 67.0 来 0
106.794 107.12 69.0 浮 0
107.12 107.447 71.0 夸 1
107.522 108.5 71.0 呜 0
108.5 109.478 74.0 - 0
109.478 110.13 71.0 - 1
110.35 110.676 67.0 我 0
110.676 111.003 69.0 管 0
111.003 111.329 67.0 你 0
111.329 111.655 70.0 说 0
111.655 111.818 69.0 得 0
111.818 111.981 67.0 多 0
111.981 112.307 69.0 复 0
112.307 112.633 71.0 杂 1
112.769 113.747 76.0 呜 0
113.747 114.725 74.0 - 0
114.725 115.378 71.0 - 1
115.661 115.987 67.0 我 0
115.987 116.313 69.0 不 0
116.313 116.639 67.0 要 0
116.639 116.965 70.0 被 0
116.965 117.128 69.0 谁 0
117.128 117.291 67.0 给 0
117.291 117.617 69.0 教 0
117.617 117.943 71.0 化 1
117.978 118.304 71.0 管 0
118.304 118.631 64.0 - 0
118.631 118.957 64.0 你 0
119.283 119.609 67.0 什 0
119.609 119.935 69.0 么 0
119.935 120.261 71.0 说 0
120.261 120.587 69.0 法 1
120.898 121.224 67.0 当 0
121.224 121.55 69.0 我 0
121.55 121.876 67.0 是 0
121.876 122.202 70.0 傻 0
122.202 122.366 69.0 或 0
122.366 122.529 67.0 是 0
122.529 122.855 69.0 笑 0
122.855 123.181 71.0 话 1
123.207 123.533 71.0 管 0
123.533 123.859 64.0 - 0
123.859 124.185 64.0 你 0
124.511 124.837 67.0 什 0
124.837 125.163 69.0 么 0
125.163 125.489 71.0 办 0
125.489 125.815 69.0 法 1
126.062 126.388 67.0 别 0
126.388 126.714 69.0 幻 0
126.714 127.04 67.0 想 0
127.04 127.366 70.0 我 0
127.366 127.529 69.0 沦 0
127.529 127.692 67.0 落 0
127.692 128.018 69.0 倒 0
128.018 128.344 71.0 下 1
128.438 129.742 64.0 呜 0
129.742 131.373 69.0 - 0
131.373 132.351 64.0 - 1
139.403 139.566 64.0 太 0
139.566 139.892 64.0 多 0
139.892 140.381 62.0 选 0
140.381 140.707 62.0 择 0
140.707 141.197 60.0 背 0
141.197 141.686 60.0 后 1
141.965 142.128 64.0 绝 0
142.128 142.454 64.0 望 0
142.454 142.943 62.0 像 0
142.943 143.269 62.0 没 0
143.269 143.595 62.0 有 0
143.595 143.921 64.0 出 0
143.921 145.552 59.0 口 0
145.552 149.139 57.0 - 1
149.826 149.989 64.0 不 0
149.989 150.315 64.0 如 0
150.315 150.804 62.0 握 0
150.804 151.13 62.0 紧 0
151.13 151.619 60.0 拳 0
151.619 152.108 60.0 头 1
152.544 152.707 64.0 这 0
152.707 153.033 64.0 就 0
153.033 153.522 62.0 是 0
153.522 153.848 62.0 我 0
153.848 154.174 62.0 的 0
154.174 154.5 64.0 所 0
154.5 156.131 59.0 有 0
156.131 159.717 57.0 - 1
160.648 160.974 55.0 我 0
160.974 161.3 58.0 管 0
161.3 161.463 57.0 你 0
161.463 161.626 55.0 的 0
161.626 161.952 57.0 感 0
161.952 162.278 55.0 受 1
165.782 166.108 55.0 我 0
166.108 166.434 58.0 管 0
166.434 166.597 57.0 你 0
166.597 166.76 55.0 的 0
166.76 167.086 57.0 感 0
167.086 167.413 59.0 受 1
171.003 171.329 55.0 我 0
171.329 171.655 58.0 管 0
171.655 171.818 57.0 你 0
171.818 171.981 55.0 的 0
171.981 172.307 57.0 感 0
172.307 172.633 55.0 受 1
176.354 176.68 55.0 我 0
176.68 177.006 58.0 管 0
177.006 177.169 57.0 你 0
177.169 177.332 55.0 的 0
177.332 177.658 57.0 感 0
177.658 177.984 59.0 受 1
183.178 183.504 64.0 管 0
183.504 183.83 59.0 - 0
183.83 184.482 59.0 你 0
184.482 185.134 62.0 多 0
185.134 185.46 59.0 怪 0
185.46 185.786 57.0 罪 1
185.981 186.307 55.0 你 0
186.307 186.633 57.0 没 0
186.633 186.959 55.0 资 0
186.959 187.285 58.0 格 0
187.285 187.448 57.0 评 0
187.448 187.611 55.0 头 0
187.611 187.937 57.0 论 0
187.937 188.263 59.0 足 1
188.359 188.685 64.0 管 0
188.685 189.011 59.0 - 0
189.011 189.663 59.0 你 0
189.663 189.99 62.0 自 0
189.99 190.316 59.0 - 0
190.316 190.642 59.0 以 0
190.642 190.968 57.0 为 1
191.225 191.551 55.0 你 0
191.551 191.877 57.0 的 0
191.877 192.203 55.0 意 0
192.203 192.529 58.0 见 0
192.529 192.692 57.0 我 0
192.692 192.855 55.0 真 0
192.855 193.181 57.0 不 0
193.181 193.508 59.0 在 0
193.508 194.16 52.0 乎 0
194.16 194.812 55.0 - 0
194.812 195.79 57.0 哦 0
195.79 197.421 52.0 - 1
214.41 214.736 71.0 管 0
214.736 215.062 64.0 - 0
215.062 215.714 64.0 你 0
215.714 216.041 67.0 什 0
216.041 216.367 69.0 么 0
216.367 216.693 71.0 想 0
216.693 217.019 69.0 法 1
217.347 217.673 67.0 我 0
217.673 217.999 69.0 是 0
217.999 218.325 67.0 我 0
218.325 218.651 70.0 自 0
218.651 218.814 69.0 己 0
218.814 218.977 67.0 的 0
218.977 219.303 69.0 表 0
219.303 219.629 71.0 达 1
219.649 219.976 71.0 管 0
219.976 220.302 64.0 - 0
220.302 220.628 64.0 你 0
220.954 221.28 67.0 什 0
221.28 221.606 69.0 么 0
221.606 221.932 71.0 看 0
221.932 222.258 69.0 法 1
222.49 222.816 67.0 我 0
222.816 223.142 69.0 的 0
223.142 223.469 67.0 世 0
223.469 223.795 70.0 界 0
223.795 223.958 69.0 我 0
223.958 224.121 67.0 来 0
224.121 224.447 69.0 浮 0
224.447 224.773 71.0 夸 1
224.882 225.86 71.0 呜 0
225.86 226.838 74.0 - 0
226.838 227.491 69.0 - 1
227.812 228.138 67.0 我 0
228.138 228.464 69.0 管 0
228.464 228.79 67.0 你 0
228.79 229.116 71.0 说 0
229.116 229.279 69.0 得 0
229.279 229.442 67.0 多 0
229.442 229.768 69.0 复 0
229.768 230.094 71.0 杂 1
230.112 231.091 76.0 呜 0
231.091 232.069 74.0 - 0
232.069 232.721 71.0 - 1
232.964 233.29 67.0 我 0
233.29 233.616 69.0 不 0
233.616 233.942 67.0 要 0
233.942 234.268 70.0 被 0
234.268 234.431 69.0 谁 0
234.431 234.594 67.0 给 0
234.594 234.921 69.0 教 0
234.921 235.247 71.0 化 1
235.273 235.599 71.0 管 0
235.599 235.925 64.0 - 0
235.925 236.251 64.0 你 0
236.577 236.903 67.0 什 0
236.903 237.229 69.0 么 0
237.229 237.555 71.0 说 0
237.555 237.881 69.0 法 1
238.247 238.574 67.0 当 0
238.574 238.9 69.0 我 0
238.9 239.226 67.0 是 0
239.226 239.552 70.0 傻 0
239.552 239.715 69.0 或 0
239.715 239.878 67.0 是 0
239.878 240.204 69.0 笑 0
240.204 240.53 71.0 话 1
240.573 240.899 71.0 管 0
240.899 241.225 64.0 - 0
241.225 241.551 64.0 你 0
241.877 242.204 67.0 什 0
242.204 242.53 69.0 么 0
242.53 242.856 71.0 办 0
242.856 243.182 69.0 法 1
243.473 243.799 67.0 别 0
243.799 244.125 69.0 幻 0
244.125 244.451 67.0 想 0
244.451 244.777 70.0 我 0
244.777 244.94 69.0 沦 0
244.94 245.103 67.0 落 0
245.103 245.429 69.0 倒 0
245.429 245.755 71.0 下 1
245.78 247.085 64.0 哦 0
247.085 248.715 69.0 - 0
248.715 249.694 64.0 - 0
250.998 264.041 71.0 哦 1
