34.762 34.97 60.0 自 0
34.97 35.178 60.0 从 0
35.178 35.595 60.0 和 0
35.595 35.803 58.0 你 0
35.803 36.22 60.0 组 0
36.22 36.636 55.0 建 0
36.636 36.844 55.0 了 0
36.844 37.261 53.0 这 0
37.261 37.677 51.0 个 0
37.677 38.515 55.0 家 1
41.428 41.636 60.0 我 0
41.636 41.844 60.0 知 0
41.844 42.259 60.0 道 0
42.259 42.467 60.0 我 0
42.467 42.675 58.0 的 0
42.675 43.09 60.0 责 0
43.09 43.506 48.0 任 0
43.506 43.921 48.0 变 0
43.921 44.129 51.0 得 0
44.129 44.545 55.0 重 0
44.545 44.754 53.0 - 0
44.754 46.007 53.0 大 1
48.015 48.224 53.0 每 0
48.224 48.433 53.0 日 0
48.433 48.85 53.0 每 0
48.85 49.268 53.0 夜 0
49.268 49.686 53.0 我 0
49.686 50.103 51.0 都 0
50.103 50.521 51.0 呵 0
50.521 50.73 58.0 护 0
50.73 50.939 53.0 着 0
50.939 52.188 55.0 它 1
53.777 53.985 48.0 不 0
53.985 54.193 51.0 让 0
54.193 55.029 53.0 它 0
55.446 55.655 53.0 受 0
55.655 55.864 55.0 到 0
55.864 56.282 55.0 任 0
56.282 56.699 55.0 何 0
56.699 57.117 55.0 风 0
57.117 57.326 53.0 吹 0
57.326 57.534 50.0 雨 0
57.534 57.948 51.0 - 0
57.948 58.775 48.0 打 1
61.441 61.65 60.0 要 0
61.65 61.859 58.0 个 0
61.859 62.276 60.0 宝 0
62.276 62.485 60.0 贝 0
62.485 62.693 58.0 是 0
62.693 63.111 60.0 我 0
63.111 63.319 55.0 们 0
63.319 63.528 55.0 今 0
63.528 63.737 55.0 年 0
63.737 64.154 53.0 的 0
64.154 64.363 51.0 计 0
64.363 65.614 55.0 划 1
68.105 68.314 60.0 也 0
68.314 68.523 58.0 是 0
68.523 68.94 60.0 双 0
68.94 69.149 60.0 方 0
69.149 69.357 58.0 的 0
69.357 69.774 60.0 老 0
69.774 69.983 48.0 人 0
69.983 70.192 48.0 都 0
70.192 70.4 48.0 期 0
70.4 70.818 58.0 盼 0
70.818 71.026 55.0 的 0
71.026 72.278 53.0 啊 1
74.759 74.967 53.0 是 0
74.967 75.174 53.0 男 0
75.174 75.59 53.0 是 0
75.59 76.006 53.0 女 0
76.006 76.421 53.0 我 0
76.421 76.837 51.0 都 0
76.837 77.253 51.0 无 0
77.253 77.669 48.0 所 0
77.669 78.084 55.0 谓 0
78.084 79.331 55.0 啦 1
80.587 80.795 48.0 只 0
80.795 81.003 51.0 要 0
81.003 81.42 53.0 我 0
81.42 81.837 53.0 们 0
82.463 82.672 55.0 有 0
82.672 83.089 55.0 一 0
83.089 83.507 55.0 个 0
83.507 83.715 55.0 完 0
83.715 84.133 53.0 整 0
84.133 84.341 53.0 的 0
84.341 84.759 55.0 - 0
84.759 85.593 48.0 家 1
87.642 88.058 60.0 老 0
88.058 88.267 67.0 婆 0
88.267 88.475 67.0 你 0
88.475 88.892 67.0 辛 0
88.892 89.308 60.0 苦 0
89.308 90.142 65.0 了 0
90.975 91.392 60.0 老 0
91.392 91.6 65.0 婆 0
91.6 91.808 65.0 你 0
91.808 92.225 65.0 辛 0
92.225 92.642 60.0 苦 0
92.642 93.475 60.0 了 1
94.257 94.672 58.0 缘 0
94.672 95.087 58.0 分 0
95.087 95.501 58.0 让 0
95.501 95.708 58.0 我 0
95.708 95.916 60.0 们 0
95.916 96.123 60.0 在 0
96.123 96.537 63.0 - 0
96.537 96.745 65.0 一 0
96.745 97.159 63.0 起 1
97.534 97.742 65.0 一 0
97.742 98.158 65.0 辈 0
98.158 98.367 65.0 子 0
98.367 98.575 65.0 相 0
98.575 98.992 63.0 互 0
98.992 99.2 67.0 牵 0
99.2 100.033 65.0 挂 1
100.894 101.31 60.0 老 0
101.31 101.519 67.0 婆 0
101.519 101.727 67.0 你 0
101.727 102.144 67.0 辛 0
102.144 102.56 60.0 苦 0
102.56 103.394 65.0 了 0
104.227 104.644 60.0 老 0
104.644 104.852 65.0 婆 0
104.852 105.06 65.0 你 0
105.06 105.477 65.0 辛 0
105.477 105.894 60.0 苦 0
105.894 106.727 60.0 了 1
107.637 107.847 58.0 只 0
107.847 108.266 58.0 要 0
108.266 108.476 58.0 能 0
108.476 108.895 58.0 幸 0
108.895 109.315 60.0 福 0
109.315 109.524 63.0 我 0
109.524 109.944 63.0 们 0
109.944 110.154 65.0 的 0
110.154 110.573 63.0 家 1
110.908 111.115 65.0 再 0
111.115 111.322 65.0 苦 0
111.322 111.529 65.0 再 0
111.529 111.736 67.0 累 0
111.736 112.15 65.0 我 0
112.15 112.357 63.0 也 0
112.357 112.564 58.0 不 0
112.564 114.22 60.0 怕 1
141.329 141.537 60.0 要 0
141.537 141.745 58.0 个 0
141.745 142.162 58.0 宝 0
142.162 142.37 60.0 贝 0
142.37 142.579 58.0 是 0
142.579 142.995 60.0 我 0
142.995 143.204 55.0 们 0
143.204 143.412 55.0 今 0
143.412 143.62 55.0 年 0
143.62 144.037 53.0 的 0
144.037 144.245 51.0 计 0
144.245 145.495 55.0 划 1
147.969 148.179 60.0 也 0
148.179 148.388 58.0 是 0
148.388 148.807 58.0 双 0
148.807 149.017 60.0 方 0
149.017 149.226 58.0 的 0
149.226 149.645 60.0 老 0
149.645 149.855 48.0 人 0
149.855 150.064 48.0 都 0
150.064 150.274 48.0 期 0
150.274 150.693 58.0 盼 0
150.693 150.902 55.0 的 0
150.902 152.153 53.0 啊 1
154.777 154.985 53.0 是 0
154.985 155.193 53.0 男 0
155.193 155.61 53.0 是 0
155.61 156.027 53.0 女 0
156.027 156.443 53.0 我 0
156.443 156.86 51.0 都 0
156.86 157.277 51.0 无 0
157.277 157.693 48.0 所 0
157.693 158.109 58.0 谓 0
158.109 159.355 55.0 啦 1
160.496 160.703 48.0 只 0
160.703 160.911 51.0 要 0
160.911 161.329 51.0 我 0
161.329 161.747 53.0 们 0
162.375 162.584 55.0 有 0
162.584 163.002 55.0 一 0
163.002 163.421 55.0 个 0
163.421 163.63 55.0 完 0
163.63 164.048 53.0 整 0
164.048 164.258 53.0 的 0
164.258 164.674 55.0 - 0
164.674 165.508 48.0 家 1
167.559 167.976 60.0 老 0
167.976 168.184 67.0 婆 0
168.184 168.392 67.0 你 0
168.392 168.809 67.0 辛 0
168.809 169.226 60.0 苦 0
169.226 170.059 65.0 了 0
170.892 171.308 60.0 老 0
171.308 171.516 65.0 婆 0
171.516 171.724 65.0 你 0
171.724 172.14 65.0 辛 0
172.14 172.556 60.0 苦 0
172.556 173.388 60.0 了 1
174.354 174.77 58.0 缘 0
174.77 175.186 58.0 分 0
175.186 175.602 58.0 让 0
175.602 175.81 58.0 我 0
175.81 176.018 60.0 们 0
176.018 176.226 60.0 在 0
176.226 176.642 63.0 - 0
176.642 176.85 65.0 一 0
176.85 177.265 63.0 起 1
177.534 177.742 65.0 一 0
177.742 178.159 65.0 辈 0
178.159 178.367 65.0 子 0
178.367 178.576 65.0 相 0
178.576 178.992 63.0 互 0
178.992 179.201 67.0 牵 0
179.201 180.034 65.0 挂 1
180.912 181.329 60.0 老 0
181.329 181.537 67.0 婆 0
181.537 181.746 67.0 你 0
181.746 182.162 67.0 辛 0
182.162 182.579 60.0 苦 0
182.579 183.412 65.0 了 0
184.246 184.662 60.0 老 0
184.662 184.871 65.0 婆 0
184.871 185.079 65.0 你 0
185.079 185.496 65.0 辛 0
185.496 185.912 60.0 苦 0
185.912 186.746 60.0 了 1
187.692 187.9 58.0 只 0
187.9 188.317 58.0 要 0
188.317 188.525 58.0 能 0
188.525 188.942 58.0 幸 0
188.942 189.359 60.0 福 0
189.359 189.567 63.0 我 0
189.567 189.984 63.0 们 0
189.984 190.192 65.0 的 0
190.192 190.609 63.0 家 1
190.933 191.142 65.0 再 0
191.142 191.35 65.0 苦 0
191.35 191.558 65.0 再 0
191.558 191.767 67.0 累 0
191.767 192.183 65.0 我 0
192.183 192.392 63.0 也 0
192.392 192.6 58.0 不 0
192.6 193.85 60.0 怕 1
194.243 194.658 60.0 老 0
194.658 194.865 67.0 婆 0
194.865 195.073 67.0 你 0
195.073 195.488 67.0 辛 0
195.488 195.903 60.0 苦 0
195.903 196.733 65.0 了 0
197.563 197.977 60.0 老 0
197.977 198.185 65.0 婆 0
198.185 198.392 65.0 你 0
198.392 198.807 65.0 辛 0
198.807 199.222 60.0 苦 0
199.222 200.052 60.0 了 1
200.905 201.325 58.0 缘 0
201.325 201.745 58.0 分 0
201.745 202.166 58.0 让 0
202.166 202.376 58.0 我 0
202.376 202.587 60.0 们 0
202.587 202.797 60.0 在 0
202.797 203.218 63.0 - 0
203.218 203.428 65.0 一 0
203.428 203.848 63.0 起 1
204.188 204.397 65.0 一 0
204.397 204.813 65.0 辈 0
204.813 205.022 65.0 子 0
205.022 205.23 65.0 相 0
205.23 205.647 63.0 互 0
205.647 205.855 67.0 牵 0
205.855 206.272 67.0 - 0
206.272 207.105 65.0 挂 1
207.671 208.087 60.0 老 0
208.087 208.296 67.0 婆 0
208.296 208.504 67.0 你 0
208.504 208.921 67.0 辛 0
208.921 209.337 60.0 苦 0
209.337 210.171 65.0 了 0
211.004 211.421 60.0 老 0
211.421 211.629 65.0 婆 0
211.629 211.837 65.0 你 0
211.837 212.254 65.0 辛 0
212.254 212.671 60.0 苦 0
212.671 213.504 60.0 了 1
214.187 214.396 58.0 只 0
214.396 214.812 58.0 要 0
214.812 215.021 58.0 能 0
215.021 215.437 58.0 幸 0
215.437 215.854 60.0 福 0
215.854 216.062 63.0 我 0
216.062 216.479 63.0 们 0
216.479 216.687 65.0 的 0
216.687 217.104 63.0 家 1
217.681 217.89 65.0 再 0
217.89 218.099 65.0 苦 0
218.099 218.307 65.0 再 0
218.307 218.516 67.0 累 0
218.516 218.934 65.0 我 0
218.934 219.143 63.0 也 0
219.143 219.352 58.0 不 0
219.352 220.606 60.0 怕 1
222.649 223.067 65.0 再 0
223.067 223.485 65.0 苦 0
223.485 223.903 65.0 再 0
223.903 224.321 65.0 累 0
224.321 225.157 65.0 我 0
225.157 225.574 63.0 也 0
225.574 226.828 58.0 不 0
227.871 232.744 60.0 怕 1
