40.999 41.296 57.0 其 0
41.299 41.596 59.0 - 0
41.599 42.196 59.0 实 0
42.199 42.796 59.0 我 0
42.799 43.096 54.0 知 0
43.099 43.396 54.0 道 0
43.399 43.696 57.0 你 0
43.699 43.996 59.0 - 0
43.999 44.296 61.0 不 0
44.299 44.596 59.0 - 0
44.599 45.196 59.0 会 1
45.697 45.994 54.0 放 0
45.997 46.294 59.0 弃 0
46.297 46.594 59.0 所 0
46.597 46.894 59.0 有 0
46.897 47.194 59.0 和 0
47.197 47.494 54.0 我 0
47.497 47.794 54.0 在 0
47.797 48.094 52.0 一 0
48.097 48.694 50.0 - 0
48.697 49.294 50.0 起 1
50.552 51.149 52.0 今 0
51.152 51.749 52.0 生 0
51.752 52.049 52.0 你 0
52.052 52.349 47.0 - 0
52.352 52.949 47.0 的 0
52.952 53.549 52.0 爱 0
53.552 53.849 54.0 不 0
53.852 54.149 52.0 - 0
54.152 54.749 52.0 会 1
55.31 55.907 54.0 属 0
55.91 56.507 59.0 于 0
56.51 57.107 59.0 我 0
57.11 57.707 52.0 自 0
57.71 58.307 52.0 己 0
58.31 59.507 54.0 - 1
60.14 60.437 57.0 我 0
60.44 60.737 59.0 - 0
60.74 61.337 59.0 却 0
61.34 61.637 59.0 依 0
61.64 61.937 54.0 - 0
61.94 62.537 54.0 然 0
62.54 62.837 57.0 望 0
62.84 63.137 59.0 - 0
63.14 63.437 61.0 着 0
63.44 63.737 59.0 - 0
63.74 64.337 59.0 那 1
64.895 65.492 54.0 遥 0
65.495 66.092 59.0 远 0
66.095 66.692 59.0 的 0
66.695 66.992 54.0 城 0
66.995 67.292 52.0 - 0
67.295 67.892 52.0 市 0
67.895 68.492 50.0 - 1
69.667 69.964 50.0 让 0
69.967 70.264 52.0 - 0
70.267 70.864 52.0 我 0
70.867 71.164 52.0 痴 0
71.167 71.464 47.0 - 0
71.467 72.064 47.0 迷 0
72.067 72.664 52.0 的 0
72.667 72.964 54.0 想 0
72.967 73.264 52.0 - 0
73.267 73.864 52.0 着 1
74.536 74.833 47.0 那 0
74.836 75.133 54.0 座 0
75.136 75.433 54.0 城 0
75.436 75.733 54.0 市 0
75.736 76.033 52.0 里 0
76.036 76.333 54.0 - 0
76.336 76.633 50.0 的 0
76.636 76.933 49.0 - 0
76.936 78.133 47.0 你 1
81.684 82.281 59.0 难 0
82.284 82.581 64.0 道 0
82.584 82.881 66.0 - 0
82.884 83.481 66.0 爱 0
83.484 84.081 59.0 上 0
84.084 84.681 66.0 一 0
84.684 84.981 66.0 个 0
84.984 85.281 64.0 - 0
85.284 85.881 62.0 人 1
86.518 86.815 61.0 真 0
86.818 87.115 61.0 的 0
87.118 87.415 61.0 是 0
87.418 87.715 59.0 在 0
87.718 88.015 57.0 一 0
88.018 88.315 59.0 - 0
88.318 88.615 61.0 瞬 0
88.618 88.915 59.0 - 0
88.918 90.115 59.0 间 1
91.4 91.697 57.0 要 0
91.7 91.997 59.0 - 0
92.0 92.597 59.0 是 0
92.6 92.897 57.0 想 0
92.9 93.197 59.0 - 0
93.2 93.497 59.0 忘 0
93.5 93.797 61.0 记 0
93.8 94.397 59.0 一 0
94.4 94.697 59.0 个 0
94.7 94.997 57.0 - 0
95.0 95.597 54.0 人 1
96.099 96.396 50.0 真 0
96.399 96.696 50.0 的 0
96.699 96.996 50.0 需 0
96.999 97.296 47.0 要 0
97.299 97.896 59.0 一 0
97.899 98.196 57.0 辈 0
98.199 98.496 54.0 - 0
98.499 99.696 54.0 子 1
100.862 101.459 54.0 我 0
101.462 102.659 59.0 真 0
102.662 102.959 59.0 的 0
102.962 103.259 61.0 - 0
103.262 103.859 59.0 不 0
103.862 104.159 59.0 知 0
104.162 104.459 57.0 - 0
104.462 104.759 57.0 道 0
104.762 105.359 59.0 - 0
105.662 106.259 54.0 什 0
106.262 106.559 57.0 么 0
106.562 106.859 59.0 - 0
106.862 107.159 57.0 时 0
107.162 107.459 59.0 - 0
107.462 107.759 54.0 - 0
107.762 109.259 50.0 候 1
110.52 111.117 52.0 凌 0
111.12 112.317 52.0 晨 0
112.32 112.917 54.0 的 0
112.92 113.517 52.0 眼 0
113.52 113.817 52.0 泪 0
113.82 114.117 54.0 - 0
114.12 115.317 57.0 会 0
115.32 115.917 66.0 哭 0
115.92 116.217 64.0 醒 0
116.22 116.517 66.0 - 0
116.52 117.117 61.0 我 0
117.12 117.417 59.0 自 0
117.42 117.717 57.0 - 0
117.72 120.117 59.0 己 1
158.583 158.88 57.0 其 0
158.883 159.18 59.0 - 0
159.183 159.78 59.0 实 0
159.783 160.38 59.0 我 0
160.383 160.68 54.0 知 0
160.683 160.98 54.0 道 0
160.983 161.28 57.0 爱 0
161.283 161.58 59.0 你 0
161.583 161.88 61.0 想 0
161.883 162.18 59.0 - 0
162.183 162.78 59.0 你 1
163.433 164.03 54.0 是 0
164.033 164.63 59.0 在 0
164.633 164.93 59.0 折 0
164.933 165.53 54.0 磨 0
165.533 165.83 52.0 我 0
165.833 166.13 52.0 自 0
166.133 166.43 50.0 - 0
166.433 167.03 50.0 己 1
168.141 168.738 52.0 不 0
168.741 169.338 52.0 应 0
169.341 169.938 52.0 该 0
169.941 170.238 47.0 总 0
170.241 170.538 47.0 是 0
170.541 170.838 50.0 想 0
170.841 171.138 52.0 - 0
171.141 171.438 54.0 着 0
171.441 171.738 52.0 - 0
171.741 172.338 52.0 那 1
172.852 173.149 54.0 不 0
173.152 173.449 59.0 属 0
173.452 173.749 59.0 于 0
173.752 174.049 59.0 你 0
174.052 174.349 59.0 我 0
174.352 174.649 59.0 的 0
174.652 175.249 52.0 甜 0
175.252 177.049 54.0 蜜 1
177.709 178.006 57.0 把 0
178.009 178.306 59.0 - 0
178.309 178.906 59.0 灵 0
178.909 179.506 59.0 魂 0
179.509 180.106 54.0 - 0
180.109 180.406 57.0 丢 0
180.409 180.706 59.0 - 0
180.709 181.006 61.0 在 0
181.009 181.306 59.0 - 0
181.309 181.906 59.0 那 1
182.536 183.133 54.0 遥 0
183.136 183.433 59.0 远 0
183.436 183.733 59.0 的 0
183.736 184.033 57.0 城 0
184.036 184.333 59.0 - 0
184.336 184.633 54.0 市 0
184.636 184.933 52.0 - 0
184.936 186.133 50.0 里 1
187.284 187.581 50.0 可 0
187.584 187.881 52.0 - 0
187.884 188.481 52.0 是 0
188.484 188.781 52.0 我 0
188.784 189.081 47.0 - 0
189.084 189.381 47.0 还 0
189.384 189.681 47.0 是 0
189.684 189.981 50.0 越 0
189.984 190.281 52.0 来 0
190.284 190.581 54.0 越 0
190.584 190.881 52.0 - 0
190.884 191.481 52.0 爱 1
192.117 192.714 47.0 舍 0
192.717 193.014 54.0 不 0
193.017 193.314 54.0 得 0
193.317 193.914 54.0 忘 0
193.917 194.214 50.0 记 0
194.217 194.514 49.0 - 0
194.517 195.714 47.0 你 1
199.287 199.884 59.0 难 0
199.887 200.184 64.0 道 0
200.187 200.484 66.0 - 0
200.487 201.084 66.0 爱 0
201.087 201.684 59.0 上 0
201.687 202.284 66.0 一 0
202.287 202.584 66.0 个 0
202.587 202.884 64.0 - 0
202.887 203.484 62.0 人 1
204.201 204.498 61.0 真 0
204.501 204.798 61.0 的 0
204.801 205.098 61.0 是 0
205.101 205.398 59.0 在 0
205.401 205.698 57.0 一 0
205.701 205.998 59.0 - 0
206.001 206.298 61.0 瞬 0
206.301 206.598 59.0 - 0
206.601 207.798 59.0 间 1
208.893 209.19 57.0 要 0
209.193 209.49 59.0 - 0
209.493 210.09 59.0 是 0
210.093 210.69 59.0 想 0
210.693 210.99 59.0 - 0
210.993 211.29 61.0 忘 0
211.293 211.59 57.0 记 0
211.593 211.89 59.0 一 0
211.893 212.19 59.0 个 0
212.193 212.49 57.0 - 0
212.493 213.09 54.0 人 1
213.705 214.002 50.0 真 0
214.005 214.302 50.0 的 0
214.305 214.602 50.0 需 0
214.605 214.902 47.0 要 0
214.905 215.202 57.0 一 0
215.205 215.502 59.0 - 0
215.505 215.802 57.0 辈 0
215.805 216.102 54.0 - 0
216.105 217.302 54.0 子 1
218.591 219.188 54.0 我 0
219.191 220.388 59.0 真 0
220.391 220.688 59.0 的 0
220.691 220.988 61.0 - 0
220.991 221.588 59.0 不 0
221.591 221.888 59.0 知 0
221.891 222.188 57.0 - 0
222.191 222.488 57.0 道 0
222.491 223.088 59.0 - 0
223.391 223.988 54.0 什 0
223.991 224.288 57.0 么 0
224.291 224.588 59.0 - 0
224.591 225.188 57.0 时 0
225.191 225.788 54.0 - 0
225.791 226.388 50.0 候 0
226.391 227.288 50.0 - 1
228.135 228.432 50.0 我 0
228.435 228.732 52.0 - 0
228.735 229.932 52.0 不 0
229.935 230.532 54.0 再 0
230.535 231.132 52.0 抱 0
231.135 231.432 52.0 梦 0
231.435 231.732 54.0 缠 0
231.735 232.932 57.0 绵 1
233.036 233.333 64.0 找 0
233.336 233.633 66.0 - 0
233.636 233.933 64.0 回 0
233.936 234.233 66.0 - 0
234.236 234.833 61.0 我 0
234.836 235.133 59.0 自 0
235.136 235.433 57.0 - 0
235.436 237.833 59.0 己 1
239.648 240.245 59.0 难 0
240.248 240.545 64.0 道 0
240.548 240.845 66.0 - 0
240.848 241.445 66.0 爱 0
241.448 242.045 59.0 上 0
242.048 242.345 64.0 一 0
242.348 242.645 66.0 - 0
242.648 242.945 66.0 个 0
242.948 243.245 64.0 - 0
243.248 243.845 62.0 人 1
244.327 244.624 61.0 真 0
244.627 244.924 61.0 的 0
244.927 245.224 61.0 是 0
245.227 245.524 59.0 在 0
245.527 245.824 57.0 一 0
245.827 246.124 59.0 - 0
246.127 246.424 61.0 瞬 0
246.427 246.724 59.0 - 0
246.727 247.924 59.0 间 1
249.231 249.528 57.0 要 0
249.531 249.828 59.0 - 0
249.831 250.128 59.0 是 0
250.131 250.428 61.0 想 0
250.431 251.028 59.0 - 0
251.031 251.328 59.0 忘 0
251.331 251.628 61.0 记 0
251.631 251.928 57.0 一 0
251.931 252.228 59.0 - 0
252.231 252.528 59.0 个 0
252.531 252.828 57.0 - 0
252.831 253.428 54.0 人 1
253.893 254.19 50.0 真 0
254.193 254.49 50.0 的 0
254.493 254.79 50.0 需 0
254.793 255.09 47.0 要 0
255.093 255.39 57.0 一 0
255.393 255.69 59.0 - 0
255.693 255.99 57.0 辈 0
255.993 256.29 54.0 - 0
256.293 257.49 54.0 子 1
258.778 259.375 54.0 我 0
259.378 260.575 59.0 真 0
260.578 260.875 59.0 的 0
260.878 261.175 61.0 - 0
261.178 261.475 57.0 不 0
261.478 261.775 59.0 - 0
261.778 262.075 59.0 知 0
262.078 262.375 57.0 - 0
262.378 262.675 57.0 道 0
262.678 263.275 59.0 - 0
263.578 264.175 54.0 什 0
264.178 264.475 57.0 么 0
264.478 264.775 59.0 - 0
264.778 265.375 57.0 时 0
265.378 265.975 54.0 - 0
265.978 267.175 50.0 候 1
268.44 268.737 50.0 凌 0
268.74 269.037 52.0 - 0
269.04 270.237 52.0 晨 0
270.24 270.837 54.0 的 0
270.84 271.437 52.0 眼 0
271.44 271.737 52.0 泪 0
271.74 272.037 54.0 - 0
272.04 273.237 57.0 会 0
273.24 273.537 64.0 哭 0
273.54 273.837 66.0 - 0
273.84 274.137 64.0 醒 0
274.14 274.437 66.0 - 0
274.44 275.037 61.0 我 0
275.04 275.337 59.0 自 0
275.34 275.637 57.0 - 0
275.64 278.037 59.0 己 1
279.782 280.379 59.0 难 0
280.382 280.679 64.0 道 0
280.682 280.979 66.0 - 0
280.982 281.579 66.0 爱 0
281.582 282.179 59.0 上 0
282.182 282.479 64.0 一 0
282.482 282.779 66.0 - 0
282.782 283.079 66.0 个 0
283.082 283.379 64.0 - 0
283.382 283.979 62.0 人 1
284.622 284.919 61.0 真 0
284.922 285.219 61.0 的 0
285.222 285.519 61.0 是 0
285.522 285.819 59.0 在 0
285.822 286.119 57.0 一 0
286.122 286.419 59.0 - 0
286.422 286.719 61.0 瞬 0
286.722 287.019 59.0 - 0
287.022 288.219 59.0 间 1
289.255 289.552 57.0 要 0
289.555 289.852 59.0 - 0
289.855 290.152 59.0 是 0
290.155 290.452 61.0 - 0
290.455 291.052 59.0 想 0
291.055 291.352 59.0 忘 0
291.355 291.652 61.0 记 0
291.655 291.952 57.0 一 0
291.955 292.252 59.0 - 0
292.255 292.552 59.0 个 0
292.555 292.852 57.0 - 0
292.855 293.452 54.0 人 1
294.217 294.514 50.0 真 0
294.517 294.814 50.0 的 0
294.817 295.114 50.0 需 0
295.117 295.414 47.0 要 0
295.417 295.714 57.0 一 0
295.717 296.014 59.0 - 0
296.017 296.314 57.0 辈 0
296.317 296.614 54.0 - 0
296.617 297.814 54.0 子 1
298.854 299.451 54.0 我 0
299.454 300.651 59.0 真 0
300.654 300.951 59.0 的 0
300.954 301.251 61.0 - 0
301.254 301.851 59.0 不 0
301.854 302.151 59.0 知 0
302.154 302.451 57.0 - 0
302.454 302.751 57.0 道 0
302.754 303.351 59.0 - 0
303.654 304.251 54.0 什 0
304.254 304.551 57.0 么 0
304.554 304.851 59.0 - 0
304.854 305.451 57.0 时 0
305.454 306.051 54.0 - 0
306.054 306.651 50.0 候 0
306.654 307.551 50.0 - 1
308.523 308.82 50.0 我 0
308.823 309.12 52.0 - 0
309.123 310.32 52.0 不 0
310.323 310.92 54.0 再 0
310.923 311.52 52.0 抱 0
311.523 311.82 52.0 梦 0
311.823 312.12 54.0 缠 0
312.123 313.32 57.0 绵 1
313.323 313.62 64.0 找 0
313.623 313.92 66.0 - 0
313.923 314.22 64.0 回 0
314.223 314.52 66.0 - 0
314.523 315.12 61.0 我 0
315.123 315.42 59.0 自 0
315.423 315.72 57.0 - 0
315.723 318.12 59.0 己 1
