25.712 26.141 61.0 白 0
26.141 26.569 61.0 涯 0
26.569 26.998 64.0 涯 0
26.998 27.426 63.0 的 0
27.426 27.855 61.0 黄 0
27.926 28.283 61.0 沙 0
28.283 28.712 59.0 岗 0
28.712 29.141 56.0 - 0
29.141 29.569 61.0 挺 0
29.569 29.783 68.0 起 0
29.783 29.998 68.0 棵 0
29.998 30.426 63.0 钻 0
30.426 30.855 59.0 天 0
30.855 31.283 59.0 杨 0
31.283 31.712 61.0 - 1
32.557 32.986 61.0 隔 0
32.986 33.414 61.0 着 0
33.414 33.843 64.0 篱 0
33.843 34.271 63.0 笆 0
34.271 34.7 61.0 有 0
34.7 35.129 61.0 一 0
35.129 35.557 59.0 座 0
35.557 35.986 56.0 - 0
35.986 36.414 59.0 海 0
36.843 37.271 52.0 - 0
37.271 37.7 54.0 青 0
37.7 38.129 54.0 房 0
38.129 38.557 56.0 - 1
39.378 39.807 59.0 没 0
39.807 40.021 59.0 有 0
40.021 40.235 61.0 的 0
40.235 40.664 64.0 总 0
40.664 41.093 63.0 想 0
41.093 41.521 61.0 有 0
41.521 41.735 61.0 哇 0
42.807 43.235 59.0 得 0
43.235 43.45 59.0 到 0
43.45 43.664 61.0 的 0
43.664 44.093 68.0 还 0
44.093 44.521 63.0 盼 0
44.521 44.735 63.0 望 0
44.735 45.164 61.0 - 1
46.192 46.835 66.0 盼 0
46.835 47.049 65.0 来 0
47.049 47.478 66.0 盼 0
47.478 47.907 66.0 去 0
47.907 48.549 66.0 谁 0
48.549 48.764 65.0 愿 0
48.764 49.192 66.0 盼 0
49.192 49.621 66.0 个 0
49.621 50.049 61.0 透 0
50.049 50.907 71.0 - 0
50.907 51.335 68.0 心 0
51.335 52.621 64.0 凉 0
52.621 53.049 63.0 - 1
53.154 53.583 63.0 哦 0
53.583 54.119 64.0 - 0
54.119 54.333 63.0 - 0
54.869 55.512 63.0 喔 0
55.512 56.154 63.0 - 0
56.154 56.583 68.0 - 0
56.583 57.012 63.0 透 0
57.012 57.44 61.0 - 0
57.869 58.297 59.0 心 0
58.297 60.869 61.0 凉 1
61.757 62.185 68.0 女 0
62.185 62.614 68.0 人 0
62.614 63.043 71.0 不 0
63.043 63.471 68.0 是 0
63.471 63.9 66.0 水 0
63.9 64.114 66.0 呀 0
65.185 65.614 66.0 男 0
65.614 66.043 66.0 人 0
66.043 66.471 66.0 不 0
66.471 66.9 63.0 是 0
66.9 67.328 64.0 缸 0
67.328 67.757 61.0 - 1
68.554 68.983 68.0 命 0
68.983 69.411 68.0 运 0
69.411 69.84 73.0 不 0
69.84 70.054 68.0 是 0
70.054 70.268 66.0 那 0
70.268 70.697 66.0 辘 0
70.697 71.125 66.0 轳 1
72.0 72.428 66.0 把 0
72.428 72.857 66.0 那 0
72.857 73.285 71.0 井 0
73.285 73.714 68.0 - 0
73.714 76.714 68.0 绳 0
77.142 77.571 71.0 缠 0
77.571 78.0 68.0 - 0
78.0 78.428 71.0 在 0
78.428 78.857 68.0 - 0
78.857 79.285 68.0 自 0
79.285 80.142 66.0 己 0
80.142 80.571 64.0 身 0
80.571 84.0 61.0 上 1
94.185 94.614 61.0 黑 0
94.614 95.042 61.0 油 0
95.042 95.471 64.0 油 0
95.471 95.9 63.0 的 0
95.9 96.328 61.0 铁 0
96.328 96.757 61.0 脊 0
96.757 97.185 59.0 梁 0
97.185 97.614 56.0 - 0
97.614 98.042 61.0 汗 0
98.042 98.257 68.0 珠 0
98.257 98.471 68.0 子 0
98.471 98.9 61.0 滚 0
98.9 99.328 59.0 太 0
99.328 99.757 59.0 阳 0
99.757 100.185 61.0 - 1
101.11 101.539 61.0 风 0
101.539 101.968 61.0 吹 0
101.968 102.396 64.0 篱 0
102.396 102.825 63.0 笆 0
102.825 103.253 61.0 雨 0
103.253 103.682 61.0 洗 0
103.682 104.11 59.0 窗 0
104.11 104.539 56.0 - 0
104.539 104.968 61.0 泪 0
104.968 105.396 61.0 花 0
105.396 105.825 68.0 泡 0
105.825 106.253 56.0 月 0
106.253 106.682 54.0 亮 0
106.682 107.11 56.0 - 1
107.865 108.293 59.0 人 0
108.293 108.507 59.0 心 0
108.507 108.722 61.0 可 0
108.722 109.15 64.0 难 0
109.15 109.579 63.0 测 0
109.579 110.007 61.0 量 0
110.007 110.222 61.0 啊 0
111.293 111.722 59.0 啥 0
111.722 111.936 59.0 事 0
111.936 112.15 61.0 都 0
112.15 112.579 66.0 能 0
112.579 113.007 63.0 碰 0
113.007 113.222 63.0 上 0
113.222 113.65 61.0 - 1
114.728 115.156 66.0 挑 0
115.156 115.371 65.0 水 0
115.371 115.585 65.0 的 0
115.585 116.013 66.0 媳 0
116.013 116.442 66.0 妇 0
116.442 117.085 66.0 谁 0
117.085 117.299 65.0 愿 0
117.299 117.728 66.0 挑 0
117.728 118.156 66.0 着 0
118.156 118.585 61.0 黄 0
118.585 119.442 71.0 - 0
119.442 119.871 66.0 水 0
119.871 121.156 64.0 汤 0
121.156 122.871 64.0 - 1
123.456 124.099 63.0 喔 0
124.099 124.742 63.0 - 0
124.742 125.17 68.0 - 0
125.17 125.599 63.0 黄 0
125.599 126.028 61.0 - 0
126.456 126.885 59.0 水 0
126.885 129.456 61.0 汤 1
130.272 130.701 68.0 女 0
130.701 131.129 68.0 人 0
131.129 131.558 71.0 不 0
131.558 131.987 66.0 是 0
131.987 132.415 66.0 泥 0
132.415 132.629 66.0 呀 0
133.701 134.129 66.0 男 0
134.129 134.558 66.0 人 0
134.558 134.987 66.0 不 0
134.987 135.415 64.0 是 0
135.415 135.844 63.0 筐 0
135.844 136.272 61.0 - 1
137.035 137.464 68.0 命 0
137.464 137.893 68.0 运 0
137.893 138.321 73.0 不 0
138.321 138.535 68.0 是 0
138.535 138.75 66.0 那 0
138.75 139.178 66.0 辘 0
139.178 139.607 66.0 轳 0
140.035 140.464 66.0 要 1
140.625 141.054 66.0 挣 0
141.054 141.268 66.0 断 0
141.268 141.482 66.0 那 0
141.482 141.911 71.0 井 0
141.911 142.339 68.0 - 0
142.339 145.339 68.0 绳 0
145.768 146.196 68.0 牛 0
146.196 146.625 68.0 - 0
146.625 147.054 71.0 铃 0
147.054 147.482 68.0 - 0
147.482 147.911 68.0 摇 0
147.911 148.768 66.0 - 0
148.768 149.196 63.0 春 0
149.196 152.625 61.0 光 1
152.625 153.054 68.0 女 0
153.054 153.482 68.0 人 0
153.482 153.911 71.0 不 0
153.911 154.339 68.0 是 0
154.339 154.768 66.0 泥 0
154.768 154.982 66.0 呀 0
156.054 156.482 66.0 男 0
156.482 156.911 66.0 人 1
156.911 157.339 66.0 不 0
157.339 157.768 64.0 是 0
157.768 158.196 64.0 框 0
158.196 158.625 61.0 - 0
159.482 159.911 68.0 命 0
159.911 160.339 68.0 运 0
160.339 160.768 73.0 不 0
160.768 160.982 68.0 是 0
160.982 161.196 66.0 那 0
161.196 161.625 66.0 辘 0
161.625 162.054 66.0 轳 1
162.421 162.85 65.0 要 0
162.85 163.278 66.0 挣 0
163.278 163.493 66.0 断 0
163.493 163.707 66.0 那 0
163.707 164.135 71.0 井 0
164.135 164.564 68.0 - 0
164.564 167.564 68.0 绳 0
167.993 168.453 71.0 牛 0
168.453 168.914 68.0 - 0
168.914 169.375 71.0 铃 0
169.375 169.836 68.0 - 0
169.836 170.265 68.0 摇 0
170.265 171.122 66.0 - 0
171.122 171.55 71.0 春 0
171.55 180.122 73.0 光 1
