24.469 24.822 60.0 你 0
24.822 25.175 62.0 和 0
25.175 25.88 64.0 我 0
25.88 26.233 64.0 相 0
26.233 26.586 67.0 约 0
26.586 27.292 62.0 在 1
27.325 27.678 62.0 午 0
27.678 28.031 64.0 夜 0
28.031 28.384 60.0 喧 0
28.384 28.737 59.0 哗 0
28.737 29.09 57.0 的 0
29.09 29.443 55.0 大 0
29.443 30.149 57.0 街 1
30.172 30.525 60.0 告 0
30.525 30.878 62.0 诉 0
30.878 31.584 64.0 我 0
31.584 31.936 64.0 这 0
31.936 32.289 67.0 段 0
32.289 32.642 69.0 感 0
32.642 32.995 67.0 情 0
32.995 33.348 64.0 今 0
33.348 33.701 62.0 夜 0
33.701 34.054 62.0 将 0
34.054 34.407 60.0 会 0
34.407 34.76 57.0 是 0
34.76 35.113 64.0 终 0
35.113 35.466 62.0 点 1
35.735 36.088 60.0 傻 0
36.088 36.441 62.0 傻 0
36.441 37.147 64.0 的 0
37.147 37.5 64.0 看 0
37.5 37.852 67.0 着 0
37.852 38.205 62.0 你 1
38.629 38.982 62.0 眼 0
38.982 39.335 64.0 角 0
39.335 39.688 60.0 不 0
39.688 40.041 59.0 流 0
40.041 40.394 57.0 一 0
40.394 40.747 55.0 滴 0
40.747 41.1 57.0 泪 1
41.422 41.775 60.0 说 0
41.775 42.128 62.0 好 0
42.128 42.834 64.0 了 0
42.834 43.187 64.0 要 0
43.187 43.54 67.0 坚 0
43.54 44.069 62.0 强 0
44.245 44.598 62.0 不 0
44.598 44.951 62.0 流 0
44.951 45.304 64.0 - 0
45.304 46.363 57.0 泪 1
47.096 47.449 60.0 我 0
47.449 47.802 62.0 以 0
47.802 48.508 64.0 为 0
48.508 48.861 64.0 我 0
48.861 49.214 67.0 可 0
49.214 49.919 62.0 以 1
49.941 50.294 62.0 让 0
50.294 50.647 64.0 爱 0
50.647 51.0 60.0 变 0
51.0 51.353 59.0 得 0
51.353 51.706 57.0 很 0
51.706 52.059 55.0 甜 0
52.059 52.765 57.0 美 1
52.796 53.149 60.0 才 0
53.149 53.502 62.0 发 0
53.502 54.208 64.0 现 0
54.208 54.561 64.0 爱 0
54.561 54.914 67.0 情 0
54.914 55.267 69.0 竟 0
55.267 55.62 67.0 是 0
55.62 55.972 64.0 一 0
55.972 56.325 62.0 场 0
56.325 56.678 62.0 残 0
56.678 57.031 60.0 酷 0
57.031 57.384 57.0 的 0
57.384 57.737 64.0 考 0
57.737 58.09 62.0 验 1
58.355 58.708 60.0 太 0
58.708 59.061 62.0 愚 0
59.061 59.767 64.0 昧 0
59.767 60.12 64.0 太 0
60.12 60.473 67.0 依 0
60.473 60.826 62.0 恋 1
61.167 61.52 62.0 才 0
61.52 61.872 64.0 放 0
61.872 62.225 60.0 你 0
62.225 62.578 59.0 去 0
62.578 62.931 57.0 自 0
62.931 63.284 55.0 由 0
63.284 63.637 57.0 飞 1
63.954 64.307 60.0 一 0
64.307 64.66 62.0 瞬 0
64.66 65.366 64.0 间 0
65.366 65.719 64.0 爱 0
65.719 66.072 67.0 决 0
66.072 66.601 62.0 堤 0
66.778 67.131 62.0 在 0
67.131 67.484 62.0 今 0
67.484 67.836 64.0 - 0
67.836 68.895 57.0 夜 1
72.485 72.843 64.0 雨 0
72.843 73.202 67.0 纷 0
73.202 73.908 69.0 飞 0
74.261 74.614 72.0 飞 0
74.614 74.967 71.0 在 0
74.967 75.32 69.0 天 0
75.32 75.673 67.0 空 0
75.673 76.026 62.0 里 0
76.026 76.379 64.0 是 0
76.379 76.732 62.0 我 0
76.732 77.085 64.0 的 0
77.085 77.438 67.0 眼 0
77.438 77.967 69.0 泪 1
78.106 78.459 64.0 泪 0
78.459 78.812 67.0 低 0
78.812 79.165 67.0 垂 0
79.165 79.871 69.0 - 0
79.871 80.224 72.0 垂 0
80.224 80.577 71.0 在 0
80.577 80.93 69.0 手 0
80.93 81.283 67.0 心 0
81.283 81.636 62.0 里 0
81.636 81.989 64.0 是 0
81.989 82.342 62.0 你 0
82.342 82.695 64.0 的 0
82.695 83.048 71.0 余 0
83.048 83.577 69.0 味 1
83.752 84.105 64.0 谁 0
84.105 84.458 67.0 了 0
84.458 85.164 69.0 解 0
85.517 85.87 72.0 真 0
85.87 86.223 71.0 心 0
86.223 86.576 69.0 的 0
86.576 86.929 67.0 付 0
86.929 87.282 62.0 出 0
87.282 87.635 64.0 换 0
87.635 87.988 67.0 来 0
87.988 88.341 62.0 是 0
88.341 88.694 64.0 离 0
88.694 89.16 60.0 别 1
89.41 89.762 57.0 我 0
89.762 90.115 60.0 知 0
90.115 90.468 60.0 道 0
90.468 90.645 62.0 - 0
91.174 91.527 64.0 爱 0
91.527 91.88 62.0 过 0
91.88 92.233 60.0 后 0
92.233 92.586 57.0 会 0
92.586 93.292 64.0 心 0
93.292 93.998 62.0 碎 1
95.094 95.447 57.0 我 0
95.447 95.799 60.0 相 0
95.799 96.505 62.0 信 0
96.858 97.211 64.0 爱 0
97.211 97.564 62.0 情 0
97.564 97.917 60.0 没 0
97.917 98.27 57.0 有 0
98.27 98.623 55.0 永 0
98.623 100.035 57.0 远 1
126.19 126.543 60.0 我 0
126.543 126.896 62.0 以 0
126.896 127.602 64.0 为 0
127.602 127.955 64.0 我 0
127.955 128.308 67.0 可 0
128.308 129.014 62.0 以 1
129.045 129.398 62.0 让 0
129.398 129.751 64.0 爱 0
129.751 130.104 60.0 变 0
130.104 130.457 59.0 得 0
130.457 130.81 57.0 很 0
130.81 131.163 55.0 甜 0
131.163 131.868 57.0 美 1
131.871 132.224 60.0 才 0
132.224 132.577 62.0 发 0
132.577 133.283 64.0 现 0
133.283 133.636 64.0 爱 0
133.636 133.989 67.0 情 0
133.989 134.342 69.0 竟 0
134.342 134.695 67.0 是 0
134.695 135.048 64.0 一 0
135.048 135.401 62.0 场 0
135.401 135.754 62.0 残 0
135.754 136.107 60.0 酷 0
136.107 136.46 57.0 的 0
136.46 136.813 64.0 考 0
136.813 137.166 62.0 验 1
137.352 137.705 60.0 太 0
137.705 138.058 62.0 愚 0
138.058 138.764 64.0 昧 0
138.764 139.117 64.0 太 0
139.117 139.47 67.0 依 0
139.47 139.823 62.0 恋 1
140.202 140.555 62.0 才 0
140.555 140.908 64.0 放 0
140.908 141.261 60.0 你 0
141.261 141.614 59.0 去 0
141.614 141.967 57.0 自 0
141.967 142.32 55.0 由 0
142.32 142.673 57.0 飞 1
143.001 143.353 60.0 一 0
143.353 143.706 62.0 瞬 0
143.706 144.412 64.0 间 0
144.412 144.765 64.0 爱 0
144.765 145.118 67.0 决 0
145.118 145.648 62.0 堤 0
145.824 146.177 62.0 在 0
146.177 146.53 62.0 今 0
146.53 146.883 64.0 - 0
146.883 147.942 57.0 夜 1
151.528 151.894 64.0 雨 0
151.894 152.26 67.0 纷 0
152.26 152.966 69.0 飞 0
153.318 153.671 72.0 飞 0
153.671 154.024 71.0 在 0
154.024 154.377 69.0 天 0
154.377 154.73 67.0 空 0
154.73 155.083 62.0 里 0
155.083 155.436 64.0 是 0
155.436 155.789 62.0 我 0
155.789 156.142 64.0 的 0
156.142 156.495 67.0 眼 0
156.495 157.024 69.0 泪 1
157.306 157.659 64.0 泪 0
157.659 158.012 67.0 低 0
158.012 158.365 67.0 垂 0
158.365 159.071 69.0 - 0
159.071 159.423 72.0 垂 0
159.423 159.776 71.0 在 0
159.776 160.129 69.0 手 0
160.129 160.482 67.0 心 0
160.482 160.835 62.0 里 0
160.835 161.188 64.0 是 0
161.188 161.541 62.0 你 0
161.541 161.894 64.0 的 0
161.894 162.247 71.0 余 0
162.247 162.776 69.0 味 1
162.839 163.192 64.0 谁 0
163.192 163.545 67.0 了 0
163.545 164.251 69.0 解 0
164.604 164.957 72.0 真 0
164.957 165.309 71.0 心 0
165.309 165.662 69.0 的 0
165.662 166.015 67.0 付 0
166.015 166.368 62.0 出 0
166.368 166.721 64.0 换 0
166.721 167.074 67.0 来 0
167.074 167.427 62.0 是 0
167.427 167.78 64.0 离 0
167.78 168.423 60.0 别 1
168.552 168.905 57.0 我 0
168.905 169.258 60.0 知 0
169.258 169.611 60.0 道 0
169.611 169.787 62.0 - 0
170.317 170.67 64.0 爱 0
170.67 171.023 62.0 过 0
171.023 171.375 60.0 后 0
171.375 171.728 57.0 会 0
171.728 172.434 64.0 心 0
172.434 173.14 62.0 碎 1
174.121 174.474 57.0 我 0
174.474 174.827 60.0 相 0
174.827 175.533 62.0 信 0
175.886 176.239 64.0 爱 0
176.239 176.592 62.0 情 0
176.592 176.945 60.0 没 0
176.945 177.297 57.0 有 0
177.297 177.65 55.0 永 0
177.65 179.062 57.0 远 1
179.791 180.144 64.0 雨 0
180.144 180.497 67.0 纷 0
180.497 181.203 69.0 飞 0
181.556 181.909 72.0 飞 0
181.909 182.262 71.0 在 0
182.262 182.615 69.0 天 0
182.615 182.968 67.0 空 0
182.968 183.32 62.0 里 0
183.32 183.673 64.0 是 0
183.673 184.026 62.0 我 0
184.026 184.379 64.0 的 0
184.379 184.732 67.0 眼 0
184.732 185.262 69.0 泪 1
185.585 185.938 64.0 泪 0
185.938 186.291 67.0 低 0
186.291 186.644 67.0 垂 0
186.644 187.35 69.0 - 0
187.35 187.703 72.0 垂 0
187.703 188.056 71.0 在 0
188.056 188.409 69.0 手 0
188.409 188.762 67.0 心 0
188.762 189.115 62.0 里 0
189.115 189.467 64.0 是 0
189.467 189.82 62.0 你 0
189.82 190.173 64.0 的 0
190.173 190.526 71.0 余 0
190.526 191.056 69.0 味 1
191.187 191.54 64.0 谁 0
191.54 191.893 67.0 了 0
191.893 192.246 67.0 解 0
192.246 192.599 69.0 - 0
192.952 193.305 72.0 真 0
193.305 193.658 71.0 心 0
193.658 194.011 69.0 的 0
194.011 194.364 67.0 付 0
194.364 194.717 62.0 出 0
194.717 195.07 64.0 换 0
195.07 195.422 67.0 来 0
195.422 195.775 62.0 是 0
195.775 196.128 64.0 离 0
196.128 196.824 60.0 别 1
196.842 197.195 57.0 我 0
197.195 197.548 60.0 知 0
197.548 197.901 60.0 道 0
197.901 198.078 62.0 - 0
198.607 198.96 64.0 爱 0
198.96 199.313 62.0 过 0
199.313 199.666 60.0 后 0
199.666 200.019 57.0 会 0
200.019 200.725 64.0 心 0
200.725 201.43 62.0 碎 1
202.343 202.696 57.0 我 0
202.696 203.049 60.0 相 0
203.049 203.755 62.0 信 0
204.108 204.461 64.0 爱 0
204.461 204.814 62.0 情 0
204.814 205.167 60.0 没 0
205.167 205.52 57.0 有 0
205.52 205.873 55.0 永 0
205.873 207.284 57.0 远 1
