27.1 27.3 57.0 静 0
27.3 27.7 61.0 止 0
27.7 29.1 61.0 了 0
29.5 29.9 61.0 所 0
29.9 30.3 59.0 有 0
30.3 30.7 57.0 的 0
30.7 31.5 59.0 花 0
31.5 32.7 61.0 开 1
33.425 33.625 57.0 遥 0
33.625 34.025 59.0 远 0
34.025 35.025 61.0 了 0
35.825 36.225 62.0 清 0
36.225 36.625 61.0 晰 0
36.625 37.225 64.0 的 0
37.225 38.525 57.0 爱 0
38.525 38.625 54.0 - 1
39.857 40.057 57.0 天 0
40.057 40.457 62.0 弥 0
40.457 41.457 62.0 漫 0
42.257 42.657 62.0 爱 0
42.657 43.057 61.0 却 0
43.057 43.457 57.0 更 0
43.457 44.257 52.0 喜 0
44.257 45.457 61.0 欢 1
46.333 46.533 57.0 那 0
46.533 46.933 61.0 时 0
46.933 47.533 59.0 候 0
47.933 48.133 57.0 我 0
48.133 48.533 61.0 不 0
48.533 49.133 59.0 懂 0
49.533 49.733 57.0 这 0
49.733 50.133 61.0 叫 0
50.133 51.933 59.0 爱 1
52.737 52.937 57.0 你 0
52.937 53.337 61.0 喜 0
53.337 54.737 61.0 欢 0
55.137 55.537 61.0 站 0
55.537 55.937 59.0 在 0
55.937 56.337 57.0 那 0
56.337 57.137 59.0 窗 0
57.137 57.937 64.0 台 0
57.937 58.337 61.0 - 1
59.154 59.354 57.0 你 0
59.354 59.754 61.0 好 0
59.754 60.754 61.0 久 0
61.554 61.954 62.0 都 0
61.954 62.354 61.0 没 0
62.354 62.754 64.0 再 0
62.754 64.254 57.0 来 0
64.254 64.354 54.0 - 1
65.549 65.749 57.0 彩 0
65.749 66.149 62.0 色 0
66.149 67.149 62.0 的 0
67.949 68.349 62.0 世 0
68.349 68.749 61.0 界 0
68.749 69.149 57.0 染 0
69.149 69.549 64.0 上 0
69.549 69.949 64.0 - 0
69.949 70.349 59.0 空 0
70.349 70.749 61.0 - 0
70.749 71.549 69.0 白 1
72.578 72.978 64.0 是 0
72.978 73.378 62.0 你 0
73.378 73.778 62.0 流 0
73.778 74.178 57.0 的 0
74.178 74.578 57.0 泪 0
74.578 74.978 56.0 - 0
74.978 75.378 56.0 晕 0
75.378 76.578 57.0 开 1
77.442 77.842 57.0 不 0
77.842 78.242 59.0 要 0
78.242 78.642 61.0 你 0
78.642 78.842 64.0 离 0
78.842 79.842 64.0 开 0
80.642 81.042 61.0 距 0
81.042 81.442 59.0 离 0
81.442 81.842 57.0 隔 0
81.842 82.042 59.0 不 0
82.042 83.042 61.0 开 1
83.832 84.232 57.0 思 0
84.232 84.632 59.0 念 0
84.632 85.032 61.0 变 0
85.032 85.232 68.0 成 0
85.232 85.732 69.0 海 0
85.732 86.632 69.0 - 0
86.632 87.032 69.0 在 0
87.032 87.432 68.0 窗 0
87.432 87.832 66.0 外 0
87.832 88.232 64.0 进 0
88.232 88.432 66.0 不 0
88.432 89.832 64.0 来 1
90.161 90.561 57.0 原 0
90.561 90.961 59.0 谅 0
90.961 91.361 61.0 说 0
91.361 91.561 64.0 太 0
91.561 92.961 64.0 快 0
93.361 93.761 61.0 爱 0
93.761 94.161 59.0 成 0
94.161 94.561 57.0 了 0
94.561 94.761 57.0 阻 0
94.761 95.761 57.0 碍 1
96.711 97.111 57.0 手 0
97.111 97.511 59.0 中 0
97.511 97.911 61.0 的 0
97.911 98.311 64.0 风 0
98.311 98.711 64.0 筝 0
98.711 99.111 62.0 放 0
99.111 99.511 62.0 太 0
99.511 99.911 61.0 快 0
99.911 100.711 69.0 回 0
100.711 101.111 61.0 不 0
101.111 101.511 61.0 来 0
101.511 102.311 59.0 - 1
103.043 103.443 57.0 不 0
103.443 103.843 59.0 要 0
103.843 104.243 61.0 你 0
104.243 104.443 64.0 离 0
104.443 105.443 64.0 开 0
106.243 106.643 61.0 回 0
106.643 107.043 59.0 忆 0
107.043 107.443 57.0 化 0
107.443 107.643 59.0 不 0
107.643 108.643 61.0 开 1
109.496 109.896 57.0 请 0
109.896 110.296 59.0 你 0
110.296 110.696 61.0 等 0
110.696 110.896 68.0 重 0
110.896 111.396 69.0 来 0
111.396 112.296 69.0 - 0
112.296 112.696 69.0 我 0
112.696 113.096 68.0 在 0
113.096 113.496 66.0 等 0
113.496 113.896 64.0 待 0
113.896 114.096 66.0 重 0
114.096 115.496 64.0 来 1
115.792 116.192 57.0 天 0
116.192 116.592 59.0 空 0
116.592 116.992 61.0 仍 0
116.992 117.192 64.0 灿 0
117.192 118.592 64.0 烂 0
118.992 119.392 61.0 她 0
119.392 119.792 59.0 爱 0
119.792 120.192 57.0 着 0
120.192 120.592 59.0 大 0
120.592 121.392 57.0 海 1
122.346 122.746 57.0 情 0
122.746 123.146 59.0 歌 0
123.146 123.546 61.0 被 0
123.546 123.746 61.0 打 0
123.746 124.746 57.0 败 0
125.546 125.946 57.0 爱 0
125.946 126.346 56.0 已 0
126.346 126.746 54.0 不 0
126.746 126.946 56.0 存 0
126.946 130.346 57.0 在 1
155.134 155.334 57.0 你 0
155.334 155.734 61.0 喜 0
155.734 157.134 61.0 欢 0
157.534 157.934 61.0 站 0
157.934 158.334 59.0 在 0
158.334 158.734 57.0 那 0
158.734 159.534 59.0 窗 0
159.534 160.734 61.0 台 1
161.501 161.701 57.0 你 0
161.701 162.101 61.0 好 0
162.101 163.101 61.0 久 0
163.901 164.301 62.0 都 0
164.301 164.701 61.0 没 0
164.701 165.101 64.0 再 0
165.101 166.601 57.0 来 0
166.601 166.701 54.0 - 1
167.801 168.001 57.0 彩 0
168.001 168.401 62.0 色 0
168.401 169.401 62.0 的 0
170.201 170.601 62.0 世 0
170.601 171.001 61.0 界 0
171.001 171.401 57.0 染 0
171.401 171.801 64.0 上 0
171.801 172.201 64.0 - 0
172.201 172.601 59.0 空 0
172.601 173.001 61.0 - 0
173.001 173.801 69.0 白 1
175.027 175.427 64.0 是 0
175.427 175.827 62.0 你 0
175.827 176.227 62.0 流 0
176.227 176.627 57.0 的 0
176.627 177.027 57.0 泪 0
177.027 177.427 56.0 - 0
177.427 177.827 56.0 晕 0
177.827 179.027 57.0 开 1
179.8 180.2 57.0 不 0
180.2 180.6 59.0 要 0
180.6 181.0 61.0 你 0
181.0 181.2 64.0 离 0
181.2 182.2 64.0 开 0
183.0 183.4 61.0 距 0
183.4 183.8 59.0 离 0
183.8 184.2 57.0 隔 0
184.2 184.4 59.0 不 0
184.4 185.4 61.0 开 1
186.277 186.677 57.0 思 0
186.677 187.077 59.0 念 0
187.077 187.477 61.0 变 0
187.477 187.677 68.0 成 0
187.677 188.177 69.0 海 0
188.177 189.077 69.0 - 0
189.077 189.477 69.0 在 0
189.477 189.877 68.0 窗 0
189.877 190.277 66.0 外 0
190.277 190.677 64.0 进 0
190.677 190.877 66.0 不 0
190.877 192.277 64.0 来 1
192.71 193.11 57.0 原 0
193.11 193.51 59.0 谅 0
193.51 193.91 61.0 说 0
193.91 194.11 64.0 太 0
194.11 195.51 64.0 快 0
195.91 196.31 61.0 爱 0
196.31 196.71 59.0 成 0
196.71 197.11 57.0 了 0
197.11 197.31 57.0 阻 0
197.31 198.31 57.0 碍 1
199.038 199.438 57.0 手 0
199.438 199.838 59.0 中 0
199.838 200.238 61.0 的 0
200.238 200.638 64.0 风 0
200.638 201.038 64.0 筝 0
201.038 201.438 62.0 放 0
201.438 201.838 62.0 太 0
201.838 202.238 61.0 快 0
202.238 203.038 69.0 回 0
203.038 203.438 61.0 不 0
203.438 203.838 61.0 来 0
203.838 204.638 59.0 - 1
205.383 205.783 57.0 不 0
205.783 206.183 59.0 要 0
206.183 206.583 61.0 你 0
206.583 206.783 64.0 离 0
206.783 207.783 64.0 开 0
208.583 208.983 61.0 回 0
208.983 209.383 59.0 忆 0
209.383 209.783 57.0 化 0
209.783 209.983 59.0 不 0
209.983 210.983 61.0 开 1
211.844 212.244 57.0 请 0
212.244 212.644 59.0 你 0
212.644 213.044 61.0 等 0
213.044 213.244 68.0 重 0
213.244 213.744 69.0 来 0
213.744 214.644 69.0 - 0
214.644 215.044 69.0 我 0
215.044 215.444 68.0 在 0
215.444 215.844 66.0 等 0
215.844 216.244 64.0 待 0
216.244 216.444 66.0 重 0
216.444 217.844 64.0 来 1
218.229 218.629 57.0 天 0
218.629 219.029 59.0 空 0
219.029 219.429 61.0 仍 0
219.429 219.629 64.0 灿 0
219.629 221.029 64.0 烂 0
221.429 221.829 61.0 她 0
221.829 222.229 59.0 爱 0
222.229 222.629 57.0 着 0
222.629 222.829 57.0 大 0
222.829 223.829 57.0 海 1
224.695 225.095 57.0 情 0
225.095 225.495 59.0 歌 0
225.495 225.895 61.0 被 0
225.895 226.095 61.0 打 0
226.095 226.895 57.0 败 0
226.895 227.095 54.0 - 0
227.895 228.295 57.0 爱 0
228.295 228.695 56.0 已 0
228.695 229.495 54.0 不 0
230.295 230.495 55.0 存 0
230.495 230.895 56.0 - 0
231.095 234.595 57.0 在 1
234.643 237.843 69.0 哦 0
237.843 239.943 73.0 - 0
239.943 241.043 64.0 - 1
