35.147 35.328 58.0 牵 0
35.393 35.512 58.0 着 0
35.639 35.758 58.0 你 0
35.885 36.004 56.0 的 0
36.131 36.619 58.0 手 0
36.623 36.864 60.0 却 0
36.869 37.11 61.0 不 0
37.114 37.479 53.0 能 0
37.606 37.971 53.0 感 0
38.098 38.709 56.0 受 1
38.836 39.078 44.0 你 0
39.082 39.2 51.0 离 0
39.328 39.446 51.0 我 0
39.573 39.692 51.0 越 0
39.819 39.938 51.0 近 0
40.065 40.553 51.0 越 0
40.557 41.045 53.0 无 0
41.049 41.414 53.0 言 0
41.541 41.905 51.0 开 0
42.032 42.643 53.0 口 1
42.946 43.188 49.0 我 0
43.192 43.434 56.0 猜 0
43.438 43.557 58.0 不 0
43.684 43.803 58.0 透 0
43.93 44.172 56.0 你 0
44.176 44.417 58.0 的 0
44.667 44.909 60.0 想 0
44.913 45.155 61.0 法 0
45.159 45.524 53.0 和 0
45.651 46.016 53.0 借 0
46.143 46.754 56.0 口 1
47.069 47.311 49.0 开 0
47.315 47.434 51.0 始 0
47.561 47.68 51.0 的 0
47.807 48.049 49.0 温 0
48.053 48.295 51.0 柔 0
48.545 48.787 51.0 不 0
48.791 49.278 51.0 再 0
49.283 50.631 51.0 有 1
50.79 51.032 49.0 我 0
51.036 51.278 56.0 用 0
51.282 51.401 58.0 心 0
51.528 51.647 58.0 体 0
51.774 52.015 56.0 会 0
52.02 52.261 58.0 着 0
52.511 52.753 60.0 你 0
52.757 52.999 61.0 给 0
53.003 53.245 58.0 的 0
53.495 53.983 58.0 伤 0
53.987 54.597 61.0 口 1
54.942 55.184 58.0 被 0
55.188 55.307 61.0 风 0
55.434 55.553 60.0 一 0
55.68 55.799 61.0 吹 0
55.926 56.168 61.0 眼 0
56.172 56.414 61.0 泪 0
56.418 56.66 60.0 就 0
56.664 56.782 58.0 开 0
56.91 57.151 56.0 始 0
57.401 57.889 56.0 纷 0
57.893 58.504 56.0 飞 1
58.832 59.074 51.0 爱 0
59.078 59.319 53.0 被 0
59.324 59.565 51.0 冻 0
59.569 59.811 53.0 结 0
59.815 60.426 51.0 了 1
60.709 60.951 49.0 没 0
60.955 61.197 51.0 办 0
61.201 61.443 53.0 法 0
61.447 61.688 56.0 设 0
61.693 62.426 56.0 救 1
62.741 62.983 60.0 断 0
62.987 63.229 60.0 肠 0
63.233 63.475 58.0 的 0
63.479 63.721 56.0 誓 0
63.725 64.212 58.0 言 1
64.422 64.664 58.0 被 0
64.668 64.91 61.0 沙 0
64.914 65.156 60.0 漠 0
65.16 65.402 58.0 风 0
65.406 65.648 56.0 暴 0
65.652 65.894 58.0 狠 0
65.898 66.14 61.0 心 0
66.144 66.386 63.0 的 0
66.39 66.632 68.0 带 0
66.636 67.984 65.0 走 1
68.165 68.407 61.0 想 0
68.411 68.653 63.0 开 0
68.657 68.899 63.0 口 0
68.903 69.39 65.0 - 0
69.64 70.128 65.0 说 0
70.132 70.62 61.0 挽 0
70.624 71.727 63.0 留 1
72.19 72.432 63.0 亲 0
72.436 72.678 61.0 爱 0
72.682 72.924 61.0 的 0
72.928 73.293 63.0 - 0
73.666 74.154 63.0 回 0
74.158 74.399 58.0 回 0
74.404 75.875 61.0 头 1
76.078 76.32 61.0 看 0
76.324 76.566 60.0 着 0
76.57 76.934 58.0 我 0
77.061 77.549 61.0 那 0
77.553 77.795 63.0 比 0
77.799 78.041 61.0 心 0
78.045 78.287 60.0 更 0
78.291 78.533 58.0 痛 0
78.537 78.902 56.0 的 0
79.029 79.393 56.0 眼 0
79.521 80.131 58.0 眸 1
80.509 80.751 63.0 至 0
80.755 80.997 61.0 少 0
81.001 81.12 63.0 能 0
81.247 81.489 61.0 感 0
81.493 81.98 63.0 动 0
81.985 82.472 68.0 所 0
82.476 83.579 65.0 有 1
83.918 84.16 61.0 亲 0
84.164 84.405 63.0 爱 0
84.41 84.897 65.0 的 0
85.147 85.389 65.0 我 0
85.393 85.758 65.0 不 0
85.762 86.127 63.0 甘 0
86.131 86.373 61.0 心 0
86.377 86.742 65.0 放 0
86.869 87.725 63.0 手 1
87.901 88.143 60.0 没 0
88.147 88.389 61.0 勇 0
88.393 88.635 61.0 气 0
88.639 89.127 63.0 - 0
89.377 89.864 58.0 看 0
89.868 90.11 58.0 你 0
90.114 91.217 61.0 走 1
91.37 91.612 60.0 还 0
91.616 91.857 60.0 在 0
91.862 92.103 58.0 原 0
92.107 92.349 56.0 地 0
92.353 92.718 56.0 逗 0
92.845 93.21 58.0 留 1
93.251 93.493 60.0 求 0
93.497 93.739 60.0 你 0
93.743 93.985 58.0 能 0
93.989 94.231 56.0 够 0
94.235 94.599 56.0 回 0
94.726 95.214 58.0 头 1
96.128 96.37 58.0 难 0
96.374 96.616 61.0 道 0
96.62 96.861 60.0 真 0
96.866 97.107 61.0 的 0
97.111 97.353 61.0 没 0
97.357 97.599 61.0 有 0
97.603 97.845 60.0 了 0
97.849 98.337 56.0 以 0
98.341 100.058 58.0 后 1
135.524 135.766 56.0 牵 0
135.77 135.889 58.0 着 0
136.016 136.135 58.0 你 0
136.262 136.381 56.0 的 0
136.508 136.995 58.0 手 0
137.0 137.241 60.0 却 0
137.245 137.487 61.0 不 0
137.491 137.856 53.0 能 0
137.983 138.348 53.0 感 0
138.475 139.086 56.0 受 1
139.226 139.467 44.0 你 0
139.472 139.713 51.0 离 0
139.717 139.836 51.0 我 0
139.963 140.082 51.0 越 0
140.209 140.328 51.0 近 0
140.455 140.943 51.0 越 0
140.947 141.435 53.0 无 0
141.439 141.804 53.0 言 0
141.931 142.295 51.0 开 0
142.422 143.033 53.0 口 1
143.193 143.435 49.0 我 0
143.439 143.681 56.0 猜 0
143.685 143.804 58.0 不 0
143.931 144.05 58.0 透 0
144.177 144.418 56.0 你 0
144.423 144.664 58.0 的 0
144.914 145.156 60.0 想 0
145.16 145.402 61.0 法 0
145.406 145.771 53.0 和 0
145.898 146.263 53.0 借 0
146.39 147.0 56.0 口 1
147.433 147.675 51.0 开 0
147.679 147.798 51.0 始 0
147.925 148.044 51.0 的 0
148.171 148.413 49.0 温 0
148.417 148.659 51.0 柔 0
148.909 149.151 51.0 不 0
149.155 149.642 51.0 再 0
149.647 150.995 51.0 有 1
151.097 151.339 49.0 我 0
151.343 151.462 58.0 用 0
151.589 151.708 58.0 心 0
151.835 151.953 58.0 体 0
152.081 152.322 56.0 会 0
152.326 152.568 58.0 着 0
152.818 153.06 60.0 你 0
153.064 153.306 61.0 给 0
153.31 153.552 58.0 的 0
153.802 154.167 61.0 伤 0
154.294 154.904 61.0 口 1
155.235 155.477 58.0 被 0
155.481 155.6 61.0 风 0
155.727 155.846 60.0 一 0
155.973 156.092 61.0 吹 0
156.219 156.461 61.0 眼 0
156.465 156.707 61.0 泪 0
156.711 156.952 60.0 就 0
156.957 157.075 58.0 开 0
157.202 157.444 56.0 始 0
157.694 158.182 56.0 纷 0
158.186 158.797 56.0 飞 1
159.102 159.343 49.0 爱 0
159.348 159.589 53.0 被 0
159.593 159.835 51.0 冻 0
159.839 160.081 53.0 结 0
160.085 160.696 51.0 了 1
161.151 161.393 49.0 没 0
161.397 161.639 51.0 办 0
161.643 161.884 53.0 法 0
161.889 162.13 56.0 设 0
162.134 162.868 56.0 救 1
163.034 163.276 60.0 断 0
163.28 163.522 60.0 肠 0
163.526 163.768 58.0 的 0
163.772 164.014 56.0 誓 0
164.018 164.505 58.0 言 1
164.736 164.978 58.0 被 0
164.982 165.224 60.0 沙 0
165.228 165.47 60.0 漠 0
165.474 165.716 58.0 风 0
165.72 165.962 56.0 暴 0
165.966 166.208 58.0 狠 0
166.212 166.454 61.0 心 0
166.458 166.7 63.0 的 0
166.704 166.945 68.0 带 0
166.95 168.298 65.0 走 1
168.429 168.671 61.0 想 0
168.675 168.917 63.0 开 0
168.921 169.163 63.0 口 0
169.167 169.654 65.0 - 0
169.904 170.392 65.0 说 0
170.396 170.884 61.0 挽 0
170.888 171.99 63.0 留 1
172.404 172.646 63.0 亲 0
172.65 172.892 61.0 爱 0
172.896 173.138 61.0 的 0
173.142 173.507 63.0 - 0
173.88 174.367 63.0 回 0
174.372 174.613 58.0 回 0
174.617 176.089 61.0 头 1
176.463 176.705 61.0 看 0
176.709 176.951 60.0 着 0
176.955 177.319 58.0 我 0
177.446 177.934 61.0 那 0
177.938 178.18 63.0 比 0
178.184 178.426 61.0 心 0
178.43 178.672 60.0 更 0
178.676 178.918 58.0 痛 0
178.922 179.287 56.0 的 0
179.414 179.778 56.0 眼 0
179.905 180.516 58.0 眸 1
180.742 180.984 63.0 至 0
180.988 181.23 61.0 少 0
181.234 181.353 63.0 能 0
181.48 181.722 61.0 感 0
181.726 182.213 63.0 动 0
182.217 182.705 68.0 所 0
182.709 183.812 65.0 有 1
184.151 184.392 61.0 亲 0
184.397 184.638 63.0 爱 0
184.642 185.13 65.0 的 0
185.38 185.622 65.0 我 0
185.626 185.991 65.0 不 0
185.995 186.36 63.0 甘 0
186.364 186.606 61.0 心 0
186.61 186.974 65.0 放 0
187.101 187.958 63.0 手 1
188.202 188.444 60.0 没 0
188.448 188.69 61.0 勇 0
188.694 188.936 61.0 气 0
188.94 189.427 63.0 - 0
189.677 190.165 58.0 看 0
190.169 190.411 58.0 你 0
190.415 191.518 61.0 走 1
191.642 191.884 60.0 还 0
191.888 192.129 60.0 在 0
192.134 192.375 58.0 原 0
192.379 192.621 56.0 地 0
192.625 192.99 56.0 逗 0
193.117 193.482 58.0 留 1
193.637 193.879 60.0 求 0
193.883 194.125 60.0 你 0
194.129 194.371 58.0 能 0
194.375 194.616 56.0 够 0
194.621 194.985 56.0 回 0
195.112 195.6 58.0 头 1
196.458 196.7 60.0 难 0
196.704 196.945 61.0 道 0
196.95 197.191 60.0 真 0
197.195 197.437 61.0 的 0
197.441 197.683 61.0 没 0
197.687 197.929 61.0 有 0
197.933 198.175 60.0 了 0
198.179 198.667 56.0 以 0
198.671 200.388 58.0 后 1
201.926 202.167 61.0 想 0
202.171 202.413 63.0 开 0
202.417 202.659 63.0 口 0
202.663 203.151 65.0 - 0
203.401 203.889 65.0 说 0
203.893 204.381 61.0 挽 0
204.385 205.487 63.0 留 1
205.953 206.195 63.0 亲 0
206.199 206.441 61.0 爱 0
206.445 206.687 61.0 的 0
206.691 207.055 63.0 - 0
207.428 207.916 63.0 回 0
207.92 208.162 58.0 回 0
208.166 209.637 61.0 头 1
209.767 210.009 61.0 看 0
210.013 210.255 60.0 着 0
210.259 210.624 58.0 我 0
210.751 211.239 61.0 那 0
211.243 211.485 63.0 比 0
211.489 211.731 61.0 心 0
211.735 211.976 60.0 更 0
211.981 212.222 58.0 痛 0
212.226 212.591 56.0 的 0
212.718 213.083 56.0 眼 0
213.21 213.821 58.0 眸 1
214.307 214.548 63.0 至 0
214.553 214.794 61.0 少 0
214.798 214.917 63.0 能 0
215.044 215.286 61.0 感 0
215.29 215.778 63.0 动 0
215.782 216.27 68.0 所 0
216.274 217.376 65.0 有 1
217.682 217.924 61.0 亲 0
217.928 218.17 63.0 爱 0
218.174 218.662 65.0 的 0
218.912 219.154 65.0 我 0
219.158 219.522 65.0 不 0
219.527 219.891 63.0 甘 0
219.895 220.137 61.0 心 0
220.141 220.506 65.0 放 0
220.633 221.49 63.0 手 1
221.65 221.892 60.0 没 0
221.896 222.137 61.0 勇 0
222.142 222.383 61.0 气 0
222.387 222.875 63.0 - 0
223.125 223.367 61.0 看 0
223.371 223.859 58.0 你 0
223.863 224.965 61.0 走 1
225.009 225.251 60.0 还 0
225.255 225.497 60.0 在 0
225.501 225.743 58.0 原 0
225.747 225.989 56.0 地 0
225.993 226.358 56.0 逗 0
226.485 226.85 58.0 留 1
227.127 227.368 60.0 求 0
227.372 227.614 60.0 你 0
227.618 227.86 58.0 能 0
227.864 228.106 56.0 够 0
228.11 228.475 56.0 回 0
228.602 229.09 58.0 头 1
229.909 230.151 58.0 难 0
230.155 230.397 61.0 道 0
230.401 230.643 60.0 真 0
230.647 230.889 61.0 的 0
230.893 231.135 61.0 没 0
231.139 231.381 61.0 有 0
231.385 231.627 60.0 了 0
231.631 232.118 56.0 以 0
232.122 233.84 58.0 后 1
