37.862 38.253 57.0 浪 0
38.256 38.45 57.0 迹 0
38.454 38.648 57.0 了 0
38.651 39.043 57.0 边 0
39.046 39.437 59.0 疆 1
39.438 39.73 60.0 风 0
39.832 40.026 60.0 霜 0
40.03 40.224 60.0 了 0
40.227 40.619 60.0 脸 0
40.622 41.013 62.0 庞 1
41.078 41.37 64.0 望 0
41.472 41.864 64.0 不 0
41.867 42.258 60.0 见 0
42.262 42.653 57.0 故 0
42.656 43.64 59.0 乡 1
44.212 44.505 62.0 满 0
44.607 44.801 62.0 眼 0
44.805 44.999 62.0 的 0
45.002 45.393 62.0 黄 0
45.397 45.788 64.0 沙 1
45.878 46.171 65.0 蜿 0
46.273 46.467 65.0 蜒 0
46.47 46.665 65.0 的 0
46.668 47.059 65.0 伤 0
47.063 47.454 67.0 疤 1
47.461 47.754 69.0 没 0
47.856 48.248 67.0 有 0
48.251 48.642 65.0 泪 0
48.646 49.037 65.0 流 0
49.04 49.826 64.0 下 1
50.126 50.518 64.0 我 0
50.521 51.011 62.0 就 0
51.113 51.307 62.0 像 0
51.311 51.702 62.0 风 0
51.705 52.097 60.0 飞 0
52.1 52.886 62.0 沙 1
53.708 54.198 60.0 何 0
54.3 54.494 60.0 时 0
54.498 54.889 60.0 能 0
54.892 55.284 59.0 停 0
55.287 56.073 57.0 下 1
56.429 56.821 64.0 我 0
56.824 57.215 62.0 向 0
57.416 57.61 62.0 苍 0
57.614 58.005 62.0 天 0
58.008 58.4 62.0 呐 0
58.403 59.387 59.0 喊 1
59.927 60.516 59.0 相 0
60.519 60.713 52.0 隔 0
60.716 61.108 60.0 一 0
61.111 61.503 59.0 悬 0
61.506 63.082 57.0 崖 1
64.843 65.234 57.0 肩 0
65.238 65.432 57.0 上 0
65.435 65.629 57.0 的 0
65.632 66.024 57.0 月 0
66.027 66.418 59.0 光 1
66.422 66.714 60.0 踏 0
66.816 67.011 60.0 破 0
67.014 67.208 60.0 了 0
67.211 67.603 60.0 雪 0
67.606 67.997 62.0 花 1
68.004 68.296 64.0 想 0
68.398 68.79 64.0 念 0
68.793 69.185 60.0 你 0
69.188 69.579 57.0 家 0
69.583 70.566 59.0 乡 1
71.072 71.364 62.0 无 0
71.466 71.66 62.0 尽 0
71.664 71.858 62.0 的 0
71.861 72.252 62.0 步 0
72.256 72.647 64.0 伐 1
72.667 72.959 65.0 无 0
73.061 73.255 65.0 悔 0
73.259 73.453 65.0 的 0
73.456 73.847 65.0 情 0
73.851 74.242 67.0 话 1
74.306 74.599 69.0 异 0
74.701 75.093 69.0 常 0
75.096 75.487 65.0 的 0
75.491 75.882 65.0 沙 0
75.885 76.672 64.0 哑 1
76.898 77.289 64.0 我 0
77.292 77.782 62.0 就 0
77.884 78.079 62.0 像 0
78.082 78.473 62.0 风 0
78.477 78.868 60.0 飞 0
78.871 79.657 62.0 沙 1
80.57 80.962 60.0 放 0
80.965 81.159 60.0 不 0
81.162 81.356 60.0 下 0
81.36 81.751 60.0 你 0
81.754 82.146 59.0 牵 0
82.149 82.935 57.0 挂 1
83.271 83.663 64.0 无 0
83.666 84.058 62.0 奈 0
84.258 84.452 62.0 岁 0
84.456 84.847 62.0 月 0
84.85 85.242 62.0 不 0
85.245 86.229 59.0 等 1
86.813 87.204 59.0 回 0
87.208 87.599 52.0 头 0
87.603 87.994 60.0 已 0
87.997 88.389 59.0 白 0
88.392 89.968 57.0 发 1
91.583 91.777 64.0 爱 0
91.78 92.172 65.0 - 0
92.372 92.961 65.0 人 0
93.162 93.751 65.0 啊 0
94.346 94.54 65.0 你 0
94.543 94.737 65.0 可 0
94.741 95.034 64.0 愿 0
95.136 95.527 64.0 盼 0
95.53 95.922 60.0 我 0
95.925 96.316 62.0 回 0
96.32 97.106 64.0 家 1
97.928 98.122 64.0 爱 0
98.125 98.516 65.0 - 0
98.717 99.306 65.0 人 0
99.507 100.095 65.0 啊 0
100.691 100.885 65.0 哪 0
100.888 101.082 67.0 怕 0
101.086 101.378 69.0 我 0
101.48 101.872 69.0 身 0
101.875 102.168 65.0 在 0
102.27 102.661 65.0 天 0
102.665 103.451 64.0 涯 1
104.204 104.793 62.0 风 0
104.994 105.583 62.0 飞 0
105.783 106.372 62.0 沙 1
106.995 107.189 60.0 想 0
107.192 107.386 62.0 我 0
107.389 107.682 64.0 不 0
107.784 108.077 65.0 知 0
108.179 108.472 64.0 何 0
108.574 108.965 65.0 年 0
108.968 109.36 64.0 何 0
109.363 109.754 65.0 月 0
109.758 110.149 64.0 才 0
110.153 110.544 65.0 落 0
110.547 111.136 64.0 下 0
111.139 111.926 64.0 - 1
112.018 112.41 59.0 回 0
112.413 112.804 60.0 来 0
112.808 113.199 60.0 你 0
113.202 113.594 59.0 身 0
113.597 115.173 57.0 旁 1
135.829 136.221 57.0 浪 0
136.224 136.418 57.0 迹 0
136.422 136.616 57.0 了 0
136.619 137.01 57.0 边 0
137.014 137.405 59.0 疆 1
137.415 137.708 60.0 风 0
137.81 138.004 60.0 霜 0
138.007 138.202 60.0 了 0
138.205 138.596 60.0 脸 0
138.6 138.991 62.0 庞 1
139.009 139.302 64.0 望 0
139.404 139.796 62.0 不 0
139.799 140.19 60.0 见 0
140.194 140.585 60.0 故 0
140.588 141.572 59.0 乡 1
142.017 142.31 62.0 满 0
142.412 142.606 62.0 眼 0
142.609 142.803 62.0 的 0
142.807 143.198 62.0 黄 0
143.201 143.593 64.0 沙 1
143.765 144.058 65.0 蜿 0
144.16 144.354 65.0 蜒 0
144.357 144.551 65.0 的 0
144.555 144.946 65.0 伤 0
144.949 145.341 67.0 疤 1
145.36 145.653 69.0 没 0
145.755 146.146 69.0 有 0
146.15 146.541 65.0 泪 0
146.544 146.936 65.0 流 0
146.939 147.725 64.0 下 1
147.945 148.337 64.0 我 0
148.34 148.83 62.0 就 0
148.932 149.126 62.0 像 0
149.129 149.521 62.0 风 0
149.524 149.916 60.0 飞 0
149.919 150.705 62.0 沙 1
151.554 152.044 60.0 何 0
152.146 152.34 60.0 时 0
152.343 152.735 60.0 能 0
152.738 153.13 60.0 停 0
153.133 153.919 57.0 下 1
154.364 154.756 64.0 我 0
154.759 155.249 62.0 向 0
155.351 155.545 62.0 苍 0
155.548 155.94 62.0 天 0
155.943 156.334 62.0 呐 0
156.338 157.321 59.0 喊 1
157.906 158.297 59.0 相 0
158.3 158.692 52.0 隔 0
158.695 159.087 60.0 一 0
159.09 159.481 59.0 悬 0
159.485 161.06 57.0 崖 1
162.581 162.972 57.0 肩 0
162.975 163.169 57.0 上 0
163.173 163.367 57.0 的 0
163.37 163.761 57.0 月 0
163.765 164.156 59.0 光 1
164.194 164.487 60.0 踏 0
164.589 164.783 60.0 破 0
164.787 164.981 60.0 了 0
164.984 165.375 60.0 雪 0
165.379 165.77 62.0 花 1
165.828 166.121 64.0 想 0
166.223 166.615 64.0 念 0
166.618 167.009 60.0 你 0
167.013 167.404 57.0 家 0
167.407 168.391 59.0 乡 1
169.01 169.303 62.0 无 0
169.405 169.599 62.0 尽 0
169.602 169.797 62.0 的 0
169.8 170.191 62.0 步 0
170.195 170.586 64.0 伐 1
170.613 170.906 65.0 无 0
171.008 171.202 65.0 悔 0
171.205 171.399 65.0 的 0
171.403 171.794 65.0 情 0
171.797 172.189 67.0 话 1
172.198 172.491 69.0 异 0
172.593 172.984 69.0 常 0
172.988 173.379 65.0 的 0
173.382 173.774 65.0 沙 0
173.777 174.563 64.0 哑 1
174.877 175.269 64.0 我 0
175.272 175.762 62.0 就 0
175.864 176.058 62.0 像 0
176.062 176.453 62.0 风 0
176.456 176.848 60.0 飞 0
176.851 177.637 62.0 沙 1
178.338 178.631 60.0 放 0
178.634 178.927 60.0 不 0
178.93 179.124 60.0 下 0
179.127 179.519 60.0 你 0
179.522 179.914 59.0 牵 0
179.917 180.703 57.0 挂 1
181.285 181.677 64.0 无 0
181.68 182.071 62.0 奈 0
182.272 182.466 62.0 岁 0
182.469 182.861 62.0 月 0
182.864 183.256 64.0 不 0
183.259 184.242 59.0 等 1
184.805 185.196 59.0 回 0
185.2 185.591 52.0 头 0
185.594 185.986 60.0 已 0
185.989 186.38 59.0 白 0
186.384 187.959 57.0 发 1
189.438 189.632 64.0 爱 0
189.635 190.026 65.0 - 0
190.227 190.816 65.0 人 0
191.017 191.605 65.0 啊 0
192.201 192.395 65.0 你 0
192.398 192.592 65.0 可 0
192.596 192.888 64.0 愿 0
192.99 193.382 64.0 盼 0
193.385 193.776 60.0 我 0
193.78 194.171 62.0 回 0
194.175 194.961 64.0 家 1
195.878 196.073 64.0 爱 0
196.076 196.467 65.0 - 0
196.668 197.257 65.0 人 0
197.457 198.046 65.0 啊 0
198.642 198.836 65.0 哪 0
198.839 199.033 67.0 怕 0
199.036 199.329 69.0 我 0
199.431 199.823 67.0 身 0
199.826 200.119 65.0 在 0
200.221 200.612 65.0 天 0
200.615 201.401 64.0 涯 1
202.187 202.776 62.0 风 0
202.977 203.566 62.0 飞 0
203.766 204.355 62.0 沙 1
204.917 205.111 60.0 想 0
205.115 205.309 62.0 我 0
205.312 205.605 64.0 不 0
205.707 206.0 65.0 知 0
206.102 206.394 64.0 何 0
206.496 206.888 65.0 年 0
206.891 207.283 64.0 何 0
207.286 207.677 65.0 月 0
207.681 208.072 64.0 才 0
208.075 208.467 65.0 落 0
208.47 209.059 64.0 下 0
209.062 209.848 64.0 - 1
209.91 210.301 59.0 回 0
210.305 210.696 60.0 来 0
210.699 211.091 60.0 你 0
211.094 211.486 59.0 身 0
211.489 213.065 57.0 旁 1
214.679 214.873 64.0 爱 0
214.876 215.268 65.0 - 0
215.468 216.057 65.0 人 0
216.258 216.847 65.0 啊 0
217.442 217.636 65.0 你 0
217.639 217.833 65.0 可 0
217.837 218.129 64.0 愿 0
218.231 218.623 64.0 盼 0
218.626 219.018 60.0 我 0
219.021 219.412 62.0 回 0
219.416 220.202 64.0 家 1
220.995 221.189 64.0 爱 0
221.192 221.583 65.0 - 0
221.784 222.373 65.0 人 0
222.574 223.162 65.0 啊 0
223.758 223.952 65.0 哪 0
223.955 224.149 67.0 怕 0
224.153 224.445 69.0 我 0
224.547 224.939 69.0 身 0
224.942 225.235 65.0 在 0
225.337 225.728 65.0 天 0
225.731 226.518 64.0 涯 1
227.401 227.99 62.0 风 0
228.191 228.78 62.0 飞 0
228.98 229.569 62.0 沙 1
230.109 230.303 60.0 想 0
230.306 230.5 62.0 我 0
230.503 230.796 64.0 不 0
230.898 231.191 65.0 知 0
231.293 231.586 64.0 何 0
231.688 232.079 65.0 年 0
232.082 232.474 64.0 何 0
232.477 232.868 65.0 月 0
232.872 233.263 64.0 才 0
233.266 233.658 65.0 落 0
233.661 234.25 64.0 下 0
234.253 235.039 64.0 - 1
235.267 235.659 59.0 回 0
235.662 236.053 60.0 来 0
236.057 236.448 60.0 你 0
236.451 236.843 59.0 身 0
236.846 238.422 57.0 旁 1
