20.243 20.888 62.0 我 0
20.888 21.21 62.0 从 0
21.21 21.773 58.0 不 0
21.773 22.176 58.0 会 0
22.176 22.82 55.0 轻 0
22.82 23.142 55.0 易 0
23.142 23.786 50.0 许 0
23.786 24.108 50.0 下 0
24.108 24.752 51.0 任 0
24.752 25.074 51.0 何 0
25.074 25.396 60.0 诺 0
25.396 25.719 62.0 - 0
25.719 26.685 60.0 言 1
27.755 28.077 50.0 也 0
28.077 28.318 60.0 从 0
28.318 28.641 60.0 不 0
28.641 29.043 58.0 会 0
29.043 29.365 60.0 为 0
29.365 29.607 60.0 一 0
29.607 30.009 58.0 个 0
30.009 30.976 60.0 人 0
31.217 31.539 58.0 如 0
31.539 31.942 55.0 此 0
31.942 32.586 58.0 心 0
32.586 33.874 55.0 碎 1
35.408 35.73 50.0 而 0
35.73 36.375 62.0 现 0
36.375 36.697 62.0 在 0
36.697 37.341 58.0 我 0
37.341 37.663 58.0 可 0
37.663 38.629 55.0 以 0
38.629 39.273 50.0 敞 0
39.273 39.595 50.0 开 0
39.595 40.239 51.0 我 0
40.239 40.561 51.0 的 0
40.561 40.883 60.0 内 0
40.883 41.205 62.0 - 0
41.205 42.494 60.0 心 1
43.597 43.919 60.0 你 0
43.919 44.241 60.0 是 0
44.241 44.563 58.0 我 0
44.563 45.207 60.0 唯 0
45.207 45.529 58.0 一 0
45.529 46.173 60.0 真 0
46.173 46.495 60.0 心 0
46.495 46.818 60.0 爱 0
46.818 47.14 58.0 过 0
47.14 47.462 55.0 的 0
47.462 48.106 58.0 姑 0
48.106 49.716 55.0 娘 1
50.979 51.301 50.0 可 0
51.301 51.623 57.0 突 0
51.623 51.945 57.0 然 0
51.945 52.268 55.0 有 0
52.268 52.912 57.0 一 0
52.912 53.234 55.0 天 0
53.234 54.2 57.0 你 0
54.2 54.522 58.0 离 0
54.522 54.844 57.0 开 0
54.844 55.166 58.0 了 0
55.166 55.81 57.0 这 0
55.81 58.065 55.0 里 1
58.899 59.221 57.0 带 0
59.221 59.543 57.0 走 0
59.543 59.865 55.0 了 0
59.865 60.509 57.0 整 0
60.509 60.831 55.0 个 0
60.831 61.475 57.0 世 0
61.475 61.797 55.0 界 0
61.797 62.119 57.0 没 0
62.119 62.442 57.0 留 0
62.442 62.764 55.0 一 0
62.764 63.005 55.0 片 0
63.005 63.408 57.0 - 0
63.408 64.696 58.0 云 1
66.642 66.964 57.0 从 0
66.964 67.286 57.0 此 0
67.286 67.608 55.0 我 0
67.608 68.253 57.0 就 0
68.253 68.575 55.0 像 0
68.575 69.219 57.0 抽 0
69.219 69.541 55.0 离 0
69.541 69.863 57.0 麦 0
69.863 70.185 57.0 毛 0
70.185 70.507 58.0 的 0
70.507 71.151 57.0 青 0
71.151 72.439 55.0 稞 1
74.138 74.299 55.0 在 0
74.299 74.46 55.0 那 0
74.46 74.782 55.0 寂 0
74.782 75.104 57.0 风 0
75.104 75.426 55.0 孤 0
75.426 75.668 55.0 雨 0
75.668 76.07 57.0 - 0
76.07 76.392 55.0 中 0
76.392 76.634 55.0 徨 0
76.634 77.036 57.0 - 0
77.036 77.761 58.0 也 0
78.163 78.808 57.0 彷 0
78.808 80.176 55.0 徨 1
81.566 81.888 55.0 但 0
81.888 82.21 55.0 是 0
82.21 82.532 65.0 希 0
82.532 82.854 67.0 - 0
82.854 83.176 67.0 望 0
83.176 83.821 63.0 你 0
83.821 84.143 63.0 明 0
84.143 85.109 60.0 白 1
85.739 86.061 53.0 我 0
86.061 86.383 63.0 就 0
86.383 86.705 65.0 - 0
86.705 87.027 67.0 在 0
87.027 87.671 65.0 你 0
87.671 87.993 62.0 身 0
87.993 88.96 58.0 旁 1
89.819 90.141 60.0 不 0
90.141 90.463 60.0 论 0
90.463 90.785 58.0 你 0
90.785 91.107 58.0 在 0
91.107 91.429 60.0 - 0
91.429 91.751 58.0 多 0
91.751 92.073 58.0 远 0
92.073 92.717 60.0 - 0
93.039 93.361 60.0 的 0
93.361 93.683 58.0 地 0
93.683 96.099 62.0 方 1
96.99 97.312 55.0 即 0
97.312 97.634 55.0 使 0
97.634 97.956 65.0 你 0
97.956 98.278 67.0 - 0
98.278 98.6 67.0 变 0
98.6 99.245 67.0 了 0
99.245 99.567 67.0 模 0
99.567 100.533 69.0 样 1
100.921 101.243 53.0 即 0
101.243 101.565 53.0 使 0
101.565 102.129 65.0 你 0
102.129 102.451 67.0 把 0
102.451 103.095 65.0 我 0
103.095 103.417 62.0 遗 0
103.417 104.383 58.0 忘 1
105.108 105.43 58.0 你 0
105.43 105.752 58.0 永 0
105.752 106.074 60.0 远 0
106.074 106.396 58.0 都 0
106.396 106.718 58.0 是 0
106.718 107.04 60.0 - 0
107.04 107.362 58.0 我 0
107.362 108.006 60.0 心 0
108.006 108.65 60.0 爱 0
108.65 108.972 58.0 的 0
108.972 109.375 58.0 姑 0
109.375 112.193 55.0 娘 1
144.098 144.743 62.0 愿 0
144.743 145.066 62.0 上 0
145.066 145.631 58.0 苍 0
145.631 146.034 58.0 为 0
146.034 147.002 55.0 你 0
147.002 147.647 50.0 指 0
147.647 147.969 50.0 引 0
147.969 148.614 51.0 平 0
148.614 148.937 51.0 坦 0
148.937 149.26 60.0 的 0
149.26 149.582 62.0 - 0
149.582 149.905 62.0 道 0
149.905 150.55 60.0 途 1
151.829 152.152 60.0 愿 0
152.152 152.474 60.0 命 0
152.474 152.797 58.0 运 0
152.797 153.442 60.0 让 0
153.442 153.765 58.0 你 0
153.765 154.41 60.0 遇 0
154.41 154.732 60.0 见 0
154.732 155.055 60.0 善 0
155.055 155.378 58.0 良 0
155.378 155.7 55.0 的 0
155.7 156.345 58.0 人 0
156.345 157.636 55.0 们 1
159.714 160.359 62.0 愿 0
160.359 160.682 62.0 远 0
160.682 161.327 58.0 方 0
161.327 161.65 58.0 的 0
161.65 162.295 55.0 阳 0
162.295 162.617 55.0 光 0
162.617 163.263 50.0 和 0
163.263 163.585 50.0 璀 0
163.585 164.22 51.0 璨 0
164.22 164.538 51.0 的 0
164.538 164.855 60.0 灯 0
164.855 165.172 62.0 - 0
165.172 166.442 60.0 火 1
167.34 167.662 60.0 为 0
167.662 167.985 60.0 你 0
167.985 168.307 58.0 照 0
168.307 168.953 60.0 亮 0
168.953 169.275 58.0 每 0
169.275 169.92 60.0 一 0
169.92 170.243 60.0 片 0
170.243 170.565 60.0 未 0
170.565 170.888 58.0 来 0
170.888 171.211 55.0 的 0
171.211 172.017 58.0 天 0
172.017 173.469 55.0 空 1
175.152 175.474 57.0 时 0
175.474 175.797 57.0 光 0
175.797 176.119 55.0 就 0
176.119 176.765 57.0 像 0
176.765 177.087 55.0 一 0
177.087 178.055 57.0 条 0
178.055 178.377 57.0 奔 0
178.377 178.7 57.0 腾 0
178.7 179.023 58.0 的 0
179.023 179.668 57.0 河 0
179.668 180.958 55.0 流 1
182.378 182.701 55.0 将 0
182.701 183.023 57.0 生 0
183.023 183.346 57.0 命 0
183.346 183.668 55.0 中 0
183.668 184.313 57.0 的 0
184.313 184.636 55.0 一 0
184.636 185.523 57.0 切 0
185.604 186.249 57.0 悄 0
186.249 186.572 55.0 悄 0
186.572 186.813 55.0 带 0
186.813 187.311 57.0 - 0
187.319 188.507 58.0 走 1
190.183 190.505 55.0 而 0
190.505 190.828 57.0 我 0
190.828 191.151 57.0 的 0
191.151 191.473 55.0 心 0
191.473 192.118 57.0 就 0
192.118 192.441 55.0 像 0
192.441 193.005 57.0 那 0
193.409 193.731 57.0 翻 0
193.731 194.054 57.0 涌 0
194.054 194.376 58.0 的 0
194.376 195.022 57.0 浪 0
195.022 196.312 55.0 花 1
197.925 198.086 55.0 永 0
198.086 198.247 55.0 远 0
198.247 198.57 57.0 陪 0
198.57 198.893 57.0 着 0
198.893 199.215 55.0 你 0
199.215 199.457 55.0 哪 0
199.457 199.86 57.0 - 0
199.86 200.183 55.0 怕 0
200.183 201.07 57.0 是 0
201.151 201.796 57.0 海 0
201.796 202.118 58.0 角 0
202.118 202.441 55.0 天 0
202.441 202.764 57.0 - 0
202.764 204.215 55.0 涯 1
205.277 205.6 55.0 从 0
205.6 205.922 55.0 此 0
205.922 206.245 65.0 希 0
206.245 206.568 67.0 - 0
206.568 206.89 67.0 望 0
206.89 207.535 63.0 你 0
207.535 207.858 63.0 明 0
207.858 208.826 60.0 白 1
209.652 209.974 53.0 我 0
209.974 210.297 63.0 就 0
210.297 210.619 65.0 - 0
210.619 210.942 67.0 在 0
210.942 211.587 65.0 你 0
211.587 211.91 62.0 身 0
211.91 212.878 58.0 旁 1
213.849 214.172 60.0 不 0
214.172 214.494 60.0 论 0
214.494 214.817 58.0 你 0
214.817 215.14 58.0 在 0
215.14 215.462 60.0 - 0
215.462 215.785 58.0 多 0
215.785 216.107 58.0 远 0
216.107 216.753 60.0 - 0
217.075 217.398 60.0 的 0
217.398 217.72 58.0 地 0
217.72 220.14 62.0 方 1
220.925 221.248 55.0 直 0
221.248 221.57 55.0 到 0
221.57 221.893 65.0 你 0
221.893 222.215 67.0 - 0
222.215 222.538 67.0 变 0
222.538 223.102 67.0 了 0
223.102 223.506 67.0 模 0
223.506 224.473 69.0 样 1
224.726 224.968 53.0 直 0
224.968 225.29 53.0 到 0
225.29 225.935 65.0 你 0
225.935 226.258 67.0 把 0
226.258 226.903 65.0 我 0
226.903 227.226 62.0 遗 0
227.226 228.193 58.0 忘 1
228.971 229.293 58.0 你 0
229.293 229.616 60.0 依 0
229.616 229.938 60.0 然 0
229.938 230.261 58.0 会 0
230.261 230.583 58.0 是 0
230.583 230.906 60.0 - 0
230.906 231.229 58.0 我 0
231.229 231.874 60.0 心 0
231.874 232.519 60.0 爱 0
232.519 232.842 58.0 的 0
232.842 233.164 58.0 姑 0
233.164 235.583 55.0 娘 1
236.311 236.634 55.0 真 0
236.634 236.956 55.0 的 0
236.956 237.279 65.0 希 0
237.279 237.601 67.0 - 0
237.601 237.924 67.0 望 0
237.924 238.569 63.0 你 0
238.569 238.892 63.0 知 0
238.892 239.859 60.0 道 1
240.469 240.792 53.0 我 0
240.792 241.115 63.0 就 0
241.115 241.437 65.0 - 0
241.437 241.76 67.0 在 0
241.76 242.405 65.0 你 0
242.405 242.728 62.0 身 0
242.728 243.695 58.0 旁 1
244.638 244.961 60.0 无 0
244.961 245.283 60.0 论 0
245.283 245.606 58.0 你 0
245.606 245.928 58.0 在 0
245.928 246.251 60.0 - 0
246.251 246.574 58.0 多 0
246.574 246.896 58.0 远 0
246.896 247.541 60.0 - 0
247.864 248.186 60.0 的 0
248.186 248.509 58.0 地 0
248.509 250.928 62.0 方 1
251.801 252.123 55.0 直 0
252.123 252.446 55.0 到 0
252.446 252.769 65.0 我 0
252.769 253.091 67.0 - 0
253.091 253.414 67.0 去 0
253.414 254.059 67.0 了 0
254.059 254.381 67.0 天 0
254.381 255.349 69.0 堂 1
255.718 256.093 53.0 直 0
256.093 256.46 53.0 到 0
256.46 256.621 63.0 你 0
256.629 256.98 65.0 - 0
256.98 257.303 67.0 把 0
257.303 257.948 65.0 我 0
257.948 258.27 62.0 遗 0
258.27 259.238 58.0 忘 1
259.832 260.155 58.0 你 0
260.155 260.477 58.0 依 0
260.477 260.8 60.0 然 0
260.8 261.123 58.0 会 0
261.123 261.445 58.0 是 0
261.445 261.768 60.0 - 0
261.768 262.09 58.0 我 0
262.09 262.736 60.0 心 0
262.736 263.381 60.0 爱 0
263.381 263.703 58.0 的 0
263.703 264.026 58.0 姑 0
264.026 266.445 55.0 娘 1
267.657 267.899 58.0 你 0
267.899 268.221 60.0 依 0
268.221 268.625 60.0 然 0
268.625 269.028 58.0 会 0
269.028 269.592 60.0 是 0
269.592 269.996 58.0 我 0
269.996 270.641 60.0 心 0
270.641 271.77 60.0 爱 0
273.221 273.544 58.0 的 0
273.544 273.947 58.0 姑 0
273.947 277.173 55.0 娘 1
