29.486 29.927 60.0 你 0
29.927 30.368 58.0 的 0
30.368 30.81 56.0 道 0
30.81 31.471 60.0 歉 0
32.133 32.574 60.0 看 0
32.574 33.016 58.0 起 0
33.016 33.457 56.0 来 0
33.457 33.898 55.0 多 0
33.898 34.78 56.0 认 0
34.78 35.442 63.0 真 1
36.642 37.083 63.0 态 0
37.083 37.524 63.0 度 0
37.524 37.965 55.0 越 0
37.965 38.407 58.0 诚 0
38.407 38.848 56.0 恳 0
39.289 39.73 58.0 的 0
39.73 40.171 60.0 拥 0
40.171 40.613 60.0 抱 0
40.613 41.054 58.0 会 0
41.054 41.495 56.0 更 0
41.495 41.936 55.0 - 0
41.936 42.598 55.0 冷 1
43.649 44.09 55.0 请 0
44.09 44.513 63.0 你 0
44.531 44.972 60.0 转 0
44.972 45.634 61.0 身 0
46.296 46.737 61.0 就 0
46.737 47.178 63.0 别 0
47.178 47.619 61.0 留 0
47.619 48.061 60.0 下 0
48.061 48.447 58.0 余 0
48.447 49.163 61.0 温 1
49.79 50.231 61.0 如 0
50.231 50.673 63.0 果 0
50.673 51.106 61.0 还 0
51.114 51.555 60.0 有 0
51.555 51.996 58.0 悔 0
51.996 52.658 61.0 恨 0
53.761 54.202 61.0 你 0
54.202 54.643 61.0 怎 0
54.643 55.084 60.0 么 0
55.526 55.746 56.0 启 0
55.746 56.739 58.0 程 1
57.766 58.208 60.0 想 0
58.208 58.649 58.0 起 0
58.649 59.09 56.0 我 0
59.09 59.752 60.0 们 0
60.413 60.855 60.0 曾 0
60.855 61.296 58.0 计 0
61.296 61.737 56.0 划 0
61.737 62.178 55.0 的 0
62.178 63.061 56.0 旅 0
63.061 63.722 63.0 程 1
64.859 65.3 63.0 换 0
65.3 65.742 63.0 一 0
65.742 66.183 55.0 个 0
66.183 66.624 58.0 人 0
66.624 67.065 56.0 - 0
67.506 67.947 58.0 像 0
67.947 68.389 60.0 删 0
68.389 68.83 60.0 一 0
68.83 69.271 58.0 段 0
69.271 69.712 56.0 剧 0
69.712 70.153 55.0 - 0
70.153 70.815 55.0 本 1
71.88 72.321 55.0 那 0
72.321 72.762 63.0 故 0
72.762 73.204 60.0 事 0
73.204 73.865 61.0 里 0
74.527 74.968 61.0 最 0
74.968 75.409 63.0 笨 0
75.409 75.851 61.0 都 0
75.851 76.292 60.0 是 0
76.292 76.512 58.0 女 0
76.512 77.395 61.0 生 1
78.09 78.531 61.0 幸 0
78.531 78.972 63.0 福 0
78.972 79.413 61.0 我 0
79.413 79.854 60.0 没 0
79.854 80.075 58.0 完 0
80.075 80.957 61.0 成 0
81.619 82.06 61.0 愿 0
82.06 82.501 63.0 你 0
82.501 82.942 61.0 梦 0
82.942 83.384 60.0 想 0
83.384 84.266 61.0 成 0
84.266 85.589 63.0 真 1
86.011 86.452 63.0 请 0
86.452 86.893 65.0 不 0
86.893 87.334 67.0 要 0
87.334 87.775 68.0 再 0
87.775 87.996 63.0 对 0
87.996 88.878 63.0 我 0
89.54 89.981 72.0 说 0
89.981 90.422 70.0 一 0
90.422 90.864 68.0 声 0
90.864 91.746 70.0 Sorry 0
91.746 92.408 63.0 - 1
93.089 93.531 60.0 不 0
93.531 93.972 70.0 要 0
93.972 94.413 67.0 再 0
94.413 94.854 68.0 抱 0
94.854 95.075 67.0 歉 0
95.075 95.516 68.0 以 0
95.516 95.957 70.0 为 0
96.178 96.619 67.0 能 0
96.619 96.839 65.0 给 0
96.839 97.06 65.0 我 0
97.06 97.501 67.0 - 0
97.722 97.942 63.0 安 0
97.942 99.266 65.0 慰 1
100.06 100.501 63.0 狠 0
100.501 100.943 61.0 狠 0
100.943 101.384 60.0 的 0
101.384 102.056 61.0 掉 0
102.266 102.487 70.0 眼 0
102.487 102.707 72.0 - 0
102.707 102.928 70.0 - 0
102.928 103.259 70.0 泪 0
103.59 104.031 70.0 就 0
104.031 104.472 72.0 让 0
104.472 104.913 73.0 我 0
104.913 106.016 75.0 心 0
106.016 106.678 73.0 - 0
106.678 107.56 72.0 碎 1
108.072 108.293 70.0 就 0
108.293 108.514 68.0 算 0
108.514 108.955 73.0 伤 0
108.955 109.175 70.0 悲 0
109.175 109.617 70.0 也 0
109.617 110.278 68.0 曾 0
110.278 110.72 68.0 快 0
110.72 110.94 65.0 乐 0
110.94 111.602 67.0 对 0
111.602 111.822 68.0 不 0
111.822 112.925 70.0 对 1
114.295 114.736 63.0 请 0
114.736 115.177 65.0 不 0
115.177 115.618 67.0 要 0
115.618 116.06 68.0 再 0
116.06 116.28 63.0 对 0
116.28 117.163 63.0 我 0
117.824 118.266 70.0 说 0
118.266 118.707 70.0 一 0
118.707 119.148 68.0 声 0
119.148 119.81 70.0 Sorry 0
119.81 120.692 63.0 - 1
121.355 121.796 60.0 感 0
121.796 122.237 70.0 情 0
122.237 122.678 67.0 没 0
122.678 123.119 68.0 有 0
123.119 123.34 67.0 错 0
123.34 124.002 68.0 对 0
124.002 124.443 72.0 谁 0
124.443 124.884 67.0 猜 0
124.884 125.105 65.0 得 0
125.105 125.767 67.0 到 0
125.767 125.987 63.0 结 0
125.987 127.311 65.0 尾 1
128.24 128.681 63.0 你 0
128.681 129.122 61.0 温 0
129.122 129.563 60.0 暖 0
129.563 130.004 61.0 的 0
130.445 130.887 72.0 包 0
130.887 131.107 70.0 - 0
131.107 131.438 70.0 围 0
131.769 132.21 70.0 你 0
132.21 132.651 72.0 给 0
132.651 133.093 73.0 的 0
133.093 134.195 75.0 昨 0
134.195 134.857 73.0 - 0
134.857 135.74 72.0 天 1
136.275 136.495 70.0 不 0
136.495 136.716 68.0 能 0
136.716 137.157 73.0 留 0
137.157 137.598 70.0 在 0
137.598 137.819 70.0 身 0
137.819 138.481 68.0 边 0
138.922 139.253 72.0 留 0
139.253 139.584 70.0 在 0
139.584 139.914 68.0 心 0
140.907 141.128 67.0 里 0
141.128 143.334 68.0 面 1
160.154 160.595 60.0 我 0
160.595 161.037 58.0 曾 0
161.037 161.478 56.0 努 0
161.478 162.36 60.0 力 0
162.801 163.242 60.0 的 0
163.242 163.684 58.0 爱 0
163.684 164.125 56.0 着 0
164.125 164.566 55.0 一 0
164.566 165.448 56.0 个 0
165.448 166.331 63.0 人 1
167.057 167.498 63.0 那 0
167.498 167.939 63.0 是 0
167.939 168.381 55.0 我 0
168.381 168.822 58.0 心 0
168.822 169.263 56.0 里 0
169.704 170.145 58.0 最 0
170.145 170.586 58.0 美 0
170.586 171.028 60.0 好 0
171.028 171.469 58.0 的 0
171.469 171.91 56.0 过 0
171.91 172.351 55.0 - 0
172.351 173.234 55.0 程 1
174.198 174.639 55.0 每 0
174.639 175.08 63.0 颗 0
175.08 175.521 60.0 眼 0
175.521 176.183 61.0 泪 0
176.845 177.286 61.0 都 0
177.286 177.727 61.0 曾 0
177.727 178.168 61.0 带 0
178.168 178.61 60.0 着 0
178.61 178.83 58.0 体 0
178.83 179.713 61.0 温 1
180.348 180.79 61.0 也 0
180.79 181.231 63.0 许 0
181.231 181.672 61.0 幸 0
181.672 182.113 60.0 福 0
182.113 182.334 58.0 要 0
182.334 183.216 61.0 等 0
184.319 184.76 63.0 下 0
184.76 185.201 61.0 一 0
185.201 185.642 60.0 种 0
186.084 186.304 56.0 可 0
186.304 186.966 58.0 能 1
188.317 188.759 60.0 我 0
188.759 189.2 58.0 曾 0
189.2 189.641 56.0 为 0
189.641 190.523 60.0 爱 0
190.965 191.406 60.0 在 0
191.406 191.847 58.0 黑 0
191.847 192.288 56.0 暗 0
192.288 192.729 55.0 中 0
192.729 193.612 56.0 狂 0
193.612 194.935 63.0 奔 1
195.364 195.805 63.0 只 0
195.805 196.247 63.0 为 0
196.247 196.688 55.0 等 0
196.688 197.129 58.0 你 0
197.129 197.57 56.0 - 0
198.011 198.453 58.0 轻 0
198.453 198.894 60.0 轻 0
198.894 199.335 60.0 的 0
199.335 199.776 58.0 一 0
199.776 200.217 56.0 个 0
200.217 200.658 55.0 - 0
200.658 201.541 55.0 吻 1
202.444 202.885 55.0 我 0
202.885 203.326 63.0 的 0
203.326 203.768 60.0 青 0
203.768 204.429 61.0 春 0
205.091 205.532 61.0 爱 0
205.532 205.974 61.0 到 0
205.974 206.415 61.0 奋 0
206.415 206.856 60.0 不 0
206.856 207.076 58.0 顾 0
207.132 207.959 61.0 身 1
208.634 209.075 61.0 也 0
209.075 209.516 63.0 接 0
209.516 209.957 61.0 受 0
209.957 210.398 60.0 不 0
210.398 210.619 58.0 完 0
210.619 211.501 61.0 整 0
212.163 212.604 61.0 虽 0
212.604 213.045 61.0 然 0
213.045 213.487 61.0 心 0
213.487 213.928 60.0 还 0
213.928 214.81 61.0 会 0
214.81 216.134 63.0 疼 1
216.578 217.019 63.0 请 0
217.019 217.46 65.0 不 0
217.46 217.901 67.0 要 0
217.901 218.342 68.0 再 0
218.342 218.563 63.0 对 0
218.563 219.445 63.0 我 0
220.107 220.548 70.0 说 0
220.548 220.99 70.0 一 0
220.99 221.431 68.0 声 0
221.431 222.092 70.0 Sorry 0
222.092 222.975 63.0 - 1
223.566 224.007 60.0 不 0
224.007 224.448 70.0 要 0
224.448 224.889 67.0 再 0
224.889 225.33 68.0 抱 0
225.33 225.551 67.0 歉 0
225.551 225.992 68.0 以 0
225.992 226.213 70.0 为 0
226.213 226.654 72.0 - 0
226.654 227.095 67.0 能 0
227.095 227.316 65.0 给 0
227.316 227.536 65.0 我 0
227.536 227.977 67.0 - 0
228.198 228.419 63.0 安 0
228.419 229.301 65.0 慰 1
230.653 231.095 63.0 狠 0
231.095 231.536 61.0 狠 0
231.536 231.977 60.0 的 0
231.977 232.418 61.0 掉 0
232.859 233.08 70.0 眼 0
233.08 233.3 72.0 - 0
233.3 233.521 70.0 - 0
233.521 233.852 70.0 泪 0
234.183 234.624 70.0 就 0
234.624 235.065 72.0 让 0
235.065 235.506 73.0 我 0
235.506 236.609 75.0 心 0
236.609 237.05 73.0 - 0
237.05 237.933 72.0 碎 1
238.568 238.788 70.0 就 0
238.788 239.009 68.0 算 0
239.009 239.45 73.0 伤 0
239.45 239.671 72.0 悲 0
239.671 240.112 70.0 也 0
240.112 240.773 68.0 曾 0
240.773 241.215 68.0 快 0
241.215 241.435 65.0 乐 0
241.435 242.097 67.0 对 0
242.097 242.318 68.0 不 0
242.318 243.42 70.0 对 1
244.872 245.313 63.0 请 0
245.313 245.754 65.0 不 0
245.754 246.196 67.0 要 0
246.196 246.637 68.0 再 0
246.637 246.857 63.0 对 0
246.857 247.74 63.0 我 0
248.401 248.843 70.0 说 0
248.843 249.284 70.0 一 0
249.284 249.725 68.0 声 0
249.725 250.387 70.0 Sorry 0
250.387 251.269 63.0 - 1
251.848 252.289 60.0 感 0
252.289 252.73 70.0 情 0
252.73 253.171 67.0 没 0
253.171 253.613 67.0 有 0
253.613 253.833 67.0 错 0
253.833 254.495 68.0 对 0
254.495 254.936 72.0 谁 0
254.936 255.377 67.0 猜 0
255.377 255.598 65.0 得 0
255.598 256.26 67.0 到 0
256.26 256.48 63.0 结 0
256.48 258.024 65.0 尾 1
258.902 259.343 63.0 你 0
259.343 259.784 61.0 温 0
259.784 260.225 60.0 暖 0
260.225 260.666 61.0 的 0
261.108 261.328 70.0 包 0
261.328 261.549 72.0 - 0
261.549 261.769 70.0 - 0
261.769 262.1 70.0 围 0
262.431 262.872 70.0 你 0
262.872 263.313 72.0 给 0
263.313 263.755 73.0 的 0
263.755 264.858 75.0 昨 0
264.858 265.299 73.0 - 0
265.299 266.181 72.0 天 1
266.763 266.983 70.0 不 0
266.983 267.204 68.0 能 0
267.204 267.645 73.0 留 0
267.645 268.086 72.0 在 0
268.086 268.307 70.0 身 0
268.307 268.969 68.0 边 0
268.969 269.41 72.0 留 0
269.41 269.851 70.0 在 0
269.851 270.292 68.0 心 0
270.292 270.513 67.0 里 0
270.513 273.822 68.0 面 1
274.718 274.939 68.0 我 0
274.939 275.159 67.0 会 0
275.159 275.6 68.0 痛 0
275.6 275.821 68.0 也 0
275.821 276.042 67.0 会 0
276.042 276.483 68.0 累 0
276.483 276.703 68.0 但 0
276.703 277.144 68.0 不 0
277.144 277.586 68.0 虚 0
277.586 277.917 68.0 伪 1
278.391 278.612 68.0 不 0
278.612 278.833 67.0 要 0
278.833 279.274 68.0 说 0
279.494 279.715 67.0 Sorry 0
279.715 280.156 68.0 - 0
280.377 280.818 68.0 说 0
280.818 281.259 65.0 惭 0
281.259 281.48 63.0 愧 1
281.635 281.856 68.0 我 0
281.856 282.076 68.0 永 0
282.076 282.297 68.0 远 0
282.297 282.738 68.0 记 0
282.738 282.959 68.0 得 0
282.959 283.4 68.0 你 0
283.621 283.841 65.0 给 0
283.841 284.282 67.0 我 0
284.282 284.503 68.0 的 0
284.944 286.047 72.0 快 0
286.047 286.268 75.0 乐 0
286.268 286.488 72.0 伤 0
286.488 287.591 70.0 悲 1
287.861 288.743 71.0 哦 0
288.743 290.287 71.0 - 1
290.655 291.097 64.0 请 0
291.097 291.538 66.0 不 0
291.538 291.979 68.0 要 0
291.979 292.42 69.0 再 0
292.42 292.641 64.0 对 0
292.641 293.302 64.0 我 0
294.24 294.626 73.0 说 0
294.626 295.067 71.0 一 0
295.067 295.508 69.0 声 0
295.508 296.06 71.0 Sorry 0
296.06 297.052 64.0 - 1
297.662 298.103 61.0 感 0
298.103 298.544 71.0 情 0
298.544 298.986 68.0 没 0
298.986 299.427 69.0 有 0
299.427 299.647 68.0 错 0
299.647 300.309 69.0 对 0
300.309 300.75 71.0 谁 0
300.75 301.192 68.0 猜 0
301.192 301.412 66.0 得 0
301.412 301.633 66.0 到 0
301.633 302.074 68.0 - 0
302.074 302.515 64.0 结 0
302.515 304.28 66.0 尾 1
304.753 305.194 64.0 你 0
305.194 305.635 62.0 温 0
305.635 306.076 61.0 暖 0
306.076 306.518 62.0 的 0
306.959 307.29 73.0 包 0
307.29 307.621 73.0 - 0
307.621 307.951 71.0 围 0
308.282 308.724 71.0 你 0
308.724 309.165 73.0 给 0
309.165 309.606 74.0 的 0
309.606 310.709 76.0 昨 0
310.709 311.15 74.0 - 0
311.15 312.253 73.0 天 1
312.801 313.022 71.0 不 0
313.022 313.242 69.0 能 0
313.242 313.683 73.0 留 0
313.683 314.125 71.0 在 0
314.125 314.345 71.0 身 0
314.345 315.007 69.0 边 0
315.007 315.448 73.0 留 0
315.448 315.889 71.0 在 0
315.889 316.331 69.0 心 0
316.331 316.551 68.0 里 0
316.551 319.419 69.0 面 1
319.878 320.099 71.0 每 0
320.099 320.36 69.0 次 0
320.374 320.534 73.0 想 0
320.54 321.005 74.0 你 0
321.036 321.465 73.0 - 0
321.476 321.708 71.0 我 0
321.708 321.997 69.0 会 0
322.525 323.142 73.0 笑 0
323.147 323.43 71.0 着 0
323.436 324.069 69.0 流 0
326.054 328.26 68.0 眼 0
328.26 333.996 69.0 泪 1
