31.69 32.149 59.0 久 0
32.179 32.638 60.0 未 0
32.668 33.127 59.0 放 0
33.157 33.61 57.0 晴 0
33.639 33.851 59.0 的 1
33.87 34.323 60.0 天 0
34.352 35.046 59.0 空 1
35.621 36.073 59.0 依 0
36.103 36.555 60.0 旧 0
36.585 37.037 59.0 留 0
37.066 37.519 57.0 着 0
37.548 37.76 59.0 你 0
37.789 38.242 59.0 的 1
38.429 38.641 54.0 笑 0
38.67 39.364 55.0 容 1
39.836 40.53 64.0 哭 0
40.559 40.771 62.0 - 0
40.8 41.253 62.0 过 1
42.236 42.689 55.0 却 0
42.718 43.171 60.0 无 0
43.2 43.653 59.0 法 0
43.682 44.135 60.0 掩 0
44.164 44.376 62.0 埋 0
44.405 44.87 59.0 歉 0
44.901 45.125 57.0 - 0
45.155 45.634 57.0 疚 1
47.155 47.575 59.0 风 0
47.602 48.062 60.0 筝 0
48.091 48.53 59.0 在 0
48.58 49.033 57.0 阴 0
49.062 49.26 59.0 天 1
49.302 49.769 60.0 搁 0
49.798 50.492 59.0 浅 1
50.988 51.441 59.0 想 0
51.47 51.937 60.0 念 0
51.966 52.391 59.0 还 0
52.448 52.901 57.0 在 0
52.93 53.142 59.0 等 0
53.171 53.624 59.0 待 1
53.836 54.048 54.0 救 0
54.077 54.771 55.0 援 1
55.451 56.159 64.0 我 0
56.188 56.4 62.0 - 0
56.429 56.882 62.0 拉 0
56.897 57.109 69.0 着 0
57.138 57.35 67.0 线 1
58.108 58.32 69.0 复 0
58.349 58.802 71.0 习 0
58.831 59.283 71.0 你 0
59.313 59.765 71.0 给 0
59.795 60.006 67.0 的 0
60.036 60.488 67.0 温 0
60.518 61.211 69.0 柔 1
61.544 61.756 67.0 暴 0
61.785 61.997 66.0 晒 0
62.026 62.492 64.0 在 0
62.522 62.988 64.0 一 0
63.018 63.484 64.0 旁 0
63.514 63.732 66.0 的 0
63.762 64.228 64.0 寂 0
64.258 64.972 63.0 寞 1
65.882 66.1 59.0 笑 0
66.13 66.577 66.0 我 0
66.606 67.052 66.0 给 0
67.081 67.528 67.0 不 0
67.557 67.766 69.0 起 0
67.794 68.241 69.0 承 0
68.27 68.479 67.0 诺 1
68.972 69.265 66.0 怎 0
69.294 69.587 67.0 么 0
69.616 69.909 66.0 会 0
69.938 70.392 64.0 怎 0
70.421 70.633 64.0 么 0
70.662 70.875 64.0 会 1
71.505 71.718 64.0 你 0
71.747 72.2 64.0 竟 0
72.229 72.682 69.0 原 0
72.711 73.164 69.0 谅 0
73.193 73.405 67.0 了 0
73.434 75.573 69.0 我 1
76.252 76.704 59.0 我 0
76.733 77.186 62.0 只 0
77.215 77.668 67.0 能 1
77.676 78.129 67.0 永 0
78.158 78.611 60.0 远 0
78.64 79.093 60.0 读 0
79.122 79.334 59.0 着 0
79.363 79.816 59.0 对 0
79.845 80.057 57.0 白 1
80.56 81.013 66.0 读 0
81.042 81.495 67.0 着 1
81.505 81.958 69.0 我 0
81.987 82.44 62.0 给 0
82.469 82.922 62.0 你 0
82.951 83.404 60.0 的 0
83.433 83.645 60.0 伤 0
83.674 84.368 59.0 害 1
84.385 84.597 59.0 我 0
84.626 84.838 60.0 原 0
84.867 85.079 62.0 谅 0
85.349 85.808 62.0 不 0
85.837 86.052 64.0 了 0
86.081 86.296 55.0 我 1
86.982 87.197 64.0 就 0
87.227 87.685 64.0 请 0
87.715 88.173 66.0 你 0
88.203 88.662 57.0 当 0
88.691 89.15 57.0 作 0
89.179 89.632 60.0 我 0
89.661 90.114 59.0 已 0
90.143 90.596 57.0 不 0
90.625 91.078 59.0 在 1
91.7 92.103 59.0 我 0
92.129 92.533 62.0 睁 0
92.559 93.121 69.0 开 0
93.157 93.607 67.0 双 0
93.628 94.081 60.0 眼 1
94.085 94.532 60.0 看 0
94.561 94.774 59.0 着 0
94.803 95.252 59.0 空 0
95.284 95.497 57.0 白 1
96.108 96.569 66.0 忘 0
96.587 97.04 67.0 记 0
97.066 97.519 69.0 你 0
97.545 97.994 69.0 对 0
98.023 98.473 69.0 我 0
98.502 98.712 66.0 的 1
98.757 99.207 69.0 期 0
99.236 99.925 67.0 待 1
99.929 100.379 64.0 读 0
100.408 100.876 66.0 完 0
100.906 101.375 67.0 了 0
101.405 101.624 66.0 依 0
101.654 101.873 67.0 赖 1
102.637 102.856 66.0 我 0
102.886 103.339 64.0 很 0
103.368 103.821 66.0 快 0
103.85 104.122 67.0 就 0
104.151 104.544 66.0 - 0
104.573 105.026 66.0 离 0
105.055 111.501 67.0 开 1
120.667 121.12 59.0 风 0
121.149 121.594 60.0 筝 0
121.638 122.076 59.0 在 0
122.113 122.565 57.0 阴 0
122.595 122.806 59.0 天 1
122.997 123.449 60.0 搁 0
123.478 124.172 59.0 浅 1
124.587 125.04 59.0 想 0
125.069 125.522 60.0 念 0
125.551 126.004 59.0 还 0
126.033 126.486 57.0 在 0
126.515 126.727 59.0 等 0
126.756 127.209 59.0 待 1
127.298 127.992 62.0 救 0
128.021 128.474 62.0 援 1
128.973 129.667 64.0 我 0
129.696 129.908 62.0 - 0
129.937 130.39 62.0 拉 0
130.419 130.631 69.0 着 0
130.66 130.872 67.0 线 1
131.538 131.75 69.0 复 0
131.779 132.232 71.0 习 0
132.261 132.714 71.0 你 0
132.743 133.196 71.0 给 0
133.225 133.437 72.0 的 0
133.466 133.919 71.0 温 0
133.948 134.642 69.0 柔 1
135.113 135.325 67.0 暴 0
135.354 135.565 66.0 晒 0
135.595 136.062 64.0 在 0
136.077 136.529 64.0 一 0
136.559 137.011 64.0 旁 0
137.041 137.259 66.0 的 0
137.281 137.734 64.0 寂 0
137.763 138.457 63.0 寞 1
139.325 139.537 59.0 笑 0
139.566 140.019 66.0 我 0
140.048 140.501 66.0 给 0
140.53 140.983 67.0 不 0
141.012 141.224 69.0 起 0
141.253 141.706 67.0 承 0
141.735 141.944 67.0 诺 1
142.362 142.655 66.0 怎 0
142.684 142.977 67.0 么 0
143.006 143.298 66.0 会 0
143.326 143.779 64.0 怎 0
143.808 144.043 64.0 么 0
144.074 144.309 64.0 会 1
145.124 145.358 64.0 你 0
145.39 145.836 64.0 竟 0
145.865 146.318 69.0 原 0
146.34 146.787 69.0 谅 0
146.815 147.027 67.0 了 0
147.053 149.162 69.0 我 1
149.8 150.246 59.0 我 0
150.275 150.721 62.0 只 0
150.75 151.197 67.0 能 1
151.273 151.732 67.0 永 0
151.763 152.216 60.0 远 0
152.249 152.703 60.0 读 0
152.737 152.948 59.0 着 0
152.978 153.442 59.0 对 0
153.479 153.69 57.0 白 1
154.028 154.48 66.0 读 0
154.516 154.968 67.0 着 1
155.119 155.571 69.0 我 0
155.607 156.059 62.0 给 0
156.088 156.55 62.0 你 0
156.582 156.797 60.0 的 0
156.826 157.285 60.0 伤 0
157.314 158.017 59.0 害 1
158.058 158.27 59.0 我 0
158.299 158.51 60.0 原 0
158.54 158.751 62.0 谅 0
159.034 159.409 62.0 不 0
159.494 159.711 64.0 了 0
159.724 159.941 55.0 我 1
160.687 160.889 64.0 就 0
160.917 161.37 64.0 请 0
161.399 161.858 66.0 你 0
161.881 162.334 62.0 当 0
162.363 162.822 57.0 作 0
162.845 163.298 60.0 我 0
163.327 163.78 59.0 已 0
163.809 164.262 57.0 不 0
164.291 164.744 59.0 在 1
165.131 165.608 59.0 我 0
165.639 166.09 62.0 睁 0
166.147 166.624 69.0 开 0
166.655 167.108 67.0 双 0
167.137 167.59 60.0 眼 1
167.711 168.164 60.0 看 0
168.193 168.405 59.0 着 0
168.434 168.887 59.0 空 0
168.916 169.128 57.0 白 1
169.67 170.122 66.0 忘 0
170.152 170.604 67.0 记 0
170.634 171.086 69.0 你 0
171.115 171.565 69.0 对 0
171.597 172.047 69.0 我 0
172.079 172.289 66.0 的 1
172.308 172.761 67.0 期 0
172.79 173.479 67.0 待 1
173.562 174.012 64.0 读 0
174.044 174.497 66.0 完 0
174.526 174.995 67.0 了 0
175.008 175.16 66.0 依 0
175.249 175.469 67.0 赖 1
176.135 176.347 66.0 我 0
176.376 176.821 64.0 很 0
176.858 177.311 66.0 快 0
177.34 178.275 67.0 就 1
179.338 180.273 75.0 我 0
180.302 180.996 72.0 只 0
181.025 181.237 72.0 - 0
181.266 181.96 70.0 能 0
181.989 182.201 68.0 - 1
182.225 182.689 68.0 永 0
182.719 183.184 61.0 远 0
183.214 183.679 61.0 读 0
183.709 183.926 60.0 着 0
183.956 184.415 60.0 对 0
184.444 185.138 58.0 白 1
185.161 185.614 67.0 读 0
185.643 186.096 68.0 着 0
186.125 186.578 70.0 我 0
186.607 187.06 63.0 给 0
187.089 187.542 63.0 你 0
187.571 187.783 61.0 的 0
187.812 188.265 61.0 伤 0
188.294 188.988 60.0 害 1
189.035 189.327 60.0 我 0
189.356 189.648 61.0 原 0
189.677 189.97 63.0 谅 0
189.999 190.452 63.0 不 0
190.481 190.693 65.0 了 0
190.722 190.934 56.0 我 1
191.513 191.724 65.0 就 0
191.754 191.965 65.0 请 0
191.995 192.688 67.0 你 0
192.717 193.17 63.0 当 0
193.199 193.652 70.0 作 0
193.681 194.134 73.0 我 0
194.163 194.616 72.0 已 0
194.645 195.098 72.0 不 0
195.127 195.821 72.0 在 0
195.85 196.062 70.0 - 1
196.129 196.582 70.0 我 0
196.611 197.064 70.0 睁 0
197.093 197.546 70.0 开 0
197.575 198.028 70.0 双 0
198.057 198.51 68.0 眼 1
198.639 199.092 68.0 看 0
199.121 199.333 70.0 着 0
199.362 199.825 70.0 空 0
199.855 200.077 70.0 白 1
200.549 201.023 67.0 忘 0
201.053 201.528 68.0 记 0
201.558 202.011 70.0 你 0
202.04 202.493 70.0 对 0
202.522 202.975 70.0 我 0
203.004 203.216 72.0 的 1
203.261 203.714 70.0 期 0
203.743 203.955 68.0 待 1
204.376 204.829 65.0 读 0
204.858 205.311 67.0 完 0
205.34 205.793 68.0 了 0
205.822 206.034 67.0 依 0
206.063 206.275 68.0 赖 1
207.08 207.292 67.0 我 0
207.321 207.773 65.0 很 0
207.803 208.255 67.0 快 0
208.285 208.737 68.0 就 0
208.767 208.978 67.0 离 0
209.008 209.46 67.0 - 0
209.489 211.147 68.0 开 1
213.335 213.66 65.0 读 0
213.705 214.031 67.0 完 0
214.076 214.545 68.0 了 0
214.575 214.839 67.0 依 0
214.876 215.939 68.0 赖 1
216.484 216.841 67.0 我 0
216.89 217.453 65.0 很 0
217.489 218.053 67.0 快 0
218.089 219.252 68.0 就 0
221.088 221.651 67.0 离 0
221.687 224.55 68.0 开 1
