7.005 7.594 62.0 驱 0
7.594 8.171 62.0 策 0
8.171 8.543 60.0 的 0
8.543 9.132 57.0 魂 0
9.132 9.709 60.0 魄 0
9.709 10.094 62.0 要 0
10.13 10.478 64.0 流 0
10.478 10.863 65.0 浪 0
10.863 11.055 64.0 哪 0
11.055 11.44 60.0 条 0
11.44 12.017 57.0 街 1
13.037 13.626 62.0 射 0
13.626 14.203 62.0 落 0
14.203 14.588 60.0 的 0
14.588 15.165 57.0 纸 0
15.165 15.742 60.0 鸢 0
15.742 16.066 62.0 曾 0
16.114 16.511 64.0 飞 0
16.511 16.896 65.0 过 0
16.896 17.088 64.0 哪 0
17.088 17.461 60.0 片 0
17.461 18.05 62.0 月 1
19.215 19.804 62.0 磷 0
19.804 20.381 62.0 灯 0
20.381 20.754 60.0 点 0
20.754 21.343 64.0 满 0
21.343 21.92 64.0 城 0
21.92 22.304 65.0 阙 0
22.304 22.689 64.0 照 0
22.689 23.073 65.0 彻 0
23.073 23.266 67.0 天 0
23.266 23.638 65.0 不 0
23.638 24.227 69.0 夜 1
24.628 25.013 67.0 看 0
25.049 25.397 69.0 见 0
25.397 25.974 67.0 什 0
25.974 26.551 62.0 么 0
26.936 27.513 64.0 灰 0
27.513 28.077 60.0 飞 0
28.077 28.462 64.0 烟 0
28.462 30.782 62.0 灭 1
56.117 56.706 62.0 夜 0
56.706 57.283 62.0 读 0
57.283 57.668 60.0 时 0
57.668 58.245 57.0 节 0
58.245 58.822 60.0 埋 0
58.822 59.146 62.0 下 0
59.194 59.591 64.0 姑 0
59.591 59.976 65.0 苏 0
59.976 60.168 64.0 一 0
60.168 60.54 60.0 坛 0
60.54 61.129 57.0 雪 1
62.4 62.989 62.0 借 0
62.989 63.566 62.0 用 0
63.566 63.939 60.0 渔 0
63.939 64.528 57.0 火 0
64.528 65.105 60.0 斟 0
65.105 65.477 62.0 开 0
65.477 65.874 64.0 云 0
65.874 66.258 65.0 梦 0
66.258 66.451 64.0 水 0
66.451 66.835 60.0 千 0
66.871 67.412 62.0 叠 1
68.47 69.059 62.0 今 0
69.059 69.636 62.0 宵 0
69.636 70.009 60.0 于 0
70.009 70.597 64.0 风 0
70.597 71.174 64.0 露 0
71.174 71.559 65.0 中 0
71.559 71.944 64.0 星 0
71.944 72.328 65.0 辰 0
72.328 72.521 67.0 非 0
72.521 72.845 65.0 昨 0
72.893 73.482 69.0 夜 1
73.832 74.228 67.0 都 0
74.228 74.601 65.0 - 0
74.601 75.382 62.0 不 0
75.418 75.767 69.0 似 0
76.139 76.921 64.0 谁 0
77.305 77.678 60.0 眼 0
77.678 79.228 62.0 睫 1
80.778 81.174 67.0 眉 0
81.174 81.367 65.0 间 0
81.403 81.751 62.0 点 0
81.751 82.136 65.0 血 1
82.188 82.537 67.0 衣 0
82.537 82.909 65.0 上 0
82.909 83.306 62.0 牡 0
83.306 83.69 65.0 丹 1
83.799 84.195 67.0 愈 0
84.195 84.388 69.0 笑 0
84.388 84.965 67.0 愈 0
84.965 85.349 65.0 孤 0
85.349 85.734 62.0 寒 1
86.9 87.296 67.0 故 0
87.296 87.489 65.0 人 0
87.489 87.873 62.0 磊 0
87.873 88.45 65.0 落 1
88.473 88.858 64.0 曾 0
88.858 89.05 60.0 照 0
89.05 89.435 60.0 旧 0
89.471 89.819 62.0 肝 0
89.819 91.165 57.0 胆 1
91.927 92.311 55.0 似 0
92.311 92.696 57.0 这 0
92.696 93.068 60.0 - 0
93.068 93.465 67.0 清 0
93.465 93.657 65.0 风 0
93.657 94.042 62.0 明 0
94.042 94.366 65.0 月 1
94.483 94.879 67.0 凌 0
94.879 95.252 65.0 霜 0
95.252 95.648 62.0 傲 0
95.648 96.033 65.0 雪 1
96.265 96.662 67.0 最 0
96.662 96.854 65.0 清 0
96.854 97.227 67.0 澈 0
97.227 97.611 72.0 双 0
97.611 98.2 69.0 眼 1
98.601 98.998 67.0 两 0
98.998 99.358 65.0 处 0
99.382 100.139 62.0 茫 0
100.139 100.716 69.0 茫 0
100.716 100.909 64.0 - 0
100.921 101.69 64.0 可 0
102.075 102.399 65.0 相 0
102.447 103.421 67.0 见 0
103.421 104.19 69.0 - 1
104.222 104.595 57.0 把 0
104.595 104.979 72.0 酒 0
104.979 105.376 69.0 祝 0
105.376 105.761 67.0 东 0
105.761 105.953 65.0 - 0
105.953 106.53 67.0 风 1
106.869 107.05 65.0 且 0
107.05 107.446 67.0 祝 0
107.446 107.638 65.0 山 0
107.638 108.023 62.0 河 0
108.023 108.54 65.0 与 0
108.588 109.562 67.0 共 0
109.562 109.754 65.0 的 0
109.754 109.946 67.0 从 0
109.946 110.138 69.0 容 1
110.487 110.86 57.0 酩 0
110.86 111.244 72.0 酊 0
111.244 111.641 69.0 人 0
111.641 112.026 67.0 间 0
112.026 112.218 65.0 - 0
112.218 112.795 67.0 事 1
113.154 113.551 67.0 从 0
113.551 113.743 65.0 此 0
113.743 114.128 72.0 不 0
114.164 114.645 74.0 倥 0
114.693 116.243 69.0 偬 1
116.612 116.985 57.0 若 0
116.985 117.369 72.0 负 0
117.369 117.766 69.0 剑 0
117.766 118.15 67.0 过 0
118.15 118.343 65.0 群 0
118.343 118.92 67.0 峰 1
119.307 119.692 67.0 云 0
119.692 119.872 65.0 深 0
119.872 120.269 62.0 不 0
120.269 120.846 65.0 知 0
120.846 121.218 72.0 竟 0
121.218 121.615 69.0 一 0
121.615 121.988 67.0 人 0
121.988 122.192 69.0 一 0
122.192 122.769 67.0 骑 1
122.835 123.159 65.0 青 0
123.207 123.604 62.0 山 0
123.604 123.989 60.0 几 0
123.989 124.373 62.0 重 1
124.631 125.015 62.0 回 0
125.015 125.388 65.0 眸 0
125.388 125.785 67.0 一 0
125.785 126.169 65.0 眼 0
126.169 126.554 62.0 就 0
126.554 126.746 60.0 心 0
126.782 128.862 62.0 动 1
154.63 155.219 62.0 幽 0
155.219 155.796 62.0 幽 0
155.796 156.168 60.0 陈 0
156.168 156.757 57.0 笛 0
156.757 157.334 60.0 恰 0
157.334 157.707 62.0 是 0
157.707 158.103 64.0 谁 0
158.103 158.488 65.0 当 0
158.488 158.68 64.0 年 0
158.68 159.065 60.0 谱 0
159.065 159.642 57.0 写 1
160.776 161.353 62.0 无 0
161.353 161.93 62.0 意 0
161.93 162.314 60.0 扣 0
162.314 162.891 57.0 紧 0
162.891 163.468 60.0 按 0
163.468 163.853 62.0 在 0
163.853 164.237 64.0 琴 0
164.237 164.622 65.0 弦 0
164.622 164.814 64.0 的 0
164.814 165.187 60.0 指 0
165.187 165.776 62.0 节 1
166.928 167.517 62.0 似 0
167.517 168.094 62.0 曾 0
168.094 168.467 60.0 相 0
168.467 169.056 64.0 识 0
169.056 169.633 64.0 笑 0
169.633 170.017 65.0 靥 1
170.045 170.43 64.0 惊 0
170.43 170.815 65.0 鸿 0
170.815 171.007 67.0 忽 0
171.007 171.38 65.0 一 0
171.38 171.572 67.0 瞥 0
171.572 171.969 69.0 - 1
172.344 172.741 67.0 原 0
172.741 173.125 65.0 来 0
173.125 173.883 62.0 从 0
173.883 174.459 69.0 未 0
174.459 174.652 64.0 - 0
174.664 175.818 64.0 忘 0
175.818 176.142 60.0 - 0
176.19 177.741 62.0 却 1
179.349 179.746 67.0 眉 0
179.746 179.926 65.0 间 0
179.926 180.323 62.0 点 0
180.323 180.647 65.0 血 1
180.697 181.094 67.0 衣 0
181.094 181.467 65.0 上 0
181.467 181.863 62.0 牡 0
181.863 182.248 65.0 丹 1
182.358 182.755 67.0 愈 0
182.755 182.947 69.0 笑 0
182.947 183.32 67.0 愈 0
183.32 183.704 65.0 孤 0
183.704 184.293 62.0 寒 1
185.339 185.736 67.0 故 0
185.736 185.928 65.0 人 0
185.928 186.313 62.0 磊 0
186.313 186.889 65.0 落 1
187.008 187.393 64.0 曾 0
187.393 187.585 60.0 照 0
187.585 187.97 60.0 旧 0
188.006 188.355 62.0 肝 0
188.355 189.701 57.0 胆 1
190.413 190.798 55.0 似 0
190.798 191.182 57.0 这 0
191.182 191.555 60.0 - 0
191.555 191.951 67.0 清 0
191.951 192.144 65.0 风 0
192.144 192.528 62.0 明 0
192.528 192.853 65.0 月 1
192.898 193.295 67.0 凌 0
193.295 193.667 65.0 霜 0
193.667 194.064 62.0 傲 0
194.064 194.448 65.0 雪 1
194.741 195.137 67.0 最 0
195.137 195.33 65.0 清 0
195.33 195.702 67.0 澈 0
195.702 196.087 72.0 双 0
196.087 196.676 69.0 眼 1
196.977 197.374 67.0 两 0
197.374 197.735 62.0 处 0
197.759 198.516 62.0 茫 0
198.516 199.093 69.0 茫 0
199.093 199.285 64.0 - 0
199.297 200.066 64.0 可 0
200.451 200.776 65.0 相 0
200.824 201.797 67.0 见 0
201.797 202.566 69.0 - 1
202.765 203.137 57.0 把 0
203.137 203.522 72.0 酒 0
203.522 203.919 69.0 祝 0
203.919 204.303 67.0 东 0
204.303 204.495 65.0 - 0
204.495 205.072 67.0 风 1
205.264 205.444 65.0 且 0
205.444 205.841 67.0 祝 0
205.841 206.033 65.0 山 0
206.033 206.418 62.0 河 0
206.418 206.934 65.0 与 0
206.982 207.956 67.0 共 0
207.956 208.148 65.0 的 0
208.148 208.341 67.0 从 0
208.341 208.533 69.0 容 1
208.868 209.24 57.0 酩 0
209.24 209.625 72.0 酊 0
209.625 210.021 69.0 人 0
210.021 210.406 67.0 间 0
210.406 210.598 65.0 - 0
210.598 211.175 67.0 事 1
211.628 212.024 67.0 从 0
212.024 212.217 65.0 此 0
212.217 212.601 72.0 不 0
212.637 213.118 74.0 倥 0
213.166 214.717 69.0 偬 1
214.971 215.344 57.0 若 0
215.344 215.729 72.0 负 0
215.729 216.125 69.0 剑 0
216.125 216.51 67.0 过 0
216.51 216.702 65.0 群 0
216.702 217.279 67.0 峰 1
217.758 218.142 67.0 云 0
218.142 218.323 65.0 深 0
218.323 218.719 62.0 不 0
218.719 219.296 65.0 知 0
219.296 219.669 72.0 竟 0
219.669 220.065 69.0 一 0
220.065 220.438 67.0 人 0
220.438 220.642 69.0 一 0
220.642 221.219 67.0 骑 1
221.242 221.567 65.0 青 0
221.615 222.011 62.0 山 0
222.011 222.396 60.0 几 0
222.396 222.781 62.0 重 1
223.163 223.548 62.0 回 0
223.548 223.921 65.0 眸 0
223.921 224.317 67.0 一 0
224.317 224.702 65.0 眼 0
224.702 225.086 62.0 就 0
225.086 225.279 60.0 心 0
225.315 227.394 62.0 动 1
227.415 227.788 57.0 把 0
227.788 228.172 72.0 酒 0
228.172 228.569 69.0 祝 0
228.569 228.954 67.0 东 0
228.954 229.146 65.0 - 0
229.146 229.723 67.0 风 1
229.802 229.982 65.0 就 0
229.982 230.379 67.0 祝 0
230.379 230.571 65.0 当 0
230.571 230.956 62.0 时 0
230.956 231.521 65.0 携 0
231.521 232.494 67.0 手 0
232.494 232.687 65.0 的 0
232.687 232.879 67.0 珍 0
232.879 233.071 69.0 重 1
233.476 233.849 57.0 春 0
233.849 234.233 72.0 秋 0
234.233 234.63 69.0 千 0
234.63 235.014 67.0 万 0
235.014 235.207 65.0 - 0
235.207 235.784 67.0 种 1
236.304 236.689 67.0 只 0
236.689 236.881 65.0 为 0
236.881 237.206 72.0 谁 0
237.254 237.638 74.0 附 0
237.638 237.831 69.0 - 0
237.843 239.381 69.0 庸 1
239.74 240.112 57.0 若 0
240.112 240.497 72.0 花 0
240.497 240.894 69.0 胜 0
240.894 241.278 67.0 去 0
241.278 241.471 65.0 年 0
241.471 242.047 67.0 红 1
242.424 242.821 67.0 坞 0
242.821 243.001 65.0 中 0
243.001 243.398 62.0 莲 0
243.398 243.962 65.0 蕊 0
243.962 244.347 72.0 竟 0
244.347 244.744 69.0 已 0
244.744 245.116 67.0 开 0
245.116 245.321 69.0 已 0
245.321 245.898 67.0 落 1
245.925 246.309 65.0 醉 0
246.309 246.694 62.0 倒 0
246.694 247.078 60.0 芳 0
247.078 247.463 62.0 丛 1
247.724 248.108 62.0 回 0
248.108 248.481 65.0 眸 0
248.481 248.878 67.0 一 0
248.878 249.262 65.0 眼 0
249.262 249.623 60.0 就 0
249.647 249.827 60.0 心 0
249.827 251.57 62.0 动 1
252.058 252.431 57.0 若 0
252.431 252.816 72.0 花 0
252.816 253.212 69.0 胜 0
253.212 253.597 67.0 去 0
253.597 253.789 65.0 年 0
253.789 254.366 67.0 红 1
254.737 255.133 67.0 坞 0
255.133 255.326 65.0 中 0
255.326 255.71 62.0 莲 0
255.71 256.287 65.0 蕊 0
256.287 256.672 72.0 竟 0
256.672 257.056 69.0 已 0
257.056 257.381 67.0 开 0
257.429 257.669 69.0 已 0
257.669 258.21 67.0 落 1
258.21 258.595 65.0 醉 0
258.595 258.98 62.0 倒 0
258.98 259.364 60.0 芳 0
259.364 259.749 62.0 丛 1
259.98 260.377 62.0 一 0
260.377 260.762 65.0 眼 0
260.798 261.146 67.0 岁 0
261.146 261.531 65.0 月 0
261.531 261.891 62.0 都 0
261.915 262.096 60.0 无 0
262.096 264.223 62.0 穷 1
