36.493 36.877 62.0 花 0
36.877 37.26 62.0 开 0
37.26 37.644 62.0 三 0
37.644 38.028 62.0 世 0
38.028 38.408 62.0 酒 0
38.408 38.788 67.0 酿 0
38.788 39.168 65.0 成 0
39.168 39.548 67.0 了 0
39.548 39.934 65.0 微 0
39.934 40.512 62.0 甜 1
41.894 42.28 62.0 人 0
42.28 42.665 65.0 在 0
42.665 43.067 70.0 梦 0
43.067 43.468 69.0 外 0
43.468 43.87 69.0 之 0
43.87 44.271 67.0 梦 0
44.271 44.639 65.0 血 0
44.639 45.007 60.0 化 0
45.007 45.374 62.0 成 0
45.374 45.742 63.0 了 0
45.742 46.323 63.0 青 0
46.323 46.904 62.0 藤 1
49.156 49.546 67.0 夜 0
49.546 49.936 67.0 灯 0
49.936 50.327 67.0 扶 0
50.327 50.707 65.0 摇 0
50.707 51.088 63.0 升 0
51.088 51.468 62.0 上 0
51.468 51.849 63.0 空 1
52.207 52.592 65.0 离 0
52.592 52.977 65.0 人 0
52.977 53.361 62.0 还 0
53.361 53.746 60.0 在 0
53.746 54.323 58.0 等 1
55.454 55.839 63.0 不 0
55.839 56.224 63.0 舍 0
56.224 56.608 62.0 得 0
56.608 56.993 63.0 不 0
56.993 57.377 62.0 再 0
57.377 57.762 63.0 遇 0
57.762 58.147 65.0 见 1
58.39 58.775 67.0 有 0
58.775 59.159 67.0 情 0
59.159 59.544 67.0 的 0
59.544 59.946 67.0 人 0
59.946 60.347 64.0 原 0
60.347 60.749 66.0 来 0
60.749 61.151 67.0 不 0
61.151 61.588 66.0 敢 0
62.024 62.898 67.0 相 0
62.898 64.821 69.0 逢 1
67.808 68.176 59.0 桃 0
68.176 68.544 64.0 花 0
68.544 68.912 71.0 朵 0
68.912 70.451 71.0 朵 1
70.917 71.301 59.0 只 0
71.301 71.686 64.0 恨 0
71.686 72.07 71.0 瞬 0
72.07 72.84 71.0 间 0
72.84 73.224 69.0 花 0
73.224 73.609 69.0 落 1
73.94 74.325 67.0 八 0
74.325 74.71 66.0 荒 0
74.71 75.094 67.0 相 0
75.094 76.248 69.0 隔 1
77.043 77.428 71.0 四 0
77.428 77.813 69.0 海 0
77.813 78.197 71.0 再 0
78.197 78.582 69.0 无 0
78.582 78.774 67.0 - 0
78.774 79.351 67.0 歌 1
79.835 80.219 67.0 看 0
80.219 80.604 64.0 死 0
80.604 80.988 64.0 生 0
80.988 81.373 66.0 契 0
81.373 82.527 67.0 阔 1
83.244 83.629 64.0 有 0
83.629 84.013 71.0 传 0
84.013 84.398 69.0 - 0
84.398 85.167 69.0 说 1
85.534 85.918 67.0 词 0
85.918 86.303 66.0 句 0
86.303 86.688 67.0 写 0
86.688 87.072 69.0 在 0
87.072 87.457 72.0 你 0
87.457 87.842 72.0 眼 0
87.842 88.034 71.0 - 0
88.034 88.995 71.0 底 1
89.273 89.658 71.0 你 0
89.658 90.042 69.0 只 0
90.042 90.427 72.0 有 0
90.427 90.811 71.0 - 0
90.811 91.196 71.0 我 1
91.713 92.097 59.0 时 0
92.097 92.867 64.0 间 0
92.867 93.636 71.0 苦 0
93.636 95.174 71.0 多 1
95.514 95.898 59.0 只 0
95.898 96.283 64.0 待 0
96.283 96.668 71.0 一 0
96.668 97.437 71.0 语 0
97.437 97.822 72.0 道 0
97.822 98.206 69.0 破 1
98.539 98.923 67.0 若 0
98.923 99.308 66.0 情 0
99.308 99.693 67.0 可 0
99.693 101.231 69.0 得 1
101.719 102.103 62.0 穷 0
102.103 102.488 66.0 尽 0
102.488 102.873 69.0 了 0
102.873 103.257 72.0 三 0
103.257 103.642 71.0 生 0
103.642 104.026 71.0 三 0
104.026 104.411 69.0 世 0
104.411 104.796 69.0 寻 0
104.796 105.18 67.0 相 0
105.18 105.565 66.0 似 0
105.565 105.949 64.0 轮 0
105.949 107.103 67.0 廓 1
107.852 108.236 64.0 分 0
108.236 108.621 69.0 分 0
108.621 109.005 67.0 合 0
109.005 109.775 66.0 合 1
110.419 111.188 67.0 不 0
111.188 112.342 66.0 错 0
112.342 115.034 67.0 过 1
133.585 133.963 62.0 忘 0
133.963 134.341 62.0 情 0
134.341 134.719 62.0 三 0
134.719 135.097 62.0 生 0
135.097 135.478 62.0 遗 0
135.478 135.86 67.0 憾 0
135.86 136.241 65.0 也 0
136.241 136.622 67.0 算 0
136.622 137.006 65.0 有 0
137.006 137.583 62.0 幸 1
138.898 139.282 62.0 昆 0
139.282 139.667 65.0 仑 0
139.667 140.048 70.0 雪 0
140.048 140.428 69.0 化 0
140.428 140.809 69.0 成 0
140.809 141.19 67.0 风 0
141.19 141.583 65.0 泪 0
141.583 141.976 60.0 变 0
141.976 142.369 62.0 千 0
142.369 142.762 63.0 年 0
142.762 143.336 63.0 玄 0
143.336 143.91 62.0 冰 1
146.294 146.682 67.0 氤 0
146.682 147.069 67.0 氲 0
147.069 147.457 67.0 泉 0
147.457 147.841 65.0 此 0
147.841 148.226 60.0 刻 0
148.226 148.803 62.0 无 0
148.803 149.187 63.0 声 1
149.379 149.763 65.0 故 0
149.763 150.148 65.0 人 0
150.148 150.533 62.0 还 0
150.533 150.917 60.0 在 0
150.917 151.494 58.0 等 1
152.462 152.853 63.0 不 0
152.853 153.245 63.0 舍 0
153.245 153.636 62.0 得 0
153.636 154.019 63.0 不 0
154.019 154.402 62.0 再 0
154.402 154.784 63.0 相 0
154.784 155.167 65.0 欠 1
155.538 155.922 67.0 有 0
155.922 156.307 67.0 情 0
156.307 156.691 67.0 的 0
156.691 157.069 67.0 人 0
157.069 157.447 64.0 原 0
157.447 157.824 66.0 来 0
157.824 158.202 67.0 不 0
158.202 158.625 66.0 敢 0
159.048 159.894 67.0 相 0
159.894 161.894 69.0 逢 1
165.031 165.42 59.0 桃 0
165.42 165.81 64.0 花 0
165.81 166.199 71.0 朵 0
166.199 167.737 71.0 朵 1
168.261 168.646 59.0 只 0
168.646 169.03 64.0 恨 0
169.03 169.415 71.0 瞬 0
169.415 170.184 71.0 间 0
170.184 170.569 69.0 花 0
170.569 170.953 69.0 落 1
171.296 171.681 67.0 八 0
171.681 172.065 66.0 荒 0
172.065 172.45 67.0 相 0
172.45 173.988 69.0 隔 1
174.313 174.698 71.0 四 0
174.698 175.082 69.0 海 0
175.082 175.467 71.0 再 0
175.467 175.851 69.0 无 0
175.851 176.044 67.0 - 0
176.044 176.621 67.0 歌 1
177.027 177.412 67.0 看 0
177.412 177.796 64.0 死 0
177.796 178.181 64.0 生 0
178.181 178.566 66.0 契 0
178.566 180.104 67.0 阔 1
180.417 180.801 64.0 有 0
180.801 181.186 71.0 传 0
181.186 181.571 69.0 - 0
181.571 182.34 69.0 说 1
182.849 183.234 67.0 词 0
183.234 183.619 66.0 句 0
183.619 184.003 67.0 写 0
184.003 184.388 69.0 在 0
184.388 184.773 72.0 你 0
184.773 185.157 72.0 眼 0
185.157 185.542 71.0 - 0
185.542 186.311 71.0 底 1
186.692 187.076 71.0 你 0
187.076 187.461 69.0 只 0
187.461 187.845 72.0 有 0
187.845 188.23 71.0 - 0
188.23 188.615 71.0 我 1
188.851 189.236 59.0 时 0
189.236 190.005 64.0 间 0
190.005 190.774 71.0 苦 0
190.774 192.313 71.0 多 1
192.841 193.226 59.0 只 0
193.226 193.611 64.0 待 0
193.611 193.995 71.0 一 0
193.995 194.764 71.0 语 0
194.764 195.149 72.0 道 0
195.149 195.534 69.0 破 1
195.924 196.309 67.0 此 0
196.309 196.694 66.0 情 0
196.694 197.078 67.0 可 0
197.078 198.617 69.0 得 1
198.895 199.28 62.0 穷 0
199.28 199.664 66.0 尽 0
199.664 200.049 69.0 了 0
200.049 200.434 72.0 三 0
200.434 200.818 71.0 生 0
200.818 201.203 71.0 三 0
201.203 201.588 69.0 世 0
201.588 201.972 69.0 寻 0
201.972 202.357 67.0 相 0
202.357 202.741 66.0 似 0
202.741 203.126 64.0 轮 0
203.126 204.28 67.0 廓 1
205.074 205.459 64.0 生 0
205.459 205.843 69.0 生 0
205.843 206.228 67.0 世 0
206.228 206.613 67.0 世 0
206.613 207.382 66.0 - 1
207.719 208.489 67.0 不 0
208.489 209.258 69.0 错 0
209.258 213.104 71.0 过 1
228.993 229.378 59.0 时 0
229.378 230.147 64.0 间 0
230.147 230.916 71.0 苦 0
230.916 232.455 71.0 多 1
232.762 233.147 59.0 只 0
233.147 233.532 64.0 待 0
233.532 233.916 71.0 一 0
233.916 234.685 71.0 语 0
234.685 235.07 72.0 道 0
235.07 235.455 69.0 破 1
235.941 236.326 67.0 此 0
236.326 236.711 66.0 情 0
236.711 237.095 67.0 可 0
237.095 238.634 69.0 得 1
238.869 239.254 62.0 穷 0
239.254 239.638 66.0 尽 0
239.638 240.023 69.0 了 0
240.023 240.408 72.0 三 0
240.408 240.792 71.0 生 0
240.792 241.177 71.0 三 0
241.177 241.562 69.0 世 0
241.562 241.946 69.0 寻 0
241.946 242.331 67.0 相 0
242.331 242.715 66.0 似 0
242.715 243.1 64.0 轮 0
243.1 244.254 67.0 廓 1
245.04 245.425 64.0 生 0
245.425 245.809 69.0 生 0
245.809 246.194 67.0 世 0
246.194 246.579 67.0 世 0
246.579 247.348 66.0 - 1
247.766 248.536 67.0 缘 0
248.536 249.305 69.0 无 0
249.305 252.382 71.0 因 1
253.977 255.131 67.0 爱 0
255.131 255.516 66.0 有 0
255.516 255.9 64.0 - 0
255.9 259.362 64.0 果 1
