33.537 33.988 62.0 我 0
33.988 34.44 62.0 曾 0
34.44 34.67 62.0 怀 0
34.67 34.901 60.0 疑 0
34.901 35.824 60.0 我 0
37.208 37.67 60.0 走 0
37.67 38.131 62.0 在 0
38.131 38.356 60.0 沙 0
38.356 38.806 58.0 漠 0
38.806 39.48 58.0 中 0
41.132 41.355 62.0 从 0
41.355 41.577 65.0 不 0
41.577 41.799 67.0 结 0
41.799 42.466 67.0 果 0
43.803 44.026 67.0 无 0
44.026 44.474 67.0 论 0
44.474 44.922 67.0 种 0
44.922 45.146 58.0 什 0
45.146 45.603 62.0 么 0
45.603 46.516 65.0 梦 0
47.837 48.29 65.0 才 0
48.29 48.743 65.0 - 0
48.743 49.198 67.0 张 0
49.198 49.425 62.0 开 0
49.425 50.106 60.0 翅 0
50.56 51.009 63.0 膀 0
51.009 51.233 62.0 风 0
51.233 51.682 62.0 却 0
51.682 52.355 62.0 变 0
52.355 52.808 60.0 沉 0
52.808 53.488 58.0 默 0
54.301 54.754 58.0 - 0
54.754 55.207 60.0 习 0
55.207 55.66 62.0 惯 0
55.66 56.56 63.0 伤 0
56.56 57.006 62.0 痛 0
57.006 57.452 60.0 能 0
57.452 58.13 58.0 不 0
58.826 59.291 60.0 能 0
59.291 59.523 58.0 算 0
59.523 60.661 58.0 收 0
62.456 62.909 62.0 获 0
62.909 63.362 62.0 庆 0
63.362 63.795 62.0 幸 0
63.795 64.012 60.0 的 0
64.012 64.661 60.0 是 0
66.005 66.461 60.0 我 0
66.461 66.916 62.0 一 0
66.916 67.137 60.0 直 0
67.137 67.578 58.0 没 0
67.578 68.683 58.0 回 0
69.785 70.246 62.0 头 0
70.246 70.476 65.0 终 0
70.476 70.698 67.0 于 0
70.698 71.365 67.0 发 0
72.253 72.714 67.0 现 0
72.714 72.945 65.0 真 0
72.945 73.637 65.0 的 0
73.637 74.098 58.0 是 0
74.098 74.539 62.0 有 0
74.539 75.202 65.0 绿 0
76.717 77.174 65.0 洲 0
77.174 77.631 65.0 每 0
77.631 78.086 67.0 把 0
78.086 78.314 62.0 汗 0
78.314 78.997 60.0 流 0
79.452 79.905 63.0 了 0
79.905 80.358 62.0 生 0
80.358 80.811 62.0 命 0
80.811 81.037 62.0 变 0
81.037 81.49 60.0 得 0
81.49 81.716 58.0 厚 0
81.716 82.396 58.0 - 0
83.103 83.546 58.0 重 0
83.546 83.989 60.0 走 0
83.989 84.432 62.0 出 0
84.432 85.328 63.0 沮 0
85.328 85.781 62.0 丧 0
85.781 86.234 60.0 才 0
86.234 86.914 58.0 看 0
87.593 88.046 60.0 见 0
88.046 88.273 58.0 新 0
88.273 89.814 58.0 宇 0
91.499 91.947 62.0 宙 0
91.947 92.171 65.0 海 0
92.171 92.401 67.0 阔 0
92.401 93.555 67.0 天 0
94.465 94.915 67.0 空 0
94.915 95.364 65.0 在 0
95.364 95.589 58.0 勇 0
95.589 96.042 62.0 敢 0
96.042 97.642 65.0 以 0
98.614 99.06 62.0 后 0
99.06 99.283 65.0 要 0
99.283 99.512 67.0 拿 0
99.512 100.2 67.0 执 0
101.118 101.565 69.0 着 0
101.565 101.789 69.0 将 0
101.789 102.013 69.0 命 0
102.013 102.236 69.0 运 0
102.236 102.684 67.0 的 0
102.684 102.907 69.0 锁 0
102.907 103.575 70.0 打 0
103.575 104.688 67.0 破 0
105.95 106.406 62.0 - 0
106.406 106.634 65.0 冷 0
106.634 106.859 67.0 漠 0
106.859 107.535 67.0 的 0
108.433 108.883 69.0 人 0
108.883 109.109 69.0 谢 0
109.109 109.559 67.0 谢 0
109.559 110.235 69.0 你 0
110.235 110.682 70.0 们 0
110.682 110.905 69.0 曾 0
110.905 111.352 70.0 经 0
111.352 112.022 74.0 看 0
112.022 112.927 69.0 轻 0
113.274 113.501 62.0 我 0
113.501 113.727 65.0 让 0
113.727 113.954 67.0 我 0
113.954 114.409 65.0 不 0
114.409 114.865 67.0 低 0
115.547 115.998 69.0 头 0
115.998 116.223 69.0 更 0
116.223 116.448 67.0 精 0
116.448 116.899 66.0 采 0
116.899 117.349 66.0 - 0
117.349 120.909 67.0 的 0
130.984 131.438 62.0 活 0
131.438 131.893 62.0 凌 0
131.893 132.121 62.0 晨 0
132.121 132.578 60.0 的 0
132.578 133.492 60.0 窗 0
134.619 135.068 60.0 口 0
135.068 135.517 62.0 失 0
135.517 135.741 60.0 眠 0
135.741 135.964 58.0 整 0
135.964 136.411 57.0 夜 0
136.411 136.857 58.0 以 0
136.857 137.304 55.0 后 0
138.478 138.924 62.0 看 0
138.924 139.147 65.0 着 0
139.147 139.371 67.0 黎 0
139.371 140.043 67.0 明 0
140.714 140.938 58.0 从 0
140.938 141.398 67.0 云 0
141.398 141.857 65.0 里 0
141.857 142.316 65.0 抬 0
142.316 142.546 58.0 起 0
142.546 143.001 62.0 了 0
143.001 144.127 65.0 头 0
145.344 145.794 65.0 日 0
145.794 146.245 65.0 - 0
146.245 146.692 67.0 落 0
146.692 146.916 60.0 是 0
146.916 147.363 60.0 沉 0
148.034 148.485 63.0 潜 0
148.485 148.71 62.0 日 0
148.71 149.161 62.0 出 0
149.161 149.837 62.0 是 0
149.837 150.292 60.0 成 0
150.292 150.975 58.0 熟 0
151.733 152.189 58.0 - 0
152.189 152.645 60.0 只 0
152.645 153.101 62.0 要 0
153.101 154.004 63.0 是 0
154.004 154.452 62.0 光 0
154.452 154.9 60.0 一 0
154.9 155.574 58.0 定 0
156.249 156.7 60.0 会 0
156.7 156.925 58.0 灿 0
156.925 158.941 58.0 烂 0
159.997 160.448 62.0 的 0
160.448 160.673 65.0 海 0
160.673 160.898 67.0 阔 0
160.898 162.025 67.0 天 0
162.928 163.381 67.0 空 0
163.381 163.834 65.0 在 0
163.834 164.061 58.0 勇 0
164.061 164.513 62.0 敢 0
164.513 166.09 65.0 以 0
167.329 167.779 62.0 后 0
167.779 168.004 65.0 要 0
168.004 168.229 67.0 拿 0
168.229 168.905 67.0 执 0
169.806 170.259 69.0 着 0
170.259 170.485 69.0 将 0
170.485 170.711 69.0 命 0
170.711 170.938 69.0 运 0
170.938 171.391 67.0 的 0
171.391 171.617 69.0 锁 0
171.617 172.293 70.0 打 0
172.293 173.419 67.0 破 0
174.548 174.996 62.0 冷 0
174.996 175.22 65.0 漠 0
175.22 175.445 67.0 的 0
175.445 176.121 67.0 人 0
176.872 177.323 69.0 谢 0
177.323 177.548 69.0 谢 0
177.548 177.998 67.0 你 0
177.998 178.674 69.0 们 0
178.674 179.125 70.0 曾 0
179.125 179.35 69.0 经 0
179.35 179.8 70.0 看 0
179.8 180.476 74.0 轻 0
180.476 181.152 69.0 我 0
181.787 182.012 62.0 让 0
182.012 182.237 65.0 - 0
182.237 182.539 67.0 我 0
182.539 182.84 65.0 不 0
182.84 183.593 67.0 低 0
184.046 184.501 69.0 头 0
184.501 184.729 69.0 更 0
184.729 184.957 67.0 精 0
184.957 185.412 66.0 采 0
185.412 185.868 66.0 - 0
185.868 192.154 67.0 的 0
221.274 221.725 62.0 活 0
221.725 221.95 65.0 海 0
221.95 222.18 67.0 阔 0
222.18 223.331 67.0 天 0
223.792 224.254 67.0 空 0
224.254 224.715 65.0 狂 0
224.715 225.177 65.0 风 0
225.177 225.408 58.0 暴 0
225.408 225.865 62.0 雨 0
225.865 227.446 65.0 以 0
228.577 229.022 62.0 后 0
229.022 229.245 65.0 转 0
229.245 229.687 67.0 过 0
230.791 231.012 58.0 头 0
231.012 231.318 69.0 对 0
231.318 231.623 69.0 旧 0
231.623 231.929 69.0 心 0
231.929 232.158 69.0 酸 0
232.158 232.617 67.0 一 0
232.617 232.846 69.0 笑 0
232.846 233.516 70.0 而 0
233.516 234.854 67.0 过 0
235.741 236.187 62.0 - 0
236.187 236.41 65.0 最 0
236.41 236.87 67.0 懂 0
236.87 237.1 67.0 我 0
237.1 237.56 67.0 的 0
238.333 238.775 69.0 人 0
238.775 238.996 69.0 谢 0
238.996 239.437 67.0 谢 0
239.437 240.099 69.0 一 0
240.099 240.554 70.0 路 0
240.554 240.782 69.0 默 0
240.782 241.237 70.0 默 0
241.237 241.919 74.0 的 0
241.919 242.819 69.0 陪 0
243.021 243.471 62.0 我 0
243.471 243.696 65.0 让 0
243.696 244.156 67.0 我 0
244.156 244.616 67.0 拥 0
245.536 245.98 69.0 有 0
245.98 246.202 69.0 好 0
246.202 246.646 67.0 故 0
246.646 247.09 67.0 事 0
247.09 247.313 66.0 可 0
247.313 250.037 67.0 以 0
250.565 250.804 62.0 说 0
250.804 251.043 65.0 看 0
251.043 251.927 67.0 未 0
253.252 253.915 69.0 来 0
253.915 254.136 69.0 一 0
254.136 257.228 66.0 步 0
258.111 259.105 66.0 步 0
259.105 264.738 67.0 来 0
