16.078 16.547 55.0 谁 0
16.547 17.015 58.0 影 0
17.015 17.484 62.0 子 0
17.484 17.953 62.0 那 0
17.953 18.187 60.0 么 0
18.187 18.89 60.0 重 0
18.89 19.125 58.0 拖 0
19.125 19.359 57.0 在 0
19.359 19.828 58.0 我 0
19.828 20.062 57.0 脚 0
20.062 20.531 58.0 步 0
20.531 20.765 60.0 后 0
20.765 21.117 55.0 - 0
21.117 22.64 55.0 头 1
23.546 24.015 55.0 走 0
24.015 24.483 58.0 不 0
24.483 24.952 62.0 到 0
24.952 25.421 62.0 要 0
25.421 25.655 60.0 去 0
25.655 26.358 60.0 的 0
26.358 26.827 57.0 快 0
26.827 28.702 58.0 乐 1
31.057 31.526 55.0 重 0
31.526 31.994 58.0 复 0
31.994 32.463 62.0 做 0
32.463 32.932 62.0 一 0
32.932 33.166 60.0 个 0
33.166 33.869 60.0 梦 0
33.869 34.104 58.0 怀 0
34.104 34.338 57.0 疑 0
34.338 34.807 58.0 世 0
34.807 35.041 57.0 界 0
35.041 35.51 58.0 凝 0
35.51 35.744 60.0 固 0
35.744 36.096 55.0 - 0
36.096 37.151 55.0 了 1
37.153 37.621 55.0 把 0
37.621 38.09 60.0 明 0
38.09 38.559 60.0 - 0
38.559 40.434 60.0 天 1
40.487 40.956 58.0 杀 0
40.956 41.424 55.0 死 0
41.424 44.706 57.0 了 1
46.09 46.559 55.0 什 0
46.559 47.027 58.0 么 0
47.027 47.496 62.0 都 0
47.496 47.965 62.0 没 0
47.965 48.199 60.0 移 0
48.199 48.902 60.0 动 0
48.902 49.137 58.0 屋 0
49.137 49.371 57.0 子 0
49.371 49.84 58.0 的 0
49.84 50.074 57.0 气 0
50.074 50.543 58.0 味 0
50.543 50.777 60.0 变 0
50.777 51.129 55.0 - 0
51.129 52.652 55.0 了 1
53.617 54.086 55.0 弥 0
54.086 54.554 58.0 漫 0
54.554 55.023 62.0 着 0
55.023 55.492 62.0 腐 0
55.492 55.726 60.0 朽 0
55.726 56.429 60.0 的 0
56.429 56.898 58.0 空 0
56.898 58.773 58.0 洞 1
61.007 61.476 55.0 我 0
61.476 61.944 58.0 拒 0
61.944 62.413 62.0 绝 0
62.413 62.882 62.0 不 0
62.882 63.116 60.0 想 0
63.116 63.819 60.0 我 0
63.819 64.054 58.0 却 0
64.054 64.288 57.0 还 0
64.288 64.757 58.0 奢 0
64.757 64.991 57.0 求 0
64.991 65.46 58.0 你 0
65.46 65.929 55.0 爱 0
65.929 67.101 55.0 我 1
67.18 67.648 55.0 倔 0
67.648 68.352 62.0 强 0
68.352 68.586 58.0 - 0
68.586 69.055 55.0 让 0
69.055 69.523 55.0 感 0
69.523 70.461 57.0 情 0
70.461 70.93 55.0 窒 0
70.93 71.398 54.0 息 0
71.398 72.102 57.0 了 0
72.102 73.742 55.0 - 1
74.207 74.676 55.0 火 0
74.676 75.144 65.0 烧 0
75.144 75.613 62.0 的 0
75.613 76.082 62.0 寂 0
76.082 76.316 63.0 - 0
76.316 77.488 63.0 寞 1
77.945 78.414 53.0 冷 0
78.414 78.882 65.0 冻 0
78.882 79.351 60.0 的 0
79.351 79.82 60.0 沉 0
79.82 80.054 62.0 - 0
80.054 81.226 62.0 默 1
81.659 82.128 55.0 没 0
82.128 82.596 67.0 来 0
82.596 83.065 62.0 由 0
83.065 83.534 62.0 的 0
83.534 83.768 63.0 激 0
83.768 84.471 63.0 动 0
84.471 84.823 67.0 不 0
84.823 85.409 67.0 能 0
85.409 85.76 67.0 抱 0
85.76 86.112 69.0 住 0
86.112 86.581 62.0 你 1
86.599 86.833 67.0 手 0
86.833 87.302 69.0 - 0
87.302 87.653 70.0 像 0
87.653 88.122 69.0 半 0
88.122 88.591 67.0 废 0
88.591 89.06 62.0 了 1
89.17 89.639 55.0 被 0
89.639 90.107 67.0 大 0
90.107 90.576 62.0 海 0
90.576 91.045 62.0 淹 0
91.045 91.279 63.0 - 0
91.279 92.451 63.0 没 1
92.919 93.388 62.0 从 0
93.388 93.856 72.0 山 0
93.856 94.325 69.0 顶 0
94.325 94.911 69.0 滑 0
94.911 95.145 70.0 - 0
95.145 95.966 70.0 落 0
95.966 97.138 67.0 - 1
97.253 97.721 67.0 可 0
97.721 98.073 73.0 怕 0
98.073 98.659 74.0 - 0
98.659 99.128 72.0 的 0
99.128 99.596 70.0 想 0
99.596 100.3 69.0 念 1
100.466 100.935 67.0 还 0
100.935 101.403 66.0 活 0
101.403 107.028 67.0 着 1
136.184 136.653 55.0 谁 0
136.653 137.123 58.0 影 0
137.123 137.592 62.0 子 0
137.592 138.062 62.0 那 0
138.062 138.297 60.0 么 0
138.297 139.001 60.0 重 0
139.001 139.236 58.0 拖 0
139.236 139.47 57.0 在 0
139.47 139.94 58.0 我 0
139.94 140.175 57.0 脚 0
140.175 140.644 58.0 步 0
140.644 140.879 60.0 后 0
140.879 141.231 55.0 - 0
141.231 142.757 55.0 头 1
143.659 144.128 55.0 走 0
144.128 144.598 58.0 不 0
144.598 145.067 62.0 到 0
145.067 145.537 62.0 要 0
145.537 145.771 60.0 去 0
145.771 146.476 60.0 的 0
146.476 146.945 57.0 快 0
146.945 148.823 58.0 乐 1
151.215 151.685 55.0 重 0
151.685 152.154 58.0 复 0
152.154 152.624 62.0 做 0
152.624 153.093 62.0 一 0
153.093 153.328 60.0 个 0
153.328 154.032 60.0 梦 0
154.032 154.267 58.0 怀 0
154.267 154.502 57.0 疑 0
154.502 154.971 58.0 世 0
154.971 155.206 57.0 界 0
155.206 155.675 58.0 凝 0
155.675 155.91 60.0 固 0
155.91 156.262 55.0 - 0
156.262 157.319 55.0 了 1
157.35 157.819 55.0 把 0
157.819 158.289 60.0 明 0
158.289 158.758 60.0 - 0
158.758 160.519 60.0 天 1
160.529 160.998 58.0 杀 0
160.998 161.468 55.0 死 0
161.468 164.871 57.0 了 1
166.1 166.569 55.0 什 0
166.569 167.039 58.0 么 0
167.039 167.508 62.0 都 0
167.508 167.978 62.0 没 0
167.978 168.213 60.0 移 0
168.213 168.917 60.0 动 0
168.917 169.152 58.0 屋 0
169.152 169.386 57.0 子 0
169.386 169.856 58.0 的 0
169.856 170.09 57.0 气 0
170.09 170.56 58.0 味 0
170.56 170.795 60.0 变 0
170.795 171.147 55.0 - 0
171.147 172.673 55.0 了 1
173.643 174.112 55.0 弥 0
174.112 174.582 58.0 漫 0
174.582 175.051 62.0 着 0
175.051 175.521 62.0 腐 0
175.521 175.755 60.0 朽 0
175.755 176.46 60.0 的 0
176.46 176.929 57.0 空 0
176.929 178.807 58.0 洞 1
181.259 181.729 55.0 我 0
181.729 182.198 58.0 拒 0
182.198 182.668 62.0 绝 0
182.668 183.137 62.0 不 0
183.137 183.372 60.0 想 0
183.372 184.076 60.0 我 0
184.076 184.311 58.0 却 0
184.311 184.546 57.0 还 0
184.546 185.015 58.0 奢 0
185.015 185.25 57.0 求 0
185.25 185.719 58.0 你 0
185.719 186.189 60.0 爱 0
186.189 187.363 55.0 我 1
187.393 187.745 55.0 倔 0
187.745 188.566 62.0 强 0
188.566 188.801 58.0 - 0
188.801 189.271 58.0 让 0
189.271 189.74 55.0 感 0
189.74 190.679 57.0 情 0
190.679 191.148 55.0 窒 0
191.148 191.618 54.0 息 0
191.618 193.9 55.0 了 1
194.291 194.76 55.0 火 0
194.76 195.228 65.0 烧 0
195.228 195.697 62.0 的 0
195.697 196.166 62.0 寂 0
196.166 196.4 63.0 - 0
196.4 197.572 63.0 寞 1
197.963 198.432 53.0 冷 0
198.432 198.9 65.0 冻 0
198.9 199.369 60.0 的 0
199.369 199.838 60.0 沉 0
199.838 200.072 62.0 - 0
200.072 201.244 62.0 默 1
201.736 202.205 55.0 没 0
202.205 202.673 67.0 来 0
202.673 203.142 62.0 由 0
203.142 203.611 62.0 的 0
203.611 203.845 63.0 激 0
203.845 204.548 63.0 动 0
204.548 204.9 67.0 不 0
204.9 205.486 66.0 能 0
205.486 205.837 67.0 抱 0
205.837 206.189 69.0 住 0
206.189 206.658 62.0 你 1
206.745 206.979 67.0 手 0
206.979 207.448 69.0 - 0
207.448 207.799 70.0 像 0
207.799 208.151 69.0 半 0
208.151 208.62 62.0 废 0
208.62 209.206 62.0 了 1
209.206 209.675 55.0 被 0
209.675 210.143 67.0 大 0
210.143 210.612 62.0 海 0
210.612 211.081 62.0 淹 0
211.081 211.315 63.0 - 0
211.315 212.487 63.0 没 1
213.036 213.505 62.0 从 0
213.505 213.973 72.0 山 0
213.973 214.442 69.0 顶 0
214.442 215.028 69.0 滑 0
215.028 215.262 70.0 - 0
215.262 216.083 70.0 落 0
216.083 217.255 67.0 - 1
217.326 217.794 67.0 可 0
217.794 218.146 73.0 怕 0
218.146 218.732 74.0 - 0
218.732 219.201 72.0 的 0
219.201 219.669 70.0 想 0
219.669 220.373 69.0 念 1
220.523 220.992 67.0 还 0
220.992 221.46 66.0 活 0
221.46 222.515 69.0 着 0
222.515 224.273 67.0 - 1
224.313 224.782 55.0 火 0
224.782 225.25 65.0 烧 0
225.25 225.719 62.0 的 0
225.719 226.188 62.0 寂 0
226.188 226.422 63.0 - 0
226.422 227.594 63.0 寞 1
228.093 228.562 53.0 冷 0
228.562 229.03 65.0 冻 0
229.03 229.499 60.0 的 0
229.499 229.968 60.0 沉 0
229.968 230.202 62.0 - 0
230.202 231.374 62.0 默 1
231.836 232.305 55.0 在 0
232.305 232.773 67.0 坚 0
232.773 233.242 62.0 持 0
233.242 233.711 62.0 些 0
233.711 233.945 63.0 什 0
233.945 234.648 63.0 么 1
234.684 235.036 67.0 有 0
235.036 235.622 66.0 时 0
235.622 235.973 67.0 连 0
235.973 236.442 69.0 自 0
236.442 237.028 62.0 己 0
237.028 237.497 67.0 也 0
237.497 237.731 67.0 不 0
237.731 238.2 67.0 是 0
238.2 238.669 69.0 太 0
238.669 239.372 70.0 懂 1
239.377 239.846 55.0 我 0
239.846 240.314 67.0 不 0
240.314 240.783 62.0 想 0
240.783 241.252 62.0 祈 0
241.252 241.486 63.0 - 0
241.486 242.658 63.0 求 1
243.034 243.503 62.0 就 0
243.503 243.971 74.0 只 0
243.971 244.44 69.0 好 0
244.44 245.026 69.0 承 0
245.026 245.26 70.0 - 0
245.26 246.081 70.0 受 0
246.081 247.253 67.0 - 1
247.294 247.88 67.0 可 0
247.88 248.817 74.0 怕 0
248.817 249.286 72.0 的 0
249.286 249.755 70.0 想 0
249.755 251.512 69.0 念 0
252.45 253.153 67.0 纷 0
253.153 253.856 66.0 搅 0
253.856 260.419 67.0 着 1
