12.121 12.703 54.0 看 0
12.707 13.054 54.0 - 0
13.058 13.289 56.0 月 0
13.41 13.992 58.0 亮 0
13.996 17.508 63.0 爬 0
17.512 21.961 61.0 上 0
31.609 32.074 56.0 来 0
32.078 32.308 54.0 失 0
32.312 32.543 51.0 眠 0
32.547 32.894 54.0 的 0
33.015 33.129 54.0 夜 0
33.25 33.48 51.0 漫 0
33.484 33.949 54.0 漫 0
33.953 34.418 58.0 飘 0
34.422 35.238 58.0 过 0
35.255 35.72 58.0 来 0
35.841 36.071 54.0 想 0
36.075 36.306 51.0 念 0
36.31 36.657 54.0 的 0
36.778 37.009 54.0 心 0
37.013 37.243 51.0 没 0
37.247 37.595 54.0 什 0
37.716 38.063 54.0 么 0
38.185 38.767 54.0 阻 0
38.969 39.316 58.0 碍 0
39.32 39.551 56.0 好 0
39.555 39.785 54.0 像 0
39.789 40.02 51.0 听 0
40.024 40.371 54.0 说 0
40.492 40.723 54.0 最 0
40.727 40.957 56.0 近 0
40.961 41.426 58.0 你 0
41.43 41.66 59.0 也 0
41.664 42.246 58.0 在 0
42.367 42.481 54.0 失 0
42.602 43.301 54.0 眠 0
43.773 44.237 51.0 一 0
44.241 44.355 54.0 个 0
44.476 45.058 54.0 人 0
45.179 45.292 56.0 发 0
45.413 46.347 56.0 呆 0
46.61 47.075 56.0 喜 0
47.079 47.309 54.0 欢 0
47.313 47.544 51.0 你 0
47.548 47.895 54.0 笑 0
48.016 48.13 54.0 得 0
48.251 48.481 51.0 像 0
48.485 48.95 54.0 个 0
48.954 49.419 58.0 小 0
49.423 50.239 58.0 孩 0
50.249 50.714 58.0 想 0
50.835 51.065 54.0 - 0
51.069 51.3 51.0 每 0
51.304 51.651 54.0 天 0
51.772 52.003 54.0 和 0
52.007 52.237 56.0 你 0
52.241 52.706 58.0 粘 0
52.71 52.94 59.0 在 0
52.944 53.761 54.0 一 0
53.815 53.928 54.0 块 0
54.049 54.279 54.0 听 0
54.283 54.397 56.0 一 0
54.518 54.748 58.0 首 0
54.752 54.983 59.0 老 0
54.987 55.451 61.0 歌 0
55.455 55.686 59.0 就 0
55.69 56.037 58.0 会 0
56.158 56.623 59.0 流 0
56.627 57.092 61.0 泪 0
57.096 57.444 59.0 的 0
57.565 58.264 58.0 女 0
58.542 58.773 49.0 孩 0
58.777 59.241 51.0 没 0
59.245 59.359 54.0 我 0
59.48 59.944 54.0 可 0
59.948 60.413 56.0 怎 0
60.417 61.351 56.0 么 0
61.506 61.711 49.0 办 0
61.74 61.971 51.0 我 0
61.975 62.205 54.0 们 0
62.209 62.44 51.0 一 0
62.444 62.791 54.0 起 0
62.912 63.143 54.0 看 0
63.147 63.377 56.0 月 0
63.381 63.729 58.0 亮 0
63.85 64.315 63.0 爬 0
64.319 64.901 61.0 上 0
65.075 65.188 61.0 来 0
65.309 65.539 61.0 你 0
65.543 65.657 58.0 也 0
65.778 65.891 56.0 在 0
66.012 66.243 54.0 失 0
66.247 66.594 56.0 眠 0
66.715 66.946 56.0 想 0
66.95 67.18 58.0 着 0
67.184 67.532 56.0 你 0
67.653 68.0 54.0 的 0
68.122 68.821 49.0 最 0
69.147 69.377 49.0 爱 0
69.381 69.612 51.0 我 0
69.616 69.846 54.0 们 0
69.85 70.081 51.0 一 0
70.085 70.411 54.0 起 0
70.553 70.784 54.0 看 0
70.788 71.018 56.0 月 0
71.022 71.487 58.0 亮 0
71.491 71.956 63.0 爬 0
71.96 72.542 61.0 上 0
72.616 72.729 61.0 来 0
72.85 73.08 61.0 你 0
73.084 73.315 58.0 也 0
73.319 73.549 56.0 在 0
73.553 73.784 54.0 失 0
73.788 74.135 56.0 眠 0
74.256 74.487 56.0 想 0
74.491 74.721 58.0 有 0
74.725 75.073 56.0 美 0
75.194 75.541 54.0 好 0
75.663 76.479 56.0 未 0
76.536 76.741 49.0 来 0
76.77 77.001 51.0 我 0
77.005 77.235 54.0 们 0
77.239 77.47 51.0 一 0
77.474 77.821 54.0 起 0
77.942 78.173 54.0 看 0
78.177 78.407 56.0 月 0
78.411 78.759 58.0 亮 0
78.88 79.345 63.0 爬 0
79.349 79.931 61.0 上 0
80.158 80.271 61.0 来 0
80.392 80.622 61.0 你 0
80.626 80.74 58.0 也 0
80.861 80.974 56.0 在 0
81.095 81.326 54.0 失 0
81.33 81.677 56.0 眠 0
81.798 82.029 56.0 谁 0
82.033 82.263 58.0 在 0
82.267 82.615 56.0 为 0
82.736 83.083 54.0 谁 0
83.205 83.904 49.0 等 0
84.1 84.33 49.0 待 0
84.334 84.565 51.0 我 0
84.569 84.799 54.0 们 0
84.803 85.034 51.0 一 0
85.038 85.364 54.0 起 0
85.506 85.737 54.0 看 0
85.741 85.971 56.0 月 0
85.975 86.44 58.0 亮 0
86.444 86.909 63.0 爬 0
86.913 87.495 61.0 上 0
87.678 87.791 61.0 来 0
87.912 88.142 61.0 失 0
88.146 88.377 58.0 眠 0
88.381 88.611 56.0 的 0
88.615 88.846 54.0 夜 0
88.85 89.197 56.0 爱 0
89.318 89.549 56.0 的 0
89.553 89.783 58.0 人 0
89.787 90.252 59.0 会 0
90.256 91.072 56.0 不 0
91.193 91.658 58.0 会 0
91.662 92.127 56.0 向 0
92.131 92.361 54.0 你 0
92.365 95.174 54.0 告 0
110.245 110.71 56.0 白 0
110.714 110.944 54.0 喜 0
110.948 111.179 51.0 欢 0
111.183 111.53 54.0 你 0
111.651 111.765 54.0 笑 0
111.886 112.116 51.0 得 0
112.12 112.585 54.0 像 0
112.589 113.054 58.0 个 0
113.058 113.874 58.0 小 0
113.966 114.431 58.0 孩 0
114.552 114.782 54.0 想 0
114.786 115.017 51.0 每 0
115.021 115.368 54.0 天 0
115.489 115.72 54.0 和 0
115.724 115.954 56.0 你 0
115.958 116.423 58.0 粘 0
116.427 116.657 59.0 在 0
116.661 117.478 54.0 一 0
117.52 117.633 54.0 块 0
117.754 117.984 54.0 听 0
117.988 118.102 56.0 一 0
118.223 118.453 58.0 首 0
118.457 118.688 59.0 老 0
118.692 119.156 61.0 歌 0
119.16 119.391 59.0 就 0
119.395 119.742 58.0 会 0
119.863 120.328 59.0 流 0
120.332 120.797 61.0 泪 0
120.801 121.149 59.0 的 0
121.27 121.969 58.0 女 0
122.35 122.581 49.0 孩 0
122.585 123.049 51.0 没 0
123.053 123.167 54.0 我 0
123.288 123.752 54.0 可 0
123.756 124.221 56.0 怎 0
124.225 125.159 56.0 么 0
125.26 125.465 49.0 办 0
125.494 125.725 51.0 我 0
125.729 125.959 54.0 们 0
125.963 126.194 51.0 一 0
126.198 126.545 54.0 起 0
126.666 126.897 54.0 看 0
126.901 127.131 56.0 月 0
127.135 127.483 58.0 亮 0
127.604 128.069 63.0 爬 0
128.073 128.655 61.0 上 0
128.751 128.864 61.0 来 0
128.985 129.215 61.0 你 0
129.219 129.333 58.0 也 0
129.454 129.567 56.0 在 0
129.688 129.919 54.0 失 0
129.923 130.27 56.0 眠 0
130.391 130.622 56.0 想 0
130.626 130.856 58.0 着 0
130.86 131.208 56.0 你 0
131.329 131.676 54.0 的 0
131.798 132.497 49.0 最 0
132.718 132.948 49.0 爱 0
132.952 133.183 51.0 我 0
133.187 133.417 54.0 们 0
133.421 133.652 51.0 一 0
133.656 133.982 54.0 起 0
134.124 134.355 54.0 看 0
134.359 134.589 56.0 月 0
134.593 135.058 58.0 亮 0
135.062 135.527 63.0 爬 0
135.531 136.113 61.0 上 0
136.405 136.518 61.0 来 0
136.639 136.869 61.0 你 0
136.873 137.104 58.0 也 0
137.108 137.338 56.0 在 0
137.342 137.573 54.0 失 0
137.577 137.924 56.0 眠 0
138.045 138.276 56.0 想 0
138.28 138.51 58.0 有 0
138.514 138.862 56.0 美 0
138.983 139.33 54.0 好 0
139.452 140.268 56.0 未 0
140.271 140.476 49.0 来 0
140.505 140.736 51.0 我 0
140.74 140.97 54.0 们 0
140.974 141.205 51.0 一 0
141.209 141.556 54.0 起 0
141.677 141.908 54.0 看 0
141.912 142.142 56.0 月 0
142.146 142.494 58.0 亮 0
142.615 143.08 63.0 爬 0
143.084 143.666 61.0 上 0
143.868 143.981 61.0 来 0
144.102 144.332 61.0 你 0
144.336 144.45 58.0 也 0
144.571 144.684 56.0 在 0
144.805 145.036 54.0 失 0
145.04 145.387 56.0 眠 0
145.508 145.739 56.0 谁 0
145.743 145.973 58.0 在 0
145.977 146.325 56.0 为 0
146.446 146.793 54.0 谁 0
146.915 147.614 49.0 等 0
147.901 148.131 49.0 待 0
148.135 148.366 51.0 我 0
148.37 148.6 54.0 们 0
148.604 148.835 51.0 一 0
148.839 149.165 54.0 起 0
149.307 149.538 54.0 看 0
149.542 149.772 56.0 月 0
149.776 150.241 58.0 亮 0
150.245 150.71 63.0 爬 0
150.714 151.296 61.0 上 0
151.325 151.438 61.0 来 0
151.559 151.789 61.0 失 0
151.793 152.024 58.0 眠 0
152.028 152.258 56.0 的 0
152.262 152.493 54.0 夜 0
152.497 152.844 56.0 爱 0
152.965 153.196 56.0 的 0
153.2 153.43 58.0 人 0
153.434 153.899 59.0 会 0
153.903 154.719 56.0 不 0
154.84 155.305 58.0 会 0
155.309 155.774 56.0 向 0
155.778 156.008 54.0 你 0
156.012 158.821 54.0 告 0
159.13 159.335 50.0 白 0
159.364 159.595 52.0 我 0
159.599 159.829 55.0 们 0
159.833 160.064 52.0 一 0
160.068 160.415 55.0 起 0
160.536 160.767 55.0 看 0
160.771 161.001 57.0 月 0
161.005 161.353 59.0 亮 0
161.474 161.939 64.0 爬 0
161.943 162.525 62.0 上 0
162.562 162.675 62.0 来 0
162.796 163.026 62.0 你 0
163.03 163.144 59.0 也 0
163.265 163.378 57.0 在 0
163.499 163.73 55.0 失 0
163.734 164.081 57.0 眠 0
164.202 164.433 57.0 想 0
164.437 164.667 59.0 着 0
164.671 165.019 57.0 你 0
165.14 165.487 55.0 的 0
165.609 166.308 50.0 最 0
166.662 166.892 50.0 爱 0
166.896 167.127 52.0 我 0
167.131 167.361 55.0 们 0
167.365 167.596 52.0 一 0
167.6 167.926 55.0 起 0
168.068 168.299 55.0 看 0
168.303 168.533 57.0 月 0
168.537 169.002 59.0 亮 0
169.006 169.471 64.0 爬 0
169.475 170.057 62.0 上 0
170.166 170.279 62.0 来 0
170.4 170.63 62.0 你 0
170.634 170.865 59.0 也 0
170.869 171.099 57.0 在 0
171.103 171.334 55.0 失 0
171.338 171.685 57.0 眠 0
171.806 172.037 57.0 想 0
172.041 172.271 59.0 有 0
172.275 172.74 60.0 美 0
172.744 173.091 57.0 好 0
173.213 174.029 57.0 未 0
174.136 174.341 50.0 来 0
174.37 174.601 52.0 我 0
174.605 174.835 55.0 们 0
174.839 175.07 52.0 一 0
175.074 175.421 55.0 起 0
175.542 175.773 55.0 看 0
175.777 176.007 57.0 月 0
176.011 176.359 59.0 亮 0
176.48 176.945 64.0 爬 0
176.949 177.531 62.0 上 0
177.639 177.752 62.0 来 0
177.873 178.103 62.0 你 0
178.107 178.221 59.0 也 0
178.342 178.455 57.0 在 0
178.576 178.807 55.0 失 0
178.811 179.158 57.0 眠 0
179.279 179.51 57.0 谁 0
179.514 179.744 59.0 在 0
179.748 180.096 57.0 为 0
180.217 180.564 55.0 谁 0
180.686 181.385 50.0 等 0
181.499 181.729 50.0 待 0
181.733 181.964 52.0 我 0
181.968 182.198 55.0 们 0
182.202 182.433 52.0 一 0
182.437 182.763 55.0 起 0
182.905 183.136 55.0 看 0
183.14 183.37 57.0 月 0
183.374 183.839 59.0 亮 0
183.843 184.308 64.0 爬 0
184.312 184.894 62.0 上 0
185.166 185.279 62.0 来 0
185.4 185.63 62.0 失 0
185.634 185.865 59.0 眠 0
185.869 186.099 57.0 的 0
186.103 186.334 55.0 夜 0
186.338 186.685 57.0 爱 0
186.806 187.037 57.0 的 0
187.041 187.271 59.0 人 0
187.275 187.74 60.0 会 0
187.744 188.56 57.0 不 0
188.681 189.146 59.0 会 0
189.15 189.615 57.0 向 0
189.619 189.849 55.0 你 0
189.853 192.662 55.0 告 0
