31.57 31.819 56.0 古 0
31.819 32.055 58.0 巴 0
32.055 32.292 56.0 比 0
32.292 32.528 56.0 伦 0
32.528 32.765 56.0 王 0
32.765 33.002 56.0 颁 0
33.002 33.238 56.0 布 0
33.238 33.475 56.0 了 1
33.479 33.715 56.0 汉 0
33.715 33.952 58.0 摩 0
33.952 34.188 56.0 拉 0
34.188 34.425 56.0 比 0
34.425 34.662 56.0 法 0
34.662 34.898 51.0 典 1
35.177 35.413 56.0 刻 0
35.413 35.65 58.0 在 0
35.65 35.887 58.0 黑 0
35.887 36.123 56.0 色 0
36.123 36.36 56.0 的 0
36.36 36.596 56.0 玄 0
36.596 36.833 56.0 武 0
36.833 37.07 56.0 岩 1
37.077 37.195 56.0 距 0
37.195 37.313 56.0 今 0
37.313 37.55 58.0 已 0
37.55 37.786 58.0 三 0
37.786 38.023 58.0 千 0
38.023 38.26 58.0 七 0
38.26 38.496 56.0 百 0
38.496 38.969 56.0 多 0
38.969 39.443 56.0 年 1
39.446 39.682 58.0 你 0
39.682 39.919 58.0 在 0
39.919 40.155 58.0 橱 0
40.155 40.392 56.0 窗 0
40.392 40.629 56.0 前 1
40.743 40.98 58.0 凝 0
40.98 41.098 58.0 视 0
41.098 41.453 58.0 碑 0
41.453 41.689 58.0 文 0
41.689 41.926 58.0 的 0
41.926 42.163 53.0 字 0
42.163 42.636 56.0 眼 1
42.809 42.928 56.0 我 0
42.928 43.046 57.0 却 0
43.046 43.283 58.0 在 0
43.283 43.519 56.0 旁 0
43.519 43.815 56.0 静 0
43.815 43.992 58.0 静 0
43.992 44.229 58.0 欣 0
44.229 44.466 56.0 赏 0
44.466 44.702 56.0 你 1
44.885 45.122 58.0 那 0
45.122 45.358 58.0 张 0
45.358 45.595 56.0 我 0
45.595 45.832 56.0 深 0
45.832 46.068 56.0 爱 0
46.068 46.541 60.0 的 0
46.541 47.015 58.0 脸 1
47.18 47.417 60.0 祭 0
47.417 47.89 60.0 司 0
47.89 48.126 60.0 神 0
48.126 48.363 63.0 殿 0
48.363 48.6 60.0 征 0
48.6 49.073 60.0 战 1
49.107 49.343 60.0 弓 0
49.343 49.58 63.0 箭 0
49.58 49.817 60.0 是 0
49.817 50.053 61.0 谁 0
50.053 50.29 63.0 的 0
50.29 50.526 63.0 从 0
50.526 50.763 56.0 前 1
50.971 51.089 53.0 喜 0
51.089 51.207 56.0 欢 0
51.207 51.444 56.0 在 0
51.444 51.68 63.0 人 0
51.68 51.917 63.0 潮 0
51.917 52.154 58.0 中 0
52.154 52.39 58.0 你 1
52.425 52.662 58.0 只 0
52.662 52.898 58.0 属 0
52.898 53.135 58.0 于 0
53.135 53.372 58.0 我 0
53.372 53.608 56.0 的 0
53.608 53.845 63.0 那 0
53.845 54.081 60.0 画 0
54.081 54.554 60.0 面 1
54.836 55.073 63.0 经 0
55.073 55.309 63.0 过 0
55.309 55.546 58.0 苏 0
55.546 55.782 58.0 美 0
55.782 56.019 58.0 女 0
56.019 56.256 58.0 神 0
56.256 56.492 56.0 身 0
56.492 56.729 56.0 边 1
56.729 56.965 61.0 我 0
56.965 57.202 63.0 以 0
57.202 57.439 58.0 女 0
57.439 57.675 58.0 神 0
57.675 57.912 58.0 之 0
57.912 58.148 58.0 名 0
58.148 58.385 56.0 许 0
58.385 58.622 56.0 愿 1
59.07 59.306 56.0 思 0
59.306 59.543 56.0 念 0
59.543 59.78 56.0 像 0
59.78 60.016 56.0 底 0
60.016 60.253 61.0 格 0
60.253 60.489 61.0 里 0
60.489 60.726 60.0 斯 0
60.726 60.963 60.0 河 0
60.963 61.199 58.0 般 0
61.199 61.672 58.0 的 0
61.672 61.909 53.0 漫 0
61.909 62.619 56.0 延 1
62.824 63.061 56.0 当 0
63.061 63.534 61.0 古 0
63.534 64.007 61.0 文 0
64.007 64.48 60.0 明 0
64.48 64.954 58.0 只 0
64.954 65.427 56.0 剩 0
65.427 65.663 56.0 下 0
65.663 65.9 58.0 难 0
65.9 66.373 60.0 解 0
66.373 66.846 56.0 的 0
66.846 67.32 56.0 语 0
67.32 67.793 56.0 言 0
67.793 68.502 55.0 - 0
68.502 68.739 53.0 - 1
69.183 69.42 56.0 传 0
69.42 69.656 58.0 说 0
69.656 70.13 60.0 就 0
70.13 70.366 58.0 成 0
70.366 70.603 56.0 了 0
71.076 71.313 51.0 永 0
71.313 71.549 58.0 垂 0
71.549 71.786 60.0 - 0
71.786 72.022 58.0 - 0
72.022 72.259 56.0 不 0
72.259 72.969 60.0 朽 0
72.969 73.205 65.0 的 0
73.205 73.56 63.0 诗 0
73.56 73.915 65.0 - 0
73.915 74.152 63.0 - 0
74.152 76.044 63.0 篇 0
76.044 77.109 63.0 - 1
77.9 78.137 63.0 我 0
78.137 78.373 63.0 给 0
78.373 78.61 63.0 你 0
78.61 78.847 63.0 的 0
78.847 79.083 68.0 爱 0
79.083 79.32 68.0 写 0
79.32 79.556 67.0 在 0
79.556 79.793 67.0 西 0
79.793 80.03 65.0 元 0
80.03 80.503 63.0 前 1
80.585 80.821 63.0 深 0
80.821 81.058 63.0 埋 0
81.058 81.295 63.0 在 0
81.295 81.531 60.0 美 0
81.531 81.768 60.0 索 0
81.768 82.004 61.0 不 0
82.004 82.241 63.0 达 0
82.241 82.477 60.0 米 0
82.477 82.714 60.0 亚 0
82.714 82.951 63.0 平 0
82.951 83.66 63.0 原 0
83.66 84.607 58.0 - 0
84.607 84.725 56.0 - 1
85.594 85.831 63.0 几 0
85.831 86.067 63.0 十 0
86.067 86.304 63.0 个 0
86.304 86.541 63.0 世 0
86.541 86.777 67.0 纪 0
86.777 87.014 68.0 后 0
87.014 87.25 67.0 出 0
87.25 87.487 67.0 土 0
87.487 87.724 65.0 发 0
87.724 88.197 63.0 现 1
88.197 88.433 63.0 泥 0
88.433 88.67 65.0 板 0
88.67 88.906 65.0 上 0
88.906 89.143 63.0 的 0
89.143 89.38 63.0 字 0
89.38 89.616 65.0 迹 0
89.616 89.853 65.0 依 0
89.853 90.089 63.0 然 0
90.089 90.326 63.0 清 0
90.326 90.563 65.0 晰 0
90.563 91.036 63.0 可 0
91.036 91.746 63.0 见 0
91.746 92.219 60.0 吼 0
92.219 92.455 63.0 - 1
93.01 93.247 63.0 我 0
93.247 93.483 63.0 给 0
93.483 93.72 63.0 你 0
93.72 93.957 63.0 的 0
93.957 94.193 67.0 爱 0
94.193 94.43 68.0 写 0
94.43 94.666 67.0 在 0
94.666 94.903 67.0 西 0
94.903 95.139 65.0 元 0
95.139 95.613 65.0 前 1
95.76 95.996 63.0 深 0
95.996 96.233 63.0 埋 0
96.233 96.469 63.0 在 0
96.469 96.706 60.0 美 0
96.706 96.943 60.0 索 0
96.943 97.179 63.0 不 0
97.179 97.416 63.0 达 0
97.416 97.652 60.0 米 0
97.652 97.889 60.0 亚 0
97.889 98.126 63.0 平 0
98.126 98.835 63.0 原 0
98.835 99.782 58.0 - 0
99.782 99.9 56.0 - 1
100.643 100.88 63.0 用 0
100.88 101.116 63.0 楔 0
101.116 101.353 63.0 形 0
101.353 101.589 63.0 文 0
101.589 101.826 68.0 字 0
101.826 102.063 68.0 刻 0
102.063 102.299 70.0 下 0
102.299 102.536 70.0 了 0
102.536 102.772 67.0 永 0
102.772 103.246 68.0 远 1
103.308 103.544 65.0 那 0
103.544 103.781 67.0 已 0
103.781 104.254 68.0 风 0
104.254 104.727 67.0 化 0
104.727 105.2 65.0 千 0
105.2 105.437 63.0 年 0
105.437 105.674 65.0 的 0
105.674 106.147 63.0 誓 0
106.147 106.383 63.0 言 1
106.497 106.97 58.0 一 0
106.97 107.443 58.0 切 0
107.443 107.68 58.0 又 0
107.68 107.917 56.0 重 0
107.917 109.099 56.0 演 1
111.092 111.329 59.0 祭 0
111.329 111.565 62.0 司 0
111.565 111.802 59.0 神 0
111.802 112.275 62.0 殿 0
112.275 112.512 59.0 征 0
112.512 112.748 62.0 战 1
112.751 112.988 59.0 弓 0
112.988 113.461 62.0 箭 0
113.461 113.698 59.0 是 0
113.698 113.934 62.0 谁 0
113.934 114.171 62.0 的 0
114.171 114.644 62.0 从 0
114.644 114.881 55.0 前 1
115.35 115.468 55.0 喜 0
115.468 115.586 55.0 欢 0
115.586 115.823 55.0 在 0
115.823 116.06 62.0 人 0
116.06 116.296 62.0 潮 0
116.296 116.533 57.0 中 0
116.533 116.769 57.0 你 1
116.806 117.043 57.0 只 0
117.043 117.28 57.0 属 0
117.28 117.516 57.0 于 0
117.516 117.753 57.0 我 0
117.753 117.989 55.0 的 0
117.989 118.226 62.0 那 0
118.226 118.463 59.0 画 0
118.463 118.699 59.0 面 1
119.102 119.339 62.0 经 0
119.339 119.576 62.0 过 0
119.576 119.812 57.0 苏 0
119.812 120.049 57.0 美 0
120.049 120.285 57.0 女 0
120.285 120.522 57.0 神 0
120.522 120.759 55.0 身 0
120.759 120.995 55.0 边 1
121.019 121.256 62.0 我 0
121.256 121.492 62.0 以 0
121.492 121.729 57.0 女 0
121.729 121.965 57.0 神 0
121.965 122.202 57.0 之 0
122.202 122.439 57.0 名 0
122.439 122.675 55.0 许 0
122.675 122.912 55.0 愿 1
123.258 123.495 52.0 思 0
123.495 123.731 54.0 念 0
123.731 123.968 55.0 像 0
123.968 124.204 55.0 底 0
124.204 124.441 60.0 格 0
124.441 124.678 60.0 里 0
124.678 124.914 59.0 斯 0
124.914 125.151 59.0 河 0
125.151 125.387 57.0 般 0
125.387 125.624 57.0 的 0
125.861 126.097 52.0 漫 0
126.097 126.57 55.0 延 1
127.074 127.31 55.0 当 0
127.31 127.783 60.0 古 0
127.783 128.257 60.0 文 0
128.257 128.73 57.0 明 0
128.73 129.203 57.0 只 0
129.203 129.676 55.0 剩 0
129.676 129.913 55.0 下 0
129.913 130.149 57.0 难 0
130.149 130.622 59.0 解 0
130.622 130.859 59.0 的 0
130.859 131.332 64.0 语 0
131.332 131.569 59.0 - 0
131.569 132.219 62.0 言 0
132.219 132.338 64.0 - 1
133.448 133.684 55.0 传 0
133.684 133.921 57.0 说 0
133.921 134.394 59.0 就 0
134.394 134.631 57.0 成 0
134.631 135.34 55.0 了 0
135.34 135.577 57.0 永 0
135.577 135.813 57.0 垂 0
135.813 136.05 59.0 - 0
136.05 136.287 57.0 - 0
136.287 136.523 57.0 不 0
136.523 136.76 57.0 朽 0
136.76 137.233 59.0 - 0
137.233 137.47 64.0 的 0
137.47 137.825 64.0 诗 0
137.825 138.179 64.0 - 0
138.179 139.836 62.0 篇 0
139.836 141.019 71.0 - 0
141.019 141.965 67.0 - 1
142.339 142.576 59.0 我 0
142.576 142.813 62.0 给 0
142.813 143.049 62.0 你 0
143.049 143.286 62.0 的 0
143.286 143.522 67.0 爱 0
143.522 143.759 67.0 写 0
143.759 143.996 66.0 在 0
143.996 144.232 66.0 西 0
144.232 144.469 64.0 元 0
144.469 144.942 64.0 前 1
144.946 145.183 62.0 深 0
145.183 145.419 62.0 埋 0
145.419 145.656 62.0 在 0
145.656 145.892 59.0 美 0
145.892 146.129 59.0 索 0
146.129 146.366 62.0 不 0
146.366 146.602 62.0 达 0
146.602 146.839 59.0 米 0
146.839 147.075 59.0 亚 0
147.075 147.312 60.0 平 0
147.312 148.022 62.0 原 0
148.022 148.968 57.0 - 0
148.968 149.086 55.0 - 1
149.774 150.011 62.0 几 0
150.011 150.248 62.0 十 0
150.248 150.484 62.0 个 0
150.484 150.721 62.0 世 0
150.721 150.957 66.0 纪 0
150.957 151.194 67.0 后 0
151.194 151.431 66.0 出 0
151.431 151.667 66.0 土 0
151.667 151.904 64.0 发 0
151.904 152.377 62.0 现 1
152.428 152.665 62.0 泥 0
152.665 152.901 64.0 板 0
152.901 153.138 64.0 上 0
153.138 153.374 62.0 的 0
153.374 153.611 62.0 字 0
153.611 153.848 64.0 迹 0
153.848 154.084 64.0 依 0
154.084 154.321 62.0 然 0
154.321 154.557 62.0 清 0
154.557 154.794 64.0 晰 0
154.794 155.267 64.0 可 0
155.267 155.977 62.0 见 0
155.977 156.45 59.0 哦 0
156.45 156.687 62.0 - 1
157.487 157.724 62.0 我 0
157.724 157.961 62.0 给 0
157.961 158.197 62.0 你 0
158.197 158.434 62.0 的 0
158.434 158.67 66.0 爱 0
158.67 158.907 67.0 写 0
158.907 159.144 66.0 在 0
159.144 159.38 66.0 西 0
159.38 159.617 64.0 元 0
159.617 160.09 64.0 前 1
160.113 160.35 62.0 深 0
160.35 160.586 62.0 埋 0
160.586 160.823 62.0 在 0
160.823 161.059 59.0 美 0
161.059 161.296 59.0 索 0
161.296 161.533 62.0 不 0
161.533 161.769 62.0 达 0
161.769 162.006 59.0 米 0
162.006 162.242 59.0 亚 0
162.242 162.479 62.0 平 0
162.479 163.189 62.0 原 0
163.189 164.135 57.0 - 0
164.135 164.253 55.0 - 1
165.02 165.257 62.0 用 0
165.257 165.494 62.0 楔 0
165.494 165.73 62.0 形 0
165.73 165.967 62.0 文 0
165.967 166.203 67.0 字 0
166.203 166.44 67.0 刻 0
166.44 166.677 69.0 下 0
166.677 166.913 69.0 了 0
166.913 167.15 66.0 永 0
167.15 167.623 67.0 远 1
167.651 167.888 64.0 那 0
167.888 168.124 66.0 已 0
168.124 168.597 66.0 风 0
168.597 169.071 66.0 化 0
169.071 169.544 62.0 千 0
169.544 169.78 62.0 年 0
169.78 170.017 64.0 的 0
170.017 170.49 62.0 誓 0
170.49 170.963 62.0 言 0
170.963 171.436 57.0 一 0
171.436 171.91 57.0 切 1
172.356 172.829 64.0 我 0
172.829 173.302 64.0 感 0
173.302 173.775 64.0 到 0
173.775 174.249 66.0 很 0
174.249 174.485 66.0 疲 0
174.485 175.195 66.0 倦 1
175.222 175.459 66.0 离 0
175.459 175.695 66.0 家 0
175.695 176.168 67.0 乡 0
176.168 176.405 67.0 还 0
176.405 176.641 67.0 是 0
176.641 176.878 69.0 - 0
176.878 177.115 66.0 - 0
177.115 177.351 66.0 很 0
177.351 178.298 67.0 远 1
178.799 179.035 54.0 呃 0
179.035 179.272 64.0 害 0
179.272 179.509 66.0 怕 0
179.509 179.982 66.0 再 0
179.982 180.218 66.0 也 0
180.218 180.928 64.0 不 0
180.928 181.165 66.0 能 0
181.165 181.401 66.0 回 0
181.401 181.638 67.0 - 0
181.638 181.875 62.0 - 0
181.875 182.111 62.0 到 0
182.111 182.584 62.0 你 0
182.584 183.057 67.0 身 0
183.057 184.477 69.0 边 0
184.477 186.133 69.0 - 1
187.626 187.863 60.0 我 0
187.863 188.1 63.0 给 0
188.1 188.336 63.0 你 0
188.336 188.573 63.0 的 0
188.573 188.809 68.0 爱 0
188.809 189.046 68.0 写 0
189.046 189.283 67.0 在 0
189.283 189.519 67.0 西 0
189.519 189.756 65.0 元 0
189.756 189.992 65.0 前 1
190.115 190.352 63.0 深 0
190.352 190.588 63.0 埋 0
190.588 190.825 63.0 在 0
190.825 191.062 63.0 美 0
191.062 191.298 60.0 索 0
191.298 191.653 60.0 不 0
191.653 191.771 63.0 达 0
191.771 192.008 63.0 米 0
192.008 192.245 60.0 亚 0
192.245 192.6 60.0 平 0
192.6 193.428 63.0 原 0
193.428 194.374 58.0 - 0
194.374 194.492 56.0 - 1
195.236 195.473 63.0 几 0
195.473 195.71 63.0 十 0
195.71 195.946 63.0 个 0
195.946 196.183 63.0 世 0
196.183 196.419 67.0 纪 0
196.419 196.656 68.0 后 0
196.656 196.892 67.0 出 0
196.892 197.129 67.0 土 0
197.129 197.366 65.0 发 0
197.366 197.839 63.0 现 1
197.915 198.151 63.0 泥 0
198.151 198.388 65.0 板 0
198.388 198.625 65.0 上 0
198.625 198.861 63.0 的 0
198.861 199.098 63.0 字 0
199.098 199.334 65.0 迹 0
199.334 199.571 65.0 依 0
199.571 199.808 63.0 然 0
199.808 200.044 63.0 清 0
200.044 200.281 65.0 晰 0
200.281 200.754 63.0 可 0
200.754 201.464 63.0 见 0
201.464 201.937 60.0 哦 0
201.937 202.174 63.0 - 1
202.767 203.004 63.0 我 0
203.004 203.24 63.0 给 0
203.24 203.477 63.0 你 0
203.477 203.714 63.0 的 0
203.714 203.95 67.0 爱 0
203.95 204.187 68.0 写 0
204.187 204.423 67.0 在 0
204.423 204.66 67.0 西 0
204.66 204.897 65.0 元 0
204.897 205.37 65.0 前 1
205.453 205.689 63.0 深 0
205.689 205.926 63.0 埋 0
205.926 206.163 63.0 在 0
206.163 206.399 60.0 美 0
206.399 206.636 60.0 索 0
206.636 206.872 63.0 不 0
206.872 207.109 63.0 达 0
207.109 207.346 60.0 米 0
207.346 207.582 60.0 亚 0
207.582 207.819 63.0 平 0
207.819 208.529 63.0 原 0
208.529 209.475 58.0 - 0
209.475 209.593 56.0 - 1
210.506 210.743 63.0 用 0
210.743 210.979 63.0 楔 0
210.979 211.216 63.0 形 0
211.216 211.453 63.0 文 0
211.453 211.689 68.0 字 0
211.689 211.926 68.0 刻 0
211.926 212.162 70.0 下 0
212.162 212.399 70.0 了 0
212.399 212.636 67.0 永 0
212.636 213.109 68.0 远 1
213.11 213.346 65.0 那 0
213.346 213.583 67.0 已 0
213.583 214.056 67.0 风 0
214.056 214.529 67.0 化 0
214.529 215.003 65.0 千 0
215.003 215.239 63.0 年 0
215.239 215.476 65.0 的 0
215.476 215.949 63.0 誓 0
215.949 216.422 63.0 言 0
216.422 216.895 58.0 一 0
216.895 217.132 58.0 切 1
217.134 217.37 51.0 爱 0
217.37 219.263 60.0 在 0
219.263 220.683 61.0 西 0
220.683 220.919 58.0 元 0
220.919 223.167 56.0 前 0
223.167 224.232 63.0 - 0
224.705 224.941 51.0 爱 0
224.941 226.834 60.0 在 0
226.834 227.071 60.0 西 0
227.071 227.544 61.0 - 0
227.544 227.958 60.0 元 0
227.958 228.254 60.0 - 0
228.254 228.49 56.0 - 0
228.49 230.147 56.0 前 1
