13.313 13.616 59.0 天 0
13.616 13.919 61.0 空 0
13.919 14.222 61.0 刚 0
14.222 14.828 56.0 下 0
14.828 15.131 56.0 了 0
15.131 15.737 56.0 几 0
15.737 16.04 54.0 场 0
16.04 16.95 49.0 雨 1
16.997 17.3 51.0 看 0
17.3 17.603 54.0 街 0
17.603 17.906 54.0 上 0
17.906 18.209 53.0 路 0
18.209 18.512 54.0 人 0
18.512 18.815 56.0 不 0
18.815 19.421 58.0 多 1
20.601 20.904 61.0 现 0
20.904 21.207 61.0 在 0
21.207 21.51 61.0 的 0
21.51 22.116 56.0 你 0
22.116 22.419 56.0 在 0
22.419 23.025 56.0 做 0
23.025 23.328 54.0 什 0
23.328 24.237 49.0 么 1
24.258 24.561 51.0 还 0
24.561 24.864 54.0 有 0
24.864 25.167 54.0 没 0
25.167 25.47 53.0 有 0
25.47 25.773 54.0 在 0
25.773 26.076 56.0 想 0
26.076 26.986 54.0 我 1
27.574 27.877 53.0 快 0
27.877 28.483 51.0 乐 0
28.483 28.786 54.0 是 0
28.786 29.089 53.0 否 0
29.089 29.392 54.0 曾 0
29.392 29.695 56.0 来 0
29.695 30.301 58.0 过 1
31.235 31.538 54.0 探 0
31.538 32.144 51.0 访 0
32.144 32.447 63.0 我 0
32.447 33.053 61.0 们 0
33.053 33.356 59.0 两 0
33.356 33.962 58.0 个 1
35.055 35.661 61.0 谁 0
35.661 35.964 66.0 都 0
35.964 36.57 65.0 不 0
36.57 36.874 63.0 想 0
36.874 37.177 61.0 让 0
37.177 37.48 58.0 自 0
37.48 37.783 56.0 己 0
37.783 38.086 54.0 错 1
38.334 38.637 53.0 剩 0
38.637 39.243 51.0 下 0
39.243 39.546 54.0 了 0
39.546 39.849 53.0 自 0
39.849 40.152 54.0 己 0
40.152 40.455 56.0 一 0
40.455 41.061 54.0 个 1
56.999 57.302 61.0 找 0
57.302 57.605 61.0 到 0
57.605 57.908 61.0 你 0
57.908 58.514 56.0 爱 0
58.514 58.817 58.0 的 0
58.817 59.423 56.0 咖 0
59.423 59.726 54.0 啡 0
59.726 60.635 49.0 店 1
60.639 60.942 51.0 尝 0
60.942 61.245 54.0 试 0
61.245 61.548 54.0 去 0
61.548 61.851 53.0 感 0
61.851 62.154 54.0 应 0
62.306 62.457 56.0 着 0
62.457 63.063 58.0 你 1
64.179 64.482 61.0 喝 0
64.482 64.785 61.0 一 0
64.785 65.088 61.0 杯 0
65.088 65.694 56.0 低 0
65.694 65.997 58.0 糖 0
65.997 66.604 56.0 的 0
66.604 67.816 49.0 Latte 1
67.855 68.158 51.0 你 0
68.158 68.461 54.0 还 0
68.461 68.764 54.0 会 0
68.764 69.067 53.0 想 0
69.067 69.37 54.0 尝 0
69.521 69.673 56.0 一 0
69.673 70.582 54.0 口 1
71.083 71.386 53.0 快 0
71.386 71.992 51.0 乐 0
71.992 72.295 54.0 会 0
72.295 72.598 53.0 否 0
72.598 72.901 54.0 再 0
72.901 73.204 56.0 来 0
73.204 73.81 58.0 过 1
74.775 75.078 54.0 探 0
75.078 75.684 51.0 访 0
75.684 75.987 63.0 我 0
75.987 76.594 61.0 们 0
76.594 76.897 59.0 两 0
76.897 77.503 58.0 个 1
78.712 79.318 61.0 谁 0
79.318 79.621 66.0 都 0
79.621 80.227 65.0 不 0
80.227 80.53 63.0 想 0
80.53 80.833 61.0 让 0
80.833 81.136 58.0 自 0
81.136 81.439 56.0 己 0
81.439 81.742 54.0 错 1
82.027 82.33 53.0 剩 0
82.33 82.936 51.0 下 0
82.936 83.239 63.0 了 0
83.239 83.542 61.0 自 0
83.542 83.845 58.0 己 0
83.845 84.148 56.0 一 0
84.148 84.754 54.0 个 1
86.081 86.991 61.0 春 0
86.991 87.9 68.0 夏 0
87.9 88.809 65.0 秋 0
88.809 89.718 66.0 冬 1
89.726 90.029 63.0 有 0
90.029 90.332 63.0 多 0
90.332 90.635 63.0 少 0
90.635 91.241 61.0 人 0
91.241 91.544 59.0 会 0
91.544 92.15 58.0 走 1
93.278 94.187 61.0 春 0
94.187 95.096 68.0 夏 0
95.096 96.005 65.0 秋 0
96.005 96.915 66.0 冬 1
96.917 97.22 63.0 有 0
97.22 97.523 63.0 多 0
97.523 97.826 63.0 少 0
97.826 98.432 58.0 人 0
98.432 98.735 56.0 会 0
98.735 99.341 54.0 留 1
115.043 115.346 61.0 传 0
115.346 115.649 61.0 闻 0
115.649 115.952 61.0 你 0
115.952 116.559 56.0 身 0
116.559 116.862 58.0 边 0
116.862 117.468 56.0 有 0
117.468 117.771 54.0 个 0
117.771 118.68 49.0 他 1
118.733 119.036 51.0 两 0
119.036 119.339 54.0 个 0
119.339 119.642 54.0 人 0
119.642 119.945 53.0 很 0
119.945 120.248 54.0 快 0
120.399 120.551 56.0 乐 0
120.551 121.157 58.0 吗 1
122.317 122.62 61.0 听 0
122.62 122.923 61.0 说 0
122.923 123.226 61.0 你 0
123.226 123.832 56.0 跟 0
123.832 124.135 58.0 他 0
124.135 124.741 56.0 提 0
124.741 125.044 54.0 起 0
125.044 125.953 49.0 我 1
126.086 126.39 51.0 是 0
126.39 126.693 54.0 否 0
126.693 126.996 54.0 对 0
126.996 127.299 53.0 我 0
127.299 127.602 54.0 也 0
127.602 127.905 56.0 牵 0
127.905 128.814 54.0 挂 1
129.278 129.581 53.0 快 0
129.581 130.187 51.0 乐 0
130.187 130.49 54.0 是 0
130.49 130.793 53.0 否 0
130.793 131.096 54.0 也 0
131.096 131.399 56.0 来 0
131.399 132.005 58.0 过 1
132.96 133.263 54.0 探 0
133.263 133.869 51.0 访 0
133.869 134.172 63.0 你 0
134.172 134.778 61.0 们 0
134.778 135.081 59.0 两 0
135.081 135.687 58.0 个 1
136.898 137.504 61.0 谁 0
137.504 137.807 66.0 都 0
137.807 138.413 65.0 不 0
138.413 138.716 63.0 想 0
138.716 139.019 61.0 再 0
139.019 139.322 58.0 让 0
139.322 139.625 56.0 你 0
139.625 139.928 54.0 哭 1
140.183 140.486 53.0 剩 0
140.486 141.092 51.0 下 0
141.092 141.395 63.0 你 0
141.395 141.698 61.0 自 0
141.698 142.001 58.0 己 0
142.001 142.304 56.0 一 0
142.304 142.91 54.0 个 1
144.221 145.13 61.0 春 0
145.13 146.039 68.0 夏 0
146.039 146.949 65.0 秋 0
146.949 147.858 66.0 冬 1
147.889 148.192 63.0 有 0
148.192 148.495 63.0 多 0
148.495 148.798 63.0 少 0
148.798 149.404 61.0 人 0
149.404 149.707 59.0 会 0
149.707 150.313 58.0 走 1
151.514 152.423 61.0 春 0
152.423 153.332 68.0 夏 0
153.332 154.241 65.0 秋 0
154.241 155.15 66.0 冬 1
155.179 155.482 63.0 有 0
155.482 155.785 63.0 多 0
155.785 156.088 63.0 少 0
156.088 156.695 58.0 人 0
156.695 156.998 56.0 会 0
156.998 157.604 54.0 留 1
158.665 158.968 61.0 外 0
158.968 159.271 61.0 面 0
159.271 159.574 61.0 的 0
159.574 160.18 56.0 雨 0
160.18 160.483 58.0 下 0
160.483 161.089 56.0 得 0
161.089 161.392 54.0 太 0
161.392 162.301 49.0 久 1
162.379 162.682 51.0 我 0
162.682 162.985 54.0 的 0
162.985 163.288 54.0 心 0
163.288 163.591 53.0 感 0
163.591 163.894 54.0 觉 0
163.894 164.197 56.0 冷 0
164.197 164.803 58.0 漠 1
165.933 166.236 61.0 看 0
166.236 166.539 61.0 到 0
166.539 166.842 61.0 这 0
166.842 167.448 56.0 一 0
167.448 167.751 58.0 场 0
167.751 168.357 56.0 过 0
168.357 168.66 54.0 云 0
168.66 169.569 49.0 雨 1
169.622 169.925 51.0 你 0
169.925 170.228 54.0 是 0
170.228 170.682 54.0 否 0
170.682 171.137 53.0 会 0
171.137 171.592 54.0 想 0
171.592 172.349 56.0 起 0
172.349 173.258 54.0 我 1
