24.27 24.524 49.0 那 0
24.59 25.047 56.0 - 0
25.203 25.506 56.0 夜 0
25.509 25.736 54.0 真 0
25.815 26.118 54.0 的 0
26.121 26.654 56.0 好 0
26.733 28.644 58.0 浪 0
28.962 29.266 58.0 漫 0
29.268 29.495 61.0 我 0
29.574 29.878 63.0 带 0
29.88 30.107 63.0 你 0
30.187 30.414 63.0 去 0
30.493 30.796 63.0 看 0
30.799 31.102 63.0 月 0
31.105 31.409 61.0 - 0
31.411 31.868 61.0 半 0
32.023 33.628 58.0 弯 0
33.796 34.023 58.0 有 0
34.102 34.406 58.0 - 0
34.408 35.324 56.0 点 0
35.327 36.013 54.0 害 0
36.245 36.549 58.0 羞 0
36.551 36.855 58.0 却 0
36.857 37.773 56.0 很 0
37.776 38.768 54.0 幸 0
39.214 39.594 56.0 福 0
39.596 39.9 56.0 这 0
39.902 40.053 56.0 种 0
40.209 40.436 56.0 感 0
40.438 40.818 58.0 觉 0
40.821 41.124 56.0 我 0
41.127 41.431 51.0 很 0
41.433 43.114 56.0 喜 0
43.552 43.702 49.0 欢 0
43.858 44.085 49.0 让 0
44.164 44.391 56.0 我 0
44.47 44.621 56.0 温 0
44.776 45.08 56.0 柔 0
45.083 45.31 54.0 靠 0
45.389 45.692 56.0 近 0
45.695 46.228 61.0 你 0
46.307 48.218 58.0 身 0
48.532 48.835 58.0 边 0
48.838 49.065 61.0 你 0
49.144 49.295 63.0 也 0
49.45 49.601 63.0 紧 0
49.756 50.06 63.0 紧 0
50.063 50.366 63.0 陷 0
50.369 50.825 63.0 入 0
50.981 51.438 61.0 我 0
51.593 53.198 58.0 臂 0
53.421 53.648 58.0 弯 0
53.727 54.031 58.0 感 0
54.033 54.872 56.0 觉 0
54.951 55.714 54.0 爱 0
55.87 56.097 58.0 情 0
56.176 56.48 58.0 悄 0
56.482 57.398 56.0 悄 0
57.4 58.546 54.0 来 0
58.89 59.117 49.0 临 0
59.196 59.423 49.0 纷 0
59.502 59.729 49.0 纷 0
59.808 60.036 49.0 扰 0
60.115 60.418 58.0 扰 0
60.421 60.571 53.0 与 0
60.727 60.954 53.0 我 0
61.033 63.326 54.0 无 0
65.06 65.287 54.0 关 0
65.366 65.593 56.0 夜 0
65.672 65.975 54.0 色 0
65.978 66.511 57.0 中 0
66.59 67.123 57.0 两 0
67.202 67.736 57.0 人 0
67.815 68.424 57.0 又 0
68.427 69.725 56.0 渴 0
69.867 70.17 54.0 望 0
70.173 70.476 51.0 眼 0
70.479 70.782 49.0 神 0
70.785 73.844 54.0 交 0
74.785 75.089 54.0 换 0
75.092 75.395 56.0 原 0
75.398 75.625 54.0 来 0
75.704 76.314 57.0 恋 0
76.316 76.849 57.0 爱 0
76.928 77.461 57.0 现 0
77.541 78.15 57.0 场 0
78.153 79.528 56.0 感 0
79.622 79.926 49.0 觉 0
79.929 80.388 49.0 不 0
80.541 80.847 59.0 象 0
80.847 81.074 59.0 想 0
81.153 81.686 59.0 - 0
81.765 82.375 57.0 的 0
82.378 82.681 56.0 那 0
82.684 82.987 54.0 样 0
82.99 86.508 56.0 主 0
86.971 87.505 54.0 观 0
87.584 88.117 54.0 月 0
88.196 88.499 59.0 半 0
88.502 89.188 61.0 弯 0
89.42 89.647 61.0 - 0
89.726 90.03 61.0 好 0
90.033 90.336 63.0 浪 0
90.339 91.484 56.0 - 0
91.644 91.795 56.0 漫 0
91.95 92.254 56.0 月 0
92.256 92.56 58.0 光 0
92.563 92.713 56.0 下 0
92.869 93.402 56.0 的 0
93.481 93.631 54.0 你 0
93.787 93.938 54.0 显 0
94.093 94.244 54.0 得 0
94.399 94.626 54.0 特 0
94.705 94.932 56.0 别 0
95.012 95.315 58.0 的 0
95.318 95.93 65.0 好 0
95.93 96.693 61.0 看 0
96.913 97.293 54.0 月 0
97.526 98.059 54.0 - 0
98.138 99.207 63.0 半 0
99.362 99.513 54.0 弯 0
99.668 100.202 54.0 我 0
100.281 101.426 61.0 喜 0
101.812 102.116 61.0 欢 0
102.118 102.422 58.0 有 0
102.424 102.652 58.0 情 0
102.731 103.187 59.0 有 0
103.343 103.953 61.0 义 0
103.955 104.488 63.0 有 0
104.567 105.177 61.0 - 0
105.18 106.555 56.0 你 0
106.71 107.014 54.0 还 0
107.016 107.32 51.0 - 0
107.322 107.856 51.0 有 0
107.935 110.458 54.0 天 0
117.286 117.59 49.0 那 0
117.593 118.049 56.0 夜 0
118.205 118.508 56.0 真 0
118.511 118.738 54.0 的 0
118.817 119.121 54.0 好 0
119.123 119.656 56.0 浪 0
119.735 121.646 58.0 漫 0
122.004 122.308 58.0 我 0
122.31 122.537 61.0 - 0
122.617 122.92 63.0 带 0
122.923 123.15 63.0 你 0
123.229 123.456 63.0 去 0
123.535 123.839 65.0 看 0
123.841 124.145 63.0 月 0
124.147 124.451 61.0 - 0
124.453 124.91 61.0 半 0
125.066 126.67 58.0 弯 0
126.916 127.143 58.0 有 0
127.222 127.526 58.0 点 0
127.529 128.444 56.0 害 0
128.447 129.133 54.0 羞 0
129.365 129.669 58.0 却 0
129.671 129.975 58.0 很 0
129.978 130.893 56.0 幸 0
130.896 131.888 54.0 福 0
132.251 132.631 56.0 这 0
132.634 132.937 56.0 种 0
132.94 133.09 56.0 感 0
133.246 133.473 56.0 觉 0
133.475 133.856 58.0 我 0
133.858 134.162 56.0 很 0
134.164 134.468 51.0 喜 0
134.47 136.151 56.0 欢 0
136.602 136.753 49.0 让 0
136.908 137.135 49.0 - 0
137.214 137.441 56.0 我 0
137.521 137.671 56.0 温 0
137.827 138.13 56.0 柔 0
138.133 138.36 54.0 靠 0
138.439 138.743 56.0 近 0
138.745 139.278 61.0 你 0
139.357 141.268 58.0 身 0
141.445 141.749 58.0 边 0
141.751 141.978 61.0 你 0
142.057 142.208 63.0 也 0
142.364 142.514 63.0 紧 0
142.67 142.973 63.0 紧 0
142.976 143.279 63.0 陷 0
143.282 143.739 63.0 入 0
143.894 144.351 61.0 我 0
144.506 146.111 58.0 臂 0
146.495 146.722 58.0 弯 0
146.801 147.105 58.0 感 0
147.107 147.947 56.0 觉 0
148.026 148.788 54.0 爱 0
148.944 149.171 58.0 情 0
149.25 149.554 58.0 悄 0
149.556 150.472 56.0 悄 0
150.475 151.62 54.0 来 0
151.938 152.165 49.0 临 0
152.244 152.471 49.0 纷 0
152.551 152.778 49.0 纷 0
152.857 153.084 49.0 扰 0
153.163 153.466 58.0 扰 0
153.469 153.619 53.0 与 0
153.775 154.002 53.0 我 0
154.081 156.375 54.0 无 0
158.136 158.363 54.0 关 0
158.442 158.669 56.0 夜 0
158.748 159.052 54.0 色 0
159.054 159.587 57.0 中 0
159.666 160.2 57.0 两 0
160.279 160.812 57.0 人 0
160.891 161.501 57.0 又 0
161.503 162.802 56.0 渴 0
162.93 163.233 54.0 望 0
163.236 163.539 51.0 眼 0
163.542 163.846 49.0 神 0
163.848 166.907 54.0 交 0
167.872 168.175 54.0 换 0
168.178 168.481 56.0 原 0
168.484 168.711 54.0 来 0
168.79 169.4 57.0 恋 0
169.402 169.935 57.0 爱 0
170.015 170.548 57.0 现 0
170.627 171.237 57.0 场 0
171.239 172.614 56.0 感 0
172.776 173.079 49.0 觉 0
173.082 173.541 49.0 不 0
173.694 174.0 59.0 象 0
174.0 174.227 59.0 想 0
174.306 174.839 59.0 - 0
174.919 175.528 57.0 的 0
175.531 175.834 56.0 那 0
175.837 176.14 54.0 样 0
176.143 179.661 56.0 主 0
180.126 180.659 54.0 观 0
180.738 181.271 54.0 月 0
181.35 181.654 59.0 半 0
181.656 182.342 61.0 弯 0
182.575 182.802 61.0 好 0
182.881 183.184 61.0 浪 0
183.187 183.49 63.0 - 0
183.493 184.638 56.0 漫 0
184.643 184.794 56.0 月 0
184.95 185.253 56.0 - 0
185.256 185.559 58.0 光 0
185.562 185.712 56.0 - 0
185.868 186.401 56.0 下 0
186.48 186.631 54.0 的 0
186.786 186.937 54.0 你 0
187.092 187.243 54.0 显 0
187.399 187.626 54.0 得 0
187.705 187.932 56.0 特 0
188.011 188.314 58.0 别 0
188.317 188.544 65.0 的 0
188.547 188.927 65.0 好 0
188.929 189.692 61.0 - 0
189.89 190.27 54.0 看 0
190.502 191.035 54.0 月 0
191.114 192.183 63.0 半 0
192.339 192.489 54.0 弯 0
192.645 193.178 54.0 我 0
193.257 194.326 61.0 喜 0
194.57 195.18 61.0 欢 0
195.183 195.486 58.0 有 0
195.489 195.716 58.0 情 0
195.795 196.251 59.0 有 0
196.407 197.017 61.0 义 0
197.019 197.553 63.0 有 0
197.632 198.241 61.0 - 0
198.244 199.619 56.0 你 0
199.728 200.262 54.0 月 0
200.341 200.874 54.0 半 0
200.953 201.257 59.0 弯 0
201.259 201.945 61.0 - 0
202.177 202.404 61.0 好 0
202.484 202.787 61.0 浪 0
202.79 203.093 63.0 - 0
203.096 204.241 56.0 漫 0
204.319 204.47 56.0 月 0
204.625 204.929 56.0 光 0
204.932 205.235 58.0 - 0
205.238 205.388 56.0 下 0
205.544 206.077 56.0 的 0
206.156 206.307 54.0 你 0
206.462 206.613 54.0 显 0
206.768 206.919 54.0 得 0
207.074 207.301 54.0 特 0
207.381 207.608 56.0 别 0
207.687 207.99 58.0 的 0
207.993 208.605 65.0 好 0
208.605 209.368 61.0 看 0
209.482 209.862 54.0 月 0
210.095 210.628 54.0 - 0
210.707 211.087 63.0 半 0
211.09 211.929 63.0 弯 0
211.931 212.082 54.0 - 0
212.237 212.771 54.0 我 0
212.85 213.919 61.0 喜 0
214.114 214.724 61.0 欢 0
214.726 215.03 58.0 有 0
215.033 215.26 58.0 情 0
215.339 215.795 59.0 有 0
215.951 216.561 61.0 义 0
216.563 217.096 63.0 有 0
217.175 217.785 61.0 - 0
217.788 219.163 56.0 你 0
219.318 219.622 54.0 还 0
219.624 219.851 51.0 - 0
219.931 220.464 51.0 有 0
220.543 223.16 54.0 天 0
223.613 223.84 54.0 还 0
223.919 224.146 54.0 有 0
224.149 224.809 58.0 月 0
224.837 225.33 56.0 半 0
225.45 227.905 54.0 弯 0
228.511 228.738 54.0 还 0
228.817 229.044 54.0 有 0
229.123 230.269 58.0 月 0
230.348 231.173 56.0 半 0
231.266 231.57 54.0 - 0
231.649 234.591 54.0 弯 0
