25.42 25.76 49.0 我 0
25.76 26.101 51.0 和 0
26.101 27.124 53.0 你 0
27.124 27.465 56.0 人 0
27.465 27.806 53.0 海 0
27.806 28.147 51.0 茫 0
28.147 28.488 49.0 茫 0
28.488 28.829 44.0 邂 0
28.829 30.192 46.0 逅 1
30.931 31.272 49.0 一 0
31.272 31.613 51.0 颗 0
31.613 32.295 53.0 心 0
32.295 32.636 53.0 苦 0
32.636 32.977 56.0 苦 0
32.977 33.317 53.0 为 0
33.317 33.658 51.0 爱 0
33.658 33.999 51.0 在 0
33.999 34.34 49.0 守 0
34.34 35.704 51.0 侯 1
36.358 36.699 53.0 明 0
36.699 37.039 51.0 明 0
37.039 37.721 49.0 是 0
37.721 38.062 51.0 不 0
38.062 38.403 49.0 可 0
38.403 39.085 46.0 能 1
39.108 39.449 46.0 却 0
39.449 39.79 44.0 逞 0
39.79 40.131 53.0 强 0
40.131 40.472 56.0 - 0
40.472 40.812 58.0 不 0
40.812 41.153 56.0 放 0
41.153 41.835 53.0 手 1
41.86 42.201 46.0 爱 0
42.201 42.542 53.0 越 0
42.542 43.224 51.0 深 0
43.224 43.565 51.0 就 0
43.565 43.906 49.0 痛 0
43.906 44.587 46.0 得 0
44.587 44.928 49.0 越 0
44.928 45.269 53.0 难 0
45.269 46.633 51.0 受 1
47.291 47.632 49.0 奢 0
47.632 47.973 51.0 望 0
47.973 48.654 53.0 你 0
48.654 48.995 53.0 给 0
48.995 49.336 56.0 - 0
49.336 49.677 53.0 我 0
49.677 50.018 51.0 - 0
50.018 50.359 49.0 的 0
50.359 50.7 44.0 温 0
50.7 52.063 46.0 柔 1
52.832 53.173 49.0 到 0
53.173 53.514 51.0 了 0
53.514 54.196 53.0 最 0
54.196 54.537 53.0 后 0
54.537 54.878 56.0 都 0
54.878 55.219 53.0 化 0
55.219 55.9 51.0 作 0
55.9 56.241 49.0 乌 0
56.241 57.605 51.0 有 1
58.14 58.481 51.0 错 0
58.481 58.822 53.0 过 0
58.822 59.503 49.0 了 0
59.503 59.844 51.0 的 0
59.844 60.185 49.0 缘 0
60.185 60.867 46.0 分 1
60.974 61.315 46.0 我 0
61.315 61.656 44.0 不 0
61.656 61.997 53.0 再 0
61.997 62.338 56.0 - 0
62.338 62.679 58.0 找 0
62.679 63.02 56.0 借 0
63.02 63.701 53.0 口 1
63.712 64.053 46.0 这 0
64.053 64.394 53.0 段 0
64.394 65.076 51.0 情 0
65.076 65.417 51.0 到 0
65.417 65.758 49.0 了 0
65.758 66.099 46.0 结 0
66.099 66.44 46.0 束 0
66.44 66.781 44.0 的 0
66.781 67.121 46.0 时 0
67.121 68.501 49.0 候 1
69.047 69.392 53.0 如 0
69.392 69.737 56.0 果 0
69.737 70.078 58.0 离 0
70.078 70.419 58.0 开 0
70.419 70.76 58.0 你 0
70.76 71.101 56.0 远 0
71.101 71.442 58.0 走 1
71.943 72.283 58.0 不 0
72.283 72.624 53.0 要 0
72.624 72.965 56.0 看 0
72.965 73.306 56.0 着 0
73.306 73.647 58.0 我 0
73.647 73.988 56.0 泪 0
73.988 74.329 53.0 流 1
74.658 74.999 53.0 我 0
74.999 75.34 56.0 会 0
75.34 75.681 58.0 默 0
75.681 76.021 58.0 默 0
76.021 76.362 58.0 祝 0
76.362 76.703 56.0 福 0
76.703 77.385 58.0 你 0
77.385 77.726 58.0 到 0
77.726 78.067 53.0 永 0
78.067 79.431 56.0 久 1
80.017 80.358 53.0 彼 0
80.358 80.699 56.0 此 0
80.699 81.04 58.0 错 0
81.04 81.381 58.0 过 0
81.381 81.722 58.0 的 0
81.722 82.063 56.0 缘 0
82.063 82.404 58.0 分 1
82.712 83.053 58.0 只 0
83.053 83.393 53.0 是 0
83.393 83.734 53.0 错 0
83.734 84.075 56.0 误 0
84.075 84.416 58.0 的 0
84.416 84.757 56.0 邂 0
84.757 85.098 53.0 逅 1
85.451 85.792 46.0 我 0
85.792 86.133 53.0 和 0
86.133 86.815 51.0 你 0
86.815 87.155 51.0 一 0
87.155 87.496 49.0 起 0
87.496 87.837 46.0 轻 0
87.837 88.178 46.0 轻 0
88.178 88.519 44.0 的 0
88.519 88.86 46.0 放 0
88.86 90.247 46.0 手 1
90.931 91.278 49.0 不 0
91.278 91.625 51.0 在 0
91.625 92.647 53.0 乎 0
92.647 92.988 56.0 啊 0
92.988 93.329 53.0 天 0
93.329 93.67 51.0 长 0
93.67 94.011 49.0 和 0
94.011 94.352 44.0 地 0
94.352 95.715 46.0 久 1
96.493 96.834 49.0 请 0
96.834 97.175 51.0 珍 0
97.175 97.857 53.0 惜 0
98.198 98.539 56.0 这 0
98.539 98.88 53.0 曾 0
98.88 99.221 51.0 经 0
99.221 99.561 51.0 的 0
99.561 99.902 49.0 拥 0
99.902 101.266 51.0 有 1
101.912 102.253 51.0 感 0
102.253 102.594 53.0 谢 0
102.594 103.275 49.0 你 0
103.275 103.616 51.0 生 0
103.616 103.957 49.0 命 0
103.957 104.639 46.0 里 1
104.75 105.091 46.0 和 0
105.091 105.432 44.0 我 0
105.432 105.773 56.0 一 0
105.773 106.114 56.0 起 0
106.114 106.455 58.0 牵 0
106.455 106.796 56.0 过 0
106.796 107.477 53.0 手 1
107.481 107.822 46.0 这 0
107.822 108.163 53.0 一 0
108.163 108.845 51.0 生 0
108.845 109.186 51.0 回 0
109.186 109.527 49.0 忆 0
109.527 109.868 46.0 有 0
109.868 110.209 46.0 你 0
110.209 110.55 44.0 就 0
110.55 110.89 46.0 足 0
110.89 112.254 46.0 够 1
134.764 135.111 49.0 我 0
135.111 135.457 51.0 和 0
135.457 136.48 53.0 你 0
136.48 136.821 56.0 人 0
136.821 137.162 53.0 海 0
137.162 137.502 51.0 茫 0
137.502 137.843 49.0 茫 0
137.843 138.184 44.0 邂 0
138.184 139.548 46.0 逅 1
140.246 140.587 49.0 一 0
140.587 140.928 51.0 颗 0
140.928 141.609 53.0 心 0
141.609 141.95 53.0 苦 0
141.95 142.291 56.0 苦 0
142.291 142.632 53.0 为 0
142.632 142.973 51.0 爱 0
142.973 143.314 51.0 在 0
143.314 143.655 49.0 守 0
143.655 145.018 51.0 侯 1
145.576 145.917 53.0 明 0
145.917 146.258 51.0 明 0
146.258 146.94 49.0 是 0
146.94 147.281 51.0 不 0
147.281 147.622 49.0 可 0
147.622 148.304 46.0 能 1
148.323 148.663 46.0 却 0
148.663 149.004 44.0 逞 0
149.004 149.345 53.0 强 0
149.345 149.686 56.0 - 0
149.686 150.027 58.0 不 0
150.027 150.368 56.0 放 0
150.368 151.05 53.0 手 1
151.087 151.428 46.0 爱 0
151.428 151.769 53.0 越 0
151.769 152.45 51.0 深 0
152.45 152.791 51.0 就 0
152.791 153.132 49.0 痛 0
153.132 153.814 46.0 得 0
153.814 154.155 44.0 越 0
154.155 154.496 46.0 难 0
154.496 155.178 46.0 受 1
156.453 156.794 53.0 如 0
156.794 157.135 56.0 果 0
157.135 157.476 58.0 离 0
157.476 157.817 58.0 开 0
157.817 158.158 58.0 你 0
158.158 158.499 56.0 远 0
158.499 158.84 58.0 走 1
159.232 159.573 58.0 不 0
159.573 159.913 53.0 要 0
159.913 160.254 56.0 看 0
160.254 160.595 56.0 着 0
160.595 160.936 58.0 我 0
160.936 161.277 56.0 泪 0
161.277 161.618 53.0 流 1
161.921 162.262 53.0 我 0
162.262 162.603 56.0 会 0
162.603 162.944 58.0 默 0
162.944 163.285 58.0 默 0
163.285 163.625 58.0 祝 0
163.625 163.966 56.0 福 0
163.966 164.648 58.0 你 0
164.648 164.989 58.0 到 0
164.989 165.33 53.0 永 0
165.33 166.694 56.0 久 1
167.507 167.848 53.0 彼 0
167.848 168.189 56.0 此 0
168.189 168.53 58.0 错 0
168.53 168.871 58.0 过 0
168.871 169.212 58.0 的 0
169.212 169.553 56.0 缘 0
169.553 169.894 58.0 分 1
170.151 170.492 58.0 只 0
170.492 170.833 53.0 是 0
170.833 171.173 53.0 错 0
171.173 171.514 56.0 误 0
171.514 171.855 58.0 的 0
171.855 172.196 56.0 邂 0
172.196 172.537 53.0 逅 1
172.812 173.153 46.0 我 0
173.153 173.494 53.0 和 0
173.494 174.176 51.0 你 0
174.176 174.517 51.0 一 0
174.517 174.857 49.0 起 0
174.857 175.198 46.0 轻 0
175.198 175.539 46.0 轻 0
175.539 175.88 44.0 的 0
175.88 176.221 46.0 放 0
176.221 177.585 46.0 手 1
178.255 178.595 49.0 我 0
178.595 178.936 51.0 和 0
178.936 179.959 53.0 你 0
179.959 180.3 56.0 人 0
180.3 180.641 53.0 海 0
180.641 180.982 51.0 茫 0
180.982 181.323 49.0 茫 0
181.323 181.664 44.0 邂 0
181.664 183.051 46.0 逅 1
183.835 184.181 49.0 一 0
184.181 184.528 51.0 颗 0
184.528 185.21 53.0 心 0
185.21 185.551 53.0 苦 0
185.551 185.892 56.0 苦 0
185.892 186.233 53.0 为 0
186.233 186.574 51.0 爱 0
186.574 186.915 51.0 在 0
186.915 187.255 49.0 守 0
187.255 188.619 51.0 侯 1
189.298 189.639 53.0 明 0
189.639 189.98 51.0 明 0
189.98 190.662 49.0 是 0
190.662 191.002 51.0 不 0
191.002 191.343 49.0 可 0
191.343 192.025 46.0 能 1
192.07 192.411 46.0 却 0
192.411 192.752 44.0 逞 0
192.752 193.093 53.0 强 0
193.093 193.434 56.0 - 0
193.434 193.775 58.0 不 0
193.775 194.116 56.0 放 0
194.116 194.797 53.0 手 1
194.835 195.176 46.0 爱 0
195.176 195.517 53.0 越 0
195.517 196.199 51.0 深 0
196.199 196.54 51.0 就 0
196.54 196.881 49.0 痛 0
196.881 197.563 46.0 得 0
197.563 197.904 44.0 越 0
197.904 198.245 46.0 难 0
198.245 199.608 49.0 受 1
200.178 200.519 53.0 如 0
200.519 200.86 56.0 果 0
200.86 201.201 58.0 离 0
201.201 201.542 58.0 开 0
201.542 201.883 58.0 你 0
201.883 202.223 56.0 远 0
202.223 202.564 58.0 走 1
202.953 203.294 58.0 不 0
203.294 203.635 53.0 要 0
203.635 203.976 56.0 看 0
203.976 204.317 56.0 着 0
204.317 204.658 58.0 我 0
204.658 204.999 56.0 泪 0
204.999 205.34 53.0 流 1
205.586 205.926 53.0 我 0
205.926 206.267 56.0 会 0
206.267 206.608 58.0 默 0
206.608 206.949 58.0 默 0
206.949 207.29 58.0 祝 0
207.29 207.631 56.0 福 0
207.631 208.313 58.0 你 0
208.313 208.654 58.0 到 0
208.654 208.995 53.0 永 0
208.995 210.358 56.0 久 1
211.086 211.427 53.0 彼 0
211.427 211.768 56.0 此 0
211.768 212.109 58.0 错 0
212.109 212.45 58.0 过 0
212.45 212.791 58.0 的 0
212.791 213.132 56.0 缘 0
213.132 213.472 58.0 分 1
213.862 214.203 58.0 只 0
214.203 214.544 53.0 是 0
214.544 214.885 53.0 错 0
214.885 215.226 56.0 误 0
215.226 215.567 58.0 的 0
215.567 215.908 56.0 邂 0
215.908 216.249 53.0 逅 1
216.605 216.946 46.0 我 0
216.946 217.286 53.0 和 0
217.286 217.968 51.0 你 0
217.968 218.309 51.0 一 0
218.309 218.65 49.0 起 0
218.65 218.991 46.0 轻 0
218.991 219.332 46.0 轻 0
219.332 219.673 44.0 的 0
219.673 220.014 46.0 放 0
220.014 221.393 46.0 手 1
222.117 222.462 49.0 不 0
222.462 222.806 51.0 在 0
222.806 223.829 53.0 乎 0
223.829 224.17 56.0 啊 0
224.17 224.511 53.0 天 0
224.511 224.852 51.0 长 0
224.852 225.193 49.0 和 0
225.193 225.534 44.0 地 0
225.534 226.897 46.0 久 1
227.534 227.875 49.0 请 0
227.875 228.216 51.0 珍 0
228.216 228.898 53.0 惜 0
229.239 229.58 56.0 这 0
229.58 229.92 53.0 曾 0
229.92 230.261 51.0 经 0
230.261 230.602 51.0 的 0
230.602 230.943 49.0 拥 0
230.943 232.307 51.0 有 1
233.021 233.362 51.0 感 0
233.362 233.702 53.0 谢 0
233.702 234.384 49.0 你 0
234.384 234.725 51.0 生 0
234.725 235.066 49.0 命 0
235.066 235.748 46.0 里 1
235.782 236.123 46.0 和 0
236.123 236.464 44.0 我 0
236.464 236.805 56.0 一 0
236.805 237.146 56.0 起 0
237.146 237.486 58.0 牵 0
237.486 237.827 56.0 过 0
237.827 238.509 53.0 手 1
238.514 238.855 46.0 这 0
238.855 239.196 53.0 一 0
239.196 239.878 51.0 生 0
239.878 240.219 51.0 回 0
240.219 240.56 49.0 忆 0
240.56 240.901 46.0 有 0
240.901 241.241 46.0 你 0
241.241 241.582 44.0 就 0
241.582 241.923 46.0 足 0
241.923 243.883 49.0 够 1
