22.198 22.432 60.0 仿 0
22.432 22.666 60.0 佛 0
22.666 22.901 60.0 如 0
22.901 23.135 60.0 同 0
23.135 23.604 60.0 一 0
23.604 23.838 56.0 场 0
23.838 24.776 63.0 梦 0
25.298 25.532 60.0 我 0
25.532 25.767 63.0 - 0
25.767 26.001 68.0 们 0
26.001 26.235 68.0 如 0
26.235 26.47 68.0 此 0
26.47 26.704 68.0 短 0
26.704 26.939 67.0 暂 0
26.939 27.642 68.0 的 0
27.642 29.048 65.0 相 0
29.543 29.777 61.0 逢 0
29.777 30.011 61.0 你 0
30.011 30.246 61.0 像 0
30.246 30.48 61.0 一 0
30.48 30.949 61.0 阵 0
30.949 31.418 58.0 春 0
31.418 31.652 68.0 风 0
31.652 32.121 70.0 轻 0
32.121 32.355 68.0 - 0
32.355 32.824 67.0 轻 0
32.824 33.293 68.0 柔 0
33.445 34.148 67.0 柔 0
34.148 34.382 68.0 吹 0
34.382 34.617 67.0 入 0
34.617 34.851 65.0 我 0
34.851 35.32 63.0 心 0
35.32 36.726 63.0 - 0
37.126 37.594 68.0 中 0
37.594 37.829 67.0 而 0
37.829 38.532 68.0 今 0
38.532 38.766 67.0 何 0
38.766 39.469 68.0 处 0
39.469 39.938 63.0 是 0
40.173 40.407 60.0 你 0
40.407 40.641 56.0 往 0
40.641 40.876 56.0 日 0
40.876 42.282 66.0 的 0
42.282 42.751 65.0 笑 0
42.751 43.688 65.0 容 0
44.661 45.108 70.0 记 0
45.108 45.332 69.0 忆 0
45.332 46.004 70.0 中 0
46.004 46.228 69.0 那 0
46.228 46.925 70.0 样 0
46.925 47.399 65.0 熟 0
47.399 47.636 62.0 悉 0
47.636 48.109 58.0 的 0
48.346 49.987 68.0 笑 0
49.987 50.221 67.0 - 0
50.221 50.456 67.0 容 0
50.603 50.837 63.0 你 0
50.837 51.072 63.0 - 0
51.072 51.54 68.0 可 0
51.54 51.775 70.0 知 0
51.775 52.009 70.0 道 0
52.009 52.476 72.0 我 0
52.476 52.71 70.0 爱 0
52.71 53.177 70.0 你 0
53.177 53.644 68.0 想 0
53.906 54.373 68.0 你 0
54.373 54.607 67.0 怨 0
54.607 55.074 67.0 你 0
55.074 55.424 65.0 念 0
55.815 56.285 63.0 你 0
56.285 56.756 61.0 深 0
56.756 57.226 61.0 情 0
57.226 57.461 60.0 永 0
57.461 58.637 61.0 不 0
59.219 59.454 65.0 变 0
59.454 59.923 73.0 难 0
59.923 60.157 72.0 道 0
60.157 60.626 72.0 你 0
60.626 61.094 70.0 不 0
61.329 61.798 70.0 曾 0
61.798 62.032 68.0 回 0
62.032 62.501 67.0 头 0
62.501 62.969 65.0 想 0
63.365 63.834 67.0 想 0
63.834 64.068 65.0 昨 0
64.068 64.302 65.0 日 0
64.302 64.771 67.0 的 0
64.771 65.005 68.0 誓 0
65.005 66.177 63.0 言 0
66.874 67.109 63.0 就 0
67.109 67.578 72.0 - 0
67.578 67.812 70.0 算 0
67.812 68.281 70.0 你 0
68.281 68.984 68.0 留 0
68.984 69.453 68.0 恋 0
69.453 69.687 67.0 开 0
69.687 69.921 67.0 放 0
69.921 70.39 67.0 在 0
70.39 70.859 65.0 水 0
70.879 71.348 63.0 中 0
71.348 71.816 61.0 娇 0
71.816 72.051 61.0 艳 0
72.051 72.754 60.0 的 0
72.754 74.16 61.0 水 0
74.364 74.599 65.0 仙 0
74.599 75.068 73.0 别 0
75.068 75.302 72.0 忘 0
75.302 75.771 72.0 了 0
75.771 76.239 70.0 山 0
76.239 76.474 70.0 谷 0
76.474 76.943 70.0 里 0
76.943 77.177 68.0 寂 0
77.177 77.411 68.0 寞 0
77.411 77.646 67.0 的 0
77.646 77.88 65.0 角 0
77.88 78.114 65.0 落 0
78.346 78.58 65.0 里 0
78.58 78.815 65.0 野 0
78.815 79.049 65.0 百 0
79.049 79.283 65.0 合 0
79.283 79.752 65.0 也 0
79.752 80.221 67.0 有 0
80.221 82.565 68.0 春 0
96.956 97.19 60.0 天 0
97.19 97.425 60.0 仿 0
97.425 97.659 60.0 佛 0
97.659 97.893 60.0 如 0
97.893 98.362 60.0 同 0
98.362 98.596 56.0 一 0
98.596 99.534 63.0 场 0
100.41 100.644 60.0 梦 0
100.644 100.879 63.0 我 0
100.879 101.113 68.0 们 0
101.113 101.348 68.0 如 0
101.348 101.582 68.0 此 0
101.582 101.816 68.0 短 0
101.816 102.051 67.0 暂 0
102.051 102.754 68.0 的 0
102.754 104.16 65.0 相 0
104.608 104.842 61.0 逢 0
104.842 105.077 61.0 你 0
105.077 105.311 61.0 像 0
105.311 105.545 61.0 一 0
105.545 106.014 61.0 阵 0
106.014 106.483 58.0 春 0
106.483 106.717 68.0 风 0
106.717 107.186 70.0 轻 0
107.186 107.42 68.0 轻 0
107.42 107.889 67.0 柔 0
107.889 108.358 68.0 柔 0
108.371 109.074 67.0 吹 0
109.074 109.308 68.0 入 0
109.308 109.543 67.0 我 0
109.543 109.777 65.0 心 0
109.777 110.246 63.0 - 0
110.246 111.652 63.0 中 0
112.12 112.589 68.0 而 0
112.589 112.823 67.0 今 0
112.823 113.526 68.0 何 0
113.526 113.76 67.0 处 0
113.76 114.464 68.0 是 0
114.464 114.932 63.0 你 0
115.167 115.401 60.0 往 0
115.401 115.635 56.0 日 0
115.635 115.87 56.0 的 0
115.87 117.276 66.0 笑 0
117.276 117.745 65.0 - 0
117.745 118.682 65.0 容 0
119.6 120.069 70.0 记 0
120.069 120.303 69.0 忆 0
120.303 121.006 70.0 中 0
121.006 121.24 69.0 那 0
121.24 121.944 70.0 样 0
121.944 122.412 65.0 熟 0
122.412 122.647 62.0 悉 0
122.647 123.115 58.0 的 0
123.35 124.99 68.0 笑 0
124.99 125.225 67.0 - 0
125.225 125.459 67.0 容 0
125.564 125.798 63.0 你 0
125.798 126.032 63.0 - 0
126.032 126.501 68.0 可 0
126.501 126.735 70.0 知 0
126.735 126.97 70.0 道 0
126.97 127.439 72.0 我 0
127.439 127.673 70.0 爱 0
127.673 128.142 70.0 你 0
128.142 128.61 68.0 想 0
128.961 129.43 68.0 你 0
129.43 129.664 67.0 怨 0
129.664 130.133 67.0 你 0
130.133 130.484 65.0 念 0
130.699 131.168 63.0 你 0
131.168 131.636 61.0 深 0
131.636 132.105 61.0 情 0
132.105 132.339 60.0 永 0
132.339 133.511 61.0 不 0
134.268 134.503 65.0 变 0
134.503 134.972 73.0 难 0
134.972 135.206 72.0 道 0
135.206 135.675 72.0 你 0
135.675 136.143 70.0 不 0
136.378 136.847 70.0 曾 0
136.847 137.081 68.0 回 0
137.081 137.55 67.0 头 0
137.55 138.018 65.0 想 0
138.247 138.716 67.0 想 0
138.716 138.95 65.0 昨 0
138.95 139.184 65.0 日 0
139.184 139.653 67.0 的 0
139.653 139.887 68.0 誓 0
139.887 141.059 63.0 - 0
141.885 142.12 63.0 言 0
142.12 142.589 72.0 就 0
142.589 142.823 70.0 算 0
142.823 143.292 70.0 你 0
143.292 143.995 68.0 留 0
143.995 144.464 68.0 恋 0
144.464 144.698 67.0 开 0
144.698 144.932 67.0 放 0
144.932 145.401 67.0 在 0
145.401 145.87 65.0 水 0
145.88 146.349 63.0 中 0
146.349 146.817 61.0 娇 0
146.817 147.052 61.0 艳 0
147.052 147.755 60.0 的 0
147.755 149.161 61.0 水 0
149.278 149.513 65.0 仙 0
149.513 149.982 73.0 别 0
149.982 150.216 72.0 忘 0
150.216 150.685 72.0 了 0
150.685 151.153 70.0 山 0
151.153 151.388 70.0 谷 0
151.388 151.857 70.0 里 0
151.857 152.091 68.0 寂 0
152.091 152.325 68.0 寞 0
152.325 152.56 67.0 的 0
152.56 152.794 65.0 角 0
152.794 153.028 65.0 落 0
153.233 153.467 65.0 里 0
153.467 153.702 65.0 野 0
153.702 153.936 65.0 百 0
153.936 154.17 65.0 合 0
154.17 154.639 65.0 也 0
154.639 154.873 67.0 有 0
154.873 155.342 68.0 春 0
155.601 155.835 64.0 天 0
155.835 156.069 64.0 你 0
156.069 156.538 69.0 可 0
156.538 156.772 71.0 知 0
156.772 157.007 71.0 道 0
157.007 157.476 73.0 我 0
157.476 157.71 71.0 爱 0
157.71 158.179 71.0 你 0
158.179 158.647 69.0 想 0
158.837 159.306 69.0 你 0
159.306 159.54 68.0 怨 0
159.54 160.009 68.0 你 0
160.009 160.36 66.0 念 0
160.702 161.171 64.0 你 0
161.171 161.639 62.0 深 0
161.639 162.108 62.0 情 0
162.108 162.342 61.0 永 0
162.342 163.514 62.0 不 0
164.268 164.503 66.0 变 0
164.503 164.972 74.0 难 0
164.972 165.206 73.0 道 0
165.206 165.675 73.0 你 0
165.675 166.143 71.0 不 0
166.378 166.847 71.0 曾 0
166.847 167.081 69.0 回 0
167.081 167.55 68.0 头 0
167.55 168.018 66.0 想 0
168.253 168.722 68.0 想 0
168.722 168.956 66.0 昨 0
168.956 169.19 66.0 日 0
169.19 169.659 68.0 的 0
169.659 169.893 69.0 誓 0
169.893 171.065 64.0 言 0
171.845 172.08 64.0 就 0
172.08 172.549 73.0 算 0
172.549 172.783 71.0 你 0
172.783 173.252 71.0 留 0
173.252 173.955 69.0 恋 0
173.955 174.424 69.0 开 0
174.424 174.658 68.0 放 0
174.658 174.892 68.0 在 0
174.892 175.185 68.0 水 0
175.185 175.83 66.0 中 0
175.85 176.319 64.0 娇 0
176.319 176.787 62.0 - 0
176.787 177.022 62.0 艳 0
177.022 177.725 61.0 的 0
177.725 179.131 62.0 水 0
179.295 179.53 66.0 仙 0
179.53 179.999 74.0 别 0
179.999 180.233 73.0 忘 0
180.233 180.702 73.0 了 0
180.702 181.17 71.0 山 0
181.17 181.405 71.0 谷 0
181.405 181.874 71.0 里 0
181.874 182.108 69.0 寂 0
182.108 182.342 69.0 寞 0
182.342 182.577 68.0 的 0
182.577 182.811 66.0 角 0
182.811 183.045 66.0 落 0
183.184 183.418 66.0 里 0
183.418 183.653 66.0 野 0
183.653 183.887 66.0 百 0
183.887 184.121 66.0 合 0
184.121 184.59 66.0 也 0
184.59 184.942 68.0 有 0
184.942 185.528 69.0 春 0
185.889 186.123 64.0 天 0
186.123 186.475 69.0 啦 0
186.475 187.061 71.0 啦 0
187.061 187.53 73.0 啦 0
187.53 187.764 71.0 啦 0
187.764 188.233 71.0 啦 0
188.233 188.701 69.0 啦 0
188.936 189.405 69.0 啦 0
189.405 189.639 68.0 啦 0
189.639 190.108 68.0 啦 0
190.108 190.576 66.0 啦 0
190.811 191.28 64.0 啦 0
191.28 191.748 62.0 啦 0
191.748 192.217 62.0 啦 0
192.217 192.451 61.0 啦 0
192.451 193.623 62.0 啦 0
194.267 194.502 66.0 啦 0
194.502 194.971 74.0 啦 0
194.971 195.205 73.0 啦 0
195.205 195.674 73.0 啦 0
195.674 196.377 71.0 啦 0
196.377 196.846 71.0 啦 0
196.846 197.08 69.0 啦 0
197.08 197.549 68.0 啦 0
197.549 198.017 66.0 啦 0
198.252 198.721 68.0 啦 0
198.721 198.955 66.0 啦 0
198.955 199.189 66.0 啦 0
199.189 199.658 68.0 啦 0
199.658 199.892 69.0 啦 0
199.892 201.533 64.0 啦 0
