20.643 21.048 60.0 等 0
21.454 21.859 65.0 不 0
21.859 22.467 67.0 到 0
22.67 23.075 63.0 鬓 0
23.075 23.278 63.0 雪 0
23.278 23.684 65.0 - 0
23.886 24.292 70.0 相 0
24.292 24.697 67.0 拥 1
25.266 25.469 60.0 重 0
25.469 25.672 62.0 饮 0
25.672 26.077 63.0 渭 0
26.077 26.483 60.0 水 0
26.483 26.888 63.0 畔 0
26.888 27.496 65.0 那 0
27.699 28.104 58.0 一 0
28.104 28.712 65.0 盏 0
28.915 29.321 67.0 虔 0
29.321 29.523 65.0 诚 0
29.523 29.929 67.0 - 1
30.47 30.875 60.0 终 0
31.281 31.686 67.0 究 0
31.686 32.294 67.0 是 0
32.497 32.902 72.0 绸 0
32.902 33.51 70.0 缪 0
33.713 34.118 72.0 青 0
34.118 34.524 65.0 冢 1
34.856 35.059 60.0 替 0
35.059 35.262 62.0 我 0
35.262 35.667 63.0 将 0
35.667 36.072 60.0 灞 0
36.072 36.478 63.0 桥 0
36.478 37.086 65.0 柳 0
37.289 37.694 58.0 供 0
37.694 38.505 60.0 奉 1
40.109 40.515 60.0 来 0
40.92 41.326 65.0 世 0
41.326 41.934 67.0 再 0
42.136 42.542 63.0 漱 0
42.542 42.745 63.0 月 0
42.745 43.15 65.0 - 0
43.353 43.758 70.0 鸣 0
43.758 44.164 67.0 筝 1
44.733 44.936 60.0 也 0
44.936 45.138 62.0 许 0
45.138 45.544 63.0 还 0
45.544 45.949 60.0 能 0
45.949 46.355 63.0 道 0
46.355 46.963 65.0 声 0
47.165 47.571 58.0 久 0
47.571 48.179 65.0 别 0
48.382 48.787 67.0 珍 0
48.787 48.99 65.0 重 0
48.99 49.395 67.0 - 1
50.013 50.419 60.0 天 0
50.824 51.229 65.0 意 0
51.229 51.838 67.0 总 0
52.04 52.446 72.0 将 0
52.446 53.054 70.0 人 0
53.256 53.662 72.0 捉 0
53.662 54.067 65.0 弄 1
54.369 54.571 60.0 怎 0
54.571 54.774 62.0 奈 0
54.774 55.179 63.0 何 0
55.179 55.585 62.0 身 0
55.585 55.99 63.0 不 0
55.99 56.396 67.0 由 0
56.396 56.801 65.0 己 0
56.801 57.206 58.0 情 0
57.206 57.612 58.0 衷 0
57.612 58.423 60.0 - 1
59.616 60.021 63.0 于 0
60.021 60.427 60.0 万 0
60.427 60.832 63.0 人 0
60.832 61.238 65.0 中 0
61.238 61.643 58.0 万 0
61.643 62.048 65.0 幸 0
62.048 62.454 70.0 得 0
62.454 62.859 67.0 以 0
62.859 63.265 65.0 相 0
63.265 64.075 67.0 逢 1
64.413 64.818 63.0 刹 0
64.818 65.224 60.0 那 0
65.224 65.629 63.0 间 0
65.629 66.034 65.0 澈 0
66.034 66.44 58.0 净 0
66.44 66.845 70.0 明 0
66.845 68.467 67.0 通 1
69.464 69.869 63.0 成 0
69.869 70.274 60.0 为 0
70.274 70.68 63.0 我 0
70.68 71.085 65.0 所 0
71.085 71.491 58.0 向 0
71.491 71.896 65.0 披 0
71.896 72.301 70.0 靡 0
72.301 72.707 67.0 的 0
72.707 73.112 65.0 勇 0
73.112 73.518 72.0 气 0
73.518 73.923 70.0 和 0
73.923 74.328 65.0 惶 0
74.328 74.734 67.0 恐 1
74.956 75.159 63.0 裂 0
75.159 75.362 65.0 山 0
75.362 75.767 67.0 海 0
75.97 76.173 63.0 欲 0
76.173 76.375 65.0 堕 0
76.375 76.578 70.0 苍 0
76.578 77.794 67.0 穹 1
78.209 78.614 63.0 爱 0
78.614 79.019 65.0 若 0
79.019 79.425 67.0 执 0
79.425 79.83 65.0 炬 0
79.83 80.236 70.0 迎 0
80.236 81.046 67.0 风 1
81.106 81.512 65.0 炽 0
81.512 81.917 67.0 烈 0
81.917 82.323 65.0 而 0
82.323 82.728 72.0 哀 0
82.728 83.133 67.0 恸 1
83.614 84.019 65.0 诸 0
84.019 84.425 67.0 般 0
84.425 84.83 65.0 滋 0
84.83 85.235 75.0 味 0
85.235 85.844 74.0 皆 0
85.844 86.249 70.0 在 0
86.249 86.452 65.0 其 0
86.452 87.668 67.0 中 1
88.119 88.525 63.0 韶 0
88.525 88.93 65.0 华 0
88.93 89.335 67.0 宛 0
89.335 89.741 65.0 转 0
89.741 90.146 70.0 吟 0
90.146 90.957 67.0 诵 1
90.957 91.362 65.0 苍 0
91.362 91.768 67.0 凉 0
91.768 92.173 65.0 的 0
92.173 92.579 72.0 光 0
92.579 93.187 67.0 荣 1
93.705 94.11 67.0 急 0
94.11 94.516 65.0 景 0
94.516 94.921 75.0 凋 0
94.921 95.529 74.0 年 0
95.529 95.732 75.0 深 0
95.732 95.935 74.0 情 0
95.935 96.137 70.0 难 0
96.137 98.57 72.0 共 1
117.93 118.336 60.0 倏 0
118.741 119.146 65.0 忽 0
119.146 119.755 67.0 天 0
119.957 120.363 63.0 地 0
120.363 120.565 63.0 琉 0
120.565 120.971 65.0 - 0
121.173 121.579 70.0 璃 0
121.579 121.984 67.0 灯 1
122.472 122.674 60.0 光 0
122.674 122.877 62.0 阴 0
122.877 123.282 63.0 过 0
123.282 123.688 60.0 处 0
123.688 124.093 63.0 徒 0
124.093 124.701 65.0 留 0
124.904 125.31 58.0 皎 0
125.31 125.918 65.0 月 0
126.12 126.526 67.0 几 0
126.526 126.728 65.0 盅 0
126.728 127.134 67.0 - 1
127.825 128.23 60.0 温 0
128.636 129.041 67.0 柔 0
129.041 129.649 67.0 了 0
129.852 130.257 72.0 十 0
130.257 130.865 70.0 方 0
131.068 131.474 72.0 春 0
131.474 131.879 65.0 冬 1
132.151 132.354 60.0 眷 0
132.354 132.557 62.0 你 0
132.557 132.962 63.0 眉 0
132.962 133.368 62.0 目 0
133.368 133.773 63.0 在 0
133.773 134.381 65.0 我 0
134.584 134.989 58.0 眼 0
134.989 136.205 60.0 瞳 1
137.464 137.869 60.0 彼 0
138.274 138.68 65.0 时 0
138.68 139.288 67.0 击 0
139.491 139.896 63.0 节 0
139.896 140.099 63.0 讴 0
140.099 140.504 65.0 - 0
140.707 141.112 70.0 新 0
141.112 141.518 67.0 声 1
141.989 142.192 60.0 唱 0
142.192 142.395 62.0 彻 0
142.395 142.8 63.0 白 0
142.8 143.205 60.0 首 0
143.205 143.611 63.0 之 0
143.611 144.219 65.0 约 0
144.422 144.827 58.0 抱 0
144.827 145.435 65.0 柱 0
145.638 146.043 67.0 之 0
146.043 146.246 65.0 盟 0
146.246 146.651 67.0 - 1
147.172 147.578 60.0 摩 0
147.983 148.389 65.0 肩 0
148.389 148.997 67.0 人 0
149.199 149.605 72.0 步 0
149.605 150.213 70.0 履 0
150.416 150.821 72.0 匆 0
150.821 151.226 65.0 匆 1
151.755 151.958 60.0 多 0
151.958 152.16 62.0 少 0
152.16 152.566 63.0 相 0
152.566 152.971 62.0 遇 0
152.971 153.376 63.0 能 0
153.376 153.782 67.0 有 0
153.782 154.187 65.0 始 0
154.187 154.593 58.0 有 0
154.593 154.998 58.0 终 0
154.998 155.809 60.0 - 1
156.974 157.38 63.0 若 0
157.38 157.785 60.0 要 0
157.785 158.19 63.0 忘 0
158.19 158.596 65.0 却 0
158.596 159.001 58.0 年 0
159.001 159.407 65.0 少 0
159.407 159.812 70.0 轻 0
159.812 160.217 67.0 狂 0
160.217 160.623 65.0 的 0
160.623 161.434 67.0 痛 1
161.83 162.235 63.0 从 0
162.235 162.641 60.0 此 0
162.641 163.046 63.0 后 0
163.046 163.452 65.0 分 0
163.452 163.857 58.0 赴 0
163.857 164.262 70.0 西 0
164.262 165.884 67.0 东 1
166.651 167.056 63.0 不 0
167.056 167.462 60.0 如 0
167.462 167.867 63.0 作 0
167.867 168.272 65.0 蜉 0
168.272 168.678 58.0 蝣 0
168.678 169.083 65.0 麻 0
169.083 169.489 70.0 衣 0
169.489 169.894 67.0 霜 0
169.894 170.299 65.0 染 0
170.299 170.705 72.0 淋 0
170.705 171.11 70.0 漓 0
171.11 171.516 65.0 死 0
171.516 171.921 67.0 生 1
172.313 172.516 63.0 恣 0
172.516 172.719 65.0 朝 0
172.719 173.124 67.0 暮 0
173.53 173.732 65.0 彀 0
173.732 173.935 70.0 长 0
173.935 175.151 67.0 空 1
175.538 175.943 63.0 卸 0
175.943 176.349 65.0 去 0
176.349 176.754 67.0 人 0
176.754 177.159 65.0 间 0
177.159 177.565 70.0 妆 0
177.565 178.376 67.0 红 1
178.437 178.842 65.0 我 0
178.842 179.247 67.0 终 0
179.247 179.653 65.0 于 0
179.653 180.058 72.0 读 0
180.058 180.464 67.0 懂 1
180.808 181.213 65.0 痴 0
181.213 181.619 67.0 心 0
181.619 182.024 65.0 熬 0
182.024 182.43 75.0 尽 0
182.43 183.038 74.0 才 0
183.038 183.443 70.0 可 0
183.443 183.646 65.0 倾 0
183.646 184.862 67.0 城 1
185.382 185.788 63.0 唯 0
185.788 186.193 65.0 有 0
186.193 186.599 67.0 亘 0
186.599 187.004 65.0 古 0
187.004 187.409 70.0 寒 0
187.409 188.22 67.0 峰 1
188.252 188.658 65.0 能 0
188.658 189.063 67.0 安 0
189.063 189.469 65.0 葬 0
189.469 189.874 72.0 浮 0
189.874 190.482 67.0 生 1
190.968 191.374 67.0 至 0
191.374 191.779 65.0 死 0
191.779 192.184 75.0 不 0
192.184 192.792 74.0 渝 0
192.792 192.995 75.0 的 0
192.995 193.198 74.0 一 0
193.198 193.401 70.0 场 0
193.401 195.833 72.0 梦 1
214.51 214.915 63.0 天 0
214.915 215.32 65.0 光 0
215.32 215.726 67.0 落 0
215.726 216.131 65.0 笔 0
216.131 216.537 70.0 波 0
216.537 217.347 67.0 折 1
217.401 217.807 65.0 岁 0
217.807 218.212 67.0 月 0
218.212 218.618 65.0 都 0
218.618 219.023 72.0 干 0
219.023 219.428 67.0 涸 1
219.797 220.202 65.0 只 0
220.202 220.608 67.0 剩 0
220.608 221.013 65.0 别 0
221.013 221.419 75.0 离 0
221.419 222.027 74.0 来 0
222.027 222.432 70.0 不 0
222.432 222.635 65.0 及 0
222.635 223.851 67.0 说 1
224.311 224.717 63.0 宁 0
224.717 225.122 65.0 愿 0
225.122 225.528 67.0 折 0
225.528 225.933 65.0 心 0
225.933 226.338 70.0 沐 0
226.338 227.149 67.0 火 1
227.17 227.576 65.0 舍 0
227.576 227.981 67.0 不 0
227.981 228.386 65.0 得 0
228.386 228.792 72.0 勘 0
228.792 229.4 67.0 破 1
229.872 230.277 67.0 是 0
230.277 230.683 65.0 你 0
230.683 231.088 75.0 唇 0
231.088 231.696 74.0 边 0
231.696 231.899 75.0 夜 0
231.899 232.102 74.0 雨 0
232.102 232.304 70.0 清 0
232.304 234.737 72.0 荷 1
