38.48 38.893 46.0 站 0
38.897 39.727 48.0 在 0
39.73 40.143 48.0 那 0
40.147 40.56 48.0 离 0
40.564 40.977 48.0 别 0
40.98 41.393 48.0 的 0
41.397 41.81 46.0 站 0
41.814 43.477 48.0 台 1
44.319 44.732 51.0 我 0
44.735 45.148 53.0 的 0
45.152 45.565 55.0 心 0
45.569 46.398 55.0 里 0
46.402 46.815 58.0 有 0
46.819 47.232 58.0 太 0
47.235 47.648 58.0 多 0
47.652 48.065 58.0 的 0
48.069 48.482 53.0 无 0
48.485 50.148 55.0 奈 1
50.984 51.397 55.0 想 0
51.401 51.814 58.0 起 0
51.818 52.231 60.0 对 0
52.234 53.064 60.0 你 0
53.068 53.481 58.0 的 0
53.484 54.314 60.0 情 0
54.318 54.731 55.0 想 0
54.734 55.147 51.0 起 0
55.151 55.564 51.0 对 0
55.568 56.397 53.0 你 0
56.401 56.814 51.0 的 0
56.818 57.647 55.0 爱 1
58.515 58.72 48.0 我 0
58.724 59.137 50.0 - 0
59.14 59.345 50.0 的 0
59.349 59.762 50.0 心 0
59.765 60.178 48.0 里 0
60.182 60.595 46.0 无 0
60.599 61.012 48.0 限 0
61.015 61.428 51.0 感 0
61.432 61.845 50.0 - 0
61.849 63.512 48.0 慨 1
65.207 65.62 46.0 走 0
65.624 66.453 48.0 在 0
66.457 66.87 48.0 这 0
66.874 67.287 50.0 伤 0
67.29 67.703 48.0 心 0
67.707 68.12 48.0 的 0
68.124 68.537 46.0 站 0
68.54 70.203 48.0 台 1
70.914 71.327 51.0 千 0
71.331 71.744 53.0 言 0
71.748 72.161 53.0 万 0
72.164 72.994 55.0 语 0
72.998 73.411 60.0 - 0
73.414 73.827 58.0 无 0
73.831 74.244 58.0 法 0
74.248 74.661 58.0 去 0
74.664 75.077 53.0 表 0
75.081 76.744 55.0 白 1
77.601 78.014 55.0 为 0
78.018 78.431 58.0 何 0
78.434 78.847 58.0 有 0
78.851 79.681 60.0 情 0
79.684 80.097 58.0 的 0
80.101 80.931 60.0 人 0
80.934 81.347 55.0 到 0
81.351 81.764 51.0 最 0
81.768 82.181 53.0 后 0
82.184 83.014 53.0 要 0
83.018 83.431 51.0 分 0
83.434 84.264 55.0 开 1
85.16 85.365 48.0 我 0
85.368 85.781 50.0 - 0
85.785 85.99 50.0 的 0
85.993 86.406 50.0 心 0
86.41 86.823 48.0 里 0
86.827 87.24 46.0 满 0
87.243 87.656 46.0 是 0
87.66 88.073 43.0 - 0
88.077 88.49 46.0 伤 0
88.493 90.156 48.0 怀 1
91.399 91.812 55.0 你 0
91.816 92.229 60.0 就 0
92.232 92.645 60.0 是 0
92.649 93.062 60.0 我 0
93.066 93.479 58.0 的 0
93.482 93.895 58.0 爱 0
93.899 94.312 60.0 - 0
94.732 95.145 63.0 你 0
95.149 95.562 62.0 是 0
95.566 95.979 60.0 一 0
95.982 96.395 58.0 生 0
96.399 96.812 53.0 的 0
96.816 97.229 53.0 爱 0
97.232 97.645 55.0 - 1
98.391 98.596 60.0 为 0
98.6 99.013 62.0 - 0
99.016 99.221 62.0 何 0
99.225 99.638 62.0 今 0
99.641 100.054 60.0 天 0
100.058 100.471 58.0 你 0
100.475 100.888 60.0 却 0
100.891 101.304 58.0 要 0
101.308 101.721 53.0 离 0
101.725 103.388 55.0 开 1
104.73 105.143 53.0 我 0
105.147 105.56 53.0 徘 0
105.564 105.768 53.0 徊 0
105.772 105.977 55.0 在 0
105.98 106.393 53.0 车 0
106.397 106.81 51.0 窗 0
106.814 108.06 53.0 外 0
108.064 108.477 55.0 - 0
108.48 108.893 58.0 向 0
108.897 109.31 58.0 你 0
109.314 109.727 58.0 把 0
109.73 110.143 46.0 手 0
110.147 110.56 46.0 摆 0
110.564 110.977 48.0 - 1
111.806 112.01 60.0 我 0
112.014 112.427 62.0 - 0
112.431 112.635 62.0 的 0
112.639 113.052 62.0 心 0
113.056 113.469 60.0 情 0
113.472 113.885 58.0 是 0
113.889 114.719 55.0 否 0
114.722 115.135 58.0 明 0
115.139 117.219 60.0 白 1
117.962 118.375 55.0 看 0
118.378 118.791 58.0 列 0
118.795 119.208 60.0 车 0
119.212 119.625 60.0 已 0
119.628 120.041 58.0 离 0
120.045 120.458 58.0 开 0
120.462 120.875 60.0 - 0
120.878 121.291 60.0 我 0
121.295 121.708 63.0 的 0
121.712 122.125 62.0 眼 0
122.128 122.541 60.0 泪 0
122.545 122.958 58.0 掉 0
122.962 123.375 53.0 下 0
123.378 123.791 53.0 来 0
123.795 124.625 55.0 - 1
125.068 125.273 60.0 明 0
125.276 125.689 62.0 - 0
125.693 125.898 62.0 天 0
125.901 126.314 62.0 不 0
126.318 126.731 60.0 能 0
126.735 127.148 58.0 把 0
127.151 127.564 58.0 你 0
127.568 127.981 60.0 来 0
127.985 128.814 62.0 关 0
128.818 130.481 55.0 怀 1
131.372 131.785 53.0 我 0
131.789 132.202 53.0 心 0
132.205 132.618 53.0 里 0
132.622 133.035 53.0 在 0
133.039 133.452 51.0 等 0
133.455 134.702 53.0 待 0
134.705 135.118 55.0 - 0
135.122 135.535 58.0 永 0
135.539 135.952 60.0 远 0
135.955 136.368 58.0 在 0
136.372 136.785 55.0 等 0
136.789 137.202 58.0 待 0
137.205 138.035 60.0 - 1
138.428 138.633 60.0 等 0
138.637 139.05 62.0 - 0
139.053 139.258 62.0 待 0
139.262 139.675 62.0 拥 0
139.678 140.091 60.0 抱 0
140.095 140.3 57.0 曾 0
140.303 140.716 58.0 - 0
140.72 140.925 58.0 经 0
140.928 141.341 55.0 - 0
141.345 141.758 58.0 的 0
141.762 144.675 60.0 爱 1
171.851 172.264 48.0 走 0
172.267 173.097 48.0 在 0
173.101 173.514 51.0 这 0
173.517 173.93 50.0 伤 0
173.934 174.347 48.0 心 0
174.351 174.764 48.0 的 0
174.767 175.18 46.0 站 0
175.184 176.847 48.0 台 1
177.706 178.119 51.0 千 0
178.123 178.536 53.0 言 0
178.539 178.952 53.0 万 0
178.956 179.786 55.0 语 0
179.789 180.202 58.0 - 0
180.206 180.619 58.0 无 0
180.623 181.036 60.0 法 0
181.039 181.452 58.0 去 0
181.456 181.869 53.0 表 0
181.873 183.536 55.0 白 1
184.334 184.747 55.0 为 0
184.75 185.163 58.0 何 0
185.167 185.58 58.0 有 0
185.584 186.413 60.0 情 0
186.417 186.83 58.0 的 0
186.834 187.663 60.0 人 0
187.667 188.08 55.0 到 0
188.084 188.497 51.0 最 0
188.5 188.913 51.0 后 0
188.917 189.747 53.0 要 0
189.75 190.163 51.0 分 0
190.167 190.997 55.0 开 1
191.741 191.945 48.0 我 0
191.949 192.362 50.0 - 0
192.366 192.57 50.0 的 0
192.574 192.987 50.0 心 0
192.991 193.404 48.0 里 0
193.407 193.82 46.0 满 0
193.824 194.237 46.0 是 0
194.241 194.654 43.0 - 0
194.657 195.07 46.0 伤 0
195.074 196.737 48.0 怀 1
198.06 198.473 55.0 你 0
198.476 198.889 58.0 就 0
198.893 199.306 60.0 是 0
199.31 199.723 60.0 我 0
199.726 200.139 58.0 的 0
200.143 200.556 58.0 爱 0
200.56 200.973 60.0 - 0
201.393 201.806 63.0 你 0
201.81 202.223 62.0 是 0
202.226 202.639 60.0 一 0
202.643 203.056 58.0 生 0
203.06 203.473 53.0 的 0
203.476 203.889 53.0 爱 0
203.893 204.306 55.0 - 1
205.077 205.282 60.0 为 0
205.285 205.698 62.0 - 0
205.702 205.907 62.0 何 0
205.91 206.323 62.0 今 0
206.327 206.74 60.0 天 0
206.744 207.157 58.0 你 0
207.16 207.573 58.0 却 0
207.577 207.99 58.0 要 0
207.994 208.407 53.0 离 0
208.41 210.073 55.0 开 1
211.285 211.698 53.0 我 0
211.702 212.115 53.0 徘 0
212.118 212.323 53.0 徊 0
212.327 212.531 55.0 在 0
212.535 212.948 53.0 车 0
212.952 213.365 51.0 窗 0
213.368 214.615 53.0 外 0
214.618 215.031 55.0 - 0
215.035 215.448 58.0 向 0
215.452 215.865 60.0 你 0
215.868 216.281 58.0 把 0
216.285 216.698 46.0 手 0
216.702 217.115 46.0 摆 0
217.118 217.948 48.0 - 1
218.364 218.569 60.0 我 0
218.573 218.986 62.0 - 0
218.989 219.194 62.0 的 0
219.198 219.611 62.0 心 0
219.614 220.027 60.0 情 0
220.031 220.444 58.0 是 0
220.448 221.277 55.0 否 0
221.281 221.694 58.0 明 0
221.698 223.777 60.0 白 1
224.789 225.202 55.0 看 0
225.206 225.619 58.0 列 0
225.623 226.036 60.0 车 0
226.039 226.452 60.0 已 0
226.456 226.869 58.0 离 0
226.873 227.286 58.0 开 0
227.289 227.702 60.0 - 0
227.706 228.119 60.0 我 0
228.123 228.536 63.0 的 0
228.539 228.952 60.0 眼 0
228.956 229.369 60.0 泪 0
229.373 229.786 58.0 掉 0
229.789 230.202 53.0 下 0
230.206 230.619 53.0 来 0
230.623 231.452 55.0 - 1
231.757 231.961 60.0 明 0
231.965 232.378 62.0 - 0
232.382 232.586 62.0 天 0
232.59 233.003 62.0 不 0
233.007 233.42 60.0 能 0
233.423 233.836 58.0 把 0
233.84 234.253 58.0 你 0
234.257 234.67 60.0 来 0
234.673 235.503 62.0 关 0
235.507 237.17 55.0 怀 1
238.076 238.489 55.0 我 0
238.492 238.905 53.0 心 0
238.909 239.322 53.0 里 0
239.326 239.739 53.0 在 0
239.742 240.155 51.0 等 0
240.159 241.405 53.0 待 0
241.409 241.822 55.0 - 0
241.826 242.239 58.0 永 0
242.242 242.655 58.0 远 0
242.659 243.072 58.0 在 0
243.076 243.905 55.0 等 0
243.909 244.739 60.0 - 1
245.029 245.234 60.0 等 0
245.237 245.65 62.0 - 0
245.654 245.859 62.0 待 0
245.862 246.275 62.0 拥 0
246.279 246.692 60.0 抱 0
246.696 246.9 57.0 曾 0
246.904 247.317 58.0 - 0
247.321 247.525 58.0 经 0
247.529 247.942 55.0 - 0
247.946 248.359 58.0 的 0
248.362 251.275 60.0 爱 1
251.4 251.813 55.0 你 0
251.817 252.23 60.0 就 0
252.233 252.646 60.0 是 0
252.65 253.063 60.0 我 0
253.067 253.48 58.0 的 0
253.483 253.896 58.0 爱 0
253.9 254.313 60.0 - 0
254.733 255.146 63.0 你 0
255.15 255.563 62.0 是 0
255.567 255.98 60.0 一 0
255.983 256.396 58.0 生 0
256.4 256.813 53.0 的 0
256.817 257.23 53.0 爱 0
257.233 258.063 55.0 - 1
258.472 258.677 60.0 为 0
258.681 259.094 62.0 - 0
259.097 259.302 62.0 何 0
259.306 259.719 62.0 今 0
259.722 260.135 60.0 天 0
260.139 260.552 58.0 你 0
260.556 260.969 60.0 却 0
260.972 261.385 58.0 要 0
261.389 261.802 53.0 离 0
261.806 263.469 55.0 开 1
264.739 265.152 53.0 我 0
265.156 265.569 53.0 徘 0
265.573 265.777 53.0 徊 0
265.781 265.986 55.0 在 0
265.989 266.402 53.0 车 0
266.406 266.819 51.0 窗 0
266.823 268.069 53.0 外 0
268.073 268.486 55.0 - 0
268.489 268.902 58.0 向 0
268.906 269.319 58.0 你 0
269.323 269.736 58.0 把 0
269.739 270.152 46.0 手 0
270.156 270.569 46.0 摆 0
270.573 271.402 48.0 - 1
271.836 272.04 60.0 我 0
272.044 272.457 62.0 - 0
272.461 272.665 62.0 的 0
272.669 273.082 62.0 心 0
273.086 273.499 60.0 情 0
273.502 273.915 58.0 是 0
273.919 274.749 55.0 否 0
274.752 275.165 58.0 明 0
275.169 277.249 60.0 白 1
277.945 278.358 55.0 看 0
278.361 278.774 58.0 列 0
278.778 279.191 60.0 车 0
279.195 279.608 60.0 已 0
279.611 280.024 58.0 离 0
280.028 280.441 58.0 开 0
280.445 280.858 60.0 - 0
280.861 281.274 60.0 我 0
281.278 281.691 63.0 的 0
281.695 282.108 62.0 眼 0
282.111 282.524 60.0 泪 0
282.528 282.941 58.0 掉 0
282.945 283.358 53.0 下 0
283.361 283.774 53.0 来 0
283.778 284.608 55.0 - 1
285.094 285.299 60.0 明 0
285.302 285.715 62.0 - 0
285.719 285.924 62.0 天 0
285.927 286.34 62.0 不 0
286.344 286.757 60.0 能 0
286.761 287.174 58.0 把 0
287.177 287.59 58.0 你 0
287.594 288.007 60.0 来 0
288.011 288.84 62.0 关 0
288.844 290.507 55.0 怀 1
291.388 291.801 53.0 我 0
291.805 292.218 53.0 心 0
292.221 292.634 53.0 里 0
292.638 293.051 53.0 在 0
293.055 293.468 51.0 等 0
293.471 294.718 53.0 待 0
294.721 295.134 55.0 - 0
295.138 295.551 58.0 永 0
295.555 295.968 60.0 远 0
295.971 296.384 58.0 在 0
296.388 296.801 55.0 等 0
296.805 297.218 58.0 待 0
297.221 298.051 60.0 - 1
298.506 298.711 60.0 等 0
298.715 299.128 62.0 - 0
299.131 299.336 62.0 待 0
299.34 299.753 62.0 拥 0
299.756 300.169 60.0 抱 0
300.173 300.378 57.0 曾 0
300.381 300.794 58.0 - 0
300.798 301.003 58.0 经 0
301.006 301.419 55.0 - 0
301.423 301.836 58.0 的 0
301.84 304.753 60.0 爱 1
304.795 305.208 53.0 我 0
305.212 305.625 53.0 心 0
305.629 306.042 55.0 里 0
306.045 306.458 53.0 在 0
306.462 306.875 51.0 等 0
306.879 308.125 53.0 待 0
308.129 308.542 55.0 - 0
308.545 308.958 58.0 永 0
308.962 309.375 58.0 远 0
309.379 309.792 58.0 在 0
309.795 310.208 55.0 等 0
310.212 310.625 58.0 待 0
310.629 311.458 60.0 - 1
311.693 311.933 60.0 等 0
311.937 312.423 62.0 - 0
312.427 312.668 62.0 待 0
312.672 313.203 62.0 拥 0
313.208 313.739 60.0 抱 0
313.744 314.007 57.0 曾 0
314.011 314.543 58.0 - 0
314.547 316.013 55.0 经 0
316.02 316.587 58.0 的 0
316.592 320.587 60.0 爱 1
