31.962 32.432 55.0 今 0
32.432 32.666 62.0 - 0
32.666 32.901 62.0 夜 0
32.901 33.37 62.0 的 0
33.37 33.839 60.0 你 0
33.839 34.191 62.0 又 0
34.191 34.777 58.0 在 0
35.715 36.185 60.0 和 0
36.185 37.124 60.0 - 0
37.124 37.594 57.0 谁 0
37.594 38.512 55.0 约 1
39.324 39.793 55.0 你 0
39.793 40.028 67.0 - 0
40.028 40.262 67.0 让 0
40.262 40.731 67.0 我 0
40.731 40.962 65.0 一 0
40.966 41.196 65.0 个 0
41.2 41.673 62.0 人 0
41.673 42.146 60.0 难 0
42.146 42.618 58.0 以 0
42.618 43.091 55.0 入 0
43.091 45.004 62.0 - 1
47.051 47.514 62.0 你 0
47.514 47.746 65.0 那 0
47.746 47.977 67.0 么 0
47.977 48.44 67.0 多 0
48.44 48.903 65.0 的 0
48.903 49.377 65.0 谎 0
49.386 50.019 62.0 言 0
50.779 51.252 65.0 累 0
51.252 52.198 62.0 - 0
52.198 52.672 62.0 不 0
52.672 53.605 60.0 累 1
54.48 54.946 60.0 为 0
54.946 55.18 60.0 什 0
55.18 55.413 60.0 么 0
55.413 55.88 60.0 总 0
55.88 56.113 60.0 是 0
56.113 56.346 62.0 要 0
56.346 56.823 65.0 口 0
56.823 57.301 65.0 是 0
57.301 57.778 58.0 心 0
57.778 58.255 58.0 - 0
58.255 60.203 55.0 非 1
61.989 62.46 55.0 今 0
62.46 62.695 62.0 - 0
62.695 62.93 62.0 夜 0
62.93 63.401 62.0 的 0
63.401 63.871 60.0 你 0
63.871 64.224 62.0 又 0
64.224 64.812 58.0 在 0
65.753 66.223 60.0 和 0
66.223 67.164 60.0 - 0
67.164 67.635 57.0 谁 0
67.635 68.564 55.0 约 1
69.454 69.923 55.0 你 0
69.923 70.157 65.0 - 0
70.157 70.392 67.0 让 0
70.392 70.86 67.0 我 0
70.86 71.329 65.0 等 0
71.329 71.798 62.0 你 0
71.798 72.267 60.0 等 0
72.267 72.735 58.0 的 0
72.735 73.204 55.0 好 0
73.204 75.552 62.0 疲 1
76.901 77.369 62.0 我 0
77.369 77.604 67.0 - 0
77.604 77.838 67.0 到 0
77.838 78.306 67.0 底 0
78.306 78.775 65.0 是 0
78.775 79.243 65.0 - 0
79.243 79.945 62.0 哪 0
80.648 81.116 65.0 做 0
81.116 81.583 62.0 - 0
82.051 82.519 62.0 不 0
82.519 83.454 60.0 - 1
84.372 84.837 60.0 请 0
84.837 85.302 60.0 - 0
85.302 85.767 60.0 你 0
85.767 85.999 60.0 告 0
85.999 86.232 62.0 诉 0
86.232 86.71 65.0 我 0
86.71 87.187 65.0 别 0
87.187 87.665 58.0 让 0
87.665 88.142 60.0 我 0
88.142 90.002 55.0 受 1
91.954 92.423 62.0 为 0
92.423 92.657 67.0 什 0
92.657 92.892 67.0 么 0
92.892 93.36 67.0 爱 0
93.36 93.829 65.0 - 0
93.829 94.991 67.0 情 0
95.224 95.456 62.0 没 0
95.456 95.689 62.0 有 1
95.737 96.207 70.0 想 0
96.207 96.441 67.0 - 0
96.441 96.676 70.0 象 0
96.676 97.146 65.0 中 0
97.146 97.616 62.0 的 0
97.616 99.024 67.0 完 1
99.489 99.957 62.0 为 0
99.957 100.192 67.0 什 0
100.192 100.426 67.0 么 0
100.426 100.894 67.0 你 0
100.894 101.128 65.0 总 0
101.128 101.362 65.0 是 0
101.362 101.831 67.0 对 0
101.831 102.77 67.0 我 1
103.147 103.615 67.0 阳 0
103.615 104.084 67.0 - 0
104.084 104.552 60.0 奉 0
104.552 105.02 60.0 - 0
105.02 106.425 62.0 阴 1
106.839 107.308 62.0 我 0
107.308 107.542 67.0 - 0
107.542 107.777 67.0 爱 0
107.777 108.246 67.0 你 0
108.246 108.715 65.0 是 0
108.715 109.184 65.0 - 0
109.184 109.653 62.0 那 0
110.122 110.591 62.0 的 0
110.591 111.063 65.0 - 0
111.063 112.007 62.0 痴 0
112.007 112.478 60.0 心 0
112.478 113.407 58.0 绝 1
114.054 114.287 60.0 你 0
114.287 114.519 60.0 却 0
114.519 115.223 60.0 对 0
115.223 115.458 62.0 我 0
115.458 115.928 60.0 三 0
115.928 116.398 62.0 心 0
116.398 116.868 65.0 二 0
116.868 117.338 62.0 意 1
117.633 118.103 62.0 把 0
118.103 118.573 65.0 - 0
118.573 118.808 65.0 我 0
118.808 119.042 65.0 们 0
119.042 119.512 65.0 的 0
119.512 119.981 62.0 爱 0
119.981 121.379 67.0 摧 1
121.963 122.438 62.0 为 0
122.438 122.675 67.0 什 0
122.675 122.913 67.0 么 0
122.913 123.388 67.0 爱 0
123.388 123.863 65.0 - 0
123.863 125.017 67.0 情 0
125.248 125.478 62.0 没 0
125.478 125.709 62.0 有 1
125.757 126.227 70.0 想 0
126.227 126.462 67.0 象 0
126.462 126.697 70.0 中 0
126.697 127.167 65.0 的 0
127.167 127.637 62.0 完 0
127.637 129.04 67.0 美 1
129.329 129.798 62.0 你 0
129.798 130.032 67.0 - 0
130.032 130.266 67.0 怎 0
130.266 130.735 67.0 么 0
130.735 131.204 65.0 忍 0
131.204 131.673 67.0 心 0
131.673 132.61 67.0 让 1
133.22 133.691 67.0 黑 0
133.691 134.161 67.0 - 0
134.161 134.632 67.0 夜 0
134.632 135.102 60.0 里 0
135.102 136.503 62.0 伤 1
137.009 137.478 62.0 难 0
137.478 137.713 67.0 道 0
137.713 137.948 67.0 你 0
137.948 138.417 67.0 舍 0
138.417 138.886 65.0 得 0
138.886 139.356 65.0 我 0
139.356 139.825 62.0 - 0
140.764 141.233 65.0 伤 0
141.233 142.172 62.0 心 0
142.172 142.641 60.0 流 0
142.641 143.575 58.0 泪 1
143.96 144.194 60.0 让 0
144.194 144.428 60.0 - 0
144.428 145.138 60.0 我 0
145.138 145.375 62.0 等 0
145.375 145.848 60.0 你 0
145.848 146.322 62.0 想 0
146.322 146.79 62.0 你 0
146.79 147.258 62.0 盼 1
147.666 147.9 62.0 你 0
147.9 148.135 62.0 - 0
148.135 148.59 65.0 却 0
148.59 149.501 62.0 彻 0
149.501 149.956 67.0 夜 0
149.956 151.421 67.0 不 1
151.986 152.453 60.0 今 0
152.453 152.686 60.0 - 0
152.686 152.919 60.0 夜 0
152.919 153.385 60.0 的 0
153.385 153.851 62.0 你 0
153.851 154.318 65.0 在 0
154.318 155.017 65.0 和 0
155.25 155.717 58.0 约 0
155.717 158.049 55.0 - 1
174.486 175.881 62.0 啊 0
175.881 177.763 67.0 - 0
178.236 179.884 70.0 啊 0
179.884 181.515 70.0 - 0
181.98 183.838 72.0 啊 0
183.838 185.465 70.0 - 0
185.697 189.024 70.0 啊 1
189.385 189.853 55.0 今 0
189.853 190.088 62.0 - 0
190.088 190.322 62.0 夜 0
190.322 190.791 62.0 的 0
190.791 191.26 60.0 你 0
191.26 191.611 62.0 又 0
191.611 192.197 58.0 在 0
193.134 193.603 60.0 和 0
193.603 194.54 60.0 - 0
194.54 195.009 57.0 谁 0
195.009 195.946 55.0 约 1
197.04 197.508 55.0 你 0
197.508 197.742 67.0 让 0
197.742 197.977 67.0 我 0
197.977 198.445 67.0 等 0
198.445 198.913 65.0 你 0
198.913 199.382 62.0 等 0
199.382 199.85 62.0 的 0
199.85 200.318 58.0 好 0
200.318 200.787 55.0 疲 0
200.787 203.15 62.0 惫 1
204.375 204.84 62.0 我 0
204.84 205.072 67.0 - 0
205.072 205.304 67.0 到 0
205.304 205.768 67.0 底 0
205.768 206.232 65.0 是 0
206.232 206.703 65.0 - 0
206.703 207.409 62.0 哪 0
208.116 208.586 65.0 做 0
208.586 209.055 62.0 - 0
209.525 209.994 62.0 不 0
209.994 210.926 60.0 - 1
211.948 212.413 60.0 请 0
212.413 212.878 60.0 你 0
212.878 213.343 60.0 告 0
213.343 213.575 60.0 诉 0
213.575 213.808 62.0 我 0
213.808 214.28 65.0 别 0
214.28 214.752 65.0 让 0
214.752 215.225 58.0 我 0
215.225 215.697 60.0 受 0
215.697 217.569 55.0 罪 1
219.426 219.897 62.0 为 0
219.897 220.132 67.0 什 0
220.132 220.367 67.0 么 0
220.367 220.838 67.0 爱 0
220.838 221.308 65.0 - 0
221.308 222.471 67.0 情 0
222.703 222.936 62.0 没 0
222.936 223.168 62.0 有 1
223.253 223.724 70.0 想 0
223.724 223.96 67.0 象 0
223.96 224.196 70.0 中 0
224.196 224.667 65.0 的 0
224.667 225.138 62.0 完 0
225.138 226.533 67.0 美 1
227.01 227.484 62.0 为 0
227.484 227.722 67.0 什 0
227.722 227.959 67.0 么 0
227.959 228.433 67.0 你 0
228.433 228.67 65.0 总 0
228.67 228.908 65.0 是 0
228.908 229.372 67.0 对 0
229.372 230.301 67.0 我 1
230.779 231.251 67.0 阳 0
231.251 231.723 67.0 奉 0
231.723 232.196 60.0 - 0
232.196 232.668 60.0 阴 0
232.668 234.073 62.0 违 1
234.428 234.895 62.0 我 0
234.895 235.129 67.0 爱 0
235.129 235.363 67.0 你 0
235.363 235.83 67.0 是 0
235.83 236.297 65.0 - 0
236.297 236.764 65.0 那 0
236.764 237.231 62.0 么 0
237.698 238.165 62.0 的 0
238.165 238.636 65.0 痴 0
238.636 239.576 62.0 心 0
239.576 240.047 60.0 绝 0
240.047 240.982 58.0 对 1
241.547 241.78 60.0 你 0
241.78 242.014 60.0 却 0
242.014 242.724 60.0 对 0
242.724 242.96 62.0 我 0
242.96 243.433 60.0 三 0
243.433 243.906 62.0 心 0
243.906 244.371 65.0 二 0
244.371 244.836 62.0 意 1
245.207 245.672 62.0 把 0
245.672 246.144 65.0 我 0
246.144 246.379 65.0 们 0
246.379 246.615 65.0 的 0
246.615 247.087 65.0 爱 0
247.087 247.558 62.0 摧 0
247.558 248.953 67.0 毁 1
249.37 249.84 62.0 为 0
249.84 250.075 67.0 - 0
250.075 250.31 67.0 什 0
250.31 250.78 67.0 么 0
250.78 251.251 65.0 爱 0
251.251 252.418 67.0 - 0
252.652 252.885 62.0 没 0
252.885 253.119 62.0 - 0
253.14 253.612 70.0 有 1
253.612 253.848 67.0 想 0
253.848 254.084 70.0 象 0
254.084 254.557 65.0 中 0
254.557 255.029 62.0 的 0
255.029 256.429 67.0 完 1
256.932 257.403 62.0 你 0
257.403 257.638 67.0 怎 0
257.638 257.873 67.0 么 0
257.873 258.344 65.0 忍 0
258.344 258.814 65.0 心 0
258.814 259.279 67.0 让 0
259.279 260.209 67.0 我 0
260.674 261.146 67.0 黑 0
261.146 261.617 67.0 夜 0
261.617 262.089 67.0 里 0
262.089 262.561 60.0 伤 0
262.561 263.96 62.0 悲 1
264.411 264.883 62.0 难 0
264.883 265.12 67.0 道 0
265.12 265.356 67.0 你 0
265.356 265.828 67.0 舍 0
265.828 266.301 65.0 得 0
266.301 266.766 65.0 我 0
266.766 267.23 62.0 - 0
268.16 268.631 65.0 伤 0
268.631 269.571 62.0 心 0
269.571 270.042 60.0 流 0
270.042 270.973 58.0 泪 1
271.361 271.594 60.0 让 0
271.594 271.827 60.0 - 0
271.827 272.541 60.0 我 0
272.541 272.779 62.0 等 0
272.779 273.255 60.0 你 0
273.255 273.731 62.0 想 0
273.731 274.196 65.0 你 1
274.305 274.77 62.0 你 0
275.234 275.467 62.0 你 0
275.467 275.699 62.0 - 0
275.699 276.169 65.0 却 0
276.169 277.107 62.0 彻 0
277.107 277.577 65.0 夜 0
277.577 278.985 67.0 不 1
279.524 279.993 60.0 今 0
279.993 280.227 60.0 夜 0
280.227 280.461 60.0 的 0
280.461 280.93 60.0 你 0
280.93 281.398 62.0 在 0
281.398 281.871 65.0 和 0
281.871 282.579 65.0 谁 0
282.815 283.287 58.0 约 0
283.287 285.617 55.0 会 1
286.86 287.361 60.0 今 0
287.361 287.611 60.0 - 0
287.611 287.861 60.0 夜 0
287.861 288.361 60.0 的 0
288.361 288.862 62.0 你 0
288.862 289.376 65.0 在 0
289.376 290.147 65.0 和 0
290.661 290.919 58.0 约 0
290.919 291.461 58.0 - 0
291.461 294.175 55.0 - 0
