41.684 41.926 56.0 看 0
41.926 42.168 61.0 着 0
42.168 42.41 61.0 窗 0
42.41 42.652 61.0 外 0
42.652 43.136 61.0 的 0
43.136 43.62 59.0 雪 0
43.62 44.346 61.0 花 1
45.627 45.869 59.0 思 0
45.869 46.111 59.0 绪 0
46.111 46.353 59.0 飘 0
46.353 46.595 59.0 向 0
46.595 47.079 59.0 了 0
47.079 47.563 54.0 老 0
47.563 48.289 56.0 家 1
49.414 49.898 56.0 想 0
49.898 50.14 61.0 起 0
50.14 50.382 61.0 了 0
50.382 50.866 61.0 父 0
50.866 51.108 56.0 亲 0
51.108 51.35 56.0 的 0
51.35 52.076 56.0 背 0
52.076 52.318 54.0 - 0
52.318 52.801 54.0 影 1
53.308 53.792 54.0 想 0
53.792 54.034 54.0 起 0
54.034 54.276 54.0 了 0
54.276 54.76 59.0 年 0
54.76 55.002 56.0 迈 0
55.002 55.244 54.0 的 0
55.244 56.212 56.0 他 1
57.245 57.729 56.0 那 0
57.729 57.971 61.0 年 0
57.971 58.213 61.0 我 0
58.213 58.697 64.0 离 0
58.697 58.939 63.0 开 0
58.939 59.181 59.0 了 0
59.181 60.148 61.0 家 1
61.062 61.304 57.0 出 0
61.304 61.546 59.0 门 0
61.546 61.788 59.0 我 0
61.788 62.03 56.0 去 0
62.03 62.514 54.0 闯 0
62.514 62.998 58.0 天 0
62.998 63.965 56.0 下 1
64.846 65.088 56.0 带 0
65.088 65.572 61.0 着 0
65.572 65.814 61.0 你 0
65.814 66.298 61.0 对 0
66.298 66.54 56.0 我 0
66.54 66.782 56.0 的 0
66.782 67.507 56.0 叮 0
67.507 67.749 54.0 - 0
67.749 68.233 54.0 嘱 1
68.601 68.843 47.0 也 0
68.843 69.085 49.0 带 0
69.085 69.327 51.0 走 0
69.327 69.569 51.0 你 0
69.569 69.811 52.0 对 0
69.811 69.932 52.0 我 0
69.932 70.174 54.0 的 0
70.174 70.537 52.0 - 0
70.537 70.779 51.0 牵 0
70.779 71.746 49.0 挂 1
72.558 72.8 50.0 离 0
72.8 73.042 52.0 别 0
73.042 73.284 52.0 一 0
73.284 73.526 49.0 步 0
73.526 74.01 52.0 一 0
74.01 74.494 54.0 回 0
74.494 74.977 56.0 头 0
74.977 75.461 54.0 - 0
75.461 75.945 56.0 - 1
76.549 76.791 59.0 眼 0
76.791 77.033 61.0 泪 0
77.033 77.275 61.0 不 0
77.275 77.517 59.0 停 0
77.517 78.001 54.0 地 0
78.001 78.485 58.0 落 0
78.485 79.452 56.0 下 1
80.343 80.827 56.0 花 0
80.827 81.311 61.0 开 0
81.311 81.795 61.0 花 0
81.795 82.279 56.0 落 0
82.279 82.52 54.0 几 0
82.52 83.004 56.0 - 0
83.004 83.246 54.0 个 0
83.246 83.73 54.0 秋 1
84.097 84.339 56.0 你 0
84.339 84.581 56.0 鬓 0
84.581 84.823 59.0 角 0
84.823 85.065 59.0 泛 0
85.065 85.307 56.0 起 0
85.307 85.791 59.0 了 0
85.791 86.275 61.0 霜 0
86.275 88.694 61.0 花 1
90.15 90.876 61.0 我 0
90.876 91.118 64.0 的 0
91.118 91.602 61.0 老 0
91.602 92.086 68.0 父 0
92.086 93.538 64.0 亲 1
93.879 94.605 63.0 一 0
94.605 94.847 63.0 生 0
94.847 95.331 63.0 牵 0
95.331 95.573 61.0 挂 0
95.573 95.815 59.0 的 0
95.815 97.267 61.0 你 1
97.825 98.067 56.0 看 0
98.067 98.551 61.0 着 0
98.551 98.793 61.0 你 0
98.793 99.277 61.0 长 0
99.277 99.761 56.0 满 0
99.761 100.003 54.0 老 0
100.003 100.487 56.0 茧 0
100.487 100.729 54.0 的 0
100.729 101.213 54.0 手 1
101.685 101.927 52.0 淌 0
101.927 102.169 54.0 满 0
102.169 102.411 54.0 岁 0
102.411 102.653 52.0 月 0
102.653 103.137 54.0 的 0
103.137 103.621 59.0 泪 0
103.621 105.072 56.0 滴 1
105.55 106.276 61.0 我 0
106.276 106.518 64.0 的 0
106.518 107.002 61.0 老 0
107.002 107.486 68.0 父 0
107.486 108.937 64.0 亲 1
109.35 110.076 63.0 一 0
110.076 110.318 63.0 生 0
110.318 110.802 63.0 最 0
110.802 111.044 61.0 爱 0
111.044 111.286 59.0 的 0
111.286 112.737 61.0 你 1
113.042 113.284 59.0 你 0
113.284 113.526 61.0 铺 0
113.526 114.01 64.0 平 0
114.01 114.252 64.0 我 0
114.252 114.736 64.0 人 0
114.736 114.978 61.0 生 0
114.978 115.22 61.0 的 0
115.22 115.946 68.0 坎 0
115.946 116.188 66.0 坷 0
116.188 116.671 66.0 路 1
116.945 117.187 61.0 你 0
117.187 117.429 61.0 带 0
117.429 117.671 63.0 走 0
117.671 117.913 63.0 岁 0
117.913 118.155 61.0 月 0
118.155 118.639 59.0 的 0
118.639 119.123 61.0 风 0
119.123 121.058 61.0 雨 1
153.916 154.4 56.0 那 0
154.4 154.642 61.0 年 0
154.642 154.884 61.0 我 0
154.884 155.368 64.0 离 0
155.368 155.61 63.0 开 0
155.61 155.852 59.0 了 0
155.852 156.82 61.0 家 1
157.708 157.95 57.0 出 0
157.95 158.192 59.0 门 0
158.192 158.434 59.0 我 0
158.434 158.676 56.0 去 0
158.676 159.16 54.0 闯 0
159.16 159.644 58.0 天 0
159.644 160.612 56.0 下 1
161.584 161.826 56.0 带 0
161.826 162.31 61.0 着 0
162.31 162.552 61.0 你 0
162.552 163.036 61.0 对 0
163.036 163.278 56.0 我 0
163.278 163.52 56.0 的 0
163.52 164.246 56.0 叮 0
164.246 164.488 54.0 - 0
164.488 164.971 54.0 嘱 1
165.311 165.553 47.0 也 0
165.553 165.795 51.0 带 0
165.795 166.037 51.0 走 0
166.037 166.279 51.0 你 0
166.279 166.521 52.0 对 0
166.521 166.763 52.0 我 0
166.763 167.247 52.0 的 0
167.247 167.489 51.0 牵 0
167.489 168.457 49.0 挂 1
169.315 169.557 52.0 离 0
169.557 169.799 52.0 别 0
169.799 170.041 52.0 一 0
170.041 170.283 49.0 步 0
170.283 170.767 52.0 一 0
170.767 171.251 54.0 回 0
171.251 171.735 56.0 头 0
171.735 172.219 54.0 - 0
172.219 172.702 56.0 - 1
173.244 173.486 59.0 眼 0
173.486 173.728 61.0 泪 0
173.728 173.97 61.0 不 0
173.97 174.212 59.0 停 0
174.212 174.696 54.0 地 0
174.696 175.422 58.0 落 0
175.422 176.631 56.0 下 1
177.15 177.634 56.0 花 0
177.634 178.118 61.0 开 0
178.118 178.602 61.0 花 0
178.602 179.086 56.0 落 0
179.086 179.812 56.0 几 0
179.812 180.053 54.0 个 0
180.053 180.537 54.0 秋 1
180.773 181.015 56.0 你 0
181.015 181.257 56.0 鬓 0
181.257 181.499 59.0 角 0
181.499 181.741 59.0 泛 0
181.741 181.983 56.0 起 0
181.983 182.467 59.0 了 0
182.467 182.951 61.0 霜 0
182.951 185.37 61.0 花 1
186.843 187.568 61.0 我 0
187.568 187.81 64.0 的 0
187.81 188.294 61.0 老 0
188.294 188.778 68.0 父 0
188.778 190.23 64.0 亲 1
190.723 191.448 63.0 一 0
191.448 191.69 63.0 生 0
191.69 192.174 63.0 牵 0
192.174 192.416 61.0 挂 0
192.416 192.658 59.0 的 0
192.658 194.11 61.0 你 1
194.588 194.83 56.0 看 0
194.83 195.313 61.0 着 0
195.313 195.555 61.0 你 0
195.555 196.039 61.0 长 0
196.039 196.523 56.0 满 0
196.523 196.765 54.0 老 0
196.765 197.249 56.0 茧 0
197.249 197.491 54.0 的 0
197.491 197.975 54.0 手 1
198.518 198.76 52.0 淌 0
198.76 199.001 54.0 满 0
199.001 199.243 54.0 岁 0
199.243 199.485 52.0 月 0
199.485 199.969 54.0 的 0
199.969 200.453 59.0 泪 0
200.453 200.695 56.0 - 0
200.695 201.905 56.0 滴 1
202.319 203.044 61.0 我 0
203.044 203.286 64.0 的 0
203.286 203.77 61.0 老 0
203.77 204.254 68.0 父 0
204.254 205.706 64.0 亲 1
206.1 206.825 63.0 一 0
206.825 207.067 63.0 生 0
207.067 207.551 63.0 最 0
207.551 207.793 61.0 爱 0
207.793 208.035 59.0 的 0
208.035 209.487 61.0 你 1
209.761 210.002 59.0 你 0
210.002 210.244 61.0 铺 0
210.244 210.728 64.0 平 0
210.728 210.97 64.0 我 0
210.97 211.454 64.0 人 0
211.454 211.696 61.0 生 0
211.696 211.938 61.0 的 0
211.938 212.664 68.0 坎 0
212.664 212.906 66.0 坷 0
212.906 213.39 66.0 路 1
213.629 213.87 61.0 你 0
213.87 214.112 61.0 带 0
214.112 214.354 63.0 走 0
214.354 214.596 63.0 岁 0
214.596 214.838 61.0 月 0
214.838 215.322 59.0 的 0
215.322 215.806 61.0 风 0
215.806 219.193 61.0 雨 1
219.783 220.509 61.0 我 0
220.509 220.751 64.0 的 0
220.751 221.235 61.0 老 0
221.235 221.718 66.0 父 0
221.718 222.202 64.0 亲 0
222.202 223.17 64.0 - 1
223.599 224.325 66.0 一 0
224.325 224.567 66.0 生 0
224.567 225.05 66.0 牵 0
225.05 225.292 64.0 挂 0
225.292 225.534 63.0 的 0
225.534 226.018 63.0 你 0
226.018 226.986 61.0 - 1
227.392 227.634 56.0 看 0
227.634 228.118 61.0 着 0
228.118 228.36 61.0 你 0
228.36 228.843 61.0 长 0
228.843 229.327 59.0 满 0
229.327 229.569 54.0 老 0
229.569 230.053 56.0 茧 0
230.053 230.295 54.0 的 0
230.295 230.779 54.0 手 1
231.365 231.607 52.0 淌 0
231.607 231.849 54.0 满 0
231.849 232.091 54.0 岁 0
232.091 232.333 52.0 月 0
232.333 232.816 54.0 的 0
232.816 233.3 59.0 泪 0
233.3 233.784 56.0 - 0
233.784 234.752 56.0 滴 1
235.3 236.026 61.0 我 0
236.026 236.268 64.0 的 0
236.268 236.751 61.0 老 0
236.751 237.235 68.0 父 0
237.235 237.719 64.0 亲 0
237.719 238.687 64.0 - 1
239.016 239.742 66.0 一 0
239.742 239.983 66.0 生 0
239.983 240.467 66.0 最 0
240.467 240.709 64.0 爱 0
240.709 240.951 63.0 的 0
240.951 242.403 61.0 你 1
242.671 242.913 59.0 你 0
242.913 243.155 61.0 铺 0
243.155 243.639 64.0 平 0
243.639 243.88 64.0 我 0
243.88 244.364 64.0 人 0
244.364 244.606 61.0 生 0
244.606 244.848 61.0 的 0
244.848 245.574 68.0 坎 0
245.574 245.816 66.0 坷 0
245.816 246.3 66.0 路 1
246.612 246.854 61.0 你 0
246.854 247.096 61.0 带 0
247.096 247.338 63.0 走 0
247.338 247.579 63.0 岁 0
247.579 247.821 61.0 月 0
247.821 248.305 59.0 的 0
248.305 248.789 61.0 风 0
248.789 251.692 61.0 雨 1
252.563 252.805 56.0 看 0
252.805 253.047 61.0 着 0
253.047 253.289 61.0 窗 0
253.289 253.531 61.0 外 0
253.531 254.015 61.0 的 0
254.015 254.499 59.0 雪 0
254.499 255.224 61.0 花 1
256.586 256.828 57.0 思 0
256.828 257.07 59.0 绪 0
257.07 257.312 59.0 飘 0
257.312 257.554 59.0 向 0
257.554 258.038 59.0 了 0
258.28 258.522 54.0 老 0
258.522 259.489 56.0 家 1
260.465 260.949 56.0 想 0
260.949 261.191 61.0 起 0
261.191 261.433 61.0 了 0
261.433 261.917 61.0 父 0
261.917 262.159 56.0 亲 0
262.159 262.401 56.0 的 0
262.401 263.126 56.0 背 0
263.126 263.368 54.0 - 0
263.368 263.852 54.0 影 1
264.283 264.767 51.0 想 0
264.767 265.735 51.0 起 0
265.735 266.219 52.0 了 0
266.219 266.823 54.0 年 0
266.823 267.428 52.0 迈 0
267.428 268.154 51.0 的 0
269.848 272.509 49.0 他 1
