16.478 16.939 55.0 我 0
16.939 17.4 64.0 受 0
17.4 17.861 62.0 够 0
17.861 18.322 62.0 了 0
18.322 18.783 64.0 等 0
18.783 19.243 62.0 - 0
19.243 20.165 62.0 待 0
20.165 20.626 55.0 你 0
20.626 21.087 64.0 所 0
21.087 21.548 62.0 谓 0
21.548 22.008 62.0 的 0
22.008 22.469 64.0 安 0
22.469 22.93 60.0 - 0
22.93 24.313 60.0 排 1
25.157 25.618 60.0 说 0
25.618 26.079 62.0 的 0
26.079 26.54 64.0 未 0
26.54 27.001 60.0 来 0
27.001 27.461 60.0 到 0
27.461 27.922 62.0 底 0
27.922 28.383 64.0 多 0
28.383 28.844 60.0 久 0
28.844 29.305 65.0 才 0
29.305 30.687 64.0 来 1
31.162 31.623 55.0 总 0
31.623 32.084 64.0 是 0
32.084 32.544 62.0 要 0
32.544 33.005 62.0 来 0
33.005 33.466 64.0 不 0
33.466 33.927 62.0 - 0
33.927 34.849 62.0 及 0
34.849 35.309 55.0 才 0
35.309 35.77 64.0 知 0
35.77 36.231 62.0 道 0
36.231 36.692 62.0 我 0
36.692 37.153 64.0 可 0
37.153 37.614 60.0 - 0
37.614 38.996 60.0 爱 1
39.896 40.357 60.0 我 0
40.357 40.817 62.0 想 0
40.817 41.278 64.0 依 0
41.278 41.739 60.0 赖 0
41.739 42.2 60.0 而 0
42.2 42.661 62.0 你 0
42.661 43.122 64.0 却 0
43.122 43.582 60.0 都 0
43.582 44.043 62.0 不 0
44.043 44.504 60.0 在 1
45.052 45.513 60.0 应 0
45.513 45.974 60.0 该 0
45.974 46.434 59.0 开 0
46.434 46.895 55.0 心 0
46.895 47.356 60.0 的 0
47.356 47.817 59.0 地 0
47.817 48.278 55.0 带 1
48.575 49.035 60.0 你 0
49.035 49.495 60.0 - 0
49.495 49.955 59.0 给 0
49.955 50.415 55.0 的 0
50.415 50.874 60.0 全 0
50.874 51.334 59.0 是 0
51.334 51.794 55.0 空 1
52.44 52.899 60.0 一 0
52.899 53.359 59.0 个 0
53.359 53.819 60.0 人 0
53.819 54.279 55.0 假 0
54.279 54.738 60.0 日 0
54.738 55.198 59.0 发 0
55.198 55.658 60.0 呆 1
55.659 56.119 62.0 找 0
56.119 56.579 62.0 不 0
56.579 57.038 62.0 到 0
57.038 57.498 62.0 人 0
57.498 57.958 62.0 陪 0
57.958 58.418 60.0 我 0
58.418 58.877 64.0 看 0
58.877 59.337 62.0 海 1
59.771 60.231 65.0 我 0
60.231 60.69 65.0 在 0
60.69 61.15 64.0 幸 0
61.15 61.61 65.0 福 0
61.61 62.07 67.0 的 0
62.07 62.53 64.0 门 0
62.53 62.989 62.0 外 1
63.392 63.852 64.0 却 0
63.852 64.312 64.0 - 0
64.312 64.771 62.0 一 0
64.771 65.231 64.0 直 0
65.231 65.691 62.0 都 0
65.691 66.151 60.0 进 0
66.151 66.61 60.0 不 1
67.147 67.607 65.0 你 0
67.607 68.067 65.0 累 0
68.067 68.527 64.0 积 0
68.527 68.986 65.0 给 0
68.986 69.446 64.0 的 0
69.446 69.906 62.0 伤 0
69.906 70.366 60.0 害 1
70.366 70.825 62.0 我 0
70.825 71.285 62.0 是 0
71.285 71.745 62.0 真 0
71.745 72.205 62.0 的 0
72.205 72.665 62.0 很 0
72.665 72.894 60.0 难 0
72.894 73.354 69.0 释 0
73.354 74.044 67.0 怀 1
74.045 74.505 67.0 终 0
74.505 74.734 65.0 - 0
74.734 75.194 65.0 于 0
75.194 75.654 64.0 看 0
75.654 76.114 64.0 开 0
76.114 76.574 62.0 爱 0
76.574 77.033 65.0 回 0
77.033 77.723 64.0 不 0
77.726 78.186 67.0 来 1
78.186 78.416 65.0 而 0
78.416 78.875 65.0 你 0
78.875 79.335 64.0 总 0
79.335 79.795 64.0 是 0
79.795 80.255 62.0 太 0
80.255 80.714 62.0 晚 0
80.714 81.404 60.0 明 0
81.404 81.864 65.0 白 1
81.864 82.094 65.0 最 0
82.094 82.554 65.0 后 0
82.554 83.013 67.0 才 0
83.013 83.473 67.0 把 0
83.473 83.933 65.0 话 0
83.933 85.082 65.0 说 0
85.084 85.544 68.0 开 1
85.544 85.774 68.0 哭 0
85.774 86.234 68.0 着 0
86.234 86.693 68.0 求 0
86.693 87.153 70.0 我 0
87.153 87.613 68.0 留 0
87.613 88.073 68.0 下 0
88.073 88.762 67.0 来 1
88.762 89.222 67.0 终 0
89.222 89.452 65.0 于 0
89.452 89.912 65.0 看 0
89.912 90.372 64.0 开 0
90.372 90.831 64.0 爱 0
90.831 91.291 62.0 回 0
91.291 91.751 65.0 不 0
91.751 92.441 64.0 来 1
92.441 92.9 67.0 我 0
92.9 93.13 65.0 们 0
93.13 93.59 65.0 面 0
93.59 94.05 64.0 前 0
94.05 94.51 64.0 太 0
94.51 94.969 62.0 多 0
94.969 95.429 62.0 阻 0
95.429 96.119 60.0 碍 1
96.119 96.579 65.0 你 0
96.579 96.808 65.0 的 0
96.808 97.268 65.0 手 0
97.268 97.728 67.0 却 0
97.728 98.188 67.0 放 0
98.188 98.648 65.0 不 0
98.648 99.337 65.0 开 1
99.373 99.603 64.0 宁 0
99.603 100.063 65.0 - 0
100.063 100.293 64.0 愿 0
100.293 100.752 65.0 没 0
100.752 101.442 67.0 出 0
101.442 101.672 65.0 息 0
101.672 101.902 64.0 求 0
101.902 102.362 60.0 我 0
102.362 102.821 62.0 别 0
102.821 105.12 60.0 离 1
119.459 119.919 55.0 你 0
119.919 120.379 64.0 - 0
120.379 120.838 62.0 总 0
120.838 121.298 62.0 是 0
121.298 121.758 64.0 要 0
121.758 122.218 62.0 我 0
122.218 123.137 62.0 - 0
123.137 123.597 55.0 乖 0
123.597 124.057 64.0 慢 0
124.057 124.517 62.0 慢 0
124.517 124.976 62.0 计 0
124.976 125.436 64.0 划 0
125.436 125.896 60.0 将 0
125.896 127.275 60.0 - 1
128.191 128.65 60.0 我 0
128.65 129.11 62.0 - 0
129.11 129.57 64.0 的 0
129.57 130.03 60.0 眼 0
130.03 130.49 60.0 泪 0
130.49 130.949 62.0 却 0
130.949 131.409 64.0 一 0
131.409 131.869 60.0 直 0
131.869 132.329 65.0 掉 0
132.329 133.708 64.0 下 1
134.215 134.674 55.0 过 0
134.674 135.134 64.0 去 0
135.134 135.594 62.0 怎 0
135.594 136.054 62.0 么 0
136.054 136.514 64.0 交 0
136.514 136.973 62.0 - 0
136.973 137.893 62.0 代 0
137.893 138.353 55.0 你 0
138.353 138.812 64.0 该 0
138.812 139.272 62.0 给 0
139.272 139.732 62.0 的 0
139.732 140.192 64.0 信 0
140.192 140.651 60.0 - 0
140.651 142.031 60.0 赖 1
142.84 143.3 60.0 被 0
143.3 143.76 62.0 - 0
143.76 144.22 64.0 你 0
144.22 144.679 60.0 亲 0
144.679 145.139 60.0 手 0
145.139 145.599 62.0 缓 0
145.599 146.059 64.0 缓 0
146.059 146.518 60.0 推 0
146.518 146.978 62.0 入 0
146.978 147.438 60.0 悬 1
147.941 148.401 60.0 从 0
148.401 148.86 60.0 - 0
148.86 149.32 59.0 我 0
149.32 149.78 55.0 脸 0
149.78 150.24 60.0 上 0
150.24 150.699 59.0 的 0
150.699 151.159 55.0 苍 1
151.705 152.165 60.0 看 0
152.165 152.624 60.0 到 0
152.624 153.084 59.0 记 0
153.084 153.544 55.0 忆 0
153.544 154.004 60.0 慢 0
154.004 154.464 59.0 下 0
154.464 154.923 55.0 来 1
155.285 155.745 60.0 过 0
155.745 156.205 60.0 - 0
156.205 156.664 60.0 去 0
156.664 157.124 55.0 甜 0
157.124 157.584 60.0 蜜 0
157.584 158.044 59.0 在 0
158.044 158.503 60.0 倒 1
158.629 159.089 62.0 只 0
159.089 159.549 62.0 是 0
159.549 160.009 62.0 感 0
160.009 160.469 62.0 觉 0
160.469 160.928 62.0 已 0
160.928 161.388 60.0 经 0
161.388 161.848 64.0 不 0
161.848 162.308 62.0 在 1
162.632 163.094 65.0 而 0
163.094 163.555 65.0 我 0
163.555 164.017 64.0 对 0
164.017 164.478 65.0 你 0
164.478 164.94 67.0 的 0
164.94 165.401 64.0 期 0
165.401 165.863 62.0 待 1
166.292 166.754 64.0 被 0
166.754 167.216 64.0 - 0
167.216 167.677 62.0 你 0
167.677 168.139 64.0 一 0
168.139 168.6 62.0 次 0
168.6 169.062 60.0 次 0
169.062 169.523 60.0 摔 1
170.002 170.463 65.0 已 0
170.463 170.925 65.0 - 0
170.925 171.386 64.0 经 0
171.386 171.848 65.0 碎 0
171.848 172.309 64.0 成 0
172.309 172.771 62.0 太 0
172.771 173.233 60.0 多 0
173.281 173.742 62.0 块 1
173.742 174.204 62.0 要 0
174.204 174.665 62.0 怎 0
174.665 175.127 62.0 么 0
175.127 175.588 62.0 拼 0
175.588 175.819 60.0 凑 0
175.819 176.281 69.0 跟 0
176.281 176.973 67.0 重 0
176.978 177.439 67.0 来 1
177.439 177.67 65.0 终 0
177.67 178.132 65.0 于 0
178.132 178.593 64.0 看 0
178.593 179.055 64.0 开 0
179.055 179.516 62.0 爱 0
179.516 179.978 65.0 回 0
179.978 180.67 64.0 不 0
180.763 181.225 67.0 来 1
181.225 181.455 65.0 而 0
181.455 181.917 65.0 你 0
181.917 182.379 64.0 总 0
182.379 182.84 64.0 是 0
182.84 183.302 62.0 太 0
183.302 183.763 62.0 晚 0
183.763 184.455 60.0 明 0
184.456 184.915 65.0 白 1
184.915 185.144 65.0 最 0
185.144 185.602 65.0 后 0
185.602 186.06 65.0 才 0
186.06 186.518 65.0 把 0
186.518 186.976 65.0 话 0
186.976 188.121 65.0 说 1
188.139 188.597 68.0 哭 0
188.597 188.826 68.0 - 0
188.826 189.284 68.0 着 0
189.284 189.742 68.0 求 0
189.742 190.2 68.0 我 0
190.2 190.658 68.0 留 0
190.658 191.116 68.0 下 0
191.116 191.803 67.0 来 0
191.805 192.266 67.0 - 1
192.266 192.497 65.0 终 0
192.497 192.959 65.0 于 0
192.959 193.42 64.0 看 0
193.42 193.882 64.0 开 0
193.882 194.343 62.0 爱 0
194.343 194.805 65.0 回 0
194.805 195.497 64.0 不 0
195.499 195.961 67.0 来 1
195.961 196.191 65.0 我 0
196.191 196.653 65.0 们 0
196.653 197.114 64.0 面 0
197.114 197.576 64.0 前 0
197.576 198.038 62.0 太 0
198.038 198.499 62.0 多 0
198.499 199.191 60.0 阻 0
199.192 199.654 65.0 碍 1
199.654 199.885 65.0 你 0
199.885 200.346 65.0 的 0
200.346 200.808 67.0 手 0
200.808 201.269 67.0 却 0
201.269 201.731 65.0 放 0
201.731 202.423 65.0 不 1
202.481 202.712 64.0 宁 0
202.712 203.173 65.0 - 0
203.173 203.404 64.0 愿 0
203.404 203.866 65.0 没 0
203.866 204.558 67.0 出 0
204.558 204.789 65.0 息 0
204.789 205.019 64.0 求 0
205.019 205.481 60.0 我 0
205.481 205.942 62.0 别 0
205.942 206.859 62.0 离 0
206.859 208.222 60.0 开 1
210.135 210.597 68.0 终 0
210.597 210.828 66.0 于 0
210.828 211.289 66.0 看 0
211.289 211.751 65.0 开 0
211.751 212.212 65.0 爱 0
212.212 212.674 63.0 回 0
212.674 213.135 66.0 不 0
213.135 213.828 65.0 来 1
213.854 214.315 68.0 而 0
214.315 214.546 66.0 你 0
214.546 215.007 66.0 总 0
215.007 215.469 65.0 是 0
215.469 215.931 65.0 太 0
215.931 216.392 63.0 晚 0
216.392 216.854 63.0 明 0
216.854 217.546 61.0 白 1
217.548 218.009 66.0 最 0
218.009 218.24 66.0 - 0
218.24 218.702 66.0 后 0
218.702 219.163 66.0 才 0
219.163 219.625 66.0 把 0
219.625 220.086 66.0 话 0
220.086 221.24 66.0 说 1
221.289 221.751 69.0 哭 0
221.751 221.982 69.0 着 0
221.982 222.443 69.0 求 0
222.443 222.905 69.0 我 0
222.905 223.366 71.0 留 0
223.366 223.828 69.0 下 0
223.828 224.289 69.0 来 0
224.289 224.982 68.0 - 1
224.983 225.444 68.0 终 0
225.444 225.675 66.0 于 0
225.675 226.136 66.0 看 0
226.136 226.598 65.0 开 0
226.598 227.059 65.0 爱 0
227.059 227.521 63.0 回 0
227.521 227.983 66.0 不 0
227.983 228.675 65.0 来 1
228.675 229.136 68.0 我 0
229.136 229.367 66.0 们 0
229.367 229.829 66.0 面 0
229.829 230.29 65.0 前 0
230.29 230.752 65.0 太 0
230.752 231.213 63.0 多 0
231.213 231.675 63.0 阻 0
231.675 232.367 61.0 碍 1
232.367 232.829 66.0 你 0
232.829 233.06 66.0 的 0
233.06 233.521 66.0 手 0
233.521 233.983 68.0 却 0
233.983 234.444 68.0 放 0
234.444 234.906 66.0 不 0
234.906 235.598 66.0 开 1
235.743 235.974 65.0 宁 0
235.974 236.435 66.0 愿 0
236.435 236.666 65.0 没 0
236.666 237.127 66.0 出 0
237.127 237.82 68.0 息 0
237.82 238.05 66.0 求 0
238.05 238.281 65.0 我 0
238.281 238.743 61.0 别 0
238.743 239.204 63.0 离 0
239.204 242.435 61.0 开 1
