14.998 15.222 60.0 如 0
15.222 15.442 62.0 - 0
15.445 15.666 62.0 果 0
15.669 15.889 64.0 有 0
15.893 16.337 64.0 一 0
16.861 17.081 64.0 天 0
17.085 17.529 64.0 我 0
17.532 17.976 62.0 回 0
17.98 18.424 60.0 到 0
18.428 19.544 60.0 从 0
20.413 20.521 59.0 前 0
20.525 20.745 60.0 回 0
20.749 21.081 60.0 到 0
21.084 21.528 59.0 最 0
21.532 21.752 57.0 原 0
21.756 21.976 57.0 - 0
21.98 22.648 57.0 始 0
22.875 23.319 55.0 的 0
23.323 24.103 55.0 - 0
24.652 24.872 53.0 我 0
24.875 25.096 52.0 你 0
25.099 25.431 53.0 是 0
25.547 25.991 64.0 否 0
25.995 26.439 64.0 会 0
26.443 26.663 65.0 觉 0
26.666 26.887 64.0 得 0
26.89 27.334 64.0 我 0
27.338 28.006 62.0 不 0
29.364 29.588 60.0 错 0
29.588 29.808 62.0 如 0
29.812 30.032 62.0 果 0
30.036 30.256 64.0 有 0
30.26 30.704 64.0 一 0
31.157 31.377 64.0 天 0
31.381 31.825 64.0 我 0
31.829 32.273 62.0 离 0
32.276 32.72 60.0 你 0
32.724 33.84 60.0 遥 0
34.679 34.899 59.0 远 0
34.903 35.347 60.0 不 0
35.351 35.795 59.0 能 0
35.799 36.243 57.0 再 0
36.246 36.914 57.0 和 0
37.142 37.362 64.0 你 0
37.366 37.698 55.0 相 0
37.702 38.369 55.0 - 0
38.948 39.168 53.0 约 0
39.172 39.392 52.0 你 0
39.396 39.84 53.0 是 0
39.843 40.287 57.0 否 0
40.291 40.735 60.0 会 0
40.739 41.183 57.0 发 0
41.187 41.687 62.0 觉 0
41.69 41.911 62.0 我 0
41.914 42.134 60.0 已 0
42.138 42.582 62.0 经 0
42.586 43.03 62.0 说 0
43.034 45.045 60.0 再 0
46.83 47.274 67.0 见 0
47.277 47.498 60.0 当 0
47.501 47.721 59.0 你 0
47.725 48.169 60.0 的 0
48.173 48.617 65.0 眼 0
48.621 49.065 67.0 睛 0
49.068 49.513 59.0 眯 0
49.516 50.408 59.0 着 0
50.539 50.983 67.0 笑 0
50.987 51.207 60.0 当 0
51.21 51.431 59.0 你 0
51.434 51.878 60.0 喝 0
51.882 52.326 65.0 可 0
52.33 52.774 67.0 乐 0
52.778 53.222 59.0 当 0
53.225 53.669 59.0 你 0
53.673 54.117 60.0 吵 0
54.117 54.561 55.0 我 0
54.565 54.785 60.0 想 0
54.788 55.009 59.0 对 0
55.012 55.456 60.0 你 0
55.46 55.904 62.0 好 0
55.962 56.182 55.0 你 0
56.186 56.406 60.0 - 0
56.41 56.63 59.0 从 0
56.633 56.854 60.0 来 0
56.857 57.077 62.0 不 0
57.081 57.525 64.0 知 0
57.534 57.978 60.0 道 0
57.982 58.426 60.0 想 0
58.429 58.873 60.0 你 0
58.877 59.321 60.0 想 0
59.683 59.903 60.0 你 0
59.907 60.127 60.0 也 0
60.131 60.351 59.0 能 0
60.355 60.575 60.0 成 0
60.578 60.799 62.0 为 0
60.802 61.246 62.0 嗜 0
61.269 61.713 67.0 好 0
61.717 61.937 60.0 当 0
61.941 62.161 59.0 你 0
62.165 62.609 60.0 说 0
62.612 63.056 65.0 今 0
63.06 63.504 67.0 天 0
63.508 63.952 59.0 的 0
63.956 64.847 59.0 烦 0
64.865 65.309 67.0 恼 0
65.313 65.533 60.0 当 0
65.537 65.757 59.0 你 0
65.761 66.205 60.0 说 0
66.208 66.652 67.0 夜 0
66.656 67.1 67.0 深 0
67.104 67.548 65.0 你 0
67.552 67.996 64.0 睡 0
67.999 68.443 60.0 不 0
68.446 68.89 55.0 着 0
68.894 69.114 60.0 我 0
69.118 69.338 59.0 想 0
69.342 69.786 60.0 对 0
69.789 70.234 62.0 你 0
70.468 70.688 55.0 说 0
70.692 70.912 60.0 却 0
70.916 71.136 59.0 害 0
71.14 71.36 60.0 怕 0
71.364 71.584 62.0 都 0
71.588 71.92 64.0 说 0
71.975 72.419 65.0 错 0
72.423 72.867 62.0 好 0
72.871 73.315 62.0 喜 0
73.319 73.763 60.0 欢 0
74.128 74.572 62.0 你 0
74.576 75.244 62.0 知 0
75.247 75.468 60.0 不 0
75.471 78.154 60.0 知 0
83.075 83.299 60.0 道 0
83.299 83.519 62.0 如 0
83.523 83.743 62.0 果 0
83.747 83.967 64.0 有 0
83.971 84.415 64.0 一 0
84.961 85.182 64.0 天 0
85.185 85.629 64.0 梦 0
85.633 86.077 62.0 想 0
86.081 86.525 62.0 都 0
86.529 87.644 60.0 实 0
88.605 88.826 60.0 现 0
88.829 89.273 60.0 回 0
89.277 89.721 59.0 忆 0
89.725 90.169 57.0 都 0
90.173 90.841 57.0 成 0
91.068 91.512 55.0 了 0
91.516 92.296 55.0 永 0
92.748 92.968 53.0 远 0
92.972 93.192 52.0 你 0
93.196 93.528 53.0 是 0
93.644 94.088 64.0 否 0
94.091 94.535 64.0 还 0
94.539 94.759 65.0 会 0
94.763 94.983 64.0 记 0
94.987 95.431 64.0 得 0
95.435 96.103 62.0 今 0
96.33 96.55 60.0 天 0
96.554 96.998 64.0 呜 0
97.562 97.782 60.0 如 0
97.786 98.006 62.0 果 0
98.009 98.23 62.0 有 0
98.233 98.453 64.0 一 0
98.457 98.901 64.0 天 0
99.177 99.453 64.0 我 0
99.457 99.901 64.0 - 0
99.904 100.348 67.0 们 0
100.352 100.796 62.0 都 0
100.8 101.916 60.0 发 0
102.898 103.006 59.0 觉 0
103.01 103.23 60.0 原 0
103.234 103.566 60.0 来 0
103.569 104.013 59.0 什 0
104.017 104.461 59.0 么 0
104.465 105.133 57.0 都 0
105.584 105.86 64.0 可 0
105.864 106.588 55.0 以 0
107.077 107.297 53.0 我 0
107.3 107.521 52.0 们 0
107.524 107.968 53.0 是 0
107.972 108.416 57.0 否 0
108.42 108.864 57.0 还 0
108.868 109.312 57.0 会 0
109.539 109.983 62.0 停 0
109.987 110.431 62.0 留 0
110.435 110.543 60.0 在 0
110.547 110.879 62.0 这 0
110.882 111.103 60.0 - 0
111.106 114.013 60.0 里 0
114.836 115.28 67.0 当 0
115.284 115.504 60.0 - 0
115.508 115.728 59.0 你 0
115.732 116.176 60.0 的 0
116.18 116.624 65.0 眼 0
116.627 117.071 67.0 睛 0
117.075 117.519 59.0 眯 0
117.523 118.415 59.0 着 0
118.43 118.874 67.0 笑 0
118.878 119.098 60.0 当 0
119.102 119.322 59.0 你 0
119.326 119.77 60.0 喝 0
119.774 120.218 65.0 可 0
120.221 120.666 67.0 乐 0
120.669 121.113 59.0 当 0
121.117 121.561 59.0 你 0
121.565 122.009 60.0 吵 0
122.117 122.561 55.0 - 0
122.564 122.784 60.0 我 0
122.788 123.008 59.0 想 0
123.012 123.456 60.0 对 0
123.46 123.904 62.0 你 0
124.189 124.41 55.0 好 0
124.413 124.633 60.0 你 0
124.637 124.857 59.0 从 0
124.861 125.081 60.0 来 0
125.085 125.305 62.0 不 0
125.309 125.753 64.0 知 0
125.765 126.209 60.0 道 0
126.212 126.656 60.0 想 0
126.66 127.104 60.0 你 0
127.108 127.552 60.0 想 0
127.606 127.826 60.0 你 0
127.829 128.05 60.0 也 0
128.053 128.273 59.0 能 0
128.277 128.497 60.0 成 0
128.501 128.721 62.0 为 0
128.725 129.169 62.0 嗜 0
129.308 129.752 67.0 好 0
129.755 129.976 60.0 当 0
129.979 130.199 59.0 你 0
130.203 130.647 60.0 说 0
130.651 131.095 65.0 今 0
131.099 131.543 67.0 天 0
131.546 131.991 59.0 的 0
131.994 132.886 59.0 烦 0
132.918 133.362 67.0 恼 0
133.366 133.586 60.0 当 0
133.589 133.81 59.0 你 0
133.813 134.257 60.0 说 0
134.261 134.705 65.0 夜 0
134.709 135.153 67.0 深 0
135.157 135.601 65.0 你 0
135.604 136.048 64.0 睡 0
136.052 136.496 60.0 不 0
136.506 136.95 55.0 着 0
136.954 137.174 60.0 我 0
137.178 137.398 59.0 想 0
137.401 137.845 60.0 对 0
137.849 138.293 62.0 你 0
138.522 138.742 55.0 说 0
138.746 138.966 60.0 却 0
138.97 139.19 59.0 害 0
139.193 139.414 60.0 怕 0
139.417 139.637 62.0 都 0
139.641 140.085 64.0 说 0
140.086 140.53 65.0 错 0
140.534 140.978 62.0 好 0
140.981 141.426 62.0 喜 0
141.429 141.873 60.0 欢 0
142.236 142.68 64.0 你 0
142.684 142.904 62.0 知 0
142.907 143.351 62.0 不 0
143.355 143.575 60.0 知 0
143.579 145.814 60.0 道 0
149.719 149.939 62.0 哦 0
149.943 150.163 62.0 - 0
150.167 150.387 60.0 - 0
150.39 150.834 60.0 噢 0
150.838 151.73 60.0 - 0
158.388 158.608 60.0 也 0
158.612 158.832 62.0 许 0
158.836 159.056 62.0 空 0
159.06 159.28 62.0 虚 0
159.284 159.504 64.0 让 0
159.508 159.728 65.0 我 0
159.731 160.175 65.0 想 0
160.179 160.399 64.0 得 0
160.403 160.847 62.0 太 0
160.851 161.519 60.0 多 0
161.904 162.124 59.0 也 0
162.128 162.572 60.0 许 0
162.576 163.02 67.0 该 0
163.024 163.468 65.0 回 0
163.471 163.692 65.0 到 0
163.695 164.139 65.0 被 0
164.143 164.923 65.0 窝 0
165.018 165.462 65.0 梦 0
165.465 165.685 62.0 里 0
165.689 165.909 60.0 和 0
165.913 166.245 62.0 相 0
166.361 166.805 65.0 遇 0
166.953 167.397 65.0 就 0
167.4 167.621 62.0 毫 0
167.624 167.844 60.0 不 0
167.848 168.292 62.0 犹 0
168.296 168.74 65.0 豫 0
169.176 169.62 64.0 大 0
169.624 170.068 64.0 声 0
170.072 170.516 65.0 的 0
170.52 170.74 64.0 说 0
170.967 171.411 64.0 我 0
171.415 171.859 66.0 要 0
171.863 172.307 67.0 说 0
172.328 172.772 69.0 当 0
172.776 172.996 62.0 你 0
172.999 173.22 61.0 的 0
173.223 173.667 62.0 眼 0
173.671 174.115 69.0 睛 0
174.119 174.563 69.0 眯 0
174.567 175.011 61.0 着 0
175.014 175.458 61.0 笑 0
175.853 176.297 69.0 当 0
176.301 176.521 62.0 你 0
176.524 176.745 61.0 喝 0
176.748 177.192 62.0 可 0
177.196 177.64 69.0 乐 0
177.644 178.088 69.0 当 0
178.092 178.536 61.0 你 0
178.539 178.983 61.0 吵 0
178.987 179.431 62.0 - 0
179.432 179.876 57.0 我 0
179.88 180.1 61.0 想 0
180.104 180.324 61.0 对 0
180.327 180.771 62.0 你 0
180.775 181.219 64.0 好 0
181.437 181.657 57.0 你 0
181.661 181.881 62.0 从 0
181.885 182.105 61.0 来 0
182.108 182.329 62.0 不 0
182.332 182.553 64.0 知 0
182.556 183.0 66.0 道 0
183.066 183.51 62.0 想 0
183.514 183.958 62.0 你 0
183.962 184.406 62.0 想 0
184.409 184.853 62.0 你 0
185.057 185.277 61.0 也 0
185.281 185.501 62.0 - 0
185.505 185.725 61.0 能 0
185.729 185.949 62.0 成 0
185.952 186.173 64.0 为 0
186.176 186.62 64.0 嗜 0
186.636 189.431 66.0 好 0
189.547 191.894 62.0 哦 0
191.924 192.368 69.0 - 0
192.372 192.816 67.0 你 0
192.82 193.264 66.0 睡 0
193.268 193.712 62.0 不 0
193.828 194.272 57.0 着 0
194.276 194.496 61.0 我 0
194.5 194.72 61.0 想 0
194.724 195.168 62.0 对 0
195.172 195.616 66.0 你 0
195.648 195.868 57.0 说 0
195.872 196.092 62.0 却 0
196.096 196.316 61.0 害 0
196.32 196.54 62.0 怕 0
196.544 196.764 64.0 都 0
196.768 197.212 66.0 说 0
197.22 197.664 67.0 错 0
197.668 198.112 64.0 好 0
198.116 198.56 64.0 喜 0
198.564 199.008 62.0 欢 0
199.607 200.051 64.0 你 0
200.055 200.723 64.0 知 0
200.727 200.947 62.0 不 0
200.95 207.215 69.0 知 0
208.049 208.493 57.0 道 0
208.496 208.717 61.0 我 0
208.72 208.94 61.0 想 0
208.944 209.388 62.0 对 0
209.392 209.836 66.0 你 0
210.144 210.364 57.0 好 0
210.367 210.588 62.0 你 0
210.591 210.811 61.0 从 0
210.815 211.035 62.0 来 0
211.039 211.259 64.0 不 0
211.263 211.707 66.0 知 0
211.735 212.179 62.0 道 0
212.182 212.627 62.0 想 0
212.63 213.074 62.0 你 0
213.078 213.522 62.0 想 0
213.601 214.269 66.0 你 0
214.272 215.164 62.0 噢 0
215.272 216.611 62.0 - 0
216.615 217.958 61.0 啦 0
217.958 218.854 61.0 - 0
218.854 220.193 62.0 啦 0
220.197 221.54 67.0 - 0
221.54 222.212 62.0 - 0
222.404 222.848 57.0 我 0
222.852 223.072 61.0 - 0
223.076 223.296 61.0 想 0
223.3 223.744 62.0 对 0
223.747 224.191 64.0 你 0
224.366 224.586 57.0 说 0
224.59 224.81 62.0 却 0
224.814 225.034 61.0 害 0
225.038 225.258 62.0 怕 0
225.261 225.482 64.0 都 0
225.485 225.929 66.0 说 0
225.976 226.42 67.0 错 0
226.424 226.868 64.0 好 0
226.872 227.316 62.0 喜 0
227.319 227.763 62.0 欢 0
228.264 228.708 66.0 你 0
228.712 229.38 64.0 知 0
229.383 229.603 62.0 不 0
229.607 232.29 62.0 知 0
239.573 242.256 62.0 道 0
