30.479 30.686 55.0 谁 0
30.697 30.903 58.0 能 0
30.914 31.12 60.0 够 0
31.131 31.961 63.0 将 0
32.653 32.86 63.0 天 0
32.87 33.077 62.0 上 0
33.088 33.512 62.0 月 0
33.523 33.947 60.0 亮 0
34.392 34.599 60.0 电 0
34.61 34.816 58.0 源 0
34.827 35.249 55.0 关 0
35.262 35.686 55.0 掉 0
37.521 37.727 55.0 它 0
37.738 37.945 58.0 - 0
37.955 38.162 60.0 把 0
38.173 39.001 63.0 你 0
39.695 39.901 63.0 我 0
39.912 40.118 65.0 沉 0
40.129 40.553 67.0 默 0
40.564 40.988 65.0 照 0
41.434 41.64 63.0 得 0
41.651 41.858 62.0 太 0
41.868 42.727 63.0 明 0
44.347 44.771 67.0 了 0
44.782 44.988 65.0 关 0
44.999 45.423 65.0 於 0
45.434 46.293 63.0 爱 0
46.521 46.735 63.0 情 0
46.735 46.945 63.0 我 0
46.956 47.38 62.0 们 0
47.391 47.815 60.0 了 0
48.478 48.684 58.0 解 0
48.695 49.117 55.0 的 0
49.13 49.554 55.0 太 0
51.304 51.51 55.0 少 0
51.521 51.728 58.0 爱 0
51.738 51.945 60.0 了 0
51.956 52.153 62.0 以 0
52.153 52.597 63.0 后 0
52.608 53.032 65.0 - 0
53.043 53.467 63.0 又 0
53.478 53.684 62.0 不 0
53.695 54.119 62.0 觉 0
54.13 54.771 60.0 可 0
55.816 56.675 63.0 靠 0
56.69 57.009 63.0 你 0
57.009 57.545 65.0 和 0
57.556 58.632 67.0 我 0
58.643 59.066 70.0 看 0
59.077 59.284 70.0 着 0
59.295 59.717 67.0 霓 0
59.73 60.371 67.0 虹 0
61.522 61.729 63.0 穿 0
61.739 61.946 63.0 - 0
61.957 62.163 62.0 过 0
62.174 62.381 62.0 了 0
62.392 62.598 60.0 爱 0
62.609 62.816 60.0 情 0
62.826 63.25 58.0 的 0
63.261 63.685 58.0 街 0
65.374 65.798 63.0 道 0
65.808 66.232 65.0 有 0
66.243 66.667 67.0 种 0
66.678 67.102 72.0 不 0
67.113 67.537 65.0 真 0
67.548 67.754 65.0 实 0
67.765 69.711 67.0 味 0
72.222 72.646 72.0 道 0
72.657 73.081 70.0 我 0
73.092 73.516 67.0 们 0
73.527 73.95 67.0 一 0
73.961 74.385 65.0 直 0
74.396 74.603 65.0 忘 0
74.614 75.025 65.0 了 0
75.025 75.255 63.0 要 0
75.266 76.124 63.0 - 0
76.353 76.559 60.0 搭 0
76.57 76.994 60.0 一 0
77.005 77.864 58.0 座 0
79.059 79.266 58.0 桥 0
79.277 79.701 72.0 到 0
79.712 80.135 70.0 对 0
80.146 80.57 67.0 方 0
80.581 81.005 67.0 心 0
81.016 81.44 65.0 底 0
81.451 81.657 65.0 瞧 0
81.668 83.396 67.0 一 0
86.186 86.61 72.0 瞧 0
86.621 87.045 70.0 体 0
87.056 87.48 70.0 会 0
87.491 87.915 67.0 彼 0
87.925 88.349 65.0 此 0
88.36 88.567 65.0 什 0
88.578 89.219 65.0 麽 0
89.23 90.088 63.0 才 0
90.317 90.523 60.0 最 0
90.534 90.958 60.0 需 0
90.969 91.828 58.0 - 0
93.117 93.541 72.0 要 0
93.552 93.975 70.0 别 0
93.986 94.41 67.0 再 0
94.421 94.845 67.0 寂 0
94.856 95.28 65.0 寞 0
95.291 95.497 65.0 的 0
95.508 105.28 67.0 拥 0
107.465 110.932 72.0 抱 0
127.783 127.989 55.0 谁 0
128.0 128.207 58.0 - 0
128.217 128.424 60.0 能 0
128.435 129.511 63.0 够 0
129.957 130.163 63.0 将 0
130.174 130.38 62.0 电 0
130.391 130.815 60.0 台 0
130.826 131.88 60.0 情 0
132.13 132.554 58.0 歌 0
132.565 132.989 55.0 关 0
134.877 135.084 55.0 掉 0
135.095 135.301 58.0 它 0
135.312 135.518 60.0 将 0
135.529 136.171 63.0 你 0
137.051 137.258 63.0 我 0
137.268 137.475 65.0 心 0
137.486 137.91 67.0 事 0
137.921 138.345 65.0 唱 0
138.79 138.997 63.0 得 0
139.008 139.214 62.0 太 0
139.225 140.084 63.0 敏 0
141.746 142.17 67.0 感 0
142.18 142.387 65.0 当 0
142.398 142.822 65.0 两 0
142.833 143.691 63.0 颗 0
143.92 144.126 62.0 心 0
144.137 144.344 63.0 放 0
144.354 144.778 62.0 在 0
144.789 145.648 60.0 感 0
145.659 145.865 60.0 情 0
145.876 146.083 58.0 天 0
146.094 146.517 55.0 秤 0
146.528 146.952 55.0 - 0
148.797 149.004 55.0 上 0
149.015 149.221 58.0 想 0
149.232 149.439 60.0 了 0
149.449 150.091 63.0 太 0
150.102 150.525 65.0 多 0
150.536 150.96 62.0 又 0
150.971 151.178 62.0 做 0
151.189 151.612 62.0 的 0
151.623 152.265 60.0 太 0
153.02 153.879 63.0 少 0
153.89 154.748 65.0 你 0
154.759 155.835 67.0 和 0
155.846 156.27 72.0 我 0
156.281 156.487 70.0 仰 0
156.498 156.922 70.0 望 0
156.933 157.574 67.0 星 0
158.951 159.157 63.0 空 0
159.168 159.375 63.0 走 0
159.385 159.592 62.0 到 0
159.603 159.809 62.0 了 0
159.82 160.027 60.0 爱 0
160.038 160.244 60.0 情 0
160.255 160.679 58.0 的 0
160.69 161.114 58.0 边 0
162.716 163.14 63.0 疆 0
163.151 163.539 65.0 有 0
163.557 164.01 65.0 种 0
164.021 164.445 72.0 不 0
164.455 164.879 70.0 确 0
164.89 165.097 65.0 定 0
165.108 167.053 67.0 预 0
169.564 169.988 72.0 感 0
169.999 170.423 70.0 我 0
170.433 170.857 67.0 们 0
170.868 171.292 67.0 一 0
171.303 171.727 65.0 直 0
171.738 171.944 65.0 忘 0
171.955 172.394 65.0 了 0
172.394 172.596 63.0 要 0
172.607 173.466 63.0 - 0
173.694 173.901 60.0 搭 0
173.912 174.336 60.0 一 0
174.346 175.205 58.0 座 0
176.253 176.459 58.0 桥 0
176.47 176.894 72.0 到 0
176.905 177.329 70.0 对 0
177.34 177.764 67.0 方 0
177.775 178.199 67.0 心 0
178.209 178.633 65.0 底 0
178.644 178.851 65.0 瞧 0
178.862 180.59 67.0 一 0
183.46 183.884 72.0 瞧 0
183.895 184.319 70.0 体 0
184.329 184.753 67.0 会 0
184.764 185.188 67.0 彼 0
185.199 185.623 65.0 此 0
185.634 185.84 65.0 什 0
185.851 186.492 65.0 麽 0
186.503 187.362 63.0 才 0
187.793 188.228 58.0 最 0
188.242 189.101 58.0 需 0
190.538 190.962 72.0 要 0
190.973 191.397 70.0 别 0
191.408 191.832 67.0 再 0
191.843 192.267 67.0 寂 0
192.278 192.701 65.0 寞 0
192.712 192.919 65.0 的 0
192.93 194.658 67.0 拥 0
197.391 197.815 72.0 抱 0
197.826 198.25 70.0 我 0
198.26 198.684 70.0 们 0
198.695 199.119 67.0 一 0
199.13 199.554 65.0 直 0
199.565 199.771 65.0 忘 0
199.782 200.424 65.0 了 0
200.434 201.293 63.0 要 0
201.521 201.728 58.0 搭 0
201.739 202.163 70.0 一 0
202.174 202.815 70.0 座 0
202.826 203.25 67.0 桥 0
204.134 204.341 58.0 到 0
204.351 204.775 72.0 - 0
204.786 205.21 70.0 对 0
205.221 205.645 67.0 方 0
205.656 206.08 67.0 心 0
206.091 206.514 67.0 底 0
206.525 206.732 65.0 瞧 0
206.743 208.471 67.0 一 0
211.366 211.79 72.0 瞧 0
211.801 212.225 70.0 体 0
212.236 212.659 67.0 会 0
212.67 213.094 67.0 彼 0
213.105 213.529 65.0 此 0
213.54 213.746 65.0 什 0
213.757 214.399 65.0 麽 0
214.409 215.268 63.0 才 0
215.696 216.138 58.0 最 0
216.149 217.007 58.0 需 0
218.333 218.757 72.0 要 0
218.768 219.192 70.0 别 0
219.203 219.627 67.0 再 0
219.638 220.062 67.0 寂 0
220.073 220.497 65.0 寞 0
220.507 220.714 65.0 的 0
220.725 223.975 67.0 拥 0
