18.245 18.657 65.0 我 0
18.807 19.03 65.0 一 0
19.088 19.305 63.0 路 0
19.369 19.804 67.0 看 0
19.931 20.408 67.0 过 1
20.511 20.612 65.0 千 0
20.791 20.884 65.0 山 0
21.072 21.312 65.0 和 0
21.353 21.589 63.0 万 0
21.634 22.606 67.0 水 1
22.824 23.247 65.0 我 0
23.386 23.583 65.0 的 0
23.666 23.884 63.0 脚 0
23.947 24.386 67.0 踏 0
24.509 24.991 67.0 遍 1
25.043 25.139 65.0 天 0
25.324 25.419 65.0 南 0
25.605 25.851 65.0 和 0
25.886 26.108 63.0 地 0
26.167 27.109 67.0 北 1
27.277 27.468 65.0 日 0
27.558 27.763 67.0 晒 0
27.839 28.078 65.0 或 0
28.12 28.364 63.0 是 0
28.401 28.682 58.0 风 0
28.682 28.91 60.0 - 0
28.963 29.524 58.0 吹 1
29.565 30.051 67.0 我 0
30.127 30.366 65.0 都 0
30.408 30.653 63.0 无 0
30.689 30.97 58.0 所 0
30.97 31.198 60.0 - 0
31.251 31.813 58.0 谓 1
31.836 32.091 65.0 路 0
32.116 32.317 67.0 边 0
32.397 32.644 65.0 那 0
32.678 32.939 63.0 朵 0
32.959 33.24 58.0 蔷 0
33.24 33.483 60.0 - 0
33.521 34.083 58.0 薇 1
34.085 34.34 65.0 鲜 0
34.366 34.566 65.0 红 0
34.647 34.893 65.0 的 0
34.927 35.188 63.0 纯 0
35.208 35.733 67.0 粹 1
36.323 36.752 65.0 关 0
36.885 37.114 65.0 掉 0
37.166 37.39 63.0 了 0
37.447 37.825 67.0 手 0
38.008 38.51 67.0 机 1
38.529 38.625 65.0 管 0
38.81 38.904 65.0 他 0
39.091 39.325 65.0 谁 0
39.372 39.589 63.0 是 0
39.653 40.642 67.0 谁 1
40.827 41.236 65.0 不 0
41.389 41.616 65.0 要 0
41.67 41.887 63.0 去 0
41.951 42.35 67.0 理 0
42.513 43.007 67.0 会 0
43.074 43.182 65.0 是 0
43.355 43.46 65.0 是 0
43.636 43.876 65.0 与 0
43.917 44.149 63.0 非 0
44.198 45.191 67.0 非 1
45.273 45.52 65.0 天 0
45.554 45.775 67.0 亮 0
45.834 46.079 65.0 走 0
46.115 46.372 63.0 到 0
46.396 46.677 58.0 天 0
46.677 46.958 60.0 - 0
46.958 47.52 58.0 黑 1
47.523 47.77 65.0 从 0
47.804 48.025 67.0 - 0
48.085 48.329 65.0 不 0
48.366 48.622 63.0 觉 0
48.646 48.927 58.0 疲 0
48.927 49.208 60.0 - 0
49.208 49.77 58.0 惫 1
49.775 50.017 65.0 黄 0
50.056 50.275 67.0 昏 0
50.337 50.596 65.0 中 0
50.618 50.854 63.0 的 0
50.899 51.18 58.0 堡 0
51.18 51.438 60.0 - 0
51.46 53.085 58.0 垒 1
53.133 53.393 63.0 如 0
53.414 53.634 65.0 果 0
53.695 53.938 67.0 迎 0
53.976 54.228 70.0 着 0
54.256 55.742 72.0 风 1
55.828 56.07 67.0 就 0
56.109 57.352 65.0 飞 1
57.617 57.842 63.0 俯 0
57.898 58.117 65.0 瞰 0
58.179 58.391 67.0 这 0
58.46 58.722 72.0 世 0
58.741 59.022 68.0 界 0
59.022 59.52 70.0 - 0
60.145 60.39 58.0 有 0
60.426 60.665 65.0 多 0
60.707 61.119 63.0 美 0
61.128 61.949 60.0 - 1
62.155 62.376 58.0 让 0
62.436 62.62 60.0 烦 0
62.716 63.213 70.0 恼 0
63.278 63.76 68.0 都 0
63.84 64.073 67.0 灰 0
64.121 64.617 68.0 飞 1
64.63 64.859 67.0 别 0
64.911 65.373 68.0 去 0
65.472 65.704 67.0 理 0
65.753 66.431 68.0 会 0
66.596 66.838 67.0 自 0
66.877 67.104 65.0 我 0
67.158 67.392 63.0 藉 0
67.439 68.901 67.0 慰 1
71.094 71.347 63.0 如 0
71.375 71.605 65.0 果 0
71.656 71.89 67.0 还 0
71.937 72.185 70.0 有 0
72.218 73.27 72.0 梦 1
73.855 74.089 67.0 就 0
74.136 75.249 65.0 追 1
75.535 75.731 63.0 至 0
75.816 76.031 65.0 少 0
76.097 76.327 67.0 不 0
76.377 76.64 72.0 会 0
76.658 76.939 68.0 遗 0
76.939 77.382 70.0 - 0
77.501 78.237 70.0 憾 0
78.344 78.498 65.0 后 0
78.625 79.158 63.0 悔 0
79.186 79.968 60.0 - 1
80.058 80.317 58.0 迎 0
80.339 80.557 60.0 着 0
80.62 81.108 68.0 光 0
81.182 81.463 68.0 勇 0
81.463 81.698 67.0 - 0
81.744 81.948 67.0 敢 0
82.024 82.503 68.0 追 1
82.609 82.854 67.0 远 0
82.89 83.367 68.0 走 0
83.452 83.706 67.0 高 0
83.733 84.197 68.0 飞 0
84.295 84.533 67.0 说 0
84.576 84.827 65.0 走 0
84.856 85.119 63.0 就 0
85.137 85.348 60.0 走 0
85.418 85.661 58.0 一 0
85.699 86.733 63.0 回 1
112.732 113.144 65.0 翻 0
113.294 113.517 65.0 过 0
113.575 113.792 63.0 了 0
113.856 114.291 67.0 山 0
114.418 114.895 67.0 坡 1
114.895 114.996 65.0 又 0
115.176 115.268 65.0 踏 0
115.456 115.696 65.0 过 0
115.737 115.973 63.0 了 0
116.018 116.99 67.0 水 1
117.124 117.548 65.0 跟 0
117.686 117.883 65.0 心 0
117.967 118.184 63.0 走 0
118.247 118.686 67.0 别 0
118.809 119.291 67.0 管 1
119.412 119.508 65.0 东 0
119.693 119.788 65.0 南 0
119.974 120.22 65.0 和 0
120.255 120.477 63.0 西 0
120.536 121.478 67.0 北 1
121.588 121.779 65.0 前 0
121.869 122.074 67.0 行 0
122.15 122.389 65.0 或 0
122.431 122.676 63.0 是 0
122.712 122.993 58.0 后 0
122.993 123.221 60.0 - 0
123.274 123.835 58.0 退 1
123.892 124.378 67.0 靠 0
124.454 124.693 65.0 直 0
124.735 124.98 63.0 觉 0
125.016 125.297 58.0 发 0
125.297 125.525 60.0 - 0
125.578 126.14 58.0 挥 1
126.226 126.481 65.0 日 0
126.506 126.707 67.0 落 0
126.787 127.034 65.0 下 0
127.068 127.329 63.0 的 0
127.349 127.63 58.0 余 0
127.63 127.874 60.0 - 0
127.911 128.473 58.0 晖 1
128.473 128.728 65.0 有 0
128.754 128.954 67.0 一 0
129.035 129.282 65.0 点 0
129.315 129.576 63.0 凄 0
129.596 130.121 67.0 美 1
130.704 131.134 65.0 拥 0
131.266 131.495 65.0 挤 0
131.547 131.771 63.0 的 0
131.828 132.206 67.0 城 0
132.389 132.891 67.0 市 1
132.929 133.025 65.0 布 0
133.21 133.304 65.0 满 0
133.491 133.725 65.0 了 0
133.772 133.99 63.0 虚 0
134.053 135.042 67.0 伪 1
135.172 135.581 65.0 何 0
135.734 135.961 65.0 必 0
136.015 136.232 63.0 去 0
136.296 136.695 67.0 辩 0
136.858 137.352 67.0 解 1
137.416 137.523 65.0 谁 0
137.696 137.801 65.0 错 0
137.977 138.217 65.0 或 0
138.258 138.49 63.0 是 0
138.539 139.532 67.0 对 1
139.646 139.893 65.0 就 0
139.927 140.148 67.0 让 0
140.208 140.452 65.0 一 0
140.488 140.745 63.0 切 0
140.769 141.05 58.0 回 0
141.05 141.331 60.0 - 0
141.331 141.893 58.0 归 1
141.922 142.169 65.0 童 0
142.203 142.424 67.0 - 0
142.484 142.728 65.0 真 0
142.765 143.021 63.0 的 0
143.046 143.326 58.0 滋 0
143.326 143.607 60.0 - 0
143.607 144.169 58.0 味 1
144.17 144.412 65.0 那 0
144.451 144.67 67.0 自 0
144.732 144.991 65.0 由 0
145.013 145.249 63.0 的 0
145.294 145.575 58.0 感 0
145.575 145.833 60.0 - 0
145.856 147.48 58.0 觉 1
147.559 147.819 63.0 如 0
147.84 148.06 65.0 果 0
148.121 148.364 67.0 迎 0
148.402 148.654 70.0 着 0
148.683 150.168 72.0 风 1
150.235 150.477 67.0 就 0
150.516 151.759 65.0 飞 1
151.875 152.1 63.0 俯 0
152.156 152.375 65.0 瞰 0
152.437 152.649 67.0 这 0
152.718 152.98 72.0 世 0
152.999 153.28 68.0 界 0
153.28 153.778 70.0 - 0
154.403 154.648 58.0 有 0
154.684 154.923 65.0 多 0
154.965 155.377 63.0 美 0
155.387 156.207 60.0 - 1
156.472 156.693 58.0 让 0
156.753 156.938 60.0 烦 0
157.033 157.53 70.0 恼 0
157.595 158.077 68.0 都 0
158.157 158.39 67.0 灰 0
158.438 158.934 68.0 飞 1
159.015 159.244 67.0 别 0
159.296 159.758 68.0 去 0
159.857 160.089 67.0 理 0
160.138 160.816 68.0 会 0
160.981 161.223 67.0 自 0
161.262 161.489 65.0 我 0
161.543 161.777 63.0 藉 0
161.824 163.286 67.0 慰 1
165.477 165.73 63.0 如 0
165.758 165.988 65.0 果 0
166.039 166.273 67.0 还 0
166.32 166.568 70.0 有 0
166.601 167.653 72.0 梦 1
168.291 168.526 67.0 就 0
168.572 169.685 65.0 追 1
169.957 170.153 63.0 至 0
170.238 170.453 65.0 少 0
170.519 170.749 67.0 不 0
170.8 171.062 72.0 会 0
171.08 171.361 68.0 遗 0
171.361 171.804 70.0 - 0
171.923 172.659 70.0 憾 0
172.766 172.92 65.0 后 0
173.047 173.58 63.0 悔 0
173.609 174.39 60.0 - 1
174.464 174.723 58.0 迎 0
174.745 174.963 60.0 着 0
175.026 175.514 70.0 光 0
175.588 175.869 68.0 勇 0
175.869 176.104 67.0 - 0
176.15 176.354 67.0 敢 0
176.431 176.909 68.0 追 1
176.914 177.159 67.0 远 0
177.195 177.672 68.0 走 0
177.757 178.011 67.0 高 0
178.038 178.503 68.0 飞 0
178.6 178.838 67.0 说 0
178.881 179.132 65.0 走 0
179.162 179.424 63.0 就 0
179.442 179.653 60.0 走 0
179.723 179.966 58.0 一 0
180.004 181.038 63.0 回 1
196.981 197.241 63.0 如 0
197.262 197.482 65.0 果 0
197.543 197.786 67.0 迎 0
197.824 198.077 70.0 着 0
198.105 199.59 72.0 风 1
199.752 199.994 67.0 就 0
200.033 201.276 65.0 飞 1
201.388 201.612 63.0 俯 0
201.668 201.887 65.0 瞰 0
201.949 202.161 67.0 这 0
202.23 202.492 72.0 世 0
202.511 202.792 68.0 界 0
202.792 203.291 70.0 - 0
203.916 204.16 58.0 有 0
204.197 204.435 65.0 多 0
204.477 204.889 63.0 美 0
204.899 205.719 60.0 - 1
205.992 206.213 58.0 让 0
206.273 206.458 60.0 烦 0
206.554 207.05 70.0 恼 0
207.116 207.598 68.0 都 0
207.677 207.91 67.0 灰 0
207.958 208.454 68.0 飞 1
208.482 208.711 67.0 别 0
208.763 209.225 68.0 去 0
209.325 209.556 67.0 理 0
209.606 210.283 68.0 会 0
210.448 210.691 67.0 自 0
210.729 210.956 65.0 我 0
211.01 211.244 63.0 藉 0
211.291 212.753 67.0 慰 1
214.938 215.19 63.0 如 0
215.219 215.448 65.0 果 0
215.499 215.734 67.0 还 0
215.78 216.029 70.0 有 0
216.061 217.113 72.0 梦 1
217.779 218.013 67.0 就 0
218.06 219.173 65.0 追 1
219.466 219.663 63.0 至 0
219.747 219.962 65.0 少 0
220.028 220.258 67.0 不 0
220.309 220.571 72.0 会 0
220.59 220.871 68.0 遗 0
220.871 221.313 70.0 - 0
221.432 222.169 70.0 憾 1
222.264 222.419 65.0 后 0
222.545 223.079 63.0 悔 0
223.107 223.889 60.0 - 1
223.965 224.224 58.0 迎 0
224.246 224.464 60.0 着 0
224.527 225.015 70.0 光 0
225.089 225.605 68.0 勇 0
225.651 225.856 67.0 敢 0
225.932 226.41 68.0 追 1
226.447 226.691 67.0 远 0
226.727 227.204 68.0 走 0
227.289 227.543 67.0 高 0
227.57 228.035 68.0 飞 0
228.132 228.371 67.0 说 0
228.413 228.664 65.0 走 0
228.694 228.956 63.0 就 0
228.975 229.185 60.0 走 0
229.256 229.498 58.0 一 0
229.536 230.57 63.0 回 1
