32.416 32.81 57.0 Ba 0
33.051 33.367 57.0 by 0
34.005 34.161 57.0 为 0
34.323 34.558 57.0 了 0
34.64 34.797 56.0 这 0
34.958 35.353 56.0 次 0
35.594 36.068 64.0 约 0
36.229 37.101 56.0 会 1
37.597 37.832 54.0 昨 0
37.914 38.15 57.0 夜 0
38.232 38.468 54.0 我 0
38.55 38.706 57.0 无 0
38.868 39.342 57.0 法 0
39.821 40.136 61.0 安 0
40.139 40.454 59.0 - 0
40.457 40.772 59.0 然 0
40.775 41.249 57.0 入 0
41.41 42.281 59.0 睡 1
42.68 42.837 57.0 准 0
42.998 43.154 57.0 备 0
43.316 43.631 57.0 了 0
44.587 44.902 57.0 十 0
44.905 45.061 56.0 二 0
45.223 45.617 56.0 朵 0
45.858 46.332 64.0 玫 0
46.414 47.286 56.0 瑰 1
47.698 47.934 54.0 每 0
48.016 48.331 57.0 - 0
48.334 48.569 54.0 一 0
48.651 48.887 57.0 朵 0
48.969 49.284 57.0 都 0
49.287 49.523 54.0 像 0
49.605 49.841 54.0 - 0
49.923 50.238 61.0 你 0
50.32 50.794 61.0 那 0
50.876 51.35 57.0 样 0
51.353 51.986 61.0 美 1
52.573 53.127 66.0 你 0
53.209 53.365 64.0 的 0
53.526 54.477 64.0 美 0
54.798 54.954 62.0 无 0
55.115 55.351 62.0 声 0
55.433 55.987 64.0 无 0
56.069 57.178 61.0 息 1
57.259 57.415 54.0 不 0
57.577 57.812 54.0 知 0
57.895 58.448 57.0 不 0
58.53 58.607 54.0 觉 0
59.166 59.56 57.0 让 0
59.801 60.275 54.0 我 0
60.437 60.99 54.0 追 0
61.073 61.388 54.0 随 0
61.39 61.944 52.0 - 1
63.012 63.327 57.0 Ba 0
63.648 63.963 57.0 by 0
64.601 64.837 59.0 这 0
64.919 65.155 61.0 次 0
65.237 65.631 61.0 动 0
65.872 66.188 61.0 了 0
66.19 67.141 61.0 情 1
67.506 67.742 64.0 彷 0
67.824 68.06 64.0 徨 0
68.142 68.298 62.0 失 0
68.46 68.696 62.0 措 0
68.778 68.934 64.0 我 0
69.095 69.411 61.0 不 0
69.413 69.967 61.0 后 0
69.969 70.682 59.0 悔 0
70.684 71.635 57.0 - 1
72.63 72.866 64.0 你 0
72.948 73.184 66.0 在 0
73.266 73.422 64.0 我 0
73.584 73.74 64.0 眼 0
73.901 74.137 64.0 中 0
74.219 74.693 66.0 是 0
74.696 75.17 64.0 最 0
75.173 75.806 61.0 美 0
75.808 76.759 64.0 - 1
77.033 77.269 64.0 每 0
77.351 77.587 64.0 一 0
77.669 77.905 64.0 个 0
77.987 78.461 66.0 微 0
78.463 78.858 64.0 - 1
78.923 79.159 64.0 都 0
79.241 79.794 61.0 让 0
79.877 80.192 64.0 我 0
80.194 80.748 59.0 - 0
80.83 82.575 57.0 醉 1
83.062 83.298 62.0 你 0
83.38 83.775 62.0 的 0
84.016 85.126 69.0 坏 0
85.605 85.841 62.0 你 0
85.923 86.397 62.0 的 0
86.558 87.509 57.0 好 1
87.791 88.027 52.0 你 0
88.109 88.345 54.0 发 0
88.427 88.583 57.0 脾 0
88.745 88.901 57.0 气 0
89.063 89.298 57.0 时 0
89.38 89.696 57.0 翘 0
89.698 89.934 59.0 - 0
90.016 90.172 61.0 的 0
90.334 91.523 64.0 嘴 0
91.605 92.715 69.0 - 1
92.812 92.968 64.0 你 0
93.13 93.445 66.0 在 0
93.448 93.604 64.0 我 0
93.766 94.081 66.0 心 0
94.083 94.319 64.0 中 0
94.401 94.637 66.0 是 0
94.719 95.193 66.0 最 0
95.355 95.988 66.0 美 0
95.99 97.02 64.0 - 1
97.245 97.64 64.0 只 0
97.881 98.117 64.0 有 0
98.199 98.434 66.0 相 0
98.517 98.752 64.0 爱 0
98.834 99.07 64.0 的 0
99.152 99.388 64.0 人 0
99.47 99.785 61.0 最 0
99.788 100.103 59.0 - 0
100.106 100.341 57.0 能 0
100.423 102.645 61.0 会 1
103.36 103.596 57.0 你 0
103.678 104.073 57.0 明 0
104.314 105.265 64.0 了 0
105.903 106.139 65.0 我 0
106.221 106.615 65.0 明 0
106.856 107.489 65.0 了 1
107.87 108.105 57.0 这 0
108.187 108.503 52.0 种 0
108.505 108.741 54.0 美 0
108.823 109.218 57.0 妙 0
109.459 109.933 57.0 的 0
110.094 110.727 59.0 滋 0
110.73 113.19 57.0 味 1
144.488 144.882 57.0 Ba 0
145.123 145.439 57.0 by 0
146.077 146.233 57.0 记 0
146.395 146.63 57.0 得 0
146.712 146.869 56.0 那 0
147.03 147.584 56.0 次 0
147.666 148.14 64.0 约 0
148.301 149.173 56.0 会 1
149.494 149.729 54.0 那 0
149.811 150.047 57.0 夜 0
150.129 150.365 54.0 我 0
150.447 150.603 57.0 想 0
150.765 151.08 57.0 你 0
151.083 151.398 57.0 - 0
151.4 151.716 54.0 想 0
151.731 152.046 61.0 的 1
152.049 152.364 59.0 无 0
152.367 152.682 59.0 - 0
152.685 153.159 57.0 法 0
153.32 154.191 59.0 睡 1
154.671 154.828 57.0 送 0
154.989 155.145 57.0 你 0
155.307 155.622 57.0 的 0
156.578 156.893 57.0 十 0
156.896 157.052 56.0 二 0
157.214 157.608 56.0 朵 0
157.849 158.323 64.0 玫 0
158.405 159.277 56.0 瑰 1
159.656 159.892 54.0 是 0
159.974 160.289 57.0 - 0
160.292 160.527 54.0 否 0
160.57 160.805 57.0 还 0
160.927 161.242 57.0 有 0
161.881 162.196 59.0 爱 0
162.278 162.752 59.0 - 0
162.834 163.388 57.0 的 0
163.39 164.023 61.0 香 1
164.407 164.961 66.0 你 0
165.043 165.199 64.0 的 0
165.36 166.311 64.0 美 0
166.632 166.788 62.0 无 0
166.949 167.185 62.0 声 0
167.267 167.821 64.0 无 0
167.903 169.012 61.0 息 1
169.146 169.302 54.0 不 0
169.464 169.699 54.0 知 0
169.782 170.335 57.0 - 0
170.417 170.494 54.0 不 0
171.053 171.447 57.0 让 0
171.688 172.162 54.0 我 0
172.324 172.877 54.0 追 0
172.96 173.275 54.0 - 0
173.277 173.831 52.0 随 1
174.976 175.291 57.0 Ba 0
175.612 175.927 57.0 by 0
176.565 176.801 59.0 这 0
176.883 177.119 61.0 次 0
177.201 177.596 61.0 动 0
177.837 178.152 61.0 了 0
178.154 179.105 61.0 情 1
179.457 179.693 64.0 彷 0
179.775 180.011 64.0 徨 0
180.093 180.249 62.0 措 0
180.411 180.647 62.0 - 0
180.729 180.885 64.0 不 0
181.046 181.362 61.0 - 0
181.364 181.918 61.0 后 0
181.92 182.633 59.0 悔 0
182.635 183.586 57.0 - 1
184.363 184.599 64.0 你 0
184.681 184.917 66.0 在 0
184.999 185.155 64.0 我 0
185.317 185.473 64.0 眼 0
185.634 185.87 64.0 中 0
185.952 186.426 66.0 是 0
186.429 186.903 64.0 - 0
186.906 187.539 61.0 最 0
187.541 188.492 64.0 美 1
188.997 189.233 64.0 每 0
189.315 189.551 64.0 一 0
189.633 189.869 64.0 个 0
189.951 190.425 66.0 微 0
190.427 190.822 64.0 笑 1
190.826 191.062 64.0 都 0
191.144 191.697 61.0 让 0
191.78 192.095 64.0 我 0
192.097 192.651 59.0 - 0
192.733 194.478 57.0 醉 1
195.032 195.267 62.0 你 0
195.349 195.744 62.0 的 0
195.985 197.095 69.0 坏 0
197.574 197.81 62.0 你 0
197.892 198.366 62.0 的 0
198.527 199.478 57.0 好 1
199.687 199.923 52.0 你 0
200.005 200.241 54.0 发 0
200.323 200.479 57.0 脾 0
200.641 200.797 57.0 气 0
200.959 201.194 57.0 时 0
201.276 201.592 57.0 翘 0
201.594 201.83 59.0 起 0
201.912 202.068 61.0 的 0
202.23 203.419 64.0 嘴 0
203.501 204.611 69.0 - 1
204.772 204.928 64.0 你 0
205.09 205.405 66.0 在 0
205.408 205.564 64.0 我 0
205.726 206.041 66.0 心 0
206.043 206.279 64.0 中 0
206.361 206.597 66.0 是 0
206.679 207.153 66.0 最 0
207.315 207.868 66.0 美 0
207.871 208.98 64.0 - 1
209.557 209.793 64.0 只 0
209.875 210.111 64.0 有 0
210.193 210.428 66.0 相 0
210.511 210.746 64.0 爱 0
210.828 211.064 64.0 的 0
211.146 211.382 64.0 人 0
211.464 211.779 61.0 最 0
211.782 212.097 59.0 - 0
212.1 212.335 57.0 能 0
212.417 214.639 61.0 会 1
215.365 215.601 57.0 你 0
215.683 216.078 57.0 明 0
216.319 217.27 64.0 了 0
217.908 218.144 65.0 我 0
218.226 218.62 65.0 明 0
218.861 219.494 65.0 了 1
219.748 219.983 57.0 这 0
220.065 220.381 52.0 种 0
220.383 220.619 54.0 美 0
220.701 221.096 57.0 妙 0
221.337 221.811 57.0 的 0
221.972 222.605 59.0 滋 0
222.608 225.068 57.0 味 1
226.202 226.437 60.0 走 0
226.52 226.676 60.0 街 0
226.837 226.994 60.0 中 0
227.155 227.391 60.0 - 0
227.473 227.709 60.0 人 0
227.791 228.106 64.0 们 0
228.109 228.344 62.0 都 0
228.426 228.821 62.0 在 0
229.062 229.615 62.0 看 0
229.698 230.013 57.0 我 0
230.015 230.648 55.0 - 1
231.093 231.329 60.0 羡 0
231.411 231.647 60.0 - 0
231.729 231.885 60.0 慕 0
232.047 232.203 60.0 我 0
232.365 232.521 60.0 身 0
232.682 232.998 60.0 旁 0
233.0 233.236 64.0 有 0
233.318 233.713 64.0 - 0
233.954 234.428 62.0 依 0
234.589 235.461 64.0 - 1
236.194 236.43 65.0 陷 0
236.512 236.748 65.0 入 0
236.83 237.066 65.0 爱 0
237.148 237.383 61.0 情 0
237.465 237.701 61.0 中 1
237.903 238.139 61.0 我 0
238.221 238.695 60.0 不 0
238.857 239.092 60.0 知 0
239.174 239.648 65.0 疲 0
239.81 240.681 65.0 惫 1
241.446 241.682 67.0 为 0
241.764 241.999 67.0 了 0
242.082 242.317 67.0 伴 0
242.399 242.635 67.0 你 0
242.717 243.032 67.0 左 0
243.035 243.271 65.0 右 0
243.353 243.827 64.0 与 0
243.988 244.462 64.0 你 0
244.624 245.257 66.0 相 1
245.26 245.416 64.0 你 0
245.506 245.742 64.0 - 0
245.824 246.06 66.0 在 0
246.142 246.298 64.0 我 0
246.46 246.616 64.0 眼 0
246.778 247.013 64.0 中 0
247.095 247.569 66.0 是 0
247.572 248.046 64.0 - 0
248.049 248.682 61.0 最 0
248.684 249.635 64.0 美 1
249.921 250.157 64.0 每 0
250.239 250.475 64.0 一 0
250.557 250.793 64.0 个 0
250.875 251.349 66.0 微 0
251.352 251.746 64.0 - 1
251.879 252.115 64.0 都 0
252.197 252.751 61.0 让 0
252.833 253.148 64.0 我 0
253.15 253.704 59.0 沉 0
253.786 255.531 57.0 醉 1
256.026 256.261 62.0 你 0
256.343 256.738 62.0 的 0
256.979 258.089 69.0 坏 0
258.568 258.804 62.0 你 0
258.886 259.36 62.0 的 0
259.521 260.472 57.0 好 1
260.703 260.938 52.0 你 0
261.02 261.256 54.0 发 0
261.338 261.494 57.0 脾 0
261.656 261.812 57.0 气 0
261.974 262.209 57.0 时 0
262.292 262.607 57.0 翘 0
262.609 262.845 59.0 - 0
262.927 263.083 61.0 的 0
263.245 264.434 64.0 嘴 0
264.516 265.626 69.0 - 1
265.804 265.961 64.0 你 0
266.122 266.437 66.0 在 0
266.44 266.596 64.0 我 0
266.758 267.073 66.0 心 0
267.075 267.311 64.0 中 0
267.393 267.629 66.0 是 0
267.711 268.185 66.0 最 0
268.347 268.9 66.0 美 0
268.903 270.012 64.0 - 1
270.681 270.917 64.0 只 0
270.999 271.235 64.0 有 0
271.317 271.553 66.0 相 0
271.635 271.87 64.0 爱 0
271.952 272.188 64.0 的 0
272.27 272.506 64.0 人 0
272.588 272.903 61.0 最 0
272.906 273.221 59.0 能 0
273.224 273.459 57.0 体 0
273.541 275.763 61.0 会 1
276.372 276.607 57.0 你 0
276.689 277.084 57.0 明 0
277.325 278.276 64.0 了 0
278.914 279.15 65.0 我 0
279.232 279.626 65.0 明 0
279.867 280.5 65.0 了 1
280.721 280.956 57.0 这 0
281.039 281.354 52.0 - 0
281.356 281.592 54.0 种 0
281.674 282.069 57.0 美 0
282.31 282.784 57.0 的 0
282.945 283.578 59.0 滋 0
283.581 286.041 57.0 - 0
