11.487 11.889 53.0 我 0
11.892 12.294 55.0 - 0
12.298 12.7 57.0 为 0
12.703 13.105 60.0 了 0
13.108 14.321 62.0 什 0
14.668 15.07 62.0 么 0
15.073 15.475 60.0 这 0
15.479 15.881 57.0 样 0
15.884 16.286 62.0 的 0
16.29 16.59 60.0 爱 0
16.695 17.604 60.0 你 0
17.926 18.328 53.0 你 0
18.332 18.734 55.0 知 0
18.737 19.139 57.0 道 0
19.142 19.544 60.0 什 0
19.548 20.558 62.0 么 0
21.096 21.498 62.0 是 0
21.502 21.904 60.0 - 0
21.907 22.309 57.0 我 0
22.313 22.715 62.0 渴 0
22.718 22.917 60.0 望 0
23.123 23.931 60.0 - 0
24.397 24.799 53.0 的 0
24.802 25.204 55.0 你 0
25.207 25.61 57.0 了 0
25.613 26.015 60.0 解 0
26.018 27.231 62.0 我 0
27.308 27.507 60.0 吗 0
27.713 28.115 62.0 什 0
28.118 28.52 64.0 么 0
28.524 28.926 65.0 是 0
28.929 29.331 67.0 我 0
29.335 29.737 65.0 最 0
29.74 30.041 57.0 不 0
30.145 30.547 64.0 能 0
30.551 30.75 55.0 失 0
30.753 31.257 57.0 去 0
31.266 31.668 65.0 的 0
31.671 32.073 62.0 除 0
32.076 32.478 53.0 了 0
32.482 32.681 62.0 你 0
32.684 33.087 60.0 的 0
33.09 33.695 62.0 拥 0
33.931 34.13 60.0 抱 0
34.133 34.535 62.0 我 0
34.539 34.816 60.0 什 0
34.84 35.346 62.0 么 0
35.35 35.752 64.0 都 0
35.755 36.968 65.0 能 0
36.971 37.171 67.0 放 0
37.174 38.285 67.0 掉 0
38.589 38.788 60.0 谁 0
38.792 38.991 60.0 - 0
38.994 39.295 69.0 也 0
39.4 39.498 69.0 伤 0
39.602 40.004 69.0 不 0
40.008 40.613 60.0 到 0
40.646 40.947 67.0 我 0
41.051 41.251 65.0 除 0
41.254 41.656 67.0 非 0
41.659 42.163 72.0 是 0
42.268 42.67 70.0 你 0
42.673 42.771 62.0 放 0
42.876 43.278 62.0 开 0
43.281 43.683 65.0 我 0
43.686 44.291 64.0 的 0
45.167 45.367 60.0 手 0
45.37 45.569 60.0 谁 0
45.573 45.873 69.0 也 0
45.978 46.178 69.0 不 0
46.181 46.583 69.0 能 0
46.586 47.09 60.0 爱 0
47.16 47.562 67.0 你 0
47.566 47.765 65.0 我 0
47.769 48.171 67.0 多 0
48.174 48.779 72.0 想 0
48.782 49.184 70.0 可 0
49.187 49.387 62.0 以 0
49.39 49.691 62.0 这 0
49.796 50.096 69.0 么 0
50.201 50.299 67.0 执 0
50.404 51.312 67.0 - 0
52.034 52.335 60.0 着 0
52.44 52.538 62.0 你 0
52.642 52.943 62.0 是 0
53.048 53.146 62.0 否 0
53.25 53.45 62.0 还 0
53.453 53.653 60.0 记 0
53.66 53.961 64.0 得 0
54.065 54.163 64.0 你 0
54.268 54.67 64.0 笑 0
54.673 54.771 64.0 着 0
54.876 55.075 64.0 问 0
55.079 55.278 62.0 起 0
55.295 55.392 65.0 我 0
55.396 55.697 65.0 幸 0
56.105 56.203 67.0 福 0
56.207 56.609 67.0 是 0
56.916 57.825 69.0 什 0
57.974 58.174 62.0 么 0
58.177 58.376 64.0 除 0
58.38 58.579 65.0 了 0
58.582 58.782 64.0 你 0
58.785 58.984 62.0 的 0
58.988 59.187 65.0 拥 0
59.307 59.506 64.0 抱 0
59.509 59.709 62.0 我 0
59.712 59.911 65.0 什 0
59.915 60.114 64.0 么 0
60.117 60.925 62.0 都 0
60.928 61.33 64.0 能 0
61.334 61.533 65.0 放 0
61.739 64.168 65.0 - 0
76.349 76.751 53.0 过 0
76.754 77.156 55.0 美 0
77.159 77.561 57.0 丽 0
77.565 77.967 60.0 的 0
77.97 79.183 62.0 橱 0
79.555 79.957 62.0 窗 0
79.96 80.362 60.0 忧 0
80.366 80.768 57.0 伤 0
80.771 81.173 62.0 的 0
81.176 81.477 60.0 木 0
81.582 82.491 60.0 - 0
82.832 83.234 53.0 偶 0
83.237 83.64 55.0 默 0
83.643 84.045 57.0 默 0
84.048 84.45 60.0 的 0
84.454 85.464 62.0 游 0
85.971 86.373 62.0 走 0
86.377 86.779 60.0 繁 0
86.782 87.184 57.0 华 0
87.188 87.59 62.0 的 0
87.593 87.792 60.0 街 0
87.998 88.806 60.0 - 0
89.364 89.766 53.0 头 0
89.769 90.171 55.0 想 0
90.174 90.576 57.0 一 0
90.58 90.982 60.0 本 0
90.985 92.198 62.0 小 0
92.207 92.407 60.0 说 0
92.613 93.015 62.0 结 0
93.018 93.42 64.0 局 0
93.424 93.826 65.0 不 0
93.826 94.228 67.0 错 0
94.231 94.633 65.0 主 0
94.637 94.938 57.0 角 0
95.042 95.444 64.0 却 0
95.448 95.647 55.0 不 0
95.65 96.154 57.0 是 0
96.167 96.569 65.0 我 0
96.573 96.975 62.0 你 0
96.978 97.38 53.0 或 0
97.384 97.583 62.0 许 0
97.586 97.988 60.0 会 0
97.992 98.597 62.0 难 0
98.864 99.063 60.0 过 0
99.066 99.468 62.0 当 0
99.472 99.671 60.0 你 0
99.674 100.279 62.0 看 0
100.283 100.685 64.0 到 0
100.688 101.901 65.0 我 0
101.904 102.103 67.0 哭 0
102.107 103.218 67.0 了 0
103.45 103.649 60.0 谁 0
103.652 103.852 60.0 也 0
103.855 104.156 69.0 伤 0
104.261 104.359 69.0 不 0
104.463 104.865 69.0 到 0
104.869 105.473 60.0 我 0
105.551 105.851 67.0 除 0
105.956 106.156 65.0 非 0
106.159 106.561 67.0 是 0
106.564 107.068 72.0 你 0
107.172 107.574 70.0 放 0
107.578 107.676 62.0 开 0
107.781 108.183 62.0 我 0
108.186 108.588 65.0 的 0
108.591 108.689 64.0 - 0
108.794 109.196 64.0 手 0
109.978 110.178 60.0 谁 0
110.181 110.38 60.0 也 0
110.384 110.684 69.0 不 0
110.789 110.988 69.0 能 0
110.992 111.394 69.0 爱 0
111.397 111.901 60.0 你 0
112.005 112.407 67.0 我 0
112.411 112.61 65.0 - 0
112.613 113.015 67.0 多 0
113.019 113.624 72.0 想 0
113.627 114.029 70.0 可 0
114.032 114.232 62.0 以 0
114.235 114.536 62.0 这 0
114.64 114.941 69.0 么 0
115.046 115.144 67.0 执 0
115.249 116.157 67.0 - 0
116.908 117.209 60.0 着 0
117.314 117.412 62.0 你 0
117.516 117.817 62.0 是 0
117.922 118.02 62.0 否 0
118.124 118.324 62.0 还 0
118.327 118.526 60.0 记 0
118.526 118.826 64.0 得 0
118.931 119.029 64.0 你 0
119.134 119.536 64.0 笑 0
119.539 119.637 64.0 着 0
119.742 119.941 64.0 问 0
119.945 120.144 62.0 起 0
120.148 120.246 65.0 我 0
120.25 120.55 65.0 幸 0
120.959 121.057 67.0 福 0
121.061 121.463 67.0 是 0
121.77 122.679 69.0 什 0
122.846 123.046 62.0 么 0
123.049 123.248 64.0 除 0
123.252 123.451 65.0 了 0
123.454 123.654 64.0 你 0
123.657 123.856 62.0 的 0
123.86 124.059 65.0 拥 0
124.225 124.425 64.0 抱 0
124.428 124.627 62.0 我 0
124.631 124.83 65.0 什 0
124.834 125.033 64.0 么 0
125.036 125.844 62.0 都 0
125.847 126.249 64.0 能 0
126.252 126.452 65.0 放 0
126.658 129.087 65.0 过 0
129.098 129.298 69.0 有 0
129.301 129.5 67.0 些 0
129.504 129.703 65.0 风 0
129.706 129.906 64.0 景 0
129.909 130.21 62.0 永 0
130.315 130.615 69.0 远 0
130.72 131.021 69.0 看 0
131.125 131.426 70.0 不 0
131.531 132.034 67.0 够 0
132.202 132.401 67.0 有 0
132.404 132.604 65.0 - 0
132.607 132.806 64.0 些 0
132.81 133.009 62.0 美 0
133.012 133.313 60.0 好 0
133.418 133.617 67.0 永 0
133.62 133.82 60.0 远 0
133.823 134.225 65.0 都 0
134.229 134.327 67.0 带 0
134.431 135.137 69.0 不 0
135.397 135.596 69.0 走 0
135.6 135.799 67.0 只 0
135.802 136.002 65.0 是 0
136.005 136.204 64.0 可 0
136.251 136.653 62.0 惜 0
136.656 136.957 69.0 剩 0
137.061 137.463 69.0 我 0
137.467 137.768 70.0 自 0
137.922 138.831 64.0 己 0
139.138 139.439 64.0 到 0
139.544 140.757 65.0 最 0
140.76 141.872 67.0 后 0
142.431 142.63 60.0 - 0
142.633 142.833 60.0 谁 0
142.836 143.137 69.0 也 0
143.242 143.339 69.0 伤 0
143.444 143.846 69.0 不 0
143.85 144.454 60.0 到 0
144.491 144.791 67.0 我 0
144.896 145.095 65.0 除 0
145.099 145.501 67.0 非 0
145.504 146.008 72.0 是 0
146.112 146.514 70.0 你 0
146.518 146.616 62.0 放 0
146.72 147.122 62.0 开 0
147.126 147.731 65.0 我 0
147.734 148.136 64.0 的 0
148.946 149.146 60.0 手 0
149.149 149.348 60.0 谁 0
149.352 149.652 69.0 也 0
149.757 149.956 69.0 不 0
149.96 150.362 69.0 能 0
150.365 150.868 60.0 爱 0
150.87 151.272 67.0 你 0
151.276 151.475 65.0 我 0
151.478 151.88 67.0 多 0
151.884 152.488 72.0 想 0
152.492 152.894 70.0 可 0
152.897 153.097 62.0 以 0
153.1 153.401 62.0 这 0
153.505 153.806 69.0 么 0
153.911 154.009 67.0 执 0
154.113 155.022 67.0 着 0
155.737 156.038 60.0 你 0
156.142 156.24 62.0 - 0
156.345 156.646 62.0 是 0
156.751 156.849 62.0 否 0
156.953 157.153 62.0 还 0
157.156 157.355 60.0 记 0
157.378 157.678 64.0 得 0
157.783 157.881 64.0 你 0
157.986 158.388 64.0 笑 0
158.391 158.489 64.0 着 0
158.594 158.793 64.0 问 0
158.797 158.996 62.0 起 0
158.998 159.096 65.0 我 0
159.1 159.4 65.0 幸 0
159.809 159.907 67.0 福 0
159.91 160.313 67.0 是 0
160.62 161.529 69.0 什 0
161.847 162.046 62.0 么 0
162.05 162.249 64.0 除 0
162.253 162.452 65.0 了 0
162.455 162.655 64.0 你 0
162.658 162.857 62.0 的 0
162.861 163.06 65.0 拥 0
163.087 163.287 64.0 抱 0
163.29 163.489 62.0 我 0
163.493 163.692 65.0 什 0
163.695 163.895 64.0 么 0
163.898 164.706 62.0 都 0
164.709 165.111 64.0 能 0
165.114 165.314 65.0 放 0
165.52 167.949 65.0 - 0
171.618 171.817 60.0 过 0
171.821 172.02 60.0 谁 0
172.023 172.324 69.0 也 0
172.429 172.628 69.0 不 0
172.631 173.033 69.0 能 0
173.037 173.54 60.0 爱 0
173.615 174.017 67.0 你 0
174.02 174.22 65.0 我 0
174.223 174.625 67.0 多 0
174.628 175.233 72.0 想 0
175.237 175.639 70.0 可 0
175.642 175.841 62.0 以 0
175.845 176.145 62.0 这 0
176.25 176.551 69.0 么 0
176.655 176.753 67.0 执 0
176.858 177.767 67.0 - 0
178.437 178.737 60.0 着 0
178.842 178.94 62.0 你 0
179.045 179.346 62.0 是 0
179.45 179.548 62.0 否 0
179.653 179.852 62.0 还 0
179.856 180.055 60.0 记 0
180.156 180.457 64.0 得 0
180.562 180.66 64.0 你 0
180.765 181.167 64.0 笑 0
181.17 181.268 64.0 着 0
181.373 181.572 64.0 问 0
181.575 181.775 62.0 起 0
181.787 181.885 65.0 我 0
181.888 182.189 65.0 幸 0
182.598 182.696 67.0 福 0
182.699 183.101 67.0 是 0
183.409 184.317 69.0 什 0
184.625 184.824 62.0 么 0
184.828 185.027 64.0 除 0
185.03 185.23 65.0 了 0
185.233 185.432 64.0 你 0
185.436 185.635 62.0 的 0
185.638 185.838 65.0 拥 0
185.844 186.043 64.0 抱 0
186.047 186.246 62.0 我 0
186.249 186.449 65.0 什 0
186.452 186.652 64.0 么 0
186.655 187.462 62.0 都 0
187.466 187.868 64.0 能 0
187.871 188.07 65.0 放 0
188.277 190.706 65.0 过 0
