41.834 42.231 56.0 无 0
42.234 42.631 59.0 量 0
42.634 43.731 61.0 心 0
43.834 44.231 63.0 生 0
44.234 44.631 64.0 福 0
44.634 45.031 63.0 报 0
45.034 45.431 61.0 无 0
45.434 45.831 59.0 极 0
45.834 47.431 56.0 限 1
48.308 48.705 56.0 无 0
48.708 49.105 59.0 极 0
49.108 50.305 61.0 限 0
50.308 50.705 63.0 生 0
50.708 51.105 64.0 息 0
51.108 51.505 63.0 息 0
51.508 51.905 61.0 爱 0
51.908 52.305 59.0 相 0
52.308 53.605 61.0 连 1
54.647 55.044 56.0 为 0
55.047 55.444 59.0 何 0
55.447 55.844 61.0 君 0
55.847 56.244 59.0 视 0
56.247 56.644 61.0 而 0
56.647 57.044 68.0 不 0
57.047 58.144 66.0 见 1
58.654 59.051 66.0 规 0
59.054 59.451 64.0 矩 0
59.454 59.851 63.0 定 0
59.854 60.251 61.0 方 0
60.254 60.951 56.0 圆 1
61.12 61.517 56.0 悟 0
61.52 61.917 59.0 性 0
61.92 62.317 61.0 悟 0
62.32 62.717 59.0 觉 0
62.72 63.067 61.0 悟 0
63.12 63.517 68.0 空 0
63.57 63.917 66.0 心 0
63.97 64.417 64.0 甘 0
64.77 65.117 61.0 情 0
65.17 66.817 61.0 愿 1
67.449 67.846 54.0 放 0
67.849 68.246 52.0 下 0
68.249 68.646 54.0 颠 0
68.649 69.046 52.0 倒 0
69.049 69.446 54.0 梦 0
69.449 69.846 52.0 想 0
69.849 70.546 54.0 放 0
70.649 71.146 56.0 下 0
71.449 72.246 56.0 云 0
72.249 73.446 49.0 烟 1
73.8 74.197 54.0 放 0
74.2 74.597 52.0 下 0
74.6 74.997 54.0 空 0
75.0 75.397 52.0 欲 0
75.4 75.797 54.0 色 0
75.8 76.197 56.0 放 0
76.2 76.547 56.0 下 0
76.6 77.297 59.0 - 0
77.4 77.797 54.0 悬 0
77.8 79.397 56.0 念 1
80.182 80.579 54.0 多 0
80.582 80.979 52.0 一 0
80.982 81.379 54.0 物 0
81.382 81.779 52.0 却 0
81.782 82.179 54.0 添 0
82.182 82.579 52.0 了 0
82.582 83.379 54.0 太 0
83.382 83.879 56.0 多 0
84.232 85.029 56.0 危 0
85.032 85.929 49.0 险 1
86.679 87.076 49.0 少 0
87.129 87.526 47.0 一 0
87.529 87.926 49.0 物 0
88.279 88.676 52.0 贪 0
88.679 89.076 56.0 嗔 0
89.079 89.476 54.0 痴 0
89.479 89.876 52.0 会 0
89.879 90.276 49.0 少 0
90.279 90.676 47.0 一 0
90.679 92.276 49.0 点 1
92.976 93.373 56.0 若 0
93.376 93.773 59.0 是 0
93.776 94.973 61.0 缘 0
94.976 95.373 63.0 再 0
95.376 95.773 64.0 苦 0
95.776 96.173 63.0 味 0
96.176 96.573 61.0 也 0
96.576 96.973 59.0 是 0
96.976 98.573 56.0 甜 1
99.492 99.889 56.0 若 0
99.892 100.289 59.0 无 0
100.292 101.489 61.0 缘 0
101.492 101.889 63.0 藏 0
101.892 102.289 64.0 爱 0
102.292 102.689 63.0 - 0
102.692 102.889 61.0 在 0
102.892 103.289 59.0 心 0
103.292 103.489 61.0 - 0
103.492 105.089 61.0 田 1
105.816 106.213 56.0 尘 0
106.216 106.613 59.0 世 0
106.616 107.013 61.0 藕 0
107.016 107.413 59.0 断 0
107.416 107.813 61.0 还 0
107.816 108.213 68.0 丝 0
108.216 109.513 66.0 连 1
109.943 110.34 66.0 回 0
110.343 110.74 64.0 首 0
110.743 111.04 63.0 一 0
111.143 111.54 61.0 瞬 0
111.543 112.04 56.0 间 1
112.223 112.62 56.0 种 0
112.623 113.02 59.0 颗 0
113.023 113.42 61.0 善 0
113.423 113.82 59.0 因 0
113.823 114.12 61.0 陪 0
114.223 114.62 68.0 你 0
114.623 115.02 66.0 走 0
115.123 115.42 64.0 好 0
115.823 116.02 61.0 每 0
116.023 116.22 59.0 一 0
116.223 117.72 61.0 天 1
144.289 144.686 54.0 唯 0
144.689 145.086 52.0 有 0
145.089 145.486 54.0 心 0
145.489 145.886 52.0 无 0
145.889 146.286 54.0 挂 0
146.289 146.686 52.0 碍 0
146.689 147.386 54.0 成 0
147.489 147.986 56.0 就 0
148.289 149.086 56.0 大 0
149.089 150.286 49.0 愿 1
150.698 151.095 54.0 唯 0
151.098 151.495 52.0 有 0
151.498 151.895 54.0 心 0
151.898 152.295 52.0 无 0
152.298 152.695 54.0 故 0
152.698 153.095 56.0 妙 0
153.098 154.195 59.0 不 0
154.298 154.695 54.0 可 0
154.698 156.295 56.0 言 1
156.992 157.389 54.0 算 0
157.392 157.789 52.0 天 0
157.792 158.189 54.0 算 0
158.192 158.589 52.0 地 0
158.592 158.989 54.0 算 0
158.992 159.389 52.0 - 0
159.392 160.189 54.0 尽 0
160.192 160.689 56.0 了 0
160.992 161.789 56.0 从 0
161.792 162.689 49.0 前 1
163.434 163.831 49.0 算 0
163.834 164.231 47.0 不 0
164.234 164.631 49.0 出 0
165.034 165.431 52.0 生 0
165.434 165.831 56.0 死 0
165.834 166.231 54.0 会 0
166.234 166.631 52.0 在 0
166.634 167.031 49.0 哪 0
167.034 167.431 47.0 一 0
167.434 169.031 49.0 天 1
169.83 170.227 56.0 勿 0
170.23 170.627 59.0 生 0
170.63 171.827 61.0 恨 0
171.83 172.227 63.0 点 0
172.23 172.627 64.0 化 0
172.63 173.027 63.0 虚 0
173.03 173.427 61.0 空 0
173.43 173.827 59.0 的 0
173.83 175.427 56.0 眼 1
176.302 176.699 56.0 勿 0
176.702 177.099 59.0 生 0
177.102 178.299 61.0 怨 0
178.302 178.699 63.0 欢 0
178.702 179.099 64.0 喜 0
179.102 179.499 63.0 - 0
179.502 179.699 61.0 不 0
179.702 180.099 59.0 遥 0
180.102 180.299 61.0 - 0
180.302 181.899 61.0 远 1
182.771 183.168 56.0 缠 0
183.171 183.568 59.0 绕 0
183.571 183.968 61.0 欲 0
183.971 184.368 59.0 望 0
184.371 184.768 61.0 的 0
184.771 185.168 68.0 思 0
185.171 186.468 66.0 念 1
186.584 186.981 66.0 善 0
186.984 187.381 64.0 恶 0
187.384 187.681 63.0 一 0
187.784 188.181 61.0 瞬 0
188.184 188.681 56.0 间 1
189.131 189.528 56.0 心 0
189.531 189.928 59.0 怀 0
189.931 190.328 61.0 忏 0
190.331 190.728 59.0 悔 0
190.731 191.028 61.0 陪 0
191.131 191.528 68.0 你 0
191.531 191.928 66.0 走 0
191.931 192.328 64.0 好 0
192.731 192.928 61.0 每 0
192.931 193.128 59.0 一 0
193.131 194.628 61.0 天 1
196.282 196.679 61.0 再 0
196.682 197.079 68.0 牢 0
197.082 197.479 66.0 的 0
197.482 197.879 64.0 谎 0
197.882 199.079 61.0 言 1
199.267 199.464 61.0 却 0
199.467 199.864 61.0 逃 0
199.867 200.264 68.0 不 0
200.267 200.664 66.0 过 0
200.667 201.064 64.0 天 0
201.067 202.364 61.0 眼 1
202.595 202.992 61.0 明 0
202.995 203.392 64.0 日 0
203.395 203.792 66.0 之 0
203.795 204.192 64.0 前 0
204.195 204.592 63.0 心 0
204.595 204.992 61.0 流 0
204.995 205.392 59.0 离 0
205.395 205.792 54.0 更 0
205.795 208.092 56.0 远 1
209.002 209.399 61.0 浮 0
209.402 209.799 68.0 云 0
209.802 210.199 66.0 霎 0
210.202 210.599 64.0 那 0
210.602 211.399 61.0 间 1
211.452 211.849 59.0 障 0
211.852 212.249 61.0 眼 0
212.252 212.649 61.0 人 0
212.652 213.049 68.0 心 0
213.052 213.449 66.0 渐 0
213.452 213.849 64.0 离 0
213.852 215.149 61.0 间 1
215.422 215.819 61.0 集 0
215.822 216.219 64.0 苦 0
216.222 216.619 66.0 连 0
216.622 217.019 64.0 连 0
217.022 217.419 63.0 不 0
217.422 217.819 59.0 断 0
217.822 218.219 56.0 的 0
218.222 218.919 61.0 出 0
219.122 220.119 61.0 现 1
220.982 221.379 56.0 无 0
221.382 221.779 59.0 量 0
221.782 222.879 61.0 心 0
222.982 223.379 63.0 生 0
223.382 223.779 64.0 福 0
223.782 224.179 63.0 报 0
224.182 224.579 61.0 无 0
224.582 224.979 59.0 极 0
224.982 226.579 56.0 限 1
227.568 227.965 56.0 无 0
227.968 228.365 59.0 极 0
228.368 229.565 61.0 限 0
229.568 229.965 63.0 生 0
229.968 230.365 64.0 息 0
230.368 230.765 63.0 息 0
230.768 231.165 61.0 爱 0
231.168 231.565 59.0 相 0
231.568 232.865 61.0 连 1
233.884 234.281 56.0 凡 0
234.284 234.681 59.0 人 0
234.684 235.081 61.0 却 0
235.084 235.481 59.0 视 0
235.484 235.881 61.0 而 0
235.884 236.281 68.0 不 0
236.284 237.381 66.0 见 1
237.867 238.264 66.0 规 0
238.267 238.664 64.0 矩 0
238.667 239.064 63.0 定 0
239.067 239.464 61.0 方 0
239.467 240.164 56.0 圆 1
240.241 240.638 56.0 悟 0
240.641 241.038 59.0 性 0
241.041 241.438 61.0 悟 0
241.441 241.838 59.0 觉 0
241.841 242.188 61.0 悟 0
242.241 242.638 68.0 空 0
242.641 242.988 66.0 心 0
243.041 243.488 64.0 甘 0
243.841 244.238 59.0 情 0
244.241 245.888 61.0 愿 1
246.715 247.112 56.0 简 0
247.115 247.512 59.0 简 0
247.515 247.912 61.0 单 0
247.915 248.312 59.0 单 0
248.365 248.812 61.0 陪 0
248.815 249.312 68.0 你 0
249.315 249.862 66.0 走 0
249.865 251.612 64.0 好 0
252.215 253.212 61.0 每 0
253.215 254.012 59.0 一 0
254.115 256.212 61.0 天 1
