20.308 20.626 52.0 儿 0
20.626 20.943 52.0 时 0
20.943 21.261 55.0 凿 0
21.261 21.578 57.0 壁 0
21.578 21.896 55.0 偷 0
21.896 22.213 55.0 了 0
22.213 22.531 55.0 谁 0
22.531 22.848 55.0 家 0
22.848 23.165 52.0 的 0
23.165 24.118 55.0 光 1
24.182 24.499 52.0 宿 0
24.499 24.817 52.0 昔 0
24.817 25.134 55.0 不 0
25.134 25.452 57.0 梳 0
25.452 25.769 59.0 一 0
25.769 26.087 57.0 苦 0
26.087 26.404 55.0 十 0
26.404 26.722 52.0 年 0
26.722 27.039 50.0 寒 0
27.039 27.991 52.0 窗 1
28.023 28.658 52.0 如 0
28.658 28.976 50.0 今 0
28.976 29.611 48.0 灯 0
29.611 29.928 45.0 下 0
29.928 30.563 60.0 闲 0
30.563 30.881 57.0 读 0
30.881 31.198 55.0 红 0
31.198 31.515 57.0 袖 0
31.515 31.833 55.0 添 0
31.833 32.468 52.0 香 1
32.48 32.797 50.0 半 0
32.797 33.115 50.0 生 0
33.115 33.432 48.0 浮 0
33.432 33.75 45.0 名 0
33.75 34.067 48.0 只 0
34.067 34.385 50.0 是 0
34.385 34.702 52.0 虚 0
34.702 35.02 50.0 妄 0
35.02 35.654 50.0 - 1
35.655 35.973 52.0 三 0
35.973 36.29 52.0 月 0
36.29 36.608 55.0 一 0
36.608 36.925 57.0 路 0
36.925 37.243 55.0 烟 0
37.243 37.56 55.0 霞 0
37.56 37.878 55.0 莺 0
37.878 38.195 55.0 飞 0
38.195 38.513 52.0 草 0
38.513 39.465 55.0 长 1
39.466 39.783 52.0 柳 0
39.783 40.101 52.0 絮 0
40.101 40.418 55.0 纷 0
40.418 40.736 57.0 飞 0
40.736 41.053 59.0 里 0
41.053 41.371 57.0 看 0
41.371 41.688 55.0 见 0
41.688 42.006 52.0 了 0
42.006 42.323 50.0 故 0
42.323 43.275 52.0 乡 1
43.278 43.596 50.0 不 0
43.596 43.913 52.0 知 0
43.913 44.231 50.0 心 0
44.231 44.548 48.0 上 0
44.548 44.866 48.0 的 0
44.866 45.183 45.0 你 0
45.183 45.818 60.0 是 0
45.818 46.136 57.0 否 0
46.136 46.453 55.0 还 0
46.453 46.771 57.0 在 0
46.771 47.088 55.0 庐 0
47.088 47.723 52.0 阳 1
47.723 48.04 50.0 一 0
48.04 48.358 50.0 缕 0
48.358 48.675 48.0 青 0
48.675 48.993 45.0 丝 0
48.993 49.31 48.0 一 0
49.31 49.628 50.0 生 0
49.628 49.945 52.0 珍 0
49.945 50.263 52.0 藏 0
50.263 50.898 48.0 - 1
51.165 51.482 52.0 桥 0
51.482 51.8 55.0 上 0
51.8 52.117 57.0 的 0
52.117 52.435 57.0 恋 0
52.435 52.752 57.0 人 0
52.752 53.07 57.0 入 0
53.07 53.387 59.0 对 0
53.387 53.705 57.0 出 0
53.705 54.657 55.0 双 1
54.835 55.152 55.0 桥 0
55.152 55.469 57.0 边 0
55.469 55.787 60.0 红 0
55.787 56.104 60.0 药 0
56.104 56.422 60.0 叹 0
56.422 56.739 60.0 夜 0
56.739 57.057 57.0 太 0
57.057 57.374 67.0 漫 0
57.374 58.327 64.0 长 1
58.498 58.815 64.0 月 0
58.815 59.132 62.0 也 0
59.132 59.45 60.0 摇 0
59.45 60.085 62.0 晃 0
60.402 60.72 62.0 人 0
60.72 61.037 62.0 也 0
61.037 61.355 60.0 彷 0
61.355 61.99 62.0 徨 1
62.279 62.597 62.0 乌 0
62.597 62.914 62.0 蓬 0
62.914 63.231 60.0 里 0
63.231 63.549 62.0 传 0
63.549 63.866 62.0 来 0
63.866 64.184 62.0 了 0
64.184 64.501 62.0 一 0
64.501 64.819 60.0 曲 0
64.819 65.136 69.0 离 0
65.136 67.041 67.0 殇 1
68.031 68.349 62.0 庐 0
68.349 68.666 60.0 州 0
68.666 68.984 62.0 月 0
68.984 69.619 67.0 光 0
69.936 70.254 62.0 洒 0
70.254 70.571 60.0 在 0
70.571 70.889 62.0 心 0
70.889 71.523 67.0 上 1
71.769 72.086 62.0 月 0
72.086 72.404 60.0 下 0
72.404 72.721 62.0 的 0
72.721 73.039 67.0 你 0
73.039 73.356 67.0 不 0
73.356 73.674 67.0 复 0
73.674 73.991 67.0 当 0
73.991 74.309 64.0 年 0
74.309 74.626 62.0 模 0
74.626 75.261 64.0 样 1
75.533 75.851 64.0 太 0
75.851 76.168 62.0 多 0
76.168 76.486 60.0 的 0
76.486 77.121 57.0 伤 0
77.438 77.756 64.0 难 0
77.756 78.073 62.0 诉 0
78.073 78.391 60.0 衷 0
78.391 79.025 55.0 肠 1
79.398 79.715 55.0 叹 0
79.715 80.033 57.0 一 0
80.033 80.35 60.0 句 0
80.35 80.668 57.0 当 0
80.668 80.985 57.0 时 0
80.985 81.303 57.0 只 0
81.303 81.62 67.0 道 0
81.62 81.938 67.0 是 0
81.938 82.255 60.0 寻 0
82.255 82.89 62.0 常 1
83.18 83.498 62.0 庐 0
83.498 83.815 60.0 州 0
83.815 84.133 62.0 月 0
84.133 84.768 67.0 光 0
85.085 85.403 62.0 梨 0
85.403 85.72 60.0 花 0
85.72 86.038 62.0 雨 0
86.038 86.673 67.0 凉 1
87.057 87.374 62.0 如 0
87.374 87.692 60.0 今 0
87.692 88.009 62.0 的 0
88.009 88.327 67.0 你 0
88.327 88.644 67.0 又 0
88.644 88.962 67.0 在 0
88.962 89.279 67.0 谁 0
89.279 89.597 64.0 的 0
89.597 89.914 62.0 身 0
89.914 90.549 64.0 旁 1
90.868 91.185 64.0 家 0
91.185 91.502 62.0 乡 0
91.502 91.82 60.0 月 0
91.82 92.455 57.0 光 0
92.772 93.09 64.0 深 0
93.09 93.407 62.0 深 0
93.407 93.725 60.0 烙 0
93.725 94.042 55.0 在 0
94.042 94.36 55.0 我 0
94.36 94.677 64.0 心 0
94.677 94.995 64.0 上 1
95.165 95.482 64.0 却 0
95.482 95.8 62.0 流 0
95.8 96.117 60.0 不 0
96.117 96.435 57.0 出 0
96.435 96.752 60.0 当 0
96.752 97.07 62.0 年 0
97.07 97.705 57.0 泪 0
97.705 99.609 60.0 光 1
115.481 115.799 52.0 三 0
115.799 116.116 52.0 月 0
116.116 116.434 55.0 一 0
116.434 116.751 57.0 路 0
116.751 117.069 55.0 烟 0
117.069 117.386 55.0 霞 0
117.386 117.704 55.0 莺 0
117.704 118.021 55.0 飞 0
118.021 118.339 52.0 草 0
118.339 119.291 55.0 长 1
119.375 119.692 52.0 柳 0
119.692 120.01 52.0 絮 0
120.01 120.327 55.0 纷 0
120.327 120.645 57.0 飞 0
120.645 120.962 59.0 里 0
120.962 121.28 57.0 看 0
121.28 121.597 55.0 见 0
121.597 121.915 52.0 了 0
121.915 122.232 50.0 故 0
122.232 123.184 52.0 乡 1
123.272 123.59 50.0 不 0
123.59 123.907 52.0 知 0
123.907 124.225 50.0 心 0
124.225 124.542 48.0 上 0
124.542 124.86 48.0 的 0
124.86 125.177 45.0 你 0
125.177 125.812 60.0 是 0
125.812 126.13 57.0 否 0
126.13 126.447 55.0 还 0
126.447 126.765 57.0 在 0
126.765 127.082 55.0 庐 0
127.082 127.717 52.0 阳 1
127.72 128.037 50.0 一 0
128.037 128.355 50.0 缕 0
128.355 128.672 48.0 青 0
128.672 128.99 45.0 丝 0
128.99 129.307 48.0 一 0
129.307 129.625 50.0 生 0
129.625 129.942 52.0 珍 0
129.942 130.26 52.0 藏 0
130.26 130.895 48.0 - 1
131.045 131.362 52.0 桥 0
131.362 131.68 55.0 上 0
131.68 131.997 57.0 的 0
131.997 132.315 57.0 恋 0
132.315 132.632 57.0 人 0
132.632 132.95 57.0 入 0
132.95 133.267 59.0 对 0
133.267 133.585 57.0 出 0
133.585 134.537 55.0 双 1
134.839 135.156 55.0 桥 0
135.156 135.473 57.0 边 0
135.473 135.791 60.0 红 0
135.791 136.108 60.0 药 0
136.108 136.426 60.0 叹 0
136.426 136.743 60.0 夜 0
136.743 137.061 57.0 太 0
137.061 137.378 67.0 漫 0
137.378 138.331 64.0 长 1
138.417 138.734 64.0 月 0
138.734 139.051 62.0 也 0
139.051 139.369 60.0 摇 0
139.369 140.004 62.0 晃 0
140.321 140.639 62.0 人 0
140.639 140.956 62.0 也 0
140.956 141.274 60.0 彷 0
141.274 141.909 62.0 徨 1
142.145 142.463 62.0 乌 0
142.463 142.78 62.0 蓬 0
142.78 143.097 60.0 里 0
143.097 143.415 62.0 传 0
143.415 143.732 62.0 来 0
143.732 144.05 62.0 了 0
144.05 144.367 62.0 一 0
144.367 144.685 60.0 曲 0
144.685 145.002 69.0 离 0
145.002 146.907 67.0 殇 1
147.97 148.288 62.0 庐 0
148.288 148.605 60.0 州 0
148.605 148.923 62.0 月 0
148.923 149.558 67.0 光 0
149.875 150.193 62.0 洒 0
150.193 150.51 60.0 在 0
150.51 150.828 62.0 心 0
150.828 151.462 67.0 上 1
151.724 152.041 62.0 月 0
152.041 152.359 60.0 下 0
152.359 152.676 62.0 的 0
152.676 152.994 67.0 你 0
152.994 153.311 67.0 不 0
153.311 153.629 67.0 复 0
153.629 153.946 67.0 当 0
153.946 154.264 64.0 年 0
154.264 154.581 62.0 模 0
154.581 155.216 64.0 样 1
155.497 155.815 64.0 太 0
155.815 156.132 62.0 多 0
156.132 156.45 60.0 的 0
156.45 157.085 57.0 伤 0
157.402 157.72 64.0 难 0
157.72 158.037 62.0 诉 0
158.037 158.355 60.0 衷 0
158.355 158.989 55.0 肠 1
159.435 159.752 55.0 叹 0
159.752 160.07 57.0 一 0
160.07 160.387 60.0 句 0
160.387 160.705 57.0 当 0
160.705 161.022 57.0 时 0
161.022 161.34 57.0 只 0
161.34 161.657 67.0 道 0
161.657 161.975 67.0 是 0
161.975 162.292 60.0 寻 0
162.292 162.927 62.0 常 1
163.082 163.4 62.0 庐 0
163.4 163.717 60.0 州 0
163.717 164.035 62.0 月 0
164.035 164.67 67.0 光 0
164.987 165.305 62.0 梨 0
165.305 165.622 60.0 花 0
165.622 165.94 62.0 雨 0
165.94 166.575 67.0 凉 1
166.952 167.269 62.0 如 0
167.269 167.587 60.0 今 0
167.587 167.904 62.0 的 0
167.904 168.222 67.0 你 0
168.222 168.539 67.0 又 0
168.539 168.857 67.0 在 0
168.857 169.174 67.0 谁 0
169.174 169.492 64.0 的 0
169.492 169.809 62.0 身 0
169.809 170.444 64.0 旁 1
170.775 171.092 64.0 家 0
171.092 171.409 62.0 乡 0
171.409 171.727 60.0 月 0
171.727 172.362 57.0 光 0
172.679 172.997 64.0 深 0
172.997 173.314 62.0 深 0
173.314 173.632 60.0 烙 0
173.632 173.949 55.0 在 0
173.949 174.267 55.0 我 0
174.267 174.584 64.0 心 0
174.584 174.902 64.0 上 1
175.294 175.611 64.0 却 0
175.611 175.929 62.0 流 0
175.929 176.246 60.0 不 0
176.246 176.564 57.0 出 0
176.564 176.881 60.0 当 0
176.881 177.199 62.0 年 0
177.199 177.834 57.0 泪 0
177.834 179.738 60.0 光 1
181.363 181.68 60.0 庐 0
181.68 181.998 60.0 州 0
181.998 182.315 60.0 的 0
182.315 182.633 60.0 月 0
182.633 182.95 57.0 - 0
182.95 183.267 57.0 光 0
183.267 183.585 64.0 在 0
183.585 183.902 62.0 我 0
183.902 184.22 60.0 心 0
184.22 184.855 62.0 上 1
185.135 185.453 59.0 太 0
185.453 185.77 59.0 多 0
185.77 186.088 59.0 的 0
186.088 186.723 59.0 伤 0
186.723 187.04 55.0 口 0
187.04 187.357 62.0 难 0
187.357 187.675 60.0 诉 0
187.675 187.992 59.0 衷 0
187.992 188.627 60.0 肠 1
188.987 189.304 64.0 如 0
189.304 189.622 62.0 今 0
189.622 189.939 60.0 的 0
189.939 190.574 57.0 你 1
190.574 190.892 60.0 在 0
190.892 191.209 64.0 谁 0
191.209 191.526 62.0 的 0
191.526 191.844 60.0 身 0
191.844 192.479 57.0 旁 1
192.481 192.798 57.0 我 0
192.798 193.116 64.0 流 0
193.116 193.433 62.0 不 0
193.433 193.751 60.0 出 0
193.751 194.068 62.0 当 0
194.068 194.386 62.0 年 0
194.386 194.703 69.0 泪 0
194.703 195.021 69.0 光 0
195.021 195.655 67.0 - 1
195.656 195.974 63.0 庐 0
195.974 196.291 61.0 州 0
196.291 196.609 63.0 月 0
196.609 197.244 68.0 光 0
197.561 197.879 63.0 洒 0
197.879 198.196 61.0 在 0
198.196 198.514 63.0 心 0
198.514 199.148 68.0 上 1
199.307 199.624 63.0 月 0
199.624 199.942 61.0 下 0
199.942 200.259 63.0 的 0
200.259 200.577 68.0 你 0
200.577 200.894 68.0 不 0
200.894 201.212 68.0 复 0
201.212 201.529 68.0 当 0
201.529 201.847 65.0 年 0
201.847 202.164 63.0 模 0
202.164 202.799 65.0 样 1
203.178 203.496 65.0 太 0
203.496 203.813 63.0 多 0
203.813 204.131 61.0 的 0
204.131 204.766 58.0 伤 0
205.083 205.401 65.0 难 0
205.401 205.718 63.0 诉 0
205.718 206.036 61.0 衷 0
206.036 206.671 56.0 肠 1
207.028 207.345 56.0 叹 0
207.345 207.663 58.0 一 0
207.663 207.98 61.0 句 0
207.98 208.298 58.0 当 0
208.298 208.615 58.0 时 0
208.615 208.933 58.0 只 0
208.933 209.25 68.0 道 0
209.25 209.568 68.0 是 0
209.568 209.885 61.0 寻 0
209.885 210.52 63.0 常 1
210.759 211.076 63.0 庐 0
211.076 211.393 61.0 州 0
211.393 211.711 63.0 月 0
211.711 212.346 68.0 光 0
212.663 212.981 63.0 梨 0
212.981 213.298 61.0 花 0
213.298 213.616 63.0 雨 0
213.616 214.251 68.0 凉 1
214.534 214.852 63.0 如 0
214.852 215.169 61.0 今 0
215.169 215.486 63.0 的 0
215.486 215.804 68.0 你 0
215.804 216.121 68.0 又 0
216.121 216.439 68.0 在 0
216.439 216.756 68.0 谁 0
216.756 217.074 65.0 的 0
217.074 217.391 63.0 身 0
217.391 218.026 65.0 旁 1
218.508 218.825 65.0 家 0
218.825 219.142 63.0 乡 0
219.142 219.46 61.0 月 0
219.46 220.095 58.0 光 0
220.412 220.73 65.0 深 0
220.73 221.047 63.0 深 0
221.047 221.365 61.0 烙 0
221.365 221.682 56.0 在 0
221.682 222.0 56.0 我 0
222.0 222.317 65.0 心 0
222.317 222.635 65.0 上 1
222.94 223.257 65.0 却 0
223.257 223.575 63.0 流 0
223.575 223.892 61.0 不 0
223.892 224.21 58.0 出 0
224.21 224.527 61.0 当 0
224.527 224.845 63.0 年 0
224.845 225.48 58.0 泪 0
225.48 227.384 61.0 光 1
