18.845 19.345 65.0 东 0
19.345 19.845 65.0 - 0
19.845 20.595 65.0 边 0
20.595 20.845 63.0 有 0
20.845 21.845 58.0 山 1
22.802 23.052 60.0 西 0
23.052 23.552 63.0 - 0
23.552 24.302 63.0 边 0
24.302 24.802 60.0 有 0
24.802 25.802 65.0 河 1
26.866 27.866 65.0 前 0
27.866 28.116 65.0 边 0
28.116 28.616 65.0 - 0
28.616 28.866 63.0 有 0
28.866 29.866 58.0 车 1
30.744 31.244 55.0 后 0
31.244 31.744 63.0 面 0
31.744 32.244 58.0 有 0
32.244 32.744 58.0 - 0
32.744 33.244 55.0 辙 0
33.244 33.744 53.0 - 1
34.805 35.055 51.0 究 0
35.055 35.555 53.0 - 0
35.555 36.305 58.0 竟 0
36.305 36.805 57.0 是 0
36.805 37.305 60.0 先 0
37.305 37.555 63.0 有 0
37.555 37.805 60.0 山 0
37.805 38.305 60.0 - 0
38.805 39.055 65.0 还 0
39.055 39.555 65.0 - 0
39.555 39.805 65.0 是 0
39.805 40.305 60.0 先 0
40.305 40.805 65.0 有 0
40.805 42.055 63.0 河 1
42.848 43.098 60.0 究 0
43.098 43.598 60.0 - 0
43.598 43.848 60.0 竟 0
43.848 44.348 60.0 你 0
44.348 44.598 60.0 这 0
44.598 44.848 63.0 挂 0
44.848 45.348 65.0 老 0
45.348 45.848 60.0 - 0
45.848 46.348 56.0 车 0
46.848 47.348 58.0 走 0
47.348 47.598 56.0 的 0
47.598 47.848 58.0 是 0
47.848 48.348 55.0 哪 0
48.348 48.848 51.0 道 0
48.848 49.848 53.0 辙 1
50.336 50.586 67.0 呦 0
50.586 50.836 65.0 嗬 0
50.836 54.256 65.0 嗬 1
54.766 55.004 65.0 春 0
55.004 55.481 65.0 - 0
55.481 55.72 65.0 夏 0
55.72 56.197 65.0 - 0
56.197 56.674 63.0 秋 0
56.674 58.105 58.0 冬 0
58.581 58.82 60.0 忙 0
58.82 59.297 63.0 - 0
59.297 60.012 63.0 忙 0
60.012 60.489 60.0 活 0
60.489 61.443 65.0 活 1
62.313 62.552 63.0 急 0
62.552 63.028 65.0 - 0
63.028 63.267 65.0 急 0
63.267 63.744 65.0 - 0
63.744 64.221 63.0 匆 0
64.221 65.175 58.0 匆 0
66.129 66.606 55.0 赶 0
66.606 67.083 63.0 路 0
67.083 67.559 58.0 搭 0
67.559 68.036 58.0 - 0
68.036 68.513 55.0 车 0
68.513 68.99 53.0 - 1
69.841 70.08 51.0 一 0
70.08 70.557 53.0 - 0
70.557 71.272 58.0 路 0
71.272 71.511 57.0 上 0
71.511 71.749 58.0 的 0
71.749 72.226 60.0 好 0
72.226 72.464 63.0 景 0
72.464 72.703 60.0 色 0
72.703 73.18 60.0 - 0
73.657 73.895 65.0 没 0
73.895 74.372 65.0 - 0
74.372 74.611 65.0 仔 0
74.611 75.088 60.0 细 0
75.088 75.565 65.0 琢 0
75.565 76.757 63.0 磨 1
77.653 77.892 60.0 回 0
77.892 78.369 60.0 - 0
78.369 78.607 60.0 到 0
78.607 79.084 60.0 家 0
79.084 79.561 63.0 里 0
79.561 80.038 65.0 还 0
80.038 80.515 60.0 照 0
80.515 80.992 56.0 样 0
81.469 81.941 58.0 推 0
81.941 82.178 56.0 碾 0
82.178 82.414 58.0 子 0
82.414 82.886 55.0 拉 0
82.886 83.359 51.0 - 0
83.359 84.304 53.0 磨 1
85.231 85.47 62.0 闭 0
85.47 85.708 62.0 上 0
85.708 85.946 62.0 眼 0
85.946 86.184 62.0 睛 0
86.184 86.66 62.0 就 0
86.66 87.136 58.0 - 0
87.136 88.089 60.0 睡 1
88.888 89.126 65.0 张 0
89.126 89.364 65.0 开 0
89.364 89.602 65.0 嘴 0
89.602 89.84 65.0 巴 0
89.84 90.317 63.0 就 0
90.317 90.793 62.0 - 0
90.793 91.269 63.0 喝 0
91.269 91.745 60.0 - 1
92.72 92.958 60.0 迷 0
92.958 93.434 63.0 - 0
93.434 93.672 63.0 迷 0
93.672 94.148 63.0 登 0
94.148 94.624 62.0 登 0
94.624 95.1 60.0 上 0
95.1 95.577 62.0 - 0
95.577 96.529 58.0 山 1
96.659 96.897 55.0 稀 0
96.897 97.135 58.0 里 0
97.135 97.373 55.0 糊 0
97.373 97.611 58.0 涂 0
97.611 98.088 55.0 过 0
98.088 98.564 51.0 - 0
98.564 99.516 53.0 河 1
100.476 100.714 67.0 再 0
100.714 100.952 67.0 也 0
100.952 101.19 67.0 不 0
101.19 101.428 67.0 能 0
101.428 101.904 67.0 这 0
101.904 102.142 63.0 样 0
102.142 102.857 65.0 活 1
104.201 104.439 65.0 再 0
104.439 104.677 65.0 也 0
104.677 104.915 65.0 不 0
104.915 105.153 65.0 能 0
105.153 105.63 65.0 那 0
105.63 105.868 60.0 样 0
105.868 106.582 58.0 过 1
107.999 108.237 65.0 生 0
108.237 108.713 68.0 - 0
108.713 108.951 68.0 活 0
108.951 109.427 68.0 就 0
109.427 109.903 67.0 得 0
109.903 110.38 67.0 前 0
110.38 110.856 63.0 思 0
110.856 111.332 60.0 后 0
111.332 111.808 58.0 想 1
111.827 112.303 55.0 想 0
112.303 112.541 63.0 好 0
112.541 112.78 63.0 了 0
112.78 113.256 60.0 你 0
113.256 113.732 58.0 再 0
113.732 114.208 55.0 做 0
114.208 114.684 53.0 - 1
115.687 115.925 67.0 生 0
115.925 116.163 67.0 活 0
116.163 116.401 67.0 就 0
116.401 116.639 67.0 象 0
116.639 117.115 67.0 爬 0
117.115 117.353 63.0 大 0
117.353 118.068 65.0 山 1
119.541 119.779 65.0 生 0
119.779 120.017 65.0 活 0
120.017 120.255 65.0 就 0
120.255 120.494 65.0 象 0
120.494 120.97 65.0 趟 0
120.97 121.208 60.0 大 0
121.208 121.922 58.0 河 1
123.222 123.46 65.0 一 0
123.46 123.936 68.0 - 0
123.936 124.174 68.0 步 0
124.174 124.65 68.0 一 0
124.65 125.126 67.0 个 0
125.126 125.603 65.0 深 0
125.603 125.841 65.0 深 0
125.841 126.079 63.0 的 0
126.079 126.555 60.0 脚 0
126.555 127.031 58.0 窝 1
127.14 127.616 55.0 一 0
127.616 128.093 63.0 个 0
128.093 128.569 58.0 脚 0
128.569 129.045 58.0 窝 0
129.045 129.521 55.0 一 0
129.521 130.474 53.0 - 0
130.474 130.95 63.0 支 0
130.95 136.902 65.0 歌 1
153.758 153.996 67.0 再 0
153.996 154.234 67.0 也 0
154.234 154.472 67.0 不 0
154.472 154.71 67.0 能 0
154.71 155.186 67.0 这 0
155.186 155.425 63.0 样 0
155.425 156.139 65.0 活 1
157.548 157.787 65.0 再 0
157.787 158.025 65.0 也 0
158.025 158.263 65.0 不 0
158.263 158.501 65.0 能 0
158.501 158.977 65.0 那 0
158.977 159.215 60.0 样 0
159.215 159.929 58.0 过 1
161.327 161.565 65.0 生 0
161.565 162.041 68.0 - 0
162.041 162.279 68.0 活 0
162.279 162.756 68.0 就 0
162.756 163.232 67.0 得 0
163.232 163.708 65.0 前 0
163.708 164.184 63.0 思 0
164.184 164.66 60.0 后 0
164.66 165.136 58.0 想 1
165.223 165.7 55.0 想 0
165.7 165.938 63.0 好 0
165.938 166.176 63.0 了 0
166.176 166.652 60.0 你 0
166.652 167.128 58.0 再 0
167.128 167.604 55.0 做 0
167.604 168.081 53.0 - 1
168.968 169.206 67.0 生 0
169.206 169.444 67.0 活 0
169.444 169.682 67.0 就 0
169.682 169.92 67.0 象 0
169.92 170.397 65.0 爬 0
170.397 170.635 63.0 大 0
170.635 171.349 65.0 山 1
172.686 172.924 65.0 生 0
172.924 173.162 65.0 活 0
173.162 173.4 65.0 就 0
173.4 173.638 65.0 象 0
173.638 174.114 65.0 趟 0
174.114 174.352 60.0 大 0
174.352 175.066 58.0 河 1
176.648 176.886 65.0 一 0
176.886 177.362 68.0 - 0
177.362 177.6 68.0 步 0
177.6 178.077 68.0 一 0
178.077 178.553 67.0 个 0
178.553 179.029 65.0 深 0
179.029 179.267 65.0 深 0
179.267 179.505 63.0 的 0
179.505 179.981 60.0 脚 0
179.981 180.458 58.0 窝 1
180.47 180.946 55.0 一 0
180.946 181.422 63.0 个 0
181.422 181.898 58.0 脚 0
181.898 182.374 58.0 窝 0
182.374 182.851 58.0 一 0
182.851 183.803 53.0 - 0
183.803 184.279 63.0 支 0
184.279 194.16 65.0 歌 1
