43.437 43.77 58.0 有 0
43.77 44.102 63.0 多 0
44.102 44.435 65.0 久 0
44.435 44.768 65.0 没 0
44.768 45.018 65.0 见 0
45.018 45.351 67.0 - 0
45.351 46.516 60.0 你 1
48.552 48.968 62.0 以 0
48.968 49.301 62.0 为 0
49.301 49.634 63.0 你 0
49.634 49.967 63.0 在 0
49.967 50.3 63.0 那 0
50.3 50.633 65.0 - 0
50.633 52.048 58.0 里 1
53.747 54.08 60.0 原 0
54.08 54.497 60.0 来 0
54.497 54.83 62.0 就 0
54.83 55.163 62.0 住 0
55.163 55.495 62.0 在 0
55.495 55.912 63.0 - 0
55.912 56.744 56.0 我 0
57.41 57.66 65.0 心 0
57.66 58.159 67.0 - 0
58.159 58.825 65.0 底 1
59.152 59.485 58.0 陪 0
59.485 59.901 62.0 伴 0
59.901 60.234 63.0 着 0
60.234 60.567 63.0 我 0
60.567 61.233 65.0 的 0
61.233 61.899 65.0 呼 0
61.899 62.814 58.0 吸 1
64.504 64.837 58.0 有 0
64.837 65.253 63.0 多 0
65.253 65.503 65.0 远 0
65.503 65.919 65.0 的 0
65.919 66.169 65.0 距 0
66.169 66.585 67.0 - 0
66.585 68.167 60.0 离 1
68.201 68.867 67.0 以 0
68.867 69.533 65.0 为 0
69.866 70.199 62.0 闻 0
70.199 70.532 62.0 不 0
70.532 70.865 63.0 到 0
70.865 71.364 63.0 你 0
71.364 71.863 65.0 气 0
71.863 73.279 58.0 息 1
75.1 75.433 60.0 谁 0
75.433 75.766 60.0 知 0
75.766 76.099 62.0 道 0
76.099 76.432 62.0 你 0
76.432 76.765 62.0 背 0
76.765 77.098 63.0 - 0
77.098 77.681 56.0 影 0
78.097 78.43 65.0 这 0
78.43 79.096 67.0 - 0
79.096 79.429 68.0 么 0
79.429 79.762 67.0 长 0
79.762 80.261 65.0 - 1
80.374 80.706 58.0 回 0
80.706 81.039 62.0 头 0
81.039 81.372 63.0 就 0
81.372 81.872 65.0 看 0
81.872 82.363 67.0 到 0
82.363 84.146 63.0 你 1
85.725 86.057 58.0 过 0
86.057 86.389 63.0 去 0
86.389 86.721 65.0 让 0
86.721 87.053 67.0 它 0
87.053 87.385 68.0 过 0
87.385 88.878 70.0 去 1
89.404 89.736 62.0 来 0
89.736 90.4 65.0 不 0
90.4 91.063 63.0 及 1
91.333 91.665 63.0 从 0
91.665 91.997 62.0 头 0
91.997 92.329 63.0 喜 0
92.329 92.992 72.0 欢 0
92.992 94.32 70.0 你 1
94.564 95.227 62.0 白 0
95.227 95.559 60.0 云 0
95.559 95.891 60.0 缠 0
95.891 96.223 70.0 绕 0
96.223 96.555 68.0 着 0
96.555 96.887 67.0 蓝 0
96.887 97.219 65.0 - 0
97.219 97.55 65.0 天 0
97.882 99.21 70.0 哈 1
99.548 99.879 70.0 如 0
99.879 100.211 70.0 果 0
100.211 100.543 73.0 不 0
100.543 100.875 73.0 能 0
100.875 101.207 72.0 够 0
101.207 101.539 72.0 永 0
101.539 101.871 70.0 远 0
101.871 102.534 70.0 走 0
102.534 102.866 67.0 在 0
102.866 103.53 70.0 一 0
103.53 104.525 68.0 起 1
104.865 105.197 68.0 也 0
105.197 105.529 68.0 至 0
105.529 105.861 70.0 少 0
105.861 106.525 71.0 给 0
106.525 106.856 70.0 我 0
106.856 107.188 68.0 们 1
107.918 108.25 63.0 怀 0
108.25 108.582 65.0 念 0
108.582 109.245 67.0 的 0
109.245 109.577 58.0 勇 0
109.577 110.407 67.0 气 1
110.514 110.846 68.0 拥 0
110.846 111.178 67.0 抱 0
111.178 111.841 65.0 的 0
111.841 112.173 58.0 权 0
112.173 112.837 65.0 利 1
113.174 113.506 63.0 好 0
113.506 113.837 65.0 让 0
113.837 114.501 67.0 你 0
114.501 114.833 58.0 明 0
114.833 115.497 67.0 白 1
115.809 116.638 67.0 我 0
116.638 116.97 67.0 心 0
116.97 117.634 65.0 动 0
117.966 118.629 63.0 的 0
118.629 119.293 62.0 痕 0
119.293 121.284 63.0 迹 1
141.358 141.68 58.0 过 0
141.68 142.003 63.0 去 0
142.003 142.326 65.0 让 0
142.326 142.648 67.0 它 0
142.648 142.971 68.0 过 0
142.971 144.463 70.0 去 1
144.916 145.247 62.0 来 0
145.247 145.91 65.0 不 0
145.91 146.573 63.0 及 1
147.014 147.345 63.0 从 0
147.345 147.677 62.0 头 0
147.677 148.008 63.0 喜 0
148.008 148.671 72.0 欢 0
148.671 149.997 70.0 你 1
150.327 150.99 62.0 白 0
150.99 151.321 60.0 云 0
151.321 151.653 60.0 缠 0
151.653 151.984 70.0 绕 0
151.984 152.316 68.0 着 0
152.316 152.647 67.0 蓝 0
152.647 152.979 65.0 - 0
152.979 153.31 65.0 天 0
153.642 154.967 70.0 哦 1
155.311 155.642 70.0 如 0
155.642 155.974 70.0 果 0
155.974 156.305 73.0 不 0
156.305 156.637 73.0 能 0
156.637 156.968 72.0 够 0
156.968 157.3 72.0 永 0
157.3 157.631 70.0 远 0
157.631 158.294 70.0 走 0
158.294 158.626 67.0 在 0
158.626 159.289 70.0 一 0
159.289 159.62 68.0 起 0
159.62 160.283 68.0 - 1
160.637 160.968 68.0 也 0
160.968 161.3 68.0 至 0
161.3 161.631 70.0 少 0
161.631 162.294 71.0 给 0
162.294 162.709 70.0 我 0
162.709 163.206 68.0 们 1
163.647 163.979 63.0 怀 0
163.979 164.31 65.0 念 0
164.31 164.973 67.0 的 0
164.973 165.305 58.0 勇 0
165.305 166.133 67.0 气 1
166.283 166.615 68.0 拥 0
166.615 166.946 67.0 抱 0
166.946 167.609 65.0 的 0
167.609 168.024 58.0 权 0
168.024 168.604 65.0 利 1
168.954 169.286 63.0 好 0
169.286 169.617 65.0 让 0
169.617 170.28 67.0 你 0
170.28 170.694 58.0 明 0
170.694 171.192 67.0 白 1
171.513 172.176 67.0 我 0
172.176 172.508 67.0 心 0
172.508 173.171 65.0 动 0
173.502 174.165 63.0 的 0
174.165 174.828 62.0 痕 0
174.828 176.817 63.0 迹 1
178.552 179.05 58.0 总 0
179.05 179.381 63.0 是 0
179.381 179.713 65.0 想 0
179.713 180.127 65.0 再 0
180.127 180.707 67.0 见 0
180.707 182.033 60.0 你 1
183.865 184.197 62.0 还 0
184.197 184.528 62.0 试 0
184.528 184.86 63.0 着 0
184.86 185.357 63.0 打 0
185.357 185.854 65.0 探 0
185.854 186.849 58.0 你 0
187.512 188.175 65.0 消 0
188.175 188.838 63.0 息 1
189.073 189.405 60.0 原 0
189.405 189.736 60.0 来 0
189.736 190.068 62.0 你 0
190.068 190.399 62.0 就 0
190.399 190.731 62.0 住 0
190.731 191.062 63.0 - 0
191.062 191.725 56.0 在 0
192.057 192.388 65.0 我 0
192.388 193.051 67.0 - 0
193.051 193.383 68.0 的 0
193.383 193.714 67.0 身 0
193.714 194.211 65.0 体 1
194.477 194.808 58.0 守 0
194.808 195.14 62.0 护 0
195.14 195.471 63.0 我 0
195.471 196.134 65.0 的 0
196.134 196.549 67.0 回 0
196.549 198.786 63.0 忆 1
