46.329 46.706 57.0 怕 0
46.709 47.085 59.0 听 0
47.089 47.983 66.0 见 0
48.608 48.976 59.0 寒 0
48.987 49.826 57.0 风 0
50.886 51.263 54.0 扰 0
51.266 51.642 57.0 乱 0
51.646 52.362 64.0 了 0
53.165 53.541 57.0 叶 0
53.544 54.35 59.0 落 1
55.48 55.857 57.0 在 0
55.86 56.236 59.0 寂 0
56.24 56.39 66.0 寞 0
56.619 56.755 66.0 阴 0
56.999 57.135 66.0 暗 0
57.379 57.524 66.0 章 0
57.759 58.072 59.0 句 0
58.138 58.861 57.0 中 0
59.657 59.985 59.0 的 0
60.037 60.414 57.0 巷 0
60.417 61.437 54.0 弄 1
64.633 65.01 57.0 我 0
65.013 65.381 59.0 听 0
65.392 66.286 66.0 见 0
66.911 67.286 59.0 孤 0
67.291 68.13 57.0 单 0
69.19 69.566 54.0 在 0
69.57 69.946 57.0 隐 0
69.949 70.329 64.0 忍 0
70.329 70.661 64.0 的 0
71.468 71.845 57.0 夜 0
71.848 72.654 59.0 晚 1
73.615 73.991 57.0 是 0
73.995 74.371 59.0 被 0
74.374 74.656 66.0 爱 0
74.754 74.89 66.0 刺 0
75.134 75.27 66.0 痛 0
75.514 75.659 66.0 戳 0
75.893 76.207 59.0 记 0
76.273 76.996 57.0 着 0
77.033 77.599 59.0 的 0
78.172 78.548 62.0 胸 0
78.552 78.8 59.0 - 0
78.931 81.491 59.0 膛 1
82.39 82.722 59.0 我 0
82.77 83.089 61.0 是 0
83.15 83.512 62.0 心 0
83.529 83.822 59.0 门 0
83.909 84.286 62.0 上 0
84.289 84.665 59.0 了 0
84.669 85.025 62.0 锁 0
85.048 85.406 59.0 的 0
85.428 85.778 62.0 一 0
85.808 86.089 64.0 扇 0
86.188 86.594 64.0 窗 1
87.283 87.632 66.0 任 0
87.663 88.019 57.0 寒 0
88.042 88.422 54.0 风 0
88.422 88.802 54.0 来 0
88.802 89.182 54.0 来 0
89.182 89.558 54.0 去 0
89.561 89.922 54.0 去 0
89.941 90.297 57.0 关 0
90.321 90.523 59.0 不 0
90.7 91.229 59.0 上 1
91.781 92.16 59.0 这 0
92.16 92.537 62.0 些 0
92.54 92.92 59.0 年 0
92.92 93.297 62.0 无 0
93.3 93.673 59.0 法 0
93.679 93.866 62.0 - 0
93.869 94.056 59.0 修 0
94.059 94.439 59.0 补 0
94.439 94.649 62.0 的 0
94.819 95.1 64.0 风 0
95.198 95.458 64.0 霜 1
96.019 96.172 57.0 看 0
96.399 96.598 57.0 来 0
96.778 97.511 67.0 格 0
97.538 98.293 66.0 外 0
98.297 98.596 64.0 的 0
98.677 99.057 67.0 凄 0
99.057 100.304 66.0 凉 1
100.986 101.343 59.0 风 0
101.365 101.723 62.0 来 0
101.745 102.125 59.0 时 0
102.125 102.501 62.0 撩 0
102.505 102.826 59.0 过 0
102.884 103.261 62.0 过 0
103.264 103.592 59.0 往 0
103.644 103.84 62.0 的 0
104.024 104.305 64.0 忧 0
104.403 104.818 64.0 伤 1
105.56 105.843 66.0 像 0
105.939 106.306 57.0 整 0
106.319 106.699 54.0 个 0
106.699 106.886 57.0 - 0
106.889 107.068 54.0 季 0
107.079 107.458 54.0 节 0
107.458 107.835 57.0 廉 0
107.838 108.204 54.0 价 0
108.218 108.533 57.0 的 0
108.598 108.879 59.0 狂 0
108.977 109.509 59.0 欢 1
110.051 110.394 59.0 让 0
110.43 110.796 62.0 我 0
110.81 111.161 59.0 们 0
111.19 111.563 62.0 重 0
111.57 111.949 59.0 头 0
111.949 112.307 62.0 来 0
112.329 112.56 59.0 吧 0
112.709 113.18 62.0 如 0
113.468 113.94 61.0 梦 0
114.608 114.97 62.0 如 0
114.987 115.237 59.0 - 0
115.367 117.763 59.0 幻 1
119.227 119.603 57.0 我 0
119.606 119.983 59.0 听 0
119.986 120.7 66.0 见 0
121.505 121.882 59.0 拒 0
121.885 122.559 57.0 绝 0
123.783 124.16 54.0 又 0
124.163 124.529 57.0 嘲 0
124.543 124.772 64.0 笑 0
124.923 125.621 64.0 了 0
126.062 126.344 57.0 黑 0
126.442 127.831 59.0 夜 1
128.234 128.611 57.0 我 0
128.614 128.958 59.0 只 0
128.994 129.162 66.0 是 0
129.374 129.533 66.0 寒 0
129.753 129.904 66.0 冬 0
130.133 130.32 66.0 向 0
130.513 130.818 59.0 着 0
130.893 131.559 57.0 心 0
131.652 132.431 59.0 扉 0
132.791 133.168 62.0 的 0
133.171 133.453 59.0 - 0
133.551 135.01 59.0 窗 1
157.923 158.299 57.0 我 0
158.302 158.679 59.0 听 0
158.682 159.396 66.0 见 0
160.201 160.578 59.0 孤 0
160.581 161.255 57.0 单 0
162.48 162.856 54.0 在 0
162.859 163.225 57.0 隐 0
163.239 163.521 64.0 忍 0
163.619 164.317 64.0 的 0
164.758 165.04 57.0 夜 0
165.138 166.527 59.0 晚 1
166.978 167.354 57.0 是 0
167.357 167.701 59.0 被 0
167.737 167.905 66.0 爱 0
168.117 168.277 66.0 刺 0
168.497 168.647 66.0 痛 0
168.876 169.063 66.0 戳 0
169.256 169.561 59.0 记 0
169.636 170.302 57.0 着 0
170.395 171.174 59.0 的 0
171.535 171.911 62.0 胸 0
171.914 172.196 59.0 - 0
172.294 173.753 59.0 膛 1
175.851 176.183 59.0 我 0
176.231 176.55 61.0 是 0
176.61 176.973 62.0 心 0
176.99 177.283 59.0 门 0
177.37 177.746 62.0 上 0
177.75 178.126 59.0 了 0
178.129 178.485 62.0 锁 0
178.509 178.867 59.0 的 0
178.889 179.238 62.0 一 0
179.269 179.55 64.0 扇 0
179.648 180.055 64.0 窗 1
180.813 181.162 66.0 任 0
181.192 181.548 57.0 寒 0
181.572 181.952 54.0 风 0
181.952 182.332 54.0 来 0
182.332 182.711 54.0 来 0
182.711 183.088 57.0 去 0
183.091 183.452 54.0 去 0
183.471 183.827 57.0 关 0
183.851 184.053 59.0 不 0
184.23 184.759 59.0 上 1
185.356 185.736 59.0 这 0
185.736 186.113 62.0 些 0
186.116 186.496 59.0 年 0
186.496 186.872 62.0 无 0
186.875 187.249 59.0 法 0
187.255 187.632 62.0 修 0
187.635 188.015 59.0 补 0
188.015 188.225 62.0 的 0
188.394 188.676 64.0 风 0
188.774 189.034 64.0 霜 1
189.504 189.657 57.0 看 0
189.883 190.083 57.0 来 0
190.263 190.996 67.0 格 0
191.023 191.777 66.0 外 0
191.782 192.081 64.0 的 0
192.162 192.542 67.0 凄 0
192.542 193.789 66.0 凉 1
194.364 194.722 59.0 风 0
194.744 195.102 62.0 来 0
195.124 195.504 59.0 时 0
195.504 195.88 62.0 撩 0
195.883 196.205 59.0 过 0
196.263 196.64 62.0 过 0
196.643 196.97 59.0 往 0
197.023 197.219 62.0 的 0
197.402 197.684 64.0 忧 0
197.782 198.197 64.0 伤 1
198.946 199.23 66.0 像 0
199.326 199.693 57.0 整 0
199.706 200.086 54.0 个 0
200.086 200.272 57.0 - 0
200.275 200.454 54.0 季 0
200.465 200.845 54.0 节 0
200.845 201.222 57.0 廉 0
201.225 201.59 54.0 价 0
201.605 201.919 57.0 的 0
201.984 202.266 59.0 狂 0
202.364 202.896 59.0 欢 1
203.598 203.942 59.0 让 0
203.978 204.344 62.0 我 0
204.358 204.709 59.0 们 0
204.738 205.111 62.0 重 0
205.117 205.497 59.0 头 0
205.497 205.855 62.0 来 0
205.877 206.108 59.0 吧 0
206.257 206.728 62.0 如 0
207.016 207.488 61.0 梦 0
208.155 208.518 62.0 如 0
208.535 208.785 59.0 - 0
208.915 211.31 59.0 幻 1
212.332 212.664 59.0 我 0
212.711 213.031 61.0 是 0
213.091 213.453 62.0 心 0
213.471 213.763 59.0 门 0
213.851 214.227 59.0 上 0
214.23 214.607 59.0 了 0
214.61 214.966 62.0 锁 0
214.99 215.347 59.0 的 0
215.37 215.719 62.0 一 0
215.749 216.031 66.0 扇 0
216.129 216.536 64.0 窗 1
217.156 217.506 66.0 任 0
217.536 217.723 57.0 - 0
217.726 218.295 54.0 寒 0
218.295 218.482 57.0 风 0
218.485 218.675 54.0 来 0
218.675 219.055 54.0 - 0
219.055 219.242 57.0 来 0
219.245 219.432 54.0 去 0
219.435 219.795 54.0 - 0
219.814 220.17 57.0 去 0
220.194 220.286 61.0 关 0
220.289 220.476 62.0 不 0
220.574 221.102 59.0 上 1
221.748 222.125 59.0 这 0
222.128 222.505 62.0 些 0
222.508 222.887 59.0 年 0
222.887 223.264 62.0 无 0
223.267 223.641 59.0 法 0
223.647 224.024 62.0 修 0
224.027 224.406 59.0 补 0
224.406 224.617 62.0 的 0
224.786 225.068 64.0 风 0
225.166 225.425 64.0 霜 1
225.885 226.039 57.0 看 0
226.265 226.465 57.0 来 0
226.645 227.378 67.0 格 0
227.404 228.159 66.0 外 0
228.164 228.463 64.0 的 0
228.544 228.923 67.0 凄 0
228.923 230.17 66.0 凉 1
230.817 231.175 59.0 风 0
231.197 231.554 62.0 来 0
231.577 231.956 59.0 时 0
231.956 232.333 62.0 撩 0
232.336 232.657 59.0 过 0
232.716 233.092 62.0 过 0
233.096 233.423 59.0 往 0
233.475 233.672 62.0 的 0
233.855 234.137 64.0 忧 0
234.235 234.649 64.0 伤 1
235.356 235.639 66.0 像 0
235.736 236.103 57.0 整 0
236.116 236.495 54.0 个 0
236.495 236.682 57.0 - 0
236.685 236.864 54.0 季 0
236.875 237.255 54.0 节 0
237.255 237.631 57.0 廉 0
237.635 238.0 54.0 价 0
238.014 238.329 57.0 的 0
238.394 238.676 59.0 狂 0
238.774 239.305 59.0 欢 1
240.01 240.353 59.0 让 0
240.39 240.755 62.0 我 0
240.77 241.121 59.0 们 0
241.149 241.523 62.0 重 0
241.529 241.909 59.0 头 0
241.909 242.266 62.0 来 0
242.289 242.52 59.0 吧 0
242.668 243.14 62.0 如 0
243.428 243.899 61.0 梦 0
244.567 244.929 62.0 如 0
244.947 245.197 59.0 - 0
245.327 247.722 59.0 幻 1
249.038 249.415 57.0 怕 0
249.418 249.794 59.0 听 0
249.797 250.511 66.0 见 0
251.316 251.693 59.0 拒 0
251.696 252.37 57.0 绝 0
253.595 253.972 54.0 又 0
253.975 254.34 57.0 嘲 0
254.354 254.584 64.0 笑 0
254.734 255.432 64.0 了 0
255.873 256.155 57.0 黑 0
256.253 257.642 59.0 夜 1
258.19 258.566 57.0 我 0
258.57 258.913 59.0 只 0
258.949 259.117 66.0 是 0
259.329 259.489 66.0 寒 0
259.709 259.859 66.0 冬 0
260.089 260.275 66.0 向 0
260.468 260.774 59.0 着 0
260.848 261.514 57.0 心 0
261.608 262.386 59.0 扉 0
262.747 263.123 62.0 的 0
263.127 263.408 59.0 - 0
263.506 265.402 59.0 窗 1
267.422 267.798 57.0 我 0
267.802 268.145 59.0 只 0
268.181 268.349 66.0 是 0
268.561 268.721 66.0 寒 0
268.941 269.091 66.0 冬 0
269.321 269.512 66.0 向 0
269.7 270.006 59.0 着 0
270.08 270.738 57.0 心 0
270.84 271.618 59.0 扉 0
272.026 272.403 62.0 的 0
272.501 273.067 59.0 - 0
273.118 274.634 59.0 窗 1
