18.215 18.461 55.0 如 0
18.465 18.711 55.0 果 0
18.715 18.961 55.0 不 0
18.965 19.461 60.0 小 0
19.465 19.711 58.0 心 0
19.715 19.961 58.0 伤 0
19.965 20.211 56.0 害 0
20.215 20.461 56.0 了 0
20.465 21.211 56.0 你 1
21.448 21.694 56.0 你 0
21.698 22.194 58.0 不 0
22.198 22.444 53.0 要 0
22.448 22.694 53.0 太 0
22.948 23.444 55.0 伤 0
23.448 24.694 55.0 心 1
26.32 26.566 51.0 因 0
26.57 26.816 51.0 为 0
26.82 27.066 51.0 我 0
27.07 27.566 53.0 真 0
27.57 27.816 55.0 的 0
27.82 28.066 55.0 不 0
28.07 28.316 53.0 是 0
28.32 28.566 53.0 故 0
28.57 28.816 53.0 意 1
29.669 30.165 53.0 让 0
30.169 30.415 51.0 你 0
30.419 30.915 53.0 受 0
30.919 31.415 55.0 委 0
31.419 32.665 55.0 屈 1
34.247 34.493 55.0 既 0
34.497 34.743 55.0 然 0
34.747 34.993 55.0 相 0
34.997 35.493 60.0 爱 0
35.497 35.743 58.0 了 0
35.747 36.243 58.0 那 0
36.247 36.493 56.0 么 0
36.497 37.243 56.0 久 1
37.353 37.599 56.0 不 0
37.603 37.849 56.0 能 0
37.853 38.349 58.0 就 0
38.353 38.599 53.0 这 0
38.603 38.849 53.0 样 0
39.103 39.599 55.0 分 0
39.603 40.849 55.0 手 1
42.341 42.587 51.0 因 0
42.591 42.837 51.0 为 0
42.841 43.087 51.0 我 0
43.091 43.337 51.0 们 0
43.341 43.587 51.0 的 0
43.591 43.837 60.0 爱 0
43.841 44.087 60.0 来 0
44.091 44.337 58.0 之 0
44.341 44.587 55.0 不 0
44.591 45.337 58.0 易 1
45.56 45.806 55.0 我 0
45.81 46.306 62.0 真 0
46.31 46.556 62.0 的 0
46.56 47.056 60.0 不 0
47.06 47.556 63.0 想 0
47.56 48.056 62.0 放 0
48.06 48.806 60.0 弃 1
49.27 49.516 60.0 宝 0
49.52 49.766 62.0 贝 0
49.77 50.266 62.0 好 0
50.27 50.766 63.0 伤 0
50.77 51.266 63.0 心 1
51.266 51.512 60.0 宝 0
51.516 51.762 62.0 贝 0
51.766 52.262 62.0 别 0
52.266 52.762 63.0 伤 0
52.766 53.012 63.0 心 1
53.056 53.302 63.0 我 0
53.306 53.552 65.0 依 0
53.556 53.802 63.0 然 0
53.806 54.302 60.0 爱 0
54.306 54.802 62.0 着 0
54.806 55.552 62.0 你 1
55.801 56.297 58.0 想 0
56.301 56.547 58.0 着 0
56.551 57.047 62.0 你 0
57.051 57.797 58.0 - 1
57.804 58.3 60.0 别 0
58.304 58.55 58.0 离 0
58.554 59.3 60.0 去 1
59.775 60.271 60.0 没 0
60.275 60.521 55.0 有 0
60.525 61.021 53.0 你 0
61.025 61.271 55.0 的 0
61.275 61.521 53.0 日 0
61.525 61.771 51.0 子 1
61.812 62.308 51.0 真 0
62.312 62.558 51.0 的 0
62.562 63.058 53.0 好 0
63.062 63.558 55.0 空 0
63.562 64.058 55.0 虚 0
64.062 64.808 55.0 - 1
65.312 65.558 60.0 贝 0
65.562 65.808 62.0 贝 0
65.812 66.308 62.0 在 0
66.312 66.808 63.0 一 0
66.812 67.308 63.0 起 1
67.348 67.594 60.0 贝 0
67.598 67.844 62.0 贝 0
67.848 68.344 62.0 别 0
68.348 68.844 63.0 哭 0
68.848 69.094 63.0 泣 1
69.117 69.363 63.0 我 0
69.367 69.613 65.0 依 0
69.617 69.863 63.0 然 0
69.867 70.363 60.0 疼 0
70.367 70.863 62.0 着 0
70.867 71.363 62.0 你 1
71.861 72.357 60.0 念 0
72.361 72.607 58.0 着 0
72.611 73.107 62.0 你 0
73.111 73.857 58.0 - 1
73.863 74.359 60.0 我 0
74.363 74.859 58.0 的 0
74.863 75.359 60.0 心 1
75.767 76.263 62.0 永 0
76.267 76.763 62.0 远 0
76.767 77.263 62.0 属 0
77.267 77.513 62.0 于 0
77.517 78.263 62.0 你 0
78.267 79.763 60.0 - 1
114.208 114.454 55.0 既 0
114.458 114.704 55.0 然 0
114.708 114.954 55.0 相 0
114.958 115.454 60.0 爱 0
115.458 115.704 58.0 了 0
115.708 116.204 58.0 那 0
116.208 116.454 56.0 么 0
116.458 116.954 56.0 久 1
117.307 117.553 56.0 不 0
117.557 117.803 56.0 能 0
117.807 118.303 56.0 就 0
118.307 118.553 53.0 这 0
118.557 118.803 53.0 样 0
119.057 119.553 55.0 分 0
119.557 120.803 55.0 手 1
122.242 122.488 51.0 因 0
122.492 122.738 51.0 为 0
122.742 122.988 51.0 我 0
122.992 123.238 51.0 们 0
123.242 123.488 51.0 的 0
123.492 123.738 60.0 爱 0
123.742 123.988 60.0 来 0
123.992 124.238 58.0 之 0
124.242 124.488 55.0 不 0
124.492 125.238 58.0 易 1
125.528 125.774 55.0 我 0
125.778 126.274 62.0 真 0
126.278 126.524 62.0 的 0
126.528 127.024 60.0 不 0
127.028 127.524 63.0 想 0
127.528 128.024 62.0 放 0
128.028 128.774 60.0 弃 1
129.256 129.502 60.0 宝 0
129.506 129.752 62.0 贝 0
129.756 130.252 62.0 好 0
130.256 130.752 63.0 伤 0
130.756 131.252 63.0 心 1
131.272 131.518 60.0 宝 0
131.522 131.768 62.0 贝 0
131.772 132.268 62.0 别 0
132.272 132.768 63.0 伤 0
132.772 133.018 63.0 心 1
133.039 133.285 63.0 我 0
133.289 133.535 65.0 依 0
133.539 133.785 63.0 然 0
133.789 134.285 60.0 爱 0
134.289 134.785 62.0 着 0
134.789 135.535 62.0 你 0
135.789 136.285 58.0 想 0
136.289 136.535 58.0 着 0
136.539 137.035 62.0 你 0
137.039 137.785 58.0 - 1
137.815 138.311 60.0 别 0
138.315 138.561 58.0 离 0
138.565 139.311 60.0 去 1
139.862 140.358 60.0 没 0
140.362 140.608 55.0 有 0
140.612 141.108 53.0 你 0
141.112 141.358 55.0 的 0
141.362 141.608 53.0 日 0
141.612 141.858 51.0 子 0
141.862 142.358 51.0 真 0
142.362 142.608 51.0 的 0
142.612 143.108 53.0 好 0
143.112 143.608 55.0 空 0
143.612 144.108 55.0 虚 0
144.112 144.858 55.0 - 1
145.212 145.458 60.0 宝 0
145.462 145.708 62.0 贝 0
145.712 146.208 62.0 在 0
146.212 146.708 63.0 一 0
146.712 147.208 63.0 起 1
147.25 147.496 60.0 宝 0
147.5 147.746 62.0 贝 0
147.75 148.246 62.0 别 0
148.25 148.746 63.0 哭 0
148.75 148.996 63.0 泣 1
149.054 149.3 63.0 我 0
149.304 149.55 65.0 依 0
149.554 149.8 63.0 然 0
149.804 150.3 60.0 疼 0
150.304 150.8 62.0 着 0
150.804 151.3 62.0 你 0
151.804 152.3 60.0 念 0
152.304 152.55 58.0 着 0
152.554 153.05 62.0 你 0
153.054 153.8 58.0 - 1
153.832 154.328 60.0 我 0
154.332 154.578 58.0 的 0
154.582 154.828 58.0 心 0
154.832 155.328 60.0 - 0
155.832 156.328 62.0 永 0
156.332 156.828 62.0 远 0
156.832 157.328 62.0 属 0
157.332 157.578 62.0 于 0
157.582 158.328 62.0 你 0
158.332 159.828 60.0 - 1
160.682 161.178 60.0 原 0
161.182 161.678 62.0 谅 0
161.682 162.178 63.0 我 0
162.682 162.928 55.0 这 0
162.932 163.428 60.0 一 0
163.432 164.178 58.0 次 1
165.219 165.465 58.0 我 0
165.469 165.715 60.0 真 0
165.719 166.715 62.0 的 0
166.719 166.965 55.0 好 0
166.969 167.215 60.0 想 0
167.219 167.715 62.0 - 0
167.719 168.715 60.0 你 1
169.278 169.524 60.0 不 0
169.528 169.774 63.0 管 0
169.778 170.274 65.0 你 0
170.278 170.524 65.0 离 0
170.528 170.774 65.0 我 0
170.778 171.274 65.0 多 0
171.278 171.524 63.0 么 0
171.528 172.024 62.0 遥 0
172.028 172.774 62.0 远 1
173.355 173.601 60.0 我 0
173.605 173.851 62.0 会 0
173.855 174.351 62.0 一 0
174.355 174.851 63.0 直 0
175.105 175.601 65.0 等 0
175.605 175.851 68.0 着 0
175.855 176.851 67.0 你 1
193.085 193.333 60.0 宝 0
193.337 193.585 62.0 贝 0
193.589 194.088 62.0 好 0
194.093 194.592 63.0 伤 0
194.596 195.096 63.0 心 1
195.131 195.379 60.0 宝 0
195.383 195.631 62.0 贝 0
195.635 196.134 62.0 别 0
196.139 196.638 63.0 伤 0
196.642 196.89 63.0 心 1
196.89 197.138 63.0 我 0
197.142 197.39 65.0 依 0
197.394 197.642 63.0 然 0
197.646 198.146 60.0 爱 0
198.15 198.649 62.0 着 0
198.654 199.405 62.0 你 1
199.666 200.166 58.0 想 0
200.17 200.418 58.0 着 0
200.422 200.921 62.0 你 0
200.926 201.677 58.0 - 1
201.68 202.178 60.0 别 0
202.182 202.428 58.0 离 0
202.432 203.178 60.0 去 1
203.534 204.03 60.0 没 0
204.034 204.28 55.0 有 0
204.284 204.78 53.0 你 0
204.784 205.03 55.0 的 0
205.034 205.28 53.0 日 0
205.284 205.53 51.0 子 0
205.534 206.03 51.0 真 0
206.034 206.28 51.0 的 0
206.284 206.78 53.0 好 0
206.784 207.28 55.0 空 0
207.284 207.78 55.0 虚 0
207.784 208.53 55.0 - 1
209.088 209.334 60.0 宝 0
209.338 209.584 62.0 贝 0
209.588 210.084 62.0 在 0
210.088 210.584 63.0 一 0
210.588 211.084 63.0 起 1
211.157 211.403 60.0 宝 0
211.407 211.653 62.0 贝 0
211.657 212.153 62.0 别 0
212.157 212.653 63.0 哭 0
212.657 212.903 63.0 泣 1
212.946 213.192 63.0 我 0
213.196 213.442 65.0 依 0
213.446 213.692 63.0 然 0
213.696 214.192 60.0 疼 0
214.196 214.692 62.0 着 0
214.696 215.192 62.0 你 0
215.696 216.192 60.0 念 0
216.196 216.442 58.0 着 0
216.446 216.942 62.0 你 0
216.946 217.192 60.0 - 1
217.202 217.698 58.0 我 0
217.702 218.198 60.0 - 0
218.202 218.448 58.0 的 0
218.452 218.698 58.0 心 0
218.702 219.198 60.0 - 0
219.702 220.198 62.0 永 0
220.202 220.698 62.0 远 0
220.702 221.198 62.0 属 0
221.202 221.448 62.0 于 0
221.452 222.198 62.0 你 0
222.202 223.698 60.0 - 1
225.172 225.668 60.0 我 0
225.672 225.918 58.0 的 0
225.922 226.418 60.0 心 0
226.422 227.418 60.0 - 0
227.672 228.168 60.0 永 0
228.172 228.668 62.0 远 0
228.672 229.168 62.0 属 0
229.172 229.418 62.0 于 0
229.422 231.918 60.0 你 1
