15.967 16.286 59.0 心 0
16.286 16.712 57.0 若 0
16.712 17.244 55.0 倦 0
17.244 19.352 59.0 了 1
20.228 20.527 59.0 泪 0
20.527 20.9 57.0 也 0
20.9 21.341 55.0 干 0
21.341 21.782 54.0 - 0
21.782 22.665 54.0 了 1
23.939 24.355 55.0 这 0
24.355 25.238 52.0 份 0
25.679 26.12 64.0 深 0
26.12 27.002 64.0 情 0
27.073 27.636 64.0 难 0
27.636 28.059 62.0 舍 0
28.059 28.481 59.0 难 0
28.481 30.094 62.0 了 1
30.478 30.913 62.0 曾 0
30.913 31.347 66.0 经 0
31.347 31.782 67.0 拥 0
31.782 33.086 60.0 有 0
33.956 34.391 57.0 天 0
34.391 34.826 64.0 荒 0
34.826 35.28 66.0 地 0
35.28 37.085 62.0 老 1
37.479 37.765 62.0 已 0
37.765 38.051 60.0 不 0
38.051 38.336 59.0 见 0
38.336 40.051 64.0 你 1
41.386 41.719 64.0 暮 0
41.719 42.053 62.0 暮 0
42.053 42.403 60.0 与 0
42.403 43.719 59.0 朝 0
43.719 44.158 57.0 - 0
44.158 44.684 57.0 朝 1
45.072 45.423 59.0 这 0
45.423 45.774 57.0 一 0
45.774 46.3 55.0 份 0
46.3 48.731 59.0 情 0
49.173 49.467 59.0 永 0
49.467 49.761 57.0 远 0
49.761 50.055 55.0 难 0
50.055 50.477 54.0 - 0
50.477 51.323 54.0 了 1
52.8 53.248 54.0 愿 0
53.248 53.546 55.0 来 0
53.546 54.428 52.0 生 0
55.017 55.384 64.0 还 0
55.384 56.12 64.0 能 0
56.193 56.781 64.0 再 0
56.781 57.223 62.0 度 0
57.223 57.664 59.0 拥 0
57.664 58.84 62.0 抱 1
59.567 59.784 62.0 爱 0
59.784 60.146 66.0 一 0
60.146 60.581 67.0 个 0
60.654 61.741 60.0 人 0
63.045 63.335 57.0 如 0
63.335 63.625 64.0 何 0
63.625 64.204 66.0 厮 0
64.204 65.219 62.0 守 0
65.219 65.654 69.0 到 0
65.654 66.563 67.0 老 1
66.606 66.909 64.0 怎 0
66.909 67.212 66.0 样 0
67.212 67.515 67.0 面 0
67.515 68.838 67.0 对 0
68.838 69.132 60.0 一 0
69.132 70.004 60.0 切 0
70.149 70.439 64.0 我 0
70.439 70.729 66.0 不 0
70.729 71.166 67.0 知 0
71.313 72.928 69.0 道 1
73.777 74.645 62.0 回 0
74.646 75.749 71.0 忆 0
75.97 76.191 64.0 过 0
76.191 77.293 64.0 去 0
77.293 77.588 64.0 痛 0
77.588 77.882 66.0 苦 0
77.882 78.176 67.0 的 0
78.176 78.617 69.0 相 0
78.617 79.058 71.0 思 0
79.058 79.499 69.0 忘 0
79.499 79.72 62.0 不 0
79.72 80.823 67.0 了 1
80.89 81.258 64.0 为 0
81.258 81.552 66.0 何 0
81.552 82.729 67.0 你 0
82.729 83.17 60.0 还 0
83.17 83.758 60.0 来 0
84.199 84.42 67.0 拔 0
84.42 84.788 66.0 动 0
84.788 85.082 64.0 我 0
85.082 85.67 64.0 心 0
85.67 85.964 62.0 - 0
85.964 86.846 62.0 跳 1
87.006 87.595 72.0 爱 0
87.595 87.889 71.0 - 0
87.889 88.33 71.0 你 0
88.33 88.771 74.0 怎 0
88.771 89.212 71.0 么 0
89.212 89.433 64.0 能 0
89.433 90.536 64.0 了 1
91.28 91.574 71.0 今 0
91.574 91.868 69.0 夜 0
91.868 92.162 67.0 的 0
92.162 92.6 69.0 你 0
92.6 92.819 62.0 应 0
92.819 93.33 62.0 该 0
93.33 93.695 69.0 明 0
93.695 93.914 67.0 - 0
93.914 94.79 67.0 了 1
95.092 95.384 64.0 缘 0
95.384 95.676 66.0 难 0
95.676 97.428 67.0 了 0
98.596 99.034 64.0 情 0
99.034 99.478 66.0 难 0
99.478 103.592 67.0 了 1
129.935 130.224 59.0 心 0
130.224 130.514 57.0 若 0
130.514 130.949 55.0 倦 0
130.949 133.1 59.0 了 1
133.543 133.837 59.0 泪 0
133.837 134.131 57.0 也 0
134.131 134.426 55.0 干 0
134.426 134.793 54.0 - 0
134.793 136.19 54.0 了 1
137.558 137.999 55.0 这 0
137.999 138.881 52.0 份 0
139.175 139.764 64.0 深 0
139.764 140.646 64.0 情 0
140.646 140.867 62.0 难 0
140.867 141.234 64.0 - 0
141.234 141.528 62.0 舍 0
141.528 141.97 59.0 难 0
141.97 143.55 62.0 了 1
144.162 144.457 62.0 曾 0
144.457 144.824 66.0 经 0
144.824 145.045 66.0 拥 0
145.045 145.339 67.0 - 0
145.339 146.809 60.0 有 0
147.692 147.986 57.0 天 0
147.986 148.354 64.0 荒 0
148.427 148.868 66.0 地 0
148.868 149.162 62.0 - 0
149.162 150.633 62.0 老 1
151.301 151.595 62.0 已 0
151.595 151.889 60.0 不 0
151.889 152.184 59.0 见 0
152.184 154.389 64.0 你 1
154.717 155.011 64.0 暮 0
155.011 155.305 62.0 暮 0
155.305 155.599 60.0 与 0
155.599 156.903 59.0 朝 0
156.903 157.193 57.0 - 0
157.193 157.773 57.0 朝 1
158.485 158.774 59.0 这 0
158.774 159.064 57.0 一 0
159.064 159.65 55.0 份 0
159.65 161.047 59.0 情 0
161.856 162.15 59.0 永 0
162.15 162.444 57.0 远 0
162.444 162.739 55.0 难 0
162.739 163.18 54.0 - 0
163.18 164.062 54.0 了 1
165.342 165.783 54.0 愿 0
165.856 166.224 55.0 来 0
166.224 167.102 52.0 生 0
167.615 167.981 64.0 还 0
167.981 168.713 64.0 能 0
168.859 169.445 64.0 再 0
169.445 169.738 62.0 度 0
169.738 170.177 59.0 拥 0
170.25 171.495 62.0 抱 1
172.411 172.631 62.0 爱 0
172.631 172.997 66.0 一 0
172.997 173.584 67.0 个 0
173.584 174.687 60.0 人 0
175.937 176.231 57.0 如 0
176.231 176.525 64.0 何 0
176.525 177.113 66.0 厮 0
177.113 177.922 62.0 守 0
178.069 178.584 69.0 到 0
178.584 179.466 67.0 老 1
179.48 179.774 64.0 怎 0
179.774 180.069 66.0 样 0
180.069 180.363 67.0 面 0
180.363 181.686 67.0 对 0
181.686 182.127 60.0 一 0
182.127 183.01 60.0 切 0
183.01 183.304 64.0 我 0
183.304 183.598 66.0 不 0
183.598 183.892 67.0 知 0
183.892 185.657 69.0 道 1
186.463 187.344 62.0 回 0
187.345 188.448 71.0 忆 0
188.669 188.89 64.0 过 0
188.89 189.986 64.0 去 0
189.986 190.278 64.0 痛 0
190.278 190.57 66.0 苦 0
190.57 190.862 67.0 的 0
190.862 191.303 69.0 相 0
191.303 191.744 71.0 思 0
191.744 192.186 69.0 忘 0
192.186 192.406 62.0 不 0
192.406 193.509 67.0 了 1
193.75 194.117 64.0 为 0
194.117 194.411 66.0 何 0
194.411 195.588 67.0 你 0
195.735 196.029 60.0 还 0
196.029 196.617 60.0 来 0
197.058 197.353 67.0 拔 0
197.353 197.647 66.0 动 0
197.647 197.941 64.0 我 0
197.941 198.529 64.0 心 0
198.529 198.823 62.0 - 0
198.823 199.706 62.0 跳 1
199.753 200.341 72.0 爱 0
200.341 200.635 71.0 - 0
200.635 201.076 71.0 你 0
201.076 201.517 74.0 怎 0
201.517 201.958 71.0 么 0
201.958 202.179 64.0 能 0
202.179 203.282 64.0 了 1
204.092 204.386 71.0 今 0
204.386 204.681 69.0 夜 0
204.681 204.975 67.0 的 0
204.975 205.416 69.0 你 0
205.416 205.636 62.0 应 0
205.636 206.078 62.0 该 0
206.078 206.445 69.0 明 0
206.445 206.666 67.0 - 0
206.666 207.622 67.0 了 1
207.995 208.289 64.0 缘 0
208.289 208.583 66.0 难 0
208.583 210.348 67.0 了 0
211.23 211.671 64.0 情 0
211.671 212.112 66.0 难 0
212.112 214.299 67.0 了 1
214.699 215.567 62.0 回 0
215.569 216.672 71.0 忆 0
216.892 217.113 64.0 过 0
217.113 218.216 64.0 去 0
218.216 218.51 64.0 痛 0
218.51 218.804 66.0 苦 0
218.804 219.098 67.0 的 0
219.098 219.539 69.0 相 0
219.539 219.98 71.0 思 0
219.98 220.422 69.0 忘 0
220.422 220.642 62.0 不 0
220.642 221.745 67.0 了 1
222.088 222.308 64.0 为 0
222.308 222.602 66.0 何 0
222.602 223.779 67.0 你 0
223.926 224.22 60.0 还 0
224.22 224.808 60.0 来 0
225.25 225.544 67.0 拔 0
225.544 225.838 66.0 动 0
225.838 226.132 64.0 我 0
226.132 226.5 64.0 心 0
226.5 226.941 62.0 - 0
226.941 227.811 62.0 跳 1
227.951 228.466 72.0 爱 0
228.466 228.76 71.0 - 0
228.76 229.201 71.0 你 0
229.274 229.716 74.0 怎 0
229.716 230.157 71.0 么 0
230.157 230.377 64.0 能 0
230.377 231.48 64.0 了 1
232.189 232.483 71.0 今 0
232.483 232.777 69.0 夜 0
232.777 233.071 67.0 的 0
233.071 233.512 69.0 你 0
233.512 233.733 62.0 应 0
233.733 234.174 62.0 该 0
234.174 234.542 69.0 明 0
234.542 234.762 67.0 - 0
234.762 235.718 67.0 了 1
236.003 236.297 64.0 缘 0
236.297 236.591 66.0 难 0
236.591 238.356 67.0 了 0
240.121 240.856 64.0 情 0
240.856 242.768 66.0 难 0
243.062 246.739 67.0 了 1
