20.248 20.48 50.0 很 0
20.48 20.713 54.0 黑 0
20.713 20.946 57.0 的 0
20.946 21.179 54.0 深 0
21.179 22.12 57.0 夜 0
23.307 23.543 52.0 电 0
23.543 24.01 52.0 话 0
24.01 24.476 54.0 响 0
24.476 25.641 52.0 起 0
27.918 28.154 59.0 没 0
28.154 28.39 57.0 有 0
28.39 28.627 57.0 睡 0
28.627 28.863 54.0 的 0
28.863 29.571 57.0 我 0
29.807 30.28 59.0 猜 0
30.28 30.752 57.0 想 0
30.752 31.222 54.0 是 0
31.222 32.86 54.0 你 0
33.972 34.207 57.0 也 0
34.207 34.441 57.0 - 0
34.441 34.909 59.0 许 0
34.909 35.144 59.0 他 0
35.144 35.378 59.0 伤 0
35.378 35.847 59.0 了 0
35.847 36.081 61.0 你 0
36.081 36.785 62.0 的 0
37.835 38.07 59.0 心 0
38.07 38.304 62.0 也 0
38.304 38.773 57.0 许 0
38.773 39.006 57.0 你 0
39.006 39.24 57.0 怀 0
39.24 39.708 57.0 疑 0
39.708 39.942 59.0 他 0
39.942 40.877 57.0 的 0
41.529 41.763 54.0 情 0
41.763 41.997 54.0 这 0
41.997 42.704 54.0 曾 0
42.704 43.648 52.0 导 0
44.822 45.289 59.0 致 0
45.289 45.757 57.0 我 0
45.757 46.222 54.0 们 0
46.222 47.612 52.0 分 0
50.261 50.495 45.0 离 0
50.495 50.728 54.0 太 0
50.728 50.961 57.0 多 0
50.961 51.194 54.0 爱 0
51.194 52.37 57.0 聚 0
53.079 53.315 45.0 集 0
53.315 53.786 52.0 在 0
53.786 54.022 52.0 一 0
54.022 54.492 54.0 时 0
54.492 55.198 52.0 激 0
57.7 57.934 59.0 情 0
57.934 58.168 59.0 太 0
58.168 58.402 57.0 多 0
58.402 58.635 54.0 人 0
58.635 59.338 57.0 放 0
59.573 59.808 57.0 手 0
59.808 60.277 57.0 在 0
60.277 60.747 57.0 一 0
60.747 61.217 54.0 时 0
61.217 61.686 57.0 任 0
61.686 62.626 54.0 性 0
64.096 64.33 57.0 - 0
64.33 64.564 57.0 谁 0
64.564 65.031 59.0 又 0
65.031 65.265 59.0 真 0
65.265 65.732 59.0 的 0
65.732 65.965 59.0 了 0
65.965 66.199 61.0 解 0
66.199 67.136 62.0 自 0
67.79 68.025 59.0 己 0
68.025 68.259 62.0 谁 0
68.259 68.729 57.0 又 0
68.729 68.964 57.0 真 0
68.964 69.199 57.0 的 0
69.199 69.668 57.0 问 0
69.668 69.903 54.0 过 0
69.903 70.843 62.0 自 0
71.58 71.815 57.0 己 0
71.815 72.05 57.0 需 0
72.05 72.519 59.0 要 0
72.519 72.754 59.0 跟 0
72.754 72.989 59.0 什 0
72.989 73.459 59.0 么 0
73.459 73.694 61.0 样 0
73.694 74.398 62.0 的 0
74.868 75.337 59.0 人 0
75.337 75.572 62.0 在 0
75.572 77.67 64.0 一 0
78.627 78.945 57.0 起 0
78.945 79.263 59.0 我 0
79.263 79.581 62.0 这 0
79.581 79.818 64.0 个 0
79.818 80.283 66.0 你 0
80.283 80.516 64.0 不 0
80.516 80.982 64.0 爱 0
80.982 81.214 62.0 的 0
81.214 82.378 64.0 人 0
83.113 83.345 62.0 还 0
83.345 83.816 66.0 - 0
83.816 84.29 64.0 单 0
84.29 84.764 64.0 身 0
84.764 85.001 62.0 一 0
85.001 85.707 62.0 个 0
86.636 86.869 62.0 人 0
86.869 87.103 64.0 守 0
87.103 87.337 64.0 在 0
87.337 87.571 66.0 感 0
87.571 87.805 66.0 情 0
87.805 88.039 66.0 门 0
88.039 88.272 66.0 外 0
88.272 88.74 64.0 撑 0
88.74 88.974 62.0 了 0
88.974 89.441 64.0 又 0
89.731 89.965 57.0 撑 0
89.965 90.199 57.0 你 0
90.199 90.433 59.0 又 0
90.433 90.666 62.0 何 0
90.666 90.9 64.0 必 0
90.9 91.135 66.0 来 0
91.135 91.372 64.0 敲 0
91.372 91.609 62.0 打 0
91.614 91.85 62.0 我 0
91.85 92.087 62.0 不 0
92.087 92.561 59.0 安 0
92.561 92.798 62.0 的 0
92.798 93.034 62.0 心 0
93.034 93.502 64.0 门 0
93.671 93.982 57.0 我 0
93.982 94.294 59.0 这 0
94.294 94.606 62.0 个 0
94.606 94.84 64.0 你 0
94.84 95.307 66.0 - 0
95.307 95.541 64.0 不 0
95.541 96.009 64.0 爱 0
96.009 96.242 62.0 的 0
96.242 96.652 64.0 人 0
96.652 97.414 66.0 - 0
97.988 98.223 62.0 还 0
98.223 98.691 66.0 - 0
98.691 99.158 69.0 单 0
99.158 99.626 64.0 身 0
99.626 99.86 62.0 一 0
99.86 100.565 62.0 个 0
101.519 101.756 62.0 人 0
101.756 101.993 64.0 没 0
101.993 102.23 66.0 日 0
102.23 102.464 66.0 没 0
102.464 102.699 66.0 夜 0
102.699 102.933 66.0 心 0
102.933 103.168 64.0 和 0
103.168 103.637 64.0 回 0
103.637 103.871 62.0 忆 0
103.871 104.337 64.0 抗 0
104.656 104.887 57.0 衡 0
104.887 105.119 57.0 你 0
105.119 105.35 59.0 就 0
105.35 105.582 62.0 不 0
105.582 105.814 64.0 要 0
105.814 106.047 66.0 来 0
106.047 106.283 64.0 触 0
106.283 106.519 62.0 碰 0
106.519 106.991 62.0 我 0
106.991 107.7 62.0 的 0
108.143 108.377 62.0 疼 0
108.377 108.611 62.0 让 0
108.611 109.08 62.0 我 0
109.08 109.314 59.0 一 0
109.314 111.19 64.0 个 0
112.015 112.249 57.0 人 0
112.249 112.484 57.0 穿 0
112.484 112.953 66.0 过 0
112.953 113.187 64.0 爱 0
113.187 113.656 62.0 背 0
113.656 113.891 59.0 后 0
113.891 114.36 64.0 的 0
114.36 114.594 62.0 伤 0
114.594 116.705 62.0 痕 0
144.079 144.314 45.0 太 0
144.314 144.548 54.0 多 0
144.548 144.783 57.0 爱 0
144.783 144.959 54.0 聚 0
145.017 146.198 57.0 集 0
146.909 147.146 45.0 在 0
147.146 147.617 52.0 一 0
147.617 147.851 52.0 时 0
147.851 148.321 54.0 激 0
148.321 149.024 52.0 情 0
151.642 151.876 59.0 太 0
151.876 152.111 59.0 多 0
152.111 152.345 57.0 人 0
152.345 152.58 54.0 放 0
152.58 153.283 57.0 手 0
153.518 153.753 57.0 在 0
153.753 154.222 59.0 一 0
154.222 154.691 57.0 时 0
154.691 155.16 54.0 任 0
155.16 155.629 52.0 性 0
155.629 156.567 54.0 - 0
157.958 158.192 57.0 谁 0
158.192 158.427 57.0 又 0
158.427 158.896 59.0 真 0
158.896 159.131 59.0 的 0
159.131 159.6 59.0 了 0
159.6 159.834 59.0 解 0
159.834 160.069 61.0 自 0
160.069 161.007 62.0 己 0
161.433 161.902 59.0 谁 0
161.902 162.136 62.0 又 0
162.136 162.605 59.0 真 0
162.605 162.84 57.0 的 0
162.84 163.074 57.0 问 0
163.074 163.543 57.0 过 0
163.543 163.778 54.0 自 0
163.778 164.716 62.0 己 0
165.355 165.589 57.0 需 0
165.589 165.824 57.0 - 0
165.824 166.296 59.0 要 0
166.296 166.533 59.0 跟 0
166.533 166.77 59.0 什 0
166.77 167.245 59.0 么 0
167.245 167.482 61.0 样 0
167.482 168.19 62.0 的 0
168.659 169.128 59.0 人 0
169.128 169.363 62.0 在 0
169.363 171.449 64.0 一 0
172.402 172.723 57.0 起 0
172.723 173.044 59.0 我 0
173.044 173.365 62.0 这 0
173.365 174.066 66.0 个 0
174.066 174.298 64.0 你 0
174.298 174.761 64.0 不 0
174.761 174.992 62.0 爱 0
174.992 176.159 64.0 的 0
176.848 177.082 62.0 人 0
177.082 177.551 66.0 还 0
177.551 178.021 64.0 单 0
178.021 178.491 64.0 身 0
178.491 178.726 62.0 一 0
178.726 179.43 62.0 个 0
180.413 180.647 62.0 人 0
180.647 180.882 64.0 守 0
180.882 181.117 64.0 在 0
181.117 181.352 66.0 感 0
181.352 181.587 66.0 情 0
181.587 181.822 66.0 门 0
181.822 182.057 66.0 外 0
182.057 182.526 64.0 撑 0
182.526 182.761 62.0 了 0
182.761 183.23 64.0 又 0
183.452 183.686 57.0 撑 0
183.686 183.92 57.0 你 0
183.92 184.155 59.0 又 0
184.155 184.389 62.0 何 0
184.389 184.624 64.0 必 0
184.624 184.858 64.0 来 0
184.858 185.093 64.0 敲 0
185.093 185.327 62.0 打 0
185.444 185.678 62.0 我 0
185.678 185.913 62.0 不 0
185.913 186.382 59.0 安 0
186.382 186.616 62.0 的 0
186.616 186.851 62.0 心 0
186.851 187.322 64.0 门 0
187.531 187.846 57.0 - 0
187.846 188.16 59.0 我 0
188.16 188.475 62.0 这 0
188.475 188.711 64.0 个 0
188.711 189.183 66.0 你 0
189.183 189.419 64.0 - 0
189.419 189.891 64.0 不 0
189.891 190.127 62.0 爱 0
190.127 190.481 64.0 的 0
190.481 191.302 66.0 人 0
191.978 192.212 62.0 - 0
192.212 192.681 66.0 还 0
192.681 193.15 69.0 单 0
193.15 193.619 64.0 身 0
193.619 193.853 62.0 一 0
193.853 194.556 62.0 个 0
195.406 195.641 62.0 人 0
195.641 195.875 64.0 没 0
195.875 196.11 66.0 日 0
196.11 196.347 66.0 没 0
196.347 196.583 66.0 夜 0
196.583 196.82 66.0 心 0
196.82 197.056 64.0 和 0
197.056 197.53 64.0 回 0
197.53 197.766 62.0 忆 0
197.766 198.235 64.0 抗 0
198.499 198.732 57.0 衡 0
198.732 198.965 57.0 你 0
198.965 199.197 59.0 就 0
199.197 199.43 62.0 不 0
199.43 199.663 64.0 要 0
199.663 199.896 64.0 来 0
199.896 200.131 64.0 触 0
200.131 200.365 62.0 碰 0
200.365 200.834 62.0 我 0
200.834 201.537 62.0 的 0
202.079 202.312 62.0 疼 0
202.312 202.545 62.0 让 0
202.545 203.011 62.0 我 0
203.011 203.244 59.0 一 0
203.244 205.13 64.0 个 0
205.797 206.031 57.0 人 0
206.031 206.266 57.0 穿 0
206.266 206.734 66.0 过 0
206.734 206.969 64.0 爱 0
206.969 207.438 62.0 背 0
207.438 207.674 59.0 后 0
207.674 207.909 62.0 的 0
207.909 208.145 64.0 伤 0
208.145 208.381 62.0 - 0
208.381 209.56 62.0 - 0
209.995 210.309 69.0 痕 0
210.309 210.624 64.0 我 0
210.624 210.938 62.0 这 0
210.938 211.407 64.0 个 0
211.407 211.641 64.0 你 0
211.641 212.342 64.0 不 0
212.342 212.575 62.0 爱 0
212.575 213.734 64.0 的 0
214.569 214.8 62.0 人 0
214.8 215.267 66.0 还 0
215.267 215.738 64.0 单 0
215.738 216.209 64.0 身 0
216.209 216.445 62.0 一 0
216.445 217.15 62.0 个 0
217.997 218.231 62.0 人 0
218.231 218.466 64.0 守 0
218.466 218.7 66.0 在 0
218.7 218.935 66.0 感 0
218.935 219.169 66.0 情 0
219.169 219.403 66.0 门 0
219.403 219.638 64.0 外 0
219.638 220.107 64.0 撑 0
220.107 220.341 62.0 了 0
220.341 220.81 64.0 又 0
221.042 221.277 57.0 撑 0
221.277 221.511 57.0 你 0
221.511 221.745 59.0 又 0
221.745 221.98 62.0 何 0
221.98 222.214 64.0 必 0
222.214 222.449 66.0 来 0
222.449 222.685 64.0 敲 0
222.685 222.921 62.0 打 0
222.984 223.22 62.0 我 0
223.22 223.457 62.0 不 0
223.457 223.929 59.0 安 0
223.929 224.165 62.0 的 0
224.165 224.635 64.0 心 0
224.985 225.297 57.0 门 0
225.297 225.61 59.0 我 0
225.61 225.923 62.0 这 0
225.923 226.157 64.0 个 0
226.157 226.624 66.0 你 0
226.624 226.857 64.0 - 0
226.857 227.324 64.0 不 0
227.324 227.558 62.0 爱 0
227.558 227.966 64.0 的 0
227.966 228.728 66.0 人 0
229.421 229.656 62.0 - 0
229.656 230.126 66.0 还 0
230.126 230.598 69.0 单 0
230.598 231.07 64.0 身 0
231.07 231.306 62.0 一 0
231.306 232.012 62.0 个 0
232.953 233.187 62.0 人 0
233.187 233.421 64.0 没 0
233.421 233.656 66.0 日 0
233.656 233.894 66.0 没 0
233.894 234.131 66.0 夜 0
234.131 234.368 66.0 心 0
234.368 234.606 64.0 和 0
234.606 235.08 64.0 回 0
235.08 235.318 62.0 忆 0
235.318 235.786 64.0 抗 0
235.984 236.216 57.0 衡 0
236.216 236.448 57.0 你 0
236.448 236.68 59.0 就 0
236.68 236.912 62.0 不 0
236.912 237.144 64.0 要 0
237.144 237.376 64.0 来 0
237.376 237.611 64.0 触 0
237.611 237.845 62.0 碰 0
237.845 238.314 59.0 我 0
238.314 239.017 62.0 的 0
239.596 239.83 62.0 疼 0
239.83 240.064 62.0 让 0
240.064 240.533 62.0 我 0
240.533 240.767 59.0 一 0
240.767 242.889 64.0 个 0
243.435 243.67 57.0 人 0
243.67 243.905 57.0 穿 0
243.905 244.375 64.0 过 0
244.375 244.61 64.0 爱 0
244.61 245.079 62.0 背 0
245.079 245.314 59.0 后 0
245.314 245.783 64.0 的 0
245.783 246.017 62.0 伤 0
246.017 248.119 62.0 痕 0
