28.367 28.769 64.0 夜 0
28.772 29.234 63.0 - 0
29.238 30.451 61.0 色 0
30.454 30.856 59.0 - 0
30.86 31.262 56.0 茫 0
31.265 31.667 54.0 - 0
31.671 32.073 54.0 茫 0
32.076 32.478 56.0 - 1
32.943 33.345 59.0 罩 0
33.348 33.75 56.0 四 0
33.754 34.156 59.0 - 0
34.159 34.561 59.0 周 0
34.564 35.372 61.0 - 0
35.375 35.735 61.0 天 0
35.738 36.95 52.0 边 0
36.954 37.356 54.0 - 1
37.403 37.805 56.0 新 0
37.809 38.211 59.0 月 0
38.214 38.616 54.0 如 0
38.619 39.021 56.0 - 0
39.025 40.582 59.0 钩 1
41.419 41.805 56.0 回 0
41.809 42.196 59.0 - 0
42.199 43.412 61.0 忆 0
43.415 43.817 59.0 - 0
43.82 44.222 59.0 往 0
44.226 44.628 61.0 - 1
45.011 45.413 64.0 事 0
45.416 45.802 64.0 恍 0
45.806 46.192 66.0 - 0
46.195 46.582 66.0 如 0
46.585 46.971 63.0 - 0
46.974 47.361 61.0 梦 1
47.62 48.006 61.0 重 0
48.009 48.396 59.0 寻 0
48.399 49.612 56.0 梦 1
49.734 50.136 59.0 境 0
50.14 50.542 54.0 何 0
50.545 50.947 49.0 - 0
50.95 51.352 52.0 处 0
51.356 51.758 54.0 - 0
51.761 53.988 56.0 求 1
55.032 55.418 52.0 人 0
55.421 56.197 54.0 - 0
56.201 56.587 56.0 隔 0
56.59 56.977 59.0 千 0
56.98 57.366 56.0 - 0
57.37 57.756 56.0 里 0
57.759 58.145 59.0 - 1
58.421 58.823 59.0 路 0
58.827 59.229 59.0 悠 0
59.232 59.634 56.0 - 0
59.637 60.039 54.0 悠 1
60.43 60.832 56.0 未 0
60.836 61.238 59.0 曾 0
61.241 61.643 59.0 遥 0
61.646 62.454 61.0 - 0
62.457 63.062 63.0 问 0
63.065 63.67 59.0 - 0
63.673 64.075 59.0 - 1
64.829 65.215 64.0 星 0
65.218 65.605 66.0 已 0
65.608 65.994 63.0 - 0
65.998 66.384 61.0 稀 1
66.881 67.267 59.0 请 0
67.271 67.657 61.0 - 0
67.66 68.873 64.0 明 0
68.876 69.278 61.0 月 0
69.282 70.089 64.0 带 0
70.093 70.9 68.0 问 0
70.903 72.522 66.0 候 1
72.879 73.281 64.0 思 0
73.285 73.687 61.0 念 0
73.69 74.049 59.0 的 0
74.053 74.439 54.0 人 0
74.442 75.218 56.0 - 1
75.316 75.703 59.0 儿 0
75.706 76.092 59.0 泪 0
76.096 76.482 61.0 - 0
76.485 76.872 61.0 常 0
76.875 77.261 64.0 - 0
77.264 78.883 59.0 流 1
79.742 80.144 64.0 月 0
80.147 80.549 63.0 - 0
80.553 81.765 61.0 色 0
81.769 82.171 59.0 - 0
82.174 82.576 56.0 朦 0
82.58 82.982 54.0 - 0
82.985 83.387 54.0 朦 0
83.39 83.793 56.0 - 1
84.175 84.561 59.0 夜 0
84.564 84.95 56.0 未 0
84.954 85.34 59.0 - 0
85.343 85.73 59.0 尽 0
85.733 86.509 61.0 - 0
86.512 86.899 59.0 周 0
86.902 88.115 52.0 遭 0
88.118 88.52 54.0 - 1
88.523 88.925 56.0 寂 0
88.929 89.331 56.0 寞 0
89.334 89.736 54.0 宁 0
89.74 90.142 56.0 - 0
90.145 91.763 59.0 静 1
92.383 92.769 56.0 桌 0
92.772 93.159 59.0 - 0
93.162 94.375 61.0 上 0
94.378 94.78 59.0 - 0
94.784 95.186 59.0 寒 0
95.189 95.591 61.0 - 1
96.121 96.507 64.0 灯 0
96.511 96.897 64.0 光 0
96.9 97.287 66.0 - 0
97.29 97.676 66.0 不 0
97.68 98.066 63.0 - 0
98.069 98.471 61.0 明 1
98.745 99.147 61.0 伴 0
99.15 99.552 59.0 我 0
99.556 100.753 56.0 寂 1
100.85 101.237 59.0 寞 0
101.24 101.626 54.0 苦 0
101.629 102.016 49.0 - 0
102.019 102.405 52.0 孤 0
102.409 102.795 54.0 - 0
102.798 105.227 56.0 零 1
106.12 106.506 52.0 人 0
106.509 107.301 54.0 - 0
107.304 107.706 56.0 隔 0
107.71 108.112 59.0 千 0
108.115 108.517 56.0 - 0
108.52 108.907 56.0 里 0
108.91 109.296 59.0 - 1
109.707 110.109 59.0 无 0
110.112 110.514 61.0 音 0
110.518 110.92 56.0 - 0
110.923 111.31 54.0 讯 1
111.69 112.077 56.0 却 0
112.08 112.466 59.0 待 0
112.47 113.651 61.0 遥 0
113.654 114.056 63.0 - 0
114.06 114.867 59.0 问 0
114.87 115.678 61.0 - 1
116.001 116.387 64.0 终 0
116.391 116.777 64.0 无 0
116.78 117.166 63.0 - 0
117.17 117.572 61.0 凭 1
117.884 118.286 59.0 请 0
118.289 118.691 61.0 - 0
118.694 119.907 64.0 明 0
119.911 120.313 61.0 月 0
120.316 121.123 64.0 代 0
121.127 121.903 68.0 传 0
121.906 123.524 66.0 信 1
124.012 124.414 64.0 寄 0
124.417 124.819 61.0 我 0
124.823 125.225 59.0 片 0
125.228 125.615 54.0 纸 0
125.618 126.394 56.0 - 1
126.432 126.818 59.0 儿 0
126.822 127.208 59.0 慰 0
127.211 127.598 61.0 - 0
127.601 127.987 61.0 离 0
127.991 128.377 64.0 - 0
128.38 130.809 59.0 情 1
157.021 157.423 52.0 人 0
157.426 158.234 54.0 - 0
158.237 158.639 56.0 隔 0
158.643 159.045 59.0 千 0
159.048 159.45 56.0 - 0
159.454 160.261 59.0 里 1
160.791 161.193 59.0 路 0
161.196 161.598 59.0 悠 0
161.602 162.004 56.0 - 0
162.007 162.409 54.0 悠 1
162.8 163.186 56.0 未 0
163.189 163.576 59.0 曾 0
163.579 164.761 61.0 遥 0
164.764 165.167 63.0 - 0
165.17 165.979 59.0 问 0
165.982 166.791 61.0 - 1
167.066 167.452 64.0 星 0
167.455 167.842 64.0 已 0
167.845 168.231 63.0 稀 0
168.234 168.636 61.0 - 1
169.222 169.624 59.0 请 0
169.628 170.03 61.0 - 0
170.033 171.246 64.0 明 0
171.249 171.651 61.0 月 0
171.655 172.462 64.0 带 0
172.465 173.241 68.0 问 0
173.245 174.8 66.0 候 1
175.19 175.576 61.0 思 0
175.579 175.966 61.0 念 0
175.969 176.355 59.0 的 0
176.359 176.761 54.0 人 0
176.764 177.571 56.0 - 0
177.575 177.977 59.0 儿 0
177.98 178.382 59.0 泪 0
178.386 178.788 61.0 - 0
178.791 179.193 61.0 常 0
179.196 179.598 64.0 - 0
179.602 182.842 59.0 流 1
