48.146 48.446 57.0 阿 0
48.446 50.546 57.0 刁 0
50.846 51.446 57.0 住 0
51.446 51.746 57.0 在 0
51.746 52.346 57.0 西 0
52.346 52.646 57.0 藏 0
52.646 52.946 57.0 的 0
52.946 53.246 57.0 某 0
53.246 53.546 55.0 个 0
53.546 53.846 53.0 地 0
53.846 55.346 55.0 方 1
56.999 57.299 50.0 秃 0
57.299 57.599 50.0 鹫 0
57.599 57.899 53.0 一 0
57.902 59.399 53.0 样 0
60.599 60.899 50.0 栖 0
60.899 61.199 50.0 息 0
61.199 61.799 53.0 在 0
61.799 62.094 50.0 山 0
62.099 62.699 53.0 顶 0
62.699 63.599 50.0 上 1
67.285 67.585 57.0 阿 0
67.585 69.685 57.0 刁 0
69.985 70.285 57.0 大 0
70.285 70.585 57.0 昭 0
70.585 70.885 57.0 寺 0
70.885 71.485 57.0 门 0
71.485 72.015 57.0 前 0
72.015 72.085 55.0 - 0
72.085 72.385 57.0 铺 0
72.385 72.685 53.0 满 0
72.685 72.985 55.0 阳 0
72.985 74.485 55.0 光 1
76.011 76.311 50.0 打 0
76.311 76.611 50.0 一 0
76.611 76.911 50.0 壶 0
76.911 77.211 53.0 甜 0
77.211 78.111 53.0 茶 0
79.911 80.211 50.0 我 0
80.211 80.498 50.0 们 0
80.511 81.111 53.0 聊 0
81.111 81.411 50.0 着 0
81.411 82.011 53.0 过 0
82.011 82.911 50.0 往 1
105.591 105.891 57.0 阿 0
105.891 107.991 57.0 刁 0
108.291 108.591 57.0 你 0
108.591 108.891 57.0 总 0
108.891 109.191 57.0 把 0
109.191 109.791 57.0 自 0
109.791 110.391 57.0 己 0
110.391 110.691 57.0 打 0
110.691 110.991 55.0 扮 0
110.991 111.291 53.0 的 0
111.291 111.891 57.0 像 0
111.891 112.791 55.0 - 1
114.448 114.748 50.0 男 0
114.748 115.048 50.0 孩 0
115.048 115.348 50.0 子 0
115.348 115.648 53.0 一 0
115.648 117.148 53.0 样 0
118.348 118.648 50.0 可 0
118.648 118.948 50.0 比 0
118.948 119.548 53.0 格 0
119.548 119.848 53.0 桑 0
119.848 120.148 50.0 还 0
120.148 120.448 53.0 顽 0
120.448 121.798 50.0 强 1
124.98 125.28 57.0 阿 0
125.28 127.38 57.0 刁 0
127.68 127.98 62.0 狡 0
127.98 128.28 62.0 猾 0
128.28 128.58 62.0 的 0
128.58 129.18 62.0 人 0
129.18 129.78 57.0 有 0
129.78 130.08 60.0 千 0
130.08 130.38 57.0 百 0
130.38 130.68 60.0 种 0
130.68 132.18 57.0 笑 1
133.66 133.96 50.0 你 0
133.96 134.26 50.0 何 0
134.26 134.56 50.0 时 0
134.56 134.86 53.0 下 0
134.86 135.46 55.0 山 0
135.46 136.06 53.0 - 0
137.56 137.86 50.0 记 0
137.86 138.16 50.0 得 0
138.16 138.76 53.0 带 0
138.76 139.06 50.0 上 0
139.06 139.36 50.0 卓 0
139.36 139.66 48.0 玛 0
139.66 141.76 50.0 刀 1
143.12 143.42 50.0 灰 0
143.42 143.72 50.0 色 0
143.72 144.02 52.0 帽 0
144.02 144.32 53.0 檐 0
144.32 145.22 53.0 下 0
145.52 145.82 57.0 凹 0
145.82 146.12 57.0 陷 0
146.12 146.42 55.0 的 0
146.42 146.72 53.0 脸 0
146.72 147.62 55.0 颊 1
147.93 148.23 57.0 你 0
148.23 148.53 57.0 很 0
148.53 148.83 60.0 少 0
148.83 149.13 62.0 说 0
149.13 150.03 62.0 话 0
150.33 150.63 53.0 简 0
150.63 150.93 55.0 单 0
150.93 151.23 57.0 的 0
151.23 151.53 60.0 回 0
151.53 152.73 57.0 答 1
152.761 153.061 55.0 明 0
153.061 153.361 55.0 天 0
153.361 153.661 57.0 在 0
153.661 153.961 60.0 哪 0
153.961 155.161 58.0 里 0
155.161 155.461 58.0 谁 0
155.461 155.761 57.0 会 0
155.761 156.061 55.0 在 0
156.061 156.661 57.0 意 0
156.661 157.261 50.0 你 1
157.641 157.791 53.0 即 0
157.791 157.941 53.0 使 0
157.941 158.241 53.0 死 0
158.241 158.541 53.0 在 0
158.541 158.841 57.0 路 0
158.841 160.941 55.0 上 1
201.647 201.947 57.0 阿 0
201.947 204.047 57.0 刁 0
204.347 204.947 57.0 明 0
204.947 205.247 57.0 天 0
205.247 205.847 57.0 是 0
205.847 206.147 57.0 否 0
206.147 206.447 57.0 能 0
206.447 206.747 57.0 吃 0
206.747 207.047 55.0 顿 0
207.047 207.347 53.0 饱 0
207.347 208.847 55.0 饭 1
210.775 211.075 50.0 你 0
211.075 211.375 50.0 已 0
211.375 211.675 53.0 习 0
211.675 213.175 53.0 惯 0
214.375 214.675 53.0 饥 0
214.675 214.975 53.0 饿 0
214.975 215.575 53.0 是 0
215.575 215.875 53.0 一 0
215.875 216.175 50.0 种 0
216.175 216.475 53.0 信 0
216.475 217.975 50.0 仰 1
220.97 221.27 57.0 阿 0
221.27 223.37 57.0 刁 0
223.67 223.97 62.0 不 0
223.97 224.27 62.0 会 0
224.27 224.57 62.0 被 0
224.57 225.17 62.0 现 0
225.17 225.77 57.0 实 0
225.77 226.07 60.0 磨 0
226.07 226.37 57.0 平 0
226.37 226.67 60.0 棱 0
226.67 228.17 57.0 角 1
229.54 229.84 50.0 你 0
229.84 229.99 50.0 不 0
229.99 230.14 50.0 是 0
230.14 230.44 50.0 这 0
230.44 230.74 53.0 世 0
230.74 231.04 53.0 界 0
231.04 231.34 50.0 的 0
231.34 231.94 53.0 人 1
233.224 233.524 50.0 没 0
233.524 233.824 50.0 必 0
233.824 234.124 50.0 要 0
234.124 234.724 53.0 在 0
234.724 235.024 50.0 乎 0
235.024 235.624 53.0 真 0
235.624 237.724 50.0 相 1
239.576 239.876 50.0 命 0
239.876 240.176 52.0 运 0
240.176 240.476 53.0 多 0
240.476 241.376 53.0 舛 0
241.676 242.276 53.0 痴 0
242.276 242.576 57.0 迷 0
242.576 242.876 57.0 淡 0
242.876 243.776 55.0 然 1
243.949 244.249 57.0 挥 0
244.249 244.549 57.0 别 0
244.549 244.849 60.0 了 0
244.849 245.149 62.0 青 0
245.149 246.049 62.0 春 0
246.049 246.349 53.0 数 0
246.349 246.649 53.0 不 0
246.649 246.949 55.0 尽 0
246.949 247.249 57.0 的 0
247.249 247.549 60.0 车 0
247.549 248.749 57.0 站 1
248.855 249.155 55.0 甘 0
249.155 249.305 55.0 于 0
249.305 249.455 55.0 平 0
249.455 249.605 57.0 凡 0
249.605 249.755 57.0 却 0
249.755 250.055 58.0 不 0
250.055 251.255 58.0 甘 0
251.255 251.555 58.0 平 0
251.555 251.855 57.0 凡 0
251.855 252.155 55.0 的 0
252.155 252.455 57.0 腐 0
252.455 253.355 57.0 烂 1
253.553 254.153 53.0 你 0
254.153 254.453 53.0 是 0
254.453 254.753 57.0 阿 0
254.753 256.853 55.0 刁 0
257.453 257.753 48.0 你 0
257.753 258.053 48.0 是 0
258.053 258.353 53.0 自 0
258.353 258.953 52.0 由 0
258.953 259.253 53.0 的 0
259.253 261.053 50.0 鸟 1
277.673 277.973 50.0 灰 0
277.973 278.273 50.0 色 0
278.273 278.573 52.0 帽 0
278.573 278.873 53.0 檐 0
278.873 279.473 53.0 下 0
280.073 280.373 57.0 凹 0
280.373 280.673 57.0 陷 0
280.673 280.973 55.0 的 0
280.973 281.273 53.0 脸 0
281.273 281.873 55.0 颊 1
282.363 282.663 57.0 你 0
282.663 282.963 57.0 很 0
282.963 283.263 60.0 少 0
283.263 283.563 62.0 说 0
283.563 284.463 62.0 话 0
284.763 285.063 53.0 简 0
285.063 285.363 55.0 单 0
285.363 285.663 57.0 的 0
285.663 285.963 60.0 回 0
285.963 287.163 57.0 答 1
287.174 287.474 55.0 明 0
287.474 287.774 55.0 天 0
287.774 288.074 57.0 在 0
288.074 288.374 58.0 哪 0
288.374 289.574 58.0 里 0
289.574 289.874 58.0 谁 0
289.874 290.174 57.0 会 0
290.174 290.474 55.0 在 0
290.474 291.074 57.0 意 0
291.074 291.674 50.0 你 1
291.908 292.058 53.0 即 0
292.058 292.208 53.0 使 0
292.208 292.508 53.0 死 0
292.508 292.808 53.0 在 0
292.808 293.108 57.0 路 0
293.108 295.208 55.0 上 1
297.152 297.452 57.0 命 0
297.452 297.752 60.0 运 0
297.752 298.052 62.0 多 0
298.052 298.952 62.0 舛 0
299.252 299.852 62.0 痴 0
299.852 300.152 62.0 迷 0
300.152 300.752 60.0 淡 0
300.752 301.652 57.0 然 1
301.667 301.967 57.0 挥 0
301.967 302.267 57.0 别 0
302.267 302.567 60.0 了 0
302.567 302.867 62.0 青 0
302.867 303.767 62.0 春 0
304.067 304.367 53.0 数 0
304.367 304.517 55.0 不 0
304.517 304.667 55.0 尽 0
304.667 304.967 57.0 的 0
304.967 305.267 60.0 车 0
305.267 306.167 57.0 站 1
306.487 306.637 55.0 甘 0
306.637 306.787 55.0 于 0
306.787 307.087 55.0 平 0
307.087 307.237 57.0 凡 0
307.237 307.387 58.0 却 0
307.387 307.687 58.0 不 0
307.687 308.287 58.0 甘 0
308.887 309.187 58.0 平 0
309.187 309.487 57.0 凡 0
309.487 309.787 55.0 的 0
309.787 310.087 55.0 腐 0
310.087 310.987 57.0 烂 1
311.118 311.268 53.0 你 0
311.268 311.418 53.0 是 0
311.418 311.718 53.0 你 0
311.718 312.018 53.0 是 0
312.018 312.318 55.0 阿 0
312.318 314.418 55.0 刁 1
345.66 345.96 57.0 阿 0
345.96 348.06 57.0 刁 0
348.36 348.66 57.0 爱 0
348.66 348.96 57.0 情 0
348.96 349.26 57.0 是 0
349.26 349.86 57.0 粒 0
349.86 350.46 57.0 悲 0
350.46 350.76 57.0 伤 0
350.76 351.06 55.0 的 0
351.06 351.36 53.0 种 0
351.36 352.86 55.0 子 1
354.298 354.598 50.0 你 0
354.598 354.898 50.0 是 0
354.898 355.198 50.0 一 0
355.198 355.498 53.0 棵 0
355.498 356.098 55.0 树 0
356.098 356.998 53.0 - 0
357.898 358.198 50.0 你 0
358.198 358.498 50.0 永 0
358.498 358.798 50.0 远 0
358.798 359.398 53.0 都 0
359.398 359.998 50.0 不 0
359.998 360.598 48.0 会 0
360.598 362.398 50.0 枯 1
