11.188 11.497 55.0 都 0
11.497 11.806 55.0 是 0
11.806 12.115 60.0 因 0
12.115 12.425 60.0 为 0
12.425 12.734 62.0 - 0
12.734 13.352 60.0 那 0
13.352 13.662 58.0 灯 0
13.662 13.971 55.0 - 0
13.971 15.517 55.0 泡 1
16.2 16.509 55.0 突 0
16.509 16.819 55.0 然 0
16.819 17.128 60.0 闪 0
17.128 17.437 62.0 了 0
17.669 18.365 63.0 一 0
18.365 18.674 62.0 下 1
18.841 19.151 60.0 于 0
19.151 19.46 60.0 是 0
19.46 19.769 55.0 想 0
19.769 20.079 60.0 起 0
20.079 20.697 60.0 你 0
20.697 21.625 58.0 - 1
22.198 22.585 60.0 怕 0
22.585 24.131 56.0 你 0
24.44 24.75 55.0 还 0
24.75 25.059 55.0 没 0
25.059 25.678 56.0 休 0
25.678 27.224 55.0 息 1
30.985 31.295 55.0 都 0
31.295 31.604 55.0 是 0
31.604 31.913 60.0 因 0
31.913 32.222 60.0 为 0
32.222 32.532 62.0 - 0
32.532 33.15 60.0 这 0
33.15 33.46 58.0 场 0
33.46 33.769 55.0 - 0
33.769 35.315 55.0 雨 1
35.62 35.929 60.0 忽 0
35.929 36.238 60.0 然 0
36.238 36.547 58.0 间 0
36.547 36.857 60.0 下 0
36.857 37.166 55.0 的 0
37.166 37.475 60.0 那 0
37.475 37.784 62.0 么 0
37.784 38.712 63.0 大 1
38.785 39.095 62.0 怕 0
39.095 39.404 60.0 来 0
39.404 40.641 62.0 不 0
40.641 41.878 58.0 及 1
42.137 43.065 60.0 跟 0
43.065 43.993 56.0 你 0
44.302 44.612 58.0 走 0
44.612 44.921 60.0 在 0
44.921 45.23 60.0 一 0
45.23 45.539 63.0 - 0
45.539 48.168 60.0 起 1
48.937 49.247 60.0 一 0
49.247 49.556 62.0 个 0
49.556 49.865 63.0 人 0
49.865 50.175 65.0 的 0
50.175 50.484 67.0 夜 0
50.484 50.793 63.0 - 0
50.793 51.102 63.0 我 0
51.102 51.412 60.0 的 0
51.412 52.03 67.0 心 1
52.076 52.386 63.0 应 0
52.386 52.695 60.0 该 0
52.695 53.004 70.0 放 0
53.004 53.313 70.0 在 0
53.313 53.623 70.0 哪 0
53.623 53.932 65.0 里 1
54.06 54.37 62.0 拥 0
54.37 54.679 62.0 抱 0
54.679 54.988 63.0 过 0
54.988 55.529 65.0 后 1
55.77 56.079 62.0 我 0
56.079 56.388 58.0 的 0
56.388 56.697 70.0 双 0
56.697 57.007 68.0 手 0
57.007 57.316 67.0 应 0
57.316 57.625 65.0 该 0
57.625 57.935 65.0 放 0
57.935 58.244 67.0 在 0
58.244 58.553 65.0 哪 0
58.553 58.862 64.0 里 1
59.094 59.403 64.0 我 0
59.403 59.712 65.0 始 0
59.712 60.022 67.0 终 0
60.022 60.64 68.0 学 0
60.64 60.949 63.0 不 0
60.949 61.259 60.0 会 0
61.259 61.568 68.0 控 0
61.568 61.877 63.0 - 0
61.877 62.496 63.0 制 1
62.55 62.859 62.0 我 0
62.859 63.168 62.0 的 0
63.168 63.478 63.0 呼 0
63.478 63.787 63.0 吸 1
64.153 64.462 65.0 在 0
64.462 64.772 65.0 玻 0
64.772 65.081 63.0 璃 0
65.081 65.39 68.0 窗 0
65.39 65.7 67.0 - 0
65.7 66.318 65.0 上 1
66.318 66.627 65.0 呵 0
66.627 66.937 63.0 出 0
66.937 67.246 65.0 你 0
67.246 67.555 63.0 美 0
67.555 67.864 68.0 丽 0
67.864 68.174 67.0 的 0
68.174 68.56 67.0 名 0
68.56 68.947 67.0 字 1
69.097 69.406 60.0 寂 0
69.406 69.715 63.0 寞 0
69.715 70.024 65.0 来 0
70.024 70.566 67.0 袭 0
70.643 70.952 63.0 旧 0
70.952 71.262 60.0 雨 0
71.262 71.803 67.0 衣 1
71.873 72.182 63.0 到 0
72.182 72.492 60.0 底 0
72.492 72.801 70.0 放 0
72.801 73.11 70.0 在 0
73.11 73.419 70.0 哪 0
73.419 73.729 65.0 里 1
73.951 74.26 62.0 想 0
74.26 74.57 62.0 念 0
74.57 74.879 63.0 着 0
74.879 75.497 65.0 你 1
75.5 75.81 62.0 我 0
75.81 76.119 58.0 的 0
76.119 76.428 70.0 念 0
76.428 76.738 68.0 头 0
76.738 77.047 67.0 应 0
77.047 77.356 65.0 该 0
77.356 77.665 65.0 想 0
77.665 77.975 67.0 到 0
77.975 78.284 65.0 哪 0
78.284 78.593 64.0 里 1
78.92 79.229 64.0 有 0
79.229 79.538 65.0 什 0
79.538 79.847 67.0 么 0
79.847 80.157 67.0 方 0
80.157 80.466 63.0 - 0
80.466 80.775 63.0 法 0
80.775 81.084 60.0 - 1
81.103 81.645 60.0 让 0
81.722 82.031 67.0 两 0
82.031 82.341 65.0 - 0
82.341 82.65 65.0 个 0
82.65 82.959 62.0 - 0
82.959 83.5 62.0 人 0
83.578 83.887 58.0 不 0
83.887 84.196 65.0 分 0
84.196 84.506 67.0 - 0
84.506 85.124 65.0 离 0
85.124 86.052 63.0 - 0
86.361 86.67 62.0 哦 0
86.67 86.98 62.0 耶 0
86.98 87.134 63.0 咦 0
87.134 87.598 62.0 耶 0
87.598 87.908 60.0 - 1
88.452 89.38 63.0 哦 0
89.38 90.926 60.0 - 0
91.236 91.545 67.0 哦 0
91.545 91.854 67.0 ba 0
91.854 92.473 65.0 by 0
92.473 92.937 67.0 - 0
93.401 94.328 63.0 哒 0
94.328 95.875 63.0 - 0
96.184 97.421 67.0 哦 0
97.421 98.658 65.0 - 0
98.658 99.973 63.0 - 1
108.202 108.511 60.0 一 0
108.511 108.821 62.0 个 0
108.821 109.13 63.0 人 0
109.13 109.439 65.0 的 0
109.439 109.748 67.0 夜 0
109.748 110.058 63.0 - 1
110.23 110.539 63.0 我 0
110.539 110.848 60.0 的 0
110.848 111.467 67.0 心 0
111.467 111.776 63.0 应 0
111.776 112.085 60.0 该 0
112.085 112.395 70.0 放 0
112.395 112.704 70.0 在 0
112.704 113.013 70.0 哪 0
113.013 113.322 65.0 里 1
113.494 113.803 62.0 拥 0
113.803 114.112 62.0 抱 0
114.112 114.422 63.0 过 0
114.422 114.963 65.0 后 1
115.175 115.484 62.0 我 0
115.484 115.794 58.0 的 0
115.794 116.103 70.0 双 0
116.103 116.412 68.0 手 0
116.412 116.721 67.0 应 0
116.721 117.031 65.0 该 0
117.031 117.34 65.0 放 0
117.34 117.649 67.0 在 0
117.649 117.959 65.0 哪 0
117.959 118.268 64.0 里 1
118.408 118.717 64.0 我 0
118.717 119.027 65.0 始 0
119.027 119.336 67.0 终 0
119.336 119.955 68.0 学 0
119.955 120.264 63.0 不 0
120.264 120.573 60.0 会 0
120.573 120.882 68.0 控 0
120.882 121.192 63.0 - 0
121.192 121.81 63.0 制 1
121.972 122.281 62.0 我 0
122.281 122.591 62.0 的 0
122.591 122.9 63.0 呼 0
122.9 123.209 63.0 吸 1
123.408 123.717 65.0 在 0
123.717 124.026 65.0 玻 0
124.026 124.335 63.0 璃 0
124.335 124.645 68.0 窗 0
124.645 124.954 67.0 - 0
124.954 125.573 65.0 上 1
125.6 125.909 65.0 呵 0
125.909 126.218 63.0 出 0
126.218 126.527 65.0 你 0
126.527 126.837 63.0 美 0
126.837 127.146 68.0 丽 0
127.146 127.455 67.0 的 0
127.455 127.765 65.0 名 0
127.765 128.074 67.0 字 1
128.386 128.695 60.0 寂 0
128.695 129.005 63.0 寞 0
129.005 129.314 65.0 来 0
129.314 129.855 67.0 袭 0
129.932 130.242 63.0 有 0
130.242 130.551 60.0 眼 0
130.551 131.092 67.0 泪 1
131.117 131.426 63.0 应 0
131.426 131.735 60.0 该 0
131.735 132.044 70.0 流 0
132.044 132.354 70.0 到 0
132.354 132.663 70.0 哪 0
132.663 132.972 65.0 里 1
133.294 133.603 62.0 雨 0
133.603 133.912 62.0 那 0
133.912 134.221 63.0 么 0
134.221 134.84 65.0 大 1
134.944 135.253 62.0 你 0
135.253 135.562 58.0 的 0
135.562 135.872 70.0 车 0
135.872 136.181 68.0 子 0
136.181 136.49 67.0 现 0
136.49 136.8 65.0 在 0
136.8 137.109 65.0 停 0
137.109 137.418 67.0 在 0
137.418 137.727 65.0 哪 0
137.727 138.037 64.0 里 1
138.311 138.62 64.0 只 0
138.62 138.93 65.0 怪 0
138.93 139.239 67.0 我 0
139.239 139.548 67.0 忍 0
139.548 139.857 63.0 - 0
139.857 140.167 63.0 不 0
140.167 140.476 60.0 住 1
140.512 140.821 67.0 对 0
140.821 141.13 63.0 - 0
141.13 141.44 63.0 着 0
141.44 141.749 60.0 你 0
141.749 142.058 60.0 的 0
142.058 142.677 62.0 手 0
142.677 142.986 63.0 提 1
143.201 143.511 65.0 找 0
143.511 143.82 65.0 到 0
143.82 144.129 63.0 了 0
144.129 144.439 68.0 话 0
144.439 144.748 67.0 - 0
144.748 145.057 65.0 题 1
145.365 145.675 65.0 找 0
145.675 145.984 63.0 不 0
145.984 146.293 65.0 到 0
146.293 146.603 63.0 活 0
146.603 146.912 68.0 命 0
146.912 147.221 67.0 的 0
147.221 147.53 65.0 氧 0
147.53 147.84 67.0 气 1
148.145 148.454 60.0 寂 0
148.454 148.763 63.0 寞 0
148.763 149.073 65.0 来 0
149.073 149.614 67.0 袭 0
149.691 150.001 63.0 我 0
150.001 150.31 60.0 的 0
150.31 150.851 67.0 心 1
150.898 151.208 63.0 应 0
151.208 151.517 60.0 该 0
151.517 151.826 70.0 放 0
151.826 152.136 70.0 在 0
152.136 152.445 70.0 哪 0
152.445 152.754 67.0 里 0
152.754 152.986 65.0 - 1
153.1 153.41 62.0 拥 0
153.41 153.719 62.0 抱 0
153.719 154.028 63.0 过 0
154.028 154.647 65.0 后 1
154.771 155.08 62.0 我 0
155.08 155.389 58.0 的 0
155.389 155.699 70.0 双 0
155.699 156.008 68.0 手 0
156.008 156.317 67.0 应 0
156.317 156.626 65.0 该 0
156.626 156.936 65.0 放 0
156.936 157.245 67.0 在 0
157.245 157.554 65.0 哪 0
157.554 157.864 64.0 里 1
158.05 158.359 64.0 我 0
158.359 158.668 65.0 始 0
158.668 158.978 67.0 终 0
158.978 159.287 67.0 学 0
159.287 159.596 63.0 - 0
159.596 159.905 63.0 不 0
159.905 160.215 60.0 会 0
160.215 160.524 68.0 控 0
160.524 160.833 63.0 - 0
160.833 161.22 63.0 制 1
161.439 161.748 62.0 我 0
161.748 162.057 62.0 的 0
162.057 162.367 62.0 呼 0
162.367 162.676 63.0 吸 1
163.105 163.415 65.0 在 0
163.415 163.724 65.0 玻 0
163.724 164.033 63.0 璃 0
164.033 164.342 68.0 窗 0
164.342 164.652 67.0 - 0
164.652 164.961 65.0 上 1
165.122 165.431 65.0 呵 0
165.431 165.741 63.0 出 0
165.741 166.05 65.0 你 0
166.05 166.359 63.0 美 0
166.359 166.669 68.0 丽 0
166.669 166.978 67.0 的 0
166.978 167.287 65.0 名 0
167.287 167.906 67.0 字 1
168.006 168.315 60.0 寂 0
168.315 168.624 63.0 寞 0
168.624 168.934 65.0 来 0
168.934 169.32 67.0 袭 0
169.552 169.861 63.0 旧 0
169.861 170.016 60.0 雨 0
170.016 170.48 67.0 衣 1
170.725 171.035 63.0 到 0
171.035 171.344 60.0 底 0
171.344 171.653 70.0 放 0
171.653 171.962 70.0 - 0
171.962 172.272 70.0 在 0
172.272 172.426 70.0 哪 0
172.426 175.287 70.0 里 1
175.374 176.689 72.0 哦 0
176.689 177.926 65.0 - 0
177.926 178.853 67.0 - 1
179.012 179.399 67.0 有 0
179.399 179.631 67.0 什 0
179.631 179.863 63.0 么 0
179.863 180.327 60.0 方 0
180.327 180.636 60.0 法 0
180.636 180.945 63.0 让 0
180.945 181.255 67.0 - 0
181.564 181.873 65.0 两 0
181.873 182.183 65.0 个 0
182.183 182.492 62.0 人 1
182.907 183.216 55.0 不 0
183.216 183.526 62.0 分 0
183.526 185.691 60.0 离 0
187.778 187.856 65.0 - 0
187.856 189.093 67.0 NO 0
189.093 190.639 63.0 - 0
190.639 191.258 60.0 - 0
191.567 192.727 58.0 耶 0
192.727 193.732 63.0 - 0
193.732 194.892 63.0 - 1
