9.964 10.961 55.0 哦 0
10.961 11.957 58.0 - 0
12.705 13.203 55.0 - 0
13.203 14.698 56.0 乃 0
14.698 16.941 51.0 - 1
19.839 20.313 55.0 我 0
20.313 20.788 58.0 - 0
20.788 21.263 60.0 的 0
21.263 21.737 58.0 天 0
21.773 22.248 60.0 空 1
22.248 22.723 62.0 多 0
22.723 23.197 58.0 么 0
23.197 24.147 55.0 的 0
24.147 25.571 58.0 清 0
25.689 26.164 58.0 晰 1
26.164 26.638 58.0 透 0
26.638 27.113 58.0 明 0
27.113 27.35 56.0 的 0
27.35 28.062 56.0 承 1
28.226 28.463 48.0 是 0
28.463 28.819 56.0 - 0
28.819 29.412 55.0 过 0
29.412 29.65 53.0 去 0
29.65 30.124 51.0 的 0
30.124 34.159 55.0 空 1
35.123 35.597 55.0 牵 0
35.597 36.072 56.0 着 0
36.072 36.547 56.0 我 0
36.547 36.784 55.0 的 0
36.784 37.496 53.0 手 0
37.496 37.733 51.0 是 0
37.733 39.869 55.0 你 1
39.918 40.393 51.0 但 0
40.393 40.868 53.0 你 0
40.868 41.105 51.0 的 0
41.105 41.58 55.0 笑 0
41.58 41.817 53.0 - 0
41.817 43.716 53.0 容 1
43.727 44.202 55.0 却 0
44.202 44.676 53.0 - 0
44.676 45.151 51.0 看 0
45.151 47.528 53.0 不 1
50.287 50.525 55.0 是 0
50.525 51.239 58.0 否 0
51.239 51.715 58.0 一 0
51.715 52.191 58.0 颗 0
52.191 52.668 60.0 星 0
52.668 53.144 60.0 星 1
53.186 53.662 58.0 变 0
53.662 54.138 55.0 了 0
54.614 56.043 58.0 心 1
56.078 56.554 56.0 从 0
56.554 57.03 58.0 - 0
57.03 57.507 58.0 前 0
57.507 57.745 56.0 的 0
57.745 58.697 56.0 愿 0
58.699 58.937 48.0 望 1
58.937 59.413 56.0 你 0
59.413 59.889 53.0 全 0
59.889 60.366 53.0 都 0
60.366 60.842 51.0 给 0
60.842 62.509 55.0 抛 0
62.509 64.651 55.0 弃 1
65.513 65.989 55.0 最 0
65.989 66.465 56.0 - 0
66.465 66.941 56.0 近 0
66.941 67.418 55.0 我 0
67.418 67.656 53.0 无 0
67.656 67.894 51.0 法 0
67.894 68.37 51.0 呼 0
68.37 68.846 55.0 - 1
68.974 69.926 58.0 连 0
69.926 70.403 62.0 自 0
70.403 70.879 63.0 - 0
70.879 71.355 65.0 己 0
71.355 71.831 67.0 的 0
71.831 72.307 65.0 影 0
72.307 72.784 60.0 子 0
72.784 73.736 60.0 - 1
74.087 74.563 67.0 都 0
74.563 75.04 65.0 - 0
75.04 75.278 63.0 想 0
75.278 76.468 65.0 逃 0
76.468 77.897 67.0 避 0
77.897 78.611 67.0 - 0
78.611 79.801 65.0 baby 1
79.893 80.37 63.0 你 0
80.37 80.846 63.0 就 0
80.846 81.322 63.0 是 0
81.322 81.798 58.0 我 0
81.798 82.274 62.0 的 0
82.274 82.513 65.0 唯 0
82.513 83.703 67.0 一 1
83.73 84.206 60.0 两 0
84.206 84.682 62.0 个 0
84.682 85.159 62.0 世 0
85.159 85.635 58.0 界 0
85.635 86.111 60.0 都 0
86.111 86.349 63.0 变 0
86.349 87.54 65.0 形 1
88.448 88.924 65.0 回 0
88.924 89.4 67.0 去 0
89.4 89.876 67.0 谈 0
89.876 90.353 67.0 何 0
90.353 90.829 63.0 容 0
90.829 91.781 65.0 易 0
91.781 92.734 67.0 - 1
93.111 94.063 67.0 确 0
94.063 95.016 65.0 - 0
95.018 95.494 63.0 定 1
95.494 95.97 63.0 你 0
95.97 96.446 63.0 就 0
96.446 96.922 58.0 是 0
96.922 97.399 63.0 我 0
97.399 97.637 65.0 的 0
97.637 98.827 67.0 唯 1
98.948 99.424 60.0 独 0
99.424 99.9 62.0 - 0
99.9 100.377 62.0 自 0
100.377 100.853 58.0 对 0
100.853 101.329 60.0 着 0
101.329 101.805 63.0 电 0
101.805 102.043 65.0 话 0
102.056 102.771 67.0 说 1
102.771 103.128 63.0 我 0
103.128 104.437 60.0 爱 1
104.446 104.684 58.0 我 0
104.684 105.161 68.0 - 0
105.161 105.637 67.0 真 0
105.637 106.113 63.0 的 0
106.113 107.542 58.0 爱 1
108.409 109.123 67.0 baby 0
109.123 110.314 65.0 - 1
110.358 110.834 62.0 我 0
110.834 111.31 63.0 已 0
111.31 111.786 63.0 不 0
111.786 112.262 63.0 能 1
112.288 112.765 62.0 多 0
112.765 113.003 63.0 - 0
113.003 113.955 58.0 爱 0
113.955 114.669 55.0 你 0
114.669 116.098 60.0 一 1
118.851 119.089 55.0 是 0
119.089 119.803 58.0 否 0
119.803 120.28 58.0 一 0
120.28 120.756 58.0 颗 0
120.756 121.232 60.0 星 0
121.232 121.708 60.0 星 1
121.777 122.253 58.0 变 0
122.253 123.206 55.0 - 0
123.206 124.634 58.0 了 1
124.669 125.146 58.0 从 0
125.146 125.384 58.0 - 0
125.384 125.86 58.0 前 0
125.86 126.098 56.0 的 0
126.098 127.288 56.0 愿 0
127.297 127.536 48.0 望 1
127.536 128.012 55.0 你 0
128.012 128.488 55.0 全 0
128.488 128.726 53.0 都 0
128.726 129.202 51.0 给 0
129.202 131.107 55.0 抛 0
131.107 133.25 55.0 弃 1
134.176 134.652 55.0 最 0
134.652 135.129 56.0 近 0
135.129 135.605 56.0 我 0
135.605 136.081 58.0 无 0
136.081 136.557 58.0 法 0
136.557 137.033 62.0 呼 0
137.033 137.51 63.0 吸 1
137.548 138.024 63.0 连 0
138.024 138.5 65.0 - 0
138.5 139.452 67.0 自 0
139.452 139.928 65.0 己 0
139.928 140.405 63.0 的 0
140.405 140.643 67.0 影 0
140.643 142.309 65.0 子 1
142.671 143.147 67.0 都 0
143.147 143.623 68.0 - 0
143.623 144.099 70.0 想 0
144.099 144.575 67.0 逃 0
144.575 146.48 70.0 - 0
147.433 147.909 70.0 逃 0
147.909 150.29 70.0 - 1
150.365 151.079 68.0 baby 0
151.079 152.031 67.0 - 0
152.031 152.742 65.0 - 1
152.745 153.219 63.0 你 0
153.219 153.695 63.0 - 0
153.695 154.171 63.0 就 0
154.171 154.648 58.0 是 0
154.648 155.124 62.0 我 0
155.124 155.362 65.0 的 0
155.362 156.552 67.0 唯 1
156.586 157.063 62.0 两 0
157.063 157.539 62.0 个 0
157.539 158.015 60.0 世 0
158.015 158.491 58.0 界 0
158.491 158.967 62.0 都 0
158.967 159.205 63.0 变 0
159.205 160.872 65.0 形 1
161.183 161.66 67.0 回 0
161.66 162.136 67.0 去 0
162.136 162.612 67.0 谈 0
162.612 163.088 67.0 何 0
163.088 163.564 63.0 容 0
163.564 164.517 65.0 易 0
164.517 165.469 67.0 - 1
166.02 166.496 67.0 确 0
166.496 166.973 67.0 - 0
166.973 167.449 65.0 - 0
167.449 167.925 63.0 定 0
167.925 168.401 63.0 - 0
168.401 168.877 63.0 你 0
168.877 169.354 63.0 就 1
169.415 169.891 58.0 我 0
169.891 170.367 62.0 - 0
170.367 170.605 65.0 的 0
170.605 171.796 67.0 唯 0
171.804 172.28 60.0 一 1
172.28 172.756 62.0 独 0
172.756 173.232 62.0 自 0
173.232 173.708 58.0 对 0
173.708 174.184 60.0 着 0
174.184 174.661 63.0 电 0
174.661 174.899 63.0 话 0
174.917 175.631 65.0 说 1
175.631 176.107 63.0 我 0
176.107 177.298 60.0 爱 0
177.299 177.537 58.0 你 1
177.537 178.013 68.0 我 0
178.013 178.489 67.0 真 0
178.489 178.965 63.0 的 0
178.965 180.394 58.0 爱 1
181.16 182.113 67.0 baby 0
182.113 183.065 65.0 - 0
183.136 183.612 62.0 - 1
183.612 184.088 63.0 我 0
184.088 184.565 63.0 已 0
184.565 185.041 63.0 不 0
185.068 185.544 62.0 能 1
185.544 185.782 63.0 多 0
185.782 186.735 58.0 爱 0
186.735 187.449 55.0 你 0
187.449 188.877 60.0 一 0
188.931 189.408 65.0 些 1
189.408 189.884 67.0 其 0
189.884 190.36 63.0 - 0
190.36 190.836 67.0 实 0
190.844 191.32 62.0 - 1
191.32 191.797 63.0 早 0
191.797 192.273 63.0 已 0
192.273 192.749 63.0 超 0
192.749 193.225 62.0 过 0
193.252 193.728 63.0 了 1
193.728 194.681 58.0 爱 0
194.681 195.157 55.0 的 0
195.157 198.49 60.0 界 1
212.369 213.321 67.0 baby 0
213.321 214.274 65.0 - 1
214.288 214.764 63.0 你 0
214.764 215.24 63.0 - 0
215.24 215.716 63.0 就 0
215.716 216.192 58.0 是 0
216.192 216.668 63.0 我 0
216.668 216.907 65.0 的 0
216.907 218.097 67.0 唯 0
218.101 218.577 62.0 一 1
218.577 219.053 62.0 两 0
219.053 219.53 62.0 个 0
219.53 220.006 58.0 世 0
220.006 220.482 62.0 界 0
220.482 220.958 63.0 都 0
220.958 222.863 65.0 变 0
222.866 223.342 67.0 形 1
223.342 223.818 67.0 回 0
223.818 224.295 68.0 去 0
224.295 224.771 67.0 谈 0
224.771 225.247 63.0 何 0
225.247 227.628 67.0 容 0
227.631 228.107 67.0 易 1
228.107 228.583 67.0 确 0
228.583 229.536 65.0 - 0
229.536 230.012 65.0 定 0
230.012 230.488 63.0 你 0
230.488 230.964 63.0 就 1
230.966 231.442 58.0 我 0
231.442 231.919 63.0 的 0
231.919 232.157 65.0 唯 0
232.157 233.347 67.0 一 1
233.347 233.823 62.0 独 0
233.823 234.3 62.0 自 0
234.3 234.776 62.0 对 0
234.776 235.252 58.0 着 0
235.252 235.728 65.0 电 0
235.728 236.204 65.0 话 0
236.204 236.442 67.0 说 1
236.442 237.157 70.0 我 0
237.157 237.395 67.0 爱 0
237.395 237.871 70.0 - 0
237.871 238.823 63.0 你 1
238.823 239.061 60.0 我 0
239.061 239.776 72.0 真 0
239.776 240.014 70.0 的 0
240.014 240.252 70.0 爱 0
240.252 240.49 67.0 - 0
240.49 240.728 67.0 - 0
240.728 242.871 70.0 你 1
242.871 244.776 70.0 baby 1
244.776 245.252 68.0 我 0
245.252 245.728 68.0 已 0
245.728 246.204 68.0 不 0
246.204 246.68 68.0 能 1
246.68 247.157 68.0 多 0
247.157 247.633 67.0 爱 0
247.633 248.109 65.0 你 0
248.109 249.538 63.0 一 0
249.538 254.3 65.0 些 1
