17.92 18.37 55.0 有 0
18.374 18.825 57.0 - 0
18.829 19.166 60.0 心 0
19.283 19.62 60.0 人 0
19.738 20.189 60.0 儿 0
20.192 20.643 62.0 用 0
20.647 21.325 64.0 情 0
21.999 22.222 64.0 深 0
22.226 22.449 67.0 紧 0
22.453 22.79 69.0 紧 0
22.908 23.131 69.0 追 0
23.362 23.813 71.0 缘 0
23.817 24.268 69.0 共 0
24.271 24.722 67.0 度 0
24.726 25.177 64.0 今 0
25.609 26.06 64.0 生 0
26.063 26.628 62.0 此 0
26.973 27.196 62.0 刻 0
27.2 27.423 60.0 不 0
27.427 27.651 57.0 需 0
27.654 28.332 55.0 再 0
28.336 28.787 57.0 离 0
29.321 29.772 55.0 分 0
29.776 30.113 60.0 让 0
30.23 30.454 60.0 梦 0
30.685 30.795 60.0 幻 0
30.912 31.59 60.0 都 0
31.594 32.386 62.0 变 0
32.848 33.071 55.0 真 0
33.075 33.298 57.0 曾 0
33.302 33.639 60.0 经 0
33.757 33.98 60.0 相 0
34.211 34.662 60.0 爱 0
34.666 34.776 62.0 过 0
34.893 35.344 62.0 的 0
35.348 35.912 64.0 人 0
36.492 36.716 64.0 - 0
36.719 36.829 67.0 泪 0
36.947 37.284 69.0 眼 0
37.401 37.625 69.0 诉 0
37.856 38.306 71.0 说 0
38.31 38.761 69.0 亳 0
38.765 39.102 67.0 无 0
39.219 39.67 64.0 缘 0
40.149 40.6 64.0 份 0
40.604 41.055 62.0 爱 0
41.513 41.737 62.0 你 0
41.74 41.964 60.0 爱 0
41.968 42.305 57.0 得 0
42.308 42.759 55.0 那 0
42.877 43.668 57.0 样 0
43.841 44.292 60.0 深 0
44.295 44.746 59.0 心 0
45.204 45.655 57.0 碎 0
45.659 46.11 55.0 也 0
46.113 46.678 57.0 更 0
46.939 47.389 60.0 深 0
47.393 47.844 62.0 情 0
47.848 48.298 64.0 人 0
48.302 48.753 67.0 难 0
48.893 49.116 62.0 求 0
49.12 49.344 62.0 爱 0
49.347 49.571 60.0 人 0
49.575 49.798 62.0 总 0
49.802 50.253 64.0 是 0
50.256 50.707 69.0 难 0
50.712 50.935 62.0 留 0
50.939 51.163 62.0 我 0
51.166 51.39 60.0 是 0
51.394 51.617 62.0 容 0
51.621 51.958 64.0 易 0
52.076 52.413 71.0 受 0
52.53 52.981 71.0 伤 0
52.985 53.322 67.0 的 0
53.439 53.663 67.0 女 0
53.666 54.117 69.0 人 0
54.232 54.683 69.0 无 0
54.687 55.024 67.0 情 0
55.141 55.592 69.0 无 0
55.596 55.933 67.0 爱 0
56.099 56.323 67.0 无 0
56.327 56.55 67.0 缘 0
56.554 56.778 64.0 无 0
56.781 57.005 62.0 奈 0
57.009 57.459 64.0 的 0
57.463 57.914 67.0 心 0
57.93 58.267 64.0 能 0
58.384 58.835 64.0 - 0
58.839 59.403 62.0 不 0
59.748 60.199 60.0 能 0
60.202 60.54 62.0 过 0
60.657 61.108 64.0 一 0
61.578 62.029 60.0 生 0
62.033 62.483 62.0 谁 0
62.487 62.938 64.0 会 0
62.942 63.279 67.0 珍 0
63.419 63.643 62.0 惜 0
63.646 63.87 62.0 谁 0
63.874 64.097 60.0 又 0
64.101 64.325 62.0 懂 0
64.328 64.779 64.0 得 0
64.783 65.234 69.0 接 0
65.255 65.479 62.0 受 0
65.483 65.706 62.0 这 0
65.71 65.933 60.0 个 0
65.937 66.161 62.0 容 0
66.164 66.615 64.0 易 0
66.619 66.843 71.0 受 0
67.074 67.524 71.0 伤 0
67.528 67.865 67.0 的 0
67.983 68.206 67.0 女 0
68.21 68.661 69.0 人 0
68.833 69.284 69.0 痴 0
69.287 69.624 67.0 - 0
69.742 70.193 67.0 痴 0
70.196 70.534 69.0 等 0
71.13 71.581 67.0 - 0
71.585 72.036 69.0 到 0
72.04 72.263 69.0 何 0
72.267 72.718 72.0 时 0
72.758 72.985 67.0 有 0
72.985 73.322 69.0 - 0
73.44 73.834 64.0 - 0
74.008 75.027 67.0 情 0
76.48 76.704 55.0 人 0
76.707 76.931 57.0 火 0
76.935 77.272 60.0 热 0
77.389 77.726 60.0 的 0
77.844 78.294 60.0 心 0
78.298 78.522 62.0 会 0
78.639 79.772 64.0 变 0
80.177 80.401 64.0 冷 0
80.405 80.515 67.0 而 0
80.632 80.969 69.0 我 0
81.086 81.31 69.0 依 0
81.541 81.992 71.0 然 0
81.996 82.333 69.0 那 0
82.45 82.787 67.0 么 0
82.905 83.469 64.0 认 0
83.882 84.333 64.0 真 0
84.336 84.787 62.0 夜 0
85.245 85.469 60.0 深 0
85.473 85.696 60.0 人 0
85.757 85.98 57.0 寂 0
85.984 86.435 55.0 只 0
86.609 86.833 55.0 留 0
86.836 87.173 57.0 我 0
87.489 87.94 60.0 伤 0
87.944 88.508 59.0 心 0
88.853 89.304 55.0 的 0
89.307 89.644 55.0 女 0
89.762 89.985 55.0 人 0
89.989 90.326 57.0 - 0
119.779 120.23 55.0 有 0
120.234 120.685 57.0 - 0
120.689 121.026 60.0 心 0
121.143 121.48 60.0 人 0
121.598 122.048 60.0 儿 0
122.052 122.503 62.0 用 0
122.507 123.185 64.0 情 0
123.76 123.984 64.0 深 0
123.988 124.211 67.0 紧 0
124.215 124.552 69.0 紧 0
124.669 124.893 69.0 追 0
125.124 125.575 71.0 缘 0
125.579 126.029 69.0 共 0
126.033 126.484 67.0 度 0
126.488 126.938 64.0 今 0
127.485 127.935 64.0 生 0
127.939 128.504 62.0 此 0
128.848 129.072 60.0 刻 0
129.076 129.299 60.0 不 0
129.303 129.526 57.0 需 0
129.53 130.208 55.0 再 0
130.212 130.663 57.0 离 0
131.161 131.612 55.0 分 0
131.616 131.953 60.0 让 0
132.07 132.294 60.0 梦 0
132.525 132.635 60.0 幻 0
132.752 133.43 60.0 都 0
133.434 134.225 62.0 变 0
134.668 134.892 55.0 真 0
134.896 135.119 57.0 曾 0
135.123 135.46 60.0 经 0
135.578 135.801 60.0 相 0
136.032 136.483 60.0 爱 0
136.487 136.596 62.0 过 0
136.714 137.165 62.0 的 0
137.168 137.733 64.0 人 0
138.46 138.683 64.0 - 0
138.687 138.797 67.0 泪 0
138.914 139.251 69.0 眼 0
139.369 139.592 69.0 诉 0
139.823 140.274 71.0 说 0
140.278 140.729 69.0 亳 0
140.733 141.07 67.0 无 0
141.187 141.638 64.0 缘 0
142.012 142.463 64.0 份 0
142.467 142.917 62.0 爱 0
143.376 143.599 62.0 你 0
143.603 143.827 60.0 爱 0
143.83 144.167 57.0 得 0
144.171 144.622 55.0 那 0
144.739 145.531 57.0 样 0
145.661 146.111 60.0 深 0
146.115 146.566 59.0 心 0
147.024 147.475 57.0 碎 0
147.479 147.929 55.0 也 0
147.933 148.498 57.0 更 0
148.834 149.285 60.0 深 0
149.289 149.74 62.0 情 0
149.743 150.194 64.0 人 0
150.198 150.649 67.0 难 0
150.666 150.889 64.0 求 0
150.893 151.116 62.0 爱 0
151.12 151.344 60.0 人 0
151.347 151.571 62.0 总 0
151.575 152.025 64.0 是 0
152.029 152.48 69.0 难 0
152.525 152.748 62.0 留 0
152.752 152.975 62.0 我 0
152.979 153.203 60.0 是 0
153.207 153.43 62.0 容 0
153.434 153.771 64.0 易 0
153.888 154.225 71.0 受 0
154.343 154.794 71.0 伤 0
154.797 155.135 67.0 的 0
155.252 155.475 67.0 女 0
155.479 155.93 69.0 人 0
156.118 156.569 69.0 - 0
156.573 156.91 67.0 无 0
157.027 157.478 69.0 情 0
157.482 157.819 67.0 无 0
157.985 158.209 67.0 爱 0
158.213 158.436 67.0 无 0
158.44 158.663 64.0 缘 0
158.667 158.891 62.0 无 0
158.894 159.345 64.0 奈 0
159.349 159.8 67.0 的 0
159.813 160.151 64.0 心 0
160.268 160.719 62.0 能 0
160.723 161.287 62.0 不 0
161.632 162.082 60.0 能 0
162.086 162.423 62.0 过 0
162.541 162.991 64.0 一 0
163.335 163.786 60.0 生 0
163.789 164.24 62.0 谁 0
164.244 164.695 64.0 会 0
164.698 165.036 67.0 珍 0
165.32 165.543 62.0 惜 0
165.547 165.771 62.0 谁 0
165.775 165.998 60.0 又 0
166.002 166.225 62.0 懂 0
166.229 166.68 64.0 得 0
166.684 167.134 69.0 接 0
167.14 167.364 62.0 受 0
167.367 167.591 62.0 这 0
167.595 167.818 60.0 个 0
167.822 168.045 62.0 容 0
168.049 168.5 64.0 易 0
168.504 168.727 71.0 受 0
168.958 169.409 71.0 伤 0
169.413 169.75 67.0 的 0
169.867 170.091 67.0 女 0
170.095 170.545 69.0 人 0
170.643 171.093 69.0 痴 0
171.097 171.434 67.0 - 0
171.552 172.002 67.0 痴 0
172.006 172.343 69.0 等 0
172.928 173.379 67.0 - 0
173.383 173.834 69.0 到 0
173.837 174.061 69.0 何 0
174.065 174.515 72.0 时 0
174.693 174.92 67.0 有 0
174.92 175.257 69.0 - 0
175.375 175.769 64.0 - 0
175.943 176.962 67.0 情 0
178.356 178.579 55.0 人 0
178.583 178.807 57.0 火 0
178.81 179.147 60.0 热 0
179.265 179.602 60.0 的 0
179.719 180.17 60.0 心 0
180.174 180.397 62.0 会 0
180.629 181.083 62.0 变 0
181.083 181.647 64.0 冷 0
182.124 182.348 64.0 而 0
182.351 182.461 67.0 我 0
182.579 182.916 69.0 依 0
183.033 183.257 69.0 然 0
183.488 183.939 71.0 那 0
183.942 184.279 69.0 么 0
184.397 184.734 67.0 认 0
184.851 185.416 64.0 真 0
185.747 186.197 64.0 夜 0
186.201 186.652 62.0 - 0
187.11 187.334 60.0 深 0
187.337 187.561 60.0 人 0
187.622 187.845 57.0 寂 0
187.849 188.3 55.0 只 0
188.474 188.697 55.0 留 0
188.701 189.038 57.0 我 0
189.364 189.815 60.0 - 0
189.818 190.383 59.0 伤 0
190.728 191.178 57.0 心 0
191.182 191.519 55.0 的 0
191.637 191.86 55.0 女 0
191.864 192.201 57.0 人 0
192.515 192.965 60.0 情 0
192.969 193.42 62.0 - 0
193.424 193.875 64.0 人 0
193.878 194.329 67.0 难 0
194.403 194.626 62.0 求 0
194.63 194.854 62.0 爱 0
194.857 195.081 60.0 人 0
195.085 195.308 62.0 总 0
195.312 195.763 64.0 是 0
195.767 196.217 69.0 难 0
196.223 196.447 62.0 留 0
196.45 196.674 62.0 我 0
196.678 196.901 60.0 是 0
196.905 197.128 62.0 容 0
197.132 197.469 64.0 易 0
197.587 197.924 71.0 受 0
198.041 198.492 71.0 伤 0
198.496 198.833 67.0 的 0
198.95 199.174 67.0 女 0
199.178 199.628 69.0 人 0
199.845 200.296 69.0 无 0
200.3 200.637 67.0 情 0
200.755 201.205 69.0 无 0
201.209 201.546 67.0 爱 0
201.644 201.867 69.0 无 0
201.871 202.094 67.0 缘 0
202.098 202.322 64.0 无 0
202.325 202.549 62.0 奈 0
202.553 203.003 64.0 的 0
203.007 203.458 67.0 心 0
203.467 203.804 64.0 能 0
203.921 204.372 64.0 不 0
204.376 204.94 62.0 能 0
205.285 205.736 60.0 过 0
205.74 206.077 62.0 一 0
206.194 206.645 64.0 生 0
207.024 207.475 60.0 谁 0
207.479 207.929 62.0 - 0
207.933 208.384 64.0 会 0
208.388 208.725 67.0 珍 0
208.868 209.092 62.0 惜 0
209.096 209.319 62.0 谁 0
209.323 209.546 60.0 又 0
209.55 209.774 62.0 懂 0
209.777 210.228 64.0 得 0
210.232 210.683 69.0 接 0
210.724 210.947 64.0 受 0
210.951 211.174 62.0 这 0
211.178 211.402 60.0 个 0
211.405 211.629 62.0 容 0
211.633 212.083 64.0 易 0
212.087 212.311 71.0 受 0
212.542 212.992 71.0 伤 0
212.996 213.333 67.0 的 0
213.451 213.674 67.0 女 0
213.678 214.129 69.0 人 0
214.336 214.787 69.0 - 0
214.79 215.128 67.0 痴 0
215.245 215.696 67.0 痴 0
215.7 216.037 69.0 等 0
216.675 217.125 72.0 - 0
217.129 217.523 72.0 到 0
217.584 218.262 72.0 何 0
218.285 218.509 67.0 时 0
218.513 218.85 69.0 有 0
218.91 219.304 64.0 - 0
219.365 220.384 67.0 情 0
222.017 222.241 55.0 人 0
222.244 222.468 57.0 火 0
222.472 222.809 60.0 热 0
222.926 223.263 60.0 的 0
223.381 223.832 60.0 心 0
223.835 224.059 62.0 会 0
224.29 224.627 62.0 变 0
224.631 225.309 64.0 冷 0
225.586 225.809 64.0 - 0
225.813 225.923 67.0 而 0
226.04 226.377 69.0 - 0
226.495 226.718 69.0 我 0
226.949 227.4 71.0 依 0
227.404 227.741 69.0 然 0
227.858 228.195 67.0 那 0
228.313 228.877 64.0 么 0
229.306 229.757 64.0 认 0
229.76 230.211 62.0 真 0
230.67 230.893 62.0 夜 0
230.897 231.12 60.0 深 0
231.181 231.404 57.0 人 0
231.465 231.859 55.0 寂 0
232.033 232.257 55.0 只 0
232.26 232.598 57.0 留 0
232.951 233.402 60.0 我 0
233.406 233.97 59.0 伤 0
234.315 234.766 55.0 心 0
234.769 235.107 55.0 的 0
235.224 236.243 57.0 女 0
