28.46 28.892 55.0 懂 0
28.901 29.113 60.0 得 0
29.122 29.774 60.0 让 0
29.784 30.216 62.0 我 0
30.225 30.657 65.0 微 0
30.666 31.098 64.0 笑 0
31.107 31.539 60.0 的 0
31.548 33.745 57.0 人 1
35.487 35.919 56.0 再 0
35.928 36.139 60.0 - 0
36.149 36.801 60.0 没 0
36.81 37.242 62.0 有 0
37.252 37.684 65.0 谁 0
37.693 38.125 64.0 比 0
38.134 38.566 60.0 你 0
38.575 39.448 62.0 有 0
39.457 41.654 64.0 天 1
42.531 42.963 55.0 轻 0
42.972 43.183 60.0 易 0
43.192 43.845 60.0 闯 0
43.854 44.286 62.0 进 0
44.295 44.727 65.0 我 0
44.737 45.169 64.0 的 0
45.178 45.61 60.0 心 0
45.619 47.816 57.0 门 1
49.697 50.129 56.0 明 0
50.138 50.349 60.0 天 0
50.358 50.79 60.0 的 0
50.799 51.231 62.0 美 0
51.241 51.673 67.0 梦 0
51.682 51.893 60.0 - 0
51.902 52.224 60.0 你 0
52.233 52.776 62.0 完 0
52.785 54.981 60.0 成 1
56.709 57.141 59.0 整 0
57.151 57.583 60.0 个 0
57.592 58.024 62.0 宇 0
58.033 58.244 62.0 宙 0
58.253 58.685 64.0 - 1
58.809 59.682 68.0 浩 0
59.692 60.124 64.0 瀚 0
60.133 60.565 60.0 无 0
60.574 61.006 60.0 边 0
61.015 61.447 62.0 的 0
61.456 61.888 64.0 尽 0
61.897 62.329 60.0 - 0
62.339 62.771 60.0 头 0
62.78 63.653 69.0 - 1
63.758 64.19 69.0 每 0
64.199 64.411 67.0 颗 0
64.42 64.852 67.0 渺 0
64.861 65.293 64.0 小 0
65.302 65.734 60.0 星 0
65.743 66.396 60.0 球 1
66.779 66.991 60.0 全 0
67.0 67.211 65.0 - 0
67.221 67.432 67.0 都 0
67.441 67.653 60.0 - 0
67.662 67.873 60.0 - 0
67.882 68.314 60.0 绕 0
68.324 68.756 62.0 着 0
68.765 69.748 62.0 你 0
69.838 70.711 65.0 走 1
70.72 72.051 64.0 爱 0
72.051 72.476 62.0 我 0
72.595 73.027 62.0 - 1
73.036 73.468 64.0 非 0
73.477 74.13 67.0 你 0
74.139 76.115 60.0 莫 1
76.577 77.009 59.0 我 0
77.019 77.45 60.0 只 0
77.46 78.34 69.0 愿 0
78.34 78.774 60.0 - 0
78.783 79.215 60.0 守 0
79.224 79.877 67.0 护 1
79.969 80.401 64.0 由 0
80.41 80.842 62.0 - 0
80.851 81.283 60.0 你 0
81.292 81.724 57.0 给 0
81.733 82.165 59.0 我 0
82.175 82.607 60.0 的 0
82.616 83.71 62.0 幸 1
83.828 84.811 65.0 爱 0
84.821 86.356 64.0 我 0
86.365 86.576 62.0 - 1
86.765 87.197 62.0 非 0
87.207 87.639 64.0 你 0
87.648 88.3 67.0 莫 0
88.31 90.286 60.0 属 1
90.563 90.995 59.0 也 0
91.004 91.436 60.0 - 0
91.445 92.208 69.0 许 0
92.328 92.76 60.0 会 0
92.769 93.201 60.0 笑 0
93.21 93.863 67.0 着 1
94.14 94.572 64.0 但 0
94.582 95.014 62.0 - 0
95.023 95.455 60.0 那 0
95.464 95.896 57.0 人 0
95.905 96.337 59.0 是 0
96.346 96.778 60.0 你 0
96.787 97.219 65.0 所 1
97.635 98.177 64.0 不 0
98.407 98.839 62.0 怕 0
98.848 101.706 60.0 苦 1
114.998 115.43 55.0 懂 0
115.439 115.65 60.0 得 0
115.659 116.312 60.0 让 0
116.321 116.753 62.0 我 0
116.762 117.194 65.0 流 0
117.204 117.636 64.0 泪 0
117.645 118.077 60.0 的 0
118.086 120.283 57.0 人 1
122.043 122.474 56.0 给 0
122.484 122.695 60.0 的 0
122.704 123.136 60.0 感 0
123.145 123.577 62.0 动 0
123.587 124.239 65.0 一 0
124.248 124.68 64.0 定 0
124.69 125.122 62.0 是 0
125.131 126.004 62.0 最 0
126.013 127.44 64.0 深 0
127.474 128.21 60.0 - 1
128.94 129.372 55.0 在 0
129.382 129.593 60.0 - 0
129.602 130.144 60.0 我 0
130.154 130.696 62.0 心 0
130.705 131.137 65.0 中 0
131.146 131.578 64.0 留 0
131.587 132.019 60.0 下 0
132.029 132.902 57.0 伤 0
132.911 134.777 57.0 痕 1
136.111 136.543 56.0 你 0
136.552 136.764 60.0 同 0
136.773 137.205 60.0 时 0
137.214 137.756 62.0 点 0
137.766 138.308 67.0 亮 0
138.317 138.749 60.0 了 0
138.758 139.19 62.0 星 0
139.199 139.962 62.0 辰 0
139.971 141.396 60.0 - 1
143.217 143.649 59.0 整 0
143.658 144.09 60.0 个 0
144.099 144.531 62.0 宇 0
144.541 144.752 62.0 宙 0
144.761 145.193 64.0 - 1
145.376 146.249 68.0 浩 0
146.258 146.69 64.0 - 0
146.699 147.131 60.0 瀚 0
147.141 147.573 60.0 无 0
147.582 148.014 62.0 边 0
148.023 148.455 64.0 的 0
148.464 148.896 60.0 尽 0
148.905 149.337 60.0 - 0
149.346 150.22 69.0 头 1
150.277 150.709 69.0 每 0
150.718 150.929 67.0 - 0
150.939 151.371 67.0 颗 0
151.38 151.812 64.0 渺 0
151.821 152.253 60.0 小 0
152.262 152.915 60.0 星 1
153.258 153.469 60.0 全 0
153.479 154.021 67.0 - 0
154.03 154.352 67.0 都 0
154.361 154.793 67.0 绕 0
154.802 155.234 69.0 着 0
155.243 156.116 62.0 你 1
156.394 157.267 65.0 爱 0
157.277 158.58 64.0 - 0
158.58 159.032 62.0 我 0
159.055 159.487 62.0 - 1
159.497 159.928 64.0 非 0
159.938 160.59 67.0 你 0
160.599 162.576 60.0 莫 1
163.064 163.496 59.0 我 0
163.505 163.937 60.0 只 0
163.946 164.819 69.0 愿 0
164.829 165.261 60.0 - 0
165.27 165.702 60.0 守 0
165.711 166.364 67.0 护 1
166.564 166.996 64.0 由 0
167.006 167.437 62.0 你 0
167.447 167.879 60.0 给 0
167.888 168.32 57.0 我 0
168.329 168.761 59.0 的 0
168.77 169.202 60.0 幸 0
169.211 169.643 64.0 福 0
169.653 170.305 62.0 - 1
170.355 171.338 65.0 爱 0
171.347 172.882 64.0 - 0
172.891 173.103 62.0 我 0
173.158 173.59 62.0 - 1
173.599 174.031 64.0 非 0
174.04 174.472 67.0 你 0
174.482 176.678 60.0 莫 1
177.08 177.512 59.0 也 0
177.521 177.953 60.0 - 0
177.962 178.835 69.0 许 0
178.844 179.276 60.0 会 0
179.285 179.717 60.0 笑 0
179.727 180.159 69.0 着 0
180.168 180.49 67.0 哭 1
180.663 181.095 64.0 但 0
181.104 181.536 62.0 - 0
181.545 181.977 60.0 那 0
181.987 182.419 57.0 人 0
182.428 182.86 59.0 是 0
182.869 183.301 60.0 你 0
183.31 183.742 65.0 所 1
184.133 184.675 64.0 不 0
184.905 185.337 62.0 怕 1
185.346 185.447 60.0 看 0
185.469 186.452 69.0 - 1
186.621 187.163 69.0 那 0
187.173 187.605 67.0 - 0
187.614 188.046 64.0 么 0
188.055 188.487 62.0 多 0
188.496 189.369 62.0 相 0
189.379 189.811 64.0 遇 1
190.297 190.839 69.0 偏 0
190.848 191.28 67.0 偏 0
191.289 191.721 64.0 只 0
191.73 192.162 62.0 和 0
192.172 193.045 60.0 你 1
193.708 194.25 65.0 天 0
194.259 194.691 64.0 - 0
194.701 195.133 62.0 造 0
195.142 195.574 60.0 地 0
195.583 196.015 60.0 设 0
196.024 196.456 60.0 般 0
196.465 196.897 62.0 产 0
196.907 197.339 64.0 生 0
197.348 197.78 64.0 奇 1
198.217 198.87 67.0 喔 0
198.879 200.083 60.0 - 1
200.87 201.412 69.0 我 0
201.421 201.853 67.0 - 0
201.862 202.294 64.0 心 0
202.304 202.736 62.0 的 0
202.745 203.618 62.0 缝 0
203.627 204.28 64.0 隙 1
204.45 204.993 69.0 我 0
205.002 205.434 67.0 想 0
205.443 205.875 64.0 除 0
205.884 206.316 62.0 了 0
206.325 207.64 60.0 你 1
207.97 208.512 65.0 任 0
208.521 208.953 64.0 谁 0
208.962 209.394 62.0 也 0
209.403 209.835 62.0 无 0
209.845 210.056 60.0 法 0
210.065 210.718 69.0 填 0
210.727 210.938 69.0 补 0
210.948 211.159 69.0 这 0
211.168 211.6 69.0 - 0
211.609 211.821 67.0 空 0
211.83 213.144 67.0 虚 1
216.441 217.314 67.0 爱 0
217.324 218.673 66.0 我 0
218.673 219.079 64.0 - 1
219.079 219.511 64.0 非 0
219.521 219.953 66.0 你 0
219.962 220.614 69.0 莫 0
220.623 222.6 62.0 属 1
222.925 223.357 61.0 我 0
223.366 223.798 62.0 - 0
223.807 224.68 71.0 只 0
225.131 225.563 62.0 守 0
225.585 226.225 69.0 护 1
226.613 227.045 66.0 由 0
227.055 227.487 64.0 你 0
227.496 227.928 62.0 给 0
227.937 228.369 59.0 我 0
228.378 228.81 61.0 的 0
228.819 229.251 62.0 幸 0
229.26 229.692 66.0 福 0
229.702 230.354 64.0 - 1
230.438 230.98 67.0 爱 0
230.989 231.201 69.0 - 0
231.21 231.798 66.0 我 0
231.807 232.965 62.0 - 1
233.22 233.652 64.0 非 0
233.661 234.093 66.0 你 0
234.102 234.534 69.0 莫 0
234.544 234.755 71.0 - 0
234.764 235.417 66.0 属 0
235.426 236.52 62.0 - 1
237.147 237.579 61.0 也 0
237.588 238.02 62.0 许 0
238.029 238.902 71.0 会 0
238.911 239.343 62.0 笑 0
239.352 239.784 62.0 着 0
239.794 240.191 71.0 哭 0
240.226 240.557 69.0 - 1
240.677 241.109 66.0 但 0
241.118 241.55 64.0 - 0
241.559 241.991 62.0 那 0
242.001 242.433 59.0 人 0
242.442 242.874 61.0 是 0
242.883 243.315 62.0 你 0
243.324 243.756 67.0 所 1
244.109 244.651 66.0 不 0
244.881 245.313 64.0 怕 0
245.322 249.063 62.0 苦 1
251.195 251.627 66.0 但 0
251.636 252.068 64.0 那 0
252.078 252.51 62.0 人 0
252.519 252.951 59.0 是 0
252.96 253.392 61.0 你 0
253.401 253.833 62.0 所 0
253.842 255.929 67.0 以 1
256.537 256.969 66.0 不 0
256.979 257.411 62.0 - 0
257.42 257.852 64.0 怕 0
257.861 261.381 62.0 苦 1
