28.651 29.102 55.0 告 0
29.105 29.329 55.0 诉 0
29.333 30.011 55.0 我 0
30.242 30.466 46.0 你 0
30.469 30.92 53.0 等 0
30.924 31.147 53.0 待 0
31.151 31.602 53.0 的 0
31.833 32.284 53.0 是 0
32.288 33.989 51.0 我 1
35.871 36.322 60.0 告 0
36.325 36.549 60.0 诉 0
36.553 37.344 60.0 我 0
37.462 37.685 51.0 你 0
37.689 38.14 58.0 不 0
38.144 38.367 58.0 要 0
38.371 38.822 58.0 再 0
39.053 39.504 60.0 错 0
39.508 41.095 55.0 过 1
42.406 42.629 51.0 你 0
42.633 42.856 53.0 闪 0
42.86 43.084 51.0 烁 0
43.088 43.538 60.0 的 0
43.542 43.652 60.0 眼 0
43.769 44.22 60.0 眸 1
44.329 44.553 56.0 仿 0
44.556 44.78 58.0 佛 0
44.784 45.007 56.0 有 0
45.011 45.462 63.0 些 0
45.466 45.689 65.0 话 0
45.693 46.144 62.0 始 0
46.148 46.598 60.0 终 1
46.675 47.126 58.0 无 0
47.13 47.354 58.0 法 0
47.357 48.035 55.0 说 0
48.039 48.49 53.0 出 0
48.494 49.172 51.0 口 1
49.272 49.495 46.0 你 0
49.499 49.95 55.0 快 0
49.954 50.177 53.0 对 0
50.181 50.405 51.0 我 0
50.408 50.859 53.0 - 0
50.863 52.564 53.0 说 1
52.865 53.088 53.0 别 0
53.092 53.316 53.0 害 0
53.319 53.543 51.0 怕 0
53.547 53.77 48.0 没 0
53.774 53.997 46.0 有 0
54.001 54.452 53.0 把 0
54.456 54.566 51.0 - 0
54.683 55.93 51.0 握 1
57.581 58.032 53.0 告 0
58.036 58.259 55.0 诉 0
58.263 58.941 55.0 我 0
59.172 59.396 46.0 你 0
59.4 59.85 55.0 曾 0
59.854 60.078 53.0 失 0
60.082 60.532 53.0 去 0
60.763 61.214 53.0 太 0
61.218 62.919 51.0 多 1
65.003 65.454 58.0 告 0
65.458 65.681 60.0 诉 0
65.685 66.477 60.0 我 0
66.594 66.818 51.0 你 0
66.821 67.272 60.0 也 0
67.276 67.5 58.0 害 0
67.503 67.954 58.0 怕 0
68.185 68.636 58.0 寂 0
68.64 70.227 55.0 寞 1
71.432 71.655 51.0 我 0
71.659 71.883 53.0 知 0
71.887 72.11 51.0 道 0
72.114 72.565 60.0 你 0
72.568 72.678 60.0 无 0
72.796 73.247 60.0 法 1
73.385 73.609 56.0 去 0
73.613 73.836 58.0 摆 0
73.84 74.064 56.0 脱 0
74.067 74.518 63.0 过 0
74.522 74.745 65.0 去 0
74.749 75.2 62.0 失 0
75.204 75.655 60.0 败 1
75.929 76.38 58.0 挫 0
76.383 76.607 58.0 折 0
76.611 77.289 55.0 的 0
77.293 77.743 53.0 伤 0
77.747 78.425 51.0 痛 1
78.428 78.652 46.0 你 0
78.655 79.106 55.0 快 0
79.11 79.334 53.0 对 0
79.337 79.561 51.0 我 0
79.565 80.015 53.0 - 0
80.019 81.72 53.0 说 1
81.979 82.203 53.0 别 0
82.206 82.43 53.0 总 0
82.434 82.657 51.0 是 0
82.661 82.884 48.0 不 0
82.888 83.112 46.0 知 0
83.116 83.566 53.0 所 0
83.57 83.68 51.0 - 0
83.798 85.044 51.0 措 1
86.805 87.028 63.0 想 0
87.032 87.255 63.0 着 0
87.259 87.483 63.0 你 0
87.486 87.71 63.0 的 0
87.714 87.937 63.0 黑 0
87.941 88.278 63.0 夜 1
88.531 88.641 58.0 我 0
88.645 88.868 63.0 想 0
88.872 88.982 65.0 着 0
89.1 89.323 65.0 你 0
89.327 89.55 62.0 的 0
89.554 89.778 60.0 容 0
89.781 90.119 58.0 颜 1
90.381 90.605 60.0 反 0
90.609 90.832 63.0 反 0
90.836 91.06 63.0 复 0
91.063 91.287 63.0 复 0
91.291 91.628 63.0 孤 0
91.745 91.969 63.0 枕 0
91.973 92.31 55.0 难 0
92.427 93.185 58.0 眠 1
93.408 93.518 58.0 告 0
93.636 93.746 58.0 诉 0
93.863 94.087 58.0 我 0
94.09 94.314 60.0 你 0
94.318 94.655 63.0 一 0
94.772 94.882 63.0 样 0
95.0 95.45 63.0 不 0
95.454 95.905 60.0 成 0
95.909 96.928 58.0 眠 1
97.066 97.176 58.0 告 0
97.294 97.404 58.0 诉 0
97.521 97.744 58.0 我 0
97.748 97.972 60.0 你 0
97.976 98.313 63.0 也 0
98.43 98.54 63.0 盼 0
98.657 98.995 63.0 我 0
99.112 99.449 67.0 出 0
99.567 101.04 65.0 现 1
101.365 101.589 62.0 想 0
101.592 101.816 63.0 着 0
101.82 102.043 63.0 你 0
102.047 102.271 63.0 的 0
102.274 102.498 63.0 黑 0
102.502 102.839 63.0 夜 1
102.86 103.084 58.0 我 0
103.088 103.311 65.0 想 0
103.315 103.425 65.0 着 0
103.542 103.766 65.0 你 0
103.77 103.993 62.0 的 0
103.997 104.22 60.0 容 0
104.224 104.561 58.0 颜 1
105.037 105.261 60.0 反 0
105.264 105.488 63.0 反 0
105.492 105.715 63.0 复 0
105.719 105.943 63.0 复 0
105.946 106.283 63.0 孤 0
106.401 106.624 63.0 枕 0
106.628 106.965 55.0 难 0
107.083 107.841 58.0 眠 1
107.85 107.96 58.0 告 0
108.077 108.187 58.0 诉 0
108.305 108.528 58.0 我 0
108.532 108.756 60.0 你 0
108.759 109.096 63.0 想 0
109.214 109.324 63.0 我 0
109.441 109.892 63.0 千 0
109.896 110.347 60.0 百 0
110.35 111.37 58.0 遍 1
111.611 111.721 58.0 告 0
111.838 111.948 58.0 诉 0
112.066 112.289 58.0 我 0
112.293 112.516 60.0 一 0
112.52 112.857 63.0 切 0
112.975 113.085 63.0 都 0
113.202 113.539 67.0 会 0
113.657 114.108 63.0 实 0
114.111 115.585 63.0 现 1
132.157 132.608 55.0 告 0
132.612 132.835 55.0 诉 0
132.839 133.517 55.0 我 0
133.748 133.972 46.0 你 0
133.975 134.426 53.0 曾 0
134.43 134.654 53.0 失 0
134.657 135.108 53.0 去 0
135.339 135.79 53.0 太 0
135.794 137.495 51.0 多 1
139.401 139.852 60.0 告 0
139.855 140.079 60.0 诉 0
140.083 140.875 60.0 我 0
140.992 141.215 51.0 你 0
141.219 141.67 58.0 也 0
141.674 141.897 58.0 害 0
141.901 142.352 58.0 怕 0
142.583 143.034 58.0 寂 0
143.038 144.625 55.0 寞 1
146.139 146.362 51.0 我 0
146.366 146.59 53.0 知 0
146.593 146.817 51.0 道 0
146.821 147.271 60.0 你 0
147.275 147.385 60.0 无 0
147.503 147.953 60.0 法 1
148.004 148.228 56.0 去 0
148.231 148.455 58.0 摆 0
148.459 148.682 56.0 脱 0
148.686 149.137 63.0 过 0
149.141 149.364 65.0 去 0
149.368 149.819 62.0 失 0
149.823 150.273 60.0 败 1
150.324 150.774 58.0 挫 0
150.778 151.002 60.0 折 0
151.005 151.684 55.0 的 0
151.687 152.138 53.0 伤 0
152.142 152.82 51.0 痛 1
152.962 153.185 46.0 你 0
153.189 153.64 55.0 快 0
153.644 153.867 53.0 对 0
153.871 154.095 51.0 我 0
154.098 154.549 53.0 - 0
154.553 156.254 53.0 说 1
156.5 156.723 53.0 别 0
156.727 156.951 53.0 总 0
156.954 157.178 51.0 是 0
157.182 157.405 48.0 不 0
157.409 157.633 46.0 知 0
157.636 158.087 53.0 所 0
158.091 158.201 51.0 - 0
158.318 159.565 51.0 措 1
161.216 161.44 62.0 想 0
161.444 161.667 63.0 着 0
161.671 161.894 63.0 你 0
161.898 162.122 63.0 的 0
162.126 162.349 63.0 黑 0
162.353 162.69 63.0 夜 1
162.953 163.177 58.0 我 0
163.181 163.404 63.0 想 0
163.408 163.518 65.0 着 0
163.635 163.859 65.0 你 0
163.863 164.086 62.0 的 0
164.09 164.313 60.0 容 0
164.317 164.654 58.0 颜 1
164.981 165.205 60.0 反 0
165.209 165.432 63.0 反 0
165.436 165.659 63.0 复 0
165.663 165.887 63.0 复 0
165.89 166.228 63.0 孤 0
166.345 166.569 63.0 枕 0
166.572 166.91 55.0 难 0
167.027 167.785 58.0 眠 1
167.867 167.977 58.0 告 0
168.095 168.204 58.0 诉 0
168.322 168.545 58.0 我 0
168.549 168.773 60.0 你 0
168.776 169.114 63.0 一 0
169.231 169.341 63.0 样 0
169.458 169.909 63.0 不 0
169.913 170.364 60.0 成 0
170.368 171.387 58.0 眠 1
171.563 171.673 58.0 告 0
171.79 171.9 58.0 诉 0
172.018 172.241 58.0 我 0
172.245 172.469 60.0 你 0
172.472 172.81 63.0 也 0
172.927 173.037 63.0 盼 0
173.154 173.491 63.0 我 0
173.609 173.946 67.0 出 0
174.063 175.537 65.0 现 1
175.868 176.091 62.0 想 0
176.095 176.319 63.0 着 0
176.323 176.546 63.0 你 0
176.55 176.773 63.0 的 0
176.777 177.001 63.0 黑 0
177.004 177.342 63.0 夜 1
177.488 177.712 58.0 我 0
177.715 177.939 63.0 想 0
177.943 178.053 65.0 着 0
178.17 178.394 65.0 你 0
178.397 178.621 67.0 的 0
178.625 178.848 60.0 容 0
178.852 179.416 58.0 颜 1
179.567 179.79 60.0 反 0
179.794 180.018 63.0 反 0
180.021 180.245 63.0 复 0
180.249 180.472 63.0 复 0
180.476 180.813 63.0 孤 0
180.931 181.154 63.0 枕 0
181.158 181.495 55.0 难 0
181.613 182.37 58.0 眠 1
182.423 182.533 58.0 告 0
182.65 182.76 58.0 诉 0
182.877 183.101 58.0 我 0
183.105 183.328 60.0 你 0
183.332 183.669 63.0 想 0
183.787 183.897 63.0 我 0
184.014 184.465 63.0 千 0
184.469 184.919 60.0 百 0
184.923 185.942 58.0 遍 1
186.128 186.238 58.0 告 0
186.355 186.465 58.0 诉 0
186.582 186.806 58.0 我 0
186.81 187.033 60.0 一 0
187.037 187.374 63.0 切 0
187.492 187.601 63.0 都 0
187.719 188.056 67.0 会 0
188.174 188.624 65.0 实 0
188.628 190.102 63.0 现 1
195.839 197.654 64.0 我 0
197.657 197.881 63.0 想 0
197.885 198.108 64.0 着 0
198.112 198.336 64.0 你 0
198.339 198.563 64.0 的 0
198.567 198.79 64.0 黑 0
198.794 199.131 64.0 夜 1
199.552 199.775 64.0 想 0
199.779 199.889 66.0 着 0
200.007 200.23 66.0 你 0
200.234 200.457 63.0 的 0
200.461 200.685 61.0 容 0
200.688 201.026 59.0 颜 1
201.409 201.633 61.0 反 0
201.637 201.86 64.0 反 0
201.864 202.088 64.0 复 0
202.091 202.315 64.0 复 0
202.319 202.656 64.0 孤 0
202.773 202.997 64.0 枕 0
203.001 203.338 56.0 难 0
203.455 204.213 59.0 眠 1
204.258 204.368 59.0 告 0
204.486 204.596 59.0 诉 0
204.713 204.936 59.0 我 0
204.94 205.164 61.0 你 0
205.168 205.505 64.0 一 0
205.622 205.732 64.0 样 0
205.85 206.3 64.0 不 0
206.304 206.755 61.0 成 0
206.759 207.778 59.0 眠 1
207.906 208.016 59.0 告 0
208.134 208.243 59.0 诉 0
208.361 208.584 59.0 我 0
208.588 208.812 61.0 你 0
208.816 209.153 64.0 也 0
209.27 209.38 64.0 盼 0
209.497 209.835 64.0 我 0
209.952 210.289 68.0 出 0
210.407 211.88 66.0 现 1
212.286 212.51 63.0 想 0
212.513 212.737 64.0 着 0
212.741 212.964 64.0 你 0
212.968 213.192 64.0 的 0
213.195 213.419 64.0 黑 0
213.423 213.76 64.0 夜 1
214.152 214.261 64.0 我 0
214.265 214.375 66.0 想 0
214.379 214.489 66.0 着 0
214.606 214.83 66.0 你 0
214.833 215.057 63.0 的 0
215.061 215.284 61.0 容 0
215.288 215.739 59.0 颜 1
215.819 216.043 61.0 反 0
216.046 216.27 64.0 反 0
216.274 216.497 64.0 复 0
216.501 216.724 64.0 复 0
216.728 217.065 64.0 孤 0
217.183 217.406 64.0 枕 0
217.41 217.747 56.0 难 0
217.865 218.622 59.0 眠 1
218.829 218.939 59.0 告 0
219.056 219.166 59.0 诉 0
219.284 219.507 59.0 我 0
219.511 219.734 61.0 你 0
219.738 220.075 64.0 想 0
220.193 220.303 64.0 我 0
220.42 220.871 64.0 千 0
220.875 221.326 61.0 百 0
221.329 222.349 59.0 遍 1
222.519 222.629 59.0 告 0
222.746 222.856 59.0 诉 0
222.974 223.197 59.0 我 0
223.201 223.424 61.0 一 0
223.428 223.765 64.0 切 0
223.883 223.993 64.0 都 0
224.11 224.447 68.0 会 0
224.565 225.016 64.0 实 0
225.019 226.493 64.0 现 1
