18.496 19.02 63.0 就 0
19.022 19.349 65.0 让 0
19.548 19.809 65.0 所 0
19.811 20.072 67.0 有 0
20.074 20.335 67.0 往 0
20.338 20.599 68.0 事 0
20.601 21.256 67.0 随 0
21.259 21.52 63.0 风 0
21.522 21.849 65.0 而 0
22.048 23.033 67.0 去 1
23.271 23.532 65.0 让 0
23.535 23.795 63.0 那 0
23.798 24.059 65.0 回 0
24.061 24.322 65.0 忆 0
24.324 24.453 65.0 落 0
24.587 24.848 65.0 地 0
24.85 25.374 65.0 化 0
25.377 25.769 62.0 成 0
25.771 27.282 63.0 泥 1
27.501 27.696 60.0 静 0
27.764 28.025 62.0 静 0
28.027 29.275 63.0 地 0
29.606 29.867 62.0 轻 0
29.869 30.13 63.0 轻 0
30.132 31.314 65.0 地 1
31.571 31.832 63.0 我 0
31.835 32.096 65.0 的 0
32.098 32.359 67.0 世 0
32.361 32.622 67.0 界 0
32.624 32.885 67.0 又 0
32.887 33.148 68.0 下 0
33.15 33.674 67.0 起 0
33.677 33.938 63.0 了 0
33.94 34.332 65.0 细 0
34.466 35.451 67.0 雨 1
35.749 35.878 60.0 你 0
36.012 36.273 60.0 也 0
36.275 36.536 67.0 无 0
36.538 36.734 67.0 需 0
36.802 37.194 67.0 有 0
37.196 37.326 68.0 太 0
37.459 38.115 70.0 多 0
38.183 38.378 68.0 的 0
38.381 38.773 67.0 言 0
38.775 39.563 65.0 语 1
39.705 40.229 70.0 也 0
40.232 40.493 67.0 会 0
40.495 40.624 65.0 拥 0
40.758 40.887 65.0 有 0
41.021 41.085 65.0 不 0
41.284 41.479 67.0 同 0
41.547 42.072 65.0 的 0
42.074 42.335 58.0 天 0
42.337 43.453 63.0 地 1
44.16 44.421 60.0 我 0
44.423 44.553 62.0 可 0
44.686 46.263 63.0 以 0
46.528 46.789 62.0 慢 0
46.792 47.228 63.0 慢 0
47.346 47.478 62.0 地 0
47.616 48.368 62.0 忘 0
48.371 48.631 63.0 了 0
48.765 50.671 63.0 你 1
52.102 52.626 67.0 一 0
52.628 52.889 68.0 吻 0
52.891 53.021 70.0 之 0
53.154 54.402 72.0 间 0
54.733 54.994 67.0 的 0
54.996 55.981 65.0 你 1
56.882 57.143 67.0 给 0
57.145 57.406 68.0 我 0
57.408 57.866 70.0 最 0
57.934 58.195 72.0 美 0
58.329 58.985 70.0 的 0
58.987 59.379 68.0 回 0
59.382 60.629 67.0 忆 1
60.992 61.253 67.0 再 0
61.255 61.516 68.0 无 0
61.518 62.043 70.0 法 0
62.045 62.174 63.0 抹 0
62.308 62.7 63.0 去 1
63.119 63.38 67.0 深 0
63.383 63.644 68.0 爱 0
63.646 64.17 70.0 的 0
64.172 64.433 68.0 你 0
64.435 65.091 67.0 留 0
65.225 65.354 65.0 下 0
65.488 66.933 67.0 的 0
67.33 67.525 68.0 痕 0
67.725 68.644 70.0 迹 1
68.985 69.246 67.0 挥 0
69.38 69.509 68.0 手 0
69.774 69.904 70.0 之 0
70.037 71.22 72.0 后 0
71.353 72.141 75.0 离 0
72.143 73.391 71.0 去 1
73.659 74.315 75.0 也 0
74.317 74.841 70.0 许 0
74.843 75.104 72.0 就 0
75.37 75.762 70.0 是 0
75.764 76.157 68.0 结 0
76.159 76.289 67.0 - 0
76.422 77.67 67.0 局 1
77.969 78.23 67.0 别 0
78.232 78.362 68.0 再 0
78.496 79.085 70.0 傻 0
79.153 79.283 63.0 傻 0
79.417 80.072 63.0 地 0
80.206 80.335 63.0 留 0
80.469 82.112 65.0 在 0
82.443 82.572 63.0 原 0
82.706 84.546 63.0 地 1
102.761 103.285 63.0 就 0
103.287 103.614 65.0 让 0
103.814 104.075 67.0 所 0
104.077 104.338 67.0 有 0
104.34 104.601 67.0 往 0
104.603 104.864 68.0 事 0
104.866 105.39 67.0 随 0
105.393 105.654 63.0 风 0
105.656 105.983 65.0 而 0
106.182 107.167 67.0 去 1
107.393 107.654 65.0 让 0
107.656 107.917 63.0 那 0
107.919 108.18 63.0 回 0
108.182 108.443 65.0 忆 0
108.446 108.575 65.0 落 0
108.709 108.97 67.0 地 0
108.972 109.496 65.0 化 0
109.498 109.891 62.0 成 0
109.893 111.404 63.0 泥 1
111.512 111.708 60.0 静 0
111.776 112.037 62.0 静 0
112.039 113.287 63.0 地 0
113.618 113.879 62.0 轻 0
113.881 114.142 63.0 轻 0
114.144 115.326 65.0 地 1
115.843 116.104 63.0 我 0
116.106 116.367 65.0 的 0
116.369 116.63 65.0 世 0
116.632 116.893 67.0 界 0
116.896 117.157 67.0 又 0
117.159 117.42 68.0 下 0
117.422 117.946 67.0 起 0
117.948 118.209 63.0 了 0
118.211 118.604 65.0 细 0
118.738 119.722 67.0 雨 1
120.118 120.247 60.0 你 0
120.381 120.642 60.0 也 0
120.644 120.905 67.0 无 0
120.907 121.102 67.0 需 0
121.17 121.431 67.0 有 0
121.433 121.694 68.0 太 0
121.696 122.352 70.0 多 0
122.552 122.747 68.0 的 0
122.749 123.142 67.0 言 0
123.144 123.931 65.0 语 1
124.031 124.555 70.0 也 0
124.557 124.818 67.0 会 0
124.82 124.95 65.0 拥 0
125.084 125.213 65.0 有 0
125.347 125.41 65.0 不 0
125.61 125.805 67.0 同 0
125.873 126.397 65.0 的 0
126.399 126.66 58.0 天 0
126.662 127.187 65.0 地 0
127.189 127.779 63.0 - 1
128.469 128.73 60.0 我 0
128.732 128.861 62.0 可 0
128.995 130.572 63.0 以 0
130.837 131.098 63.0 慢 0
131.1 131.493 63.0 慢 0
131.626 131.756 62.0 地 0
131.89 132.414 67.0 忘 0
132.416 132.545 65.0 - 0
132.679 132.808 65.0 了 0
132.942 134.848 63.0 你 1
136.343 136.812 67.0 一 0
136.813 137.131 68.0 吻 0
137.133 137.262 70.0 之 0
137.396 138.775 72.0 间 0
138.975 139.236 67.0 的 0
139.238 140.223 65.0 你 1
141.155 141.416 67.0 给 0
141.418 141.679 68.0 我 0
141.681 142.14 70.0 最 0
142.208 142.469 72.0 美 0
142.603 143.258 70.0 的 0
143.26 143.653 68.0 回 0
143.655 144.903 67.0 忆 1
145.346 145.607 67.0 再 0
145.609 145.87 68.0 无 0
145.872 146.396 70.0 法 0
146.398 146.528 63.0 抹 0
146.661 147.054 63.0 去 1
147.456 147.717 67.0 深 0
147.719 147.98 68.0 爱 0
147.982 148.506 70.0 的 0
148.509 148.77 68.0 你 0
148.772 149.427 67.0 留 0
149.561 149.691 65.0 下 0
149.824 151.27 67.0 的 0
151.666 151.862 68.0 痕 0
152.061 152.98 70.0 迹 1
153.273 153.534 67.0 挥 0
153.668 153.798 68.0 手 0
154.063 154.192 70.0 之 0
154.326 155.508 72.0 后 0
155.642 156.429 75.0 离 0
156.431 157.679 71.0 去 1
157.711 158.367 75.0 也 0
158.501 159.025 70.0 许 0
159.027 159.288 72.0 就 0
159.553 159.946 70.0 是 0
159.948 160.34 68.0 结 0
160.343 160.472 67.0 - 0
160.606 161.854 67.0 局 1
162.054 162.315 67.0 别 0
162.317 162.446 68.0 再 0
162.58 163.17 70.0 傻 0
163.238 163.367 63.0 傻 0
163.501 164.157 63.0 地 0
164.159 164.288 63.0 留 0
164.554 166.196 65.0 在 0
166.264 166.394 63.0 原 0
166.659 168.499 63.0 地 1
170.108 170.5 67.0 一 0
170.502 170.895 68.0 吻 0
170.897 171.026 70.0 之 0
171.16 172.54 72.0 间 0
172.608 173.0 67.0 的 0
173.002 173.855 65.0 你 1
174.787 175.048 67.0 给 0
175.051 175.311 68.0 我 0
175.314 175.772 70.0 最 0
175.84 176.101 72.0 美 0
176.235 176.627 70.0 的 0
176.629 177.022 68.0 回 0
177.024 177.285 70.0 - 0
177.287 178.272 67.0 忆 1
178.975 179.236 67.0 再 0
179.238 179.499 68.0 无 0
179.501 180.025 70.0 法 0
180.028 180.157 63.0 抹 0
180.291 180.683 63.0 去 1
181.1 181.361 67.0 深 0
181.363 181.624 68.0 爱 0
181.626 182.151 70.0 的 0
182.153 182.414 68.0 你 0
182.416 182.863 67.0 留 0
182.866 183.072 67.0 - 0
183.205 183.335 65.0 下 0
183.469 184.782 67.0 的 0
184.784 185.045 67.0 痕 0
185.048 185.572 67.0 - 0
185.574 185.966 72.0 迹 0
185.969 186.624 70.0 - 1
186.872 187.133 67.0 挥 0
187.266 187.396 68.0 手 0
187.661 187.791 70.0 之 0
187.924 188.317 72.0 后 0
188.319 189.106 72.0 - 0
189.24 190.027 75.0 离 0
190.03 191.277 71.0 去 1
191.346 192.002 75.0 也 0
192.136 192.66 70.0 许 0
192.662 192.923 72.0 就 0
193.188 193.581 70.0 是 0
193.583 193.976 68.0 结 0
193.978 194.107 67.0 - 0
194.241 195.489 67.0 局 1
195.846 196.107 67.0 所 0
196.109 196.239 68.0 有 0
196.372 196.831 70.0 的 0
196.899 197.028 63.0 往 0
197.293 197.818 63.0 事 0
197.951 198.081 63.0 随 0
198.346 199.989 65.0 风 0
200.057 200.186 63.0 而 0
200.451 202.291 63.0 去 1
204.349 204.61 67.0 所 0
204.612 204.741 68.0 有 0
204.941 205.465 70.0 的 0
205.664 205.794 63.0 往 0
205.928 206.583 63.0 事 0
206.849 206.978 63.0 随 0
207.112 208.886 65.0 风 0
209.612 209.84 63.0 而 0
209.925 211.255 63.0 去 1
