19.702 19.902 60.0 怎 0
19.902 20.102 60.0 么 0
20.102 20.502 60.0 大 0
20.502 20.902 62.0 风 0
20.902 21.302 64.0 越 0
21.302 22.102 55.0 狠 0
22.8 23.2 60.0 我 0
23.2 23.6 60.0 - 0
23.6 24.0 62.0 心 0
24.0 24.8 64.0 越 0
26.055 26.255 60.0 荡 0
26.255 26.455 60.0 幻 0
26.455 26.755 60.0 如 0
26.755 27.055 62.0 一 0
27.055 27.455 64.0 丝 0
27.455 27.755 55.0 尘 0
27.775 28.075 55.0 土 0
28.075 28.375 57.0 随 0
28.375 28.575 60.0 风 0
28.575 28.875 60.0 自 0
28.875 29.275 60.0 由 0
29.275 29.975 62.0 的 0
30.375 30.875 65.0 在 0
30.875 31.275 64.0 狂 0
32.385 32.585 67.0 舞 0
32.585 32.785 67.0 我 0
32.785 33.085 67.0 要 0
33.085 33.385 67.0 握 0
33.385 33.785 67.0 紧 0
33.785 33.985 59.0 手 0
33.985 34.285 59.0 中 0
34.285 35.185 59.0 坚 0
35.591 35.791 60.0 定 0
35.791 35.991 60.0 却 0
35.991 36.391 60.0 又 0
36.391 36.791 62.0 飘 0
36.791 37.191 65.0 散 0
37.191 37.591 64.0 的 0
37.591 38.391 64.0 勇 0
38.97 39.17 60.0 气 0
39.17 39.37 60.0 我 0
39.37 39.77 60.0 会 0
39.77 40.17 67.0 变 0
40.17 40.47 67.0 成 0
40.47 40.97 55.0 巨 0
40.979 41.179 64.0 人 0
41.179 41.379 67.0 踏 0
41.379 41.579 67.0 着 0
41.579 41.979 55.0 力 0
41.979 42.179 60.0 气 0
42.179 42.379 60.0 踩 0
42.379 43.379 60.0 着 0
45.276 45.476 60.0 梦 0
45.476 45.676 60.0 怎 0
45.676 46.076 60.0 么 0
46.076 46.476 62.0 大 0
46.476 46.876 64.0 风 0
46.876 47.676 55.0 越 0
48.424 48.824 60.0 狠 0
48.824 49.224 60.0 我 0
49.224 49.624 62.0 心 0
49.624 50.424 64.0 越 0
51.612 51.812 60.0 荡 0
51.812 52.012 60.0 又 0
52.012 52.312 60.0 如 0
52.312 52.612 62.0 一 0
52.612 53.012 64.0 丝 0
53.012 53.312 55.0 消 0
53.366 53.666 55.0 沙 0
53.666 53.966 57.0 随 0
53.966 54.166 60.0 风 0
54.166 54.466 60.0 轻 0
54.466 54.866 60.0 飘 0
54.866 55.566 62.0 的 0
55.966 56.466 65.0 在 0
56.466 56.866 64.0 狂 0
58.039 58.239 67.0 舞 0
58.239 58.439 67.0 我 0
58.439 58.739 67.0 要 0
58.739 59.039 67.0 深 0
59.039 59.339 67.0 埋 0
59.339 59.539 59.0 心 0
59.539 59.739 59.0 头 0
59.739 60.039 59.0 上 0
60.039 60.739 59.0 秉 0
61.301 61.501 60.0 持 0
61.501 61.701 60.0 却 0
61.701 62.001 60.0 又 0
62.001 62.501 62.0 重 0
62.501 62.901 65.0 小 0
62.901 63.301 64.0 的 0
63.301 64.101 67.0 勇 0
64.518 64.718 60.0 气 0
64.718 64.918 60.0 一 0
64.918 65.318 60.0 直 0
65.318 65.718 62.0 往 0
65.718 66.118 65.0 大 0
66.118 66.318 64.0 风 0
66.318 66.518 64.0 吹 0
66.518 66.918 64.0 的 0
66.918 67.318 62.0 方 0
67.718 68.118 64.0 向 0
68.118 68.918 65.0 走 0
68.918 69.718 67.0 过 0
70.455 70.755 72.0 去 0
70.755 71.055 69.0 吹 0
71.055 71.255 72.0 啊 0
71.255 71.655 72.0 吹 0
71.655 71.855 72.0 啊 0
71.855 72.055 69.0 我 0
72.055 72.255 72.0 的 0
72.255 72.455 72.0 骄 0
72.455 72.855 72.0 傲 0
72.855 73.455 76.0 放 0
73.463 73.663 71.0 纵 0
73.663 73.863 71.0 哦 0
73.863 74.063 71.0 吹 0
74.063 74.263 71.0 啊 0
74.263 74.663 71.0 吹 0
74.663 74.863 69.0 不 0
74.863 75.063 71.0 毁 0
75.063 75.263 69.0 我 0
75.263 75.463 71.0 纯 0
75.463 75.863 72.0 净 0
75.863 76.063 69.0 花 0
76.353 76.753 72.0 园 0
76.753 76.953 69.0 任 0
76.953 77.353 72.0 风 0
77.353 77.553 72.0 吹 0
77.553 77.753 69.0 任 0
77.753 78.153 72.0 它 0
78.168 78.368 72.0 乱 0
78.368 78.568 72.0 毁 0
78.568 78.968 76.0 不 0
78.968 79.168 76.0 灭 0
79.168 80.168 67.0 是 0
80.168 80.568 69.0 我 0
80.568 80.968 71.0 尽 0
80.968 81.368 71.0 头 0
81.368 81.768 71.0 的 0
81.768 82.168 72.0 展 0
82.99 83.29 72.0 望 0
83.29 83.59 72.0 哦 0
83.59 83.89 69.0 吹 0
83.89 84.09 72.0 啊 0
84.09 84.49 72.0 吹 0
84.49 84.69 72.0 啊 0
84.69 84.89 69.0 我 0
84.89 85.09 72.0 赤 0
85.09 85.29 72.0 脚 0
85.29 85.69 72.0 不 0
85.69 86.09 76.0 害 0
86.382 86.582 76.0 怕 0
86.582 86.782 74.0 哦 0
86.782 86.982 74.0 吹 0
86.982 87.182 74.0 啊 0
87.182 87.582 74.0 吹 0
87.582 87.782 74.0 啊 0
87.782 87.982 74.0 哦 0
87.982 88.182 72.0 无 0
88.182 88.582 76.0 所 0
88.582 88.982 76.0 谓 0
88.982 89.382 76.0 扰 0
89.382 89.582 69.0 乱 0
89.582 89.782 69.0 我 0
89.782 89.982 72.0 你 0
89.982 90.182 69.0 看 0
90.182 90.382 72.0 我 0
90.382 90.582 72.0 在 0
90.582 90.982 72.0 勇 0
90.982 91.182 74.0 敢 0
91.182 91.382 72.0 地 0
91.382 92.082 72.0 微 0
92.679 92.879 67.0 笑 0
92.879 93.079 74.0 你 0
93.079 93.279 74.0 看 0
93.279 93.479 74.0 我 0
93.479 93.679 74.0 在 0
93.679 94.079 74.0 勇 0
94.079 94.479 76.0 敢 0
94.879 95.279 76.0 地 0
95.279 95.479 76.0 去 0
95.479 95.879 67.0 挥 0
95.879 96.179 69.0 手 0
96.179 96.879 72.0 啊 0
109.173 109.373 72.0 是 0
109.373 109.573 67.0 你 0
109.573 109.973 69.0 吗 0
109.973 110.173 69.0 会 0
110.173 110.373 69.0 给 0
110.373 110.573 67.0 我 0
110.573 110.973 69.0 一 0
110.973 111.173 69.0 扇 0
111.173 111.373 69.0 心 0
111.373 111.773 67.0 房 0
111.773 111.973 67.0 让 0
111.973 112.173 69.0 我 0
112.173 112.373 67.0 勇 0
112.373 112.573 69.0 - 0
112.573 112.773 67.0 - 0
112.773 113.373 67.0 敢 0
113.373 113.773 64.0 前 0
113.773 114.473 64.0 行 0
115.386 115.586 67.0 是 0
115.586 115.786 60.0 - 0
115.786 116.186 62.0 你 0
116.186 116.386 62.0 呀 0
116.386 116.586 62.0 会 0
116.586 116.786 62.0 给 0
116.786 117.053 67.0 我 0
117.053 117.32 67.0 一 0
117.32 117.586 67.0 扇 0
117.586 118.386 67.0 灯 0
118.502 118.702 67.0 窗 0
118.702 118.902 67.0 让 0
118.902 119.102 67.0 我 0
119.102 119.302 67.0 让 0
119.302 119.702 67.0 我 0
119.702 120.102 69.0 无 0
120.102 120.902 71.0 所 0
120.902 121.702 72.0 畏 0
121.75 122.05 72.0 惧 0
122.05 122.35 69.0 吹 0
122.35 122.55 72.0 啊 0
122.55 122.95 72.0 吹 0
122.95 123.15 72.0 啊 0
123.15 123.35 69.0 我 0
123.35 123.55 72.0 的 0
123.55 123.75 72.0 骄 0
123.75 124.15 72.0 傲 0
124.15 124.75 76.0 放 0
124.768 124.968 71.0 纵 0
124.968 125.168 71.0 哦 0
125.168 125.368 71.0 吹 0
125.368 125.568 71.0 啊 0
125.568 125.968 71.0 吹 0
125.968 126.168 69.0 不 0
126.168 126.368 71.0 毁 0
126.368 126.568 69.0 我 0
126.568 126.768 71.0 纯 0
126.768 127.168 72.0 净 0
127.168 127.368 69.0 花 0
127.389 127.789 72.0 园 0
127.789 127.989 69.0 任 0
127.989 128.389 72.0 风 0
128.389 128.589 72.0 吹 0
128.589 128.789 69.0 任 0
128.789 129.189 72.0 它 0
129.249 129.449 72.0 乱 0
129.449 129.649 72.0 毁 0
129.649 130.049 76.0 不 0
130.049 130.249 76.0 灭 0
130.249 131.249 67.0 是 0
131.249 131.649 69.0 我 0
131.649 132.049 71.0 尽 0
132.049 132.449 71.0 头 0
132.449 132.849 71.0 的 0
132.849 133.249 72.0 展 0
134.193 134.493 72.0 望 0
134.493 134.793 72.0 哦 0
134.793 135.093 69.0 吹 0
135.093 135.293 72.0 啊 0
135.293 135.693 72.0 吹 0
135.693 135.893 72.0 啊 0
135.893 136.093 69.0 我 0
136.093 136.293 72.0 赤 0
136.293 136.493 72.0 脚 0
136.493 136.893 76.0 不 0
136.893 137.493 79.0 害 0
137.509 137.709 74.0 怕 0
137.709 137.909 74.0 哦 0
137.909 138.109 74.0 吹 0
138.109 138.309 74.0 啊 0
138.309 138.709 74.0 吹 0
138.709 138.909 74.0 啊 0
138.909 139.109 74.0 哦 0
139.109 139.309 72.0 无 0
139.309 139.709 76.0 所 0
139.709 140.109 76.0 谓 0
140.109 140.509 76.0 扰 0
140.509 140.709 69.0 乱 0
140.769 140.969 69.0 我 0
140.969 141.169 72.0 你 0
141.169 141.369 69.0 看 0
141.369 141.569 72.0 我 0
141.569 141.769 72.0 在 0
141.769 142.069 76.0 勇 0
142.069 142.569 76.0 敢 0
142.569 142.969 76.0 地 0
142.969 143.769 76.0 微 0
143.847 144.047 76.0 笑 0
144.047 144.247 75.0 你 0
144.247 144.447 75.0 看 0
144.447 144.647 75.0 我 0
144.647 144.847 75.0 在 0
144.847 145.247 75.0 勇 0
145.247 145.647 80.0 敢 0
146.247 146.447 79.0 地 0
146.447 146.847 79.0 去 0
146.847 147.247 67.0 挥 0
147.247 148.847 72.0 手 0
154.006 154.206 60.0 啊 0
154.206 154.506 60.0 怎 0
154.506 154.906 60.0 么 0
154.906 155.306 62.0 大 0
155.306 155.606 62.0 风 0
155.606 155.906 64.0 越 0
155.906 156.406 55.0 - 0
157.506 157.906 60.0 狠 0
157.906 158.306 60.0 我 0
158.306 158.806 62.0 心 0
158.806 159.706 64.0 越 0
161.131 161.431 60.0 荡 0
161.431 161.731 60.0 我 0
161.731 162.031 60.0 会 0
162.031 162.431 67.0 变 0
162.431 162.831 67.0 成 0
162.931 163.331 55.0 巨 0
163.833 164.133 64.0 人 0
164.133 164.433 67.0 踏 0
164.433 164.733 67.0 着 0
164.733 165.033 55.0 力 0
165.333 165.633 60.0 气 0
165.633 165.933 60.0 踩 0
165.933 166.433 60.0 着 0
