18.04 18.377 64.0 女 0
18.377 18.715 64.0 人 0
18.715 19.39 60.0 爱 0
19.39 19.728 55.0 潇 0
19.728 20.065 55.0 - 0
20.065 20.403 55.0 洒 0
20.74 21.078 64.0 男 0
21.078 21.415 67.0 人 0
21.415 22.09 60.0 爱 0
22.09 22.428 67.0 漂 0
22.428 22.765 67.0 - 0
22.765 23.103 67.0 亮 1
23.537 23.875 69.0 不 0
23.875 24.213 72.0 知 0
24.213 24.885 64.0 地 0
24.885 25.221 67.0 不 0
25.221 25.558 67.0 觉 0
25.558 25.894 62.0 地 0
26.062 26.23 64.0 就 0
26.23 26.567 60.0 迷 0
26.567 26.903 60.0 上 0
26.903 27.916 55.0 你 1
28.876 29.214 64.0 我 0
29.214 29.551 64.0 说 0
29.551 30.225 60.0 你 0
30.225 30.561 55.0 潇 0
30.561 30.898 55.0 - 0
30.898 31.235 55.0 洒 0
31.571 31.908 64.0 你 0
31.908 32.245 67.0 说 0
32.245 32.92 60.0 我 0
32.92 33.257 67.0 漂 0
33.257 33.595 67.0 - 0
33.595 33.932 67.0 亮 1
34.235 34.572 69.0 谈 0
34.572 34.91 72.0 恋 0
34.91 35.583 64.0 爱 0
35.583 35.919 67.0 说 0
35.919 36.255 67.0 情 0
36.255 36.592 62.0 话 0
36.76 36.928 64.0 的 0
36.928 37.096 55.0 甜 0
37.096 37.264 57.0 言 0
37.264 37.601 55.0 蜜 0
37.601 39.289 60.0 语 1
39.661 39.999 64.0 现 0
39.999 40.336 67.0 代 0
40.336 40.505 67.0 人 0
40.505 40.842 69.0 - 0
41.011 41.349 69.0 条 0
41.349 41.686 67.0 件 0
41.686 41.855 67.0 好 0
41.855 42.193 69.0 - 1
42.395 42.733 64.0 爱 0
42.733 43.07 67.0 情 0
43.07 43.577 67.0 更 0
43.577 43.745 67.0 能 0
43.745 44.083 67.0 抓 0
44.083 44.421 67.0 得 0
44.421 44.589 64.0 牢 0
44.589 44.927 67.0 - 1
45.058 45.395 67.0 谈 0
45.395 45.733 69.0 到 0
45.733 46.07 72.0 终 0
46.07 46.408 72.0 身 0
46.408 46.745 72.0 大 0
46.745 47.083 72.0 事 0
47.083 47.589 72.0 就 0
47.589 47.758 72.0 有 0
47.758 48.095 69.0 烦 0
48.095 48.433 67.0 - 0
48.433 49.783 67.0 恼 1
50.491 50.829 64.0 有 0
50.829 51.166 67.0 爱 0
51.166 51.334 67.0 情 0
51.334 51.67 69.0 - 0
51.838 52.006 69.0 还 0
52.006 52.174 72.0 要 0
52.174 52.51 69.0 面 0
52.51 53.014 69.0 包 1
53.162 53.498 64.0 有 0
53.498 53.833 67.0 房 0
53.833 54.339 67.0 子 0
54.508 54.676 67.0 还 0
54.676 54.845 69.0 要 0
54.845 55.182 64.0 珠 0
55.182 55.35 64.0 宝 0
55.35 55.687 67.0 - 1
55.876 56.213 67.0 潇 0
56.213 56.55 69.0 洒 0
56.55 57.566 62.0 漂 0
57.566 57.904 64.0 亮 0
57.904 58.412 60.0 怎 0
58.412 58.581 62.0 能 0
58.581 58.92 60.0 吃 0
58.92 59.259 57.0 得 0
59.259 60.607 55.0 饱 1
61.193 61.53 64.0 女 0
61.53 61.867 64.0 人 0
61.867 62.541 60.0 爱 0
62.541 62.878 55.0 潇 0
62.878 63.216 55.0 - 0
63.216 63.553 55.0 洒 0
63.89 64.227 62.0 男 0
64.227 64.564 67.0 人 0
64.564 65.238 60.0 爱 0
65.238 65.575 67.0 漂 0
65.575 65.912 67.0 - 0
65.912 66.249 67.0 亮 1
66.657 66.994 69.0 潇 0
66.994 67.331 72.0 - 0
67.331 67.669 64.0 洒 0
68.006 68.343 67.0 漂 0
68.343 68.68 69.0 - 0
68.68 69.017 62.0 亮 0
69.185 69.354 64.0 怎 0
69.354 69.691 57.0 吃 0
69.691 70.028 55.0 得 0
70.028 72.051 60.0 饱 1
82.9 83.237 64.0 女 0
83.237 83.574 64.0 人 0
83.574 84.248 60.0 爱 0
84.248 84.585 55.0 潇 0
84.585 84.923 55.0 - 0
84.923 85.26 55.0 洒 0
85.597 85.934 62.0 男 0
85.934 86.271 67.0 人 0
86.271 86.945 60.0 爱 0
86.945 87.282 67.0 漂 0
87.282 87.619 67.0 - 0
87.619 87.956 67.0 亮 1
88.294 88.631 69.0 不 0
88.631 88.969 72.0 注 0
88.969 89.644 64.0 意 0
89.644 89.981 67.0 糊 0
89.981 90.319 67.0 涂 0
90.319 90.825 62.0 地 0
90.825 90.994 64.0 就 0
90.994 91.332 60.0 迷 0
91.332 91.669 57.0 上 0
91.669 93.017 55.0 你 1
93.518 93.855 62.0 我 0
93.855 94.192 67.0 说 0
94.192 94.866 60.0 你 0
94.866 95.203 57.0 潇 0
95.203 95.54 55.0 - 0
95.54 95.877 55.0 洒 0
96.214 96.551 64.0 你 0
96.551 96.888 64.0 说 0
96.888 97.563 60.0 我 0
97.563 97.9 69.0 漂 0
97.9 98.237 67.0 - 0
98.237 98.574 67.0 亮 1
99.005 99.342 69.0 结 0
99.342 99.679 72.0 了 0
99.679 100.186 64.0 婚 0
100.356 100.694 67.0 就 0
100.694 101.032 67.0 从 0
101.032 101.371 62.0 来 0
101.54 101.709 64.0 不 0
101.709 102.047 55.0 再 0
102.047 102.386 57.0 提 0
102.386 104.071 60.0 起 1
104.464 104.801 64.0 现 0
104.801 105.138 67.0 代 0
105.138 105.307 67.0 人 0
105.307 105.644 69.0 - 0
105.812 106.15 69.0 不 0
106.15 106.487 67.0 知 0
106.487 106.655 67.0 道 0
106.655 106.992 69.0 - 1
107.005 107.342 64.0 为 0
107.342 107.679 69.0 什 0
107.679 108.186 67.0 么 0
108.186 108.355 67.0 这 0
108.355 108.524 67.0 么 0
108.524 108.693 69.0 多 0
108.693 109.03 64.0 烦 0
109.03 109.199 64.0 恼 0
109.199 109.537 67.0 - 1
109.788 110.126 67.0 深 0
110.126 110.464 69.0 情 0
110.464 110.801 72.0 深 0
110.801 111.138 72.0 意 0
111.138 111.307 72.0 不 0
111.307 111.644 72.0 容 0
111.644 111.812 74.0 - 0
111.812 112.149 72.0 易 0
112.486 112.823 69.0 看 0
112.823 113.161 67.0 - 0
113.161 114.846 67.0 到 1
115.157 115.494 64.0 有 0
115.494 115.831 67.0 老 0
115.831 116.0 67.0 婆 0
116.0 116.337 69.0 - 0
116.505 116.674 69.0 还 0
116.674 116.842 72.0 要 0
116.842 117.179 69.0 风 0
117.179 117.685 69.0 骚 1
117.882 118.219 64.0 有 0
118.219 118.556 69.0 魅 0
118.556 118.893 67.0 力 0
119.23 119.398 67.0 还 0
119.398 119.567 69.0 要 0
119.567 119.904 67.0 怕 0
119.904 120.073 64.0 老 0
120.073 120.41 67.0 - 1
120.566 120.903 67.0 潇 0
120.903 121.24 69.0 洒 0
121.24 122.256 62.0 漂 0
122.256 122.594 64.0 亮 0
122.594 123.101 60.0 又 0
123.101 123.271 62.0 是 0
123.271 123.609 60.0 不 0
123.609 123.947 60.0 可 0
123.947 125.296 55.0 靠 1
125.991 126.328 62.0 女 0
126.328 126.665 67.0 人 0
126.665 127.339 60.0 爱 0
127.339 127.676 55.0 潇 0
127.676 128.013 55.0 - 0
128.013 128.35 55.0 洒 0
128.687 129.025 64.0 男 0
129.025 129.362 67.0 人 0
129.362 130.036 60.0 爱 0
130.036 130.373 69.0 漂 0
130.373 130.71 67.0 - 0
130.71 131.047 67.0 亮 1
131.397 131.734 69.0 潇 0
131.734 132.071 72.0 - 0
132.071 132.408 64.0 洒 0
132.745 133.083 67.0 漂 0
133.083 133.42 69.0 - 0
133.42 133.757 62.0 亮 0
133.925 134.094 64.0 怎 0
134.094 134.431 57.0 可 0
134.431 134.768 57.0 - 0
134.768 136.453 60.0 靠 1
158.387 158.725 64.0 现 0
158.725 159.063 67.0 代 0
159.063 159.232 67.0 人 0
159.232 159.569 69.0 - 0
159.737 160.074 69.0 不 0
160.074 160.411 69.0 知 0
160.411 160.58 67.0 道 0
160.58 160.917 69.0 - 1
161.015 161.352 64.0 为 0
161.352 161.689 69.0 什 0
161.689 162.194 67.0 么 0
162.194 162.363 67.0 这 0
162.363 162.531 67.0 么 0
162.531 162.7 69.0 多 0
162.7 163.037 64.0 烦 0
163.037 163.206 64.0 恼 0
163.206 163.543 67.0 - 1
163.74 164.077 67.0 深 0
164.077 164.414 69.0 情 0
164.414 164.751 72.0 深 0
164.751 165.088 72.0 意 0
165.088 165.257 72.0 不 0
165.257 165.594 72.0 容 0
165.594 165.763 74.0 - 0
165.763 166.1 72.0 易 0
166.437 166.774 69.0 看 0
166.774 167.111 69.0 - 0
167.111 168.796 67.0 到 1
169.106 169.444 64.0 有 0
169.444 169.781 67.0 老 0
169.781 169.95 67.0 婆 0
169.95 170.288 69.0 - 0
170.457 170.626 69.0 还 0
170.626 170.796 72.0 要 0
170.796 171.134 69.0 风 0
171.134 171.472 69.0 骚 1
171.939 172.277 64.0 有 0
172.277 172.615 67.0 魅 0
172.615 172.952 67.0 力 0
173.289 173.458 67.0 还 0
173.458 173.626 69.0 要 0
173.626 173.964 67.0 怕 0
173.964 174.132 64.0 老 0
174.132 174.469 67.0 - 1
174.561 174.898 67.0 潇 0
174.898 175.235 69.0 洒 0
175.235 176.246 62.0 漂 0
176.246 176.583 64.0 亮 0
176.583 177.089 60.0 又 0
177.089 177.257 62.0 是 0
177.257 177.594 60.0 不 0
177.594 177.932 60.0 可 0
177.932 179.28 55.0 靠 1
179.943 180.28 64.0 女 0
180.28 180.617 64.0 人 0
180.617 181.291 60.0 爱 0
181.291 181.628 55.0 潇 0
181.628 181.965 55.0 - 0
181.965 182.303 55.0 洒 0
182.64 182.977 62.0 男 0
182.977 183.314 67.0 人 0
183.314 183.988 60.0 爱 0
183.988 184.325 69.0 漂 0
184.325 184.662 67.0 - 0
184.662 184.999 67.0 亮 1
185.256 185.593 69.0 潇 0
185.593 185.93 72.0 - 0
185.93 186.267 64.0 洒 0
186.605 186.942 67.0 漂 0
186.942 187.279 69.0 - 0
187.279 187.616 62.0 亮 0
187.784 187.953 64.0 怎 0
187.953 188.29 57.0 可 0
188.29 188.627 57.0 - 0
188.627 190.319 60.0 靠 1
