18.686 19.14 59.0 他 0
19.14 19.595 59.0 们 0
19.595 20.049 59.0 猜 0
20.049 20.504 59.0 我 0
20.504 20.731 59.0 们 0
20.731 21.186 60.0 后 0
21.186 21.413 60.0 来 0
21.413 21.868 62.0 - 0
21.868 22.322 57.0 有 0
22.322 22.549 57.0 没 0
22.549 23.222 57.0 有 0
23.231 23.459 55.0 再 0
23.459 24.14 55.0 见 1
25.74 25.967 52.0 离 0
25.967 26.308 55.0 席 0
26.308 26.99 60.0 了 0
26.99 27.217 52.0 才 0
27.217 27.444 52.0 会 0
27.444 27.785 55.0 晓 0
27.785 28.126 60.0 得 0
28.24 28.581 60.0 怀 0
28.581 28.922 59.0 - 0
28.922 29.944 59.0 念 1
31.582 31.81 59.0 突 0
31.81 32.264 60.0 然 0
32.264 32.719 59.0 我 0
32.719 33.173 57.0 记 0
33.173 33.628 57.0 起 0
33.628 34.082 57.0 你 0
34.082 34.423 66.0 的 0
34.423 35.219 66.0 脸 1
35.307 35.534 57.0 那 0
35.534 35.989 59.0 触 0
35.989 36.443 57.0 动 0
36.443 36.898 55.0 依 0
36.898 37.352 64.0 然 0
37.352 37.807 64.0 像 0
37.807 38.148 64.0 昨 0
38.148 38.716 64.0 天 0
38.716 39.625 60.0 - 1
40.453 40.68 64.0 对 0
40.68 40.908 62.0 自 0
40.908 41.589 64.0 己 0
41.589 41.817 55.0 我 0
41.817 42.044 64.0 终 0
42.044 42.271 62.0 于 0
42.271 42.726 64.0 也 1
42.824 43.278 64.0 诚 0
43.278 43.733 59.0 实 0
43.733 44.187 62.0 了 0
44.187 44.642 59.0 一 0
44.642 46.46 57.0 点 1
47.699 47.926 59.0 是 0
47.926 48.153 59.0 不 0
48.153 48.608 59.0 是 0
49.062 49.517 59.0 回 0
49.517 49.744 59.0 忆 0
49.744 50.199 60.0 就 0
50.199 50.426 60.0 是 0
50.426 50.881 62.0 - 0
50.881 51.335 57.0 淡 0
51.335 51.562 57.0 淡 0
51.562 52.017 57.0 柠 0
52.017 52.235 55.0 - 0
52.244 52.699 55.0 檬 0
52.699 53.381 55.0 草 1
55.0 55.228 52.0 心 0
55.228 55.455 55.0 酸 0
55.455 56.137 60.0 里 0
56.137 56.364 52.0 又 0
56.364 56.591 52.0 有 0
56.591 56.819 55.0 芳 0
56.819 57.273 60.0 香 0
57.273 57.728 62.0 的 0
57.728 57.955 62.0 味 0
57.955 58.637 62.0 道 0
58.637 59.546 59.0 - 1
60.691 60.919 59.0 曾 0
60.919 61.373 60.0 以 0
61.373 61.828 59.0 为 0
61.828 62.282 57.0 你 0
62.282 62.737 57.0 是 0
62.737 63.191 57.0 全 0
63.191 63.419 66.0 世 0
63.419 64.1 66.0 界 1
64.441 64.668 57.0 但 0
64.668 65.122 59.0 那 0
65.122 65.577 57.0 天 0
65.577 66.032 55.0 已 0
66.032 66.486 64.0 经 0
66.486 66.941 64.0 好 0
66.941 67.168 64.0 遥 0
67.168 68.759 60.0 远 0
69.554 69.782 64.0 绕 0
69.782 70.009 62.0 一 0
70.009 70.691 64.0 圈 1
70.819 71.047 62.0 我 0
71.047 71.274 64.0 才 0
71.274 71.501 62.0 发 0
71.501 71.956 64.0 现 0
71.956 72.41 64.0 我 0
72.41 72.637 62.0 有 0
72.637 73.206 67.0 更 0
73.206 73.433 67.0 远 0
73.433 73.887 67.0 地 0
73.887 74.342 67.0 平 0
74.342 74.683 64.0 线 0
74.683 75.137 62.0 - 1
75.476 75.931 59.0 我 0
75.931 76.385 62.0 们 0
76.385 77.749 67.0 都 0
77.749 78.203 71.0 没 0
78.203 79.112 71.0 错 1
79.136 79.591 59.0 只 0
79.591 80.045 62.0 是 0
80.045 81.351 66.0 不 0
81.351 81.786 69.0 适 0
81.786 83.09 69.0 合 1
83.884 84.101 67.0 我 0
84.101 84.318 66.0 要 0
84.318 84.97 67.0 的 0
84.97 85.188 69.0 我 0
85.188 85.623 66.0 现 0
85.623 86.057 62.0 在 0
86.057 86.275 62.0 才 0
86.275 86.71 59.0 - 0
86.71 87.144 59.0 懂 0
87.144 88.666 64.0 得 1
89.663 90.097 64.0 快 0
90.097 90.532 67.0 乐 0
90.532 91.652 71.0 是 0
91.652 91.876 69.0 - 0
91.876 92.099 69.0 我 0
92.099 92.771 64.0 的 1
93.196 93.644 64.0 不 0
93.644 94.091 66.0 是 0
94.091 95.396 66.0 你 0
95.396 95.83 67.0 给 0
95.83 97.135 67.0 的 1
98.393 98.828 64.0 寂 0
98.828 99.263 67.0 寞 0
99.263 99.698 71.0 要 0
99.806 100.132 69.0 自 0
100.132 101.002 64.0 己 0
101.002 101.437 66.0 负 0
101.545 103.611 67.0 责 1
115.483 115.918 59.0 毕 0
115.918 116.352 59.0 竟 0
116.57 116.787 59.0 用 0
116.787 117.222 59.0 尽 0
117.222 117.439 59.0 了 0
117.439 117.874 60.0 力 0
117.874 118.092 60.0 气 0
118.092 118.526 62.0 - 0
118.526 118.961 57.0 也 0
118.961 119.179 57.0 未 0
119.179 119.822 57.0 必 0
119.831 120.048 55.0 如 0
120.048 120.483 59.0 愿 0
120.483 121.135 55.0 - 1
122.343 122.561 52.0 总 0
122.561 122.778 55.0 是 0
122.778 123.43 60.0 要 0
123.43 123.648 52.0 过 0
123.648 123.862 52.0 去 0
123.862 124.076 55.0 以 0
124.076 124.505 60.0 后 0
124.505 124.933 62.0 才 0
124.933 125.362 62.0 了 0
125.362 125.987 62.0 解 0
125.987 127.118 59.0 - 1
127.83 128.06 59.0 突 0
128.06 128.522 60.0 然 0
128.522 128.984 59.0 我 0
128.984 129.418 57.0 记 0
129.418 129.853 57.0 起 0
129.853 130.288 57.0 你 0
130.288 130.505 66.0 的 0
130.505 131.157 66.0 脸 1
131.522 131.739 57.0 爱 0
131.739 132.174 59.0 不 0
132.174 132.609 55.0 爱 0
132.609 133.044 55.0 不 0
133.044 133.478 64.0 过 0
133.478 133.913 64.0 一 0
133.913 134.131 64.0 念 0
134.131 134.462 64.0 之 0
134.462 134.689 62.0 - 0
134.803 135.939 60.0 间 1
136.463 136.681 64.0 绕 0
136.681 136.898 62.0 一 0
136.898 137.55 64.0 圈 1
137.552 137.769 55.0 今 0
137.769 137.987 62.0 天 0
137.987 138.204 62.0 的 0
138.204 138.639 64.0 我 0
138.639 139.074 62.0 能 0
139.074 139.291 62.0 和 0
139.291 139.834 67.0 昨 0
139.834 140.052 67.0 天 0
140.052 140.378 67.0 面 0
140.595 141.03 67.0 对 0
141.03 141.248 64.0 面 0
141.248 141.682 62.0 - 1
142.205 142.64 59.0 我 0
142.64 143.075 62.0 们 0
143.075 144.379 67.0 都 0
144.379 144.814 71.0 没 0
144.814 145.683 71.0 错 1
145.741 146.176 59.0 只 0
146.176 146.611 62.0 是 0
146.611 147.915 66.0 不 0
147.915 148.35 69.0 适 0
148.35 149.654 69.0 合 1
150.362 150.579 67.0 亲 0
150.579 150.797 66.0 爱 0
150.797 151.449 67.0 的 0
151.449 151.666 69.0 我 0
151.666 152.101 66.0 当 0
152.101 152.536 62.0 时 0
152.536 152.971 59.0 不 0
152.971 153.188 59.0 懂 0
153.188 153.84 64.0 得 0
153.84 155.145 64.0 - 1
156.062 156.497 64.0 选 0
156.497 156.932 67.0 择 0
156.932 158.236 71.0 是 0
158.236 158.671 72.0 我 0
158.671 159.323 64.0 的 1
159.618 160.053 64.0 不 0
160.053 160.488 66.0 是 0
160.488 161.792 66.0 你 0
161.792 162.227 67.0 给 0
162.227 163.749 67.0 的 0
163.749 163.966 64.0 - 1
164.849 165.284 64.0 明 0
165.284 165.718 67.0 天 0
165.718 166.044 71.0 自 0
166.044 166.371 69.0 己 0
166.371 166.805 64.0 负 0
166.805 167.24 66.0 责 1
167.337 167.555 67.0 给 0
167.555 167.772 69.0 昨 0
167.772 167.99 69.0 天 0
167.99 168.424 69.0 的 0
168.424 169.077 69.0 我 0
169.077 169.511 69.0 一 0
169.511 169.729 67.0 个 0
169.729 170.164 64.0 拥 0
170.164 170.49 64.0 抱 1
170.951 171.168 71.0 曾 0
171.168 171.386 71.0 经 0
171.386 171.603 71.0 她 0
171.603 172.038 71.0 不 0
172.038 172.581 71.0 知 0
172.581 173.016 71.0 如 0
173.016 173.233 69.0 何 0
173.233 173.668 67.0 是 0
173.668 173.994 66.0 好 1
174.325 174.539 67.0 若 0
174.539 174.754 69.0 我 0
174.754 174.968 69.0 们 0
174.968 175.396 69.0 再 0
175.396 175.825 71.0 见 0
175.825 176.039 69.0 - 0
176.039 176.468 67.0 我 0
176.468 176.682 67.0 会 0
176.682 177.111 64.0 微 0
177.111 177.539 64.0 笑 1
177.881 178.738 71.0 谢 0
178.738 179.166 69.0 - 0
179.166 179.595 64.0 谢 0
179.595 180.881 64.0 你 0
181.309 182.179 71.0 谢 0
182.179 182.613 69.0 - 0
182.613 183.048 62.0 谢 0
183.048 184.353 62.0 你 1
184.616 185.051 69.0 我 0
185.051 185.486 69.0 - 0
185.486 185.921 69.0 尝 0
185.921 186.356 64.0 - 0
186.356 187.225 64.0 过 0
187.225 188.095 66.0 爱 0
188.095 189.616 67.0 的 0
189.616 189.834 69.0 - 0
189.834 190.877 69.0 好 1
191.053 191.575 60.0 我 0
191.575 192.097 63.0 们 0
192.097 193.401 68.0 都 0
193.401 193.836 72.0 没 0
193.836 194.705 72.0 错 1
194.707 195.142 60.0 只 0
195.142 195.577 63.0 是 0
195.577 196.863 67.0 不 0
196.863 197.291 70.0 适 0
197.291 198.577 70.0 合 1
199.365 199.579 68.0 我 0
199.579 199.794 67.0 要 0
199.794 200.437 68.0 的 0
200.437 200.651 70.0 我 0
200.651 201.079 72.0 现 0
201.079 201.508 67.0 在 0
201.508 201.937 60.0 才 0
201.937 202.151 60.0 懂 0
202.151 202.794 67.0 得 0
202.794 204.079 65.0 - 1
204.898 205.326 65.0 快 0
205.326 205.755 68.0 乐 0
205.755 207.04 72.0 是 0
207.04 207.255 73.0 我 0
207.255 208.112 65.0 的 1
208.298 208.727 65.0 不 0
208.727 209.155 67.0 是 0
209.155 210.334 67.0 你 0
210.334 210.655 68.0 给 0
210.655 211.298 68.0 - 0
211.298 211.727 68.0 的 0
211.727 212.584 65.0 - 1
213.378 213.807 65.0 寂 0
213.807 214.235 68.0 寞 0
214.235 214.557 72.0 要 0
214.557 214.878 70.0 自 0
214.878 215.307 65.0 己 0
215.307 215.735 67.0 负 0
215.949 218.307 68.0 责 1
218.759 221.545 67.0 呵 1
223.36 223.574 68.0 我 0
223.574 223.789 67.0 要 0
223.789 224.432 68.0 的 0
224.432 224.646 70.0 我 0
224.646 225.074 72.0 现 0
225.074 225.503 67.0 在 0
225.503 225.932 60.0 才 0
225.932 226.36 60.0 懂 0
226.36 226.896 67.0 得 0
226.896 228.074 65.0 - 1
228.84 229.268 65.0 选 0
229.268 229.697 68.0 择 0
229.697 230.982 72.0 是 0
230.982 231.197 73.0 我 0
231.197 232.054 65.0 的 1
232.373 232.802 65.0 不 0
232.802 233.23 67.0 是 0
233.23 234.409 67.0 你 0
234.409 234.623 67.0 给 0
234.623 234.945 68.0 - 0
234.945 236.659 68.0 的 1
237.485 237.914 65.0 幸 0
237.914 238.342 68.0 福 0
238.342 238.771 72.0 要 0
238.771 239.199 70.0 自 0
239.199 239.628 65.0 己 0
240.056 240.485 67.0 负 0
240.485 242.628 68.0 责 1
244.426 244.855 65.0 错 0
244.855 245.283 68.0 过 0
245.498 246.14 72.0 的 0
246.998 247.426 70.0 请 0
247.426 247.855 65.0 你 0
248.283 248.712 67.0 把 0
248.926 249.998 68.0 握 1
