23.256 23.468 67.0 寒 0
23.468 23.679 67.0 风 0
23.679 24.083 67.0 吹 0
24.083 24.892 67.0 起 0
24.892 25.094 65.0 细 0
25.094 25.296 63.0 雨 0
25.296 25.6 65.0 迷 0
25.6 26.509 67.0 离 1
26.947 27.149 65.0 风 0
27.149 27.351 65.0 雨 0
27.351 27.553 65.0 揭 0
27.553 27.755 65.0 开 0
27.755 28.16 65.0 我 0
28.16 28.564 65.0 的 0
28.564 28.968 63.0 记 0
28.968 29.777 60.0 忆 1
29.783 29.985 55.0 我 0
29.985 30.187 55.0 像 0
30.187 30.591 58.0 小 0
30.591 30.996 58.0 船 0
31.4 31.602 55.0 寻 0
31.602 31.804 58.0 找 0
31.804 32.209 60.0 港 0
32.209 32.815 60.0 湾 1
33.315 33.719 63.0 不 0
33.719 34.123 65.0 能 0
34.123 34.325 65.0 把 0
34.325 34.528 63.0 你 0
34.528 34.932 65.0 忘 0
34.932 35.741 65.0 记 1
36.315 36.517 67.0 爱 0
36.517 36.719 67.0 的 0
36.719 37.022 67.0 希 0
37.022 37.932 67.0 望 0
37.932 38.134 65.0 爱 0
38.134 38.336 63.0 的 0
38.336 38.64 65.0 回 0
38.64 39.549 67.0 味 1
39.813 40.015 65.0 爱 0
40.015 40.217 65.0 的 0
40.217 40.419 65.0 往 0
40.419 40.621 65.0 事 0
40.621 41.026 65.0 难 0
41.026 41.43 65.0 以 0
41.43 41.834 63.0 追 0
41.834 42.239 60.0 忆 1
42.635 42.837 55.0 风 0
42.837 43.039 55.0 中 0
43.039 43.443 58.0 花 0
43.443 43.848 58.0 蕊 0
44.252 44.454 55.0 生 0
44.454 44.656 58.0 怕 0
44.656 45.061 60.0 枯 0
45.061 45.465 60.0 萎 1
46.355 46.759 65.0 我 0
46.759 47.163 65.0 愿 0
47.163 47.365 65.0 为 0
47.365 47.568 63.0 你 0
47.568 47.972 65.0 祝 0
47.972 48.781 65.0 福 1
48.785 48.987 63.0 我 0
48.987 49.593 65.0 爱 0
49.593 50.402 67.0 你 0
50.402 50.604 67.0 我 0
50.604 51.008 67.0 心 0
51.008 51.21 67.0 已 0
51.21 51.413 70.0 属 0
51.413 51.615 71.0 于 0
51.615 52.423 71.0 你 1
52.797 53.201 72.0 今 0
53.201 53.605 72.0 生 0
53.605 53.909 72.0 今 0
53.909 54.212 70.0 世 0
54.212 54.717 72.0 不 0
54.717 55.627 67.0 移 1
55.634 55.836 67.0 在 0
55.836 56.038 63.0 我 0
56.038 56.442 65.0 心 0
56.442 57.251 65.0 中 0
57.251 57.453 65.0 再 0
57.453 57.655 65.0 没 0
57.655 58.06 63.0 有 0
58.06 58.868 60.0 谁 1
59.313 59.717 65.0 代 0
59.717 60.121 65.0 替 0
60.121 60.323 65.0 你 0
60.323 60.526 63.0 的 0
60.526 60.93 65.0 地 0
60.93 61.739 65.0 位 1
61.767 61.969 63.0 我 0
61.969 62.575 65.0 爱 0
62.575 63.384 67.0 你 0
63.384 63.586 67.0 对 0
63.586 63.788 67.0 你 0
63.788 63.99 67.0 付 0
63.99 64.192 67.0 出 0
64.192 64.597 70.0 真 0
64.597 65.405 71.0 意 1
65.657 66.061 72.0 不 0
66.061 66.465 72.0 会 0
66.465 66.769 72.0 飘 0
66.769 67.072 70.0 浮 0
67.072 67.274 70.0 不 0
67.274 67.577 72.0 - 0
67.577 68.487 67.0 定 1
68.519 68.721 65.0 你 0
68.721 68.923 63.0 要 0
68.923 69.327 65.0 为 0
69.327 70.035 65.0 我 0
70.035 70.338 65.0 再 0
70.338 70.743 67.0 想 0
70.743 71.147 63.0 一 0
71.147 72.158 60.0 想 1
72.617 73.021 62.0 我 0
73.021 73.426 62.0 决 0
73.426 73.83 63.0 定 0
73.83 74.234 62.0 爱 0
74.234 74.639 58.0 你 0
74.639 75.043 58.0 一 0
75.043 75.851 55.0 万 0
75.851 78.682 60.0 年 1
87.888 88.087 67.0 寒 0
88.087 88.286 67.0 风 0
88.286 88.69 67.0 吹 0
88.69 89.499 67.0 起 0
89.499 89.701 65.0 细 0
89.701 89.903 63.0 雨 0
89.903 90.186 65.0 迷 0
90.19 91.116 67.0 离 1
91.623 91.826 65.0 风 0
91.826 92.028 65.0 雨 0
92.028 92.23 65.0 揭 0
92.23 92.432 65.0 开 0
92.432 92.836 65.0 我 0
92.836 93.241 65.0 的 0
93.241 93.645 63.0 记 0
93.645 94.454 60.0 忆 1
94.486 94.688 55.0 我 0
94.688 94.89 55.0 像 0
94.89 95.294 58.0 小 0
95.294 95.699 58.0 船 0
96.103 96.305 55.0 寻 0
96.305 96.507 58.0 找 0
96.507 96.911 60.0 港 0
96.911 97.518 60.0 湾 1
97.946 98.351 63.0 不 0
98.351 98.755 65.0 能 0
98.755 98.957 65.0 把 0
98.957 99.159 63.0 你 0
99.159 99.564 65.0 忘 0
99.564 100.372 65.0 记 1
100.838 101.04 67.0 爱 0
101.04 101.242 67.0 的 0
101.242 101.545 67.0 希 0
101.545 102.455 67.0 望 0
102.455 102.657 65.0 爱 0
102.657 102.859 63.0 的 0
102.859 103.162 65.0 回 0
103.162 104.072 67.0 味 1
104.444 104.647 65.0 爱 0
104.647 104.849 65.0 的 0
104.849 105.051 65.0 往 0
105.051 105.253 65.0 事 0
105.253 105.657 65.0 难 0
105.657 106.062 65.0 以 0
106.062 106.466 63.0 追 0
106.466 106.87 60.0 忆 1
107.358 107.56 55.0 风 0
107.56 107.762 55.0 中 0
107.762 108.166 58.0 花 0
108.166 108.571 58.0 蕊 0
108.975 109.177 55.0 生 0
109.177 109.379 58.0 怕 0
109.379 109.783 60.0 枯 0
109.783 110.188 60.0 萎 1
110.995 111.4 65.0 我 0
111.4 111.804 65.0 愿 0
111.804 112.006 65.0 为 0
112.006 112.208 63.0 你 0
112.208 112.613 65.0 祝 0
112.613 113.421 65.0 福 1
113.447 113.649 63.0 我 0
113.649 114.256 65.0 爱 0
114.256 115.065 67.0 你 0
115.065 115.267 67.0 我 0
115.267 115.671 67.0 心 0
115.671 115.873 67.0 已 0
115.873 116.075 70.0 属 0
116.075 116.277 71.0 于 0
116.277 117.086 71.0 你 1
117.449 117.854 72.0 今 0
117.854 118.258 72.0 生 0
118.258 118.561 72.0 今 0
118.561 118.865 70.0 世 0
118.865 119.37 72.0 不 0
119.37 120.28 67.0 移 1
120.292 120.494 67.0 在 0
120.494 120.696 63.0 我 0
120.696 121.1 65.0 心 0
121.1 121.909 65.0 中 0
121.909 122.111 65.0 再 0
122.111 122.313 65.0 没 0
122.313 122.717 63.0 有 0
122.717 123.526 60.0 谁 1
124.006 124.411 65.0 代 0
124.411 124.815 65.0 替 0
124.815 125.017 65.0 你 0
125.017 125.219 63.0 的 0
125.219 125.624 65.0 地 0
125.624 126.432 65.0 位 1
126.433 126.635 63.0 我 0
126.635 127.242 65.0 爱 0
127.242 128.051 67.0 你 0
128.051 128.253 67.0 对 0
128.253 128.455 67.0 你 0
128.455 128.657 67.0 付 0
128.657 128.859 67.0 出 0
128.859 129.263 70.0 真 0
129.263 130.072 71.0 意 1
130.373 130.778 72.0 不 0
130.778 131.182 72.0 会 0
131.182 131.485 72.0 飘 0
131.485 131.789 70.0 浮 0
131.789 131.991 70.0 不 0
131.991 132.294 72.0 - 0
132.294 133.204 67.0 定 1
133.295 133.497 65.0 你 0
133.497 133.699 63.0 要 0
133.699 134.103 65.0 为 0
134.103 134.912 65.0 我 0
134.912 135.215 65.0 再 0
135.215 135.619 65.0 想 0
135.619 135.923 63.0 一 0
135.923 136.933 60.0 想 1
137.197 137.601 62.0 我 0
137.601 138.005 62.0 决 0
138.005 138.41 63.0 定 0
138.41 138.814 62.0 爱 0
138.814 139.218 58.0 你 0
139.218 139.623 58.0 一 0
139.623 140.431 55.0 万 0
140.431 143.261 60.0 年 1
145.812 146.014 63.0 我 0
146.014 146.621 65.0 爱 0
146.621 147.43 67.0 你 0
147.43 147.632 67.0 我 0
147.632 148.036 67.0 心 0
148.036 148.238 67.0 已 0
148.238 148.44 70.0 属 0
148.44 148.642 71.0 于 0
148.642 149.451 71.0 你 1
149.851 150.256 72.0 今 0
150.256 150.66 72.0 生 0
150.66 150.963 72.0 今 0
150.963 151.267 70.0 世 0
151.267 151.772 72.0 不 0
151.772 152.682 67.0 移 1
152.69 152.892 67.0 在 0
152.892 153.094 63.0 我 0
153.094 153.498 65.0 心 0
153.498 154.307 65.0 中 0
154.307 154.509 65.0 再 0
154.509 154.913 65.0 没 0
154.913 155.318 63.0 有 0
155.318 155.924 60.0 谁 1
156.316 156.721 65.0 代 0
156.721 157.125 65.0 替 0
157.125 157.327 65.0 你 0
157.327 157.529 63.0 的 0
157.529 157.934 65.0 地 0
157.934 158.742 65.0 位 1
158.774 158.976 63.0 我 0
158.976 159.583 65.0 爱 0
159.583 160.392 67.0 你 0
160.392 160.594 67.0 对 0
160.594 160.796 67.0 你 0
160.796 160.998 67.0 付 0
160.998 161.2 67.0 出 0
161.2 161.604 70.0 真 0
161.604 162.413 71.0 意 1
162.685 163.09 72.0 不 0
163.09 163.494 72.0 会 0
163.494 163.797 72.0 飘 0
163.797 164.101 70.0 浮 0
164.101 164.303 70.0 不 0
164.303 164.606 72.0 - 0
164.606 165.516 67.0 定 1
165.635 165.837 65.0 你 0
165.837 166.039 63.0 要 0
166.039 166.443 65.0 为 0
166.443 167.252 65.0 我 0
167.252 167.555 65.0 再 0
167.555 167.959 65.0 想 0
167.959 168.263 63.0 一 0
168.263 169.273 60.0 想 1
169.537 169.941 62.0 我 0
169.941 170.345 62.0 决 0
170.345 170.75 63.0 定 0
170.75 171.154 62.0 爱 0
171.154 171.558 58.0 你 0
171.558 171.963 58.0 一 0
171.963 172.771 55.0 万 0
172.771 175.601 60.0 年 1
