31.975 32.203 59.0 不 0
32.203 32.43 59.0 知 0
32.657 32.884 59.0 道 0
32.884 33.339 59.0 为 0
33.339 33.566 58.0 什 0
33.566 34.248 56.0 么 0
35.157 35.384 51.0 你 0
35.384 35.612 56.0 的 0
35.612 36.294 54.0 心 0
36.975 37.43 52.0 变 0
37.43 37.884 51.0 了 1
39.293 39.52 59.0 昨 0
39.52 39.748 59.0 天 0
39.748 39.975 59.0 还 0
39.975 40.202 59.0 是 0
40.202 40.429 59.0 微 0
40.657 41.111 59.0 笑 0
41.111 41.566 56.0 的 1
42.907 43.135 61.0 今 0
43.135 43.362 61.0 天 0
43.362 43.589 61.0 怎 0
43.589 43.817 61.0 么 0
43.817 44.271 61.0 如 0
44.271 44.498 59.0 此 0
44.726 45.067 56.0 苦 0
45.067 45.407 58.0 涩 1
46.211 46.438 51.0 我 0
46.438 46.665 63.0 从 0
46.665 46.892 63.0 来 0
46.892 47.12 63.0 没 0
47.12 47.347 63.0 有 0
47.347 47.574 63.0 问 0
47.574 47.801 58.0 过 0
47.801 48.029 58.0 你 0
48.029 48.256 56.0 理 0
48.256 48.483 61.0 由 0
48.483 48.938 63.0 - 1
49.623 49.85 59.0 是 0
49.85 50.077 61.0 怕 0
50.077 50.532 63.0 两 0
50.532 50.759 66.0 个 0
50.759 50.986 66.0 人 0
51.441 51.895 61.0 难 0
51.895 52.35 59.0 受 1
53.308 53.535 56.0 爱 0
53.535 53.763 58.0 要 0
53.763 54.217 58.0 走 0
55.126 55.353 59.0 别 0
55.353 55.808 61.0 强 0
55.808 56.49 61.0 求 1
57.306 57.533 61.0 心 0
57.533 57.76 63.0 不 0
57.76 57.988 61.0 见 0
57.988 58.215 59.0 了 0
58.215 58.442 56.0 不 0
58.442 58.67 63.0 要 0
58.67 58.897 64.0 - 0
58.897 59.124 63.0 - 0
59.124 60.033 63.0 留 1
61.096 61.324 59.0 到 0
61.324 61.551 59.0 底 0
61.778 62.005 59.0 什 0
62.005 62.46 59.0 么 0
62.46 62.687 58.0 原 0
62.687 63.369 56.0 因 0
64.278 64.505 51.0 我 0
64.505 64.733 56.0 的 0
64.733 65.414 54.0 心 0
66.096 66.551 52.0 平 0
66.551 67.005 51.0 静 1
68.232 68.459 61.0 说 0
68.459 68.687 59.0 不 0
68.687 68.914 59.0 难 0
68.914 69.141 59.0 过 0
69.141 69.368 59.0 是 0
69.596 70.05 61.0 假 0
70.05 70.505 56.0 的 1
71.953 72.181 61.0 故 0
72.181 72.408 61.0 作 0
72.408 72.635 61.0 坚 0
72.635 72.862 61.0 强 0
72.862 73.317 61.0 应 0
73.317 73.544 59.0 付 0
73.772 73.999 56.0 选 0
74.226 74.453 56.0 择 0
74.453 74.908 58.0 - 1
75.341 75.569 51.0 你 0
75.569 75.796 63.0 从 0
75.796 76.023 63.0 来 0
76.023 76.251 63.0 没 0
76.251 76.478 63.0 有 0
76.478 76.705 63.0 问 0
76.705 76.932 59.0 过 0
76.932 77.16 58.0 我 0
77.16 77.387 56.0 感 0
77.387 77.614 61.0 受 0
77.614 78.069 63.0 - 1
78.748 78.975 59.0 是 0
78.975 79.202 61.0 怕 0
79.202 79.657 63.0 不 0
79.657 79.884 66.0 能 0
79.884 80.111 66.0 说 0
80.566 81.02 61.0 分 0
81.02 81.475 59.0 手 1
82.382 82.609 56.0 你 0
82.609 82.836 58.0 要 0
82.836 83.291 59.0 走 0
83.746 84.2 59.0 放 0
84.2 84.655 63.0 开 0
84.655 85.564 61.0 手 1
86.432 86.659 61.0 眼 0
86.659 86.886 63.0 泪 0
86.886 87.114 61.0 落 0
87.114 87.341 59.0 在 0
87.341 87.568 58.0 你 0
87.568 87.795 58.0 身 0
87.795 88.023 59.0 - 0
88.023 88.25 56.0 - 0
88.25 89.159 56.0 后 1
91.712 91.939 63.0 我 0
91.939 92.167 68.0 不 0
92.167 92.621 68.0 恨 0
92.848 93.303 68.0 你 0
93.303 93.53 63.0 什 0
93.53 93.985 63.0 么 0
93.985 94.439 61.0 - 1
94.784 95.011 59.0 谢 0
95.011 95.238 59.0 谢 0
95.238 95.466 61.0 你 0
95.466 95.693 61.0 让 0
95.693 96.147 63.0 - 0
96.147 96.375 64.0 我 0
96.375 96.829 63.0 幸 0
96.829 97.284 61.0 福 0
97.284 98.193 59.0 过 1
98.75 98.978 56.0 那 0
98.978 99.205 58.0 些 0
99.205 99.432 59.0 过 0
99.432 99.66 59.0 去 0
99.887 100.114 59.0 残 0
100.114 100.569 59.0 留 0
100.569 100.796 61.0 的 0
100.796 101.25 59.0 美 0
101.25 101.705 56.0 好 1
102.375 102.602 56.0 足 0
102.602 102.829 58.0 以 0
102.829 103.057 59.0 让 0
103.057 103.284 59.0 我 0
103.511 103.738 59.0 回 0
103.738 104.193 59.0 忆 0
104.193 104.648 63.0 到 0
104.648 105.557 63.0 老 1
106.221 106.449 63.0 我 0
106.449 106.676 68.0 不 0
106.676 107.131 68.0 恨 0
107.358 107.812 68.0 你 0
107.812 108.04 63.0 什 0
108.04 108.494 61.0 么 0
108.494 108.949 61.0 - 1
109.425 109.653 59.0 谢 0
109.653 109.88 59.0 谢 0
109.88 110.107 61.0 你 0
110.107 110.334 61.0 让 0
110.334 110.789 63.0 - 0
110.789 111.016 64.0 我 0
111.016 111.471 63.0 明 0
111.471 111.925 61.0 白 0
111.925 112.834 59.0 了 1
113.219 113.446 56.0 那 0
113.446 113.673 58.0 些 0
113.673 113.901 59.0 现 0
113.901 114.128 59.0 在 0
114.355 114.583 59.0 所 0
114.583 115.037 59.0 谓 0
115.037 115.264 61.0 的 0
115.264 115.719 59.0 等 0
115.719 116.173 56.0 待 1
116.9 117.128 56.0 没 0
117.128 117.355 58.0 有 0
117.355 117.582 59.0 机 0
117.582 117.809 59.0 会 0
118.037 118.264 59.0 可 0
118.264 118.718 59.0 以 0
118.718 119.173 64.0 重 0
119.173 120.082 63.0 来 0
120.537 120.991 59.0 重 0
120.991 122.809 56.0 来 1
139.264 139.491 59.0 到 0
139.491 139.719 59.0 底 0
139.946 140.173 59.0 什 0
140.173 140.628 59.0 么 0
140.628 140.855 58.0 原 0
140.855 141.537 56.0 因 0
142.446 142.673 51.0 我 0
142.673 142.9 56.0 的 0
142.9 143.582 54.0 心 0
144.264 144.719 51.0 平 0
144.719 145.173 51.0 静 1
146.446 146.673 59.0 说 0
146.673 146.9 59.0 不 0
146.9 147.128 59.0 难 0
147.128 147.355 59.0 过 0
147.355 147.582 59.0 是 0
147.809 148.264 61.0 假 0
148.264 148.718 56.0 的 1
150.038 150.265 61.0 故 0
150.265 150.493 61.0 作 0
150.493 150.72 61.0 坚 0
150.72 150.947 61.0 强 0
150.947 151.402 61.0 应 0
151.402 151.629 59.0 付 0
151.856 152.084 56.0 选 0
152.311 152.538 56.0 择 0
152.538 152.993 58.0 - 1
153.482 153.709 51.0 你 0
153.709 153.937 63.0 从 0
153.937 154.164 63.0 来 0
154.164 154.391 63.0 没 0
154.391 154.619 63.0 有 0
154.619 154.846 63.0 问 0
154.846 155.073 59.0 过 0
155.073 155.3 58.0 我 0
155.3 155.528 56.0 感 0
155.528 155.755 61.0 受 0
155.755 156.209 63.0 - 1
156.883 157.111 59.0 是 0
157.111 157.338 61.0 怕 0
157.338 157.792 61.0 不 0
157.792 158.02 66.0 能 0
158.02 158.247 66.0 说 0
158.701 159.156 61.0 分 0
159.156 159.611 59.0 手 1
160.52 160.747 56.0 你 0
160.747 160.974 58.0 要 0
160.974 161.429 59.0 走 0
162.111 162.338 59.0 放 0
162.338 162.792 63.0 开 0
162.792 163.701 61.0 手 1
164.662 164.889 61.0 眼 0
164.889 165.116 63.0 泪 0
165.116 165.343 61.0 落 0
165.343 165.571 59.0 在 0
165.571 165.798 58.0 你 0
165.798 166.025 58.0 身 0
166.025 166.252 59.0 - 0
166.252 166.48 56.0 - 0
166.48 167.389 56.0 后 1
169.801 170.028 63.0 我 0
170.028 170.255 68.0 不 0
170.255 170.71 68.0 恨 0
170.937 171.392 68.0 你 0
171.392 171.619 63.0 什 0
171.619 172.074 63.0 么 0
172.074 172.528 61.0 - 1
173.026 173.253 59.0 谢 0
173.253 173.48 59.0 谢 0
173.48 173.707 61.0 你 0
173.707 173.935 61.0 让 0
173.935 174.389 63.0 - 0
174.389 174.617 64.0 我 0
174.617 175.071 63.0 幸 0
175.071 175.526 59.0 福 0
175.526 176.435 59.0 过 1
176.886 177.113 56.0 那 0
177.113 177.341 58.0 些 0
177.341 177.568 59.0 过 0
177.568 177.795 59.0 去 0
178.023 178.25 59.0 残 0
178.25 178.704 59.0 留 0
178.704 178.932 61.0 的 0
178.932 179.386 59.0 美 0
179.386 179.841 56.0 好 1
180.48 180.707 56.0 足 0
180.707 180.934 58.0 以 0
180.934 181.161 59.0 让 0
181.161 181.389 59.0 我 0
181.616 181.843 59.0 回 0
181.843 182.298 59.0 忆 0
182.298 182.752 64.0 到 0
182.752 183.661 63.0 老 1
184.364 184.591 63.0 我 0
184.591 184.819 68.0 不 0
184.819 185.273 68.0 恨 0
185.501 185.955 68.0 你 0
185.955 186.182 63.0 什 0
186.182 186.637 61.0 么 0
186.637 187.091 61.0 - 1
187.588 187.815 59.0 谢 0
187.815 188.043 59.0 谢 0
188.043 188.27 61.0 你 0
188.27 188.497 61.0 让 0
188.497 188.952 63.0 - 0
188.952 189.179 64.0 我 0
189.179 189.633 61.0 明 0
189.633 190.088 61.0 白 0
190.088 190.997 59.0 了 1
191.412 191.639 56.0 那 0
191.639 191.866 58.0 些 0
191.866 192.093 59.0 现 0
192.093 192.321 59.0 在 0
192.548 192.775 59.0 所 0
192.775 193.23 59.0 谓 0
193.23 193.457 61.0 的 0
193.457 193.912 59.0 等 0
193.912 194.366 56.0 待 1
195.118 195.345 56.0 没 0
195.345 195.573 58.0 有 0
195.573 195.8 59.0 机 0
195.8 196.027 59.0 会 0
196.254 196.482 59.0 可 0
196.482 196.936 59.0 以 0
196.936 197.391 63.0 重 0
197.391 198.3 63.0 来 0
198.754 199.209 59.0 重 0
199.209 201.027 56.0 来 1
220.749 220.976 64.0 我 0
220.976 221.203 69.0 不 0
221.203 221.658 67.0 恨 0
221.885 222.34 69.0 你 0
222.34 222.567 64.0 什 0
222.567 223.022 64.0 么 0
223.022 223.476 62.0 - 1
224.046 224.273 60.0 谢 0
224.273 224.5 60.0 谢 0
224.5 224.727 62.0 你 0
224.727 224.955 62.0 让 0
224.955 225.409 64.0 - 0
225.409 225.637 65.0 我 0
225.637 226.091 64.0 幸 0
226.091 226.546 60.0 福 0
226.546 227.455 60.0 过 1
227.891 228.119 57.0 那 0
228.119 228.346 59.0 些 0
228.346 228.573 60.0 过 0
228.573 228.8 60.0 去 0
229.028 229.255 60.0 残 0
229.255 229.709 60.0 留 0
229.709 229.937 62.0 的 0
229.937 230.391 60.0 美 0
230.391 230.846 57.0 好 1
231.563 231.79 57.0 足 0
231.79 232.017 59.0 以 0
232.017 232.244 60.0 让 0
232.244 232.472 60.0 我 0
232.699 232.926 60.0 回 0
232.926 233.381 60.0 忆 0
233.381 233.835 65.0 到 0
233.835 234.744 64.0 老 1
235.318 235.546 64.0 我 0
235.546 235.773 69.0 不 0
235.773 236.227 67.0 恨 0
236.455 236.909 69.0 你 0
236.909 237.136 64.0 什 0
237.136 237.591 62.0 么 0
237.591 238.046 62.0 - 1
238.479 238.706 60.0 谢 0
238.706 238.934 60.0 谢 0
238.934 239.161 62.0 你 0
239.161 239.388 62.0 让 0
239.388 239.843 64.0 - 0
239.843 240.07 65.0 我 0
240.07 240.525 64.0 明 0
240.525 240.979 62.0 白 0
240.979 241.888 60.0 了 1
242.326 242.553 57.0 那 0
242.553 242.78 59.0 些 0
242.78 243.008 60.0 现 0
243.008 243.235 60.0 在 0
243.462 243.689 60.0 所 0
243.689 244.144 60.0 谓 0
244.144 244.371 62.0 的 0
244.371 244.826 60.0 等 0
244.826 245.28 57.0 待 1
246.015 246.242 57.0 没 0
246.242 246.47 59.0 有 0
246.47 246.697 60.0 机 0
246.697 246.924 60.0 会 0
247.151 247.379 60.0 可 0
247.379 247.833 60.0 以 0
247.833 248.288 65.0 重 0
248.288 249.197 64.0 来 0
249.651 249.879 60.0 重 0
249.879 250.106 59.0 - 0
250.106 250.333 57.0 - 0
250.333 252.151 57.0 来 1
253.32 253.547 57.0 安 0
253.547 253.774 59.0 慰 0
253.774 254.002 60.0 的 0
254.229 254.456 60.0 话 0
254.57 254.797 60.0 只 0
254.911 255.138 60.0 是 0
255.138 255.365 60.0 为 0
255.365 255.82 62.0 - 0
255.82 257.411 59.0 了 0
257.865 258.32 59.0 减 0
258.32 258.774 59.0 少 0
259.683 260.365 59.0 伤 0
260.365 261.274 57.0 - 0
261.502 264.002 57.0 害 1
