20.179 20.504 56.0 傻 0
20.506 20.766 54.0 傻 0
20.768 21.355 53.0 的 0
21.357 21.682 51.0 想 0
21.684 22.14 49.0 了 0
22.426 22.773 58.0 很 0
22.797 23.449 56.0 久 1
23.751 24.011 49.0 却 0
24.013 24.272 51.0 依 0
24.275 24.469 49.0 然 0
24.536 24.796 48.0 想 0
24.798 25.058 49.0 不 0
25.06 25.385 51.0 出 0
25.583 25.778 51.0 分 0
25.845 26.105 51.0 开 0
26.107 26.367 51.0 的 0
26.369 26.89 54.0 理 0
26.892 27.676 53.0 由 1
27.829 28.154 53.0 你 0
28.178 28.481 53.0 走 0
28.484 28.743 58.0 的 0
28.942 29.398 58.0 时 0
29.465 29.659 56.0 候 0
29.727 29.987 56.0 用 0
30.021 30.15 54.0 沉 0
30.283 30.608 54.0 默 0
30.774 31.099 56.0 代 0
31.101 31.557 53.0 替 0
31.625 31.852 56.0 了 0
31.887 32.146 51.0 分 0
32.181 32.604 49.0 手 1
32.976 33.17 44.0 是 0
33.238 33.497 44.0 你 0
33.499 34.021 53.0 太 0
34.023 34.217 49.0 残 0
34.285 34.479 49.0 忍 0
34.546 34.806 49.0 还 0
34.874 35.199 46.0 是 0
35.594 35.984 58.0 我 0
35.986 36.333 56.0 太 0
36.335 36.595 53.0 认 0
36.641 37.489 51.0 真 1
39.191 39.45 56.0 如 0
39.452 39.712 54.0 果 0
39.714 40.172 53.0 爱 0
40.24 40.436 53.0 情 0
40.504 40.699 53.0 可 0
40.767 41.028 53.0 以 0
41.03 41.291 51.0 瞬 0
41.293 41.554 49.0 间 0
41.589 42.113 51.0 忘 0
42.115 42.903 56.0 记 1
43.434 43.695 53.0 我 0
43.697 43.958 56.0 又 0
43.961 44.353 58.0 何 0
44.487 44.682 53.0 苦 0
44.75 44.945 53.0 那 0
45.013 45.274 53.0 么 0
45.276 45.537 51.0 的 0
45.54 45.801 49.0 爱 0
45.803 46.722 53.0 你 1
47.67 47.931 53.0 冰 0
47.933 48.194 56.0 冷 0
48.196 48.72 58.0 的 0
48.722 48.983 56.0 空 0
48.986 49.444 58.0 气 0
49.775 50.036 58.0 穿 0
50.038 50.299 61.0 透 0
50.301 50.826 56.0 我 0
50.828 51.089 58.0 的 0
51.091 51.549 56.0 身 0
51.617 52.01 53.0 体 1
52.436 52.697 54.0 冰 0
52.699 52.96 53.0 冻 0
52.962 53.223 51.0 - 0
53.225 53.749 51.0 我 0
54.015 54.21 58.0 的 0
54.278 56.578 56.0 心 1
57.328 57.589 56.0 你 0
57.657 57.918 56.0 能 0
57.92 58.181 58.0 看 0
58.183 58.444 56.0 - 0
58.446 58.641 56.0 到 0
58.709 58.905 65.0 我 0
58.973 59.102 65.0 留 0
59.236 59.365 65.0 在 0
59.499 59.628 65.0 屏 0
59.762 60.155 65.0 幕 0
60.157 60.549 63.0 上 0
60.552 60.813 61.0 的 0
60.815 61.273 63.0 字 1
61.549 61.81 56.0 却 0
61.812 62.139 63.0 看 0
62.207 62.6 63.0 不 0
62.602 62.863 65.0 到 0
62.865 63.06 63.0 我 0
63.128 63.258 61.0 滴 0
63.391 63.586 61.0 在 0
63.654 63.85 61.0 键 0
63.918 64.179 61.0 盘 0
64.312 64.639 53.0 上 0
64.707 64.968 53.0 的 0
64.97 65.429 56.0 泪 1
65.873 66.2 56.0 眼 0
66.202 66.463 58.0 泪 0
66.465 66.726 56.0 的 0
66.728 66.989 58.0 滋 0
66.991 67.45 61.0 味 1
67.912 68.107 61.0 好 0
68.175 68.502 61.0 像 0
68.701 68.962 58.0 苦 0
68.965 69.62 53.0 水 1
69.924 70.185 56.0 我 0
70.253 70.646 56.0 会 0
70.648 70.909 58.0 记 0
71.043 71.172 56.0 着 0
71.306 71.699 65.0 你 0
71.701 71.896 61.0 的 0
72.03 72.225 61.0 好 0
72.326 72.554 61.0 一 0
72.589 73.113 65.0 辈 0
73.115 73.968 63.0 子 1
74.273 74.534 56.0 为 0
74.536 74.731 61.0 你 0
74.799 75.027 63.0 落 0
75.062 75.323 63.0 下 0
75.325 75.521 61.0 最 0
75.589 75.784 65.0 后 0
75.852 75.981 65.0 一 0
76.082 76.211 65.0 滴 0
76.345 76.475 65.0 泪 0
76.641 77.034 65.0 不 0
77.036 77.428 63.0 再 0
77.431 77.692 61.0 哭 0
77.694 78.218 63.0 泣 1
78.421 78.682 56.0 也 0
78.684 78.945 63.0 许 0
79.079 79.472 63.0 某 0
79.474 79.735 65.0 天 0
79.737 79.998 63.0 还 0
80.0 80.195 61.0 会 0
80.263 80.393 61.0 笑 0
80.527 80.656 61.0 着 0
80.79 81.116 61.0 想 0
81.316 81.445 53.0 起 0
81.579 81.84 53.0 你 0
81.842 82.366 56.0 - 1
82.623 82.884 56.0 写 0
82.886 83.147 58.0 下 0
83.149 83.41 56.0 的 0
83.412 83.673 58.0 日 0
83.675 84.463 61.0 记 0
84.728 84.923 61.0 都 0
84.991 85.515 61.0 是 0
85.518 85.779 58.0 回 0
85.781 86.436 56.0 忆 1
86.809 87.07 56.0 只 0
87.073 87.333 58.0 希 0
87.336 87.597 56.0 望 0
87.599 87.86 58.0 你 0
87.862 88.32 65.0 可 0
88.355 88.551 61.0 以 0
88.651 88.847 61.0 在 0
88.915 89.11 58.0 你 0
89.178 89.439 61.0 的 0
89.507 90.031 65.0 心 0
90.033 92.399 63.0 里 1
93.114 93.44 56.0 留 0
93.508 93.736 63.0 下 0
93.739 94.032 61.0 我 0
94.035 94.296 60.0 的 0
94.331 94.592 61.0 身 0
94.594 94.855 63.0 - 0
94.857 95.052 61.0 - 0
95.12 97.223 61.0 影 1
110.781 111.036 56.0 如 0
111.038 111.294 54.0 果 0
111.296 111.754 53.0 爱 0
111.822 112.017 53.0 情 0
112.085 112.281 53.0 可 0
112.348 112.609 53.0 以 0
112.612 112.873 51.0 瞬 0
112.875 113.136 49.0 间 0
113.171 113.695 51.0 忘 0
113.697 114.484 56.0 记 1
114.969 115.23 53.0 我 0
115.232 115.493 56.0 又 0
115.495 115.888 58.0 何 0
116.022 116.217 53.0 苦 0
116.285 116.48 53.0 那 0
116.548 116.809 53.0 么 0
116.811 117.072 51.0 的 0
117.074 117.335 49.0 爱 0
117.337 118.256 53.0 你 1
119.213 119.474 53.0 冰 0
119.476 119.737 56.0 冷 0
119.739 120.099 58.0 的 0
120.178 120.428 56.0 空 0
120.528 120.954 58.0 气 0
121.318 121.579 58.0 穿 0
121.581 121.842 61.0 透 0
121.844 122.303 56.0 我 0
122.338 122.631 58.0 的 0
122.634 123.092 56.0 身 0
123.16 123.553 53.0 体 1
123.978 124.239 54.0 冰 0
124.242 124.503 53.0 冻 0
124.505 124.766 51.0 - 0
124.768 125.292 51.0 我 0
125.557 125.753 58.0 的 0
125.821 128.121 56.0 心 1
128.874 129.135 56.0 你 0
129.203 129.464 56.0 能 0
129.466 129.727 58.0 看 0
129.729 129.99 56.0 - 0
129.992 130.187 56.0 到 0
130.255 130.45 65.0 我 0
130.518 130.648 65.0 留 0
130.782 130.911 65.0 在 0
131.045 131.174 65.0 屏 0
131.308 131.7 65.0 幕 0
131.703 132.095 63.0 上 0
132.097 132.358 61.0 的 0
132.361 132.819 63.0 字 1
133.177 133.438 56.0 却 0
133.44 133.767 63.0 看 0
133.835 134.227 63.0 不 0
134.23 134.491 65.0 到 0
134.493 134.688 63.0 我 0
134.756 134.885 61.0 滴 0
135.019 135.214 61.0 在 0
135.282 135.477 61.0 键 0
135.545 135.806 61.0 盘 0
135.94 136.267 53.0 上 0
136.335 136.596 53.0 的 0
136.598 137.056 56.0 泪 1
137.28 137.54 56.0 眼 0
137.543 137.804 58.0 泪 0
137.806 138.067 56.0 的 0
138.069 138.33 58.0 滋 0
138.332 138.79 61.0 味 1
139.512 139.707 61.0 好 0
139.775 140.102 61.0 像 0
140.301 140.562 58.0 苦 0
140.564 141.22 53.0 水 1
141.571 141.832 56.0 我 0
141.9 142.293 56.0 会 0
142.295 142.556 58.0 记 0
142.69 142.885 56.0 着 0
142.953 143.345 65.0 你 0
143.348 143.543 61.0 的 0
143.677 143.872 61.0 好 0
143.973 144.201 61.0 一 0
144.236 144.76 65.0 辈 0
144.762 145.615 63.0 子 1
145.85 146.111 56.0 为 0
146.113 146.308 61.0 你 0
146.376 146.604 63.0 落 0
146.639 146.9 63.0 下 0
146.902 147.097 61.0 最 0
147.165 147.361 65.0 后 0
147.429 147.558 65.0 一 0
147.659 147.788 65.0 滴 0
147.922 148.051 65.0 泪 0
148.218 148.611 65.0 不 0
148.613 149.005 63.0 再 0
149.007 149.268 61.0 哭 0
149.271 149.795 63.0 泣 1
149.91 150.171 56.0 也 0
150.173 150.434 63.0 许 0
150.568 150.961 63.0 某 0
150.963 151.224 65.0 天 0
151.226 151.487 63.0 还 0
151.489 151.684 61.0 会 0
151.752 151.882 61.0 笑 0
152.015 152.145 61.0 着 0
152.279 152.605 61.0 想 0
152.805 153.0 53.0 起 0
153.068 153.329 53.0 你 0
153.331 153.855 56.0 - 1
154.29 154.551 56.0 写 0
154.553 154.814 58.0 下 0
154.816 155.077 56.0 的 0
155.079 155.34 58.0 日 0
155.342 156.13 61.0 记 0
156.395 156.59 61.0 都 0
156.658 157.182 61.0 是 0
157.184 157.445 58.0 回 0
157.448 158.103 56.0 忆 1
158.441 158.702 56.0 只 0
158.704 158.965 58.0 希 0
158.967 159.228 56.0 望 0
159.231 159.492 58.0 你 0
159.494 159.952 65.0 可 0
159.987 160.149 61.0 以 0
160.25 160.446 61.0 在 0
160.514 160.709 58.0 你 0
160.777 161.038 61.0 的 0
161.073 161.597 65.0 心 0
161.599 161.86 65.0 里 0
161.862 162.123 66.0 - 0
162.125 162.386 63.0 - 1
162.549 162.744 65.0 你 0
162.812 163.073 65.0 能 0
163.075 163.533 63.0 看 0
163.568 163.731 61.0 到 0
163.832 164.027 65.0 我 0
164.095 164.29 65.0 留 0
164.358 164.553 65.0 在 0
164.621 164.816 65.0 屏 0
164.884 165.211 65.0 幕 0
165.246 165.606 68.0 上 0
165.641 165.869 70.0 的 0
165.937 166.198 70.0 字 0
166.233 166.79 68.0 - 1
167.342 167.602 56.0 却 0
167.605 167.866 65.0 看 0
167.868 168.063 63.0 不 0
168.131 168.458 63.0 到 0
168.46 168.852 61.0 我 0
168.888 169.181 61.0 落 0
169.184 169.576 63.0 下 0
169.578 169.839 61.0 的 0
169.973 170.234 53.0 眼 0
170.236 170.497 53.0 泪 0
170.499 170.859 56.0 - 1
171.336 171.597 58.0 它 0
171.599 171.86 56.0 的 0
171.862 172.123 58.0 滋 0
172.125 172.584 61.0 味 1
173.167 173.362 61.0 好 0
173.43 173.757 61.0 像 0
173.956 174.217 58.0 苦 0
174.22 174.875 53.0 水 1
175.144 175.405 56.0 我 0
175.473 175.734 56.0 会 0
175.737 176.129 58.0 记 0
176.263 176.392 56.0 着 0
176.526 176.919 65.0 你 0
176.921 177.116 61.0 的 0
177.25 177.445 61.0 好 0
177.546 177.774 61.0 一 0
177.809 178.333 65.0 辈 0
178.368 178.761 65.0 子 0
178.763 179.32 63.0 - 1
179.504 179.765 56.0 为 0
179.767 179.962 61.0 你 0
180.03 180.258 63.0 落 0
180.293 180.554 63.0 下 0
180.556 180.752 61.0 最 0
180.82 181.015 65.0 后 0
181.05 181.179 65.0 一 0
181.313 181.442 65.0 滴 0
181.576 181.706 65.0 泪 0
181.839 182.232 65.0 不 0
182.234 182.627 63.0 再 0
182.629 182.89 61.0 哭 0
182.892 183.416 63.0 泣 1
184.305 184.5 65.0 也 0
184.568 184.763 65.0 许 0
184.831 185.092 63.0 某 0
185.094 185.355 63.0 天 0
185.357 185.75 61.0 还 0
185.884 186.013 61.0 会 0
186.147 186.473 61.0 想 0
186.673 186.802 53.0 起 0
186.936 187.197 53.0 你 0
187.199 187.723 56.0 - 1
187.956 188.217 56.0 落 0
188.219 188.48 58.0 下 0
188.482 188.743 56.0 的 0
188.745 189.006 58.0 泪 0
189.041 189.796 61.0 滴 1
190.052 190.247 61.0 是 0
190.315 190.839 61.0 为 0
190.842 191.103 58.0 了 0
191.105 191.76 56.0 你 1
192.016 192.277 56.0 也 0
192.312 192.573 58.0 为 0
192.576 192.837 56.0 了 0
192.839 193.1 58.0 证 0
193.135 193.593 65.0 明 0
193.595 193.823 61.0 我 0
193.858 194.054 61.0 曾 0
194.155 194.777 58.0 经 0
194.911 195.271 65.0 真 0
195.273 197.672 63.0 的 0
198.53 199.58 61.0 爱 0
199.615 200.238 60.0 过 0
200.372 202.08 61.0 你 1
