13.459 13.865 56.0 站 0
13.865 14.166 56.0 - 0
14.22 14.368 55.0 在 0
14.473 15.027 56.0 风 0
15.03 15.432 53.0 - 0
15.436 15.787 53.0 的 0
15.841 16.189 51.0 天 0
16.247 16.493 51.0 台 0
16.652 17.054 51.0 望 0
17.057 17.405 53.0 - 0
17.463 19.128 55.0 无 1
20.025 20.325 56.0 这 0
20.43 20.829 56.0 一 0
20.835 21.031 55.0 - 0
21.038 21.538 56.0 座 0
21.596 21.994 55.0 独 0
22.001 22.349 53.0 - 0
22.406 22.754 51.0 城 0
22.812 24.427 55.0 市 1
26.221 27.227 60.0 在 0
27.437 27.734 55.0 天 0
27.842 28.194 55.0 空 0
28.197 28.498 51.0 与 0
28.602 29.001 51.0 高 0
29.008 29.407 48.0 楼 0
29.464 29.869 58.0 交 0
29.869 30.167 58.0 接 0
30.275 30.471 58.0 的 0
30.477 30.775 56.0 尽 0
30.883 31.788 55.0 头 1
32.602 32.903 53.0 谁 0
33.008 33.207 53.0 追 0
33.362 33.663 53.0 寻 0
33.768 34.068 53.0 空 0
34.173 34.579 53.0 旷 0
34.579 34.876 51.0 的 0
34.984 35.389 55.0 自 0
35.389 37.308 53.0 由 1
39.529 39.881 56.0 阳 0
39.986 40.283 56.0 光 0
40.34 40.489 55.0 覆 0
40.543 41.097 56.0 满 0
41.151 41.55 55.0 这 0
41.556 41.955 53.0 一 0
41.962 42.259 51.0 刻 0
42.367 42.563 51.0 宁 0
42.773 43.124 51.0 静 0
43.178 43.526 53.0 的 0
43.583 45.198 55.0 我 1
45.918 46.323 56.0 隔 0
46.323 46.722 56.0 - 0
46.729 46.925 55.0 绝 0
46.931 47.59 56.0 了 0
47.59 47.989 55.0 喧 0
47.996 48.394 53.0 嚣 0
48.401 48.597 51.0 和 0
48.604 49.205 55.0 冷 0
49.212 50.421 55.0 漠 1
52.142 53.148 60.0 川 0
53.358 53.655 55.0 流 0
53.763 54.162 55.0 不 0
54.169 54.419 51.0 息 0
54.574 54.973 51.0 的 0
54.98 55.378 48.0 人 0
55.385 55.686 58.0 游 0
55.79 56.088 58.0 荡 0
56.196 56.493 58.0 在 0
56.5 56.696 56.0 街 0
56.804 57.709 55.0 头 1
58.608 59.014 53.0 谁 0
59.014 59.419 53.0 能 0
59.419 59.825 53.0 听 0
59.825 60.23 53.0 见 0
60.23 60.636 53.0 谁 0
60.636 60.933 51.0 的 0
61.041 61.446 58.0 寂 0
61.446 63.365 58.0 寞 1
63.879 64.177 55.0 找 0
64.285 64.64 63.0 一 0
64.64 65.089 60.0 - 0
65.096 65.596 60.0 个 0
65.906 66.305 56.0 惺 0
66.312 66.515 55.0 - 0
66.515 66.913 55.0 惺 0
66.92 67.217 53.0 相 1
67.439 67.736 60.0 找 0
67.845 68.04 60.0 一 0
68.047 68.446 62.0 - 0
68.453 68.75 58.0 颗 0
69.061 69.358 58.0 心 0
69.466 69.662 50.0 心 0
69.669 70.067 53.0 - 0
70.074 70.27 53.0 相 0
70.277 70.676 55.0 印 1
70.927 71.123 50.0 在 0
71.13 71.326 53.0 - 0
71.332 71.528 55.0 这 0
71.535 71.832 56.0 个 0
71.941 72.238 56.0 宇 0
72.346 72.643 56.0 宙 0
72.751 72.947 55.0 我 0
72.954 73.353 55.0 是 0
73.359 73.758 53.0 独 0
73.765 74.164 53.0 一 0
74.17 74.67 50.0 无 1
74.886 75.238 51.0 没 0
75.241 75.488 50.0 - 0
75.495 75.893 51.0 人 0
75.9 76.299 53.0 能 0
76.305 76.501 53.0 取 0
76.508 76.856 55.0 代 1
76.883 77.281 51.0 不 0
77.339 77.437 62.0 - 0
77.44 77.69 63.0 - 0
77.694 78.092 62.0 管 0
78.099 78.498 60.0 怎 0
78.96 79.359 60.0 怎 0
79.366 79.562 63.0 - 0
79.569 79.967 65.0 样 0
79.974 80.373 62.0 都 0
80.379 80.778 62.0 会 0
80.785 81.183 60.0 受 1
81.399 81.649 65.0 伤 0
81.804 82.0 65.0 了 0
82.007 82.203 65.0 又 0
82.362 82.811 67.0 怎 0
82.818 84.132 63.0 样 1
84.152 84.348 60.0 至 0
84.354 84.55 62.0 少 0
84.557 84.854 63.0 我 0
84.963 85.26 63.0 很 0
85.368 85.767 63.0 坚 0
85.773 86.172 62.0 强 1
86.241 86.538 60.0 我 0
86.646 86.943 65.0 很 0
87.052 87.349 62.0 坦 0
87.406 90.187 63.0 荡 1
101.042 101.427 56.0 夜 0
101.448 101.748 56.0 - 0
101.833 101.982 55.0 幕 0
102.086 102.64 56.0 笼 0
102.644 103.015 53.0 罩 0
103.049 103.37 53.0 灿 0
103.424 103.772 51.0 烂 0
103.83 104.076 51.0 的 0
104.235 104.637 51.0 片 0
104.64 104.988 53.0 - 0
105.046 106.711 55.0 灯 1
107.529 107.934 56.0 多 0
107.934 108.333 56.0 - 0
108.339 108.535 55.0 少 0
108.542 109.042 56.0 人 0
109.15 109.549 55.0 多 0
109.556 109.904 53.0 少 0
109.961 110.464 51.0 种 0
110.721 111.981 55.0 奈 1
113.777 114.784 60.0 在 0
114.994 115.399 55.0 星 0
115.399 115.75 55.0 光 0
115.754 116.054 51.0 里 0
116.159 116.558 51.0 遗 0
116.564 116.963 48.0 忘 0
117.021 117.426 58.0 昨 0
117.446 117.744 58.0 天 0
117.852 118.048 58.0 的 0
118.054 118.352 56.0 伤 0
118.46 119.365 55.0 害 1
120.149 120.554 53.0 一 0
120.554 120.909 53.0 - 0
120.929 121.314 53.0 觉 0
121.335 121.72 53.0 醒 0
121.74 122.041 53.0 来 0
122.125 122.443 51.0 有 0
122.551 122.882 58.0 期 0
122.936 124.855 58.0 - 1
125.371 125.82 55.0 我 0
125.827 126.225 63.0 - 0
126.232 126.631 62.0 不 0
126.638 127.138 60.0 放 0
127.499 127.898 56.0 爱 0
127.905 128.107 55.0 - 0
128.107 128.506 55.0 的 0
128.513 128.81 53.0 勇 1
129.078 129.375 60.0 我 0
129.432 129.628 60.0 不 0
129.635 130.034 62.0 怀 0
130.041 130.338 58.0 疑 0
130.699 130.997 58.0 会 0
131.105 131.301 50.0 有 0
131.307 131.706 53.0 真 0
131.713 131.909 53.0 心 0
131.916 132.314 55.0 - 1
132.861 133.057 53.0 我 0
133.064 133.26 55.0 - 0
133.267 133.564 56.0 要 0
133.672 133.868 56.0 住 0
133.875 134.277 56.0 - 0
134.432 134.628 55.0 个 0
134.635 135.034 55.0 - 0
135.091 135.49 53.0 美 0
135.497 135.895 53.0 - 0
135.902 136.203 50.0 的 1
136.263 136.509 50.0 给 0
136.516 136.817 51.0 未 0
136.871 137.067 50.0 来 0
137.073 137.472 51.0 的 0
137.479 137.878 53.0 自 0
137.884 138.08 53.0 己 0
138.087 138.486 55.0 - 1
138.503 138.902 51.0 一 0
138.959 139.311 63.0 天 0
139.314 139.713 62.0 - 0
139.72 140.118 60.0 天 0
140.581 140.882 60.0 一 0
140.936 141.132 63.0 天 0
141.139 141.537 65.0 推 0
141.544 141.943 62.0 翻 0
141.949 142.297 62.0 一 0
142.405 142.753 60.0 天 1
142.904 143.201 65.0 坚 0
143.309 143.505 65.0 持 0
143.512 143.708 65.0 的 0
143.917 144.316 65.0 信 0
144.322 145.637 63.0 仰 1
145.738 145.934 60.0 我 0
145.94 146.136 62.0 - 0
146.143 146.542 63.0 会 0
146.548 146.744 63.0 记 0
146.751 147.052 63.0 住 0
147.157 147.657 63.0 己 0
147.815 148.214 63.0 现 0
148.221 148.417 60.0 - 0
148.423 148.822 63.0 在 0
148.829 149.177 65.0 的 0
149.234 151.255 65.0 样 1
151.354 151.705 51.0 有 0
151.81 152.107 63.0 一 0
152.215 152.563 62.0 个 0
152.621 153.07 60.0 人 0
153.482 153.881 56.0 惺 0
153.888 153.982 55.0 惺 0
154.09 154.489 55.0 相 0
154.496 154.793 53.0 惜 1
155.133 155.43 60.0 留 0
155.538 155.734 60.0 一 0
155.741 156.139 62.0 - 0
156.146 156.443 58.0 颗 0
156.754 157.052 58.0 心 0
157.16 157.356 51.0 心 0
157.362 157.761 53.0 - 0
157.768 157.964 53.0 相 0
157.971 158.369 55.0 印 1
158.821 159.017 53.0 抛 0
159.024 159.22 55.0 开 0
159.227 159.524 56.0 过 0
159.632 159.929 56.0 去 0
160.038 160.436 56.0 我 0
160.443 160.639 55.0 想 0
160.646 161.044 55.0 认 0
161.051 161.247 53.0 真 0
161.456 161.652 53.0 去 0
161.659 161.855 53.0 追 0
161.862 162.261 50.0 寻 1
162.319 162.718 51.0 未 0
162.725 162.921 50.0 - 0
162.927 163.326 51.0 来 0
163.333 163.731 53.0 的 0
163.738 163.934 53.0 自 0
163.941 164.34 55.0 己 0
164.348 164.747 51.0 - 1
164.754 165.156 63.0 不 0
165.159 165.558 62.0 管 0
165.565 166.014 60.0 怎 0
166.375 166.774 60.0 怎 0
166.781 166.977 63.0 - 0
166.983 167.382 65.0 样 0
167.44 167.838 62.0 都 0
167.845 168.244 62.0 会 0
168.25 168.649 60.0 受 1
168.945 169.243 65.0 伤 0
169.3 169.496 65.0 了 0
169.503 169.699 65.0 又 0
169.908 170.26 65.0 怎 0
170.314 171.726 63.0 样 1
171.737 171.933 60.0 至 0
171.939 172.135 62.0 少 0
172.193 172.49 63.0 我 0
172.598 172.895 63.0 很 0
172.953 173.352 63.0 坚 0
173.358 173.757 62.0 强 1
173.772 174.069 60.0 我 0
174.177 174.474 65.0 很 0
174.582 174.88 62.0 坦 0
174.988 177.718 63.0 荡 1
203.339 203.741 51.0 我 0
203.744 204.096 63.0 - 0
204.099 204.498 62.0 不 0
204.504 205.004 60.0 放 0
205.366 205.717 56.0 爱 0
205.721 205.869 55.0 - 0
205.923 206.373 55.0 勇 0
206.379 206.727 53.0 - 1
206.943 207.348 60.0 我 0
207.348 207.544 60.0 - 0
207.551 207.949 62.0 不 0
207.956 208.253 58.0 怀 0
208.564 208.862 58.0 会 0
208.97 209.166 50.0 有 0
209.172 209.571 53.0 - 0
209.578 209.774 53.0 真 0
209.78 210.179 55.0 心 1
210.511 210.707 53.0 我 0
210.714 210.91 55.0 要 0
210.967 211.264 56.0 握 0
211.372 211.67 56.0 住 0
211.778 212.075 56.0 一 0
212.183 212.379 55.0 个 0
212.386 212.785 55.0 最 0
212.842 213.241 53.0 美 0
213.247 213.646 53.0 的 0
213.653 214.051 50.0 梦 1
214.133 214.329 50.0 给 0
214.336 214.687 51.0 - 0
214.691 214.887 50.0 未 0
214.893 215.292 51.0 来 0
215.299 215.697 53.0 的 0
215.704 215.9 53.0 自 0
215.907 216.305 55.0 己 1
216.343 216.742 51.0 不 0
216.749 217.1 63.0 管 0
217.103 217.502 62.0 怎 0
217.509 217.907 60.0 样 0
218.421 218.722 60.0 怎 0
218.776 219.022 63.0 样 0
219.029 219.428 65.0 都 0
219.434 219.833 62.0 会 0
219.84 220.239 62.0 受 0
220.245 220.644 60.0 伤 1
220.768 221.123 65.0 伤 0
221.123 221.376 65.0 - 0
221.376 221.572 65.0 了 0
221.731 222.13 65.0 怎 0
222.187 223.501 63.0 样 0
223.55 223.746 60.0 - 1
223.753 223.949 62.0 至 0
223.956 224.253 63.0 少 0
224.361 224.658 63.0 很 0
224.766 225.165 63.0 坚 0
225.172 225.57 62.0 - 1
225.665 225.963 60.0 我 0
226.071 226.422 65.0 很 0
226.527 226.824 62.0 坦 0
226.932 229.662 63.0 荡 1
232.168 232.364 60.0 未 0
232.371 232.567 62.0 来 0
232.624 232.979 63.0 的 0
232.979 233.226 63.0 你 0
233.435 233.834 63.0 会 0
233.942 234.341 62.0 懂 0
234.347 234.847 60.0 我 0
234.854 236.672 65.0 的 0
236.78 237.283 62.0 疯 0
237.287 239.307 63.0 狂 1
