37.72 37.983 57.0 时 0
37.983 38.246 57.0 间 0
38.246 38.509 57.0 过 0
38.509 38.773 54.0 得 0
38.773 39.102 61.0 太 0
39.167 40.088 59.0 快 1
40.106 40.37 52.0 不 0
40.37 41.159 61.0 会 0
41.159 41.422 59.0 再 0
41.422 41.949 54.0 重 0
41.949 43.527 54.0 来 1
46.031 46.294 57.0 而 0
46.294 46.557 57.0 我 0
46.557 46.821 57.0 渐 0
46.821 47.084 52.0 渐 0
47.084 47.413 61.0 明 0
47.478 48.136 59.0 白 1
48.563 48.827 59.0 爱 0
48.827 49.221 59.0 需 0
49.221 49.545 61.0 要 0
49.616 50.274 64.0 关 0
50.274 51.458 61.0 怀 1
53.482 53.746 61.0 其 0
53.746 54.009 64.0 实 0
54.009 54.272 66.0 我 0
54.272 54.535 66.0 也 0
54.535 54.798 66.0 害 0
54.798 55.061 66.0 怕 0
55.061 55.454 66.0 被 0
55.456 55.851 66.0 你 0
55.851 56.246 57.0 伤 0
56.246 57.161 59.0 害 1
57.692 57.955 59.0 经 0
57.955 58.218 61.0 常 0
58.218 58.481 64.0 对 0
58.481 58.745 64.0 着 0
58.745 59.008 64.0 电 0
59.008 59.271 64.0 视 0
59.271 59.534 64.0 机 0
59.534 59.929 66.0 - 0
60.06 60.324 59.0 发 0
60.324 61.376 61.0 呆 1
62.002 62.265 54.0 可 0
62.265 62.528 57.0 我 0
62.528 62.791 61.0 依 0
62.791 63.054 59.0 然 0
63.054 63.317 57.0 相 0
63.317 64.633 59.0 信 1
65.372 65.635 54.0 我 0
65.635 66.03 61.0 们 0
66.03 66.424 59.0 的 0
66.424 66.687 57.0 未 0
66.687 68.266 59.0 来 1
71.393 71.656 57.0 也 0
71.656 71.92 57.0 许 0
71.92 72.183 57.0 你 0
72.183 72.446 54.0 会 0
72.446 72.709 61.0 明 0
72.709 73.63 59.0 白 1
73.86 74.123 52.0 我 0
74.123 74.649 61.0 给 0
74.649 74.912 59.0 你 0
74.912 75.175 57.0 的 0
75.175 77.281 54.0 爱 1
79.86 80.123 57.0 永 0
80.123 80.387 57.0 远 0
80.387 80.65 57.0 不 0
80.65 80.913 52.0 会 0
80.913 81.176 61.0 放 0
81.176 81.966 59.0 手 1
82.254 82.517 59.0 也 0
82.517 82.912 59.0 不 0
82.912 83.235 61.0 会 0
83.306 83.833 64.0 离 0
83.833 85.017 61.0 开 1
87.154 87.417 61.0 不 0
87.417 87.68 64.0 管 0
87.68 87.943 64.0 今 0
87.943 88.206 66.0 后 0
88.206 88.47 66.0 的 0
88.47 88.733 66.0 路 0
88.733 89.125 64.0 有 0
89.127 89.522 66.0 多 0
89.522 90.048 59.0 苦 0
90.048 90.832 59.0 - 1
91.221 91.484 61.0 我 0
91.484 91.747 64.0 也 0
91.747 92.011 61.0 会 0
92.011 92.274 64.0 让 0
92.274 92.537 59.0 你 0
92.537 92.8 59.0 感 0
92.8 93.063 61.0 觉 0
93.063 93.326 61.0 到 0
93.59 93.853 59.0 幸 0
93.853 94.379 54.0 福 0
94.379 95.168 54.0 - 1
95.319 95.582 54.0 你 0
95.582 95.845 57.0 就 0
95.845 96.108 54.0 是 0
96.108 96.371 61.0 我 0
96.371 96.634 59.0 这 0
96.634 96.898 57.0 一 0
96.898 98.213 59.0 生 0
99.003 99.266 57.0 嗯 0
99.266 99.529 61.0 的 0
99.792 100.055 57.0 赌 0
100.055 102.95 59.0 注 1
103.759 104.022 64.0 如 0
104.022 104.285 66.0 果 0
104.285 104.548 61.0 我 0
104.548 104.811 64.0 们 0
104.811 105.074 64.0 经 0
105.074 105.338 64.0 过 0
105.338 105.601 64.0 许 0
105.601 105.864 64.0 多 0
105.864 106.127 61.0 年 0
106.127 106.39 59.0 以 0
106.39 107.114 61.0 后 1
107.447 107.71 61.0 你 0
107.71 108.105 61.0 是 0
108.105 108.5 59.0 否 0
108.5 108.763 61.0 还 0
108.763 109.289 59.0 爱 0
109.289 109.552 57.0 - 0
109.552 111.394 57.0 我 1
112.465 112.728 54.0 是 0
112.728 112.991 57.0 否 0
112.991 113.254 61.0 还 0
113.254 113.518 59.0 会 0
113.518 113.781 59.0 依 0
113.781 114.044 59.0 偎 0
114.044 114.307 59.0 在 0
114.307 114.57 59.0 我 0
114.57 114.833 57.0 怀 0
114.833 115.36 59.0 中 1
115.632 115.895 59.0 叫 0
115.895 116.158 57.0 我 0
116.158 116.553 66.0 一 0
116.553 116.948 64.0 声 0
116.948 117.474 57.0 老 0
117.474 119.842 59.0 公 1
120.584 120.847 64.0 直 0
120.847 121.11 66.0 到 0
121.11 121.373 61.0 我 0
121.373 121.636 64.0 们 0
121.636 121.9 64.0 剩 0
121.9 122.163 64.0 下 0
122.163 122.426 64.0 最 0
122.426 122.689 64.0 后 0
122.689 122.952 61.0 一 0
122.952 123.215 59.0 口 0
123.215 124.005 61.0 气 1
124.366 124.629 61.0 你 0
124.629 125.024 69.0 是 0
125.024 125.419 68.0 否 0
125.419 125.682 69.0 还 0
125.682 126.077 69.0 记 0
126.077 126.471 68.0 - 0
126.471 128.84 66.0 得 1
129.204 129.467 59.0 曾 0
129.467 129.73 61.0 经 0
129.73 130.257 62.0 说 0
130.257 130.783 62.0 过 0
130.783 131.046 62.0 下 0
131.046 131.441 66.0 辈 0
131.441 131.704 64.0 - 0
131.836 132.625 64.0 子 1
132.673 132.936 61.0 再 0
132.936 133.463 59.0 爱 0
133.463 133.726 61.0 我 0
133.726 134.384 59.0 一 0
134.384 136.094 57.0 次 1
176.737 177.001 57.0 也 0
177.001 177.264 57.0 许 0
177.264 177.527 57.0 你 0
177.527 177.79 54.0 会 0
177.79 178.053 61.0 明 0
178.053 178.974 59.0 白 1
179.047 179.31 52.0 我 0
179.31 179.836 61.0 给 0
179.836 180.099 59.0 你 0
180.099 180.363 57.0 的 0
180.363 182.468 54.0 爱 1
185.049 185.313 57.0 永 0
185.313 185.576 57.0 远 0
185.576 185.839 57.0 不 0
185.839 186.102 52.0 会 0
186.102 186.365 61.0 放 0
186.365 187.155 59.0 手 1
187.348 187.611 59.0 也 0
187.611 188.006 59.0 不 0
188.006 188.329 61.0 会 0
188.401 188.927 64.0 离 0
188.927 190.111 61.0 开 1
192.437 192.7 61.0 不 0
192.7 192.963 64.0 管 0
192.963 193.226 64.0 今 0
193.226 193.49 66.0 后 0
193.49 193.753 66.0 的 0
193.753 194.016 66.0 路 0
194.016 194.408 64.0 有 0
194.411 194.805 66.0 多 0
194.805 195.332 59.0 苦 0
195.332 196.116 59.0 - 1
196.413 196.676 61.0 我 0
196.676 196.94 64.0 也 0
196.94 197.203 61.0 会 0
197.203 197.466 64.0 让 0
197.466 197.729 59.0 你 0
197.729 197.992 59.0 感 0
197.992 198.255 61.0 觉 0
198.255 198.519 61.0 到 0
198.782 199.045 59.0 幸 0
199.045 199.571 54.0 福 0
199.571 200.361 54.0 - 1
200.617 200.88 54.0 你 0
200.88 201.143 57.0 就 0
201.143 201.406 54.0 是 0
201.406 201.669 61.0 我 0
201.669 201.933 59.0 这 0
201.933 202.196 57.0 一 0
202.196 203.512 59.0 生 0
204.301 204.564 57.0 嗯 0
204.564 204.827 61.0 的 0
205.091 205.354 57.0 赌 0
205.354 207.722 59.0 注 0
207.722 207.985 62.0 哦 0
207.985 208.248 64.0 - 1
209.017 209.28 64.0 如 0
209.28 209.543 66.0 果 0
209.543 209.806 61.0 我 0
209.806 210.07 64.0 们 0
210.07 210.333 64.0 经 0
210.333 210.596 64.0 过 0
210.596 210.859 64.0 许 0
210.859 211.122 64.0 多 0
211.122 211.385 61.0 年 0
211.385 211.648 59.0 以 0
211.648 212.372 61.0 后 1
212.791 213.054 61.0 你 0
213.054 213.449 61.0 是 0
213.449 213.844 59.0 否 0
213.844 214.107 61.0 还 0
214.107 214.633 59.0 爱 0
214.633 214.896 57.0 - 0
214.896 216.738 57.0 我 1
217.731 217.994 54.0 是 0
217.994 218.257 57.0 否 0
218.257 218.521 61.0 还 0
218.521 218.784 59.0 会 0
218.784 219.047 59.0 依 0
219.047 219.31 59.0 偎 0
219.31 219.573 59.0 在 0
219.573 219.836 59.0 我 0
219.836 220.1 57.0 怀 0
220.1 220.626 59.0 中 1
220.862 221.125 59.0 叫 0
221.125 221.388 57.0 我 0
221.388 221.783 66.0 一 0
221.783 222.178 64.0 声 0
222.178 222.704 57.0 老 0
222.704 225.073 59.0 公 1
225.864 226.127 64.0 直 0
226.127 226.39 66.0 到 0
226.39 226.653 61.0 我 0
226.653 226.917 64.0 们 0
226.917 227.18 64.0 剩 0
227.18 227.443 64.0 下 0
227.443 227.706 64.0 最 0
227.706 227.969 64.0 后 0
227.969 228.232 61.0 一 0
228.232 228.496 59.0 口 0
228.496 229.285 61.0 气 1
229.457 229.72 61.0 你 0
229.72 230.115 69.0 是 0
230.115 230.51 68.0 否 0
230.51 230.773 69.0 还 0
230.773 231.168 69.0 记 0
231.168 231.562 68.0 - 0
231.562 233.931 66.0 得 1
234.58 234.843 59.0 曾 0
234.843 235.107 61.0 经 0
235.107 235.633 62.0 说 0
235.633 236.159 62.0 过 0
236.159 236.422 62.0 下 0
236.422 236.817 66.0 辈 0
236.817 237.08 64.0 - 0
237.212 238.001 64.0 子 1
238.059 238.322 61.0 再 0
238.322 238.849 59.0 爱 0
238.849 239.112 61.0 我 0
239.112 239.77 59.0 一 0
239.77 241.48 57.0 次 1
242.697 242.96 64.0 如 0
242.96 243.223 66.0 果 0
243.223 243.487 61.0 我 0
243.487 243.75 64.0 们 0
243.75 244.013 64.0 经 0
244.013 244.276 64.0 过 0
244.276 244.539 64.0 许 0
244.539 244.802 64.0 多 0
244.802 245.066 61.0 年 0
245.066 245.329 59.0 以 0
245.329 246.052 61.0 后 1
246.473 246.736 61.0 你 0
246.736 247.131 61.0 是 0
247.131 247.526 59.0 否 0
247.526 247.789 61.0 还 0
247.789 248.315 59.0 爱 0
248.315 248.579 57.0 - 0
248.579 250.421 57.0 我 1
251.32 251.583 54.0 是 0
251.583 251.847 57.0 否 0
251.847 252.11 61.0 还 0
252.11 252.373 59.0 会 0
252.373 252.636 59.0 依 0
252.636 252.899 59.0 偎 0
252.899 253.162 59.0 在 0
253.162 253.426 59.0 我 0
253.426 253.689 57.0 怀 0
253.689 254.215 59.0 中 1
254.485 254.748 59.0 叫 0
254.748 255.012 57.0 我 0
255.012 255.406 66.0 一 0
255.406 256.064 64.0 声 0
256.327 256.854 57.0 老 0
256.854 258.169 59.0 公 0
258.169 259.222 64.0 哦 1
259.603 259.866 64.0 直 0
259.866 260.13 66.0 到 0
260.13 260.393 61.0 我 0
260.393 260.656 64.0 们 0
260.656 260.919 64.0 剩 0
260.919 261.182 64.0 下 0
261.182 261.445 64.0 最 0
261.445 261.708 64.0 后 0
261.708 261.972 61.0 一 0
261.972 262.235 59.0 口 0
262.235 263.024 61.0 气 1
263.235 263.499 61.0 你 0
263.499 263.893 69.0 是 0
263.893 264.288 68.0 否 0
264.288 264.551 69.0 还 0
264.551 264.946 69.0 记 0
264.946 265.341 68.0 - 0
265.341 266.393 66.0 得 0
266.393 267.709 66.0 - 1
268.312 268.576 59.0 曾 0
268.576 268.839 61.0 经 0
268.839 269.365 62.0 说 0
269.365 269.891 62.0 过 0
269.891 270.155 62.0 下 0
270.155 270.549 66.0 辈 0
270.549 270.812 64.0 - 0
270.944 271.733 64.0 子 1
271.744 272.008 59.0 再 0
272.008 272.534 59.0 爱 0
272.534 272.797 61.0 我 0
272.797 273.455 59.0 一 0
273.455 275.166 57.0 次 1
276.514 276.8 64.0 直 0
276.8 277.085 66.0 到 0
277.085 277.371 61.0 我 0
277.371 277.668 64.0 们 0
277.668 277.965 64.0 剩 0
277.965 278.262 64.0 下 0
278.262 278.559 64.0 最 0
278.559 278.856 64.0 后 0
278.856 279.153 61.0 一 0
279.153 279.45 59.0 口 0
279.45 280.341 61.0 气 1
280.341 280.638 61.0 你 0
280.638 281.084 61.0 是 0
281.084 281.529 59.0 否 0
281.529 281.678 61.0 还 0
281.678 282.124 59.0 记 0
282.124 282.569 57.0 - 0
282.569 283.312 54.0 得 1
285.294 285.591 54.0 曾 0
285.591 285.888 57.0 经 0
285.888 286.185 61.0 说 0
286.185 286.482 59.0 - 0
286.482 286.779 59.0 过 0
286.927 287.373 59.0 下 0
287.522 287.967 57.0 辈 0
287.967 289.898 59.0 子 1
292.102 292.399 52.0 再 0
292.918 293.438 61.0 爱 0
293.438 293.735 57.0 我 0
294.181 294.478 59.0 一 0
294.626 296.854 57.0 次 1
