19.763 20.16 48.0 有 0
20.164 20.561 50.0 没 0
20.564 21.361 57.0 有 0
21.365 21.762 57.0 一 0
21.765 21.962 55.0 扇 0
21.965 22.963 57.0 窗 1
23.357 23.553 55.0 能 0
23.557 23.754 57.0 让 0
23.757 24.554 60.0 你 0
24.558 24.955 60.0 不 0
24.958 25.355 62.0 绝 0
25.358 26.156 60.0 望 1
26.515 26.711 57.0 看 0
26.715 26.912 60.0 一 0
26.915 27.712 62.0 看 0
27.716 28.113 62.0 花 0
28.116 28.313 60.0 花 0
28.316 28.913 62.0 世 0
28.917 29.314 60.0 界 1
29.359 29.556 57.0 原 0
29.559 29.956 55.0 来 0
29.96 30.157 53.0 像 0
30.161 30.958 55.0 梦 0
31.361 31.758 57.0 一 0
31.761 32.559 55.0 场 1
33.038 33.235 57.0 有 0
33.239 33.436 55.0 - 0
33.439 34.236 53.0 人 0
34.24 34.637 53.0 哭 0
34.64 34.837 55.0 有 0
34.84 35.437 57.0 人 1
36.026 36.223 62.0 有 0
36.231 36.428 65.0 - 0
36.47 37.267 64.0 输 0
37.308 37.705 64.0 有 0
37.735 37.932 62.0 人 0
37.995 38.715 60.0 老 1
39.231 39.428 60.0 到 0
39.431 39.628 57.0 结 0
39.631 40.429 55.0 局 0
40.832 41.029 55.0 还 0
41.033 41.229 57.0 不 0
41.233 42.03 55.0 是 0
42.434 42.831 53.0 一 0
42.834 44.159 55.0 样 1
45.329 45.726 48.0 有 0
45.729 46.126 50.0 - 0
46.13 46.927 57.0 没 0
46.93 47.321 57.0 有 0
47.321 47.521 55.0 一 0
47.521 48.529 57.0 种 1
48.865 49.062 55.0 能 0
49.077 49.274 57.0 让 0
49.282 50.079 60.0 你 0
50.129 50.461 60.0 不 0
50.479 50.707 62.0 受 0
50.724 51.562 60.0 伤 1
52.213 52.41 57.0 这 0
52.434 52.631 60.0 些 0
52.635 53.432 62.0 - 0
53.435 53.832 62.0 年 0
53.836 54.033 60.0 堆 0
54.036 54.633 62.0 积 0
54.637 55.034 60.0 多 0
55.037 55.234 57.0 少 0
55.237 55.634 55.0 对 0
55.637 55.834 53.0 你 0
55.838 56.635 55.0 的 0
57.014 57.385 57.0 心 0
57.389 58.187 55.0 - 1
58.608 58.805 57.0 什 0
58.808 59.005 55.0 么 0
59.009 59.806 53.0 酒 0
59.809 60.206 53.0 醒 0
60.21 60.407 55.0 不 0
60.41 61.007 57.0 了 1
61.736 61.933 62.0 什 0
61.938 62.114 65.0 么 0
62.128 62.925 64.0 痛 0
63.006 63.403 64.0 忘 0
63.407 63.604 62.0 不 0
63.607 64.107 60.0 掉 1
64.879 65.076 60.0 向 0
65.079 65.276 57.0 - 0
65.279 66.076 55.0 前 0
66.48 66.677 55.0 就 0
66.68 66.877 57.0 - 0
66.881 67.278 55.0 不 0
67.281 67.678 53.0 可 0
67.681 67.878 50.0 能 0
67.881 68.479 53.0 回 0
68.482 70.08 53.0 头 1
70.955 71.352 53.0 朋 0
71.356 71.552 55.0 友 0
71.556 71.753 57.0 别 0
71.756 72.954 60.0 哭 1
73.011 73.408 60.0 我 0
73.412 73.809 62.0 依 0
73.812 74.209 60.0 然 0
74.212 74.609 57.0 是 0
74.613 74.809 55.0 你 0
74.813 75.41 57.0 心 0
75.413 75.81 57.0 灵 0
75.814 76.211 57.0 的 0
76.214 76.411 55.0 归 0
76.414 77.012 53.0 宿 1
77.383 77.78 53.0 朋 0
77.784 77.98 55.0 友 0
77.984 78.181 57.0 别 0
78.184 78.981 65.0 哭 1
79.612 79.809 65.0 要 0
79.812 80.21 67.0 相 0
80.213 80.61 65.0 信 0
80.613 80.81 62.0 自 0
80.813 81.21 60.0 己 0
81.214 81.411 57.0 的 0
81.414 82.211 60.0 路 1
83.677 84.074 60.0 红 0
84.078 84.475 62.0 - 0
84.478 85.676 65.0 尘 0
85.679 86.076 67.0 中 0
86.079 86.477 67.0 有 0
86.48 86.877 65.0 太 0
86.88 87.277 62.0 多 0
87.281 87.477 60.0 茫 0
87.481 88.078 62.0 然 0
88.081 88.478 62.0 痴 0
88.482 88.879 62.0 心 0
88.882 89.079 60.0 的 0
89.082 89.68 57.0 追 1
90.104 90.501 60.0 你 0
90.505 90.701 57.0 - 0
90.705 91.302 55.0 的 0
92.106 92.303 55.0 我 0
92.306 92.503 57.0 - 0
92.506 93.304 55.0 也 0
93.507 94.105 50.0 感 0
94.108 94.905 53.0 - 1
125.276 125.673 48.0 有 0
125.676 126.073 50.0 没 0
126.076 126.874 57.0 有 0
126.877 127.274 57.0 一 0
127.277 127.474 55.0 种 0
127.478 128.475 57.0 爱 1
128.904 129.101 55.0 能 0
129.104 129.301 57.0 - 0
129.304 130.102 60.0 让 0
130.105 130.502 60.0 你 0
130.505 130.702 62.0 不 0
130.706 131.703 60.0 受 1
132.016 132.213 57.0 这 0
132.216 132.413 60.0 些 0
132.416 133.214 62.0 年 0
133.217 133.614 62.0 堆 0
133.617 133.814 60.0 积 0
133.818 134.415 62.0 多 0
134.418 134.815 60.0 少 0
134.819 135.015 57.0 对 0
135.019 135.416 55.0 你 0
135.419 135.616 53.0 的 0
135.619 136.417 55.0 知 0
136.82 137.217 57.0 心 0
137.221 138.018 55.0 话 1
138.596 138.793 57.0 什 0
138.796 138.993 55.0 么 0
138.996 139.794 53.0 酒 0
139.797 140.194 53.0 醒 0
140.197 140.394 55.0 不 0
140.398 140.995 57.0 了 1
141.61 141.807 62.0 什 0
141.81 142.007 65.0 - 0
142.01 142.808 64.0 么 0
142.811 143.208 64.0 痛 0
143.211 143.408 62.0 忘 0
143.412 144.242 60.0 不 1
144.901 145.098 60.0 向 0
145.101 145.298 57.0 前 0
145.301 146.099 55.0 走 0
146.502 146.699 55.0 就 0
146.703 146.899 57.0 不 0
146.903 147.3 55.0 可 0
147.303 147.7 53.0 能 0
147.703 147.9 50.0 回 0
147.904 148.501 53.0 头 0
148.504 150.102 53.0 望 1
150.867 151.265 53.0 朋 0
151.268 151.465 55.0 - 0
151.468 151.665 57.0 友 0
151.668 152.866 60.0 别 0
152.965 153.362 60.0 哭 1
153.366 153.763 62.0 我 0
153.766 154.163 60.0 依 0
154.166 154.564 57.0 然 0
154.567 154.764 55.0 是 0
154.767 155.364 57.0 你 0
155.368 155.765 57.0 心 0
155.768 156.165 57.0 灵 0
156.168 156.365 55.0 的 0
156.369 156.966 53.0 归 1
157.365 157.762 53.0 朋 0
157.766 157.963 55.0 友 0
157.966 158.163 57.0 别 0
158.166 158.964 65.0 哭 1
159.459 159.655 65.0 要 0
159.659 160.056 67.0 - 0
160.059 160.456 65.0 相 0
160.459 160.656 62.0 信 0
160.66 161.057 60.0 自 0
161.06 161.257 57.0 己 0
161.26 162.491 60.0 的 1
163.731 164.128 60.0 红 0
164.132 164.529 62.0 尘 0
164.532 165.73 65.0 中 0
165.733 166.13 67.0 有 0
166.134 166.531 67.0 太 0
166.534 166.931 65.0 多 0
166.934 167.331 62.0 茫 0
167.335 167.532 60.0 然 0
167.535 168.132 62.0 痴 0
168.136 168.533 62.0 心 0
168.536 168.933 62.0 的 0
168.936 169.133 60.0 追 0
169.136 169.734 57.0 逐 1
170.043 170.44 60.0 你 0
170.444 170.841 57.0 - 0
170.844 171.642 55.0 的 0
172.045 172.242 55.0 我 0
172.245 172.442 57.0 - 0
172.446 173.243 55.0 也 0
173.647 174.044 53.0 感 0
174.047 174.845 55.0 - 1
176.44 176.837 53.0 朋 0
176.841 177.038 55.0 友 0
177.041 177.238 57.0 别 0
177.241 178.439 60.0 哭 1
178.519 178.916 60.0 我 0
178.92 179.317 62.0 一 0
179.32 179.717 60.0 直 0
179.72 180.117 57.0 在 0
180.121 180.318 55.0 你 0
180.321 180.918 57.0 心 0
180.921 181.319 57.0 灵 0
181.322 181.719 57.0 最 0
181.722 181.919 55.0 深 0
181.922 182.52 53.0 处 1
182.816 183.213 53.0 朋 0
183.217 183.414 55.0 - 0
183.417 183.614 57.0 友 0
183.617 184.414 65.0 别 1
185.113 185.31 65.0 我 0
185.314 185.711 67.0 陪 0
185.714 186.111 65.0 你 0
186.114 186.311 62.0 就 0
186.315 186.712 60.0 不 0
186.715 186.912 57.0 孤 0
186.915 187.712 60.0 独 1
189.245 189.642 60.0 人 0
189.646 190.043 62.0 海 0
190.046 191.244 65.0 中 0
191.247 191.644 67.0 难 0
191.648 192.045 67.0 得 0
192.048 192.445 65.0 有 0
192.448 192.845 62.0 几 0
192.849 193.046 60.0 个 0
193.049 193.646 62.0 真 0
193.649 194.046 62.0 正 0
194.05 194.447 62.0 的 0
194.45 194.647 60.0 朋 0
194.65 195.248 57.0 友 1
195.727 196.124 60.0 这 0
196.128 196.525 57.0 份 0
196.528 197.325 55.0 情 0
197.729 197.926 55.0 请 0
197.929 198.126 57.0 你 0
198.13 198.527 55.0 不 0
198.53 198.927 53.0 要 0
198.93 199.127 50.0 不 0
199.13 199.728 53.0 在 0
199.731 200.528 53.0 乎 1
202.147 202.544 60.0 人 0
202.548 202.945 62.0 海 0
202.948 204.146 65.0 中 0
204.149 204.546 67.0 难 0
204.55 204.947 67.0 得 0
204.95 205.347 65.0 有 0
205.35 205.747 62.0 几 0
205.751 205.948 60.0 个 0
205.951 206.548 62.0 真 0
206.551 206.948 62.0 正 0
206.952 207.349 62.0 的 0
207.352 207.624 60.0 朋 0
207.639 208.235 57.0 友 1
208.43 208.827 60.0 这 0
208.831 209.228 57.0 份 0
209.231 210.017 55.0 情 0
210.432 210.629 55.0 请 0
210.652 210.849 57.0 你 0
210.877 211.32 55.0 不 0
211.321 211.718 53.0 要 0
212.034 212.431 50.0 不 0
212.434 213.231 53.0 在 0
213.235 214.221 53.0 乎 1
