27.734 28.159 63.0 往 0
28.163 28.588 62.0 事 0
28.591 29.016 58.0 如 0
29.02 30.731 60.0 风 0
30.734 30.945 55.0 痴 0
30.948 31.159 53.0 心 0
31.163 31.588 51.0 只 0
31.591 32.016 53.0 是 0
32.02 32.445 58.0 难 0
32.448 34.588 55.0 懂 0
34.609 35.463 55.0 借 0
35.466 35.891 58.0 酒 0
35.895 36.32 55.0 相 0
36.323 37.606 53.0 送 0
37.609 37.82 60.0 送 0
37.823 38.034 60.0 不 0
38.038 38.463 58.0 走 0
38.466 38.891 60.0 身 0
38.895 39.32 62.0 影 0
39.323 39.748 58.0 蒙 0
39.752 41.463 55.0 蒙 0
41.469 41.894 63.0  0
41.898 42.323 62.0 光 0
42.326 42.751 58.0 投 0
42.755 44.466 60.0 影 0
44.469 44.68 55.0 映 0
44.684 44.894 53.0 不 0
44.898 45.323 51.0 出 0
45.326 45.751 53.0 你 0
45.755 46.18 58.0 颜 0
46.184 47.894 55.0 容 0
47.894 48.105 51.0 仍 0
48.108 48.319 53.0 只 0
48.322 49.176 55.0 见 0
49.18 49.605 58.0 你 0
49.608 50.033 55.0 独 0
50.037 50.89 53.0 自 0
50.894 51.319 51.0 照 0
51.322 51.74 50.0 片 0
51.74 55.171 48.0 中 0
55.173 55.598 63.0 夜 0
55.601 56.026 62.0 - 0
56.03 56.455 58.0 风 0
56.458 58.169 60.0 已 0
58.173 58.383 55.0 冷 0
58.387 58.598 53.0 回 0
58.601 59.026 51.0 想 0
59.03 59.455 53.0 前 0
59.458 59.883 58.0 尘 0
59.887 62.026 55.0 如 0
62.029 62.882 55.0 梦 0
62.886 63.311 58.0 心 0
63.314 63.504 55.0 似 0
63.511 65.025 53.0 冰 0
65.029 65.239 60.0 冻 0
65.243 65.454 60.0 怎 0
65.457 65.923 58.0 堪 0
65.941 66.277 60.0 相 0
66.314 66.739 62.0 识 0
66.743 66.959 58.0 不 0
66.975 68.768 55.0 相 0
68.835 69.26 63.0 逢 0
69.263 69.688 62.0 难 0
69.692 70.117 58.0 舍 0
70.121 71.831 60.0 心 0
71.835 72.046 55.0 痛 0
72.049 72.26 53.0 难 0
72.263 72.688 51.0 舍 0
72.692 73.117 53.0 情 0
73.121 73.546 58.0 已 0
73.549 75.26 55.0 如 0
75.267 75.478 51.0 风 0
75.482 75.692 53.0 难 0
75.696 76.121 55.0 舍 0
76.125 76.335 55.0 你 0
76.339 76.978 58.0 在 0
76.982 77.407 55.0 我 0
77.41 78.05 53.0 心 0
78.053 78.692 55.0 中 0
78.696 79.121 58.0 的 0
79.125 81.692 60.0 放 0
83.021 83.446 60.0 纵 0
83.449 83.874 60.0 我 0
83.878 84.303 63.0 早 0
84.306 84.731 65.0 已 0
84.735 85.16 67.0 为 0
85.164 85.589 67.0 你 0
85.592 86.017 63.0 种 0
86.392 86.817 60.0 下 0
86.821 87.246 60.0 九 0
87.249 87.674 62.0 百 0
87.678 88.103 60.0 九 0
88.107 88.317 62.0 十 0
88.321 88.532 60.0 九 0
88.535 88.96 58.0 朵 0
88.964 89.389 55.0 玫 0
89.898 90.323 60.0 瑰 0
90.326 90.751 60.0 从 0
90.755 91.18 63.0 分 0
91.184 91.609 65.0 手 0
91.612 92.037 67.0 的 0
92.041 92.466 67.0 那 0
92.469 92.894 63.0 一 0
93.176 93.601 60.0 天 0
93.605 94.03 60.0 九 0
94.034 94.459 62.0 百 0
94.462 94.887 60.0 九 0
94.891 95.101 62.0 十 0
95.105 95.316 60.0 九 0
95.319 95.744 58.0 朵 0
95.748 96.173 55.0 玫 0
96.749 96.96 65.0 瑰 0
96.963 97.174 65.0 花 0
97.178 97.603 65.0 到 0
97.606 98.031 65.0 凋 0
98.035 98.46 62.0 谢 0
98.463 98.888 60.0 人 0
98.892 99.317 58.0 已 0
99.32 99.745 55.0 憔 0
100.026 100.236 65.0 悴 0
100.24 100.451 65.0 千 0
100.454 100.879 65.0 盟 0
100.883 101.308 65.0 万 0
101.311 101.736 62.0 誓 0
101.74 102.165 60.0 已 0
102.168 102.593 58.0 随 0
102.597 103.022 55.0 花 0
103.026 103.451 60.0 事 0
103.454 106.447 60.0 湮 0
130.644 131.069 63.0 灭 0
131.073 131.498 62.0 夜 0
131.501 131.926 58.0 风 0
131.93 133.641 60.0 已 0
133.644 133.855 55.0 冷 0
133.859 134.069 53.0 回 0
134.073 134.498 51.0 想 0
134.501 134.926 53.0 前 0
134.93 135.355 58.0 尘 0
135.359 137.498 55.0 如 0
137.509 138.363 55.0 梦 0
138.367 138.792 58.0 心 0
138.795 139.006 55.0 似 0
139.009 140.506 53.0 冰 0
140.509 140.72 60.0 冻 0
140.724 140.934 60.0 怎 0
140.938 141.363 58.0 堪 0
141.367 141.792 60.0 相 0
141.795 142.22 62.0 识 0
142.224 142.649 58.0 不 0
142.652 144.363 55.0 相 0
144.363 144.788 63.0 逢 0
144.791 145.216 62.0 难 0
145.22 145.645 58.0 舍 0
145.648 147.359 60.0 心 0
147.363 147.573 55.0 痛 0
147.577 147.788 53.0 难 0
147.791 148.216 51.0 舍 0
148.22 148.645 53.0 情 0
148.648 149.073 58.0 已 0
149.077 150.788 55.0 如 0
150.801 151.012 51.0 风 0
151.015 151.226 53.0 难 0
151.23 151.655 55.0 舍 0
151.658 151.869 55.0 你 0
151.873 152.512 58.0 在 0
152.515 152.94 55.0 我 0
152.944 153.583 53.0 心 0
153.587 154.226 55.0 中 0
154.23 154.655 60.0 的 0
154.658 157.226 60.0 放 0
158.374 158.799 60.0 纵 0
158.803 159.228 60.0 我 0
159.232 159.657 63.0 早 0
159.66 160.085 65.0 已 0
160.089 160.514 67.0 为 0
160.517 160.942 67.0 你 0
160.946 161.371 63.0 种 0
161.75 162.175 60.0 下 0
162.179 162.604 60.0 九 0
162.607 163.032 62.0 百 0
163.036 163.461 60.0 九 0
163.464 163.675 62.0 十 0
163.679 163.889 60.0 九 0
163.893 164.318 58.0 朵 0
164.321 164.746 55.0 玫 0
165.265 165.69 60.0 瑰 0
165.693 166.118 60.0 从 0
166.122 166.547 63.0 分 0
166.55 166.975 65.0 手 0
166.979 167.404 67.0 的 0
167.407 167.832 67.0 那 0
167.836 168.261 63.0 一 0
168.689 169.114 60.0 天 0
169.118 169.543 60.0 九 0
169.546 169.971 62.0 百 0
169.975 170.4 60.0 九 0
170.403 170.614 62.0 十 0
170.618 170.828 60.0 九 0
170.832 171.257 58.0 朵 0
171.261 171.686 55.0 玫 0
172.165 172.375 65.0 瑰 0
172.379 172.59 65.0 花 0
172.593 173.018 65.0 到 0
173.022 173.447 65.0 凋 0
173.45 173.875 62.0 谢 0
173.879 174.304 60.0 人 0
174.308 174.733 58.0 已 0
174.736 175.161 55.0 憔 0
175.483 175.694 65.0 悴 0
175.698 175.908 65.0 千 0
175.912 176.337 65.0 盟 0
176.34 176.765 65.0 万 0
176.769 177.194 62.0 誓 0
177.198 177.623 60.0 已 0
177.626 178.051 58.0 随 0
178.055 178.48 55.0 花 0
178.483 178.908 60.0 事 0
178.912 181.865 60.0 湮 0
182.361 182.786 60.0 灭 0
182.79 183.215 60.0 我 0
183.218 183.643 63.0 早 0
183.647 184.072 65.0 已 0
184.075 184.5 67.0 为 0
184.504 184.929 67.0 你 0
184.932 185.357 63.0 种 0
185.876 186.301 60.0 下 0
186.304 186.729 60.0 九 0
186.733 187.158 62.0 百 0
187.161 187.586 60.0 九 0
187.59 187.801 62.0 十 0
187.804 188.015 60.0 九 0
188.018 188.443 58.0 朵 0
188.447 188.872 55.0 玫 0
189.206 189.631 60.0 瑰 0
189.635 190.06 60.0 从 0
190.063 190.488 63.0 分 0
190.492 190.917 65.0 手 0
190.92 191.345 67.0 的 0
191.349 191.774 67.0 那 0
191.778 192.203 63.0 一 0
192.746 193.171 60.0 天 0
193.174 193.599 60.0 九 0
193.603 194.028 62.0 百 0
194.031 194.456 60.0 九 0
194.46 194.671 62.0 十 0
194.674 194.885 60.0 九 0
194.889 195.314 58.0 朵 0
195.317 195.742 55.0 玫 0
196.052 196.263 65.0 瑰 0
196.267 196.477 65.0 花 0
196.481 196.906 65.0 到 0
196.909 197.334 65.0 凋 0
197.338 197.763 62.0 谢 0
197.767 198.192 60.0 人 0
198.195 198.62 58.0 已 0
198.624 199.049 55.0 憔 0
199.449 199.66 65.0 悴 0
199.663 199.874 65.0 千 0
199.877 200.302 65.0 盟 0
200.306 200.731 65.0 万 0
200.735 201.16 62.0 誓 0
201.163 201.588 60.0 已 0
201.592 202.017 58.0 随 0
202.02 202.445 55.0 花 0
202.449 202.874 60.0 事 0
202.877 205.831 60.0 湮 0
209.352 209.777 63.0 灭 0
209.78 210.205 62.0 往 0
210.209 210.634 58.0 事 0
210.637 212.348 60.0 如 0
212.352 212.562 55.0 风 0
212.566 212.777 53.0 痴 0
212.78 213.205 51.0 心 0
213.209 213.634 53.0 只 0
213.637 214.062 58.0 是 0
214.066 216.205 55.0 难 0
216.255 217.108 55.0 懂 0
217.112 217.537 58.0 借 0
217.54 217.965 55.0 酒 0
217.969 219.251 53.0 相 0
219.255 219.465 60.0 送 0
219.469 219.68 60.0 送 0
219.683 220.108 58.0 不 0
220.112 220.537 60.0 走 0
220.54 220.965 62.0 身 0
220.969 221.394 58.0 影 0
221.398 223.108 55.0 蒙 0
223.197 223.622 63.0 蒙 0
223.625 224.05 62.0  0
224.054 224.479 58.0 光 0
224.483 226.193 60.0 投 0
226.197 226.408 55.0 影 0
226.411 226.622 53.0 映 0
226.625 227.05 51.0 不 0
227.054 227.479 53.0 出 0
227.483 227.908 58.0 你 0
227.911 229.622 55.0 颜 0
229.653 229.864 51.0 容 0
229.868 230.078 53.0 仍 0
230.082 230.936 55.0 只 0
230.939 231.364 58.0 见 0
231.368 231.793 55.0 你 0
231.796 232.65 53.0 独 0
232.653 233.078 51.0 自 0
233.082 233.507 50.0 照 0
233.511 236.936 48.0 片 0
