61.386 61.69 50.0 我 0
61.69 61.993 50.0 们 0
61.993 62.279 57.0 都 0
62.279 62.565 57.0 曾 0
62.565 62.85 57.0 经 0
62.85 63.136 55.0 寂 0
63.136 63.422 57.0 寞 1
63.453 63.739 55.0 而 0
63.739 64.025 57.0 给 0
64.025 64.311 55.0 对 0
64.311 64.863 57.0 方 0
64.863 65.139 55.0 承 0
65.139 65.691 55.0 诺 1
65.916 66.192 50.0 我 0
66.192 66.468 50.0 们 0
66.468 66.754 57.0 都 0
66.754 67.04 57.0 因 0
67.04 67.327 57.0 为 0
67.327 67.613 55.0 折 0
67.613 67.899 57.0 磨 1
67.914 68.2 55.0 而 0
68.2 68.486 57.0 - 0
68.486 68.773 55.0 厌 0
68.773 69.345 57.0 倦 0
69.345 69.631 59.0 了 0
69.631 70.204 55.0 生 1
70.527 70.813 59.0 只 0
70.813 71.099 59.0 是 0
71.099 71.381 60.0 这 0
71.381 71.662 59.0 样 0
71.662 71.943 55.0 的 0
71.943 72.506 55.0 日 0
72.506 72.787 52.0 子 1
73.268 73.552 60.0 同 0
73.552 73.837 59.0 样 0
73.837 74.122 55.0 的 0
74.122 74.691 55.0 方 0
74.691 75.261 52.0 式 1
75.605 76.686 55.0 还 0
76.686 77.227 55.0 - 0
77.227 77.497 50.0 要 0
77.497 78.644 50.0 多 1
81.859 82.147 50.0 我 0
82.147 82.434 50.0 们 0
82.434 82.715 57.0 改 0
82.715 82.996 57.0 变 0
82.996 83.277 57.0 了 0
83.277 83.558 55.0 态 0
83.558 83.839 57.0 度 1
83.846 84.127 55.0 而 0
84.127 84.408 57.0 接 0
84.408 84.689 55.0 纳 0
84.689 85.25 57.0 了 0
85.25 85.531 55.0 对 0
85.531 86.093 55.0 方 1
86.259 86.54 50.0 我 0
86.54 86.821 50.0 - 0
86.821 87.107 57.0 们 0
87.107 87.393 57.0 委 0
87.393 87.679 57.0 屈 0
87.679 87.965 55.0 了 0
87.965 88.251 57.0 自 0
88.358 88.644 55.0 己 1
88.644 88.93 57.0 成 0
88.93 89.217 55.0 全 0
89.217 89.785 57.0 谁 0
89.785 90.353 62.0 的 0
90.353 90.638 55.0 梦 1
90.765 91.049 59.0 只 0
91.049 91.333 59.0 - 0
91.333 91.612 62.0 是 0
91.612 91.891 60.0 这 0
91.891 92.17 60.0 样 0
92.17 92.728 59.0 的 0
92.728 93.286 55.0 日 1
93.652 93.941 62.0 还 0
93.941 94.231 60.0 剩 0
94.231 94.52 60.0 下 0
94.52 95.099 59.0 多 0
95.099 95.678 55.0 少 1
95.85 96.987 55.0 已 0
96.987 97.555 55.0 - 0
97.555 98.124 51.0 不 0
98.124 99.515 55.0 重 1
102.147 102.428 59.0 时 0
102.428 102.71 60.0 常 0
102.71 102.995 62.0 想 0
102.995 103.28 62.0 起 0
103.28 103.565 62.0 过 0
103.565 103.85 62.0 去 0
103.85 104.421 62.0 的 0
104.421 104.991 54.0 温 0
104.991 105.826 55.0 存 1
106.622 106.9 50.0 它 0
106.9 107.178 50.0 - 0
107.178 107.463 62.0 让 0
107.463 107.747 62.0 我 0
107.747 108.031 62.0 在 0
108.031 108.315 62.0 夜 0
108.315 108.884 62.0 里 0
108.884 109.452 64.0 不 0
109.452 110.006 55.0 会 1
111.185 111.462 59.0 你 0
111.462 111.739 59.0 - 0
111.739 112.03 62.0 说 0
112.03 112.322 60.0 一 0
112.322 112.614 60.0 个 0
112.614 112.905 60.0 人 0
112.905 113.488 59.0 的 0
113.488 113.78 55.0 美 0
114.072 114.353 55.0 是 0
114.353 114.915 52.0 - 0
114.915 115.196 55.0 认 1
115.653 115.934 55.0 两 0
115.934 116.215 55.0 - 0
116.215 116.496 62.0 个 0
116.496 116.777 60.0 人 0
116.777 117.058 59.0 能 0
117.058 117.339 60.0 在 0
117.339 117.902 59.0 一 0
117.902 118.183 55.0 起 0
118.183 118.748 52.0 是 0
118.748 120.166 57.0 缘 1
122.227 122.511 59.0 早 0
122.511 122.794 59.0 - 0
122.794 123.078 60.0 知 0
123.078 123.645 62.0 道 0
123.645 123.929 59.0 是 0
123.929 125.063 62.0 这 0
125.127 125.41 62.0 样 1
125.41 125.972 62.0 像 0
125.972 126.254 59.0 梦 0
126.254 126.816 57.0 一 1
127.035 127.316 55.0 我 0
127.316 127.597 55.0 才 0
127.597 127.88 67.0 不 0
127.88 128.163 66.0 会 0
128.163 128.446 64.0 把 0
128.446 128.729 66.0 爱 1
128.733 129.016 64.0 都 0
129.016 129.299 62.0 - 0
129.299 129.582 62.0 放 0
129.582 129.865 59.0 在 0
129.865 130.146 64.0 同 0
130.146 130.427 62.0 一 0
130.427 130.708 59.0 个 0
130.708 131.552 62.0 地 1
131.756 132.037 62.0 我 0
132.037 132.612 62.0 - 0
132.612 132.899 60.0 能 0
132.899 133.761 60.0 原 1
134.103 134.39 60.0 你 0
134.39 134.959 59.0 - 0
134.959 135.527 57.0 的 0
135.527 135.812 55.0 荒 1
136.078 136.363 52.0 荒 0
136.363 136.647 55.0 唐 0
136.647 136.928 57.0 的 0
136.928 137.209 57.0 是 0
137.209 137.49 57.0 我 0
137.49 137.772 59.0 没 0
137.772 138.053 57.0 有 0
138.053 138.334 59.0 办 0
138.334 138.615 57.0 法 0
138.615 138.896 52.0 遗 0
138.896 139.74 57.0 忘 1
140.235 140.516 59.0 早 0
140.516 140.797 59.0 - 0
140.797 141.078 60.0 知 0
141.078 141.644 62.0 道 0
141.644 141.927 59.0 是 0
141.927 143.059 62.0 这 1
143.244 143.527 62.0 如 0
143.527 144.093 62.0 梦 0
144.093 144.376 59.0 一 0
144.376 144.942 57.0 场 1
145.071 145.354 55.0 我 0
145.354 145.636 55.0 - 0
145.636 145.922 67.0 又 0
145.922 146.207 66.0 何 0
146.207 146.492 64.0 必 0
146.492 146.777 66.0 把 1
146.869 147.154 64.0 都 0
147.154 147.44 62.0 - 0
147.44 147.725 62.0 锁 0
147.725 148.01 59.0 在 0
148.01 148.292 64.0 自 0
148.292 148.573 62.0 己 0
148.573 148.855 59.0 的 0
148.855 149.7 62.0 眼 1
149.964 150.246 62.0 让 0
150.246 150.816 62.0 你 0
150.816 151.102 60.0 去 0
151.102 151.957 60.0 疯 1
152.174 152.459 59.0 让 0
152.459 153.027 59.0 - 0
153.027 153.595 57.0 你 0
153.595 153.879 55.0 去 1
154.283 154.567 52.0 让 0
154.567 154.851 55.0 你 0
154.851 155.135 60.0 在 0
155.135 155.42 59.0 没 0
155.42 155.705 55.0 有 0
155.705 155.989 60.0 我 0
155.989 156.274 59.0 的 0
156.274 156.559 55.0 地 0
156.559 157.128 52.0 方 0
157.128 157.412 55.0 坚 0
157.412 157.981 57.0 - 0
157.981 159.958 55.0 强 1
179.202 179.489 59.0 时 0
179.489 179.776 60.0 常 0
179.776 180.057 62.0 想 0
180.057 180.338 62.0 起 0
180.338 180.619 62.0 过 0
180.619 180.9 62.0 去 0
180.9 181.461 62.0 的 0
181.461 182.023 54.0 温 0
182.023 182.87 55.0 存 1
183.663 183.945 50.0 它 0
183.945 184.228 50.0 - 0
184.228 184.51 62.0 让 0
184.51 184.792 62.0 我 0
184.792 185.074 62.0 在 0
185.074 185.357 62.0 夜 0
185.357 185.639 62.0 里 0
185.639 186.486 64.0 不 0
186.486 187.332 55.0 会 1
188.069 188.351 59.0 你 0
188.351 188.634 59.0 - 0
188.634 188.916 62.0 说 0
188.916 189.198 60.0 一 0
189.198 189.48 60.0 个 0
189.48 189.763 60.0 人 0
189.763 190.327 59.0 的 0
190.327 190.609 55.0 美 0
190.892 191.176 55.0 是 0
191.176 191.745 52.0 - 0
191.745 192.313 55.0 认 1
192.69 192.975 55.0 两 0
192.975 193.259 55.0 个 0
193.259 193.541 62.0 人 0
193.541 193.824 60.0 能 0
193.824 194.106 59.0 在 0
194.106 194.388 60.0 一 0
194.388 194.953 59.0 起 0
194.953 195.235 55.0 是 0
195.235 196.082 52.0 缘 0
196.082 197.775 57.0 份 1
199.267 199.553 59.0 早 0
199.553 199.838 59.0 知 0
199.838 200.124 60.0 道 0
200.124 200.69 62.0 是 0
200.69 200.973 59.0 这 0
200.973 202.105 62.0 样 1
202.134 202.417 62.0 像 0
202.417 202.982 62.0 梦 0
202.982 203.264 59.0 一 0
203.264 203.687 57.0 场 1
204.004 204.286 55.0 我 0
204.286 204.568 55.0 才 0
204.568 204.849 67.0 不 0
204.849 205.13 66.0 会 0
205.13 205.411 64.0 把 0
205.411 205.692 66.0 爱 1
205.728 206.01 64.0 都 0
206.01 206.291 62.0 - 0
206.291 206.572 62.0 放 0
206.572 206.853 59.0 在 0
206.853 207.134 64.0 同 0
207.134 207.416 62.0 一 0
207.416 207.698 59.0 个 0
207.698 208.543 62.0 地 1
208.896 209.178 62.0 我 0
209.178 209.754 62.0 能 0
209.754 210.042 60.0 原 0
210.042 210.906 60.0 谅 1
211.047 211.335 60.0 你 0
211.335 211.899 59.0 - 0
211.899 212.464 57.0 的 0
212.464 212.746 55.0 荒 1
213.042 213.325 52.0 荒 0
213.325 213.607 55.0 - 0
213.607 213.889 57.0 唐 0
213.889 214.171 57.0 的 0
214.171 214.454 57.0 是 0
214.454 214.736 59.0 我 0
214.736 215.018 57.0 没 0
215.018 215.3 59.0 有 0
215.3 215.583 57.0 办 0
215.583 215.865 52.0 法 0
215.865 216.712 57.0 遗 1
217.275 217.557 59.0 早 0
217.557 217.84 59.0 - 0
217.84 218.122 60.0 知 0
218.122 218.686 62.0 道 0
218.686 218.968 59.0 是 0
218.968 220.097 62.0 这 0
220.2 220.483 62.0 样 1
220.483 221.047 64.0 如 0
221.047 221.329 59.0 梦 0
221.329 221.894 57.0 一 1
222.18 222.462 55.0 我 0
222.462 222.745 55.0 又 0
222.745 223.027 67.0 何 0
223.027 223.309 66.0 必 0
223.309 223.591 64.0 把 0
223.591 223.874 66.0 泪 1
223.892 224.174 64.0 都 0
224.174 224.456 62.0 锁 0
224.456 224.738 62.0 在 0
224.738 225.021 59.0 自 0
225.021 225.306 64.0 己 0
225.306 225.591 62.0 的 0
225.591 225.876 59.0 眼 0
225.876 226.732 62.0 眶 1
226.966 227.251 62.0 让 0
227.251 227.824 62.0 - 0
227.824 228.11 60.0 你 0
228.11 228.968 60.0 去 1
229.117 229.403 60.0 让 0
229.403 229.967 59.0 - 0
229.967 230.532 57.0 你 0
230.532 230.814 55.0 去 1
231.283 231.566 52.0 让 0
231.566 231.848 55.0 你 0
231.848 232.13 60.0 在 0
232.13 232.412 59.0 没 0
232.412 232.695 55.0 有 0
232.695 232.977 60.0 我 0
232.977 233.259 59.0 的 0
233.259 233.541 55.0 地 0
233.541 234.106 52.0 方 0
234.106 234.952 57.0 坚 0
234.952 236.928 55.0 强 1
237.911 238.193 52.0 让 0
238.193 238.476 55.0 - 0
238.476 238.758 60.0 我 0
238.758 239.04 59.0 在 0
239.04 239.322 55.0 没 0
239.322 239.746 60.0 有 0
239.746 240.169 59.0 你 0
240.169 240.593 55.0 的 0
240.593 241.58 52.0 地 0
242.427 243.849 52.0 疗 0
243.849 246.421 55.0 - 0
