27.959 28.215 54.0 今 0
28.215 28.471 56.0 夜 0
28.471 28.728 58.0 还 0
28.728 29.241 61.0 吹 0
29.241 29.497 61.0 着 0
29.497 30.266 61.0 风 1
31.152 31.408 54.0 想 0
31.408 31.664 56.0 起 0
31.664 31.921 58.0 你 0
31.921 32.434 63.0 好 0
32.434 32.69 63.0 温 0
32.69 32.946 61.0 柔 0
32.946 33.459 63.0 - 1
34.138 34.395 51.0 有 0
34.395 34.651 53.0 你 0
34.651 34.908 54.0 的 0
34.908 35.421 56.0 日 0
35.421 35.677 58.0 子 0
35.677 36.19 63.0 分 0
36.19 36.703 61.0 外 0
36.703 36.959 58.0 的 0
36.959 37.472 56.0 轻 0
37.472 38.754 58.0 松 1
40.28 40.537 54.0 也 0
40.537 40.793 56.0 不 0
40.793 41.05 58.0 是 0
41.05 41.562 61.0 无 0
41.562 41.819 61.0 影 0
41.819 42.588 61.0 踪 1
43.397 43.654 54.0 只 0
43.654 43.91 56.0 是 0
43.91 44.166 58.0 想 0
44.166 44.679 63.0 你 0
44.679 44.936 63.0 太 0
44.936 45.192 61.0 浓 0
45.192 45.705 63.0 - 1
46.462 46.719 51.0 怎 0
46.719 46.975 53.0 么 0
46.975 47.231 54.0 会 0
47.231 47.744 56.0 无 0
47.744 48.001 58.0 时 0
48.001 48.513 63.0 无 0
48.513 49.026 61.0 刻 0
49.026 49.411 54.0 把 0
49.411 49.924 51.0 你 0
49.924 51.206 54.0 梦 1
52.377 52.633 66.0 爱 0
52.633 53.146 65.0 的 0
53.146 53.402 65.0 路 0
53.402 53.659 65.0 上 0
53.659 53.915 62.0 - 0
53.915 54.171 62.0 有 0
54.171 54.941 58.0 你 1
55.401 55.657 58.0 我 0
55.657 55.849 61.0 并 0
55.849 56.234 63.0 - 0
56.234 56.907 63.0 不 0
56.907 57.195 65.0 寂 0
57.195 57.965 63.0 寞 1
58.504 58.761 66.0 你 0
58.761 59.274 65.0 对 0
59.274 59.53 65.0 我 0
59.53 59.787 65.0 那 0
59.787 60.043 65.0 么 0
60.043 60.299 62.0 的 0
60.299 61.069 58.0 好 1
61.323 61.579 58.0 这 0
61.579 61.836 58.0 次 0
61.836 62.124 68.0 真 0
62.124 62.349 70.0 - 0
62.349 62.861 68.0 的 0
62.861 63.118 66.0 不 0
63.118 63.374 65.0 - 0
63.374 64.656 66.0 同 1
64.709 64.966 61.0 也 0
64.966 65.158 61.0 许 0
65.158 65.479 63.0 - 0
65.479 65.735 63.0 我 0
65.735 65.927 61.0 应 0
65.927 66.248 63.0 - 0
66.248 66.504 63.0 该 0
66.504 66.985 61.0 好 0
66.985 67.177 61.0 好 0
67.177 67.53 63.0 - 0
67.53 67.786 61.0 把 0
67.786 68.043 59.0 你 0
68.043 69.325 61.0 拥 0
69.325 69.581 59.0 - 0
69.581 70.35 58.0 有 1
70.8 71.057 61.0 就 0
71.057 71.537 63.0 像 0
71.569 71.826 63.0 你 0
71.826 72.339 63.0 一 0
72.339 72.595 63.0 直 0
72.595 72.98 63.0 为 0
72.98 73.236 63.0 我 0
73.236 73.749 66.0 - 0
73.749 74.39 63.0 守 0
74.39 75.672 61.0 候 1
76.417 76.674 61.0 亲 0
76.674 76.93 58.0 爱 0
76.93 77.186 56.0 的 0
77.186 77.443 56.0 人 0
77.443 77.956 58.0 - 0
79.494 79.751 61.0 亲 0
79.751 80.007 58.0 密 0
80.007 80.263 56.0 的 0
80.263 80.776 58.0 爱 0
80.776 81.802 51.0 人 1
82.689 82.945 51.0 谢 0
82.945 83.202 53.0 谢 0
83.202 83.458 54.0 你 0
83.458 83.651 54.0 这 0
83.651 83.971 56.0 - 0
83.971 84.227 58.0 么 0
84.227 84.74 56.0 长 0
84.74 84.997 58.0 的 0
84.997 85.253 61.0 时 0
85.253 85.51 63.0 - 0
85.51 86.151 61.0 间 0
86.151 86.535 58.0 陪 0
86.535 86.792 56.0 着 0
86.792 88.074 58.0 我 1
88.838 89.094 61.0 亲 0
89.094 89.351 58.0 爱 0
89.351 89.607 56.0 的 0
89.607 89.864 56.0 人 0
89.864 90.376 58.0 - 0
91.915 92.171 61.0 亲 0
92.171 92.428 58.0 密 0
92.428 92.684 56.0 的 0
92.684 93.325 58.0 爱 0
93.325 94.351 51.0 人 1
95.03 95.286 51.0 这 0
95.286 95.543 53.0 是 0
95.543 95.799 54.0 我 0
95.799 96.312 56.0 一 0
96.312 96.568 58.0 生 0
96.568 97.081 56.0 中 0
97.081 97.337 58.0 最 0
97.337 97.818 63.0 快 0
97.85 98.491 61.0 乐 0
98.491 98.876 54.0 的 0
98.876 99.132 51.0 时 0
99.132 100.414 54.0 分 1
126.183 126.439 66.0 爱 0
126.439 126.952 65.0 的 0
126.952 127.208 65.0 路 0
127.208 127.465 65.0 上 0
127.465 127.721 62.0 - 0
127.721 127.978 62.0 有 0
127.978 128.747 58.0 你 1
129.243 129.499 58.0 我 0
129.499 129.98 63.0 并 0
129.98 130.749 63.0 不 0
130.749 131.038 65.0 寂 0
131.038 131.807 63.0 寞 1
132.461 132.717 66.0 你 0
132.717 133.23 65.0 对 0
133.23 133.486 65.0 我 0
133.486 133.743 65.0 那 0
133.743 133.999 65.0 么 0
133.999 134.256 62.0 的 0
134.256 135.025 58.0 好 1
135.259 135.516 58.0 这 0
135.516 135.772 58.0 次 0
135.772 136.285 70.0 真 0
136.285 136.798 68.0 的 0
136.798 137.054 66.0 不 0
137.054 137.31 65.0 - 0
137.31 138.592 66.0 同 1
138.617 138.874 61.0 也 0
138.874 139.387 63.0 许 0
139.387 139.643 63.0 我 0
139.643 140.156 63.0 应 0
140.156 140.412 63.0 该 0
140.412 140.893 61.0 好 0
140.893 141.438 63.0 好 0
141.438 141.694 61.0 把 0
141.694 141.951 59.0 你 0
141.951 143.233 61.0 拥 0
143.233 143.489 59.0 - 0
143.489 144.259 58.0 有 1
144.72 144.977 61.0 就 0
144.977 145.458 63.0 像 0
145.49 145.746 63.0 你 0
145.746 146.259 63.0 一 0
146.259 146.515 63.0 直 0
146.515 146.9 63.0 为 0
146.9 147.156 63.0 我 0
147.156 147.669 66.0 - 0
147.669 148.31 63.0 守 0
148.31 149.592 61.0 候 1
150.338 150.595 61.0 亲 0
150.595 150.851 58.0 爱 0
150.851 151.108 56.0 的 0
151.108 151.364 56.0 人 0
151.364 151.877 58.0 - 0
153.415 153.672 61.0 亲 0
153.672 153.928 58.0 密 0
153.928 154.185 56.0 的 0
154.185 154.697 58.0 爱 0
154.697 155.723 51.0 人 1
156.449 156.706 51.0 谢 0
156.706 156.962 53.0 谢 0
156.962 157.218 54.0 你 0
157.218 157.411 54.0 这 0
157.411 157.731 56.0 - 0
157.731 157.988 58.0 么 0
157.988 158.5 56.0 长 0
158.5 158.757 58.0 的 0
158.757 159.013 61.0 时 0
159.013 159.27 63.0 - 0
159.27 159.911 61.0 间 0
159.911 160.295 58.0 陪 0
160.295 160.552 56.0 着 0
160.552 161.834 58.0 我 1
162.679 162.935 61.0 亲 0
162.935 163.192 58.0 爱 0
163.192 163.448 56.0 的 0
163.448 163.705 56.0 人 0
163.705 164.218 58.0 - 0
165.756 166.012 61.0 亲 0
166.012 166.269 58.0 密 0
166.269 166.525 56.0 的 0
166.525 167.166 58.0 爱 0
167.166 168.192 51.0 人 1
168.857 169.113 51.0 这 0
169.113 169.37 53.0 是 0
169.37 169.626 54.0 我 0
169.626 170.139 56.0 一 0
170.139 170.395 58.0 生 0
170.395 170.908 56.0 中 0
170.908 171.165 58.0 最 0
171.165 171.613 61.0 快 0
171.677 172.318 61.0 乐 0
172.318 172.703 54.0 的 0
172.703 172.959 51.0 时 0
172.959 174.242 54.0 分 1
174.869 175.125 51.0 这 0
175.125 175.382 53.0 是 0
175.382 175.638 54.0 我 0
175.638 176.151 56.0 一 0
176.151 176.407 58.0 生 0
176.407 176.924 56.0 中 0
176.924 177.268 58.0 最 0
177.268 177.696 63.0 快 0
177.696 178.081 61.0 - 0
178.081 178.979 61.0 乐 0
180.33 181.686 54.0 的 0
181.686 183.783 51.0 时 0
184.482 188.329 54.0 分 1
