26.128 26.327 65.0 是 0
26.331 26.733 68.0 否 0
26.939 27.239 68.0 每 0
27.344 27.746 65.0 一 0
27.75 28.861 70.0 位 0
29.371 29.672 58.0 你 0
29.777 30.077 61.0 身 0
30.182 30.483 61.0 边 0
30.587 30.888 58.0 的 0
30.993 31.293 68.0 女 0
31.398 31.699 65.0 - 0
31.804 32.206 63.0 子 1
32.68 32.88 65.0 最 0
32.883 33.386 68.0 后 0
33.491 33.792 68.0 都 0
33.897 34.197 65.0 成 0
34.302 35.515 73.0 为 0
35.924 36.224 70.0 你 0
36.329 36.63 70.0 的 0
36.734 37.136 72.0 妹 0
37.14 37.542 65.0 - 0
37.545 38.758 68.0 妹 1
39.089 39.39 73.0 她 0
39.494 39.795 70.0 的 0
39.9 40.302 68.0 心 0
40.305 40.606 70.0 - 0
40.711 42.025 73.0 碎 0
42.332 42.734 70.0 我 0
42.738 43.038 68.0 的 0
43.143 43.849 68.0 心 0
43.954 45.167 70.0 碎 1
45.593 45.793 68.0 是 0
45.796 46.198 70.0 否 0
46.404 46.705 70.0 都 0
46.81 47.11 68.0 是 0
47.215 47.516 73.0 你 0
47.62 47.921 58.0 呀 0
48.026 48.428 61.0 你 0
48.837 49.137 63.0 收 0
49.242 49.644 65.0 集 0
49.647 49.847 63.0 的 0
49.85 50.252 70.0 伤 0
50.256 50.354 68.0 - 0
50.458 51.671 68.0 悲 1
52.202 52.401 65.0 是 0
52.405 52.908 68.0 否 0
53.013 53.313 68.0 每 0
53.418 53.82 65.0 一 0
53.823 55.036 70.0 位 0
55.445 55.847 58.0 快 0
55.851 56.151 61.0 乐 0
56.256 56.557 61.0 过 0
56.661 56.962 58.0 的 0
57.067 57.367 68.0 红 0
57.472 57.773 65.0 - 0
57.878 58.28 63.0 颜 1
58.636 58.836 65.0 最 0
58.839 59.342 68.0 后 0
59.447 59.748 68.0 都 0
59.853 60.255 65.0 是 0
60.258 61.572 73.0 你 0
61.88 62.18 70.0 伤 0
62.285 62.586 70.0 心 0
62.69 62.991 73.0 的 0
63.096 63.396 65.0 妹 0
63.501 64.613 68.0 妹 1
65.159 65.561 73.0 她 0
65.564 65.966 70.0 的 0
65.97 66.372 68.0 心 0
66.375 66.676 70.0 - 0
66.78 67.993 73.0 醉 0
68.402 68.804 70.0 我 0
68.807 69.21 68.0 的 0
69.213 69.615 65.0 心 0
69.618 69.919 68.0 - 0
70.024 71.237 70.0 醉 1
71.665 71.865 68.0 是 0
71.868 72.27 70.0 否 0
72.476 72.878 70.0 都 0
72.882 73.182 68.0 是 0
73.287 73.588 73.0 你 0
73.692 73.993 58.0 呀 0
74.098 74.601 61.0 你 0
74.909 75.209 63.0 亏 0
75.314 75.716 63.0 欠 0
75.719 76.02 63.0 的 0
76.125 76.527 58.0 陶 0
76.53 78.047 61.0 醉 1
78.141 78.441 65.0 你 0
78.546 78.948 68.0 究 0
78.952 79.354 68.0 竟 0
79.357 79.759 65.0 有 0
79.762 80.57 70.0 几 0
80.573 80.874 68.0 个 0
80.979 81.381 70.0 - 0
81.384 82.09 61.0 好 0
82.195 82.496 58.0 妹 0
82.6 82.901 61.0 - 0
83.006 84.219 63.0 妹 1
84.502 84.803 65.0 为 0
84.908 85.31 68.0 何 0
85.313 85.614 68.0 每 0
85.719 86.019 70.0 个 0
86.124 86.83 73.0 妹 0
86.935 87.235 73.0 妹 0
87.34 87.742 73.0 都 0
87.746 88.148 70.0 那 0
88.151 88.35 68.0 么 0
88.556 88.958 68.0 憔 0
88.962 89.262 65.0 - 0
89.367 90.58 63.0 悴 1
90.954 91.254 65.0 你 0
91.359 91.66 68.0 究 0
91.765 92.167 65.0 竟 0
92.17 92.471 65.0 有 0
92.575 93.281 70.0 几 0
93.386 93.89 73.0 个 0
94.197 94.7 58.0 好 0
95.008 95.41 65.0 妹 0
95.413 95.714 63.0 - 0
95.819 96.322 63.0 妹 1
96.799 97.1 61.0 啊 0
97.205 97.506 63.0 - 0
97.61 97.911 65.0 为 0
98.016 98.316 68.0 何 0
98.421 98.722 68.0 每 0
98.826 99.127 70.0 个 0
99.232 99.837 73.0 妹 0
100.043 100.343 73.0 妹 0
100.448 100.749 73.0 都 0
100.854 101.154 70.0 嫁 0
101.259 101.661 68.0 给 0
101.664 102.37 65.0 眼 0
102.475 103.688 68.0 泪 1
103.974 104.376 65.0 你 0
104.379 104.578 68.0 究 0
104.785 105.187 68.0 竟 0
105.19 105.592 65.0 有 0
105.595 106.301 70.0 几 0
106.406 106.707 68.0 个 0
106.812 107.214 70.0 - 0
107.217 107.619 61.0 好 0
107.622 107.923 58.0 - 0
108.028 108.328 58.0 妹 0
108.433 108.633 61.0 - 0
108.839 110.153 63.0 妹 1
110.5 110.902 65.0 为 0
110.906 111.308 68.0 何 0
111.311 111.612 68.0 每 0
111.716 112.017 70.0 个 0
112.122 112.828 73.0 妹 0
112.933 113.233 73.0 妹 0
113.338 113.639 73.0 都 0
113.743 114.146 70.0 那 0
114.149 114.45 68.0 么 0
114.554 114.956 68.0 憔 0
114.96 115.362 65.0 - 0
115.365 116.578 63.0 悴 1
116.974 117.376 65.0 你 0
117.379 117.68 68.0 究 0
117.785 118.085 68.0 竟 0
118.19 118.592 65.0 有 0
118.595 119.403 70.0 几 0
119.406 119.91 73.0 个 0
120.217 120.72 58.0 好 0
121.028 121.43 63.0 妹 0
121.433 121.734 63.0 - 0
121.839 122.443 63.0 妹 1
122.686 122.987 61.0 啊 0
123.092 123.393 63.0 - 0
123.497 123.697 63.0 我 0
123.7 123.899 65.0 的 0
123.903 124.203 68.0 - 0
124.308 124.507 68.0 哥 0
124.713 125.014 68.0 哥 0
125.119 125.521 70.0 你 0
125.524 125.926 68.0 心 0
125.93 126.332 65.0 里 0
126.335 126.737 68.0 头 0
126.74 127.143 70.0 爱 0
127.146 127.447 68.0 的 0
127.551 128.257 65.0 是 0
128.362 129.778 72.0 谁 1
129.878 130.28 73.0 猜 0
130.283 130.584 70.0 - 0
130.689 130.989 68.0 不 0
131.094 131.395 65.0 透 0
131.499 131.901 63.0 摸 0
131.905 132.205 68.0 - 0
132.31 132.712 68.0 不 0
132.716 133.016 58.0 着 0
133.121 133.523 56.0 诶 1
134.081 134.381 68.0 我 0
134.486 134.888 68.0 也 0
134.892 135.294 65.0 只 0
135.297 135.699 65.0 是 0
135.702 136.408 58.0 妹 0
136.513 139.246 61.0 妹 1
175.448 175.749 65.0 你 0
175.854 176.256 68.0 究 0
176.259 176.661 68.0 竟 0
176.664 177.066 65.0 有 0
177.07 177.877 70.0 几 0
177.881 178.181 68.0 个 0
178.286 178.688 70.0 - 0
178.691 179.397 61.0 好 0
179.502 179.803 58.0 妹 0
179.908 180.208 61.0 - 0
180.313 181.526 63.0 妹 1
181.88 182.18 65.0 为 0
182.285 182.687 65.0 何 0
182.69 182.991 68.0 每 0
183.096 183.397 70.0 个 0
183.501 184.207 73.0 妹 0
184.312 184.613 73.0 妹 0
184.717 185.119 73.0 都 0
185.123 185.525 70.0 那 0
185.528 185.728 68.0 么 0
185.934 186.336 68.0 憔 0
186.339 186.64 65.0 - 0
186.744 187.957 63.0 悴 1
188.394 188.695 65.0 你 0
188.8 189.1 68.0 究 0
189.205 189.607 68.0 竟 0
189.61 189.911 65.0 有 0
190.016 190.722 70.0 几 0
190.827 191.33 73.0 个 0
191.637 192.141 58.0 好 0
192.448 192.85 65.0 妹 0
192.854 193.154 63.0 - 0
193.259 193.762 63.0 妹 1
193.939 194.239 61.0 啊 0
194.344 194.645 63.0 - 0
194.75 195.05 65.0 为 0
195.155 195.456 68.0 何 0
195.56 195.861 68.0 每 0
195.966 196.266 70.0 个 0
196.371 196.976 73.0 妹 0
197.182 197.483 73.0 妹 0
197.587 197.888 73.0 都 0
197.993 198.294 70.0 嫁 0
198.398 198.8 68.0 给 0
198.804 199.51 65.0 眼 0
199.614 200.827 68.0 泪 1
201.232 201.634 65.0 你 0
201.637 201.837 68.0 究 0
202.043 202.445 68.0 竟 0
202.448 202.85 65.0 有 0
202.854 203.56 70.0 几 0
203.665 203.965 68.0 个 0
204.07 204.472 70.0 - 0
204.475 204.877 61.0 好 0
204.881 205.181 58.0 - 0
205.286 205.587 58.0 妹 0
205.692 205.891 61.0 - 0
206.097 207.411 63.0 妹 1
207.789 208.191 65.0 为 0
208.194 208.596 65.0 何 0
208.599 208.9 68.0 每 0
209.005 209.305 70.0 个 0
209.41 210.116 73.0 妹 0
210.221 210.522 73.0 妹 0
210.626 210.927 73.0 都 0
211.032 211.434 70.0 那 0
211.437 211.738 68.0 么 0
211.843 212.245 68.0 憔 0
212.248 212.65 65.0 - 0
212.653 213.866 63.0 悴 1
214.293 214.695 65.0 你 0
214.698 214.999 68.0 究 0
215.104 215.405 68.0 竟 0
215.509 215.911 65.0 有 0
215.915 216.722 70.0 几 0
216.725 217.229 73.0 个 0
217.536 218.04 58.0 好 0
218.347 218.749 63.0 妹 0
218.753 219.053 63.0 - 0
219.158 219.763 63.0 妹 1
220.05 220.35 61.0 啊 0
220.455 220.756 63.0 - 0
220.861 221.06 63.0 我 0
221.063 221.263 65.0 的 0
221.266 221.567 68.0 - 0
221.671 221.871 68.0 哥 0
222.077 222.377 68.0 哥 0
222.482 222.884 70.0 你 0
222.888 223.29 68.0 心 0
223.293 223.695 65.0 里 0
223.698 224.1 68.0 头 0
224.104 224.506 70.0 爱 0
224.509 224.81 68.0 的 0
224.915 225.621 65.0 是 0
225.725 227.141 72.0 谁 1
227.354 227.756 73.0 猜 0
227.759 228.06 70.0 - 0
228.165 228.466 68.0 不 0
228.57 228.871 65.0 透 0
228.976 229.378 63.0 摸 0
229.381 229.682 68.0 - 0
229.786 230.189 68.0 不 0
230.192 230.493 58.0 着 0
230.597 230.999 56.0 诶 1
231.401 231.702 68.0 我 0
231.807 232.209 70.0 也 0
232.212 232.614 65.0 只 0
232.617 233.019 65.0 是 0
233.023 233.729 58.0 妹 0
233.834 236.567 61.0 妹 1
236.963 237.263 65.0 你 0
237.368 237.77 68.0 究 0
237.774 238.176 68.0 竟 0
238.179 238.581 65.0 有 0
238.584 239.392 70.0 几 0
239.395 239.696 68.0 个 0
239.801 240.203 70.0 - 0
240.206 240.912 61.0 好 0
241.017 241.318 58.0 妹 0
241.422 241.723 61.0 - 0
241.828 243.04 63.0 妹 1
243.462 243.763 65.0 为 0
243.868 244.27 68.0 何 0
244.273 244.574 68.0 每 0
244.678 244.979 70.0 个 0
245.084 245.79 73.0 妹 0
245.895 246.195 73.0 妹 0
246.3 246.702 73.0 都 0
246.706 247.108 70.0 那 0
247.111 247.31 68.0 么 0
247.516 247.918 68.0 憔 0
247.922 248.222 65.0 - 0
248.327 249.54 63.0 悴 1
250.002 250.302 65.0 你 0
250.407 250.708 68.0 究 0
250.813 251.215 65.0 竟 0
251.218 251.519 65.0 有 0
251.623 252.329 70.0 几 0
252.434 252.938 73.0 个 0
253.245 253.748 58.0 好 0
254.056 254.458 65.0 妹 0
254.461 254.762 63.0 - 0
254.867 255.37 63.0 妹 1
255.612 255.913 61.0 啊 0
256.018 256.319 63.0 - 0
256.423 256.724 65.0 为 0
256.829 257.129 68.0 何 0
257.234 257.535 68.0 每 0
257.639 257.94 70.0 个 0
258.045 258.65 73.0 妹 0
258.856 259.156 73.0 妹 0
259.261 259.562 73.0 都 0
259.666 259.967 70.0 嫁 0
260.072 260.474 68.0 给 0
260.477 261.183 65.0 眼 0
261.288 262.501 68.0 泪 1
262.989 263.391 65.0 你 0
263.394 263.593 68.0 究 0
263.8 264.202 68.0 竟 0
264.205 264.607 65.0 有 0
264.61 265.316 70.0 几 0
265.421 265.722 68.0 个 0
265.827 266.229 70.0 - 0
266.232 266.634 61.0 好 0
266.637 266.938 58.0 - 0
267.043 267.343 58.0 妹 0
267.448 267.648 61.0 - 0
267.854 269.168 63.0 妹 1
269.499 269.901 65.0 为 0
269.905 270.307 68.0 何 0
270.31 270.611 68.0 每 0
270.715 271.016 70.0 个 0
271.121 271.827 73.0 妹 0
271.932 272.232 73.0 妹 0
272.337 272.638 73.0 都 0
272.742 273.144 70.0 那 0
273.148 273.449 68.0 么 0
273.553 273.955 68.0 憔 0
273.959 274.361 65.0 - 0
274.364 275.577 63.0 悴 1
275.889 276.291 65.0 你 0
276.294 276.595 68.0 究 0
276.7 277.0 68.0 竟 0
277.105 277.507 65.0 有 0
277.51 278.318 70.0 几 0
278.321 278.825 73.0 个 0
279.132 279.635 58.0 好 0
279.943 280.345 65.0 妹 0
280.348 280.649 63.0 - 0
280.754 281.358 63.0 妹 1
281.614 281.915 61.0 啊 0
282.02 282.32 63.0 - 0
282.425 282.625 63.0 我 0
282.628 282.827 65.0 的 0
282.831 283.131 68.0 - 0
283.236 283.435 68.0 哥 0
283.641 283.942 68.0 哥 0
284.047 284.449 70.0 你 0
284.452 284.854 68.0 心 0
284.858 285.26 65.0 里 0
285.263 285.665 68.0 头 0
285.668 286.07 70.0 爱 0
286.074 286.375 68.0 的 0
286.479 287.185 65.0 是 0
287.29 288.706 72.0 谁 1
288.834 289.236 73.0 猜 0
289.239 289.54 70.0 - 0
289.644 289.945 68.0 不 0
290.05 290.351 65.0 透 0
290.455 290.857 63.0 摸 0
290.861 291.161 68.0 - 0
291.266 291.668 68.0 不 0
291.672 291.972 58.0 着 0
292.077 292.479 56.0 诶 1
292.978 293.279 68.0 我 0
293.383 293.786 68.0 也 0
293.789 294.191 65.0 只 0
294.296 294.698 68.0 是 0
294.802 295.508 58.0 妹 0
295.816 298.549 61.0 妹 1
