18.665 18.919 55.0 你 0
18.919 19.173 57.0 说 0
19.173 19.428 64.0 我 0
19.428 19.682 64.0 有 0
19.682 19.936 64.0 一 0
19.936 20.19 62.0 颗 0
20.19 20.572 62.0 神 0
20.572 20.953 60.0 秘 0
20.953 21.207 57.0 的 0
21.207 22.224 64.0 心 1
22.84 23.094 55.0 是 0
23.094 23.348 57.0 你 0
23.348 23.603 67.0 一 0
23.603 23.857 67.0 片 1
23.862 24.116 67.0 未 0
24.116 24.37 69.0 曾 0
24.37 24.624 67.0 到 0
24.624 24.879 64.0 达 0
24.879 25.133 62.0 的 0
25.133 25.387 60.0 森 0
25.387 26.658 62.0 林 1
27.039 27.293 62.0 你 0
27.293 27.547 64.0 翻 0
27.547 27.802 62.0 山 0
27.802 28.183 64.0 越 0
28.183 28.819 67.0 岭 0
29.327 29.581 69.0 历 0
29.581 29.835 67.0 尽 0
29.835 30.09 64.0 千 0
30.09 30.344 67.0 - 0
30.344 30.852 60.0 辛 1
31.331 31.585 57.0 只 0
31.585 31.839 55.0 为 0
31.839 32.094 57.0 梦 0
32.094 32.348 64.0 里 0
32.348 32.602 64.0 迷 0
32.602 32.856 62.0 人 0
32.856 33.111 60.0 的 0
33.111 33.619 57.0 风 0
33.619 34.636 62.0 景 1
35.04 35.294 55.0 我 0
35.294 35.549 57.0 只 0
35.549 35.803 64.0 想 0
35.803 36.057 64.0 要 0
36.057 36.311 64.0 一 0
36.311 36.566 62.0 颗 0
36.566 36.947 62.0 纯 0
36.947 37.328 60.0 净 0
37.328 37.583 57.0 的 0
37.583 38.6 64.0 心 1
39.0 39.254 55.0 象 0
39.254 39.508 57.0 是 0
39.508 39.763 67.0 一 0
39.763 40.017 67.0 颗 1
40.066 40.32 67.0 远 0
40.32 40.574 69.0 离 0
40.574 40.829 67.0 尘 0
40.829 41.083 64.0 世 0
41.083 41.337 62.0 的 0
41.337 41.591 60.0 水 0
41.591 42.863 62.0 晶 1
43.313 43.567 62.0 但 0
43.567 43.822 64.0 爱 0
43.822 44.076 62.0 恨 0
44.076 44.457 64.0 纠 0
44.457 45.093 67.0 缠 0
45.601 45.855 69.0 无 0
45.855 46.11 67.0 法 0
46.11 46.364 64.0 清 0
46.364 46.618 67.0 - 0
46.618 47.127 60.0 醒 1
47.766 48.02 57.0 早 0
48.02 48.275 55.0 已 0
48.275 48.529 57.0 失 0
48.529 48.783 64.0 去 0
48.783 49.164 62.0 最 0
49.164 49.546 64.0 初 0
49.546 49.8 62.0 的 0
49.8 50.054 62.0 原 0
50.054 50.563 60.0 - 0
50.563 53.232 60.0 型 1
53.334 53.589 60.0 别 0
53.589 53.843 62.0 说 0
53.843 54.351 64.0 女 0
54.351 54.733 67.0 人 0
54.733 55.368 67.0 心 0
55.622 55.877 64.0 是 0
55.877 56.385 69.0 海 0
56.385 56.639 67.0 底 0
56.639 57.402 64.0 针 1
57.83 58.084 62.0 摸 0
58.084 58.338 64.0 - 0
58.338 58.592 62.0 不 0
58.592 58.847 60.0 着 0
58.847 59.101 60.0 看 0
59.101 59.609 62.0 - 0
59.609 59.863 64.0 不 0
59.863 60.372 62.0 清 0
60.372 61.135 55.0 - 1
61.331 61.585 60.0 如 0
61.585 61.839 62.0 果 0
61.839 62.348 64.0 你 0
62.348 62.602 67.0 是 0
62.602 63.365 67.0 那 0
63.873 64.382 69.0 一 0
64.382 64.636 72.0 片 0
64.636 65.144 69.0 海 1
65.47 65.724 67.0 我 0
65.724 65.978 64.0 就 0
65.978 66.741 62.0 藏 0
66.741 66.995 64.0 在 0
66.995 67.249 62.0 你 0
67.249 67.504 60.0 - 0
67.504 68.012 60.0 的 0
68.012 69.029 62.0 心 1
69.45 69.704 60.0 等 0
69.704 69.958 62.0 着 0
69.958 70.466 64.0 你 0
70.466 70.848 67.0 靠 0
70.848 71.483 67.0 近 0
71.483 71.738 67.0 慢 0
71.738 71.992 64.0 慢 0
71.992 72.5 69.0 抱 0
72.5 72.882 67.0 - 0
72.882 73.517 64.0 紧 1
74.184 74.438 62.0 从 0
74.438 74.692 64.0 - 0
74.692 74.946 62.0 此 0
74.946 75.201 60.0 不 0
75.201 75.963 62.0 再 0
75.963 76.218 64.0 - 0
76.218 76.472 62.0 远 0
76.472 76.726 64.0 - 0
76.726 76.98 67.0 - 0
76.98 77.552 55.0 行 1
77.658 77.912 55.0 让 0
77.912 78.167 57.0 我 0
78.167 78.421 60.0 相 0
78.421 78.675 57.0 - 0
78.675 79.184 57.0 信 0
79.692 79.946 69.0 你 0
79.946 80.2 67.0 的 0
80.2 80.709 64.0 爱 1
80.71 80.964 64.0 不 0
80.964 81.218 67.0 是 0
81.218 81.473 62.0 浮 0
81.473 81.981 60.0 光 0
81.981 82.235 57.0 掠 0
82.235 85.032 60.0 影 1
85.849 86.103 60.0 别 0
86.103 86.357 62.0 说 0
86.357 86.866 64.0 女 0
86.866 87.183 67.0 人 0
87.183 87.883 67.0 心 0
88.137 88.391 64.0 是 0
88.391 88.9 69.0 天 0
88.9 89.154 67.0 边 0
89.154 89.917 64.0 云 1
90.47 90.724 62.0 捉 0
90.724 90.978 64.0 - 0
90.978 91.233 62.0 不 0
91.233 91.487 60.0 住 0
91.487 91.741 60.0 飘 0
91.741 92.25 62.0 - 0
92.25 92.504 64.0 不 0
92.504 93.012 62.0 停 0
93.012 93.775 55.0 - 1
94.037 94.292 60.0 如 0
94.292 94.546 62.0 果 0
94.546 95.054 64.0 你 0
95.054 95.308 67.0 是 0
95.308 96.071 67.0 那 0
96.325 96.58 64.0 片 0
96.58 97.088 69.0 天 0
97.088 97.342 72.0 - 0
97.342 97.851 69.0 空 1
98.043 98.297 67.0 我 0
98.297 98.552 64.0 就 0
98.552 99.314 62.0 是 0
99.314 99.569 64.0 你 0
99.569 99.823 62.0 的 0
99.823 100.077 60.0 - 0
100.077 100.585 60.0 眼 0
100.585 101.602 62.0 睛 1
102.168 102.422 60.0 如 0
102.422 102.676 62.0 果 0
102.676 103.185 64.0 你 0
103.185 103.566 67.0 用 0
103.566 104.202 67.0 心 1
104.205 104.459 67.0 我 0
104.459 104.713 64.0 就 0
104.713 105.222 69.0 化 0
105.222 105.603 67.0 - 0
105.603 106.239 64.0 成 0
106.747 107.001 62.0 一 0
107.001 107.256 64.0 - 0
107.256 107.51 62.0 阵 0
107.51 107.764 60.0 雨 0
107.764 108.018 60.0 为 0
108.018 108.527 62.0 - 0
108.527 108.781 64.0 爱 0
108.781 109.035 62.0 感 0
109.035 109.48 64.0 - 0
109.544 110.116 55.0 应 1
110.305 110.559 60.0 若 0
110.559 110.813 62.0 是 0
110.813 111.321 64.0 你 0
111.321 111.639 67.0 无 0
111.639 112.084 67.0 情 0
112.338 112.593 67.0 我 0
112.593 112.847 64.0 就 0
112.847 113.355 69.0 化 0
113.355 113.61 69.0 作 0
113.61 113.864 67.0 流 0
113.864 114.372 64.0 星 1
114.802 115.056 62.0 划 0
115.056 115.31 64.0 过 0
115.31 115.564 67.0 你 0
115.564 115.819 67.0 的 0
115.819 116.073 69.0 - 0
116.327 116.836 57.0 梦 0
116.836 119.632 60.0 境 1
134.708 134.963 55.0 我 0
134.963 135.217 57.0 只 0
135.217 135.471 64.0 想 0
135.471 135.725 64.0 要 0
135.725 135.979 64.0 一 0
135.979 136.234 62.0 颗 0
136.234 136.615 62.0 纯 0
136.615 136.996 60.0 净 0
136.996 137.251 57.0 的 0
137.251 138.268 64.0 心 1
138.691 138.945 55.0 象 0
138.945 139.2 57.0 是 0
139.2 139.454 67.0 一 0
139.454 139.708 67.0 颗 0
139.708 139.962 67.0 远 0
139.962 140.217 69.0 离 0
140.217 140.471 67.0 尘 0
140.471 140.725 64.0 世 0
140.725 140.979 62.0 的 0
140.979 141.233 60.0 水 0
141.233 142.505 62.0 晶 1
143.089 143.343 62.0 但 0
143.343 143.598 64.0 爱 0
143.598 143.852 62.0 恨 0
143.852 144.233 64.0 纠 0
144.233 144.869 67.0 缠 0
145.377 145.632 69.0 无 0
145.632 145.886 67.0 法 0
145.886 146.14 64.0 清 0
146.14 146.394 67.0 - 0
146.394 146.903 60.0 醒 1
147.288 147.542 57.0 早 0
147.542 147.797 55.0 已 0
147.797 148.051 57.0 失 0
148.051 148.305 64.0 去 0
148.305 148.686 62.0 最 0
148.686 149.068 64.0 初 0
149.068 149.322 62.0 的 0
149.322 149.576 62.0 原 0
149.576 150.085 60.0 - 0
150.085 152.754 60.0 型 1
152.898 153.153 60.0 别 0
153.153 153.407 62.0 说 0
153.407 153.915 64.0 女 0
153.915 154.297 67.0 人 0
154.297 154.932 67.0 心 0
155.187 155.441 64.0 是 0
155.441 155.949 69.0 海 0
155.949 156.203 67.0 底 0
156.203 156.966 64.0 针 1
157.6 157.854 62.0 摸 0
157.854 158.108 64.0 - 0
158.108 158.362 62.0 不 0
158.362 158.617 60.0 着 0
158.617 158.871 60.0 看 0
158.871 159.379 62.0 - 0
159.379 159.634 64.0 不 0
159.634 160.142 62.0 清 0
160.142 160.905 55.0 - 1
161.143 161.397 60.0 如 0
161.397 161.651 62.0 果 0
161.651 162.16 64.0 你 0
162.16 162.414 67.0 是 0
162.414 163.177 67.0 那 0
163.685 164.194 69.0 一 0
164.194 164.448 72.0 片 0
164.448 164.957 69.0 海 1
165.051 165.305 67.0 我 0
165.305 165.559 64.0 就 0
165.559 166.322 62.0 藏 0
166.322 166.576 64.0 在 0
166.576 166.83 62.0 你 0
166.83 167.085 60.0 - 0
167.085 167.593 60.0 的 0
167.593 168.61 62.0 心 1
169.148 169.402 60.0 等 0
169.402 169.656 62.0 着 0
169.656 170.165 64.0 你 0
170.165 170.546 67.0 靠 0
170.546 171.182 67.0 近 0
171.182 171.436 67.0 慢 0
171.436 171.69 64.0 慢 0
171.69 172.198 69.0 抱 0
172.198 172.58 67.0 - 0
172.58 173.215 64.0 紧 1
173.829 174.083 62.0 从 0
174.083 174.337 64.0 - 0
174.337 174.592 62.0 此 0
174.592 174.846 60.0 不 0
174.846 175.609 62.0 再 0
175.609 175.863 64.0 - 0
175.863 176.117 62.0 远 0
176.117 176.371 64.0 - 0
176.371 176.625 67.0 - 0
176.625 177.198 55.0 行 1
177.427 177.681 55.0 让 0
177.681 177.936 57.0 我 0
177.936 178.19 60.0 相 0
178.19 178.444 57.0 - 0
178.444 178.953 57.0 信 0
179.461 179.715 69.0 你 0
179.715 179.97 67.0 的 0
179.97 180.478 64.0 爱 1
180.487 180.741 64.0 不 0
180.741 180.996 67.0 是 0
180.996 181.25 62.0 浮 0
181.25 181.758 60.0 光 0
181.758 182.012 57.0 掠 0
182.012 184.809 60.0 影 1
185.441 185.695 60.0 别 0
185.695 185.949 62.0 说 0
185.949 186.458 64.0 女 0
186.458 186.776 67.0 人 0
186.776 187.475 67.0 心 0
187.729 187.983 64.0 是 0
187.983 188.492 69.0 天 0
188.492 188.746 67.0 边 0
188.746 189.509 64.0 云 1
190.145 190.399 62.0 捉 0
190.399 190.654 64.0 - 0
190.654 190.908 62.0 不 0
190.908 191.162 60.0 住 0
191.162 191.416 60.0 飘 0
191.416 191.925 62.0 - 0
191.925 192.179 64.0 不 0
192.179 192.687 62.0 停 0
192.687 193.45 55.0 - 1
193.706 193.961 60.0 如 0
193.961 194.215 62.0 果 0
194.215 194.723 64.0 你 0
194.723 194.978 67.0 是 0
194.978 195.74 67.0 那 0
195.995 196.249 64.0 片 0
196.249 196.757 69.0 天 0
196.757 197.011 72.0 - 0
197.011 197.52 69.0 空 1
197.66 197.914 67.0 我 0
197.914 198.169 64.0 就 0
198.169 198.931 62.0 是 0
198.931 199.186 64.0 你 0
199.186 199.44 62.0 的 0
199.44 199.694 60.0 - 0
199.694 200.203 60.0 眼 0
200.203 201.22 62.0 睛 1
201.72 201.974 60.0 如 0
201.974 202.228 62.0 果 0
202.228 202.737 64.0 你 0
202.737 203.118 67.0 用 0
203.118 203.754 67.0 心 0
203.754 204.008 67.0 我 0
204.008 204.262 64.0 就 1
204.376 204.885 69.0 化 0
204.885 205.266 67.0 - 0
205.266 205.902 64.0 成 0
206.41 206.665 62.0 一 0
206.665 206.919 64.0 - 0
206.919 207.173 62.0 阵 0
207.173 207.427 60.0 雨 0
207.427 207.681 60.0 为 0
207.681 208.19 62.0 - 0
208.19 208.444 64.0 爱 0
208.444 208.698 62.0 感 0
208.698 209.143 64.0 - 0
209.207 209.779 55.0 应 1
209.959 210.213 60.0 若 0
210.213 210.467 62.0 是 0
210.467 210.976 64.0 你 0
210.976 211.293 67.0 无 0
211.293 211.738 67.0 情 0
211.993 212.247 67.0 我 0
212.247 212.501 64.0 就 0
212.501 213.009 69.0 化 0
213.009 213.264 69.0 作 0
213.264 213.518 67.0 流 0
213.518 214.026 64.0 星 1
214.438 214.692 62.0 划 0
214.692 214.946 64.0 过 0
214.946 215.201 67.0 你 0
215.201 215.455 67.0 的 0
215.455 215.709 69.0 - 0
215.963 216.472 57.0 梦 0
216.472 217.997 60.0 境 1
218.049 218.303 60.0 若 0
218.303 218.558 62.0 是 0
218.558 219.066 64.0 你 0
219.066 219.384 67.0 无 0
219.384 219.829 67.0 情 0
220.21 220.464 67.0 我 0
220.464 220.719 64.0 就 0
220.719 221.227 69.0 化 0
221.227 221.481 69.0 作 0
221.481 221.799 67.0 流 0
221.799 222.181 64.0 星 1
222.753 223.134 62.0 划 0
223.134 223.515 64.0 过 0
223.515 223.897 67.0 你 0
223.897 224.278 67.0 的 0
224.278 224.787 69.0 - 0
225.422 226.566 57.0 梦 0
226.821 229.744 60.0 境 1
