20.121 20.48 59.0 我 0
20.602 21.081 59.0 只 0
21.083 21.442 61.0 是 0
21.564 22.284 63.0 渔 0
22.286 23.487 66.0 火 1
23.845 24.204 68.0 你 0
24.326 24.805 68.0 是 0
24.807 25.166 63.0 泡 0
25.289 26.402 66.0 沫 1
27.862 28.277 68.0 运 0
28.338 28.813 68.0 河 0
28.815 29.17 63.0 上 0
29.291 29.777 66.0 的 0
29.779 30.264 63.0 起 0
30.266 30.752 61.0 落 1
31.248 31.612 61.0 惹 0
31.736 32.1 59.0 起 0
32.224 32.709 59.0 了 0
32.711 33.186 63.0 烟 0
33.188 34.138 61.0 波 1
35.586 35.941 59.0 我 0
36.062 36.552 59.0 只 0
36.554 37.043 61.0 能 0
37.045 37.843 63.0 漂 0
37.845 38.949 66.0 泊 1
39.42 39.838 68.0 你 0
39.9 40.378 68.0 只 0
40.38 40.798 63.0 能 0
40.86 41.938 66.0 破 1
43.155 43.573 68.0 念 0
43.635 44.113 68.0 一 0
44.115 44.473 63.0 首 0
44.595 45.013 66.0 枫 0
45.075 45.493 63.0 桥 0
45.555 46.033 61.0 夜 0
46.035 46.453 59.0 泊 1
46.695 47.061 59.0 我 0
47.186 47.553 56.0 再 0
47.678 48.168 59.0 不 0
48.17 48.66 59.0 是 0
48.662 49.52 59.0 我 1
50.45 50.865 59.0 一 0
50.926 51.281 61.0 刹 0
51.283 51.877 63.0 那 0
51.879 52.353 68.0 的 0
52.355 52.829 66.0 寄 0
52.831 53.781 63.0 托 1
54.285 54.774 59.0 有 0
54.776 55.143 56.0 甚 0
55.145 55.881 59.0 N 0
55.883 56.188 61.0 结 0
56.252 57.602 63.0 果 1
57.927 58.294 56.0 帘 0
58.296 58.774 59.0 外 0
58.776 59.014 56.0 骤 0
59.016 59.614 59.0 雨 0
59.976 60.214 71.0 哀 0
60.216 60.694 70.0 悼 0
60.696 61.174 71.0 我 0
61.176 61.654 66.0 们 0
61.656 62.134 63.0 脆 0
62.136 63.814 68.0 弱 0
63.816 65.435 66.0 - 1
65.797 66.046 66.0 爱 0
66.048 66.555 68.0 只 0
66.557 66.872 63.0 是 0
66.875 67.635 66.0 爱 1
67.858 68.11 66.0 伟 0
68.112 68.364 68.0 大 0
68.366 68.619 71.0 的 0
68.621 68.873 68.0 爱 0
68.875 69.063 66.0 情 0
69.129 69.381 63.0 到 0
69.383 69.636 61.0 头 0
69.638 69.89 59.0 来 0
69.892 70.144 61.0 也 0
70.146 70.398 63.0 只 0
70.527 70.78 56.0 是 0
70.909 71.415 59.0 爱 1
71.866 72.118 61.0 碧 0
72.12 72.372 63.0 空 0
72.374 72.626 66.0 尽 0
72.628 72.881 63.0 的 0
72.883 73.135 61.0 深 0
73.137 73.389 59.0 处 0
73.391 73.643 61.0 谁 0
73.645 73.898 63.0 也 0
73.9 74.152 66.0 不 0
74.154 74.597 68.0 曾 0
74.662 74.978 63.0 存 0
74.98 75.614 66.0 在 1
75.935 76.187 63.0 追 0
76.189 76.568 61.0 怀 0
76.697 77.077 63.0 追 0
77.079 77.712 59.0 怀 1
78.05 78.303 63.0 还 0
78.305 78.561 61.0 逃 0
78.563 78.69 59.0 不 0
78.822 79.078 59.0 过 0
79.081 79.337 56.0 要 0
79.339 79.596 59.0 置 0
79.598 79.854 61.0 身 0
79.856 80.113 63.0 事 0
80.115 80.372 61.0 - 0
80.374 81.018 61.0 外 1
81.173 81.429 54.0 偶 0
81.431 81.688 59.0 遇 0
81.69 81.946 61.0 而 0
81.948 82.205 63.0 来 0
82.207 82.463 66.0 互 0
82.466 82.976 68.0 相 0
82.978 83.297 63.0 依 0
83.299 83.874 66.0 赖 1
84.226 84.48 66.0 河 0
84.482 84.732 68.0 上 0
84.734 84.984 71.0 的 0
84.986 85.236 68.0 船 0
85.238 85.488 66.0 儿 0
85.49 85.74 63.0 总 0
85.742 85.992 61.0 不 0
85.995 86.245 59.0 能 0
86.247 86.497 61.0 永 0
86.499 86.945 63.0 不 0
87.012 87.266 56.0 离 0
87.268 88.035 59.0 开 1
88.353 88.543 61.0 蜿 0
88.609 88.863 63.0 蜒 0
88.865 89.12 66.0 的 0
89.122 89.376 63.0 泡 0
89.378 89.633 61.0 影 0
89.635 89.889 59.0 到 0
89.891 90.145 61.0 底 0
90.147 90.402 63.0 离 0
90.404 90.658 66.0 不 0
90.66 90.91 66.0 开 0
90.912 91.415 68.0 - 1
91.56 91.81 68.0 人 0
91.812 92.062 66.0 山 0
92.064 92.314 63.0 与 0
92.316 92.566 68.0 人 0
92.568 93.083 66.0 海 1
93.645 93.901 66.0 无 0
93.903 94.16 68.0 奈 0
94.162 94.418 71.0 浪 0
94.42 94.677 68.0 淘 0
94.679 94.95 71.0 一 0
94.952 95.222 68.0 浪 0
95.225 95.495 66.0 又 0
95.497 95.972 68.0 一 0
96.043 96.45 63.0 浪 1
96.471 96.742 63.0 也 0
96.744 97.014 61.0 不 0
97.017 97.287 63.0 过 0
97.289 97.56 66.0 只 0
97.562 97.833 63.0 为 0
97.835 98.105 61.0 一 0
98.108 98.514 59.0 次 0
98.926 99.441 56.0 澎 0
99.443 101.32 59.0 湃 1
114.956 115.377 59.0 河 0
115.44 115.74 61.0 流 0
115.742 116.405 63.0 上 0
116.407 116.889 68.0 的 0
116.891 117.381 66.0 泼 0
117.383 118.365 63.0 墨 1
118.673 119.148 59.0 模 0
119.15 119.505 56.0 糊 0
119.507 120.219 59.0 了 0
120.221 120.517 61.0 轮 0
120.578 121.929 63.0 廓 1
122.276 122.642 56.0 你 0
122.644 123.122 59.0 不 0
123.124 123.362 56.0 属 0
123.364 123.962 59.0 我 0
124.324 124.562 71.0 我 0
124.564 125.042 70.0 有 0
125.044 125.282 71.0 甚 0
125.284 125.882 66.0 N 0
126.244 126.482 63.0 把 0
126.484 128.204 68.0 握 0
128.206 129.848 66.0 - 1
130.154 130.404 66.0 爱 0
130.406 130.908 68.0 只 0
130.91 131.223 63.0 是 0
131.226 131.98 66.0 爱 1
132.26 132.51 66.0 伟 0
132.512 132.762 68.0 大 0
132.764 133.014 71.0 的 0
133.016 133.266 68.0 爱 0
133.268 133.455 66.0 情 0
133.52 133.775 63.0 到 0
133.777 134.031 61.0 头 0
134.033 134.288 59.0 来 0
134.29 134.544 61.0 也 0
134.546 134.798 63.0 只 0
134.927 135.18 56.0 是 0
135.309 135.815 59.0 爱 1
136.374 136.626 61.0 碧 0
136.628 136.88 63.0 空 0
136.882 137.134 66.0 尽 0
137.136 137.389 63.0 的 0
137.391 137.643 61.0 深 0
137.645 137.897 59.0 处 0
137.899 138.151 61.0 谁 0
138.153 138.406 63.0 也 0
138.408 138.66 66.0 不 0
138.662 139.105 68.0 曾 0
139.17 139.486 63.0 存 0
139.488 140.122 66.0 在 1
140.362 140.614 63.0 追 0
140.616 140.995 61.0 怀 0
141.124 141.504 63.0 追 0
141.506 142.139 59.0 怀 1
142.491 142.744 63.0 还 0
142.746 143.002 61.0 逃 0
143.004 143.131 59.0 不 0
143.263 143.519 59.0 过 0
143.522 143.778 56.0 要 0
143.78 144.037 59.0 置 0
144.039 144.295 61.0 身 0
144.297 144.554 63.0 事 0
144.556 144.813 61.0 - 0
144.815 145.454 61.0 外 1
145.602 145.848 54.0 偶 0
145.85 146.1 59.0 遇 0
146.102 146.352 61.0 而 0
146.354 146.604 63.0 来 0
146.606 146.856 66.0 互 0
146.858 147.365 68.0 相 0
147.367 147.682 63.0 依 0
147.684 148.254 66.0 赖 1
148.495 148.747 66.0 河 0
148.749 149.001 68.0 上 0
149.003 149.255 71.0 的 0
149.258 149.51 68.0 船 0
149.512 149.764 66.0 儿 0
149.766 150.018 63.0 总 0
150.02 150.272 61.0 不 0
150.275 150.527 59.0 能 0
150.529 150.781 61.0 永 0
150.783 151.226 56.0 不 0
151.291 151.544 56.0 离 0
151.546 152.306 59.0 开 1
152.534 152.722 61.0 蜿 0
152.788 153.04 63.0 蜒 0
153.042 153.294 66.0 的 0
153.296 153.548 63.0 泡 0
153.551 153.803 61.0 影 0
153.805 154.057 59.0 到 0
154.059 154.311 61.0 底 0
154.313 154.565 63.0 离 0
154.568 154.82 66.0 不 0
154.822 155.074 66.0 开 0
155.076 155.582 68.0 - 1
155.811 156.063 68.0 人 0
156.065 156.317 66.0 山 0
156.319 156.571 63.0 与 0
156.573 156.826 68.0 人 0
156.828 157.347 66.0 海 1
158.048 158.307 66.0 无 0
158.309 158.568 68.0 奈 0
158.57 158.828 71.0 浪 0
158.831 159.089 68.0 淘 0
159.092 159.357 71.0 一 0
159.359 159.625 68.0 浪 0
159.627 159.893 66.0 又 0
159.895 160.362 68.0 一 0
160.431 160.83 63.0 浪 1
160.918 161.183 63.0 也 0
161.185 161.442 61.0 不 0
161.444 161.7 63.0 过 0
161.703 161.959 66.0 只 0
161.961 162.218 63.0 为 0
162.22 162.67 61.0 一 0
162.737 163.058 59.0 次 0
163.763 164.269 56.0 澎 0
164.271 165.269 59.0 湃 1
165.508 165.756 54.0 寒 0
165.758 166.006 61.0 山 0
166.008 166.256 63.0 寺 0
166.258 166.756 66.0 建 0
166.758 167.131 63.0 於 0
167.133 167.569 61.0 云 0
167.633 168.756 63.0 外 1
169.529 169.777 54.0 依 0
169.779 170.027 61.0 然 0
170.029 170.277 63.0 为 0
170.279 170.652 66.0 世 0
170.654 171.027 63.0 人 0
171.029 171.215 61.0 爱 0
171.279 171.715 61.0 情 0
171.779 172.277 63.0 无 0
172.279 173.402 59.0 奈 1
173.42 173.606 59.0 凡 0
173.67 173.918 59.0 人 0
173.92 174.168 61.0 沉 0
174.17 174.543 63.0 默 0
174.545 174.918 66.0 的 0
174.92 175.543 70.0 参 0
175.545 176.543 66.0 拜 1
176.968 177.154 66.0 感 0
177.218 177.591 68.0 情 0
177.593 177.966 66.0 的 0
177.968 178.216 61.0 事 0
178.218 178.665 61.0 - 0
178.731 178.988 60.0 只 0
178.99 179.634 61.0 许 0
179.766 180.216 63.0 等 0
180.218 181.121 59.0 待 1
182.139 182.396 68.0 去 0
182.398 182.654 66.0 的 0
182.656 182.913 63.0 去 0
182.915 183.172 61.0 不 0
183.174 183.43 59.0 明 0
183.432 183.883 63.0 也 0
183.95 184.335 63.0 不 0
184.467 185.37 56.0 白 1
187.089 187.328 66.0 爱 0
187.33 187.824 68.0 只 0
187.826 188.196 63.0 是 0
188.26 189.012 66.0 爱 1
189.236 189.506 66.0 伟 0
189.509 189.777 68.0 大 0
189.779 190.047 71.0 的 0
190.049 190.317 68.0 爱 0
190.319 190.52 66.0 情 0
190.59 190.851 63.0 到 0
190.853 191.114 61.0 头 0
191.116 191.37 59.0 来 0
191.372 191.627 61.0 也 0
191.629 191.883 63.0 只 0
192.013 192.268 56.0 是 0
192.398 193.293 59.0 爱 1
193.346 193.6 61.0 碧 0
193.602 193.856 63.0 空 0
193.859 194.113 66.0 尽 0
194.115 194.369 63.0 的 0
194.371 194.626 61.0 深 0
194.628 194.882 59.0 处 0
194.884 195.138 61.0 谁 0
195.141 195.395 63.0 也 0
195.397 195.651 66.0 不 0
195.653 196.1 68.0 曾 0
196.166 196.485 63.0 存 0
196.551 197.19 66.0 在 1
197.435 197.69 63.0 追 0
197.692 198.074 61.0 怀 0
198.205 198.587 63.0 追 0
198.589 199.251 59.0 怀 1
199.478 199.744 63.0 还 0
199.746 199.998 61.0 逃 0
200.0 200.125 59.0 不 0
200.255 200.507 59.0 过 0
200.509 200.761 56.0 要 0
200.763 201.024 59.0 置 0
201.026 201.355 61.0 身 0
201.424 201.828 61.0 事 0
201.83 202.503 61.0 外 1
202.798 203.066 54.0 偶 0
203.068 203.336 59.0 遇 0
203.338 203.606 61.0 而 0
203.608 203.869 63.0 来 0
203.872 204.133 66.0 互 0
204.135 204.65 68.0 相 0
204.652 204.973 63.0 依 0
204.975 205.555 66.0 赖 1
205.894 206.151 66.0 河 0
206.153 206.399 68.0 上 0
206.401 206.647 71.0 的 0
206.649 206.894 68.0 船 0
206.897 207.142 66.0 儿 0
207.144 207.39 63.0 总 0
207.392 207.638 61.0 不 0
207.64 207.886 59.0 能 0
207.888 208.134 61.0 永 0
208.136 208.583 63.0 不 0
208.649 208.903 56.0 离 0
208.905 209.673 59.0 开 1
209.913 210.103 61.0 蜿 0
210.169 210.424 63.0 蜒 0
210.426 210.68 66.0 的 0
210.682 210.937 63.0 泡 0
210.939 211.193 61.0 影 0
211.195 211.449 59.0 到 0
211.452 211.706 61.0 底 0
211.708 211.962 63.0 离 0
211.964 212.219 66.0 不 0
212.221 212.469 66.0 开 0
212.471 212.969 68.0 - 1
213.235 213.483 68.0 人 0
213.485 213.733 66.0 山 0
213.735 213.983 63.0 与 0
213.985 214.233 68.0 人 0
214.235 214.759 66.0 海 1
215.328 215.589 66.0 无 0
215.592 215.853 68.0 奈 0
215.855 216.116 71.0 浪 0
216.118 216.379 68.0 淘 0
216.381 216.649 71.0 一 0
216.651 216.919 68.0 浪 0
216.922 217.19 66.0 又 0
217.192 217.663 68.0 一 0
217.732 218.136 63.0 浪 1
218.173 218.441 63.0 也 0
218.443 218.711 61.0 不 0
218.713 218.982 63.0 过 0
218.984 219.252 66.0 只 0
219.254 219.522 63.0 为 0
219.524 219.995 61.0 一 0
219.997 220.853 59.0 次 1
221.176 221.674 56.0 澎 0
221.676 222.674 59.0 湃 1
224.329 224.577 66.0 那 0
224.704 225.264 68.0 海 0
225.266 225.764 66.0 市 0
225.891 226.327 63.0 蜃 0
226.329 226.639 59.0 楼 0
226.641 227.202 56.0 - 0
227.266 228.639 66.0 只 0
229.954 230.628 58.0 是 0
230.766 232.851 59.0 爱 1
