43.601 44.028 63.0 心 0
44.028 44.455 61.0 里 0
44.455 44.882 56.0 太 0
44.882 45.096 52.0 多 0
45.096 45.739 51.0 苦 0
45.739 45.954 49.0 太 0
45.954 46.383 51.0 委 0
46.383 46.813 52.0 屈 0
47.053 47.48 54.0 就 0
47.48 47.693 54.0 痛 0
47.693 48.12 54.0 快 0
48.12 48.334 52.0 哭 0
48.334 48.76 56.0 一 0
48.76 49.406 54.0 场 0
50.29 50.718 63.0 说 0
50.718 51.146 61.0 - 0
51.146 51.574 56.0 他 0
51.574 51.789 52.0 对 0
51.789 52.431 51.0 你 0
52.431 52.645 49.0 好 0
52.645 53.073 51.0 对 0
53.073 53.716 52.0 你 0
53.809 54.238 54.0 疼 0
54.238 54.453 54.0 眼 0
54.453 54.883 54.0 神 0
54.883 55.097 56.0 中 0
55.097 55.527 57.0 却 0
55.527 56.386 56.0 迷 0
56.785 57.0 56.0 惘 0
57.0 57.214 56.0 这 0
57.214 57.641 56.0 是 0
57.641 57.854 54.0 怕 0
57.854 58.281 54.0 朋 0
58.652 58.866 54.0 友 0
58.866 59.296 64.0 会 0
59.296 59.727 63.0 担 0
59.727 59.943 61.0 心 0
59.943 60.373 63.0 难 0
60.382 60.598 61.0 过 0
60.598 61.026 59.0 才 0
61.026 61.454 56.0 微 0
61.454 61.668 59.0 笑 0
61.668 62.096 61.0 着 0
62.096 62.31 52.0 说 0
62.31 62.952 52.0 - 0
63.69 63.904 56.0 谎 0
63.904 64.118 56.0 或 0
64.118 64.547 56.0 用 0
64.547 64.761 54.0 情 0
64.761 65.189 54.0 太 0
65.508 65.722 54.0 深 0
65.722 66.151 56.0 早 0
66.151 66.365 54.0 分 0
66.365 66.794 59.0 不 0
66.794 67.008 57.0 清 0
67.008 67.437 57.0 - 0
67.437 68.939 56.0 真 0
70.887 71.315 63.0 相 0
71.315 71.744 61.0 当 0
71.744 72.172 56.0 你 0
72.172 72.387 52.0 把 0
72.387 73.029 51.0 一 0
73.029 73.244 49.0 切 0
73.244 73.672 51.0 全 0
73.672 74.101 52.0 做 0
74.411 74.84 54.0 到 0
74.84 75.054 54.0 他 0
75.054 75.483 54.0 希 0
75.483 75.697 52.0 望 0
75.697 76.125 56.0 的 0
76.125 76.768 54.0 模 0
77.837 78.265 63.0 样 0
78.265 78.694 61.0 他 0
78.694 79.122 56.0 又 0
79.122 79.337 52.0 真 0
79.337 79.98 51.0 的 0
79.98 80.194 49.0 实 0
80.194 80.622 51.0 现 0
80.622 81.051 52.0 几 0
81.202 81.631 54.0 次 0
81.631 81.845 54.0 承 0
81.845 82.274 54.0 诺 0
82.274 82.488 56.0 过 0
82.488 82.917 56.0 那 0
82.917 83.774 56.0 些 0
84.332 84.547 56.0 话 0
84.547 84.761 56.0 说 0
84.761 85.189 56.0 的 0
85.189 85.404 54.0 没 0
85.404 85.832 54.0 有 0
86.234 86.448 54.0 错 0
86.448 86.877 64.0 为 0
86.877 87.305 63.0 相 0
87.305 87.52 61.0 爱 0
87.52 88.002 63.0 的 0
88.002 88.162 61.0 人 0
88.194 88.623 61.0 受 0
88.623 88.837 59.0 些 0
88.837 89.052 56.0 苦 0
89.052 89.266 59.0 又 0
89.266 89.694 61.0 何 0
89.694 89.909 52.0 - 0
89.909 90.552 52.0 妨 0
91.132 91.347 56.0 他 0
91.347 91.561 56.0 - 0
91.561 91.99 56.0 爱 0
91.99 92.204 54.0 不 0
92.204 92.632 54.0 爱 0
93.1 93.314 54.0 你 0
93.314 93.529 56.0 想 0
93.529 93.958 54.0 一 0
94.172 94.601 59.0 想 0
94.601 94.815 57.0 再 0
94.815 96.745 56.0 回 0
97.211 97.64 56.0 答 0
97.64 98.069 64.0 好 0
98.069 98.497 64.0 男 0
98.497 98.926 63.0 人 0
98.926 99.141 61.0 不 0
99.141 99.784 63.0 会 0
99.784 100.213 61.0 让 0
100.213 100.642 63.0 心 0
100.642 100.856 61.0 爱 0
100.856 101.499 63.0 的 0
101.499 101.928 64.0 女 0
101.928 102.357 64.0 人 0
102.357 102.786 61.0 受 0
102.786 103.215 61.0 一 0
103.215 103.429 59.0 点 0
103.429 103.858 61.0 点 0
104.04 104.469 54.0 伤 0
104.469 104.898 66.0 绝 0
104.898 105.327 64.0 不 0
105.327 105.756 64.0 会 0
105.756 105.97 63.0 像 0
105.97 106.399 63.0 阵 0
106.399 106.614 61.0 风 0
106.631 107.059 61.0 东 0
107.059 107.488 61.0 飘 0
107.488 107.703 59.0 西 0
107.703 108.346 59.0 荡 0
108.346 108.775 57.0 在 0
108.775 109.204 57.0 温 0
109.204 109.632 56.0 柔 0
109.632 110.061 54.0 里 0
110.061 110.276 57.0 流 0
110.276 110.705 56.0 浪 0
110.92 111.349 56.0 好 0
111.349 111.778 68.0 男 0
111.778 112.207 64.0 人 0
112.207 112.635 63.0 不 0
112.635 112.85 61.0 会 0
112.85 113.493 63.0 让 0
113.497 113.926 61.0 等 0
113.926 114.355 63.0 待 0
114.355 114.569 61.0 的 0
114.569 114.998 63.0 情 0
114.998 115.427 64.0 人 0
115.581 116.01 64.0 心 0
116.01 116.439 61.0 越 0
116.439 116.868 61.0 来 0
116.868 117.082 59.0 越 0
117.082 118.154 61.0 慌 0
118.345 118.559 64.0 孤 0
118.559 118.774 64.0 单 0
118.774 118.988 64.0 单 0
118.988 119.417 64.0 看 0
119.417 119.631 63.0 不 0
119.631 120.275 63.0 见 0
120.356 120.57 61.0 幸 0
120.57 120.784 61.0 福 0
120.784 121.213 61.0 会 0
121.213 121.642 59.0 来 0
121.642 121.857 64.0 的 0
121.857 122.232 63.0 方 0
122.285 122.5 61.0 - 0
122.5 125.502 61.0 向 0
153.347 153.775 63.0 心 0
153.775 154.204 61.0 - 0
154.204 154.633 52.0 里 0
154.633 154.847 52.0 太 0
154.847 155.49 51.0 多 0
155.49 155.704 49.0 苦 0
155.704 156.133 51.0 太 0
156.133 156.561 52.0 委 0
156.736 157.164 54.0 屈 0
157.164 157.379 54.0 就 0
157.379 157.807 54.0 痛 0
157.861 158.075 52.0 快 0
158.075 158.504 56.0 哭 0
158.504 159.147 54.0 一 0
160.102 160.53 63.0 场 0
160.53 160.959 61.0 说 0
160.959 161.388 56.0 他 0
161.388 161.602 52.0 对 0
161.602 162.031 51.0 你 0
162.245 162.459 49.0 好 0
162.459 162.888 51.0 对 0
162.888 163.317 52.0 你 0
163.601 164.03 54.0 疼 0
164.03 164.244 54.0 眼 0
164.244 164.619 54.0 神 0
164.619 164.887 56.0 中 0
164.887 165.316 57.0 却 0
165.316 165.96 56.0 迷 0
166.539 166.753 56.0 惘 0
166.753 166.968 56.0 这 0
166.968 167.397 54.0 是 0
167.397 167.611 54.0 怕 0
167.611 168.04 54.0 朋 0
168.465 168.679 54.0 友 0
168.679 169.108 64.0 会 0
169.108 169.537 61.0 担 0
169.537 169.751 61.0 心 0
169.751 170.18 63.0 难 0
170.298 170.512 61.0 过 0
170.512 170.941 59.0 才 0
170.941 171.37 56.0 微 0
171.37 171.584 59.0 笑 0
171.584 172.012 61.0 着 0
172.012 172.227 52.0 说 0
172.227 172.87 52.0 谎 0
173.412 173.627 56.0 或 0
173.627 173.841 56.0 - 0
173.841 174.27 56.0 用 0
174.27 174.484 54.0 情 0
174.484 174.912 54.0 太 0
175.282 175.496 54.0 深 0
175.496 175.925 56.0 早 0
175.925 176.139 54.0 分 0
176.139 176.568 59.0 不 0
176.568 176.782 57.0 清 0
176.782 177.211 57.0 - 0
177.211 178.926 56.0 真 0
180.74 181.169 63.0 相 0
181.169 181.598 61.0 当 0
181.598 182.027 56.0 你 0
182.027 182.241 52.0 把 0
182.241 182.885 51.0 一 0
182.885 183.099 49.0 切 0
183.099 183.528 51.0 全 0
183.528 183.957 52.0 做 0
184.245 184.674 54.0 到 0
184.674 184.888 54.0 他 0
184.888 185.317 54.0 希 0
185.317 185.531 52.0 望 0
185.531 185.96 54.0 的 0
185.96 186.602 54.0 模 0
187.505 187.934 63.0 样 0
187.934 188.362 61.0 他 0
188.362 188.791 56.0 又 0
188.791 189.005 52.0 真 0
189.005 189.648 51.0 的 0
189.648 189.863 49.0 实 0
189.863 190.291 51.0 现 0
190.291 190.72 52.0 几 0
191.051 191.48 54.0 次 0
191.48 191.694 54.0 承 0
191.694 192.123 54.0 诺 0
192.123 192.337 56.0 过 0
192.337 192.766 57.0 那 0
192.766 193.409 56.0 些 0
193.973 194.187 56.0 话 0
194.187 194.402 56.0 说 0
194.402 194.83 56.0 的 0
194.83 195.045 54.0 没 0
195.045 195.474 54.0 有 0
195.931 196.145 54.0 错 0
196.145 196.574 64.0 为 0
196.574 197.003 63.0 相 0
197.003 197.217 61.0 爱 0
197.217 197.86 63.0 的 0
197.906 198.335 61.0 人 0
198.335 198.55 59.0 受 0
198.55 198.764 56.0 些 0
198.764 198.978 59.0 苦 0
198.978 199.407 61.0 又 0
199.407 199.622 52.0 何 0
199.622 200.265 52.0 妨 0
200.814 201.029 56.0 他 0
201.029 201.243 56.0 - 0
201.243 201.672 56.0 爱 0
201.672 201.886 54.0 不 0
201.886 202.315 54.0 爱 0
202.745 202.959 54.0 你 0
202.959 203.174 56.0 想 0
203.174 203.817 54.0 一 0
203.817 204.245 59.0 想 0
204.245 204.459 57.0 再 0
204.459 206.388 56.0 回 0
206.87 207.298 56.0 答 0
207.298 207.727 68.0 好 0
207.727 208.155 64.0 男 0
208.155 208.584 63.0 人 0
208.584 208.799 61.0 不 0
208.799 209.442 63.0 会 0
209.48 209.694 61.0 让 0
209.694 210.337 63.0 心 0
210.337 210.552 61.0 爱 0
210.552 210.981 63.0 的 0
210.981 211.624 64.0 女 0
211.629 212.058 64.0 人 0
212.058 212.487 61.0 受 0
212.487 212.916 61.0 一 0
212.916 213.13 59.0 点 0
213.13 213.559 61.0 点 0
213.679 214.107 54.0 伤 0
214.107 214.536 66.0 绝 0
214.536 214.964 64.0 不 0
214.964 215.393 64.0 会 0
215.393 215.607 63.0 像 0
215.607 216.25 63.0 阵 0
216.327 216.755 61.0 风 0
216.755 217.184 61.0 东 0
217.184 217.398 59.0 飘 0
217.398 218.041 59.0 西 0
218.041 218.47 57.0 荡 0
218.47 218.898 57.0 在 0
218.898 219.326 56.0 温 0
219.326 219.754 54.0 柔 0
219.754 219.969 57.0 里 0
219.969 220.397 56.0 流 0
220.639 221.067 56.0 浪 0
221.067 221.496 68.0 好 0
221.496 221.924 64.0 男 0
221.924 222.352 63.0 人 0
222.352 222.567 61.0 不 0
222.567 223.209 63.0 会 0
223.25 223.678 61.0 让 0
223.678 224.107 63.0 等 0
224.107 224.321 61.0 待 0
224.321 224.749 63.0 的 0
224.749 225.178 64.0 情 0
225.364 225.793 64.0 人 0
225.793 226.221 61.0 心 0
226.221 226.65 61.0 越 0
226.65 226.865 59.0 来 0
226.865 227.937 61.0 越 0
228.123 228.338 64.0 慌 0
228.338 228.552 64.0 孤 0
228.552 228.767 64.0 单 0
228.767 229.195 64.0 单 0
229.195 229.41 63.0 看 0
229.41 230.053 63.0 不 0
230.08 230.294 61.0 见 0
230.294 230.509 61.0 幸 0
230.509 230.938 61.0 福 0
230.938 231.367 59.0 会 0
231.367 231.581 64.0 来 0
231.581 232.01 63.0 的 0
232.01 233.94 61.0 方 0
234.3 234.728 56.0 向 0
234.728 235.157 68.0 好 0
235.157 235.586 64.0 男 0
235.586 236.015 63.0 人 0
236.015 236.229 61.0 不 0
236.229 236.873 63.0 会 0
236.926 237.14 61.0 让 0
237.14 237.783 63.0 心 0
237.783 237.998 61.0 爱 0
237.998 238.427 63.0 的 0
238.427 238.855 64.0 女 0
238.987 239.416 64.0 人 0
239.416 239.845 61.0 受 0
239.845 240.273 61.0 一 0
240.273 240.488 59.0 点 0
240.488 240.917 61.0 点 0
241.073 241.502 54.0 伤 0
241.502 241.931 66.0 绝 0
241.931 242.36 64.0 不 0
242.36 242.788 64.0 会 0
242.788 243.003 63.0 像 0
243.003 243.646 63.0 阵 0
243.65 244.079 61.0 风 0
244.079 244.508 61.0 东 0
244.508 244.722 59.0 飘 0
244.722 245.366 59.0 西 0
245.366 245.794 57.0 荡 0
245.794 246.223 57.0 在 0
246.223 246.652 56.0 温 0
246.652 247.081 54.0 柔 0
247.081 247.295 57.0 里 0
247.295 247.724 56.0 流 0
248.003 248.431 56.0 浪 0
248.431 248.86 64.0 好 0
248.86 249.289 64.0 男 0
249.289 249.718 63.0 人 0
249.718 249.932 61.0 不 0
249.932 250.576 63.0 会 0
250.683 250.897 61.0 让 0
250.897 251.54 63.0 等 0
251.54 251.755 61.0 待 0
251.755 252.184 63.0 的 0
252.184 252.613 64.0 情 0
252.778 253.207 64.0 人 0
253.207 253.636 61.0 心 0
253.636 254.064 61.0 越 0
254.064 254.279 59.0 来 0
254.279 255.351 61.0 越 0
255.519 255.734 64.0 慌 0
255.734 255.948 64.0 孤 0
255.948 256.163 64.0 单 0
256.163 256.592 64.0 单 0
256.592 256.806 63.0 看 0
256.806 257.449 63.0 不 0
257.503 257.718 61.0 见 0
257.718 257.932 61.0 幸 0
257.932 258.361 61.0 福 0
258.361 258.79 59.0 会 0
258.79 259.004 64.0 来 0
259.004 259.433 63.0 的 0
259.433 263.07 61.0 方 0
