0.116 0.451 60.0 大 0
0.451 0.786 60.0 王 0
0.786 1.151 57.0 叫 0
1.151 1.517 57.0 我 0
1.517 2.248 67.0 来 0
2.248 2.978 64.0 巡 0
2.978 5.251 64.0 山 1
11.585 11.823 55.0 太 0
11.823 12.061 55.0 阳 0
12.061 12.299 55.0 对 0
12.299 12.538 55.0 我 0
12.538 13.014 55.0 眨 0
13.014 13.49 52.0 眼 0
13.49 14.918 55.0 睛 1
15.315 15.553 57.0 鸟 0
15.553 15.791 55.0 儿 0
15.791 16.029 52.0 唱 0
16.029 16.267 50.0 歌 0
16.267 16.743 52.0 给 0
16.743 17.219 45.0 我 0
17.219 18.648 48.0 听 1
19.047 19.761 57.0 我 0
19.761 20.0 60.0 是 0
20.0 20.476 57.0 一 0
20.476 20.952 55.0 个 0
20.952 21.666 57.0 努 0
21.666 21.904 60.0 力 0
21.904 22.38 57.0 干 0
22.38 22.619 55.0 活 1
22.666 22.904 55.0 还 0
22.912 23.142 57.0 不 0
23.142 23.38 55.0 粘 0
23.38 23.618 55.0 人 0
23.618 23.856 55.0 的 0
23.856 24.332 48.0 小 0
24.332 24.808 52.0 妖 0
24.808 25.761 50.0 精 1
26.835 27.073 55.0 别 0
27.073 27.311 55.0 问 0
27.311 27.549 55.0 我 0
27.549 27.788 55.0 从 0
27.788 28.264 55.0 哪 0
28.264 28.74 52.0 里 0
28.74 30.169 55.0 来 1
30.385 30.623 52.0 也 0
30.623 30.98 57.0 别 0
30.98 31.337 57.0 问 0
31.337 31.575 55.0 我 0
31.575 32.051 57.0 到 0
32.051 32.289 52.0 哪 0
32.289 32.527 50.0 里 0
32.527 33.004 52.0 去 0
33.004 33.48 48.0 - 1
34.441 35.156 57.0 我 0
35.156 35.394 60.0 要 0
35.394 35.87 57.0 摘 0
35.87 36.346 55.0 下 0
36.346 36.703 57.0 最 0
36.703 37.06 57.0 美 0
37.06 37.298 60.0 的 0
37.298 37.775 57.0 花 0
37.775 38.251 55.0 儿 1
38.27 38.508 67.0 献 0
38.508 38.746 67.0 给 0
38.746 38.984 67.0 我 0
38.984 39.222 67.0 的 0
39.222 39.698 55.0 小 0
39.698 40.175 62.0 公 0
40.175 40.651 57.0 举 0
40.651 41.603 60.0 - 1
43.876 44.114 60.0 大 0
44.114 44.352 57.0 王 0
44.352 44.59 57.0 叫 0
44.59 44.828 57.0 我 0
44.828 45.305 67.0 来 0
45.305 45.781 62.0 巡 0
45.781 47.209 64.0 山 1
47.646 47.884 57.0 我 0
47.884 48.122 52.0 把 0
48.122 48.36 57.0 人 0
48.36 48.598 57.0 间 0
48.598 49.074 62.0 转 0
49.074 49.55 57.0 一 0
49.55 50.979 55.0 转 1
51.482 51.72 57.0 打 0
51.72 51.958 57.0 起 0
51.958 52.196 55.0 我 0
52.196 52.434 57.0 的 0
52.434 52.673 52.0 鼓 0
52.673 53.149 55.0 - 1
53.464 53.702 55.0 敲 0
53.702 53.94 57.0 起 0
53.94 54.178 55.0 我 0
54.178 54.416 57.0 的 0
54.416 54.892 67.0 锣 0
54.892 55.369 64.0 - 1
55.394 55.632 62.0 生 0
55.632 55.87 62.0 活 0
55.87 56.108 62.0 充 0
56.108 56.346 60.0 满 0
56.346 56.822 67.0 节 0
56.822 57.298 67.0 奏 0
57.298 58.727 62.0 感 1
59.123 59.361 60.0 大 0
59.361 59.599 57.0 王 0
59.599 59.837 57.0 叫 0
59.837 60.076 57.0 我 0
60.076 60.552 67.0 来 0
60.552 61.028 62.0 巡 0
61.028 61.742 64.0 山 0
61.742 62.456 60.0 - 1
62.905 63.262 57.0 抓 0
63.262 63.381 55.0 个 0
63.381 63.619 57.0 和 0
63.619 63.857 57.0 尚 0
63.857 64.333 57.0 做 0
64.333 64.809 52.0 晚 0
64.809 65.762 55.0 餐 1
66.6 66.838 55.0 这 0
66.838 67.076 57.0 山 0
67.076 67.552 57.0 涧 0
67.552 67.791 57.0 的 0
67.791 68.267 52.0 水 1
68.638 68.995 57.0 无 0
68.995 69.352 55.0 比 0
69.352 69.59 57.0 的 0
69.59 70.066 67.0 甜 0
70.066 70.543 64.0 - 1
70.618 70.856 62.0 不 0
70.856 71.094 62.0 羡 0
71.094 71.332 62.0 鸳 0
71.332 71.57 60.0 鸯 0
71.57 72.046 64.0 不 0
72.046 72.522 64.0 羡 0
72.522 73.951 60.0 仙 1
82.074 82.312 55.0 太 0
82.312 82.55 55.0 阳 0
82.55 82.789 55.0 对 0
82.789 83.027 55.0 我 0
83.027 83.503 55.0 眨 0
83.503 83.979 52.0 眼 0
83.979 85.408 55.0 睛 1
85.737 85.975 57.0 鸟 0
85.975 86.213 55.0 儿 0
86.213 86.451 52.0 唱 0
86.451 86.689 50.0 歌 0
86.689 87.165 52.0 给 0
87.165 87.642 45.0 我 0
87.642 89.07 48.0 听 1
89.591 90.306 57.0 我 0
90.306 90.544 60.0 是 0
90.544 91.02 57.0 一 0
91.02 91.496 55.0 个 0
91.496 92.21 57.0 努 0
92.21 92.448 60.0 力 0
92.448 92.925 57.0 干 0
92.925 93.163 55.0 活 1
93.253 93.491 55.0 还 0
93.491 93.729 57.0 不 0
93.729 93.967 55.0 粘 0
93.967 94.205 55.0 人 0
94.205 94.443 55.0 的 0
94.443 94.919 48.0 小 0
94.919 95.396 52.0 妖 0
95.396 96.348 50.0 精 1
97.231 97.469 55.0 别 0
97.469 97.708 55.0 问 0
97.708 97.946 55.0 我 0
97.946 98.184 55.0 从 0
98.184 98.66 55.0 哪 0
98.66 99.136 52.0 里 0
99.136 100.565 55.0 来 1
100.779 101.017 52.0 也 0
101.017 101.374 57.0 别 0
101.374 101.731 57.0 问 0
101.731 101.969 55.0 我 0
101.969 102.445 57.0 到 0
102.445 102.684 52.0 哪 0
102.684 102.922 50.0 里 0
102.922 103.398 52.0 去 0
103.398 103.874 48.0 - 1
104.849 105.564 57.0 我 0
105.564 105.802 60.0 要 0
105.802 106.278 57.0 摘 0
106.278 106.754 55.0 下 0
106.754 107.111 57.0 最 0
107.111 107.468 57.0 美 0
107.468 107.707 60.0 的 0
107.707 108.183 57.0 花 0
108.183 108.659 55.0 儿 1
108.747 108.985 67.0 献 0
108.985 109.223 67.0 给 0
109.223 109.461 67.0 我 0
109.461 109.699 67.0 的 0
109.699 110.175 55.0 小 0
110.175 110.652 62.0 公 0
110.652 111.128 57.0 举 0
111.128 112.08 60.0 - 1
114.441 114.679 60.0 大 0
114.679 114.917 57.0 王 0
114.917 115.155 57.0 叫 0
115.155 115.394 57.0 我 0
115.394 115.87 67.0 来 0
115.87 116.346 62.0 巡 0
116.346 117.774 64.0 山 1
118.101 118.339 57.0 我 0
118.339 118.577 52.0 把 0
118.577 118.815 57.0 人 0
118.815 119.053 57.0 间 0
119.053 119.529 62.0 转 0
119.529 120.005 57.0 一 0
120.005 121.434 55.0 转 1
122.07 122.308 57.0 打 0
122.308 122.546 57.0 起 0
122.546 122.784 55.0 我 0
122.784 123.023 57.0 的 0
123.023 123.261 52.0 鼓 0
123.261 123.737 55.0 - 1
123.929 124.167 55.0 敲 0
124.167 124.405 57.0 起 0
124.405 124.643 55.0 我 0
124.643 124.881 57.0 的 0
124.881 125.358 67.0 锣 0
125.358 125.834 64.0 - 1
125.894 126.132 62.0 生 0
126.132 126.37 62.0 活 0
126.37 126.608 62.0 充 0
126.608 126.846 60.0 满 0
126.846 127.322 67.0 节 0
127.322 127.798 67.0 奏 0
127.798 129.227 62.0 感 1
129.61 129.848 60.0 大 0
129.848 130.086 57.0 王 0
130.086 130.325 57.0 叫 0
130.325 130.563 57.0 我 0
130.563 131.039 67.0 来 0
131.039 131.515 62.0 巡 0
131.515 132.229 64.0 山 0
132.229 132.944 60.0 - 1
133.495 133.852 57.0 抓 0
133.852 133.971 55.0 个 0
133.971 134.209 57.0 和 0
134.209 134.447 57.0 尚 0
134.447 134.923 57.0 做 0
134.923 135.4 52.0 晚 0
135.4 136.352 55.0 餐 1
137.066 137.304 55.0 这 0
137.304 137.542 57.0 山 0
137.542 138.019 57.0 涧 0
138.019 138.257 57.0 的 0
138.257 138.733 52.0 水 1
139.081 139.438 57.0 无 0
139.438 139.795 55.0 比 0
139.795 140.033 57.0 的 0
140.033 140.51 67.0 甜 0
140.51 140.986 64.0 - 1
140.999 141.237 62.0 不 0
141.237 141.475 62.0 羡 0
141.475 141.713 62.0 鸳 0
141.713 141.951 60.0 鸯 0
141.951 142.427 64.0 不 0
142.427 142.904 62.0 羡 0
142.904 144.332 60.0 仙 1
160.072 160.31 60.0 大 0
160.31 160.549 57.0 王 0
160.549 160.787 57.0 叫 0
160.787 161.025 57.0 我 0
161.025 161.501 67.0 来 0
161.501 161.977 62.0 巡 0
161.977 163.406 64.0 山 1
163.964 164.202 57.0 我 0
164.202 164.44 52.0 把 0
164.44 164.678 57.0 人 0
164.678 164.916 57.0 间 0
164.916 165.392 62.0 转 0
165.392 165.869 57.0 一 0
165.869 167.297 55.0 转 1
167.696 167.935 57.0 打 0
167.935 168.173 57.0 起 0
168.173 168.411 55.0 我 0
168.411 168.649 57.0 的 0
168.649 168.887 52.0 鼓 0
168.887 169.363 55.0 - 1
169.628 169.866 55.0 敲 0
169.866 170.104 57.0 起 0
170.104 170.342 55.0 我 0
170.342 170.581 57.0 的 0
170.581 171.057 67.0 锣 0
171.057 171.533 64.0 - 1
171.595 171.833 62.0 生 0
171.833 172.071 62.0 活 0
172.071 172.309 62.0 充 0
172.309 172.547 60.0 满 0
172.547 173.024 67.0 节 0
173.024 173.5 67.0 奏 0
173.5 174.928 62.0 感 1
175.334 175.573 60.0 大 0
175.573 175.811 57.0 王 0
175.811 176.049 57.0 叫 0
176.049 176.287 57.0 我 0
176.287 176.763 67.0 来 0
176.763 177.239 62.0 巡 0
177.239 177.954 64.0 山 0
177.954 178.668 60.0 - 1
179.097 179.454 57.0 抓 0
179.454 179.573 55.0 个 0
179.573 179.811 57.0 和 0
179.811 180.049 57.0 尚 0
180.049 180.526 52.0 做 0
180.526 181.002 52.0 晚 0
181.002 181.954 55.0 餐 1
182.676 182.915 55.0 这 0
182.915 183.153 57.0 山 0
183.153 183.629 57.0 涧 0
183.629 183.867 57.0 的 0
183.867 184.343 52.0 水 1
184.748 185.105 57.0 无 0
185.105 185.463 55.0 比 0
185.463 185.701 57.0 的 0
185.701 186.177 67.0 甜 0
186.177 186.653 64.0 - 1
186.737 186.975 62.0 不 0
186.975 187.213 62.0 羡 0
187.213 187.451 62.0 鸳 0
187.451 187.689 60.0 鸯 0
187.689 188.166 64.0 不 0
188.166 188.642 64.0 羡 0
188.642 190.07 60.0 仙 1
190.52 190.758 60.0 大 0
190.758 190.996 57.0 王 0
190.996 191.234 57.0 叫 0
191.234 191.472 57.0 我 0
191.472 191.948 67.0 来 0
191.948 192.424 62.0 巡 0
192.424 193.853 64.0 山 1
194.304 194.542 57.0 我 0
194.542 194.78 52.0 把 0
194.78 195.018 57.0 人 0
195.018 195.256 57.0 间 0
195.256 195.733 62.0 转 0
195.733 196.209 57.0 一 0
196.209 197.637 55.0 转 1
198.208 198.446 57.0 打 0
198.446 198.684 57.0 起 0
198.684 198.922 55.0 我 0
198.922 199.16 57.0 的 0
199.16 199.398 52.0 鼓 0
199.398 199.874 55.0 - 1
200.028 200.266 57.0 敲 0
200.266 200.505 57.0 起 0
200.505 200.743 55.0 我 0
200.743 200.981 57.0 的 0
200.981 201.457 67.0 锣 0
201.457 201.933 64.0 - 1
201.966 202.204 62.0 生 0
202.204 202.442 62.0 活 0
202.442 202.68 62.0 充 0
202.68 202.919 60.0 满 0
202.919 203.395 67.0 节 0
203.395 203.871 67.0 奏 0
203.871 205.299 62.0 感 1
205.861 206.099 60.0 大 0
206.099 206.337 57.0 王 0
206.337 206.575 57.0 叫 0
206.575 206.813 57.0 我 0
206.813 207.289 67.0 来 0
207.289 207.765 62.0 巡 0
207.765 208.48 64.0 山 0
208.48 209.194 60.0 - 1
209.698 210.055 57.0 抓 0
210.055 210.174 55.0 个 0
210.174 210.412 57.0 和 0
210.412 210.651 57.0 尚 0
210.651 211.127 57.0 做 0
211.127 211.603 52.0 晚 0
211.603 212.555 55.0 餐 1
213.207 213.445 55.0 这 0
213.445 213.683 57.0 山 0
213.683 214.159 57.0 涧 0
214.159 214.397 57.0 的 0
214.397 214.873 52.0 水 1
215.263 215.621 57.0 无 0
215.621 215.978 55.0 比 0
215.978 216.216 57.0 的 0
216.216 216.692 67.0 甜 0
216.692 217.168 64.0 - 1
217.283 217.521 62.0 不 0
217.521 217.759 62.0 羡 0
217.759 217.997 62.0 鸳 0
217.997 218.236 60.0 鸯 0
218.236 218.712 64.0 不 0
218.712 219.188 64.0 羡 0
219.188 220.617 60.0 仙 1
