23.23 23.511 57.0 听 0
23.511 23.652 59.0 说 0
23.652 23.948 60.0 白 0
23.948 24.096 59.0 雪 0
24.096 24.317 60.0 公 0
24.317 24.539 59.0 主 0
24.539 24.982 57.0 在 0
24.982 25.204 64.0 逃 0
25.204 25.632 62.0 跑 1
26.687 26.963 57.0 小 0
26.963 27.101 59.0 红 0
27.101 27.389 60.0 帽 0
27.389 27.534 59.0 在 0
27.534 27.75 60.0 担 0
27.75 27.966 59.0 心 0
27.966 28.399 57.0 大 0
28.399 28.615 57.0 灰 0
28.615 29.256 52.0 狼 1
30.172 30.456 57.0 听 0
30.456 30.597 59.0 说 0
30.597 30.891 60.0 疯 0
30.891 31.037 59.0 帽 0
31.037 31.257 60.0 喜 0
31.257 31.477 59.0 欢 0
31.477 31.917 57.0 爱 0
31.917 32.137 64.0 丽 0
32.137 32.567 67.0 丝 1
33.622 33.831 64.0 丑 0
33.831 34.041 64.0 小 0
34.041 34.329 62.0 鸭 0
34.329 34.473 60.0 会 0
34.473 34.69 62.0 变 0
34.69 34.906 60.0 成 0
34.906 35.339 62.0 白 0
35.339 35.555 60.0 天 0
35.555 36.194 59.0 鹅 1
36.99 37.272 57.0 听 0
37.272 37.413 59.0 说 0
37.413 37.708 60.0 彼 0
37.708 37.856 59.0 得 0
37.856 38.078 60.0 潘 0
38.078 38.299 59.0 总 0
38.299 38.743 57.0 长 0
38.743 38.964 64.0 不 0
38.964 39.393 62.0 大 1
40.339 40.615 57.0 杰 0
40.615 40.753 59.0 克 0
40.753 41.049 60.0 他 0
41.049 41.196 59.0 有 0
41.196 41.418 60.0 竖 0
41.418 41.639 59.0 琴 0
41.639 42.083 57.0 和 0
42.083 42.304 57.0 魔 0
42.304 42.939 52.0 法 1
43.85 44.057 57.0 听 0
44.057 44.264 59.0 说 0
44.264 44.487 60.0 森 0
44.487 44.71 59.0 林 0
44.71 44.933 60.0 里 0
44.933 45.156 59.0 有 0
45.156 45.601 57.0 糖 0
45.601 45.824 64.0 果 0
45.824 46.324 67.0 屋 1
47.161 47.369 64.0 灰 0
47.369 47.577 64.0 姑 0
47.577 47.785 67.0 娘 0
47.785 48.001 66.0 丢 0
48.001 48.217 66.0 了 0
48.217 48.433 66.0 心 0
48.433 48.865 66.0 爱 0
48.865 49.081 64.0 的 0
49.081 49.297 66.0 玻 0
49.297 49.725 66.0 璃 0
49.725 50.362 64.0 鞋 1
50.774 50.987 64.0 只 0
50.987 51.199 64.0 有 0
51.199 51.494 69.0 睿 0
51.494 51.642 67.0 智 0
51.642 51.864 69.0 的 0
51.864 52.085 67.0 河 0
52.085 52.529 65.0 水 0
52.529 52.75 69.0 知 0
52.75 53.178 67.0 道 1
53.932 54.139 64.0 白 0
54.139 54.345 64.0 雪 0
54.345 54.552 64.0 是 0
54.552 54.769 66.0 因 0
54.769 54.986 66.0 为 0
54.986 55.203 66.0 贪 0
55.203 55.419 64.0 玩 0
55.419 55.636 66.0 跑 0
55.636 55.853 64.0 出 0
55.853 56.07 62.0 了 0
56.07 56.499 66.0 城 0
56.499 57.137 64.0 堡 1
57.45 57.663 64.0 小 0
57.663 57.875 64.0 红 0
57.875 58.098 69.0 帽 0
58.098 58.321 67.0 有 0
58.321 58.544 69.0 件 0
58.544 58.767 67.0 抑 0
58.767 59.213 65.0 制 0
59.213 59.436 69.0 自 0
59.436 59.864 67.0 己 1
61.033 61.238 64.0 变 0
61.238 61.443 64.0 成 0
61.443 61.881 62.0 狼 0
61.881 62.319 62.0 的 0
62.319 62.757 62.0 大 0
62.757 63.195 60.0 红 0
63.195 63.62 59.0 袍 1
63.984 64.408 64.0 总 0
64.408 64.833 62.0 有 0
64.833 65.267 60.0 一 0
65.267 65.7 57.0 条 0
65.7 66.134 60.0 蜿 0
66.134 66.568 62.0 蜒 1
66.6 67.019 64.0 在 0
67.019 67.437 67.0 童 0
67.437 67.856 64.0 话 0
67.856 68.275 62.0 镇 0
68.275 68.721 60.0 里 0
68.721 69.167 57.0 七 0
69.167 69.613 57.0 彩 0
69.613 70.059 55.0 的 0
70.059 70.676 52.0 河 1
71.201 71.406 60.0 沾 0
71.406 71.612 59.0 染 0
71.612 72.051 57.0 魔 0
72.051 72.489 55.0 法 0
72.489 72.928 57.0 的 0
72.928 73.367 60.0 乖 0
73.367 73.787 60.0 张 0
73.787 74.207 67.0 气 0
74.207 74.627 64.0 息 1
74.672 74.882 64.0 却 0
74.882 75.092 62.0 又 0
75.092 75.534 60.0 在 0
75.534 75.976 60.0 爱 0
75.976 76.418 60.0 里 0
76.418 76.86 57.0 曲 0
76.86 77.694 59.0 折 1
78.176 78.384 64.0 川 0
78.384 78.592 62.0 流 0
78.592 79.029 64.0 不 0
79.029 79.465 62.0 息 0
79.465 79.901 64.0 扬 0
79.901 80.337 67.0 起 0
80.337 80.757 69.0 水 0
80.757 81.177 67.0 花 1
81.179 81.39 67.0 又 0
81.39 81.81 67.0 卷 0
81.81 82.02 64.0 入 0
82.02 82.239 69.0 一 0
82.239 82.676 67.0 帘 0
82.676 82.895 65.0 时 0
82.895 83.333 67.0 光 0
83.333 83.77 65.0 入 0
83.77 84.4 64.0 水 1
84.954 85.164 62.0 让 0
85.164 85.374 64.0 所 0
85.374 85.811 65.0 有 0
85.811 86.248 64.0 很 0
86.248 86.685 62.0 久 0
86.904 87.122 57.0 很 0
87.122 87.545 64.0 久 0
87.545 87.757 62.0 以 0
87.757 88.18 60.0 前 1
88.248 88.459 60.0 都 0
88.459 88.671 60.0 走 0
88.671 88.882 60.0 到 0
88.882 89.099 59.0 幸 0
89.099 89.531 59.0 福 0
89.531 89.748 59.0 结 0
89.748 89.964 59.0 局 0
89.964 90.397 59.0 的 0
90.397 90.613 57.0 时 0
90.613 91.446 59.0 刻 1
107.26 107.472 57.0 听 0
107.472 107.683 59.0 说 0
107.683 107.903 60.0 睡 0
107.903 108.342 59.0 美 0
108.342 108.562 59.0 人 0
108.562 109.001 57.0 被 0
109.001 109.221 64.0 埋 0
109.221 109.649 62.0 藏 1
110.681 110.889 57.0 小 0
110.889 111.096 59.0 人 0
111.096 111.388 60.0 鱼 0
111.388 111.534 59.0 在 0
111.534 111.753 60.0 眺 0
111.753 111.971 59.0 望 0
111.971 112.409 57.0 金 0
112.409 112.628 59.0 殿 0
112.628 113.06 52.0 堂 1
114.057 114.271 57.0 听 0
114.271 114.484 59.0 说 0
114.484 114.699 60.0 阿 0
114.699 114.915 59.0 波 0
114.915 115.13 60.0 罗 0
115.13 115.345 59.0 变 0
115.345 115.776 57.0 成 0
115.776 115.991 64.0 金 0
115.991 116.627 67.0 乌 1
117.585 117.865 64.0 草 0
117.865 118.006 64.0 原 0
118.006 118.301 62.0 有 0
118.301 118.449 60.0 奔 0
118.449 118.745 62.0 跑 0
118.745 118.893 60.0 的 0
118.893 119.337 62.0 剑 0
119.337 119.559 60.0 齿 0
119.559 119.99 59.0 虎 1
121.108 121.387 57.0 听 0
121.387 121.526 59.0 说 0
121.526 121.815 60.0 匹 0
121.815 121.959 59.0 诺 0
121.959 122.176 60.0 曹 0
122.176 122.392 59.0 总 0
122.392 122.825 57.0 说 0
122.825 123.042 64.0 着 0
123.042 123.677 62.0 谎 1
124.423 124.632 57.0 侏 0
124.632 124.842 59.0 儒 0
124.842 125.064 60.0 怪 0
125.064 125.287 59.0 拥 0
125.287 125.509 60.0 有 0
125.509 125.732 59.0 宝 0
125.732 126.177 57.0 石 0
126.177 126.399 57.0 满 0
126.399 127.036 52.0 箱 1
127.852 128.059 57.0 听 0
128.059 128.266 59.0 说 0
128.266 128.483 60.0 悬 0
128.483 128.699 59.0 崖 0
128.699 128.916 60.0 有 0
128.916 129.132 59.0 颗 0
129.132 129.565 57.0 长 0
129.565 129.781 64.0 生 0
129.781 130.422 67.0 树 1
131.068 131.28 64.0 红 0
131.28 131.562 64.0 鞋 0
131.562 131.704 67.0 子 0
131.704 131.999 66.0 不 0
131.999 132.146 66.0 知 0
132.146 132.367 66.0 疲 0
132.367 132.81 66.0 倦 0
132.81 133.031 64.0 地 0
133.031 133.252 66.0 在 0
133.252 133.681 66.0 跳 0
133.681 134.304 64.0 舞 1
134.68 134.957 64.0 只 0
134.957 135.095 64.0 有 0
135.095 135.391 69.0 睿 0
135.391 135.539 67.0 智 0
135.539 135.761 69.0 的 0
135.761 135.983 67.0 河 0
135.983 136.427 65.0 水 0
136.427 136.648 69.0 知 0
136.648 137.282 67.0 道 1
137.923 138.129 64.0 睡 0
138.129 138.335 64.0 美 0
138.335 138.541 64.0 人 0
138.541 138.872 66.0 逃 0
138.872 139.203 66.0 避 0
139.203 139.424 64.0 了 0
139.424 139.645 66.0 生 0
139.645 139.866 64.0 活 0
139.866 140.086 62.0 的 0
140.086 140.516 66.0 煎 0
140.516 140.933 64.0 熬 1
141.603 141.812 64.0 小 0
141.812 142.021 64.0 人 0
142.021 142.314 69.0 鱼 0
142.314 142.461 67.0 把 0
142.461 142.68 69.0 阳 0
142.68 142.9 67.0 光 0
142.9 143.34 65.0 抹 0
143.34 143.56 69.0 成 0
143.56 143.989 67.0 眼 0
143.989 144.615 64.0 影 1
144.999 145.208 64.0 投 0
145.208 145.417 64.0 进 0
145.417 145.864 62.0 泡 0
145.864 146.31 62.0 沫 0
146.31 146.757 62.0 的 0
146.757 147.204 59.0 怀 0
147.204 147.611 59.0 抱 1
148.11 148.517 64.0 总 0
148.517 148.924 62.0 有 0
148.924 149.369 60.0 一 0
149.369 149.815 57.0 条 0
149.815 150.261 60.0 蜿 0
150.261 150.706 62.0 蜒 1
150.709 151.127 64.0 在 0
151.127 151.544 67.0 童 0
151.544 151.962 64.0 话 0
151.962 152.379 62.0 镇 0
152.379 152.829 60.0 里 0
152.829 153.278 57.0 七 0
153.278 153.727 57.0 彩 0
153.727 154.176 55.0 的 0
154.176 154.989 52.0 河 1
155.277 155.48 60.0 沾 0
155.48 155.683 59.0 染 0
155.683 156.124 57.0 魔 0
156.124 156.564 55.0 法 0
156.564 157.005 57.0 的 0
157.005 157.445 59.0 乖 0
157.445 157.868 60.0 张 0
157.868 158.291 67.0 气 0
158.291 158.714 64.0 息 1
158.835 159.046 64.0 却 0
159.046 159.258 62.0 又 0
159.258 159.692 60.0 在 0
159.692 160.126 60.0 爱 0
160.126 160.559 60.0 里 0
160.559 160.993 57.0 曲 0
160.993 161.203 57.0 折 0
161.203 161.623 59.0 - 1
162.147 162.357 64.0 川 0
162.357 162.567 62.0 流 0
162.567 163.004 62.0 不 0
163.004 163.441 62.0 息 0
163.441 163.878 64.0 扬 0
163.878 164.315 67.0 起 0
164.315 164.732 69.0 水 0
164.732 165.149 67.0 花 1
165.214 165.423 67.0 又 0
165.423 165.84 67.0 卷 0
165.84 166.049 64.0 入 0
166.049 166.271 67.0 一 0
166.271 166.716 67.0 帘 0
166.716 166.938 65.0 时 0
166.938 167.383 67.0 光 0
167.383 167.828 65.0 入 0
167.828 168.668 64.0 水 1
168.948 169.158 62.0 让 0
169.158 169.368 64.0 所 0
169.368 169.802 65.0 有 0
169.802 170.236 64.0 很 0
170.236 170.67 62.0 久 0
170.887 171.104 57.0 很 0
171.104 171.524 64.0 久 0
171.524 171.734 62.0 以 0
171.734 172.154 60.0 前 1
172.169 172.379 60.0 都 0
172.379 172.589 60.0 走 0
172.589 172.799 60.0 到 0
172.799 173.013 59.0 幸 0
173.013 173.441 59.0 福 0
173.441 173.655 59.0 结 0
173.655 173.869 59.0 局 0
173.869 174.297 59.0 的 0
174.297 174.51 57.0 时 0
174.51 174.729 57.0 刻 0
174.729 175.166 59.0 - 1
175.851 176.07 64.0 总 0
176.07 176.288 62.0 有 0
176.288 176.716 60.0 一 0
176.716 177.144 57.0 条 0
177.144 177.572 60.0 蜿 0
177.572 177.999 62.0 蜒 1
178.002 178.426 64.0 在 0
178.426 178.849 67.0 童 0
178.849 179.273 64.0 话 0
179.273 179.696 62.0 镇 0
179.696 180.136 60.0 里 0
180.136 180.575 57.0 梦 0
180.575 181.015 57.0 幻 0
181.015 181.455 55.0 的 0
181.455 182.084 52.0 河 1
182.767 182.977 60.0 分 0
182.977 183.187 59.0 隔 0
183.187 183.614 57.0 了 0
183.614 184.042 55.0 理 0
184.042 184.469 57.0 想 0
184.683 184.896 60.0 分 0
184.896 185.32 60.0 隔 0
185.32 185.744 67.0 现 0
185.744 186.168 64.0 实 1
186.195 186.407 64.0 又 0
186.407 186.619 62.0 在 0
186.619 186.836 60.0 前 0
186.836 187.268 62.0 方 0
187.268 187.485 60.0 的 0
187.485 187.701 62.0 山 0
187.701 188.133 60.0 口 0
188.133 188.35 57.0 汇 0
188.35 188.565 57.0 合 0
188.565 188.997 59.0 - 1
189.635 189.851 64.0 川 0
189.851 190.066 62.0 流 0
190.066 190.498 64.0 不 0
190.498 190.93 62.0 息 0
190.93 191.361 64.0 扬 0
191.361 191.793 67.0 起 0
191.793 192.21 69.0 水 0
192.21 192.628 67.0 花 1
192.639 192.847 67.0 又 0
192.847 193.265 67.0 卷 0
193.265 193.473 64.0 入 0
193.473 193.698 69.0 一 0
193.698 194.146 67.0 帘 0
194.146 194.37 65.0 时 0
194.37 194.819 65.0 光 0
194.819 195.267 65.0 入 0
195.267 195.89 64.0 水 1
196.487 196.695 62.0 让 0
196.695 196.903 64.0 所 0
196.903 197.34 65.0 有 0
197.34 197.777 64.0 很 0
197.777 198.214 62.0 久 0
198.432 198.651 57.0 很 0
198.651 199.068 64.0 久 0
199.068 199.276 62.0 以 0
199.276 199.693 60.0 前 1
199.749 199.958 60.0 都 0
199.958 200.166 60.0 走 0
200.166 200.375 60.0 到 0
200.375 200.596 59.0 幸 0
200.596 201.038 59.0 福 0
201.038 201.259 59.0 结 0
201.259 201.48 59.0 局 0
201.48 201.922 60.0 的 0
201.922 202.143 57.0 时 0
202.143 202.776 59.0 刻 1
202.874 203.296 56.0 又 0
203.296 203.718 59.0 陌 0
203.718 204.582 57.0 生 0
204.582 209.711 64.0 啊 0
210.55 215.286 59.0 - 0
215.286 216.581 59.0 - 1
