1.588 2.222 57.0 红 0
2.222 2.538 64.0 了 0
2.538 2.855 66.0 - 0
2.855 3.172 69.0 樱 0
3.172 3.805 64.0 桃 0
4.121 4.752 57.0 绿 0
4.752 5.068 64.0 了 0
5.068 5.384 66.0 - 0
5.384 5.7 69.0 芭 0
5.7 6.331 64.0 蕉 1
6.993 7.309 57.0 你 0
7.309 7.624 64.0 走 0
7.624 7.94 66.0 - 0
7.94 8.256 69.0 你 0
8.256 8.888 64.0 的 0
8.888 9.203 62.0 独 0
9.203 9.519 64.0 木 0
9.519 9.835 62.0 桥 0
9.835 10.467 64.0 我 0
10.467 10.782 66.0 唱 0
10.782 11.414 59.0 我 0
11.414 12.045 62.0 调 1
12.292 12.924 69.0 谁 0
12.924 13.24 66.0 的 0
13.24 13.871 64.0 孤 0
13.871 14.187 64.0 独 0
14.503 14.819 64.0 它 0
14.819 15.134 64.0 像 0
15.134 15.45 62.0 - 0
15.45 15.766 64.0 似 0
15.766 16.398 59.0 把 0
16.398 17.029 64.0 刀 0
17.345 17.661 64.0 杀 0
17.661 17.976 59.0 了 0
17.976 18.292 59.0 我 0
18.292 18.608 59.0 的 0
18.608 19.003 66.0 外 0
19.082 19.555 69.0 婆 0
19.555 21.134 66.0 桥 1
22.077 22.393 57.0 别 0
22.393 23.024 66.0 再 0
23.024 23.34 69.0 犯 0
23.34 23.971 64.0 傻 0
24.603 24.919 57.0 再 0
24.919 25.55 66.0 剪 0
25.55 25.866 69.0 短 0
25.866 26.814 64.0 发 1
27.295 27.611 57.0 你 0
27.611 28.243 66.0 送 0
28.243 28.559 69.0 的 0
28.559 29.19 64.0 鞋 0
29.19 29.506 62.0 子 0
29.506 29.822 64.0 合 0
29.822 30.137 62.0 脚 0
30.137 30.611 64.0 它 0
30.611 31.085 64.0 又 0
31.085 31.401 66.0 怎 0
31.401 31.716 59.0 会 0
31.716 32.348 62.0 掉 1
32.596 33.227 69.0 谁 0
33.227 33.543 66.0 的 0
33.543 34.175 64.0 无 0
34.175 34.491 64.0 情 0
34.806 35.122 64.0 它 0
35.122 35.754 62.0 像 0
35.754 36.069 64.0 似 0
36.069 36.701 64.0 毒 0
36.701 37.017 64.0 药 0
37.333 37.648 59.0 喝 0
37.648 37.964 64.0 下 0
37.964 38.28 59.0 - 0
38.28 38.596 59.0 不 0
38.596 39.227 64.0 煎 0
39.227 41.122 62.0 熬 1
43.99 44.306 62.0 我 0
44.306 44.622 62.0 想 0
44.622 44.938 62.0 留 0
44.938 45.253 62.0 在 0
45.253 45.569 62.0 你 0
45.569 46.201 62.0 的 0
46.201 46.517 57.0 身 0
46.517 47.464 61.0 边 0
47.464 48.411 62.0 - 1
48.89 49.206 62.0 深 0
49.206 49.521 59.0 情 0
49.521 49.837 62.0 款 0
49.837 50.153 59.0 款 0
50.153 50.469 64.0 多 0
50.469 51.1 66.0 么 0
51.1 51.416 62.0 可 0
51.416 52.679 64.0 怜 1
54.0 54.316 66.0 你 0
54.316 54.948 66.0 无 0
54.948 55.579 71.0 辜 0
55.579 56.211 66.0 的 0
56.211 56.527 64.0 - 0
56.527 56.843 64.0 像 0
56.843 57.474 64.0 演 0
57.474 58.106 66.0 员 1
58.861 59.177 59.0 边 0
59.177 59.493 67.0 说 0
59.493 59.809 66.0 边 0
59.809 60.124 62.0 声 0
60.124 60.44 59.0 泪 0
60.44 60.756 62.0 俱 0
60.756 61.388 62.0 下 0
61.388 61.703 59.0 表 0
61.703 63.282 64.0 现 1
64.193 64.509 62.0 故 0
64.509 64.824 62.0 事 0
64.824 65.14 62.0 开 0
65.14 65.456 62.0 始 0
65.456 65.772 62.0 总 0
65.772 66.403 62.0 是 0
66.403 66.719 57.0 很 0
66.719 67.666 61.0 甜 0
67.666 68.614 62.0 - 1
69.21 69.526 62.0 岁 0
69.526 69.842 59.0 月 0
69.842 70.158 62.0 流 0
70.158 70.474 59.0 逝 0
70.474 70.789 66.0 人 0
70.789 71.421 66.0 心 0
71.421 71.737 62.0 转 0
71.737 73.0 64.0 变 1
74.232 74.548 66.0 这 0
74.548 75.179 66.0 是 0
75.179 75.811 71.0 最 0
75.811 76.443 66.0 后 0
76.443 76.758 64.0 - 0
76.758 77.074 64.0 一 0
77.074 77.706 64.0 只 0
77.706 78.337 66.0 烟 1
79.041 79.357 59.0 你 0
79.357 79.672 67.0 信 0
79.672 79.988 66.0 誓 0
79.988 80.304 62.0 旦 0
80.304 80.62 59.0 旦 0
80.62 80.936 62.0 说 0
80.936 81.567 62.0 着 0
81.567 81.883 64.0 谎 0
81.883 83.462 62.0 言 1
84.895 85.526 57.0 红 0
85.526 86.158 66.0 了 0
86.158 86.474 69.0 樱 0
86.474 87.105 64.0 桃 0
87.421 88.053 57.0 绿 0
88.053 88.684 66.0 了 0
88.684 89.0 69.0 芭 0
89.0 89.947 64.0 蕉 1
90.31 90.626 57.0 你 0
90.626 91.258 66.0 走 0
91.258 91.573 69.0 你 0
91.573 92.205 64.0 的 0
92.205 92.521 62.0 独 0
92.521 92.837 64.0 木 0
92.837 93.152 62.0 桥 0
93.152 93.784 64.0 我 0
93.784 94.1 66.0 唱 0
94.1 94.731 59.0 我 0
94.731 95.363 62.0 调 1
95.637 96.268 69.0 谁 0
96.268 96.584 66.0 的 0
96.584 97.216 64.0 孤 0
97.216 97.531 64.0 独 0
97.847 98.163 64.0 它 0
98.163 98.479 64.0 像 0
98.479 98.795 62.0 - 0
98.795 99.11 64.0 似 0
99.11 99.742 59.0 把 0
99.742 100.374 64.0 刀 0
100.689 101.005 64.0 杀 0
101.005 101.321 59.0 了 0
101.321 101.637 59.0 我 0
101.637 101.952 59.0 的 0
101.952 102.347 66.0 外 0
102.426 102.9 69.0 婆 0
102.9 104.479 66.0 桥 1
105.523 105.839 57.0 别 0
105.839 106.471 66.0 再 0
106.471 106.786 69.0 犯 0
106.786 107.418 64.0 傻 0
108.049 108.365 57.0 再 0
108.365 108.997 66.0 剪 0
108.997 109.313 69.0 短 0
109.313 110.26 64.0 发 1
110.533 110.849 57.0 你 0
110.849 111.48 66.0 送 0
111.48 111.796 69.0 的 0
111.796 112.427 64.0 鞋 0
112.427 112.742 62.0 子 0
112.742 113.058 64.0 合 0
113.058 113.373 62.0 脚 0
113.373 113.847 64.0 它 0
113.847 114.32 64.0 又 0
114.32 114.636 64.0 怎 0
114.636 114.952 59.0 会 0
114.952 115.583 62.0 掉 1
115.856 116.488 69.0 谁 0
116.488 116.803 66.0 的 0
116.803 117.435 64.0 无 0
117.435 117.751 64.0 情 0
118.067 118.382 64.0 它 0
118.382 118.698 64.0 像 0
118.698 119.014 62.0 - 0
119.014 119.33 64.0 似 0
119.33 119.961 64.0 毒 0
119.961 120.277 64.0 药 0
120.593 120.909 59.0 喝 0
120.909 121.224 64.0 下 0
121.224 121.54 59.0 - 0
121.54 121.856 59.0 不 0
121.856 122.488 64.0 煎 0
122.488 124.698 62.0 熬 1
137.364 137.679 62.0 在 0
137.679 137.995 62.0 我 0
137.995 138.311 62.0 身 0
138.311 138.627 62.0 后 0
138.627 138.943 62.0 开 0
138.943 139.574 62.0 了 0
139.574 139.89 57.0 一 0
139.89 140.837 61.0 枪 0
140.837 141.785 62.0 - 1
142.411 142.727 62.0 鲜 0
142.727 143.043 59.0 血 0
143.043 143.359 62.0 淋 0
143.359 143.674 59.0 漓 0
143.674 143.99 64.0 渲 0
143.99 144.306 66.0 染 0
144.306 144.622 62.0 - 0
144.622 144.938 62.0 了 0
144.938 146.201 64.0 墙 1
147.577 147.893 66.0 用 0
147.893 148.524 66.0 最 0
148.524 149.156 71.0 后 0
149.156 149.787 66.0 一 0
149.787 150.103 64.0 - 0
150.103 150.419 64.0 丝 0
150.419 151.051 64.0 余 0
151.051 151.998 66.0 光 1
152.303 152.619 59.0 我 0
152.619 152.934 67.0 已 0
152.934 153.25 64.0 释 0
153.25 153.566 62.0 然 0
153.566 153.882 59.0 你 0
153.882 154.355 62.0 何 0
154.355 154.829 62.0 必 0
154.829 155.145 64.0 假 0
155.145 157.355 62.0 装 1
159.593 160.225 57.0 红 0
160.225 160.856 66.0 了 0
160.856 161.172 69.0 樱 0
161.172 162.119 64.0 桃 0
162.435 162.751 57.0 绿 0
162.751 163.382 66.0 了 0
163.382 163.698 69.0 芭 0
163.698 164.646 64.0 蕉 1
164.81 165.126 57.0 你 0
165.126 165.758 66.0 走 0
165.758 166.074 69.0 你 0
166.074 166.705 64.0 的 0
166.705 167.021 62.0 独 0
167.021 167.337 64.0 木 0
167.337 167.652 62.0 桥 0
167.652 167.968 64.0 我 0
167.968 168.6 66.0 唱 0
168.6 169.231 59.0 我 0
169.231 169.863 62.0 调 1
170.206 170.837 69.0 谁 0
170.837 171.153 66.0 的 0
171.153 171.785 64.0 孤 0
171.785 172.416 64.0 独 0
172.416 172.732 64.0 它 0
172.732 173.206 64.0 像 0
173.206 173.679 64.0 似 0
173.679 174.311 59.0 把 0
174.311 174.943 64.0 刀 0
175.258 175.574 62.0 杀 0
175.574 175.89 59.0 了 0
175.89 176.206 57.0 我 0
176.206 176.522 57.0 的 0
176.522 176.995 66.0 外 0
176.995 177.469 69.0 婆 0
177.469 179.364 66.0 桥 1
179.955 180.271 57.0 别 0
180.271 180.903 66.0 再 0
180.903 181.218 69.0 犯 0
181.218 182.008 64.0 傻 0
182.482 182.797 57.0 再 0
182.797 183.429 66.0 剪 0
183.429 183.745 69.0 短 0
183.745 184.692 64.0 发 1
185.002 185.318 57.0 你 0
185.318 185.949 66.0 送 0
185.949 186.265 69.0 的 0
186.265 186.897 64.0 鞋 0
186.897 187.212 62.0 子 0
187.212 187.528 64.0 合 0
187.528 187.844 62.0 脚 0
187.844 188.318 64.0 它 0
188.318 188.791 64.0 又 0
188.791 189.107 64.0 怎 0
189.107 189.423 59.0 会 0
189.423 190.055 62.0 掉 1
190.524 191.156 69.0 谁 0
191.156 191.472 66.0 的 0
191.472 192.103 64.0 无 0
192.103 192.419 64.0 情 0
192.735 193.051 64.0 它 0
193.051 193.524 62.0 像 0
193.524 193.998 64.0 似 0
193.998 194.63 64.0 毒 0
194.63 194.945 64.0 药 0
195.261 195.577 59.0 喝 0
195.577 195.893 64.0 下 0
195.893 196.209 59.0 - 0
196.209 196.524 59.0 不 0
196.524 197.156 64.0 煎 0
197.156 199.366 62.0 熬 1
200.583 200.898 71.0 当 0
200.898 201.214 71.0 初 0
201.214 201.53 71.0 炽 0
201.53 201.846 71.0 热 0
201.846 202.319 71.0 的 0
202.319 202.793 71.0 心 0
202.793 203.109 66.0 已 0
203.109 205.004 69.0 凉 1
205.553 205.869 69.0 一 0
205.869 206.185 69.0 朝 0
206.185 206.501 69.0 一 0
206.501 206.816 69.0 夕 0
206.816 207.29 69.0 笑 0
207.29 207.764 64.0 我 0
207.764 208.08 69.0 痴 0
208.08 209.974 66.0 狂 1
210.589 210.905 69.0 所 0
210.905 211.22 71.0 有 0
211.22 211.536 71.0 苦 0
211.536 211.852 71.0 痛 0
211.852 212.326 71.0 我 0
212.326 212.799 71.0 一 0
212.799 213.115 66.0 人 0
213.115 214.063 69.0 扛 0
214.378 215.01 69.0 假 0
215.01 215.326 64.0 装 0
215.326 215.957 69.0 坚 0
215.957 217.536 66.0 强 1
217.988 220.199 69.0 哦 1
220.742 221.058 71.0 你 0
221.058 221.374 71.0 难 0
221.374 221.689 71.0 过 0
221.689 222.321 71.0 的 0
222.321 222.637 71.0 太 0
222.637 222.953 66.0 - 0
222.953 223.268 66.0 假 0
223.268 225.163 69.0 装 1
225.744 226.06 61.0 你 0
226.06 226.375 69.0 凭 0
226.375 226.691 69.0 什 0
226.691 227.007 69.0 么 0
227.007 227.481 69.0 念 0
227.481 227.954 64.0 念 0
227.954 228.27 69.0 不 0
228.27 230.165 66.0 忘 1
230.863 231.179 71.0 人 0
231.179 231.495 71.0 一 0
231.495 231.811 71.0 定 0
231.811 232.127 71.0 要 0
232.127 232.758 74.0 学 0
232.758 233.074 73.0 会 0
233.074 233.705 71.0 成 0
233.705 235.284 69.0 长 1
235.689 238.531 74.0 哦 1
239.325 239.64 57.0 别 0
239.64 240.272 66.0 再 0
240.272 240.588 69.0 犯 0
240.588 241.535 64.0 傻 0
241.851 242.167 57.0 再 0
242.167 242.798 66.0 剪 0
242.798 243.114 69.0 短 0
243.114 244.062 64.0 发 1
244.453 244.769 57.0 你 0
244.769 245.401 66.0 送 0
245.401 245.716 69.0 的 0
245.716 246.348 64.0 鞋 0
246.348 246.664 62.0 子 0
246.664 246.98 64.0 合 0
246.98 247.295 62.0 脚 0
247.295 247.769 64.0 它 0
247.769 248.243 64.0 又 0
248.243 248.559 64.0 怎 0
248.559 248.874 59.0 会 0
248.874 249.506 62.0 掉 1
249.833 250.464 69.0 谁 0
250.464 250.78 66.0 的 0
250.78 251.412 64.0 无 0
251.412 251.727 64.0 情 0
252.043 252.359 64.0 它 0
252.359 252.675 64.0 像 0
252.675 252.991 62.0 - 0
252.991 253.306 64.0 似 0
253.306 253.941 64.0 毒 0
253.941 254.26 64.0 药 0
254.579 254.898 59.0 喝 0
254.898 255.217 64.0 下 0
255.217 255.536 59.0 - 0
255.536 255.855 59.0 不 0
255.855 256.951 64.0 煎 0
256.951 260.058 62.0 熬 1
