28.455 28.597 64.0 幸 0
28.749 29.038 64.0 福 0
29.043 29.185 63.0 就 0
29.337 29.479 61.0 像 0
29.631 29.774 59.0 花 0
29.926 30.656 59.0 期 0
30.808 31.097 56.0 开 0
31.102 31.685 59.0 到 0
31.69 31.979 63.0 荼 0
31.984 33.009 59.0 靡 1
33.147 33.289 61.0 爱 0
33.441 33.73 61.0 情 0
33.735 33.877 59.0 留 0
34.029 34.171 59.0 在 0
34.323 34.465 57.0 秋 0
34.617 35.348 57.0 天 0
35.5 35.642 64.0 独 0
35.794 36.083 64.0 自 0
36.088 36.377 56.0 叹 0
36.676 37.701 56.0 息 1
37.869 38.158 57.0 九 0
38.163 38.452 59.0 月 0
38.457 38.599 57.0 的 0
38.751 39.04 57.0 天 0
39.045 39.334 56.0 - 0
39.339 40.07 54.0 气 0
40.222 40.511 56.0 下 0
40.516 40.805 57.0 起 0
40.81 41.393 64.0 大 0
41.398 43.452 64.0 雨 1
45.02 45.309 57.0 淋 0
45.314 45.603 59.0 湿 0
45.608 45.75 57.0 我 0
45.902 46.926 57.0 的 0
47.078 47.515 61.0 思 0
47.667 49.132 59.0 绪 1
49.68 49.823 64.0 雨 0
49.975 50.264 64.0 后 0
50.269 50.558 63.0 的 0
50.563 50.999 61.0 花 0
51.151 51.881 59.0 瓣 0
52.033 52.323 56.0 散 0
52.327 52.911 59.0 落 0
52.916 53.205 63.0 一 0
53.21 54.087 59.0 地 1
54.333 54.475 61.0 把 0
54.627 54.917 61.0 它 0
54.922 55.064 59.0 做 0
55.216 55.505 59.0 成 0
55.51 55.652 57.0 书 0
55.804 56.534 57.0 签 0
56.686 56.828 64.0 藏 0
56.98 57.27 64.0 在 0
57.422 57.711 56.0 日 0
57.863 58.74 56.0 记 1
59.091 59.38 57.0 时 0
59.385 59.674 59.0 光 0
59.679 59.822 57.0 冲 0
59.974 60.263 57.0 淡 0
60.268 60.557 56.0 往 0
60.562 61.145 54.0 事 0
61.444 61.733 56.0 鲜 0
61.738 62.027 57.0 艳 0
62.032 62.469 64.0 褪 0
62.621 63.939 64.0 去 1
64.472 64.761 57.0 留 0
64.766 65.056 59.0 下 0
65.061 65.203 57.0 泛 0
65.355 66.085 57.0 黄 0
66.237 66.379 64.0 的 0
66.531 66.82 64.0 痕 0
66.825 67.114 66.0 - 0
67.119 70.203 66.0 迹 1
70.897 71.186 59.0 我 0
71.191 71.333 66.0 们 0
71.485 71.627 71.0 之 0
71.779 72.068 71.0 间 0
72.073 72.363 66.0 的 0
72.367 72.804 68.0 爱 0
72.956 73.245 66.0 轻 0
73.25 73.392 64.0 得 0
73.544 74.274 63.0 像 0
74.426 74.568 71.0 空 0
74.72 75.304 71.0 气 1
75.674 75.816 63.0 而 0
75.968 76.11 61.0 我 0
76.262 76.404 69.0 依 0
76.556 77.434 69.0 然 0
77.733 78.022 69.0 承 0
78.027 78.316 71.0 受 0
78.321 78.61 66.0 不 0
78.615 79.787 66.0 起 1
80.375 80.664 59.0 任 0
80.669 80.958 59.0 往 0
80.963 81.105 64.0 事 0
81.257 81.546 64.0 在 0
81.551 81.84 66.0 心 0
81.845 82.429 61.0 里 0
82.728 83.017 59.0 不 0
83.022 83.311 71.0 停 0
83.463 83.752 66.0 地 0
83.904 84.193 71.0 堆 0
84.198 84.929 68.0 积 1
84.984 85.126 68.0 如 0
85.278 85.567 69.0 果 0
85.572 85.714 68.0 你 0
85.866 86.155 66.0 不 0
86.16 86.302 64.0 懂 0
86.454 86.743 64.0 珍 0
86.748 87.185 61.0 惜 1
87.292 87.582 68.0 思 0
87.587 87.876 69.0 - 0
87.881 88.023 68.0 念 0
88.175 88.317 68.0 会 0
88.469 88.611 66.0 过 0
88.763 89.346 66.0 期 1
89.657 89.8 59.0 我 0
89.952 90.241 66.0 们 0
90.246 90.388 71.0 之 0
90.54 90.829 71.0 间 0
90.834 91.123 66.0 的 0
91.128 91.564 68.0 爱 0
91.716 92.005 66.0 重 0
92.01 92.153 64.0 得 0
92.304 92.888 63.0 像 0
93.187 93.329 71.0 空 0
93.481 94.064 71.0 气 1
94.425 94.567 63.0 越 0
94.719 94.862 61.0 想 0
95.014 95.156 69.0 逃 0
95.308 96.332 69.0 离 0
96.778 97.067 69.0 却 0
97.072 97.362 68.0 越 0
97.514 97.803 66.0 沉 0
97.955 98.685 66.0 迷 1
99.039 99.328 59.0 而 0
99.333 99.623 61.0 回 0
99.627 99.77 64.0 忆 0
99.922 100.211 64.0 太 0
100.216 100.505 66.0 拥 0
100.51 101.093 61.0 挤 0
101.392 101.681 59.0 我 0
101.686 101.975 71.0 无 0
102.127 102.417 66.0 法 0
102.569 102.858 71.0 呼 0
102.863 103.593 68.0 吸 1
103.723 103.865 68.0 只 0
104.017 104.306 69.0 能 0
104.311 104.601 68.0 拥 0
104.605 104.895 66.0 抱 0
104.9 105.042 64.0 着 0
105.194 105.336 64.0 空 0
105.488 105.924 61.0 气 1
106.397 106.833 69.0 假 0
106.838 107.422 71.0 装 0
107.574 108.01 68.0 那 0
108.162 108.451 66.0 是 0
108.603 110.804 66.0 你 1
112.247 112.684 59.0 不 0
112.689 113.713 66.0 曾 0
113.718 114.154 61.0 远 0
114.306 116.654 64.0 离 1
132.124 132.267 64.0 雨 0
132.418 132.708 64.0 后 0
132.713 133.002 63.0 的 0
133.007 133.443 61.0 花 0
133.595 134.325 59.0 瓣 0
134.477 134.767 56.0 散 0
134.771 135.355 59.0 落 0
135.36 135.649 63.0 一 0
135.654 136.678 59.0 地 1
136.68 136.822 61.0 把 0
136.974 137.264 61.0 它 0
137.268 137.411 59.0 做 0
137.563 137.852 59.0 成 0
137.857 137.999 57.0 书 0
138.151 138.881 57.0 签 0
139.033 139.175 64.0 藏 0
139.327 139.617 64.0 在 0
139.621 140.058 56.0 日 0
140.21 141.087 56.0 记 1
141.499 141.788 57.0 时 0
141.793 142.082 59.0 光 0
142.087 142.23 57.0 冲 0
142.381 142.671 57.0 淡 0
142.676 142.965 56.0 往 0
142.97 143.553 54.0 事 0
143.852 144.141 56.0 鲜 0
144.146 144.435 57.0 艳 0
144.44 144.877 64.0 褪 0
145.029 146.347 64.0 去 1
146.678 146.967 57.0 留 0
146.972 147.262 59.0 下 0
147.266 147.409 57.0 泛 0
147.561 148.291 57.0 黄 0
148.443 148.585 64.0 的 0
148.737 149.026 64.0 痕 0
149.031 149.32 66.0 - 0
149.325 152.409 66.0 迹 1
153.299 153.588 59.0 我 0
153.593 153.735 66.0 们 0
153.887 154.029 71.0 之 0
154.181 154.47 71.0 间 0
154.475 154.765 66.0 的 0
154.769 155.206 68.0 爱 0
155.358 155.647 66.0 轻 0
155.652 155.794 64.0 得 0
155.946 156.676 63.0 像 0
156.828 156.97 71.0 空 0
157.122 157.706 71.0 气 1
157.941 158.083 63.0 而 0
158.235 158.377 61.0 我 0
158.529 158.671 69.0 依 0
158.823 159.701 69.0 然 0
160.0 160.289 69.0 承 0
160.294 160.583 71.0 受 0
160.588 160.877 66.0 不 0
160.882 162.053 66.0 起 1
162.708 162.997 59.0 任 0
163.002 163.291 59.0 往 0
163.296 163.438 64.0 事 0
163.59 163.879 64.0 在 0
163.884 164.173 66.0 心 0
164.178 164.762 61.0 里 0
165.061 165.35 59.0 不 0
165.355 165.644 71.0 停 0
165.796 166.232 66.0 地 0
166.237 166.526 71.0 堆 0
166.531 167.262 68.0 积 1
167.425 167.568 68.0 如 0
167.72 168.009 69.0 果 0
168.014 168.156 68.0 你 0
168.308 168.597 66.0 不 0
168.602 168.744 64.0 懂 0
168.896 169.185 64.0 珍 0
169.19 169.626 61.0 惜 1
169.738 170.028 68.0 思 0
170.033 170.322 69.0 - 0
170.327 170.469 68.0 念 0
170.621 170.763 68.0 会 0
170.915 171.057 66.0 过 0
171.209 171.792 66.0 期 1
171.95 172.093 59.0 我 0
172.245 172.534 66.0 们 0
172.539 172.681 71.0 之 0
172.833 173.122 71.0 间 0
173.127 173.416 66.0 的 0
173.421 173.857 68.0 爱 0
174.009 174.298 66.0 重 0
174.303 174.445 64.0 得 0
174.597 175.181 63.0 像 0
175.48 175.622 71.0 空 0
175.774 176.357 71.0 气 1
176.724 176.866 63.0 越 0
177.018 177.161 61.0 想 0
177.313 177.455 69.0 逃 0
177.607 178.631 69.0 离 0
179.077 179.366 69.0 却 0
179.371 179.661 68.0 越 0
179.813 180.102 66.0 沉 0
180.254 180.984 66.0 迷 1
181.522 181.811 59.0 而 0
181.816 182.105 61.0 回 0
182.11 182.253 64.0 忆 0
182.405 182.694 64.0 太 0
182.699 182.988 66.0 拥 0
182.993 183.576 61.0 挤 0
183.875 184.164 59.0 我 0
184.169 184.458 71.0 无 0
184.61 184.9 66.0 法 0
185.052 185.341 71.0 呼 0
185.346 186.076 68.0 吸 1
186.257 186.399 68.0 只 0
186.551 186.84 69.0 能 0
186.845 187.134 68.0 拥 0
187.139 187.429 66.0 抱 0
187.434 187.576 64.0 着 0
187.728 187.87 64.0 空 0
188.022 188.458 61.0 气 1
188.807 189.243 69.0 假 0
189.248 189.832 71.0 装 0
189.984 190.42 68.0 那 0
190.572 190.861 66.0 是 0
191.013 193.214 66.0 你 1
196.365 196.801 63.0 幸 0
196.806 197.064 63.0 福 0
197.1 197.537 63.0 隔 0
197.689 197.978 66.0 着 0
197.983 198.566 66.0 玻 0
198.571 199.448 64.0 璃 1
199.768 200.352 63.0 看 0
200.357 200.646 61.0 似 0
200.651 200.94 59.0 很 0
200.945 201.234 56.0 美 0
201.239 201.822 59.0 丽 0
202.121 202.558 66.0 却 0
202.71 202.852 68.0 无 0
203.004 203.293 68.0 法 0
203.298 203.44 66.0 触 0
203.592 204.175 64.0 及 1
204.432 204.869 64.0 也 0
205.021 205.31 63.0 许 0
205.315 205.604 59.0 擦 0
205.609 205.751 61.0 肩 0
205.903 206.045 61.0 而 0
206.197 206.339 61.0 过 0
206.491 206.633 61.0 的 0
206.785 207.222 61.0 你 1
207.673 208.109 59.0 只 0
208.261 208.403 61.0 留 0
208.555 209.138 63.0 下 0
209.437 209.579 61.0 一 0
209.731 209.874 63.0 种 0
210.026 210.315 63.0 痕 0
210.32 210.462 64.0 迹 0
210.614 210.903 64.0 在 0
210.908 211.05 61.0 我 0
211.202 211.491 64.0 生 0
211.496 211.932 73.0 命 0
212.084 212.227 71.0 - 0
212.379 214.727 71.0 里 1
216.663 216.952 59.0 我 0
216.957 217.1 66.0 们 0
217.252 217.394 71.0 之 0
217.546 217.835 71.0 间 0
217.84 218.129 66.0 的 0
218.134 218.57 68.0 爱 0
218.722 219.011 66.0 轻 0
219.016 219.158 64.0 得 0
219.31 220.041 63.0 像 0
220.193 220.335 71.0 空 0
220.487 221.07 71.0 气 1
221.464 221.606 63.0 而 0
221.758 221.9 61.0 我 0
222.052 222.195 69.0 依 0
222.347 223.224 69.0 然 0
223.523 223.812 69.0 承 0
223.817 224.106 71.0 受 0
224.111 224.4 66.0 不 0
224.405 225.577 66.0 起 1
226.078 226.367 59.0 任 0
226.372 226.661 59.0 往 0
226.666 226.808 64.0 事 0
226.96 227.25 64.0 在 0
227.255 227.544 66.0 心 0
227.549 228.132 61.0 里 0
228.431 228.72 59.0 不 0
228.725 229.014 71.0 停 0
229.166 229.456 66.0 地 0
229.607 229.897 71.0 堆 0
229.902 230.632 68.0 积 1
230.778 230.92 68.0 如 0
231.072 231.361 69.0 果 0
231.366 231.508 68.0 你 0
231.66 231.95 66.0 不 0
231.954 232.097 64.0 懂 0
232.249 232.538 64.0 珍 0
232.543 232.979 61.0 惜 1
233.171 233.46 68.0 思 0
233.465 233.754 69.0 - 0
233.759 233.901 68.0 念 0
234.053 234.195 68.0 会 0
234.347 234.49 66.0 过 0
234.641 235.225 66.0 期 1
235.527 235.669 59.0 我 0
235.821 236.11 66.0 们 0
236.115 236.257 71.0 之 0
236.409 236.698 71.0 间 0
236.703 236.993 66.0 的 0
236.997 237.434 68.0 爱 0
237.586 237.875 66.0 重 0
237.88 238.022 64.0 得 0
238.174 238.757 63.0 像 0
239.056 239.198 71.0 空 0
239.35 239.934 71.0 气 1
240.193 240.335 63.0 越 0
240.487 240.629 61.0 想 0
240.781 240.923 69.0 逃 0
241.075 242.1 69.0 离 0
242.546 242.835 69.0 却 0
242.84 243.129 68.0 越 0
243.281 243.57 66.0 沉 0
243.722 244.453 66.0 迷 1
244.951 245.24 59.0 而 0
245.245 245.534 61.0 回 0
245.539 245.681 64.0 忆 0
245.833 246.122 64.0 太 0
246.127 246.416 66.0 拥 0
246.421 247.005 61.0 挤 0
247.304 247.593 59.0 我 0
247.598 247.887 71.0 无 0
248.039 248.328 66.0 法 0
248.48 248.769 71.0 呼 0
248.774 249.505 68.0 吸 1
249.72 249.863 68.0 只 0
250.015 250.304 69.0 能 0
250.309 250.598 68.0 拥 0
250.603 250.892 66.0 抱 0
250.897 251.039 64.0 着 0
251.191 251.333 64.0 空 0
251.485 251.921 61.0 气 1
252.286 252.722 69.0 假 0
252.727 253.31 71.0 装 0
253.462 253.898 68.0 那 0
254.05 254.339 66.0 是 0
254.491 256.692 66.0 你 1
258.639 259.056 59.0 不 0
259.08 260.372 66.0 曾 0
260.404 260.945 61.0 远 0
261.139 263.803 64.0 离 1
