22.348 22.562 51.0 你 0
22.566 22.779 51.0 累 0
22.783 23.214 51.0 了 0
23.218 23.432 52.0 没 0
23.435 25.183 51.0 有 1
25.537 25.752 51.0 可 0
25.756 25.971 52.0 否 0
25.975 26.4 54.0 伸 0
26.404 26.614 54.0 出 0
26.618 27.29 56.0 双 0
27.294 27.521 54.0 - 0
27.524 28.674 54.0 手 1
29.243 29.485 56.0 想 0
29.489 29.731 58.0 拥 0
29.735 30.773 59.0 抱 1
31.009 31.214 51.0 怎 0
31.217 31.422 59.0 能 0
31.426 31.839 58.0 握 0
31.842 32.255 56.0 着 0
32.259 32.672 54.0 拳 0
32.676 35.266 56.0 头 1
36.181 36.389 56.0 我 0
36.393 36.6 54.0 们 0
36.604 37.055 52.0 还 0
37.058 37.509 51.0 有 0
37.513 37.964 52.0 很 0
37.967 38.418 54.0 多 0
38.422 38.847 54.0 梦 0
38.851 39.061 54.0 没 0
39.065 39.704 54.0 做 1
39.747 39.957 59.0 还 0
39.961 40.172 61.0 有 0
40.175 40.611 61.0 很 0
40.615 41.05 61.0 多 0
41.054 41.489 61.0 明 0
41.493 41.709 59.0 天 0
41.713 41.929 54.0 要 0
41.932 42.368 56.0 - 0
42.371 42.807 54.0 走 1
43.145 43.361 59.0 要 0
43.365 43.581 61.0 让 0
43.584 44.02 61.0 世 0
44.023 44.459 61.0 界 0
44.463 44.898 61.0 听 0
44.902 45.338 59.0 见 0
45.341 45.557 58.0 我 0
45.561 45.996 59.0 - 0
46.0 46.655 56.0 们 0
46.659 46.875 59.0 的 0
46.988 49.648 61.0 歌 1
50.025 50.234 51.0 准 0
50.238 50.447 51.0 备 0
50.45 50.882 51.0 好 0
50.885 51.099 52.0 没 0
51.103 53.055 51.0 有 1
53.667 53.884 51.0 时 0
53.888 54.105 52.0 间 0
54.108 54.436 54.0 不 0
54.55 54.767 54.0 再 0
54.771 55.209 56.0 回 0
55.213 55.651 58.0 - 0
55.655 56.756 54.0 头 1
57.196 57.413 56.0 想 0
57.417 57.634 58.0 要 0
57.638 58.599 59.0 飞 1
58.763 58.973 59.0 不 0
58.977 59.188 59.0 必 0
59.191 59.616 58.0 任 0
59.62 60.045 56.0 何 0
60.048 60.473 54.0 理 0
60.477 63.511 56.0 由 1
63.928 64.142 56.0 不 0
64.145 64.359 54.0 管 0
64.363 64.794 52.0 世 0
64.798 65.229 51.0 界 0
65.232 65.664 52.0 尽 0
65.667 66.098 54.0 头 0
66.102 66.533 56.0 多 0
66.537 66.751 54.0 寂 0
66.754 67.403 54.0 寞 1
67.537 67.751 59.0 你 0
67.755 67.969 61.0 的 0
67.972 68.403 63.0 身 0
68.407 68.838 61.0 边 0
68.842 69.273 61.0 一 0
69.276 69.49 59.0 定 0
69.494 69.925 56.0 有 0
69.929 70.142 58.0 - 0
70.146 70.686 54.0 我 1
70.999 71.212 59.0 我 0
71.216 71.43 61.0 们 0
71.433 71.865 63.0 说 0
71.868 72.299 61.0 过 0
72.303 72.734 61.0 不 0
72.738 72.951 59.0 管 0
73.173 73.821 59.0 天 0
73.825 74.256 56.0 高 0
74.477 74.908 68.0 地 0
74.912 75.343 66.0 - 0
75.346 78.821 66.0 厚 1
78.835 79.266 59.0 想 0
79.269 79.592 71.0 飞 0
79.596 79.918 71.0 到 0
79.922 80.135 71.0 那 0
80.139 80.57 70.0 最 0
80.574 81.005 68.0 高 0
81.009 81.44 61.0 最 0
81.443 81.875 61.0 远 0
81.878 83.179 63.0 最 0
83.183 83.614 64.0 洒 0
83.617 85.679 66.0 脱 1
85.894 86.107 56.0 想 0
86.111 86.433 68.0 拥 0
86.437 86.76 68.0 抱 0
86.763 86.977 68.0 在 0
86.981 87.412 66.0 最 0
87.415 87.629 61.0 美 0
87.633 88.064 61.0 丽 0
88.068 88.716 64.0 的 0
88.72 88.933 63.0 那 0
88.937 89.151 61.0 一 0
89.154 92.629 59.0 刻 1
92.995 93.209 56.0 想 0
93.213 93.535 68.0 看 0
93.539 93.861 70.0 见 0
93.865 94.078 71.0 陪 0
94.082 94.513 71.0 我 0
94.517 94.948 70.0 到 0
94.952 95.383 66.0 最 0
95.386 95.818 66.0 后 0
95.821 96.687 63.0 谁 0
96.691 97.013 61.0 是 0
97.126 97.557 66.0 朋 0
97.56 99.622 59.0 友 1
99.867 100.08 59.0 你 0
100.084 100.406 64.0 是 0
100.41 100.733 63.0 我 0
100.736 100.95 64.0 最 0
100.954 101.385 63.0 期 0
101.388 101.602 61.0 待 0
101.606 101.82 61.0 的 0
101.823 102.254 61.0 那 0
102.258 102.689 59.0 一 0
102.693 105.95 59.0 个 1
119.59 119.804 54.0 你 0
119.808 120.021 52.0 累 0
120.025 120.456 51.0 了 0
120.46 120.674 52.0 没 0
120.677 122.63 51.0 有 1
123.198 123.412 51.0 可 0
123.416 123.63 52.0 否 0
123.633 123.956 54.0 伸 0
124.068 124.282 54.0 出 0
124.285 124.934 56.0 双 0
124.938 125.151 58.0 - 0
125.155 126.238 54.0 手 1
126.593 126.807 56.0 想 0
126.81 127.024 58.0 拥 0
127.028 128.002 59.0 抱 1
128.283 128.497 51.0 怎 0
128.5 128.714 59.0 能 0
128.718 129.149 58.0 握 0
129.152 129.584 56.0 着 0
129.587 130.018 54.0 拳 0
130.022 133.062 56.0 头 1
133.596 133.81 56.0 我 0
133.814 134.027 54.0 们 0
134.031 134.462 52.0 还 0
134.466 134.897 51.0 有 0
134.901 135.332 52.0 很 0
135.335 135.767 54.0 多 0
135.77 136.201 56.0 梦 0
136.205 136.419 54.0 没 0
136.422 137.071 54.0 做 1
137.149 137.362 59.0 还 0
137.366 137.58 61.0 有 0
137.583 138.014 63.0 很 0
138.018 138.449 61.0 多 0
138.453 138.884 61.0 明 0
138.888 139.101 59.0 天 0
139.105 139.645 56.0 要 0
139.649 139.862 58.0 - 0
139.866 140.406 54.0 走 1
140.562 140.776 59.0 要 0
140.779 140.993 61.0 让 0
140.997 141.428 63.0 世 0
141.431 141.863 61.0 界 0
141.866 142.297 61.0 听 0
142.301 142.515 59.0 见 0
142.736 143.384 59.0 我 0
143.388 143.819 56.0 们 0
144.04 144.471 59.0 的 0
144.475 147.189 61.0 歌 1
147.509 147.723 51.0 准 0
147.727 147.94 51.0 备 0
147.944 148.375 51.0 好 0
148.379 148.593 52.0 没 0
148.596 150.549 51.0 有 1
151.01 151.223 51.0 时 0
151.227 151.441 52.0 间 0
151.444 151.767 54.0 不 0
151.879 152.093 54.0 再 0
152.097 152.528 56.0 回 0
152.531 152.962 58.0 - 0
152.966 154.049 54.0 头 1
154.494 154.708 56.0 想 0
154.711 155.142 58.0 要 0
155.146 155.903 59.0 飞 1
156.148 156.362 51.0 不 0
156.365 156.579 59.0 必 0
156.583 157.014 58.0 任 0
157.018 157.449 56.0 何 0
157.452 157.883 54.0 理 0
157.887 160.927 56.0 由 1
161.498 161.712 56.0 不 0
161.716 161.93 54.0 管 0
161.933 162.364 52.0 世 0
162.368 162.799 51.0 界 0
162.803 163.234 52.0 尽 0
163.237 163.669 54.0 头 0
163.672 164.103 56.0 多 0
164.107 164.321 54.0 寂 0
164.324 164.973 54.0 寞 1
164.996 165.209 59.0 你 0
165.213 165.427 61.0 的 0
165.43 165.862 63.0 身 0
165.865 166.296 61.0 边 0
166.3 166.731 61.0 一 0
166.735 166.949 59.0 定 0
166.952 167.383 56.0 有 0
167.387 167.601 58.0 - 0
167.604 168.144 54.0 我 1
168.29 168.504 59.0 我 0
168.507 168.721 61.0 们 0
168.725 169.156 63.0 说 0
169.159 169.591 61.0 过 0
169.594 170.025 61.0 不 0
170.029 170.243 59.0 管 0
170.464 171.112 59.0 天 0
171.116 171.547 56.0 高 0
171.768 172.199 68.0 地 0
172.203 172.634 66.0 - 0
172.638 176.112 66.0 厚 1
176.328 176.542 59.0 想 0
176.546 176.868 71.0 飞 0
176.872 177.194 71.0 到 0
177.198 177.412 71.0 那 0
177.415 177.846 70.0 最 0
177.85 178.281 68.0 高 0
178.285 178.716 66.0 最 0
178.72 179.151 61.0 远 0
179.154 180.455 63.0 最 0
180.459 180.89 64.0 洒 0
180.894 182.955 66.0 脱 1
183.362 183.576 56.0 想 0
183.579 183.902 68.0 拥 0
183.905 184.228 68.0 抱 0
184.231 184.445 68.0 在 0
184.449 184.88 66.0 最 0
184.884 185.097 61.0 美 0
185.101 185.532 61.0 丽 0
185.536 186.184 64.0 的 0
186.188 186.402 63.0 那 0
186.405 186.619 61.0 一 0
186.623 190.097 59.0 刻 1
190.423 190.637 56.0 想 0
190.641 190.963 68.0 看 0
190.967 191.289 70.0 见 0
191.293 191.507 71.0 陪 0
191.51 191.942 71.0 我 0
191.945 192.376 70.0 到 0
192.38 192.811 68.0 最 0
192.815 193.246 66.0 后 0
193.249 194.115 63.0 谁 0
194.119 194.442 61.0 是 0
194.554 194.985 66.0 朋 0
194.989 197.05 59.0 友 1
197.336 197.55 59.0 你 0
197.553 197.876 64.0 是 0
197.879 198.202 63.0 我 0
198.205 198.419 64.0 最 0
198.423 198.854 63.0 期 0
198.858 199.071 61.0 待 0
199.075 199.289 61.0 的 0
199.292 199.724 59.0 那 0
199.727 200.158 59.0 一 0
200.162 203.419 59.0 个 1
228.907 229.338 64.0 可 0
229.341 229.773 64.0 以 0
229.776 230.207 64.0 一 0
230.211 230.642 64.0 起 0
230.646 231.077 66.0 闯 0
231.081 231.512 68.0 祸 0
231.515 231.946 68.0 一 0
231.95 232.381 66.0 起 0
232.385 232.816 66.0 沉 0
232.82 233.251 64.0 默 0
233.254 233.577 66.0 一 0
233.581 233.903 64.0 起 0
233.907 234.773 61.0 走 1
235.679 236.11 64.0 可 0
236.114 236.545 64.0 以 0
236.549 236.98 64.0 一 0
236.984 237.415 64.0 起 0
237.418 237.849 66.0 飞 0
237.853 238.284 68.0 翔 0
238.288 238.936 68.0 一 0
238.94 239.154 66.0 - 0
239.157 240.023 66.0 起 0
240.027 240.676 68.0 沦 0
240.679 240.893 70.0 - 0
240.897 242.089 66.0 落 1
242.792 243.223 64.0 不 0
243.226 243.658 66.0 管 0
243.661 244.092 68.0 天 0
244.096 244.527 68.0 高 0
244.531 244.962 66.0 地 0
244.966 245.397 64.0 厚 0
245.4 245.832 63.0 陪 0
245.835 246.049 66.0 着 0
246.053 248.223 66.0 我 1
249.712 250.143 68.0 陪 0
250.147 250.578 68.0 我 0
250.582 251.013 68.0 一 0
251.017 251.448 68.0 起 0
251.451 251.882 70.0 大 0
251.886 252.317 71.0 声 0
252.321 254.056 71.0 狂 0
254.06 255.796 70.0 吼 1
256.463 256.677 56.0 想 0
256.681 257.003 71.0 飙 0
257.007 257.329 71.0 到 0
257.333 257.547 71.0 那 0
257.55 257.981 70.0 最 0
257.985 258.416 68.0 高 0
258.42 258.851 66.0 最 0
258.855 259.286 61.0 远 0
259.289 260.59 63.0 最 0
260.594 261.025 64.0 辽 0
261.029 261.786 68.0 阔 0
261.789 263.199 66.0 - 1
263.415 263.629 56.0 想 0
263.632 263.955 68.0 唱 0
263.958 264.281 68.0 完 0
264.284 264.498 68.0 那 0
264.502 264.933 66.0 最 0
264.937 265.042 61.0 感 0
265.154 265.585 61.0 动 0
265.589 266.237 64.0 的 0
266.241 266.563 63.0 一 0
266.567 266.889 61.0 首 0
266.893 269.498 59.0 歌 1
270.364 270.578 56.0 没 0
270.582 270.904 68.0 看 0
270.908 271.23 70.0 见 0
271.234 271.448 71.0 那 0
271.451 271.882 71.0 天 0
271.886 272.317 70.0 高 0
272.321 272.752 68.0 地 0
272.756 273.078 66.0 厚 0
273.19 274.056 63.0 不 0
274.06 274.491 61.0 肯 0
274.495 274.926 66.0 放 0
274.93 276.882 59.0 手 1
277.264 277.478 59.0 因 0
277.481 277.804 64.0 为 0
277.807 278.13 63.0 我 0
278.133 278.347 64.0 有 0
278.351 278.673 63.0 我 0
278.677 278.999 61.0 想 0
279.003 279.217 61.0 要 0
279.22 279.652 59.0 的 0
279.655 280.086 59.0 朋 0
280.09 283.565 59.0 友 1
284.147 284.361 59.0 你 0
284.365 284.796 63.0 是 0
284.8 285.122 63.0 我 0
285.126 285.448 64.0 最 0
285.452 286.318 63.0 想 0
286.321 286.535 61.0 要 0
286.539 288.6 61.0 的 0
288.93 289.252 58.0 朋 0
289.8 294.361 59.0 友 1
