23.525 23.992 68.0 芦 0
23.994 24.578 70.0 花 0
24.697 24.929 72.0 - 0
24.931 25.75 70.0 白 0
26.338 26.804 68.0 芦 0
26.806 27.273 70.0 花 0
27.275 27.742 65.0 - 0
27.744 28.796 63.0 美 1
29.085 29.786 75.0 花 0
30.023 30.372 75.0 絮 0
30.491 30.958 72.0 满 0
30.96 31.31 68.0 - 0
31.429 31.896 65.0 天 0
31.898 34.122 70.0 飞 1
34.621 35.088 70.0 千 0
35.09 35.439 72.0 - 0
35.559 36.025 72.0 丝 0
36.027 36.494 72.0 万 0
36.496 36.963 75.0 - 0
36.965 37.432 72.0 缕 0
37.434 37.783 70.0 意 0
37.902 38.369 72.0 绵 0
38.371 38.838 70.0 - 0
38.84 39.892 68.0 绵 1
40.314 41.25 70.0 路 0
41.252 41.718 68.0 上 0
41.72 42.187 65.0 彩 0
42.189 42.656 68.0 云 0
42.658 43.125 65.0 - 0
43.127 45.234 63.0 追 1
45.967 46.317 68.0 追 0
46.436 47.137 70.0 过 0
47.139 47.371 72.0 - 0
47.373 48.309 70.0 山 0
48.78 49.246 68.0 追 0
49.248 49.715 70.0 过 0
49.717 50.242 65.0 - 0
50.244 51.121 63.0 水 1
51.517 52.218 75.0 花 0
52.455 52.921 75.0 飞 0
52.923 53.39 72.0 为 0
53.392 53.859 68.0 - 0
53.861 54.328 65.0 了 0
54.33 56.788 70.0 谁 1
57.273 57.74 72.0 大 0
57.742 58.56 72.0 雁 0
58.679 59.146 72.0 成 0
59.148 59.615 75.0 - 0
59.617 60.084 72.0 行 0
60.086 60.552 70.0 人 0
60.554 61.021 72.0 双 0
61.023 61.49 70.0 - 0
61.492 62.544 68.0 对 1
62.784 63.192 70.0 相 0
63.253 63.837 70.0 思 0
63.897 64.188 72.0 - 0
64.19 65.009 70.0 花 0
65.128 65.595 70.0 为 0
65.597 67.834 68.0 媒 1
68.458 69.277 75.0 情 0
69.396 69.863 77.0 和 0
69.865 71.152 75.0 爱 0
71.271 71.738 75.0 花 0
71.74 72.206 77.0 - 0
72.208 72.675 75.0 为 0
72.677 73.73 75.0 媒 1
74.072 74.539 75.0 千 0
74.541 74.891 77.0 里 0
75.01 75.477 75.0 - 0
75.479 75.945 77.0 万 0
75.947 76.648 68.0 里 0
76.885 77.352 68.0 梦 0
77.354 77.82 65.0 - 0
77.822 78.289 70.0 相 0
78.291 79.344 70.0 随 1
79.682 80.149 70.0 莫 0
80.151 80.501 72.0 - 0
80.62 81.087 72.0 忘 0
81.089 81.79 75.0 故 0
81.792 82.024 72.0 - 0
82.026 82.493 72.0 乡 0
82.495 82.844 70.0 秋 0
82.964 83.313 70.0 光 0
83.432 83.899 67.0 - 0
83.901 85.071 65.0 好 1
85.433 85.666 68.0 早 0
85.668 85.9 70.0 戴 0
85.902 86.252 70.0 红 0
86.371 86.838 72.0 花 0
86.84 87.306 75.0 报 0
87.308 87.775 77.0 - 0
87.777 88.127 79.0 春 0
88.129 88.595 77.0 - 0
88.597 90.588 75.0 晖 1
91.012 91.83 75.0 情 0
91.949 92.416 75.0 和 0
92.418 93.588 75.0 爱 0
93.824 94.76 80.0 花 0
94.762 95.229 77.0 为 0
95.231 96.283 75.0 媒 1
96.633 97.1 80.0 千 0
97.16 97.568 80.0 里 0
97.57 98.037 77.0 - 0
98.039 98.506 80.0 万 0
98.508 98.975 80.0 - 0
98.977 99.443 77.0 里 0
99.445 99.795 75.0 梦 0
99.914 100.44 75.0 相 0
100.442 100.851 72.0 - 0
100.853 101.811 70.0 随 1
102.15 102.968 72.0 莫 0
103.088 103.554 72.0 忘 0
103.556 104.257 75.0 故 0
104.259 104.433 72.0 - 0
104.494 104.961 72.0 乡 0
104.963 105.312 70.0 秋 0
105.431 105.898 72.0 光 0
105.9 106.367 67.0 - 0
106.369 107.422 65.0 好 1
107.893 108.067 70.0 早 0
108.127 108.301 70.0 戴 0
108.362 108.711 70.0 红 0
108.831 109.297 75.0 花 0
109.299 110.118 70.0 报 0
110.237 110.704 70.0 春 0
110.706 113.633 68.0 晖 1
124.805 125.272 68.0 芦 0
125.274 125.858 70.0 花 0
125.977 126.209 72.0 - 0
126.211 127.03 70.0 白 0
127.618 128.084 68.0 芦 0
128.086 128.553 70.0 花 0
128.555 129.022 65.0 - 0
129.024 130.077 63.0 美 1
130.362 131.063 75.0 花 0
131.3 131.649 75.0 絮 0
131.768 132.235 72.0 满 0
132.237 132.587 68.0 - 0
132.706 133.173 65.0 天 0
133.175 135.399 70.0 飞 1
136.124 136.591 70.0 千 0
136.592 136.942 72.0 - 0
137.061 137.528 72.0 丝 0
137.53 137.997 72.0 万 0
137.999 138.466 75.0 - 0
138.467 138.934 72.0 缕 0
138.936 139.286 70.0 意 0
139.405 139.872 72.0 绵 0
139.874 140.341 70.0 - 0
140.342 141.395 68.0 绵 1
141.769 142.704 70.0 路 0
142.706 143.173 68.0 上 0
143.175 143.642 65.0 彩 0
143.644 144.111 68.0 云 0
144.112 144.579 65.0 - 0
144.581 146.689 63.0 追 1
147.349 147.699 68.0 追 0
147.818 148.519 70.0 过 0
148.521 148.753 72.0 - 0
148.755 149.691 70.0 山 0
150.162 150.636 68.0 追 0
150.638 151.112 70.0 过 0
151.114 151.647 65.0 - 0
151.649 152.526 63.0 水 1
152.998 153.7 75.0 花 0
153.936 154.403 75.0 飞 0
154.405 154.872 72.0 为 0
154.873 155.34 68.0 - 0
155.342 155.809 65.0 了 0
155.811 158.27 70.0 谁 1
158.599 159.066 70.0 大 0
159.068 159.887 72.0 雁 0
160.064 160.531 72.0 成 0
160.533 161.0 75.0 - 0
161.002 161.469 72.0 行 0
161.471 161.937 70.0 人 0
161.939 162.406 72.0 双 0
162.408 162.875 70.0 - 0
162.877 163.93 68.0 对 1
164.085 164.494 70.0 相 0
164.554 165.138 70.0 思 0
165.199 165.49 72.0 - 0
165.492 166.31 70.0 花 0
166.429 166.896 68.0 为 0
166.898 169.129 68.0 媒 1
169.933 170.751 75.0 情 0
170.871 171.337 75.0 和 0
171.339 172.626 75.0 爱 0
172.746 173.212 75.0 花 0
173.214 173.681 77.0 - 0
173.683 174.15 75.0 为 0
174.152 175.205 75.0 媒 1
175.407 175.874 75.0 千 0
175.876 176.225 77.0 里 0
176.345 176.811 75.0 - 0
176.813 177.28 77.0 万 0
177.282 177.983 68.0 里 0
178.22 178.686 68.0 梦 0
178.688 179.155 65.0 - 0
179.157 179.624 70.0 相 0
179.626 180.679 70.0 随 1
181.075 181.542 70.0 莫 0
181.544 181.893 72.0 - 0
182.013 182.479 72.0 忘 0
182.481 183.183 75.0 故 0
183.185 183.417 72.0 - 0
183.419 183.886 72.0 乡 0
183.888 184.24 70.0 秋 0
184.361 184.713 70.0 光 0
184.833 185.303 67.0 - 0
185.305 186.485 65.0 好 1
186.641 186.873 68.0 早 0
186.875 187.107 70.0 戴 0
187.109 187.459 70.0 红 0
187.578 188.045 72.0 花 0
188.047 188.514 75.0 报 0
188.516 188.982 77.0 - 0
188.984 189.334 79.0 春 0
189.336 189.803 77.0 - 0
189.805 191.802 75.0 晖 1
192.292 193.111 75.0 情 0
193.23 193.697 77.0 和 0
193.699 194.869 75.0 爱 0
195.105 196.04 80.0 花 0
196.042 196.509 77.0 为 0
196.511 197.564 75.0 媒 1
198.027 198.494 77.0 千 0
198.555 198.963 80.0 里 0
198.965 199.432 77.0 - 0
199.434 199.9 80.0 万 0
199.902 200.369 80.0 - 0
200.371 200.838 77.0 里 0
200.84 201.189 75.0 梦 0
201.309 201.834 75.0 相 0
201.836 202.244 72.0 - 0
202.246 203.182 70.0 随 1
203.682 204.501 72.0 莫 0
204.62 205.087 72.0 忘 0
205.089 205.79 75.0 故 0
205.792 205.966 72.0 - 0
206.026 206.493 72.0 乡 0
206.495 206.844 70.0 秋 0
206.964 207.43 72.0 光 0
207.432 207.899 67.0 - 0
207.901 208.954 65.0 好 1
209.306 209.48 70.0 早 0
209.541 209.715 70.0 戴 0
209.775 210.125 70.0 红 0
210.244 210.711 75.0 花 0
210.713 211.531 70.0 报 0
211.65 212.117 68.0 春 0
212.119 214.646 68.0 晖 1
214.836 215.661 72.0 莫 0
215.781 216.251 72.0 忘 0
216.253 216.96 75.0 故 0
216.962 217.137 72.0 - 0
217.198 217.669 72.0 乡 0
217.671 218.023 70.0 秋 0
218.143 218.613 72.0 光 0
218.615 219.086 67.0 - 0
219.088 220.149 65.0 好 1
220.647 220.822 70.0 早 0
220.883 221.059 70.0 戴 0
221.179 221.708 70.0 红 0
221.828 222.299 75.0 花 0
222.419 225.311 82.0 报 0
225.313 228.204 84.0 - 0
229.092 230.803 82.0 春 0
230.864 231.511 80.0 - 0
231.572 238.066 80.0 晖 1
