21.799 21.919 55.0 你 0
21.924 22.237 55.0 时 0
22.243 22.556 58.0 而 0
22.562 22.876 60.0 的 0
22.881 23.195 60.0 热 0
23.2 23.918 60.0 度 1
24.435 24.589 60.0 又 0
24.595 24.909 60.0 时 0
24.914 25.228 63.0 而 0
25.233 25.547 65.0 的 0
25.552 25.866 65.0 冷 0
25.871 26.51 67.0 漠 1
27.132 27.446 55.0 我 0
27.451 27.765 58.0 不 0
27.77 28.084 60.0 知 0
28.089 28.403 60.0 道 0
28.408 29.047 60.0 要 1
29.585 29.899 58.0 怎 0
29.904 30.218 58.0 么 0
30.223 30.537 60.0 去 0
30.543 30.856 58.0 迎 0
30.862 31.58 55.0 合 1
32.175 32.489 55.0 夜 0
32.494 32.808 58.0 里 0
32.814 33.127 60.0 的 0
33.133 33.447 63.0 寂 0
33.452 34.25 60.0 寞 1
34.835 35.149 58.0 想 0
35.155 35.468 58.0 你 0
35.474 35.788 60.0 的 0
35.793 36.107 55.0 温 0
36.112 36.75 55.0 柔 1
37.285 37.598 60.0 伤 0
37.604 37.918 60.0 心 0
37.923 38.077 63.0 的 0
38.083 38.556 65.0 时 0
38.561 39.279 65.0 候 1
39.789 39.944 62.0 就 0
39.949 40.263 62.0 为 0
40.268 40.587 60.0 你 0
40.587 40.901 58.0 唱 0
40.906 41.22 58.0 情 0
41.225 42.502 60.0 歌 1
44.844 44.998 55.0 你 0
45.003 45.317 55.0 是 0
45.322 45.636 58.0 想 0
45.642 45.955 60.0 离 0
45.961 46.275 63.0 开 0
46.28 46.918 60.0 我 1
47.499 47.813 58.0 却 0
47.819 48.132 58.0 不 0
48.138 48.452 60.0 对 0
48.457 48.771 55.0 我 0
48.776 49.414 55.0 说 1
50.15 50.463 58.0 我 0
50.469 50.783 63.0 已 0
50.788 51.102 65.0 看 0
51.107 51.421 65.0 明 0
51.426 52.144 65.0 白 1
52.617 52.931 62.0 却 0
52.936 53.25 62.0 又 0
53.255 53.569 60.0 能 0
53.574 53.888 58.0 如 0
53.893 54.611 60.0 何 1
55.105 55.419 53.0 夜 0
55.424 55.738 58.0 里 0
55.743 56.057 60.0 的 0
56.062 56.376 60.0 孤 0
56.382 57.179 60.0 独 1
57.659 57.973 58.0 想 0
57.978 58.292 58.0 你 0
58.297 58.611 60.0 的 0
58.617 58.964 55.0 问 0
58.964 59.494 55.0 候 1
60.285 60.599 60.0 人 0
60.605 60.918 63.0 在 0
60.924 61.238 67.0 伤 0
61.243 61.557 63.0 心 0
61.562 62.2 65.0 时 1
62.853 63.486 62.0 泪 0
63.491 63.805 60.0 才 0
63.81 64.443 60.0 会 0
64.448 65.4 60.0 流 1
75.707 75.947 60.0 你 0
76.026 76.34 63.0 是 0
76.345 76.659 67.0 假 0
76.664 76.978 63.0 的 0
76.983 77.861 65.0 情 1
78.173 78.413 60.0 我 0
78.492 78.733 63.0 是 0
78.811 79.125 65.0 真 0
79.13 79.444 65.0 的 0
79.449 80.008 60.0 爱 1
80.82 81.134 67.0 我 0
81.139 81.453 67.0 的 0
81.458 81.772 67.0 心 0
81.777 82.091 67.0 都 0
82.097 82.41 65.0 碎 0
82.416 82.729 65.0 - 0
82.735 83.368 63.0 了 1
83.373 83.687 65.0 你 0
83.692 84.006 65.0 也 0
84.011 84.166 65.0 不 0
84.171 84.644 67.0 明 0
84.65 85.448 65.0 白 1
85.767 86.081 60.0 修 0
86.086 86.4 63.0 来 0
86.406 86.719 65.0 的 0
86.725 87.039 67.0 缘 0
87.044 87.682 65.0 分 1
88.298 88.612 62.0 伤 0
88.618 88.931 62.0 了 0
88.937 89.251 62.0 我 0
89.256 89.57 58.0 的 0
89.575 90.373 55.0 心 1
91.016 91.33 62.0 我 0
91.335 91.649 62.0 已 0
91.654 91.968 62.0 知 0
91.973 92.287 58.0 道 0
92.292 92.606 58.0 我 0
92.611 92.925 55.0 们 0
92.931 93.244 55.0 的 0
93.25 93.564 55.0 爱 0
93.569 93.883 58.0 不 0
93.888 94.202 55.0 可 0
94.207 94.521 58.0 能 0
94.526 94.767 60.0 重 0
94.845 96.122 60.0 来 1
116.276 116.43 55.0 你 0
116.436 116.749 55.0 时 0
116.755 117.069 58.0 而 0
117.074 117.388 60.0 的 0
117.393 117.707 60.0 热 0
117.712 118.35 60.0 度 1
118.835 118.989 60.0 又 0
118.995 119.309 60.0 时 0
119.314 119.628 63.0 而 0
119.633 119.947 65.0 的 0
119.952 120.266 65.0 冷 0
120.271 120.876 67.0 漠 1
121.539 121.853 55.0 我 0
121.858 122.172 58.0 不 0
122.177 122.491 60.0 知 0
122.496 122.81 60.0 道 0
122.816 123.454 60.0 要 1
124.042 124.356 58.0 怎 0
124.361 124.675 58.0 么 0
124.68 124.994 60.0 去 0
125.0 125.313 58.0 迎 0
125.319 125.957 55.0 合 1
126.75 127.064 55.0 夜 0
127.07 127.383 58.0 里 0
127.389 127.703 60.0 的 0
127.708 128.022 63.0 寂 0
128.027 128.745 60.0 寞 1
129.214 129.527 58.0 想 0
129.533 129.847 60.0 你 0
129.852 130.166 60.0 的 0
130.171 130.485 58.0 温 0
130.49 131.128 55.0 柔 1
131.873 132.187 60.0 伤 0
132.192 132.506 60.0 心 0
132.511 132.665 63.0 的 0
132.671 133.144 65.0 时 0
133.149 133.788 65.0 候 1
134.083 134.238 62.0 就 0
134.243 134.557 62.0 为 0
134.562 134.881 60.0 你 0
134.881 135.195 58.0 唱 0
135.2 135.514 58.0 情 0
135.52 136.317 60.0 歌 1
139.291 139.445 55.0 你 0
139.45 139.764 55.0 是 0
139.769 140.083 58.0 想 0
140.089 140.402 60.0 离 0
140.408 140.722 63.0 开 0
140.727 141.525 60.0 我 1
141.977 142.29 58.0 却 0
142.296 142.61 60.0 不 0
142.615 142.929 60.0 对 0
142.934 143.248 58.0 我 0
143.253 143.891 55.0 说 1
144.582 144.896 60.0 我 0
144.901 145.215 63.0 已 0
145.22 145.534 65.0 看 0
145.539 145.853 65.0 明 0
145.858 146.576 65.0 白 1
147.136 147.45 62.0 却 0
147.455 147.769 62.0 又 0
147.774 148.088 60.0 能 0
148.093 148.407 58.0 如 0
148.413 149.051 60.0 何 1
149.699 150.013 53.0 夜 0
150.018 150.332 58.0 里 0
150.337 150.651 60.0 的 0
150.657 150.97 60.0 孤 0
150.976 151.694 60.0 独 1
152.161 152.475 58.0 想 0
152.48 152.794 58.0 你 0
152.8 153.113 60.0 的 0
153.119 153.458 55.0 问 0
153.458 154.076 55.0 候 1
154.812 155.126 60.0 人 0
155.132 155.445 63.0 在 0
155.451 155.765 67.0 伤 0
155.77 156.084 63.0 心 0
156.089 156.727 65.0 时 1
157.286 157.919 62.0 泪 0
157.924 158.238 60.0 才 0
158.243 158.876 60.0 会 0
158.881 159.834 60.0 流 1
170.109 170.422 60.0 你 0
170.428 170.742 63.0 是 0
170.747 171.061 65.0 假 0
171.066 171.38 63.0 的 0
171.385 172.024 65.0 情 1
172.552 172.866 60.0 我 0
172.871 173.185 63.0 是 0
173.19 173.504 65.0 真 0
173.509 173.823 65.0 的 0
173.828 174.467 60.0 爱 1
175.122 175.436 67.0 我 0
175.441 175.755 67.0 的 0
175.76 176.074 67.0 心 0
176.079 176.393 67.0 都 0
176.399 176.712 65.0 碎 0
176.718 177.032 63.0 - 0
177.037 177.67 63.0 了 1
177.767 178.081 65.0 你 0
178.086 178.4 65.0 也 0
178.406 178.56 65.0 不 0
178.565 179.038 67.0 明 0
179.044 179.682 65.0 白 1
180.225 180.539 60.0 修 0
180.545 180.858 63.0 来 0
180.864 181.178 65.0 的 0
181.183 181.497 67.0 缘 0
181.502 182.14 65.0 分 1
182.948 183.261 62.0 伤 0
183.267 183.581 62.0 了 0
183.586 183.9 62.0 我 0
183.905 184.219 58.0 的 0
184.224 184.862 55.0 心 1
185.344 185.658 62.0 我 0
185.663 185.977 62.0 已 0
185.982 186.296 62.0 知 0
186.301 186.615 58.0 道 0
186.62 186.934 58.0 我 0
186.94 187.253 55.0 们 0
187.259 187.573 55.0 的 0
187.578 187.892 55.0 爱 0
187.897 188.211 58.0 不 0
188.216 188.53 55.0 可 0
188.535 188.849 58.0 能 0
188.854 189.168 60.0 重 0
189.174 189.892 60.0 来 1
190.54 190.854 60.0 你 0
190.859 191.173 63.0 是 0
191.178 191.492 65.0 假 0
191.498 191.811 63.0 的 0
191.817 192.455 65.0 情 1
193.149 193.463 60.0 我 0
193.469 193.782 63.0 是 0
193.788 194.101 65.0 真 0
194.107 194.421 67.0 的 0
194.426 195.144 60.0 爱 1
195.611 195.924 67.0 我 0
195.93 196.244 67.0 的 0
196.249 196.563 67.0 心 0
196.568 196.882 67.0 都 0
196.887 197.201 65.0 碎 0
197.206 197.52 65.0 - 0
197.525 198.158 63.0 了 1
198.192 198.506 65.0 你 0
198.511 198.825 65.0 也 0
198.83 198.984 65.0 不 0
198.99 199.463 67.0 明 0
199.468 200.107 65.0 白 1
200.795 201.109 60.0 修 0
201.114 201.428 63.0 来 0
201.433 201.747 65.0 的 0
201.752 202.066 65.0 缘 0
202.072 202.71 65.0 分 1
203.308 203.622 62.0 伤 0
203.627 203.941 62.0 了 0
203.946 204.26 62.0 我 0
204.266 204.579 58.0 的 0
204.585 205.223 55.0 心 1
205.821 206.135 62.0 我 0
206.14 206.454 62.0 已 0
206.46 206.773 62.0 知 0
206.779 207.093 58.0 道 0
207.098 207.412 58.0 我 0
207.417 207.731 55.0 们 0
207.736 208.05 55.0 的 0
208.055 208.369 55.0 爱 0
208.375 208.688 58.0 不 0
208.694 209.007 55.0 可 0
209.013 209.327 58.0 能 0
209.332 209.646 60.0 重 0
209.651 210.369 60.0 来 1
210.987 211.301 60.0 修 0
211.306 211.62 63.0 来 0
211.625 211.939 65.0 的 0
211.944 212.258 65.0 缘 0
212.263 213.061 65.0 分 1
213.539 213.853 62.0 伤 0
213.858 214.172 62.0 了 0
214.177 214.491 62.0 我 0
214.496 214.81 58.0 的 0
214.815 215.534 55.0 心 1
216.109 216.503 62.0 我 0
216.508 216.742 62.0 不 0
216.747 217.061 62.0 知 0
217.067 217.38 58.0 道 0
217.386 217.7 58.0 怎 0
217.705 218.019 55.0 么 0
218.024 218.657 62.0 去 0
218.662 218.976 67.0 把 0
218.981 219.295 67.0 你 0
219.301 219.614 67.0 换 0
219.62 219.934 70.0 回 0
219.939 221.21 72.0 来 1
