18.304 18.544 56.0 被 0
18.544 18.784 64.0 伤 0
18.784 19.023 63.0 过 0
19.023 19.263 59.0 的 0
19.263 19.732 61.0 心 0
19.732 20.201 61.0 还 0
20.201 20.669 59.0 可 0
20.669 20.904 61.0 以 0
20.904 21.138 61.0 爱 0
21.138 21.372 63.0 - 0
21.372 21.607 56.0 - 0
21.607 22.076 56.0 谁 1
22.49 22.725 56.0 没 0
22.725 22.959 59.0 人 0
22.959 23.428 61.0 心 0
23.428 23.897 61.0 疼 0
23.897 24.365 59.0 的 0
24.365 24.6 52.0 滋 0
24.6 25.068 59.0 味 0
25.068 25.772 56.0 - 1
26.183 26.418 54.0 我 0
26.418 26.652 54.0 给 0
26.652 27.121 54.0 你 0
27.121 27.355 56.0 的 0
27.355 27.59 59.0 爱 0
27.59 28.058 61.0 - 1
28.109 28.344 56.0 已 0
28.344 28.578 54.0 经 0
28.578 29.047 56.0 被 0
29.047 29.281 61.0 掩 0
29.281 29.75 64.0 埋 0
29.75 30.219 61.0 - 1
30.28 30.514 61.0 我 0
30.514 30.866 68.0 舍 0
30.866 31.217 66.0 不 0
31.217 31.452 64.0 得 0
31.452 31.803 64.0 这 0
31.803 32.155 63.0 样 0
32.155 32.389 61.0 放 0
32.389 32.623 61.0 开 0
32.623 32.975 63.0 - 1
33.169 33.403 56.0 被 0
33.403 33.637 64.0 伤 0
33.637 33.872 63.0 过 0
33.872 34.106 59.0 的 0
34.106 34.575 61.0 心 0
34.575 35.044 61.0 还 0
35.044 35.512 59.0 可 0
35.512 35.747 61.0 以 0
35.747 35.981 61.0 爱 0
35.981 36.215 63.0 - 0
36.215 36.45 56.0 - 0
36.45 36.919 56.0 谁 1
37.436 37.671 56.0 没 0
37.671 37.905 59.0 人 0
37.905 38.374 61.0 来 0
38.374 38.843 61.0 陪 0
38.843 39.311 59.0 的 0
39.311 39.546 52.0 滋 0
39.546 40.014 56.0 味 0
40.014 40.718 56.0 - 1
41.129 41.364 54.0 你 0
41.364 41.598 54.0 的 0
41.598 42.067 54.0 爱 0
42.067 42.301 56.0 不 0
42.301 42.536 59.0 在 0
42.536 43.004 61.0 - 1
43.065 43.3 56.0 我 0
43.3 43.534 54.0 一 0
43.534 44.003 56.0 片 0
44.003 44.237 61.0 空 0
44.237 44.706 61.0 白 0
44.706 45.175 61.0 - 1
45.186 45.42 61.0 爱 0
45.42 45.772 68.0 真 0
45.772 46.123 66.0 的 0
46.123 46.358 64.0 让 0
46.358 46.709 64.0 人 0
46.709 47.061 63.0 好 0
47.061 47.295 61.0 无 0
47.295 48.233 63.0 奈 0
48.467 48.936 60.0 好 0
48.936 49.17 60.0 无 0
49.17 51.983 61.0 奈 1
53.437 53.671 49.0 曾 0
53.671 53.906 51.0 经 0
53.906 54.374 52.0 给 0
54.374 54.843 49.0 你 0
54.843 55.312 56.0 的 0
55.312 55.546 54.0 真 0
55.546 56.718 54.0 心 1
57.699 57.933 56.0 却 0
57.933 58.402 56.0 被 0
58.402 58.636 54.0 你 0
58.636 58.87 52.0 抛 0
58.87 59.339 49.0 - 0
59.339 60.511 49.0 弃 1
60.901 61.135 49.0 若 0
61.135 61.37 51.0 承 0
61.37 61.838 52.0 诺 0
61.838 62.307 49.0 对 0
62.307 62.776 56.0 你 0
62.776 63.01 54.0 来 0
63.01 63.245 54.0 说 1
63.705 63.94 52.0 是 0
63.94 64.174 54.0 一 0
64.174 64.408 54.0 种 0
64.408 64.877 56.0 - 0
64.877 65.112 56.0 对 0
65.112 65.463 59.0 错 0
65.463 65.815 56.0 的 0
65.815 66.049 54.0 结 0
66.049 67.338 56.0 果 1
68.445 68.679 54.0 那 0
68.679 68.914 54.0 么 0
68.914 69.382 54.0 为 0
69.382 69.617 56.0 什 0
69.617 70.789 57.0 么 1
71.279 71.514 56.0 我 0
71.514 71.748 57.0 却 0
71.748 72.217 56.0 一 0
72.217 72.451 54.0 错 0
72.451 72.686 54.0 再 0
72.686 73.154 56.0 - 0
73.154 74.092 52.0 错 1
74.947 75.182 49.0 很 0
75.182 75.416 51.0 失 0
75.416 76.354 52.0 落 1
76.66 77.129 49.0 你 0
77.129 77.363 51.0 的 0
77.363 78.301 52.0 泪 0
78.301 78.769 52.0 不 0
78.769 79.238 54.0 是 0
79.238 79.707 56.0 为 0
79.707 79.941 56.0 我 0
79.941 80.41 56.0 而 0
80.41 80.879 54.0 坠 0
80.879 82.051 56.0 落 1
83.301 83.535 49.0 再 0
83.535 83.77 51.0 给 0
83.77 84.238 52.0 我 0
84.238 84.707 49.0 一 0
84.707 85.176 56.0 次 0
85.176 85.41 54.0 认 0
85.41 86.582 54.0 真 1
87.677 88.028 59.0 爱 0
88.028 88.38 56.0 我 0
88.38 88.614 54.0 的 0
88.614 88.848 52.0 眼 0
88.848 89.317 49.0 - 0
89.317 90.489 49.0 神 1
90.909 91.143 49.0 若 0
91.143 91.378 51.0 誓 0
91.378 91.846 52.0 言 0
91.846 92.315 49.0 对 0
92.315 92.784 56.0 你 0
92.784 93.018 54.0 来 0
93.018 93.253 54.0 说 1
93.805 94.04 52.0 是 0
94.04 94.274 54.0 一 0
94.274 94.508 54.0 次 0
94.508 94.977 56.0 - 0
94.977 95.212 56.0 冲 0
95.212 95.563 59.0 动 0
95.563 95.915 56.0 的 0
95.915 96.149 54.0 过 0
96.149 97.438 56.0 错 1
98.303 98.537 54.0 那 0
98.537 98.772 54.0 么 0
98.772 99.24 54.0 为 0
99.24 99.475 56.0 什 0
99.475 100.647 57.0 么 1
101.287 101.522 56.0 我 0
101.522 101.639 63.0 却 0
101.639 102.225 63.0 一 0
102.225 102.459 61.0 再 0
102.459 102.928 61.0 沦 0
102.928 104.1 56.0 落 1
104.898 105.133 54.0 很 0
105.133 105.367 56.0 难 0
105.367 106.305 57.0 过 1
106.509 106.978 54.0 该 0
106.978 107.212 56.0 不 0
107.212 108.15 57.0 该 0
108.15 108.618 56.0 离 0
108.618 109.087 54.0 开 0
109.087 109.556 56.0 才 0
109.556 109.79 56.0 是 0
109.79 110.259 56.0 种 0
110.259 110.728 64.0 解 0
110.728 110.962 63.0 - 0
110.962 111.9 63.0 脱 1
111.986 112.22 56.0 被 0
112.22 112.454 64.0 伤 0
112.454 112.689 63.0 过 0
112.689 112.923 59.0 的 0
112.923 113.392 61.0 心 0
113.392 113.861 61.0 还 0
113.861 114.329 59.0 可 0
114.329 114.564 61.0 以 0
114.564 114.798 61.0 爱 0
114.798 115.032 63.0 - 0
115.032 115.267 56.0 - 0
115.267 115.736 56.0 谁 1
116.117 116.352 56.0 没 0
116.352 116.586 59.0 人 0
116.586 117.055 61.0 心 0
117.055 117.524 61.0 疼 0
117.524 117.992 59.0 的 0
117.992 118.227 52.0 滋 0
118.227 118.695 59.0 味 0
118.695 119.399 56.0 - 1
119.88 120.115 54.0 我 0
120.115 120.349 54.0 给 0
120.349 120.818 54.0 你 0
120.818 121.052 56.0 的 0
121.052 121.287 59.0 爱 0
121.287 121.755 61.0 - 1
121.815 122.05 56.0 已 0
122.05 122.284 54.0 经 0
122.284 122.753 56.0 被 0
122.753 122.987 61.0 掩 0
122.987 123.456 64.0 埋 0
123.456 123.925 61.0 - 1
123.991 124.225 61.0 我 0
124.225 124.577 68.0 舍 0
124.577 124.928 66.0 不 0
124.928 125.163 64.0 得 0
125.163 125.514 64.0 这 0
125.514 125.866 63.0 样 0
125.866 126.1 61.0 放 0
126.1 126.334 61.0 开 0
126.334 126.686 63.0 - 1
126.894 127.128 56.0 被 0
127.128 127.362 64.0 伤 0
127.362 127.597 63.0 过 0
127.597 127.831 59.0 的 0
127.831 128.3 61.0 心 0
128.3 128.769 61.0 还 0
128.769 129.237 59.0 可 0
129.237 129.472 61.0 以 0
129.472 129.706 61.0 爱 0
129.706 129.94 63.0 - 0
129.94 130.175 56.0 - 0
130.175 130.644 56.0 谁 1
131.258 131.493 56.0 没 0
131.493 131.727 59.0 人 0
131.727 132.196 61.0 来 0
132.196 132.665 61.0 陪 0
132.665 133.133 59.0 的 0
133.133 133.368 52.0 滋 0
133.368 133.836 56.0 味 0
133.836 134.54 56.0 - 1
134.99 135.225 54.0 你 0
135.225 135.459 54.0 的 0
135.459 135.928 54.0 爱 0
135.928 136.162 56.0 不 0
136.162 136.397 59.0 在 0
136.397 136.865 61.0 - 1
136.919 137.154 56.0 我 0
137.154 137.388 54.0 一 0
137.388 137.857 56.0 片 0
137.857 138.091 61.0 空 0
138.091 138.56 61.0 白 0
138.56 139.029 61.0 - 1
139.041 139.275 61.0 爱 0
139.275 139.627 68.0 真 0
139.627 139.978 66.0 的 0
139.978 140.213 64.0 让 0
140.213 140.564 64.0 人 0
140.564 140.916 63.0 好 0
140.916 141.15 61.0 无 0
141.15 142.088 63.0 奈 0
142.322 142.791 60.0 好 0
142.791 143.025 60.0 无 0
143.025 145.369 61.0 奈 1
188.404 188.638 49.0 再 0
188.638 188.873 51.0 给 0
188.873 189.341 52.0 我 0
189.341 189.81 49.0 一 0
189.81 190.279 56.0 次 0
190.279 190.513 54.0 认 0
190.513 191.685 54.0 真 1
192.652 193.003 59.0 爱 0
193.003 193.355 56.0 我 0
193.355 193.589 54.0 的 0
193.589 193.823 52.0 眼 0
193.823 194.292 49.0 - 0
194.292 195.464 49.0 神 1
195.936 196.17 49.0 若 0
196.17 196.405 51.0 誓 0
196.405 196.873 52.0 言 0
196.873 197.342 49.0 对 0
197.342 197.811 56.0 你 0
197.811 198.045 54.0 来 0
198.045 198.28 54.0 说 1
198.63 198.865 52.0 是 0
198.865 199.099 54.0 一 0
199.099 199.333 54.0 次 0
199.333 199.802 56.0 - 0
199.802 200.037 56.0 冲 0
200.037 200.388 59.0 动 0
200.388 200.74 56.0 的 0
200.74 200.974 54.0 过 0
200.974 202.263 56.0 错 1
203.435 203.669 54.0 那 0
203.669 203.904 54.0 么 0
203.904 204.372 54.0 为 0
204.372 204.607 56.0 什 0
204.607 205.779 57.0 么 1
206.184 206.419 56.0 我 0
206.419 206.536 63.0 却 0
206.536 207.122 63.0 一 0
207.122 207.356 61.0 再 0
207.356 207.825 61.0 沦 0
207.825 208.997 56.0 落 1
210.01 210.245 54.0 很 0
210.245 210.479 56.0 难 0
210.479 211.417 57.0 过 1
211.69 212.159 54.0 该 0
212.159 212.393 56.0 不 0
212.393 213.331 57.0 该 0
213.331 213.799 56.0 离 0
213.799 214.268 54.0 开 0
214.268 214.737 56.0 才 0
214.737 214.971 56.0 是 0
214.971 215.44 56.0 种 0
215.44 215.909 64.0 解 0
215.909 216.143 63.0 - 0
216.143 217.081 63.0 脱 1
217.091 217.325 56.0 被 0
217.325 217.559 64.0 伤 0
217.559 217.794 63.0 过 0
217.794 218.028 59.0 的 0
218.028 218.497 61.0 心 0
218.497 218.966 61.0 还 0
218.966 219.434 59.0 可 0
219.434 219.669 61.0 以 0
219.669 219.903 61.0 爱 0
219.903 220.137 63.0 - 0
220.137 220.372 56.0 - 0
220.372 220.841 56.0 谁 1
221.204 221.439 56.0 没 0
221.439 221.673 59.0 人 0
221.673 222.142 61.0 心 0
222.142 222.611 61.0 疼 0
222.611 223.079 59.0 的 0
223.079 223.314 52.0 滋 0
223.314 223.782 59.0 味 0
223.782 224.486 56.0 - 1
225.015 225.25 54.0 我 0
225.25 225.484 54.0 给 0
225.484 225.953 54.0 你 0
225.953 226.187 56.0 的 0
226.187 226.422 59.0 爱 0
226.422 226.89 61.0 - 1
226.937 227.172 56.0 已 0
227.172 227.406 54.0 经 0
227.406 227.875 56.0 被 0
227.875 228.109 61.0 掩 0
228.109 228.578 64.0 埋 0
228.578 229.047 61.0 - 1
229.047 229.281 61.0 我 0
229.281 229.633 68.0 舍 0
229.633 229.984 66.0 不 0
229.984 230.219 64.0 得 0
230.219 230.57 64.0 这 0
230.57 230.922 63.0 样 0
230.922 231.156 61.0 放 0
231.156 231.39 61.0 开 0
231.39 231.742 63.0 - 1
231.998 232.232 56.0 被 0
232.232 232.466 64.0 伤 0
232.466 232.701 63.0 过 0
232.701 232.935 59.0 的 0
232.935 233.404 61.0 心 0
233.404 233.873 61.0 还 0
233.873 234.341 59.0 可 0
234.341 234.576 61.0 以 0
234.576 234.81 61.0 爱 0
234.81 235.044 63.0 - 0
235.044 235.279 56.0 - 0
235.279 235.748 56.0 谁 1
236.269 236.504 56.0 没 0
236.504 236.738 59.0 人 0
236.738 237.207 61.0 来 0
237.207 237.676 61.0 陪 0
237.676 238.144 59.0 的 0
238.144 238.379 52.0 滋 0
238.379 238.847 56.0 味 0
238.847 239.551 56.0 - 1
239.97 240.205 54.0 你 0
240.205 240.439 54.0 的 0
240.439 240.908 54.0 爱 0
240.908 241.142 56.0 不 0
241.142 241.377 59.0 在 0
241.377 241.845 61.0 - 1
241.92 242.155 56.0 我 0
242.155 242.389 54.0 一 0
242.389 242.858 56.0 片 0
242.858 243.092 61.0 空 0
243.092 243.561 61.0 白 0
243.561 244.03 61.0 - 1
244.03 244.264 61.0 爱 0
244.264 244.616 68.0 真 0
244.616 244.967 66.0 的 0
244.967 245.202 64.0 让 0
245.202 245.553 64.0 人 0
245.553 245.905 63.0 好 0
245.905 246.139 61.0 无 0
246.139 247.077 63.0 奈 0
247.311 247.78 60.0 好 0
247.78 248.014 60.0 无 0
248.014 250.358 61.0 奈 1
250.727 250.961 56.0 被 0
250.961 251.195 64.0 伤 0
251.195 251.43 63.0 过 0
251.43 251.664 59.0 的 0
251.664 252.133 61.0 心 0
252.133 252.602 61.0 还 0
252.602 253.07 59.0 可 0
253.07 253.305 61.0 以 0
253.305 253.539 61.0 爱 0
253.539 253.773 63.0 - 0
253.773 254.008 56.0 - 0
254.008 254.477 56.0 谁 1
254.994 255.229 56.0 没 0
255.229 255.463 59.0 人 0
255.463 255.932 61.0 心 0
255.932 256.401 61.0 疼 0
256.401 256.869 59.0 的 0
256.869 257.104 52.0 滋 0
257.104 257.572 59.0 味 0
257.572 258.276 56.0 - 1
258.679 258.914 54.0 我 0
258.914 259.148 54.0 给 0
259.148 259.617 54.0 你 0
259.617 259.851 56.0 的 0
259.851 260.086 59.0 爱 0
260.086 260.554 61.0 - 1
260.672 260.907 56.0 已 0
260.907 261.141 54.0 经 0
261.141 261.61 56.0 被 0
261.61 261.844 61.0 掩 0
261.844 262.313 64.0 埋 0
262.313 262.782 61.0 - 1
262.79 263.024 61.0 我 0
263.024 263.376 68.0 舍 0
263.376 263.727 66.0 不 0
263.727 263.962 64.0 得 0
263.962 264.313 64.0 这 0
264.313 264.665 63.0 样 0
264.665 264.899 61.0 放 0
264.899 265.133 61.0 开 0
265.133 265.485 63.0 - 1
265.729 265.963 56.0 被 0
265.963 266.197 64.0 伤 0
266.197 266.432 63.0 过 0
266.432 266.666 59.0 的 0
266.666 267.135 61.0 心 0
267.135 267.604 61.0 还 0
267.604 268.072 59.0 可 0
268.072 268.307 61.0 以 0
268.307 268.541 61.0 爱 0
268.541 268.775 63.0 - 0
268.775 269.01 56.0 - 0
269.01 269.479 56.0 谁 1
270.015 270.25 56.0 没 0
270.25 270.484 59.0 人 0
270.484 270.953 61.0 来 0
270.953 271.422 61.0 陪 0
271.422 271.89 59.0 的 0
271.89 272.125 52.0 滋 0
272.125 272.593 56.0 味 0
272.593 273.297 56.0 - 1
273.706 273.941 54.0 你 0
273.941 274.175 54.0 的 0
274.175 274.644 54.0 爱 0
274.644 274.878 56.0 不 0
274.878 275.113 59.0 在 0
275.113 275.581 61.0 - 1
275.686 275.921 56.0 我 0
275.921 276.155 54.0 一 0
276.155 276.624 56.0 片 0
276.624 276.858 61.0 空 0
276.858 277.327 61.0 白 0
277.327 277.796 61.0 - 1
277.796 278.03 61.0 爱 0
278.03 278.382 68.0 真 0
278.382 278.733 66.0 的 0
278.733 278.968 64.0 让 0
278.968 279.319 64.0 人 0
279.319 279.671 63.0 好 0
279.671 279.905 61.0 无 0
279.905 280.843 63.0 奈 0
281.077 281.546 60.0 好 0
281.546 281.78 60.0 无 0
281.78 284.124 61.0 奈 1
