29.308 29.541 64.0 关 0
29.541 29.774 64.0 于 0
29.774 30.001 67.0 你 0
30.001 30.456 69.0 - 0
30.456 30.683 69.0 们 0
30.683 31.024 69.0 之 0
31.024 31.365 69.0 间 0
31.365 31.592 67.0 的 0
31.592 32.047 67.0 故 0
32.047 32.501 62.0 事 1
32.803 33.03 62.0 你 0
33.03 33.257 60.0 总 0
33.257 33.485 62.0 有 0
33.485 34.166 64.0 牵 0
34.166 34.394 67.0 强 0
34.394 34.848 64.0 的 0
34.848 35.303 64.0 解 0
35.303 36.212 57.0 释 1
36.605 36.833 57.0 我 0
36.833 37.06 60.0 不 0
37.06 37.514 62.0 再 0
37.514 37.969 62.0 想 0
37.969 38.196 62.0 听 0
38.196 38.651 60.0 你 0
38.651 38.878 57.0 的 0
38.878 39.333 62.0 毒 0
39.333 39.56 64.0 - 0
39.56 39.787 62.0 誓 1
40.249 40.476 57.0 因 0
40.476 40.703 60.0 为 0
40.703 40.931 62.0 这 0
40.931 41.158 62.0 已 0
41.158 41.385 62.0 不 0
41.385 41.612 62.0 是 0
41.612 42.067 67.0 第 0
42.067 42.521 69.0 一 0
42.521 43.431 64.0 次 1
43.951 44.178 64.0 你 0
44.178 44.406 64.0 把 0
44.406 44.633 67.0 谎 0
44.633 45.087 69.0 - 0
45.087 45.315 69.0 言 0
45.315 45.656 69.0 精 0
45.656 45.997 69.0 心 0
45.997 46.224 67.0 的 0
46.224 46.678 67.0 编 0
46.678 47.133 62.0 织 1
47.289 47.516 62.0 我 0
47.516 47.744 60.0 不 0
47.744 47.971 62.0 想 0
47.971 48.653 64.0 再 0
48.653 48.88 67.0 被 0
48.88 49.335 64.0 你 0
49.335 49.562 62.0 伤 0
49.562 49.789 64.0 一 0
49.789 50.698 57.0 次 1
51.104 51.331 57.0 早 0
51.331 51.558 60.0 已 0
51.558 52.013 62.0 听 0
52.013 52.24 62.0 惯 0
52.24 52.467 62.0 了 0
52.467 52.922 62.0 你 0
52.922 53.377 60.0 的 0
53.377 53.604 62.0 滥 0
53.604 54.058 62.0 调 0
54.058 54.286 64.0 陈 0
54.286 54.74 62.0 词 1
54.881 55.108 60.0 现 0
55.108 55.336 62.0 在 0
55.336 55.79 67.0 回 0
55.79 57.154 64.0 头 0
57.154 57.608 64.0 算 0
57.608 57.836 62.0 不 0
57.836 58.518 62.0 算 0
58.518 58.972 60.0 太 0
58.972 60.79 57.0 迟 1
62.546 63.001 64.0 知 0
63.001 63.91 57.0 道 0
63.91 64.365 60.0 她 0
64.365 65.274 62.0 在 0
65.728 66.183 60.0 你 0
66.183 66.41 62.0 心 0
66.41 66.865 64.0 - 0
66.865 67.092 62.0 里 0
67.092 67.546 60.0 的 0
67.546 68.001 62.0 位 0
68.001 68.91 64.0 置 1
69.262 69.489 64.0 你 0
69.489 69.716 67.0 在 0
69.716 70.171 72.0 梦 0
70.171 70.625 69.0 里 0
71.08 71.307 67.0 喊 0
71.307 71.534 69.0 着 0
71.534 71.989 67.0 她 0
71.989 72.898 57.0 的 0
72.898 73.353 65.0 名 0
73.353 74.262 62.0 字 1
77.105 78.014 64.0 把 0
78.014 78.469 57.0 我 0
78.469 78.923 64.0 变 0
78.923 79.832 62.0 成 0
80.287 80.741 60.0 了 0
80.741 80.969 62.0 寂 0
80.969 81.423 64.0 - 0
81.423 81.65 62.0 寞 0
81.65 82.105 60.0 的 0
82.105 82.559 67.0 影 0
82.559 83.469 64.0 子 1
83.847 84.074 64.0 所 0
84.074 84.302 67.0 有 0
84.302 84.756 69.0 一 0
84.756 84.983 69.0 切 0
84.983 85.211 67.0 往 0
85.211 85.665 64.0 事 0
85.665 85.893 60.0 都 0
85.893 86.12 64.0 将 0
86.12 86.574 62.0 随 0
86.574 87.029 62.0 风 0
87.483 87.938 60.0 远 0
87.938 89.756 57.0 逝 1
91.701 91.929 62.0 我 0
91.929 92.383 64.0 - 0
92.383 93.065 57.0 想 0
93.065 93.52 60.0 忘 0
93.52 94.429 62.0 掉 0
94.883 95.338 62.0 过 0
95.338 95.565 62.0 去 0
95.565 96.02 64.0 - 0
96.02 96.247 62.0 的 0
96.247 96.588 60.0 山 0
96.588 96.929 60.0 盟 0
96.929 97.156 62.0 海 0
97.156 98.065 64.0 誓 1
98.4 98.627 64.0 试 0
98.627 98.854 67.0 着 0
98.854 99.309 72.0 习 0
99.309 99.763 69.0 惯 0
100.218 100.445 67.0 没 0
100.445 100.672 69.0 有 0
100.672 101.127 67.0 你 0
101.127 102.036 57.0 的 0
102.036 102.49 64.0 日 0
102.49 104.309 62.0 子 1
106.193 107.102 64.0 就 0
107.102 107.556 57.0 要 0
107.556 108.011 64.0 告 0
108.011 108.92 62.0 别 0
109.375 109.602 60.0 这 0
109.602 109.829 62.0 个 0
109.829 110.511 64.0 伤 0
110.511 110.738 62.0 心 0
110.738 111.193 60.0 的 0
111.193 111.647 67.0 城 0
111.647 112.556 64.0 市 1
113.02 113.247 64.0 所 0
113.247 113.475 67.0 有 0
113.475 113.929 69.0 一 0
113.929 114.156 69.0 切 0
114.156 114.384 67.0 都 0
114.384 114.838 64.0 将 0
114.838 115.065 60.0 都 0
115.065 115.293 64.0 将 0
115.293 115.747 62.0 重 0
115.747 116.202 62.0 新 0
116.656 117.111 60.0 开 0
117.111 118.929 57.0 始 1
149.732 150.187 64.0 知 0
150.187 151.096 57.0 道 0
151.096 151.55 60.0 她 0
151.55 152.459 62.0 在 0
152.914 153.369 62.0 你 0
153.369 153.596 62.0 心 0
153.596 154.05 64.0 - 0
154.05 154.278 62.0 里 0
154.278 154.732 60.0 的 0
154.732 155.187 62.0 位 0
155.187 156.096 64.0 置 1
156.592 156.82 64.0 你 0
156.82 157.047 67.0 在 0
157.047 157.501 69.0 梦 0
157.501 157.956 69.0 里 0
158.411 158.638 67.0 喊 0
158.638 158.865 69.0 着 0
158.865 159.32 67.0 她 0
159.32 160.229 57.0 的 0
160.229 160.683 64.0 名 0
160.683 161.592 62.0 字 1
164.316 165.225 64.0 把 0
165.225 165.679 57.0 我 0
165.679 166.134 64.0 变 0
166.134 167.043 62.0 成 0
167.497 167.952 60.0 了 0
167.952 168.179 62.0 寂 0
168.179 168.634 64.0 - 0
168.634 168.861 62.0 寞 0
168.861 169.316 60.0 的 0
169.316 169.77 67.0 影 0
169.77 170.679 64.0 子 1
171.206 171.433 64.0 所 0
171.433 171.66 67.0 有 0
171.66 172.115 69.0 一 0
172.115 172.342 69.0 切 0
172.342 172.569 67.0 往 0
172.569 173.024 64.0 事 0
173.024 173.251 60.0 都 0
173.251 173.479 64.0 将 0
173.479 173.933 62.0 随 0
173.933 174.388 62.0 风 0
174.842 175.297 62.0 远 0
175.297 177.115 57.0 逝 1
178.548 178.775 64.0 关 0
178.775 179.002 64.0 于 0
179.002 179.229 67.0 你 0
179.229 179.684 69.0 - 0
179.684 179.911 69.0 们 0
179.911 180.252 69.0 之 0
180.252 180.593 69.0 间 0
180.593 180.82 67.0 的 0
180.82 181.275 67.0 故 0
181.275 181.729 62.0 事 1
181.77 181.997 62.0 你 0
181.997 182.224 60.0 总 0
182.224 182.451 62.0 有 0
182.451 183.133 64.0 牵 0
183.133 183.361 67.0 强 0
183.361 183.815 64.0 的 0
183.815 184.27 64.0 解 0
184.27 185.179 57.0 释 1
185.78 186.008 57.0 我 0
186.008 186.235 60.0 不 0
186.235 186.689 62.0 再 0
186.689 187.144 62.0 想 0
187.144 187.371 62.0 听 0
187.371 187.826 60.0 你 0
187.826 188.053 57.0 的 0
188.053 188.508 62.0 毒 0
188.508 188.735 64.0 - 0
188.735 188.962 62.0 誓 1
189.368 189.595 57.0 因 0
189.595 189.822 60.0 为 0
189.822 190.049 62.0 这 0
190.049 190.277 62.0 已 0
190.277 190.504 62.0 不 0
190.504 190.731 62.0 是 0
190.731 191.186 67.0 第 0
191.186 191.64 69.0 一 0
191.64 192.549 64.0 次 1
192.989 193.216 64.0 你 0
193.216 193.444 64.0 把 0
193.444 193.671 67.0 谎 0
193.671 194.125 69.0 - 0
194.125 194.353 69.0 言 0
194.353 194.694 69.0 精 0
194.694 195.034 69.0 心 0
195.034 195.262 67.0 的 0
195.262 195.716 67.0 编 0
195.716 196.171 62.0 织 1
196.326 196.553 62.0 我 0
196.553 196.781 60.0 不 0
196.781 197.008 62.0 想 0
197.008 197.69 64.0 再 0
197.69 197.917 67.0 被 0
197.917 198.372 64.0 你 0
198.372 198.599 62.0 伤 0
198.599 198.826 64.0 一 0
198.826 199.735 57.0 次 1
200.197 200.424 57.0 早 0
200.424 200.651 60.0 已 0
200.651 201.106 62.0 听 0
201.106 201.333 62.0 惯 0
201.333 201.56 62.0 了 0
201.56 202.015 62.0 你 0
202.015 202.469 60.0 的 0
202.469 202.697 62.0 滥 0
202.697 203.151 62.0 调 0
203.151 203.379 64.0 陈 0
203.379 203.833 62.0 词 1
203.843 204.07 60.0 现 0
204.07 204.298 62.0 在 0
204.298 204.752 67.0 回 0
204.752 206.116 64.0 头 0
206.116 206.57 64.0 算 0
206.57 206.798 62.0 不 0
206.798 207.479 62.0 算 0
207.479 207.934 60.0 太 0
207.934 209.752 57.0 迟 1
211.126 211.353 64.0 关 0
211.353 211.58 64.0 于 0
211.58 211.808 67.0 你 0
211.808 212.262 69.0 - 0
212.262 212.489 69.0 们 0
212.489 212.83 69.0 之 0
212.83 213.171 69.0 间 0
213.171 213.399 67.0 的 0
213.399 213.853 67.0 故 0
213.853 214.308 62.0 事 1
214.495 214.722 62.0 你 0
214.722 214.949 60.0 总 0
214.949 215.177 62.0 有 0
215.177 215.859 64.0 牵 0
215.859 216.086 67.0 强 0
216.086 216.54 64.0 的 0
216.54 216.995 62.0 解 0
216.995 217.904 57.0 释 1
218.545 218.772 57.0 我 0
218.772 218.999 60.0 不 0
218.999 219.454 62.0 再 0
219.454 219.908 62.0 想 0
219.908 220.135 62.0 听 0
220.135 220.59 60.0 你 0
220.59 220.817 57.0 的 0
220.817 221.272 62.0 毒 0
221.272 221.499 64.0 - 0
221.499 221.726 62.0 誓 1
222.097 222.324 57.0 因 0
222.324 222.551 60.0 为 0
222.551 222.779 62.0 这 0
222.779 223.006 62.0 已 0
223.006 223.233 62.0 不 0
223.233 223.461 62.0 是 0
223.461 223.915 67.0 第 0
223.915 224.37 69.0 一 0
224.37 225.279 64.0 次 1
225.716 225.944 64.0 你 0
225.944 226.171 64.0 把 0
226.171 226.398 67.0 谎 0
226.398 226.853 69.0 - 0
226.853 227.08 69.0 言 0
227.08 227.421 69.0 精 0
227.421 227.762 69.0 心 0
227.762 227.989 67.0 的 0
227.989 228.444 67.0 编 0
228.444 228.898 62.0 织 1
229.099 229.327 62.0 我 0
229.327 229.554 60.0 不 0
229.554 229.781 62.0 想 0
229.781 230.463 64.0 再 0
230.463 230.69 67.0 被 0
230.69 231.145 64.0 你 0
231.145 231.372 62.0 伤 0
231.372 231.599 64.0 一 0
231.599 232.508 57.0 次 1
233.037 233.264 57.0 早 0
233.264 233.492 60.0 已 0
233.492 233.946 62.0 听 0
233.946 234.173 62.0 惯 0
234.173 234.401 62.0 了 0
234.401 234.855 62.0 你 0
234.855 235.31 60.0 的 0
235.31 235.537 62.0 滥 0
235.537 235.992 62.0 调 0
235.992 236.219 64.0 陈 0
236.219 236.673 62.0 词 1
236.728 236.956 60.0 现 0
236.956 237.183 62.0 在 0
237.183 237.637 67.0 回 0
237.637 239.001 64.0 头 0
239.001 239.456 64.0 算 0
239.456 239.797 62.0 不 0
239.797 240.819 62.0 算 0
242.069 243.433 62.0 太 0
243.433 245.819 57.0 迟 1
