19.613 19.842 56.0 走 0
19.844 20.015 63.0 出 0
20.075 20.246 63.0 相 0
20.306 20.477 61.0 思 0
20.536 20.938 59.0 的 0
20.998 21.4 61.0 困 0
21.459 22.092 56.0 惑 1
23.203 23.374 56.0 捕 0
23.376 23.547 68.0 捉 0
23.664 23.835 68.0 燃 0
23.895 24.008 66.0 烧 0
24.126 24.528 66.0 的 0
24.587 24.989 68.0 爱 0
25.049 25.624 63.0 火 1
26.925 27.096 63.0 你 0
27.098 27.327 68.0 用 0
27.386 27.558 68.0 高 0
27.617 27.788 66.0 度 0
27.79 28.25 68.0 想 0
28.31 28.481 56.0 把 0
28.54 28.654 59.0 我 0
28.771 29.173 61.0 诱 0
29.233 29.692 61.0 惑 1
30.611 30.782 61.0 我 0
30.842 31.013 61.0 的 0
31.073 31.302 61.0 青 0
31.304 31.475 63.0 春 0
31.534 31.763 66.0 怎 0
31.765 31.994 63.0 能 0
31.996 32.225 61.0 让 0
32.227 32.455 59.0 你 0
32.457 32.802 63.0 折 0
32.861 33.205 63.0 磨 1
34.396 34.624 56.0 等 0
34.626 34.797 63.0 待 0
34.857 35.028 63.0 邂 0
35.088 35.259 61.0 逅 0
35.319 35.721 59.0 的 0
35.78 36.182 61.0 结 0
36.242 36.874 56.0 果 1
38.046 38.217 56.0 最 0
38.219 38.39 68.0 怕 0
38.507 38.679 68.0 寂 0
38.738 38.852 66.0 寞 0
38.969 39.371 66.0 的 0
39.43 39.832 68.0 承 0
39.892 40.467 63.0 诺 1
41.809 41.98 63.0 你 0
41.982 42.211 68.0 用 0
42.271 42.442 68.0 帅 0
42.501 42.673 66.0 气 0
42.675 43.134 68.0 想 0
43.194 43.365 56.0 把 0
43.425 43.538 59.0 我 0
43.655 44.057 61.0 迷 0
44.117 44.576 61.0 惑 1
45.375 45.547 61.0 我 0
45.606 45.777 61.0 的 0
45.837 46.066 61.0 真 0
46.068 46.239 63.0 心 0
46.299 46.527 66.0 怎 0
46.529 46.758 66.0 能 0
46.76 46.989 66.0 随 0
46.991 47.22 63.0 便 0
47.222 47.566 66.0 拍 0
47.625 48.604 68.0 拖 1
50.839 51.01 63.0 你 0
51.07 51.414 71.0 牛 0
51.531 51.703 63.0 什 0
51.762 51.991 71.0 么 0
51.993 52.51 68.0 牛 0
52.685 52.856 63.0 你 0
52.916 53.318 71.0 牛 0
53.378 53.549 63.0 什 0
53.608 53.78 71.0 么 0
53.839 54.472 68.0 牛 1
54.681 54.795 71.0 你 0
54.912 55.083 71.0 的 0
55.143 55.314 68.0 金 0
55.374 55.545 66.0 钱 0
55.604 56.006 68.0 买 0
56.066 56.295 68.0 不 0
56.297 56.468 66.0 到 0
56.527 56.756 59.0 姐 0
56.758 56.987 61.0 的 0
56.989 57.449 66.0 自 0
57.45 58.083 63.0 由 1
58.098 58.269 63.0 你 0
58.329 58.73 63.0 牛 0
58.79 58.961 56.0 什 0
59.021 59.192 63.0 么 0
59.252 59.711 61.0 牛 0
59.944 60.057 63.0 你 0
60.175 60.577 66.0 牛 0
60.636 60.807 63.0 什 0
60.867 61.038 71.0 么 0
61.098 61.557 68.0 牛 1
61.979 62.15 68.0 姐 0
62.21 62.323 71.0 的 0
62.44 62.669 71.0 幸 0
62.671 62.842 68.0 福 0
62.902 63.188 73.0 只 0
63.248 63.592 73.0 是 0
63.594 63.823 71.0 那 0
63.825 63.938 70.0 真 0
64.056 64.227 70.0 心 0
64.287 64.458 68.0 拥 0
64.517 65.323 70.0 有 1
65.498 65.67 63.0 你 0
65.729 66.073 71.0 牛 0
66.191 66.362 63.0 什 0
66.421 66.65 71.0 么 0
66.652 67.17 68.0 牛 0
67.345 67.516 63.0 你 0
67.575 67.977 71.0 牛 0
68.037 68.208 63.0 什 0
68.268 68.439 71.0 么 0
68.498 69.131 68.0 牛 1
69.385 69.499 71.0 你 0
69.616 69.787 71.0 的 0
69.847 70.018 68.0 虚 0
70.078 70.249 66.0 伪 0
70.309 70.48 68.0 从 0
70.539 70.999 68.0 开 0
71.001 71.172 66.0 始 0
71.232 71.46 59.0 都 0
71.462 71.691 61.0 被 0
71.693 72.153 66.0 看 0
72.155 72.787 63.0 透 1
72.913 73.084 63.0 你 0
73.144 73.546 63.0 牛 0
73.605 73.776 56.0 什 0
73.836 74.007 63.0 么 0
74.067 74.526 61.0 牛 0
74.759 74.873 63.0 你 0
74.99 75.392 66.0 牛 0
75.451 75.623 63.0 什 0
75.682 75.853 71.0 么 0
75.913 76.373 68.0 牛 1
76.739 76.91 68.0 你 0
76.97 77.083 71.0 从 0
77.201 77.429 71.0 来 0
77.431 77.603 68.0 都 0
77.662 77.949 73.0 没 0
78.008 78.353 73.0 想 0
78.354 78.583 71.0 过 0
78.585 78.814 63.0 姐 0
78.816 78.987 66.0 的 0
79.047 79.449 71.0 感 0
79.508 81.526 68.0 受 1
95.339 95.567 56.0 走 0
95.569 95.74 63.0 出 0
95.8 95.971 63.0 相 0
96.031 96.202 61.0 思 0
96.262 96.664 59.0 的 0
96.723 97.125 61.0 困 0
97.185 97.529 56.0 惑 1
98.939 99.11 56.0 捕 0
99.112 99.283 68.0 捉 0
99.4 99.572 68.0 燃 0
99.631 99.745 66.0 烧 0
99.862 100.264 66.0 的 0
100.323 100.725 68.0 爱 0
100.785 101.36 63.0 火 1
102.658 102.829 63.0 你 0
102.831 103.06 68.0 用 0
103.12 103.291 68.0 高 0
103.35 103.522 66.0 度 0
103.524 103.983 68.0 想 0
104.043 104.214 56.0 把 0
104.274 104.387 59.0 我 0
104.504 104.906 61.0 诱 0
104.966 105.425 61.0 惑 1
106.382 106.554 61.0 我 0
106.613 106.784 61.0 的 0
106.844 107.073 61.0 青 0
107.075 107.246 63.0 春 0
107.306 107.534 66.0 怎 0
107.536 107.765 63.0 能 0
107.767 107.996 61.0 让 0
107.998 108.227 59.0 你 0
108.229 108.573 63.0 折 0
108.632 108.977 63.0 磨 1
110.151 110.38 56.0 等 0
110.382 110.553 63.0 待 0
110.612 110.783 63.0 邂 0
110.843 111.014 61.0 逅 0
111.074 111.476 59.0 的 0
111.535 111.937 61.0 结 0
111.997 112.63 56.0 果 1
113.746 113.917 56.0 最 0
113.919 114.09 68.0 怕 0
114.208 114.379 68.0 寂 0
114.438 114.552 66.0 寞 0
114.669 115.071 66.0 的 0
115.131 115.533 66.0 承 0
115.592 116.167 63.0 诺 1
117.508 117.68 63.0 你 0
117.681 117.91 68.0 用 0
117.97 118.141 68.0 帅 0
118.201 118.372 66.0 气 0
118.374 118.833 68.0 想 0
118.893 119.064 56.0 把 0
119.124 119.237 59.0 我 0
119.355 119.756 61.0 迷 0
119.816 120.276 61.0 惑 1
121.092 121.263 61.0 我 0
121.322 121.494 61.0 的 0
121.553 121.782 61.0 真 0
121.784 121.955 63.0 心 0
122.015 122.244 66.0 怎 0
122.246 122.474 66.0 能 0
122.476 122.705 66.0 随 0
122.707 122.936 63.0 便 0
122.938 123.282 66.0 拍 0
123.342 124.321 68.0 拖 1
126.444 126.616 63.0 你 0
126.675 127.019 71.0 牛 0
127.137 127.308 63.0 什 0
127.367 127.596 71.0 么 0
127.598 128.116 68.0 牛 0
128.291 128.462 63.0 你 0
128.521 128.923 71.0 牛 0
128.983 129.154 63.0 什 0
129.214 129.385 71.0 么 0
129.444 130.077 68.0 牛 1
130.46 130.574 71.0 你 0
130.691 130.862 71.0 的 0
130.922 131.093 68.0 金 0
131.153 131.324 66.0 钱 0
131.384 131.785 68.0 买 0
131.845 132.074 68.0 不 0
132.076 132.247 66.0 到 0
132.307 132.535 59.0 姐 0
132.537 132.766 61.0 的 0
132.768 133.228 66.0 自 0
133.23 133.862 63.0 由 1
133.919 134.09 63.0 你 0
134.15 134.552 63.0 牛 0
134.611 134.782 56.0 什 0
134.842 135.013 63.0 么 0
135.073 135.532 61.0 牛 0
135.765 135.879 63.0 你 0
135.996 136.398 66.0 牛 0
136.457 136.629 63.0 什 0
136.688 136.859 71.0 么 0
136.919 137.379 68.0 牛 1
137.678 137.849 68.0 姐 0
137.909 138.022 71.0 的 0
138.14 138.368 71.0 幸 0
138.37 138.542 68.0 福 0
138.601 138.888 73.0 只 0
138.947 139.292 73.0 是 0
139.293 139.522 71.0 那 0
139.524 139.638 70.0 真 0
139.755 139.926 70.0 心 0
139.986 140.157 68.0 拥 0
140.217 141.022 70.0 有 1
141.194 141.365 63.0 你 0
141.424 141.769 71.0 牛 0
141.886 142.057 63.0 什 0
142.117 142.346 71.0 么 0
142.347 142.865 68.0 牛 0
143.04 143.211 63.0 你 0
143.271 143.672 71.0 牛 0
143.732 143.903 63.0 什 0
143.963 144.134 71.0 么 0
144.194 144.826 68.0 牛 1
145.194 145.307 71.0 你 0
145.424 145.596 71.0 的 0
145.655 145.826 68.0 虚 0
145.886 146.057 66.0 伪 0
146.117 146.288 68.0 从 0
146.348 146.807 68.0 开 0
146.809 146.98 66.0 始 0
147.04 147.269 59.0 都 0
147.271 147.499 61.0 被 0
147.501 147.961 66.0 看 0
147.963 148.596 63.0 透 1
148.641 148.812 63.0 你 0
148.872 149.274 63.0 牛 0
149.334 149.505 56.0 什 0
149.564 149.735 63.0 么 0
149.795 150.255 61.0 牛 0
150.487 150.601 63.0 你 0
150.718 151.12 66.0 牛 0
151.18 151.351 63.0 什 0
151.41 151.582 71.0 么 0
151.641 152.101 68.0 牛 1
152.615 152.786 68.0 你 0
152.846 152.96 71.0 从 0
153.077 153.306 71.0 来 0
153.308 153.479 68.0 都 0
153.538 153.825 73.0 没 0
153.885 154.229 73.0 想 0
154.231 154.46 71.0 过 0
154.461 154.69 63.0 姐 0
154.692 154.863 66.0 的 0
154.923 155.325 71.0 感 0
155.385 157.402 68.0 受 1
172.666 172.837 63.0 你 0
172.897 173.241 71.0 牛 0
173.358 173.53 63.0 什 0
173.589 173.818 71.0 么 0
173.82 174.337 68.0 牛 0
174.512 174.683 63.0 你 0
174.743 175.145 71.0 牛 0
175.205 175.376 63.0 什 0
175.435 175.607 71.0 么 0
175.666 176.299 68.0 牛 1
176.442 176.556 71.0 你 0
176.673 176.844 71.0 的 0
176.904 177.075 68.0 金 0
177.135 177.306 66.0 钱 0
177.365 177.767 68.0 买 0
177.827 178.056 68.0 不 0
178.058 178.229 66.0 到 0
178.288 178.517 59.0 姐 0
178.519 178.748 61.0 的 0
178.75 179.21 66.0 自 0
179.211 179.844 63.0 由 1
179.911 180.082 63.0 你 0
180.142 180.543 63.0 牛 0
180.603 180.774 56.0 什 0
180.834 181.005 63.0 么 0
181.065 181.524 61.0 牛 0
181.757 181.87 63.0 你 0
181.988 182.39 66.0 牛 0
182.449 182.62 63.0 什 0
182.68 182.851 71.0 么 0
182.911 183.37 68.0 牛 1
183.901 184.072 68.0 姐 0
184.132 184.245 71.0 的 0
184.362 184.591 71.0 幸 0
184.593 184.764 68.0 福 0
184.824 185.11 73.0 只 0
185.17 185.514 73.0 是 0
185.516 185.745 71.0 那 0
185.747 185.86 70.0 真 0
185.978 186.149 70.0 心 0
186.209 186.38 68.0 拥 0
186.439 187.245 70.0 有 1
187.323 187.495 63.0 你 0
187.554 187.898 71.0 牛 0
188.016 188.187 63.0 什 0
188.246 188.475 71.0 么 0
188.477 188.995 68.0 牛 0
189.17 189.398 71.0 你 0
189.4 189.86 71.0 牛 0
189.862 190.091 70.0 什 0
190.093 190.321 71.0 么 0
190.323 191.014 68.0 牛 1
191.324 191.438 71.0 你 0
191.555 191.726 71.0 的 0
191.786 191.957 68.0 虚 0
192.017 192.188 66.0 伪 0
192.248 192.419 68.0 从 0
192.478 192.938 68.0 开 0
192.94 193.111 66.0 始 0
193.171 193.399 59.0 都 0
193.401 193.63 61.0 被 0
193.632 194.092 66.0 看 0
194.094 194.726 63.0 透 1
194.839 195.01 63.0 你 0
195.07 195.472 63.0 牛 0
195.531 195.702 56.0 什 0
195.762 195.933 63.0 么 0
195.993 196.452 61.0 牛 0
196.685 196.799 63.0 你 0
196.916 197.318 66.0 牛 0
197.377 197.549 63.0 什 0
197.608 197.779 71.0 么 0
197.839 198.299 68.0 牛 1
198.616 198.787 68.0 你 0
198.847 198.96 71.0 从 0
199.078 199.306 71.0 来 0
199.308 199.48 68.0 都 0
199.539 199.826 73.0 没 0
199.885 200.23 73.0 想 0
200.231 200.46 71.0 过 0
200.462 200.691 63.0 姐 0
200.693 200.864 66.0 的 0
200.924 201.326 71.0 感 0
201.385 201.73 68.0 受 1
202.248 202.477 68.0 姐 0
202.536 202.707 71.0 的 0
202.767 202.996 71.0 追 0
202.998 203.169 68.0 求 0
203.228 203.515 73.0 就 0
203.575 203.919 73.0 是 0
203.921 204.15 71.0 要 0
204.152 204.323 66.0 天 0
204.382 204.611 63.0 长 0
204.613 205.073 68.0 地 0
205.075 205.707 68.0 久 1
