22.268 22.579 43.0 她 0
22.579 22.894 47.0 发 0
23.212 23.529 47.0 现 0
23.529 23.853 47.0 孤 0
23.853 24.178 45.0 独 0
24.178 24.502 43.0 的 0
24.502 24.826 47.0 人 0
25.799 26.124 45.0 准 0
26.124 26.448 43.0 备 0
26.448 26.772 45.0 动 0
26.772 27.097 47.0 身 1
28.283 28.607 47.0 于 0
28.607 28.932 45.0 是 0
28.932 29.256 45.0 就 0
29.256 29.58 43.0 祷 0
29.58 29.905 45.0 告 0
29.905 30.229 45.0 着 0
30.878 31.202 43.0 黄 0
31.202 31.526 45.0 昏 1
32.122 32.446 43.0 直 0
32.446 32.77 45.0 到 0
32.77 33.095 45.0 夜 0
33.095 33.419 43.0 里 0
33.419 33.743 43.0 她 0
33.743 34.068 43.0 转 0
34.068 34.392 45.0 头 0
34.392 34.716 47.0 听 0
34.716 35.041 45.0 见 1
37.043 37.367 45.0 悲 0
37.367 37.691 43.0 伤 0
37.691 38.016 45.0 的 0
38.016 38.34 45.0 呜 0
38.34 38.664 47.0 咽 1
40.904 41.228 47.0 一 0
41.228 41.552 45.0 个 0
41.552 41.877 43.0 善 0
41.877 42.201 45.0 良 0
42.525 42.85 45.0 的 0
43.498 43.823 42.0 女 0
43.823 44.147 42.0 子 1
44.801 45.126 47.0 长 0
45.45 45.774 43.0 发 0
45.774 46.099 50.0 垂 0
46.099 46.423 52.0 肩 1
47.859 48.184 52.0 她 0
48.184 48.508 50.0 已 0
48.508 48.832 52.0 跟 0
48.832 49.157 50.0 随 0
49.481 49.805 48.0 黄 0
49.805 50.13 45.0 昏 0
52.724 53.373 45.0 来 0
53.373 54.67 47.0 临 1
56.509 56.833 47.0 翠 0
56.833 57.158 45.0 绿 0
57.158 57.482 43.0 的 0
57.482 57.806 47.0 衣 0
57.806 58.131 47.0 裳 0
58.455 59.104 45.0 在 0
59.104 59.428 47.0 炉 0
59.428 59.752 45.0 火 0
59.752 60.077 47.0 中 1
60.459 61.108 47.0 化 0
61.108 61.432 43.0 为 0
61.432 61.756 50.0 灰 0
61.756 62.081 52.0 烬 1
63.392 63.716 52.0 升 0
63.716 64.041 50.0 起 0
64.041 64.365 50.0 火 0
64.365 64.689 52.0 焰 0
65.014 65.338 45.0 一 0
65.338 65.662 50.0 直 0
66.311 66.635 50.0 烧 0
66.96 67.608 45.0 到 0
68.257 68.905 50.0 黎 0
68.905 70.851 47.0 明 1
72.381 72.705 43.0 一 0
72.705 73.03 43.0 直 0
73.03 73.354 45.0 到 0
73.678 74.003 45.0 那 0
74.003 74.327 47.0 女 0
74.327 74.651 42.0 子 1
76.032 76.356 47.0 推 0
76.356 76.68 45.0 开 0
76.68 77.005 43.0 门 0
77.005 77.329 50.0 离 0
77.329 77.653 52.0 去 1
80.553 80.877 43.0 她 0
80.877 81.202 50.0 自 0
81.202 81.85 47.0 言 0
82.499 82.823 45.0 自 0
82.823 83.148 45.0 语 1
84.363 84.687 50.0 在 0
84.687 85.012 59.0 离 0
85.336 85.66 59.0 这 0
85.66 85.985 59.0 很 0
85.985 86.309 57.0 远 0
86.309 86.633 55.0 的 0
86.633 86.958 59.0 地 0
87.282 87.606 54.0 方 1
88.309 88.633 54.0 有 0
88.633 89.282 59.0 一 0
89.282 89.931 59.0 片 0
90.255 90.579 57.0 海 0
90.579 91.228 59.0 滩 0
91.228 91.309 57.0 - 1
91.615 91.939 55.0 孤 0
91.939 92.264 55.0 独 0
92.264 92.588 55.0 的 0
92.588 92.912 60.0 人 0
93.237 93.561 60.0 他 0
93.561 93.885 60.0 就 0
93.885 94.21 59.0 - 0
94.21 94.534 59.0 在 0
94.534 94.858 57.0 海 0
94.858 95.507 60.0 上 1
96.019 96.343 60.0 撑 0
96.343 97.073 57.0 着 0
97.316 98.289 55.0 船 0
98.289 99.262 57.0 帆 1
100.003 100.327 50.0 如 0
100.327 100.976 59.0 果 0
100.976 101.3 59.0 你 0
101.3 101.624 59.0 看 0
101.624 101.949 57.0 - 0
101.949 102.273 55.0 到 0
102.273 103.246 59.0 他 1
103.309 103.633 59.0 回 0
103.633 103.957 57.0 - 0
103.957 104.282 55.0 到 0
104.282 105.255 54.0 海 0
105.255 106.066 62.0 岸 0
106.066 106.228 59.0 - 1
106.857 107.182 50.0 就 0
107.182 107.83 59.0 请 0
107.83 108.155 59.0 你 0
108.155 108.479 60.0 告 0
108.479 108.803 59.0 诉 0
108.803 109.128 57.0 他 0
109.128 109.776 57.0 你 0
109.776 110.101 59.0 的 0
110.101 110.425 60.0 名 0
110.425 111.074 57.0 字 1
111.937 112.261 55.0 我 0
112.261 112.585 57.0 的 0
112.585 112.91 59.0 名 0
112.91 115.18 57.0 字 1
145.945 146.269 45.0 她 0
146.593 146.918 43.0 已 0
146.918 147.242 45.0 来 0
147.242 147.891 47.0 临 1
150.01 150.335 47.0 翠 0
150.335 150.659 45.0 绿 0
150.659 150.983 43.0 的 0
150.983 151.308 47.0 衣 0
151.308 151.632 47.0 裳 0
151.956 152.281 45.0 在 0
152.605 152.929 47.0 炉 0
152.929 153.254 45.0 火 0
153.254 153.578 47.0 中 1
153.864 154.189 47.0 化 0
154.513 154.837 43.0 为 0
154.837 155.162 50.0 灰 0
155.162 155.486 52.0 烬 1
156.832 157.157 52.0 升 0
157.157 157.481 50.0 起 0
157.481 157.805 50.0 火 0
157.805 158.13 52.0 焰 0
158.454 158.778 50.0 一 0
158.778 159.103 50.0 直 0
159.751 160.076 50.0 烧 0
160.4 160.724 45.0 到 0
161.697 162.021 50.0 黎 0
162.346 164.616 47.0 明 1
165.849 166.174 43.0 一 0
166.174 166.498 43.0 直 0
166.498 166.822 47.0 到 0
167.147 167.471 45.0 那 0
167.471 167.795 47.0 女 0
168.12 168.444 42.0 子 1
169.34 169.664 47.0 推 0
169.664 169.989 45.0 开 0
169.989 170.313 43.0 门 0
170.313 170.637 50.0 离 0
170.637 170.962 52.0 去 1
173.888 174.213 50.0 她 0
174.213 174.537 50.0 自 0
174.537 175.186 47.0 言 0
175.834 176.159 45.0 自 0
176.159 176.483 45.0 语 1
177.724 178.049 50.0 在 0
178.049 178.373 59.0 离 0
178.697 179.022 59.0 这 0
179.022 179.346 59.0 很 0
179.346 179.67 57.0 远 0
179.67 179.995 55.0 的 0
179.995 180.319 59.0 地 0
180.643 180.968 54.0 方 1
181.792 182.117 54.0 有 0
182.117 182.765 59.0 一 0
182.765 183.414 59.0 片 0
183.738 184.062 57.0 海 0
184.062 184.711 59.0 滩 0
184.711 184.792 57.0 - 1
184.924 185.249 55.0 孤 0
185.249 185.573 55.0 独 0
185.573 185.897 55.0 的 0
185.897 186.222 60.0 人 0
186.546 186.87 60.0 他 0
186.87 187.195 60.0 就 0
187.195 187.519 59.0 - 0
187.519 187.843 59.0 在 0
187.843 188.168 57.0 海 0
188.168 188.816 60.0 上 1
189.391 189.715 60.0 撑 0
189.715 190.445 57.0 着 0
190.688 191.661 55.0 船 0
191.661 192.634 57.0 帆 1
193.298 193.622 50.0 如 0
193.622 194.271 59.0 果 0
194.271 194.595 59.0 你 0
194.595 194.92 59.0 看 0
194.92 195.244 57.0 - 0
195.244 195.568 55.0 到 0
195.568 196.541 59.0 他 1
196.586 196.91 59.0 回 0
196.91 197.235 57.0 - 0
197.235 197.559 55.0 到 0
197.559 198.532 54.0 海 0
198.532 199.343 62.0 岸 0
199.343 199.505 59.0 - 1
200.178 200.502 50.0 就 0
200.502 201.151 59.0 请 0
201.151 201.475 59.0 你 0
201.475 201.799 60.0 告 0
201.799 202.124 59.0 诉 0
202.124 202.448 57.0 他 0
202.448 203.097 57.0 你 0
203.097 203.421 59.0 的 0
203.421 203.745 60.0 名 0
203.745 204.394 57.0 字 1
205.302 205.626 55.0 我 0
205.626 205.951 57.0 的 0
205.951 206.275 57.0 名 0
206.275 207.248 57.0 字 0
207.248 208.221 62.0 - 1
209.011 209.336 62.0 在 0
209.336 209.984 62.0 离 0
209.984 210.309 62.0 这 0
210.309 210.633 62.0 很 0
210.633 210.957 60.0 远 0
210.957 211.282 59.0 的 0
211.282 211.606 62.0 地 0
211.606 211.93 60.0 - 0
211.93 212.255 59.0 方 1
212.773 213.098 59.0 有 0
213.098 213.422 62.0 一 0
213.746 214.071 62.0 片 0
214.719 215.044 59.0 海 0
215.044 215.368 62.0 滩 1
216.096 216.42 62.0 孤 0
216.42 216.744 62.0 独 0
216.744 217.069 62.0 的 0
217.069 217.393 64.0 人 0
217.717 218.042 64.0 他 0
218.042 218.366 64.0 就 0
218.366 218.69 62.0 - 0
218.69 219.014 62.0 在 0
219.014 219.339 60.0 海 0
219.339 219.663 64.0 上 1
220.635 220.959 62.0 撑 0
220.959 221.932 62.0 着 0
221.932 222.581 59.0 船 0
222.581 222.905 62.0 - 0
222.905 223.878 62.0 帆 1
224.613 224.937 50.0 如 0
224.937 225.586 62.0 果 0
225.586 225.91 62.0 你 0
225.91 226.235 62.0 看 0
226.235 226.559 60.0 - 0
226.559 226.883 59.0 到 0
226.883 227.532 62.0 他 1
227.842 228.167 62.0 回 0
228.167 228.491 59.0 - 0
228.491 228.815 59.0 到 0
228.815 229.788 59.0 海 0
229.788 230.761 66.0 岸 0
230.761 231.41 62.0 - 1
231.41 231.734 54.0 就 0
231.734 232.383 62.0 请 0
232.383 232.707 62.0 你 0
232.707 233.031 64.0 告 0
233.031 233.356 62.0 诉 0
233.356 233.68 60.0 他 0
233.68 234.329 60.0 你 0
234.329 234.653 62.0 的 0
234.653 234.977 62.0 名 0
234.977 235.302 60.0 字 1
236.497 236.821 57.0 我 0
236.821 237.146 57.0 的 0
237.146 237.47 57.0 名 0
237.47 238.443 57.0 字 1
241.467 241.913 55.0 莉 0
241.913 242.278 54.0 - 0
242.278 242.724 54.0 莉 0
242.724 244.386 55.0 安 1
