26.067 26.272 53.0 走 0
26.272 26.478 56.0 在 0
26.478 26.889 58.0 彷 0
26.889 27.3 58.0 徨 0
27.3 27.505 58.0 的 0
27.505 28.122 56.0 路 0
28.122 28.738 58.0 上 1
29.34 29.546 58.0 我 0
29.546 29.751 60.0 的 0
29.751 30.162 60.0 心 0
30.162 30.573 56.0 情 0
30.573 30.984 53.0 暗 0
30.984 31.395 51.0 自 0
31.395 32.217 53.0 伤 1
32.644 32.85 53.0 多 0
32.85 33.055 56.0 少 0
33.055 33.466 51.0 快 0
33.466 33.877 51.0 乐 0
33.877 34.082 51.0 的 0
34.082 34.288 49.0 往 0
34.288 34.699 51.0 - 0
34.699 35.521 53.0 事 1
36.024 36.229 53.0 都 0
36.229 36.435 56.0 随 0
36.435 36.846 58.0 风 0
36.846 37.257 61.0 儿 0
37.257 37.668 58.0 去 0
37.668 38.079 56.0 远 0
38.079 38.901 58.0 方 1
39.677 40.088 63.0 说 0
40.088 40.499 63.0 好 0
40.499 40.705 63.0 不 0
40.705 40.91 61.0 悲 0
40.91 41.321 63.0 - 0
41.321 42.143 65.0 伤 1
42.501 42.707 65.0 为 0
42.707 42.912 63.0 何 0
42.912 43.323 61.0 泪 0
43.323 43.734 61.0 红 0
43.734 43.94 61.0 了 0
43.94 44.35 63.0 眼 0
44.35 44.556 61.0 - 0
44.556 45.378 58.0 眶 1
45.841 46.252 65.0 只 0
46.252 46.663 65.0 因 0
46.663 47.485 63.0 - 0
47.485 47.896 61.0 对 0
47.896 48.307 58.0 你 0
48.718 49.128 56.0 情 0
49.128 49.539 58.0 太 0
49.539 49.95 58.0 - 0
49.95 51.183 58.0 深 1
52.503 52.709 61.0 曾 0
52.709 52.914 63.0 经 0
52.914 53.325 65.0 相 0
53.325 53.736 65.0 爱 0
53.736 53.942 65.0 到 0
53.942 54.352 65.0 放 0
54.352 54.558 63.0 - 0
54.558 55.38 63.0 弃 1
55.745 55.95 63.0 如 0
55.95 56.156 65.0 果 0
56.156 56.567 61.0 继 0
56.567 56.772 58.0 续 0
56.772 56.978 58.0 也 0
56.978 57.183 58.0 没 0
57.183 57.389 58.0 有 0
57.389 57.594 56.0 意 0
57.594 58.622 58.0 义 1
59.104 59.309 61.0 曾 0
59.309 59.514 63.0 经 0
59.514 59.925 65.0 迷 0
59.925 60.131 65.0 失 0
60.131 60.336 65.0 了 0
60.336 60.542 65.0 我 0
60.542 60.953 65.0 自 0
60.953 61.158 63.0 - 0
61.158 61.98 63.0 己 1
62.386 62.592 63.0 我 0
62.592 62.797 65.0 会 0
62.797 63.208 61.0 离 0
63.208 63.619 58.0 开 0
63.619 63.825 61.0 你 0
63.825 64.441 63.0 远 0
64.441 65.263 65.0 去 1
65.517 65.722 61.0 走 0
65.722 65.928 63.0 到 0
65.928 66.544 65.0 海 0
66.544 67.161 68.0 角 0
67.161 67.572 65.0 天 0
67.572 67.983 63.0 - 0
67.983 68.394 63.0 边 1
68.821 69.026 63.0 刻 0
69.026 69.231 65.0 骨 0
69.231 69.642 61.0 铭 0
69.642 70.053 58.0 心 0
70.053 70.464 58.0 这 0
70.464 70.67 58.0 份 0
70.67 71.081 56.0 真 0
71.081 71.286 58.0 - 0
71.286 72.108 53.0 情 1
72.531 72.942 51.0 含 0
72.942 73.353 51.0 泪 0
73.353 73.764 51.0 默 0
73.764 73.97 49.0 默 0
73.97 74.38 51.0 哭 0
74.38 74.997 53.0 泣 1
75.47 75.675 53.0 下 0
75.675 75.881 56.0 定 0
75.881 76.703 58.0 决 0
76.703 77.525 61.0 心 0
78.347 78.758 60.0 忘 0
78.758 79.168 58.0 - 0
79.168 79.579 56.0 记 0
79.597 81.634 58.0 你 1
111.542 111.748 53.0 走 0
111.748 111.953 56.0 在 0
111.953 112.364 58.0 彷 0
112.364 112.775 58.0 徨 0
112.775 112.981 58.0 的 0
112.981 113.597 56.0 路 0
113.597 114.213 58.0 上 1
114.808 115.013 58.0 我 0
115.013 115.219 60.0 的 0
115.219 115.63 58.0 心 0
115.63 116.041 56.0 情 0
116.041 116.452 53.0 暗 0
116.452 116.863 51.0 自 0
116.863 117.685 53.0 伤 1
118.123 118.328 53.0 多 0
118.328 118.534 56.0 少 0
118.534 118.945 51.0 快 0
118.945 119.355 51.0 乐 0
119.355 119.561 51.0 的 0
119.561 119.766 49.0 往 0
119.766 120.177 51.0 - 0
120.177 120.999 53.0 事 1
121.378 121.584 53.0 都 0
121.584 121.789 56.0 随 0
121.789 122.2 58.0 风 0
122.2 122.611 61.0 儿 0
122.611 123.022 60.0 去 0
123.022 123.433 56.0 远 0
123.433 124.255 58.0 方 1
125.248 125.659 63.0 说 0
125.659 126.07 63.0 好 0
126.07 126.275 63.0 不 0
126.275 126.481 61.0 悲 0
126.481 126.892 63.0 - 0
126.892 127.714 65.0 伤 1
128.03 128.235 65.0 为 0
128.235 128.441 63.0 何 0
128.441 128.852 61.0 泪 0
128.852 129.262 61.0 红 0
129.262 129.468 61.0 了 0
129.468 129.879 63.0 眼 0
129.879 130.084 61.0 - 0
130.084 130.906 58.0 眶 1
131.375 131.786 65.0 只 0
131.786 132.197 65.0 因 0
132.197 133.019 63.0 - 0
133.019 133.43 61.0 对 0
133.43 133.841 58.0 你 0
134.252 134.663 56.0 情 0
134.663 135.074 58.0 太 0
135.074 135.485 58.0 - 0
135.485 136.718 58.0 深 1
137.836 138.041 61.0 曾 0
138.041 138.247 63.0 经 0
138.247 138.658 65.0 相 0
138.658 139.069 65.0 爱 0
139.069 139.274 65.0 到 0
139.274 139.685 65.0 放 0
139.685 139.89 63.0 - 0
139.89 140.712 63.0 弃 1
141.273 141.479 63.0 如 0
141.479 141.684 65.0 果 0
141.684 142.095 61.0 继 0
142.095 142.301 58.0 续 0
142.301 142.506 58.0 也 0
142.506 142.712 58.0 没 0
142.712 142.917 58.0 有 0
142.917 143.123 56.0 意 0
143.123 144.15 58.0 义 1
144.497 144.702 61.0 曾 0
144.702 144.908 63.0 经 0
144.908 145.319 65.0 迷 0
145.319 145.524 65.0 失 0
145.524 145.73 65.0 了 0
145.73 145.935 65.0 我 0
145.935 146.346 65.0 自 0
146.346 146.552 63.0 - 0
146.552 147.374 63.0 己 1
147.846 148.051 63.0 我 0
148.051 148.257 65.0 会 0
148.257 148.668 61.0 离 0
148.668 149.079 58.0 开 0
149.079 149.284 61.0 你 0
149.284 149.9 63.0 远 0
149.9 150.722 65.0 去 1
151.101 151.307 61.0 走 0
151.307 151.512 63.0 到 0
151.512 152.129 65.0 海 0
152.129 152.745 68.0 角 0
152.745 153.156 65.0 天 0
153.156 153.567 63.0 - 0
153.567 153.978 63.0 边 1
154.345 154.55 63.0 刻 0
154.55 154.756 65.0 骨 0
154.756 155.167 61.0 铭 0
155.167 155.578 58.0 心 0
155.578 155.989 58.0 这 0
155.989 156.194 58.0 份 0
156.194 156.605 56.0 真 0
156.605 156.811 58.0 - 0
156.811 157.633 53.0 情 1
157.951 158.362 51.0 含 0
158.362 158.773 51.0 泪 0
158.773 159.183 51.0 默 0
159.183 159.389 49.0 默 0
159.389 159.8 51.0 哭 0
159.8 160.416 53.0 泣 1
160.895 161.101 53.0 下 0
161.101 161.306 56.0 定 0
161.306 162.128 58.0 决 0
162.128 162.95 61.0 心 0
163.772 164.183 60.0 忘 0
164.183 164.594 58.0 - 0
164.594 165.005 56.0 记 0
165.005 167.06 58.0 你 1
170.85 171.056 61.0 曾 0
171.056 171.261 63.0 经 0
171.261 171.672 65.0 相 0
171.672 172.083 65.0 爱 0
172.083 172.289 65.0 到 0
172.289 172.7 65.0 放 0
172.7 172.905 63.0 - 0
172.905 173.727 63.0 弃 1
174.017 174.223 63.0 如 0
174.223 174.428 65.0 果 0
174.428 174.839 61.0 继 0
174.839 175.044 58.0 续 0
175.044 175.25 58.0 也 0
175.25 175.455 58.0 没 0
175.455 175.661 58.0 有 0
175.661 175.866 56.0 意 0
175.866 176.894 58.0 义 1
177.358 177.563 61.0 曾 0
177.563 177.769 63.0 经 0
177.769 178.18 65.0 迷 0
178.18 178.385 65.0 失 0
178.385 178.591 65.0 了 0
178.591 178.796 65.0 我 0
178.796 179.207 65.0 自 0
179.207 179.412 63.0 - 0
179.412 180.234 63.0 己 1
180.703 180.909 63.0 我 0
180.909 181.114 65.0 会 0
181.114 181.525 61.0 离 0
181.525 181.936 58.0 开 0
181.936 182.142 61.0 你 0
182.142 182.758 63.0 远 0
182.758 183.58 65.0 去 1
184.012 184.218 61.0 走 0
184.218 184.423 63.0 到 0
184.423 185.039 65.0 海 0
185.039 185.656 68.0 角 0
185.656 186.067 65.0 天 0
186.067 186.478 63.0 - 0
186.478 186.889 63.0 边 1
187.258 187.463 63.0 刻 0
187.463 187.669 65.0 骨 0
187.669 188.08 61.0 铭 0
188.08 188.491 58.0 心 0
188.491 188.902 58.0 这 0
188.902 189.107 58.0 份 0
189.107 189.518 56.0 真 0
189.518 189.723 58.0 - 0
189.723 190.545 53.0 情 1
190.961 191.372 51.0 含 0
191.372 191.783 51.0 泪 0
191.783 192.194 51.0 默 0
192.194 192.4 49.0 默 0
192.4 192.811 51.0 哭 0
192.811 193.427 53.0 泣 1
193.711 193.917 53.0 下 0
193.917 194.122 56.0 定 0
194.122 194.944 58.0 决 0
194.944 195.766 61.0 心 0
196.588 196.999 60.0 忘 0
196.999 197.41 58.0 - 0
197.41 197.821 56.0 记 0
197.839 200.286 58.0 你 1
