13.395 13.818 56.0 Sorry 0
13.818 14.24 57.0 - 0
14.874 15.085 52.0 情 0
15.085 15.297 52.0 歌 0
15.297 15.508 52.0 要 0
15.508 15.719 57.0 怎 0
15.719 16.142 59.0 么 0
16.142 16.564 59.0 写 0
16.564 16.775 57.0 我 0
16.775 16.987 56.0 不 0
16.987 17.409 57.0 会 1
18.35 18.562 52.0 是 0
18.562 18.773 52.0 不 0
18.773 18.984 52.0 是 0
18.984 19.195 57.0 应 0
19.195 19.618 59.0 该 0
19.618 20.041 59.0 慢 0
20.041 20.252 57.0 慢 0
20.252 20.463 56.0 体 0
20.463 20.886 57.0 会 1
21.927 22.138 52.0 才 0
22.138 22.349 52.0 能 0
22.349 22.772 54.0 写 0
22.772 22.983 57.0 出 0
22.983 23.617 59.0 诗 0
23.617 23.828 57.0 的 0
23.828 24.462 61.0 美 1
26.819 27.242 56.0 Sorry 0
27.242 27.664 57.0 - 0
28.298 28.509 52.0 弱 0
28.509 28.721 52.0 水 0
28.721 28.932 52.0 三 0
28.932 29.143 57.0 千 0
29.143 29.566 59.0 的 0
29.566 29.988 59.0 美 0
29.988 30.2 57.0 怎 0
30.2 30.411 56.0 描 0
30.411 30.833 57.0 绘 1
31.71 31.922 52.0 是 0
31.922 32.133 52.0 不 0
32.133 32.344 52.0 是 0
32.344 32.556 57.0 要 0
32.556 32.978 59.0 自 0
32.978 33.401 59.0 醉 0
33.401 33.612 57.0 才 0
33.612 33.823 56.0 能 0
33.823 34.246 57.0 对 1
35.427 35.638 52.0 为 0
35.638 35.85 52.0 何 0
35.85 36.272 54.0 天 0
36.272 36.483 57.0 公 0
36.483 36.906 59.0 不 0
36.906 37.54 57.0 作 0
37.54 38.807 57.0 美 1
40.782 41.627 61.0 嘿 0
41.838 42.05 61.0 这 0
42.05 42.261 59.0 是 0
42.261 42.472 57.0 我 0
42.472 42.683 59.0 写 0
42.683 42.895 57.0 的 0
43.106 43.528 59.0 第 0
43.528 43.74 61.0 几 0
43.74 44.162 59.0 - 0
44.162 44.374 57.0 回 0
44.374 44.796 54.0 - 1
45.229 45.44 61.0 看 0
45.44 45.651 59.0 鸟 0
45.651 45.862 57.0 儿 0
45.862 46.074 59.0 成 0
46.074 46.496 57.0 双 0
46.496 46.919 59.0 成 0
46.919 47.13 59.0 对 0
47.13 47.553 61.0 - 0
47.553 47.764 57.0 飞 0
47.764 48.186 54.0 - 1
48.635 48.846 52.0 这 0
48.846 49.057 52.0 次 0
49.057 49.269 52.0 又 0
49.269 49.48 54.0 写 0
49.48 49.902 57.0 信 0
49.902 50.114 57.0 给 0
50.114 50.325 59.0 - 0
50.325 50.536 57.0 - 0
50.536 50.748 57.0 哪 0
50.748 51.17 61.0 位 1
52.712 53.346 61.0 喔 0
53.346 54.402 57.0 - 1
54.452 54.875 61.0 Say 0
55.508 55.72 61.0 也 0
55.72 55.931 59.0 许 0
55.931 56.142 57.0 是 0
56.142 56.354 59.0 没 0
56.354 56.776 57.0 有 0
56.776 57.199 59.0 相 0
57.199 57.41 59.0 依 0
57.41 57.78 61.0 - 0
57.78 58.383 54.0 偎 1
58.873 59.084 61.0 所 0
59.084 59.295 59.0 以 0
59.295 59.507 57.0 没 0
59.507 59.718 59.0 有 0
59.718 60.14 57.0 玫 0
60.14 60.563 59.0 瑰 0
60.563 61.197 59.0 的 0
61.197 61.619 54.0 味 1
62.442 62.865 52.0 你 0
62.865 63.287 54.0 何 0
63.287 63.499 57.0 时 0
63.499 63.921 59.0 才 0
63.921 64.132 57.0 - 0
64.132 64.344 57.0 能 0
64.344 66.245 57.0 归 1
67.968 68.391 61.0 I 0
68.391 68.602 61.0 love 0
68.602 69.025 61.0 you 0
69.025 69.658 61.0 so 0
69.658 70.081 59.0 I 0
70.081 70.292 56.0 love 0
70.292 70.715 56.0 you 0
70.715 71.349 59.0 baby 0
71.349 71.771 57.0 - 1
73.065 73.487 56.0 Don't 0
73.487 73.698 52.0 say 0
73.698 74.121 52.0 you 0
74.121 74.544 56.0 don't 0
74.544 74.755 54.0 - 0
74.755 75.177 54.0 know 1
76.373 76.795 59.0 Where 0
76.795 77.218 59.0 ever 0
77.218 77.641 57.0 - 0
77.641 78.063 57.0 you 0
78.063 78.486 52.0 go 1
81.4 81.823 61.0 I 0
81.823 82.034 61.0 love 0
82.034 82.457 61.0 you 0
82.457 83.09 61.0 so 0
83.09 83.513 59.0 I 0
83.513 83.724 56.0 love 0
83.724 84.147 56.0 you 0
84.147 84.781 59.0 baby 0
84.781 85.203 57.0 - 1
86.514 86.936 56.0 Don't 0
86.936 87.148 52.0 say 0
87.148 87.57 52.0 you 0
87.57 88.204 56.0 can't 0
88.204 88.626 54.0 see 1
89.88 90.302 59.0 So 0
90.303 90.936 59.0 easy 0
90.936 91.148 57.0 - 0
91.148 91.359 57.0 for 0
91.359 93.894 57.0 you 1
93.957 94.591 59.0 Oh 0
94.591 95.013 59.0 - 1
95.013 95.436 61.0 I 0
95.436 95.647 61.0 love 0
95.647 96.07 61.0 you 0
96.07 96.704 61.0 so 0
96.704 97.126 64.0 I 0
97.126 97.337 64.0 love 0
97.337 97.76 64.0 you 0
97.76 98.394 59.0 baby 0
98.394 98.816 57.0 - 1
100.023 100.445 56.0 Don't 0
100.445 100.657 52.0 say 0
100.657 101.079 52.0 you 0
101.079 101.713 56.0 can't 0
101.713 102.136 54.0 hear 1
103.483 103.906 59.0 What 0
103.906 104.54 59.0 ever 0
104.54 104.751 57.0 - 0
104.751 105.173 57.0 you 0
105.173 105.596 52.0 say 1
108.499 108.921 61.0 I 0
108.921 109.132 61.0 love 0
109.132 109.555 61.0 you 0
109.555 110.189 61.0 so 0
110.189 110.611 64.0 I 0
110.611 110.823 64.0 love 0
110.823 111.245 64.0 you 0
111.245 111.879 66.0 baby 0
111.879 112.724 66.0 - 1
112.727 113.044 61.0 I 0
113.044 113.361 61.0 love 0
113.361 114.206 57.0 you 0
114.206 114.417 64.0 - 1
114.477 114.688 61.0 You 0
114.688 114.9 61.0 are 0
114.9 115.111 61.0 my 0
115.111 115.533 59.0 love 0
115.533 116.167 57.0 so 1
116.864 117.076 59.0 When 0
117.076 117.498 59.0 you 0
117.498 117.921 59.0 say 0
117.921 118.132 59.0 I 0
118.132 118.554 61.0 - 0
118.554 121.512 57.0 do 1
135.502 135.924 59.0 嘿 0
135.924 136.347 61.0 - 0
136.558 136.769 61.0 这 0
136.769 136.981 59.0 是 0
136.981 137.192 57.0 我 0
137.192 137.403 57.0 写 0
137.403 137.614 57.0 的 0
137.826 138.248 59.0 第 0
138.248 138.46 61.0 几 0
138.46 138.882 59.0 - 0
138.882 139.093 57.0 回 0
139.093 139.516 54.0 - 1
140.003 140.215 61.0 看 0
140.215 140.426 59.0 鸟 0
140.426 140.637 57.0 儿 0
140.637 140.849 59.0 成 0
140.849 141.271 57.0 双 0
141.271 141.694 59.0 成 0
141.694 142.327 61.0 对 0
142.327 142.539 57.0 飞 0
142.539 142.961 54.0 - 1
143.392 143.603 52.0 这 0
143.603 143.814 52.0 次 0
143.814 144.026 52.0 又 0
144.026 144.237 54.0 写 0
144.237 144.659 57.0 信 0
144.659 145.278 59.0 给 0
145.293 145.504 57.0 哪 0
145.504 145.927 61.0 位 1
147.34 147.974 61.0 Oh 0
147.974 149.03 57.0 - 1
149.119 149.541 61.0 Say 0
150.175 150.387 61.0 也 0
150.387 150.598 59.0 许 0
150.598 150.809 57.0 是 0
150.809 151.02 59.0 没 0
151.02 151.443 57.0 有 0
151.443 151.865 59.0 相 0
151.865 152.288 61.0 依 0
152.288 152.809 54.0 偎 1
153.533 153.744 61.0 所 0
153.744 153.955 59.0 以 0
153.955 154.166 57.0 没 0
154.166 154.378 59.0 有 0
154.378 154.8 57.0 玫 0
154.8 155.223 59.0 瑰 0
155.223 155.857 59.0 的 0
155.857 156.279 54.0 味 1
156.993 157.416 52.0 你 0
157.416 157.838 54.0 何 0
157.838 158.049 57.0 时 0
158.049 158.261 57.0 才 0
158.261 158.683 59.0 - 0
158.683 158.895 57.0 能 0
158.895 160.796 57.0 归 1
162.47 162.893 61.0 I 0
162.893 163.104 61.0 love 0
163.104 163.526 61.0 you 0
163.526 164.16 61.0 so 0
164.16 164.583 59.0 I 0
164.583 164.794 56.0 love 0
164.794 165.217 56.0 you 0
165.217 165.85 59.0 baby 0
165.85 166.273 57.0 - 1
167.525 167.948 56.0 Don't 0
167.948 168.159 52.0 say 0
168.159 168.582 52.0 you 0
168.582 169.216 56.0 don't 0
169.216 169.638 54.0 know 1
170.9 171.322 59.0 Where 0
171.322 171.745 59.0 ever 0
171.745 172.167 57.0 - 0
172.167 172.59 57.0 you 0
172.59 173.012 52.0 go 1
176.018 176.441 61.0 I 0
176.441 176.652 61.0 love 0
176.652 177.075 61.0 you 0
177.075 177.708 61.0 so 0
177.708 178.131 59.0 I 0
178.131 178.342 56.0 love 0
178.342 178.765 56.0 you 0
178.765 179.398 59.0 baby 0
179.398 179.821 57.0 - 1
181.234 181.656 56.0 Don't 0
181.656 181.867 52.0 say 0
181.867 182.29 52.0 you 0
182.29 182.924 56.0 can't 0
182.924 183.346 54.0 see 1
184.433 184.852 59.0 so 0
184.855 185.489 59.0 easy 0
185.489 185.7 57.0 - 0
185.7 185.912 57.0 for 0
185.912 188.024 57.0 you 1
188.558 189.192 59.0 Oh 0
189.192 189.614 59.0 - 1
189.628 190.051 61.0 I 0
190.051 190.262 61.0 love 0
190.262 190.685 61.0 you 0
190.685 191.318 61.0 so 0
191.318 191.741 64.0 I 0
191.741 191.952 64.0 love 0
191.952 192.375 64.0 you 0
192.375 193.009 59.0 baby 0
193.009 193.431 57.0 - 1
194.733 195.155 56.0 Don't 0
195.155 195.367 52.0 say 0
195.367 195.789 52.0 you 0
195.789 196.423 56.0 can't 0
196.423 196.845 54.0 hear 1
198.001 198.424 59.0 What 0
198.424 199.252 59.0 ever 0
199.269 199.691 57.0 you 0
199.691 200.114 52.0 say 1
203.022 203.445 61.0 I 0
203.445 203.656 61.0 love 0
203.656 204.079 61.0 you 0
204.079 204.713 61.0 so 0
204.713 205.135 64.0 I 0
205.135 205.346 64.0 love 0
205.346 205.769 64.0 you 0
205.769 206.403 66.0 baby 0
206.403 207.248 66.0 - 1
207.277 207.594 61.0 I 0
207.594 207.911 61.0 love 0
207.911 208.756 57.0 you 0
208.756 208.967 64.0 - 1
209.052 209.261 61.0 You 0
209.262 209.472 61.0 are 0
209.474 209.686 61.0 my 0
209.686 210.108 59.0 love 0
210.108 210.742 57.0 so 1
211.504 211.715 59.0 When 0
211.715 212.138 59.0 you 0
212.138 212.56 59.0 say 0
212.56 213.194 61.0 I 0
213.194 216.152 57.0 do 1
218.211 219.954 64.0 Oh 0
219.954 220.799 69.0 - 1
220.888 221.31 61.0 I 0
221.31 221.733 61.0 love 0
221.733 221.944 59.0 you 0
221.944 222.367 57.0 - 1
222.594 222.797 61.0 You 0
222.805 223.017 61.0 are 0
223.017 223.228 61.0 my 0
223.228 223.65 59.0 love 0
223.65 224.284 57.0 so 1
225.175 225.387 59.0 When 0
225.387 225.809 59.0 you 0
225.809 226.232 59.0 say 0
226.232 226.865 61.0 I 0
226.865 228.978 57.0 do 1
