17.968 18.513 58.0 如 0
18.513 18.786 63.0 果 0
18.786 19.331 65.0 有 0
19.331 19.877 67.0 天 1
20.025 20.297 65.0 可 0
20.297 20.57 63.0 以 0
20.57 20.843 65.0 让 0
20.843 21.116 63.0 你 0
21.116 21.388 65.0 选 0
21.388 22.206 67.0 择 1
22.219 22.492 65.0 人 0
22.492 22.765 63.0 生 0
22.765 23.038 65.0 重 0
23.038 23.31 63.0 来 0
23.31 23.856 65.0 或 0
23.856 24.129 67.0 继 0
24.129 24.947 60.0 续 1
26.69 27.236 60.0 我 0
27.236 27.508 65.0 不 0
27.508 27.967 67.0 知 0
27.967 28.054 67.0 - 0
28.054 28.872 68.0 道 1
28.894 29.167 67.0 你 0
29.167 29.439 65.0 的 0
29.439 29.712 67.0 答 0
29.712 29.985 65.0 案 0
29.985 30.258 67.0 最 0
30.258 31.076 68.0 后 1
31.076 31.348 67.0 会 0
31.348 31.621 65.0 是 0
31.621 31.894 67.0 真 0
31.894 32.167 65.0 情 0
32.167 32.712 67.0 或 0
32.712 32.985 68.0 假 0
32.985 34.076 65.0 意 1
35.256 35.712 63.0 我 0
35.717 35.802 70.0 - 0
35.802 36.347 72.0 希 0
36.347 37.984 70.0 望 1
38.709 39.255 67.0 从 0
39.255 39.527 65.0 蓝 0
39.527 39.8 63.0 天 0
39.8 40.345 65.0 到 0
40.345 40.618 67.0 名 0
40.618 41.982 67.0 利 1
42.894 43.439 67.0 所 0
43.439 43.707 63.0 有 0
43.712 43.985 63.0 你 0
43.985 44.422 65.0 想 0
44.427 44.53 65.0 - 0
44.53 44.803 67.0 要 0
44.803 45.621 60.0 的 1
46.737 47.01 60.0 都 0
47.01 47.282 60.0 别 0
47.282 47.828 62.0 随 0
47.828 48.373 63.0 风 0
48.373 50.555 65.0 去 1
51.723 52.268 63.0 告 0
52.268 52.814 65.0 诉 0
52.821 53.632 67.0 我 0
53.632 54.723 60.0 吧 0
55.539 55.68 65.0 - 1
55.753 56.158 67.0 别 0
56.158 56.703 65.0 再 0
56.703 57.249 63.0 沉 0
57.255 58.067 65.0 默 0
58.067 58.339 70.0 如 0
58.339 59.976 70.0 谜 0
60.517 60.636 62.0 - 1
60.653 61.079 63.0 聚 0
61.079 61.522 65.0 散 0
61.522 61.624 65.0 - 0
61.624 62.431 67.0 随 0
62.432 63.261 60.0 意 0
63.753 63.884 65.0 - 1
63.887 64.351 67.0 像 0
64.351 64.624 65.0 红 0
64.624 65.165 63.0 尘 0
65.165 65.279 70.0 - 0
65.283 65.769 72.0 来 0
65.769 66.254 70.0 - 0
66.261 68.17 70.0 去 1
69.133 69.678 63.0 告 0
69.678 70.106 65.0 诉 0
70.106 70.223 65.0 - 0
70.223 71.042 67.0 你 0
71.042 72.133 60.0 吧 0
72.902 73.03 65.0 - 1
73.129 73.59 67.0 我 0
73.59 74.136 65.0 也 0
74.136 74.408 63.0 曾 0
74.408 74.678 62.0 - 0
74.681 75.227 62.0 面 0
75.227 75.499 63.0 临 0
75.499 76.045 65.0 这 0
76.052 76.863 67.0 难 0
76.863 77.404 63.0 题 0
77.408 78.499 63.0 - 1
78.502 78.775 63.0 而 0
78.775 79.048 65.0 你 0
79.052 79.593 67.0 现 0
79.593 79.886 68.0 在 0
79.889 80.139 65.0 - 0
80.139 80.411 67.0 看 0
80.411 80.676 65.0 到 0
80.676 80.952 63.0 - 0
80.957 81.502 63.0 的 1
82.294 82.566 62.0 是 0
82.566 83.112 63.0 谜 0
83.112 85.566 63.0 底 1
92.171 92.716 58.0 如 0
92.716 92.989 63.0 果 0
92.989 93.534 65.0 有 0
93.534 94.08 67.0 天 1
94.244 94.516 65.0 可 0
94.516 94.789 63.0 以 0
94.789 95.062 65.0 让 0
95.062 95.334 63.0 你 0
95.334 95.607 65.0 选 0
95.614 96.425 67.0 择 1
96.485 96.758 65.0 人 0
96.758 97.031 63.0 生 0
97.031 97.304 65.0 重 0
97.304 97.576 63.0 来 0
97.576 98.122 65.0 或 0
98.122 98.394 67.0 继 0
98.394 99.213 60.0 续 1
100.714 101.259 60.0 我 0
101.259 101.532 65.0 不 0
101.532 102.078 67.0 知 0
102.084 102.896 68.0 道 1
102.926 103.199 67.0 你 0
103.199 103.471 65.0 的 0
103.471 103.744 67.0 答 0
103.744 104.017 65.0 案 0
104.017 104.289 67.0 最 0
104.296 105.108 68.0 后 1
105.112 105.384 67.0 会 0
105.384 105.657 65.0 是 0
105.657 105.93 67.0 真 0
105.93 106.203 65.0 情 0
106.207 106.372 65.0 或 0
106.372 106.748 67.0 - 0
106.748 107.283 68.0 假 0
107.288 108.113 65.0 意 1
109.532 110.068 63.0 我 0
110.068 110.166 70.0 - 0
110.172 110.62 72.0 希 0
110.62 112.257 70.0 望 1
112.727 113.178 67.0 从 0
113.18 113.274 65.0 - 0
113.277 113.543 63.0 蓝 0
113.55 113.814 63.0 天 0
113.825 114.363 65.0 到 0
114.363 114.636 67.0 名 0
114.636 116.0 67.0 利 0
117.086 117.191 65.0 - 1
117.287 117.728 67.0 所 0
117.728 118.001 65.0 有 0
118.001 118.274 63.0 你 0
118.283 118.716 65.0 想 0
118.716 118.819 65.0 - 0
118.819 119.092 67.0 要 0
119.092 119.91 60.0 的 1
121.046 121.319 60.0 都 0
121.319 121.591 60.0 别 0
121.591 122.137 62.0 随 0
122.137 122.682 63.0 风 0
122.687 124.864 65.0 去 1
125.875 126.42 63.0 告 0
126.42 126.966 65.0 诉 0
126.973 127.784 67.0 我 0
127.784 128.875 60.0 吧 0
129.689 129.815 66.0 - 1
129.921 130.341 67.0 别 0
130.341 130.61 65.0 再 0
130.61 130.879 63.0 - 0
130.886 131.431 63.0 沉 0
131.443 132.25 65.0 默 0
132.25 132.522 70.0 如 0
132.522 134.159 70.0 谜 1
134.557 135.103 63.0 聚 0
135.103 135.648 65.0 散 0
135.657 136.474 67.0 随 0
136.474 136.732 60.0 - 0
136.739 137.284 60.0 意 0
137.821 137.972 65.0 - 1
138.045 138.439 67.0 像 0
138.439 138.712 65.0 红 0
138.712 139.128 63.0 尘 0
139.128 139.256 70.0 - 0
139.258 139.837 72.0 来 0
139.837 140.342 70.0 - 0
140.348 142.258 70.0 去 1
143.275 143.821 63.0 告 0
143.821 144.158 65.0 诉 0
144.158 144.366 65.0 - 0
144.366 145.185 67.0 你 0
145.185 146.275 60.0 吧 0
147.091 147.202 65.0 - 1
147.254 147.689 67.0 我 0
147.689 148.235 65.0 也 0
148.235 148.78 63.0 曾 0
148.78 149.325 62.0 面 0
149.325 149.598 63.0 临 0
149.598 150.144 65.0 这 0
150.144 150.685 67.0 难 0
150.685 152.871 72.0 题 1
154.879 155.152 63.0 而 0
155.152 155.424 65.0 你 0
155.424 155.97 67.0 现 0
155.97 156.243 68.0 在 0
156.243 156.515 65.0 看 0
156.515 156.788 67.0 - 0
156.788 157.054 65.0 到 0
157.054 157.327 63.0 - 0
157.334 158.697 63.0 的 1
159.231 159.503 63.0 而 0
159.503 159.776 65.0 你 0
159.776 160.322 67.0 现 0
160.322 160.594 68.0 在 0
160.594 161.14 67.0 看 0
161.14 161.685 68.0 到 0
161.69 163.049 70.0 的 1
164.09 164.635 67.0 现 0
164.635 164.908 68.0 在 0
164.908 165.111 65.0 看 0
165.111 165.453 67.0 - 0
165.453 165.726 65.0 到 0
165.726 165.992 63.0 - 0
165.999 167.635 63.0 的 1
169.565 169.838 62.0 是 0
169.838 171.202 63.0 谜 0
171.202 173.383 63.0 底 1
