15.748 16.177 62.0 无 0
16.177 16.605 59.0 心 0
16.605 17.034 57.0 过 0
17.034 17.462 55.0 问 0
17.462 17.891 57.0 你 0
17.891 18.32 55.0 的 0
18.32 18.748 57.0 心 0
18.748 19.177 59.0 里 0
19.177 20.034 62.0 我 0
20.034 20.462 64.0 的 0
20.462 21.748 59.0 吻 1
22.479 22.908 64.0 厌 0
22.908 23.336 55.0 倦 0
23.765 23.979 55.0 我 0
23.979 24.194 64.0 的 0
24.194 24.622 62.0 亏 0
24.622 25.051 55.0 欠 1
25.456 25.671 55.0 代 0
25.671 25.885 52.0 替 0
25.885 26.742 55.0 你 0
26.742 27.063 59.0 所 0
27.063 27.385 62.0 爱 0
27.385 27.599 57.0 的 0
27.599 27.813 59.0 - 0
27.813 28.028 57.0 - 0
28.028 28.885 57.0 人 1
29.741 30.17 59.0 这 0
30.17 30.598 59.0 个 0
30.598 30.812 57.0 时 0
30.812 31.884 59.0 候 1
31.929 32.143 59.0 我 0
32.143 32.572 66.0 心 0
32.572 32.786 66.0 落 0
32.786 33.215 67.0 - 0
33.215 33.643 66.0 花 0
33.643 33.857 62.0 一 0
33.857 34.286 62.0 样 0
34.286 34.5 62.0 飘 0
34.5 34.822 64.0 - 0
34.822 35.036 62.0 落 0
35.036 35.572 59.0 下 0
35.572 35.786 57.0 - 0
35.786 36.215 55.0 来 1
36.216 36.644 62.0 顿 0
36.644 37.073 55.0 时 0
37.501 37.716 55.0 我 0
37.716 37.93 64.0 的 0
37.93 38.358 62.0 视 0
38.358 39.216 55.0 线 1
39.224 39.438 55.0 失 0
39.438 39.652 52.0 去 0
39.652 40.509 55.0 了 0
40.509 41.152 57.0 色 0
41.152 41.366 55.0 - 0
41.366 43.081 55.0 彩 1
44.911 45.346 62.0 知 0
45.346 45.78 59.0 道 0
45.78 46.215 57.0 你 0
46.215 46.65 55.0 也 0
46.65 47.079 57.0 一 0
47.079 47.507 55.0 样 0
47.507 47.936 57.0 不 0
47.936 48.364 59.0 善 0
48.364 49.221 62.0 于 0
49.221 49.65 64.0 表 0
49.65 50.936 59.0 白 1
51.644 52.072 64.0 想 0
52.072 52.501 55.0 想 0
52.93 53.144 55.0 你 0
53.144 53.358 64.0 的 0
53.358 53.787 55.0 相 0
53.787 54.215 55.0 爱 0
54.644 54.858 55.0 编 0
54.858 55.072 52.0 织 0
55.072 55.93 55.0 的 0
55.93 56.144 57.0 谎 0
56.144 56.572 62.0 言 0
56.572 56.787 57.0 懈 0
56.787 57.001 59.0 - 0
57.001 57.215 57.0 - 0
57.215 58.072 57.0 怠 1
59.101 59.529 59.0 甜 0
59.529 59.958 57.0 美 0
59.958 60.172 57.0 镜 0
60.172 61.243 59.0 头 1
61.243 61.458 59.0 竟 0
61.458 61.886 66.0 也 0
61.886 62.101 66.0 落 0
62.101 62.529 67.0 - 0
62.529 62.958 66.0 花 0
62.958 63.172 62.0 一 0
63.172 63.601 62.0 样 0
63.601 64.029 62.0 飘 0
64.029 64.243 62.0 落 0
64.243 64.886 59.0 下 0
64.886 65.101 57.0 - 0
65.101 65.529 55.0 来 1
65.529 65.958 62.0 从 0
65.958 66.386 55.0 此 0
66.815 67.029 55.0 我 0
67.029 67.243 64.0 的 0
67.243 67.672 62.0 生 0
67.672 68.529 55.0 命 1
68.529 68.743 55.0 变 0
68.743 68.958 52.0 成 0
68.958 69.815 55.0 了 0
69.815 70.458 57.0 尘 0
70.458 70.672 55.0 - 0
70.672 72.386 55.0 埃 1
72.73 73.158 54.0 寂 0
73.158 73.587 54.0 寞 0
73.587 73.801 59.0 的 0
73.801 74.444 59.0 人 1
76.116 76.331 52.0 总 0
76.331 76.545 52.0 是 0
76.545 76.974 52.0 习 0
76.974 77.188 59.0 惯 0
77.188 77.616 59.0 寂 0
77.616 78.045 59.0 寞 0
78.045 78.474 59.0 的 0
78.474 78.688 57.0 安 0
78.688 78.902 55.0 稳 1
79.188 79.617 64.0 至 0
79.617 80.474 62.0 少 0
80.474 80.688 62.0 我 0
80.688 80.903 59.0 们 0
80.903 81.331 64.0 直 0
81.331 82.188 62.0 线 0
82.188 82.403 59.0 曾 0
82.403 82.617 62.0 经 0
82.617 83.487 64.0 交 0
83.487 84.356 66.0 叉 0
84.356 86.095 62.0 过 1
86.095 86.524 67.0 就 0
86.524 86.952 66.0 像 0
86.952 87.381 64.0 站 0
87.381 87.81 62.0 在 0
87.81 88.238 64.0 烈 0
88.238 88.667 62.0 日 0
88.667 89.095 59.0 骄 0
89.095 89.524 57.0 阳 0
89.524 90.381 55.0 大 0
90.381 91.238 57.0 桥 0
91.238 92.952 59.0 上 1
92.979 93.408 67.0 眼 0
93.408 93.837 66.0 泪 0
93.837 94.265 64.0 狂 0
94.265 94.694 62.0 奔 0
94.694 95.122 64.0 滴 0
95.122 95.551 62.0 落 0
95.551 95.979 59.0 在 0
95.979 96.408 57.0 我 0
96.408 97.265 55.0 的 0
97.265 97.908 57.0 脸 0
97.908 98.122 55.0 - 0
98.122 99.408 55.0 庞 1
137.661 138.09 62.0 知 0
138.09 138.519 59.0 道 0
138.519 138.947 57.0 你 0
138.947 139.376 55.0 也 0
139.376 139.804 57.0 一 0
139.804 140.233 55.0 样 0
140.233 140.661 57.0 不 0
140.661 141.09 59.0 善 0
141.09 141.947 62.0 于 0
141.947 142.376 64.0 表 0
142.376 143.661 59.0 白 1
144.432 144.646 64.0 想 0
144.646 144.86 55.0 想 0
145.717 145.932 55.0 你 0
145.932 146.146 64.0 的 0
146.146 146.36 62.0 相 0
146.36 146.574 55.0 爱 0
147.432 147.646 55.0 编 0
147.646 147.86 52.0 织 0
147.86 148.717 55.0 的 0
148.717 148.932 59.0 谎 0
148.932 149.36 62.0 言 0
149.36 149.574 57.0 懈 0
149.574 149.789 59.0 - 0
149.789 150.003 57.0 - 0
150.003 150.86 57.0 怠 1
151.737 152.166 59.0 甜 0
152.166 152.594 59.0 美 0
152.594 152.809 57.0 镜 0
152.809 153.88 59.0 头 1
153.896 154.11 59.0 竟 0
154.11 154.539 66.0 也 0
154.539 154.753 66.0 落 0
154.753 155.182 67.0 - 0
155.182 155.61 66.0 花 0
155.61 155.825 62.0 一 0
155.825 156.253 62.0 样 0
156.253 156.682 62.0 飘 0
156.682 156.896 62.0 落 0
156.896 157.539 59.0 下 0
157.539 157.753 57.0 - 0
157.753 158.182 55.0 来 1
158.189 158.617 62.0 从 0
158.617 159.046 55.0 此 0
159.475 159.689 55.0 我 0
159.689 159.903 64.0 的 0
159.903 160.332 55.0 生 0
160.332 161.189 55.0 命 1
161.27 161.484 55.0 变 0
161.484 161.698 52.0 成 0
161.698 162.556 55.0 了 0
162.556 163.198 57.0 尘 0
163.198 163.413 55.0 - 0
163.413 165.127 55.0 埃 1
165.51 165.938 54.0 寂 0
165.938 166.367 54.0 寞 0
166.367 166.581 59.0 的 0
166.581 167.224 59.0 人 1
168.925 169.139 52.0 总 0
169.139 169.354 52.0 是 0
169.354 169.782 52.0 习 0
169.782 169.997 59.0 惯 0
169.997 170.425 59.0 寂 0
170.425 170.854 59.0 寞 0
170.854 171.282 59.0 的 0
171.282 171.497 57.0 安 0
171.497 171.711 55.0 稳 1
171.891 172.32 64.0 至 0
172.32 173.177 62.0 少 0
173.177 173.391 62.0 我 0
173.391 173.605 59.0 们 0
173.605 174.034 64.0 直 0
174.034 174.891 62.0 线 0
174.891 175.105 59.0 曾 0
175.105 175.32 62.0 经 0
175.32 176.177 64.0 交 0
176.177 177.034 66.0 叉 0
177.034 180.288 62.0 过 1
184.079 184.507 67.0 就 0
184.507 184.936 66.0 像 0
184.936 185.364 64.0 站 0
185.364 185.793 62.0 在 0
185.793 186.222 64.0 烈 0
186.222 186.65 62.0 日 0
186.65 187.079 59.0 骄 0
187.079 187.507 57.0 阳 0
187.507 188.364 55.0 大 0
188.364 189.222 57.0 桥 0
189.222 190.936 59.0 上 1
190.971 191.399 67.0 眼 0
191.399 191.828 66.0 泪 0
191.828 192.257 64.0 狂 0
192.257 192.685 62.0 奔 0
192.685 193.114 64.0 滴 0
193.114 193.542 62.0 落 0
193.542 193.971 59.0 在 0
193.971 194.399 57.0 我 0
194.399 195.257 55.0 的 0
195.257 195.899 57.0 脸 0
195.899 196.114 55.0 - 0
196.114 197.392 55.0 庞 1
197.654 201.824 55.0 啦 0
201.824 205.938 59.0 - 0
205.938 210.412 55.0 - 1
