30.725 31.099 49.0 慌 0
31.099 31.597 51.0 y 0
31.597 32.213 49.0 城 0
32.213 32.454 61.0 市 0
32.454 33.664 58.0 中 1
34.325 34.567 56.0 B 0
34.567 34.809 56.0 L 0
34.809 35.535 56.0 都 0
35.535 35.777 58.0 不 0
35.777 36.019 54.0 自 0
36.019 36.26 56.0 - 0
36.26 36.502 54.0 - 0
36.502 37.712 54.0 由 1
38.591 39.075 54.0  0
39.075 39.397 56.0 [ 0
39.397 39.881 54.0 的 0
39.881 40.204 66.0 街 0
40.204 41.171 63.0 ^ 1
41.925 42.288 63.0 就 0
42.288 42.53 63.0  0
42.53 42.893 63.0 我 0
42.893 43.498 63.0 最 0
43.498 43.86 66.0 寂 0
43.86 44.344 61.0 寞 0
44.344 45.191 61.0 - 1
46.429 46.792 54.0 是 0
46.792 47.155 56.0  0
47.155 47.638 54.0 的 0
47.638 48.001 66.0 M 0
48.001 48.848 63.0 惑 1
49.741 49.983 63.0  0
49.983 50.225 63.0 我 0
50.225 50.709 63.0 又 0
50.709 50.951 63.0 d 0
50.951 51.313 58.0 起 0
51.313 51.676 61.0  0
51.676 51.918 61.0 求 0
51.918 52.402 63.0 - 0
52.402 52.886 56.0 的 0
52.886 53.128 56.0 念 0
53.128 53.733 54.0 ^ 1
54.227 54.711 54.0 有 0
54.711 55.073 56.0 多 0
55.073 55.315 58.0  0
55.315 55.799 51.0 我 1
56.29 56.532 54.0  0
56.532 56.774 56.0 不 0
56.774 57.016 58.0  0
57.016 57.621 51.0 久 1
58.011 58.495 58.0  0
58.495 58.978 56.0 不 0
58.978 59.341 54.0  0
59.341 60.914 56.0 走 1
61.629 61.871 49.0 藏 0
61.871 62.354 49.0 在 0
62.354 62.717 51.0 柔 0
62.717 63.201 49.0  0
63.201 63.443 61.0 背 0
63.443 64.29 58.0 後 1
65.485 65.727 56.0 你 0
65.727 65.969 56.0 忠 0
65.969 66.452 56.0 於 0
66.452 66.815 58.0 自 0
66.815 67.299 54.0 我 0
67.299 68.146 54.0 - 1
69.724 70.207 54.0 情 0
70.207 70.611 56.0  0
70.611 71.095 54.0 Y 0
71.095 71.336 66.0 [ 0
71.336 72.224 63.0 走 1
72.764 73.006 63.0  0
73.006 73.248 63.0 不 0
73.248 73.49 63.0 曾 0
73.49 73.973 63.0  0
73.973 74.336 63.0 你 0
74.336 74.699 66.0 低 0
74.699 75.183 61.0 ^ 0
75.183 76.151 61.0 - 1
77.356 77.719 54.0 我 0
77.719 78.082 56.0 s 0
78.082 78.566 54.0 常 0
78.566 78.929 66.0 犯 0
78.929 79.776 63.0 e 1
80.419 80.661 63.0 像 0
80.661 80.903 63.0 一 0
80.903 81.144 63.0  0
81.144 81.386 63.0 太 0
81.386 81.628 63.0 忙 0
81.628 81.87 63.0 太 0
81.87 82.112 58.0 累 0
82.112 82.596 61.0 太 0
82.596 83.08 61.0 傻 0
83.322 83.806 58.0 的 0
83.806 84.048 56.0 陀 0
84.048 84.532 54.0 螺 1
85.133 85.496 54.0 D 0
85.496 85.859 56.0  0
85.859 86.101 58.0 不 0
86.101 86.827 51.0 休 1
87.095 87.458 54.0 只 0
87.458 87.821 56.0 放 0
87.821 88.063 58.0 不 0
88.063 88.788 50.0 收 1
89.083 89.567 56.0 停 0
89.567 89.93 56.0 不 0
89.93 90.293 54.0 了 0
90.293 91.624 54.0 手 1
92.911 93.184 65.0 太 0
93.184 93.459 66.0 - 0
93.459 93.735 65.0 想 0
93.735 94.01 63.0 - 0
94.01 94.26 63.0  0
94.26 94.51 61.0 你 0
94.51 94.76 61.0 是 0
94.76 95.01 58.0 我 0
95.01 95.26 61.0  0
95.26 95.51 61.0 抑 0
95.51 95.76 61.0 不 0
95.76 96.01 58.0 了 0
96.01 96.385 61.0 的 0
96.385 96.76 63.0 念 0
96.76 97.01 61.0 ^ 1
97.28 97.78 66.0 想 0
97.78 98.03 65.0 要 0
98.03 98.28 63.0 全 0
98.28 98.53 61.0 面 0
98.53 98.78 61.0 占 0
98.78 99.03 58.0 I 0
99.03 99.405 61.0 你 0
99.405 99.78 61.0 的 0
99.78 100.03 58.0 喜 0
100.03 100.405 63.0 怒 0
100.405 100.78 58.0 哀 0
100.78 101.03 56.0 愁 0
101.03 101.53 54.0 - 1
101.547 101.797 54.0 你 0
101.797 102.047 56.0 已 0
102.047 102.422 58.0 征 0
102.422 102.797 58.0 服 0
102.797 103.047 54.0 了 0
103.047 103.547 54.0 我 0
103.547 103.797 54.0 s 0
103.797 104.047 61.0  0
104.047 104.297 61.0 不 0
104.297 104.547 58.0  0
104.547 104.797 56.0 於 0
104.797 105.297 54.0 我 1
105.546 105.796 54.0 叫 0
105.796 106.046 56.0 我 0
106.046 106.296 56.0 如 0
106.296 106.546 56.0 何 0
106.546 106.796 56.0 不 0
106.796 107.046 54.0 去 0
107.046 107.296 54.0 猜 0
107.296 107.546 51.0 y 0
107.546 107.796 51.0 你 0
107.796 108.046 54.0 在 0
108.046 108.546 63.0 想 0
108.546 108.796 63.0 什 0
108.796 109.421 61.0 麽 1
109.421 109.879 66.0 太 0
109.879 110.22 65.0 想 0
110.22 110.481 63.0  0
110.481 110.741 61.0 你 0
110.741 111.002 61.0 是 0
111.002 111.263 58.0 我 0
111.263 111.524 61.0  0
111.524 111.785 61.0 抑 0
111.785 112.046 61.0 不 0
112.046 112.307 58.0 了 0
112.307 112.568 61.0 的 0
112.568 112.915 63.0 折 0
112.915 113.35 61.0 磨 1
113.394 113.829 66.0 能 0
113.829 114.09 68.0 否 0
114.09 114.34 63.0  0
114.34 114.59 61.0 你 0
114.59 114.84 61.0 不 0
114.84 115.09 58.0 要 0
115.09 115.465 61.0 不 0
115.465 115.84 63.0 要 0
115.84 116.09 66.0 x 0
116.09 116.59 63.0  0
116.59 116.84 63.0 W 0
116.84 117.34 63.0 躲 1
117.71 117.96 66.0 只 0
117.96 118.21 68.0 想 0
118.21 118.71 70.0  0
118.71 118.96 68.0 你 0
118.96 119.21 66.0 的 0
119.21 119.46 63.0 我 1
119.559 119.809 66.0 太 0
119.809 120.184 68.0 想 0
120.184 120.559 65.0  0
120.559 120.809 61.0 你 0
120.809 121.059 58.0 的 0
121.059 121.434 66.0 我 1
121.602 121.852 61.0 y 0
121.852 122.102 63.0 道 0
122.102 122.352 66.0 只 0
122.352 122.602 63.0 能 0
122.602 122.852 63.0 在 0
122.852 123.102 61.0 迷 0
123.102 123.477 63.0 F 0
123.477 124.102 66.0 中 0
124.102 124.352 68.0 猜 0
124.352 124.727 70.0 - 0
124.727 124.977 70.0 你 0
124.977 125.352 66.0 - 0
125.352 125.727 66.0 的 0
125.727 126.102 68.0  0
126.102 126.602 66.0 - 0
126.727 129.852 66.0 廓 1
152.707 152.946 49.0 藏 0
152.946 153.305 49.0 在 0
153.305 153.663 51.0 柔 0
153.663 154.266 49.0  0
154.266 154.629 61.0 背 0
154.629 155.356 58.0 後 1
156.525 157.009 56.0 你 0
157.009 157.252 56.0 忠 0
157.252 157.615 56.0 於 0
157.615 157.858 58.0 自 0
157.858 158.342 54.0 我 0
158.342 159.19 54.0 - 1
160.754 161.239 54.0 情 0
161.239 161.602 56.0  0
161.602 161.966 54.0 Y 0
161.966 162.329 66.0 [ 0
162.329 163.258 63.0 走 1
163.935 164.177 63.0  0
164.177 164.419 63.0 不 0
164.419 164.662 63.0 曾 0
164.662 165.025 63.0  0
165.025 165.51 63.0 你 0
165.51 165.873 66.0 低 0
165.873 166.358 63.0 ^ 0
166.358 167.327 61.0 - 1
168.538 168.901 54.0 我 0
168.901 169.265 56.0 s 0
169.265 169.749 54.0 常 0
169.749 170.113 66.0 犯 0
170.113 170.961 63.0 e 1
171.581 171.823 63.0 像 0
171.823 172.066 63.0 一 0
172.066 172.308 63.0  0
172.308 172.55 63.0 太 0
172.55 172.793 63.0 忙 0
172.793 173.035 63.0 太 0
173.035 173.277 58.0 累 0
173.277 173.762 61.0 太 0
173.762 174.247 63.0 傻 0
174.489 174.852 58.0 的 0
174.852 175.216 56.0 陀 0
175.216 175.701 54.0 螺 1
176.327 176.691 54.0 D 0
176.691 177.054 56.0  0
177.054 177.296 58.0 不 0
177.296 178.023 51.0 休 1
178.082 178.445 54.0 只 0
178.445 178.809 56.0 放 0
178.809 179.051 58.0 不 0
179.051 179.778 50.0 收 1
180.143 180.628 56.0 停 0
180.628 180.992 56.0 不 0
180.992 181.476 54.0 了 0
181.476 181.961 56.0 手 0
181.961 183.051 54.0 - 1
183.936 184.394 66.0 太 0
184.394 184.852 65.0 想 0
184.852 185.097 63.0  0
185.097 185.343 61.0 你 0
185.343 185.589 61.0 是 0
185.589 185.835 58.0 我 0
185.835 186.081 61.0  0
186.081 186.327 61.0 抑 0
186.327 186.573 61.0 不 0
186.573 186.819 58.0 了 0
186.819 187.188 61.0 的 0
187.188 187.556 63.0 念 0
187.556 187.802 61.0 ^ 1
188.146 188.638 66.0 想 0
188.638 188.884 65.0 要 0
188.884 189.13 63.0 全 0
189.13 189.376 61.0 面 0
189.376 189.622 61.0 占 0
189.622 189.868 58.0 I 0
189.868 190.236 61.0 你 0
190.236 190.605 61.0 的 0
190.605 190.851 58.0 喜 0
190.851 191.22 63.0 怒 0
191.22 191.589 58.0 哀 0
191.589 191.835 56.0 愁 0
191.835 192.327 54.0 - 1
192.373 192.618 54.0 你 0
192.618 192.864 56.0 已 0
192.864 193.356 58.0 征 0
193.356 193.602 56.0 服 0
193.602 193.848 54.0 了 0
193.848 194.34 54.0 我 0
194.34 194.586 54.0 s 0
194.586 194.832 61.0  0
194.832 195.078 61.0 不 0
195.078 195.323 58.0  0
195.323 195.569 56.0 於 0
195.569 196.061 54.0 我 1
196.262 196.508 54.0 叫 0
196.508 196.754 56.0 我 0
196.754 197.0 56.0 如 0
197.0 197.246 56.0 何 0
197.246 197.492 56.0 不 0
197.492 197.737 54.0 去 0
197.737 197.983 54.0 猜 0
197.983 198.229 51.0 y 0
198.229 198.475 51.0 你 0
198.475 198.721 54.0 在 0
198.721 199.213 63.0 想 0
199.213 199.459 63.0 什 0
199.459 199.951 61.0 麽 1
199.97 200.461 66.0 太 0
200.461 200.707 65.0 想 0
200.707 200.953 63.0  0
200.953 201.199 61.0 你 0
201.199 201.445 61.0 是 0
201.445 201.691 58.0 我 0
201.691 201.937 61.0  0
201.937 202.183 61.0 抑 0
202.183 202.429 61.0 不 0
202.429 202.674 58.0 了 0
202.674 203.043 61.0 的 0
203.043 203.412 63.0 折 0
203.412 203.658 61.0 磨 1
203.766 204.258 66.0 能 0
204.258 204.504 68.0 否 0
204.504 204.75 63.0  0
204.75 204.995 61.0 你 0
204.995 205.241 61.0 不 0
205.241 205.487 58.0 要 0
205.487 205.856 61.0 不 0
205.856 206.225 63.0 要 0
206.225 206.471 66.0 x 0
206.471 206.963 63.0  0
206.963 207.209 63.0 W 0
207.209 207.7 66.0 躲 1
208.013 208.259 66.0 只 0
208.259 208.505 68.0 想 0
208.505 208.997 70.0  0
208.997 209.243 68.0 你 0
209.243 209.489 66.0 的 0
209.489 209.735 63.0 我 1
210.014 210.259 66.0 太 0
210.259 210.628 68.0 想 0
210.628 210.997 65.0  0
210.997 211.243 61.0 你 0
211.243 211.489 58.0 的 0
211.489 211.858 66.0 我 1
211.921 212.167 61.0 y 0
212.167 212.413 63.0 道 0
212.413 212.658 66.0 只 0
212.658 212.904 63.0 能 0
212.904 213.15 63.0 在 0
213.15 213.396 61.0 迷 0
213.396 213.765 63.0 F 0
213.765 214.38 66.0 中 0
214.38 214.626 68.0 猜 0
214.626 214.995 70.0 - 0
214.995 215.24 68.0 你 0
215.24 215.609 66.0 - 0
215.609 215.978 66.0 的 0
215.978 216.347 68.0  0
216.347 216.716 66.0 - 0
216.839 219.298 66.0 廓 1
219.405 220.265 67.0 太 0
220.265 220.616 66.0 想 0
220.616 220.966 64.0 - 0
220.966 221.2 64.0  0
221.2 221.433 62.0 你 0
221.433 221.667 62.0 是 0
221.667 221.901 59.0 我 0
221.901 222.251 62.0  0
222.251 222.485 62.0 抑 0
222.485 222.718 62.0 不 0
222.718 222.952 59.0 了 0
222.952 223.186 62.0 的 0
223.186 223.419 62.0 念 0
223.419 223.77 64.0 - 0
223.77 224.004 62.0 ^ 1
224.407 224.911 67.0 想 0
224.911 225.163 66.0 要 0
225.163 225.414 64.0 全 0
225.414 225.666 62.0 面 0
225.666 225.918 62.0 占 0
225.918 226.169 59.0 I 0
226.169 226.547 66.0 你 0
226.547 226.924 62.0 的 0
226.924 227.175 59.0 喜 0
227.175 227.552 64.0 怒 0
227.552 227.929 59.0 哀 0
227.929 228.18 57.0 愁 0
228.18 228.682 55.0 - 1
228.684 228.935 55.0 你 0
228.935 229.185 57.0 已 0
229.185 229.561 59.0 征 0
229.561 229.937 57.0 服 0
229.937 230.188 55.0 了 0
230.188 230.689 55.0 我 0
230.689 230.939 55.0 s 0
230.939 231.19 64.0  0
231.19 231.44 62.0 不 0
231.44 231.69 59.0  0
231.69 231.94 57.0 於 0
231.94 232.437 55.0 我 1
232.565 232.812 55.0 叫 0
232.812 233.059 57.0 我 0
233.059 233.3 59.0 如 0
233.3 233.541 57.0 何 0
233.541 233.782 57.0 不 0
233.782 234.023 55.0 去 0
234.023 234.258 55.0 猜 0
234.258 234.493 52.0 y 0
234.493 234.729 52.0 你 0
234.729 234.964 55.0 在 0
234.964 235.424 64.0 想 0
235.424 235.768 66.0 什 0
235.768 236.126 62.0 麽 1
236.329 236.704 67.0 太 0
236.704 236.954 66.0 想 0
236.954 237.204 64.0  0
237.204 237.454 62.0 你 0
237.454 237.704 62.0 是 0
237.704 237.954 59.0 我 0
237.954 238.204 62.0  0
238.204 238.454 62.0 抑 0
238.454 238.704 62.0 不 0
238.704 238.954 59.0 了 0
238.954 239.204 62.0 的 0
239.204 239.704 62.0 折 0
239.704 239.954 62.0 磨 1
240.189 240.314 66.0 能 0
240.314 240.689 67.0 否 0
240.689 241.189 69.0  0
241.189 241.439 62.0 你 0
241.439 241.689 62.0 不 0
241.689 241.939 59.0 要 0
241.939 242.189 62.0 不 0
242.189 242.564 64.0 要 0
242.564 242.939 66.0 x 0
242.939 243.439 64.0  0
243.439 243.689 64.0 W 0
243.689 244.189 64.0 躲 1
244.37 244.536 67.0 只 0
244.536 244.87 69.0 想 0
244.87 245.245 71.0  0
245.245 245.495 69.0 你 0
245.495 245.745 67.0 的 0
245.745 245.995 64.0 我 1
246.325 246.7 67.0 太 0
246.7 247.075 69.0 想 0
247.075 247.45 66.0  0
247.45 247.7 62.0 你 0
247.7 247.95 59.0 的 0
247.95 250.45 67.0 我 1
251.036 251.286 62.0 y 0
251.286 251.661 64.0 道 0
251.661 252.036 67.0 只 0
252.036 252.286 64.0 能 0
252.286 252.536 64.0 在 0
252.536 252.911 62.0 迷 0
252.911 253.161 64.0 F 0
253.161 253.911 67.0 中 0
254.411 254.661 69.0 猜 0
254.661 255.161 71.0 - 0
255.161 255.411 71.0 你 0
255.411 255.911 67.0 的 0
256.161 256.786 67.0  0
256.786 257.911 67.0 - 0
257.911 262.411 67.0 廓 1
