25.588 25.929 51.0 为 0
25.929 26.27 53.0 什 0
26.27 27.294 55.0 么 0
27.294 27.635 58.0 我 0
27.635 27.977 55.0 们 0
27.977 28.318 53.0 相 0
28.318 28.659 51.0 遇 0
28.659 29.0 46.0 网 0
29.0 30.365 48.0 络 1
31.098 31.439 51.0 为 0
31.439 31.781 53.0 什 0
31.781 32.463 55.0 么 0
32.463 32.804 55.0 要 0
32.804 33.146 58.0 拿 0
33.146 33.487 55.0 虚 0
33.487 33.828 53.0 拟 0
33.828 34.169 53.0 对 0
34.169 34.511 51.0 待 0
34.511 35.876 53.0 我 1
36.54 36.881 53.0 我 0
36.881 37.223 53.0 和 0
37.223 37.905 51.0 你 0
37.905 38.246 53.0 在 0
38.246 38.588 51.0 一 0
38.588 39.27 48.0 起 0
39.27 39.611 48.0 在 0
39.611 39.953 46.0 一 0
39.953 40.294 55.0 起 0
40.294 40.635 58.0 - 0
40.635 40.976 60.0 的 0
40.976 41.318 58.0 甜 0
41.318 42.0 55.0 蜜 1
42.066 42.408 48.0 这 0
42.408 42.749 55.0 份 0
42.749 43.431 53.0 爱 0
43.431 43.773 53.0 会 0
43.773 44.114 51.0 埋 0
44.114 44.796 53.0 在 0
44.796 45.138 51.0 我 0
45.138 45.479 55.0 心 0
45.479 46.844 53.0 里 1
47.403 47.745 51.0 我 0
47.745 48.086 53.0 和 0
48.086 48.768 55.0 你 0
48.768 49.11 55.0 相 0
49.11 49.451 58.0 爱 0
49.451 49.792 55.0 网 0
49.792 50.133 53.0 - 0
50.133 50.475 51.0 络 0
50.475 50.816 46.0 - 0
50.816 52.181 48.0 里 1
52.859 53.2 51.0 爱 0
53.2 53.541 53.0 来 0
53.541 54.565 55.0 爱 0
54.565 54.906 58.0 去 0
54.906 55.247 55.0 都 0
55.247 55.589 53.0 变 0
55.589 55.93 53.0 成 0
55.93 56.271 51.0 回 0
56.271 57.636 53.0 忆 1
58.336 58.677 53.0 你 0
58.677 59.018 55.0 的 0
59.018 59.701 51.0 心 0
59.701 60.042 53.0 我 0
60.042 60.383 51.0 最 0
60.383 61.066 48.0 懂 1
61.111 61.452 48.0 你 0
61.452 61.793 46.0 哭 0
61.793 62.134 55.0 泣 0
62.134 62.476 58.0 - 0
62.476 62.817 60.0 我 0
62.817 63.158 58.0 陪 0
63.158 63.841 55.0 你 1
63.957 64.298 48.0 这 0
64.298 64.639 55.0 辈 0
64.639 65.322 53.0 子 0
65.322 65.663 53.0 注 0
65.663 66.004 51.0 定 0
66.004 66.346 48.0 与 0
66.346 66.687 48.0 你 0
66.687 67.028 46.0 在 0
67.028 67.369 48.0 一 0
67.369 68.734 51.0 起 1
69.262 69.603 55.0 大 0
69.603 69.944 58.0 声 0
69.944 70.286 60.0 喊 0
70.286 70.627 60.0 出 0
70.627 70.968 60.0 我 0
70.968 71.309 58.0 爱 0
71.309 71.651 60.0 你 1
72.025 72.366 60.0 时 0
72.366 72.707 55.0 刻 0
72.707 73.049 58.0 把 0
73.049 73.39 58.0 你 0
73.39 73.731 60.0 放 0
73.731 74.073 58.0 心 0
74.073 74.414 55.0 里 1
74.775 75.116 55.0 不 0
75.116 75.458 58.0 怕 0
75.458 75.799 60.0 网 0
75.799 76.14 60.0 络 0
76.14 76.481 60.0 的 0
76.481 76.823 58.0 虚 0
76.823 77.505 60.0 拟 1
77.595 77.936 60.0 等 0
77.936 78.278 55.0 着 0
78.278 79.643 58.0 你 1
80.314 80.655 55.0 点 0
80.655 80.997 58.0 击 0
80.997 81.338 60.0 鼠 0
81.338 81.679 60.0 标 0
81.679 82.02 60.0 的 0
82.02 82.362 58.0 情 0
82.362 82.703 60.0 意 1
83.035 83.376 60.0 传 0
83.376 83.718 55.0 达 0
83.718 84.059 58.0 爱 0
84.059 84.4 58.0 你 0
84.4 84.742 60.0 的 0
84.742 85.083 55.0 蜜 0
85.083 85.424 55.0 语 1
85.693 86.035 48.0 在 0
86.035 86.376 55.0 心 0
86.376 87.058 53.0 里 0
87.058 87.4 53.0 从 0
87.4 87.741 51.0 此 0
87.741 88.082 48.0 永 0
88.082 88.423 48.0 远 0
88.423 88.765 46.0 有 0
88.765 89.106 48.0 个 0
89.106 90.471 48.0 你 1
91.107 91.449 51.0 谢 0
91.449 91.79 53.0 谢 0
91.79 92.814 55.0 你 0
92.814 93.155 58.0 让 0
93.155 93.496 55.0 我 0
93.496 93.837 53.0 - 0
93.837 94.179 51.0 遇 0
94.179 94.52 46.0 到 0
94.52 95.885 48.0 你 1
96.618 96.959 51.0 谢 0
96.959 97.3 53.0 谢 0
97.3 97.983 55.0 你 0
97.983 98.324 55.0 也 0
98.324 98.665 58.0 让 0
98.665 99.006 55.0 我 0
99.006 99.348 53.0 - 0
99.348 99.689 53.0 爱 0
99.689 100.03 51.0 上 0
100.03 101.395 53.0 你 1
102.159 102.5 53.0 不 0
102.5 102.841 55.0 管 0
102.841 103.524 51.0 风 0
103.524 103.865 53.0 风 0
103.865 104.206 51.0 雨 0
104.206 104.889 48.0 雨 1
104.917 105.258 48.0 不 0
105.258 105.599 46.0 问 0
105.599 105.941 55.0 明 0
105.941 106.282 58.0 天 0
106.282 106.623 60.0 在 0
106.623 106.964 58.0 哪 0
106.964 107.647 55.0 里 1
107.648 107.989 48.0 我 0
107.989 108.33 55.0 都 0
108.33 109.013 53.0 会 0
109.013 109.354 53.0 永 0
109.354 109.695 51.0 远 0
109.695 110.378 48.0 的 0
110.378 110.719 46.0 陪 0
110.719 111.06 48.0 伴 0
111.06 113.023 51.0 你 1
134.833 135.175 51.0 为 0
135.175 135.516 53.0 什 0
135.516 136.54 55.0 么 0
136.54 136.881 58.0 我 0
136.881 137.222 55.0 们 0
137.222 137.563 53.0 相 0
137.563 137.905 51.0 遇 0
137.905 138.246 46.0 网 0
138.246 139.611 48.0 络 1
140.243 140.584 51.0 为 0
140.584 140.925 53.0 什 0
140.925 141.608 55.0 么 0
141.608 141.949 55.0 要 0
141.949 142.29 58.0 拿 0
142.29 142.631 55.0 虚 0
142.631 142.973 53.0 拟 0
142.973 143.314 53.0 对 0
143.314 143.655 51.0 待 0
143.655 145.02 53.0 我 1
145.85 146.191 53.0 我 0
146.191 146.532 53.0 和 0
146.532 147.215 51.0 你 0
147.215 147.556 53.0 在 0
147.556 147.897 51.0 一 0
147.897 148.58 48.0 起 1
148.598 148.939 48.0 在 0
148.939 149.28 46.0 一 0
149.28 149.622 55.0 起 0
149.622 149.963 58.0 - 0
149.963 150.304 60.0 的 0
150.304 150.645 58.0 甜 0
150.645 151.328 55.0 蜜 1
151.329 151.67 48.0 这 0
151.67 152.011 55.0 份 0
152.011 152.694 53.0 爱 0
152.694 153.035 53.0 会 0
153.035 153.376 51.0 埋 0
153.376 153.718 48.0 在 0
154.059 154.4 46.0 我 0
154.4 154.741 48.0 心 0
154.741 156.106 51.0 里 1
156.709 157.05 55.0 大 0
157.05 157.391 58.0 声 0
157.391 157.733 60.0 喊 0
157.733 158.074 60.0 出 0
158.074 158.415 60.0 我 0
158.415 158.756 58.0 爱 0
158.756 159.098 60.0 你 1
159.486 159.827 60.0 时 0
159.827 160.169 55.0 刻 0
160.169 160.51 58.0 把 0
160.51 160.851 58.0 你 0
160.851 161.192 60.0 放 0
161.192 161.534 58.0 心 0
161.534 161.875 55.0 里 1
162.112 162.453 55.0 不 0
162.453 162.795 58.0 怕 0
162.795 163.136 60.0 网 0
163.136 163.477 60.0 络 0
163.477 163.818 60.0 的 0
163.818 164.16 58.0 虚 0
164.16 164.842 60.0 拟 1
164.972 165.313 60.0 等 0
165.313 165.655 55.0 着 0
165.655 167.02 58.0 你 1
167.527 167.868 55.0 点 0
167.868 168.21 58.0 击 0
168.21 168.551 60.0 鼠 0
168.551 168.892 60.0 标 0
168.892 169.233 60.0 的 0
169.233 169.575 58.0 情 0
169.575 169.916 60.0 意 1
170.344 170.686 60.0 传 0
170.686 171.027 55.0 达 0
171.027 171.368 58.0 爱 0
171.368 171.709 58.0 你 0
171.709 172.051 60.0 的 0
172.051 172.392 55.0 蜜 0
172.392 172.733 55.0 语 1
173.005 173.347 48.0 在 0
173.347 173.688 55.0 心 0
173.688 174.37 53.0 里 0
174.37 174.712 53.0 从 0
174.712 175.053 51.0 此 0
175.053 175.394 48.0 永 0
175.394 175.735 48.0 远 0
175.735 176.077 46.0 有 0
176.077 176.418 48.0 个 0
176.418 177.783 48.0 你 1
178.472 178.814 51.0 谢 0
178.814 179.155 53.0 谢 0
179.155 180.179 55.0 你 0
180.179 180.52 58.0 让 0
180.52 180.861 55.0 我 0
180.861 181.203 53.0 - 0
181.203 181.544 51.0 遇 0
181.544 181.885 46.0 到 0
181.885 183.25 48.0 你 1
184.013 184.354 51.0 谢 0
184.354 184.695 53.0 谢 0
184.695 185.378 55.0 你 0
185.378 185.719 55.0 也 0
185.719 186.06 58.0 让 0
186.06 186.401 55.0 我 0
186.401 186.743 53.0 - 0
186.743 187.084 53.0 爱 0
187.084 187.425 51.0 上 0
187.425 188.79 53.0 你 1
189.354 189.695 53.0 不 0
189.695 190.036 55.0 管 0
190.036 190.719 51.0 风 0
190.719 191.06 53.0 风 0
191.06 191.401 51.0 雨 0
191.401 192.084 48.0 雨 1
192.146 192.487 48.0 不 0
192.487 192.828 46.0 问 0
192.828 193.17 55.0 明 0
193.17 193.511 58.0 天 0
193.511 193.852 60.0 在 0
193.852 194.193 58.0 哪 0
194.193 194.876 55.0 里 1
194.941 195.282 48.0 我 0
195.282 195.623 55.0 都 0
195.623 196.306 53.0 会 0
196.306 196.647 53.0 永 0
196.647 196.988 51.0 远 0
196.988 197.671 48.0 的 0
197.671 198.012 46.0 陪 0
198.012 198.353 48.0 伴 0
198.353 200.316 51.0 你 1
200.433 200.774 55.0 大 0
200.774 201.115 58.0 声 0
201.115 201.457 60.0 喊 0
201.457 201.798 60.0 出 0
201.798 202.139 60.0 我 0
202.139 202.481 58.0 爱 0
202.481 202.822 60.0 你 1
203.179 203.52 60.0 时 0
203.52 203.862 55.0 刻 0
203.862 204.203 58.0 把 0
204.203 204.544 58.0 你 0
204.544 204.885 60.0 放 0
204.885 205.227 58.0 心 0
205.227 205.568 55.0 里 1
205.918 206.259 55.0 不 0
206.259 206.601 58.0 怕 0
206.601 206.942 60.0 网 0
206.942 207.283 60.0 络 0
207.283 207.624 60.0 的 0
207.624 207.966 58.0 虚 0
207.966 208.648 60.0 拟 1
208.653 208.994 60.0 等 0
208.994 209.336 55.0 着 0
209.336 210.701 58.0 你 1
211.207 211.548 55.0 点 0
211.548 211.89 58.0 击 0
211.89 212.231 60.0 鼠 0
212.231 212.572 60.0 标 0
212.572 212.914 60.0 的 0
212.914 213.255 58.0 情 0
213.255 213.596 60.0 意 1
214.091 214.433 60.0 传 0
214.433 214.774 55.0 达 0
214.774 215.115 58.0 爱 0
215.115 215.456 58.0 你 0
215.456 215.798 60.0 的 0
215.798 216.139 55.0 蜜 0
216.139 216.48 55.0 语 1
216.795 217.137 48.0 在 0
217.137 217.478 55.0 心 0
217.478 218.16 53.0 里 0
218.16 218.502 53.0 从 0
218.502 218.843 51.0 此 0
218.843 219.184 48.0 永 0
219.184 219.525 48.0 远 0
219.525 219.867 46.0 有 0
219.867 220.208 48.0 个 0
220.208 221.573 48.0 你 1
222.285 222.627 51.0 谢 0
222.627 222.968 53.0 谢 0
222.968 223.992 55.0 你 0
223.992 224.333 58.0 让 0
224.333 224.674 55.0 我 0
224.674 225.016 53.0 - 0
225.016 225.357 51.0 遇 0
225.357 225.698 46.0 到 0
225.698 227.063 48.0 你 1
227.577 227.918 51.0 谢 0
227.918 228.259 53.0 谢 0
228.259 228.942 55.0 你 0
228.942 229.283 55.0 也 0
229.283 229.624 58.0 让 0
229.624 229.965 55.0 我 0
229.965 230.307 53.0 - 0
230.307 230.648 53.0 爱 0
230.648 230.989 51.0 上 0
230.989 232.354 53.0 你 1
233.166 233.507 53.0 不 0
233.507 233.848 55.0 管 0
233.848 234.531 51.0 风 0
234.531 234.872 53.0 风 0
234.872 235.213 51.0 雨 0
235.213 235.896 48.0 雨 1
235.902 236.243 48.0 不 0
236.243 236.584 46.0 问 0
236.584 236.926 55.0 明 0
236.926 237.267 58.0 天 0
237.267 237.608 60.0 在 0
237.608 237.949 58.0 哪 0
237.949 238.632 55.0 里 1
238.687 239.028 48.0 在 0
239.028 239.369 55.0 心 0
239.369 240.052 53.0 里 0
240.052 240.393 53.0 从 0
240.393 240.734 51.0 此 0
240.734 241.076 48.0 永 0
241.076 241.417 48.0 远 0
241.417 241.758 46.0 有 0
241.758 242.099 48.0 个 0
242.099 244.062 51.0 你 1
