32.248 32.516 65.0 到 0
32.52 32.788 65.0 后 0
32.793 33.606 65.0 来 0
33.611 34.151 64.0 才 0
34.156 34.424 64.0 发 0
34.429 34.697 65.0 现 0
34.701 35.242 64.0 爱 0
35.246 35.787 60.0 你 0
35.792 36.332 62.0 是 0
36.337 36.605 57.0 一 0
36.882 37.287 57.0 种 0
37.291 37.559 55.0 习 0
37.7 38.922 57.0 惯 1
41.072 41.34 65.0 我 0
41.344 41.612 65.0 学 0
41.617 42.158 65.0 会 0
42.435 42.839 64.0 和 0
42.844 43.248 64.0 你 0
43.253 43.521 65.0 说 0
43.525 44.066 64.0 一 0
44.071 44.339 60.0 样 0
44.343 44.748 62.0 的 0
44.888 47.065 65.0 谎 1
48.544 48.812 69.0 你 0
48.817 49.085 69.0 总 0
49.089 49.358 67.0 是 0
49.362 49.63 67.0 要 0
49.635 49.903 65.0 我 0
49.907 50.175 65.0 在 0
50.18 50.448 65.0 - 0
50.453 50.721 65.0 你 0
50.725 50.993 65.0 身 0
50.998 51.266 62.0 - 0
51.271 52.629 62.0 旁 1
53.02 53.288 67.0 说 0
53.293 53.561 69.0 幸 0
53.566 53.834 67.0 福 0
53.838 54.106 67.0 该 0
54.111 54.379 65.0 是 0
54.383 54.788 65.0 什 0
54.929 55.197 65.0 么 0
55.201 55.469 65.0 模 0
55.474 55.742 60.0 - 0
55.747 57.105 60.0 样 1
57.299 57.567 67.0 你 0
57.572 57.84 69.0 给 0
57.845 57.976 67.0 我 0
58.117 58.385 67.0 的 0
58.39 58.658 65.0 天 0
58.662 58.931 62.0 - 0
58.935 59.339 62.0 堂 1
59.882 60.423 69.0 其 0
60.427 60.695 67.0 实 0
60.7 60.968 65.0 是 0
60.972 61.513 65.0 一 0
61.518 61.922 62.0 片 0
62.063 62.331 57.0 荒 0
62.336 66.284 60.0 凉 1
67.056 67.324 64.0 要 0
67.329 67.597 65.0 是 0
67.601 68.278 65.0 我 0
68.419 68.96 64.0 早 0
68.964 69.232 64.0 可 0
69.237 69.505 65.0 以 0
69.51 69.914 64.0 和 0
69.919 70.323 60.0 你 0
70.6 71.413 62.0 一 0
71.418 72.231 57.0 刀 0
72.236 72.504 55.0 两 0
72.509 74.14 57.0 断 1
75.929 76.197 64.0 我 0
76.202 76.47 65.0 们 0
76.474 76.879 65.0 就 0
77.292 77.833 64.0 不 0
77.837 78.106 64.0 必 0
78.11 78.378 65.0 在 0
78.383 78.787 64.0 爱 0
78.928 79.196 60.0 里 0
79.201 79.605 62.0 勉 0
79.746 82.74 65.0 强 1
83.567 83.835 69.0 可 0
83.839 84.107 69.0 是 0
84.112 84.38 67.0 我 0
84.385 84.653 67.0 真 0
84.657 84.925 65.0 的 0
84.93 85.47 67.0 不 0
85.475 85.607 65.0 够 0
85.748 86.016 65.0 勇 0
86.02 86.288 62.0 - 0
86.293 87.652 62.0 敢 0
87.929 88.06 67.0 - 1
88.079 88.483 69.0 总 0
88.488 88.756 67.0 为 0
88.761 89.029 67.0 你 0
89.033 89.301 65.0 忐 0
89.306 89.438 65.0 忑 0
89.442 89.847 65.0 为 0
89.851 90.119 65.0 你 0
90.124 90.392 65.0 心 0
90.396 90.664 60.0 - 0
90.669 92.028 60.0 软 1
92.324 92.592 67.0 毕 0
92.596 92.864 69.0 竟 0
92.869 93.137 67.0 相 0
93.142 93.41 67.0 爱 0
93.414 93.682 65.0 一 0
93.687 94.228 62.0 场 1
94.389 94.657 67.0 不 0
94.661 94.929 69.0 要 0
94.934 95.202 67.0 谁 0
95.207 95.475 67.0 心 0
95.479 95.747 65.0 里 0
95.752 96.293 62.0 带 0
96.297 96.838 65.0 着 0
96.842 100.791 72.0 伤 1
100.881 101.149 70.0 我 0
101.153 101.422 72.0 可 0
101.426 101.694 69.0 以 0
101.699 101.967 69.0 永 0
101.971 102.239 67.0 远 0
102.244 102.512 67.0 笑 0
102.517 102.785 65.0 着 1
102.794 103.062 67.0 扮 0
103.067 103.335 65.0 演 0
103.339 103.744 67.0 你 0
103.748 104.153 69.0 的 0
104.157 104.698 72.0 配 0
104.703 105.107 69.0 角 1
105.274 105.542 69.0 在 0
105.547 105.815 72.0 你 0
105.819 106.087 69.0 的 0
106.092 106.36 69.0 背 0
106.364 106.632 67.0 后 0
106.637 106.905 67.0 自 0
106.91 107.178 65.0 己 0
107.182 107.45 67.0 煎 0
107.455 109.495 69.0 熬 1
109.647 109.915 69.0 如 0
109.92 110.188 72.0 果 0
110.192 110.46 69.0 你 0
110.465 110.733 69.0 不 0
110.737 111.006 67.0 想 0
111.01 111.687 65.0 要 1
111.845 112.113 69.0 想 0
112.118 112.386 72.0 退 0
112.39 112.658 72.0 出 0
112.663 112.931 69.0 要 0
112.935 113.204 67.0 趁 0
113.208 113.476 65.0 - 0
113.481 113.749 65.0 早 1
114.059 114.327 60.0 我 0
114.332 114.6 72.0 没 0
114.604 114.872 72.0 有 0
114.877 115.145 72.0 非 0
115.15 115.418 72.0 要 0
115.422 115.827 72.0 一 0
115.831 116.235 74.0 起 0
116.24 116.781 65.0 到 0
116.785 118.417 67.0 老 1
118.496 118.764 70.0 我 0
118.769 119.037 72.0 可 0
119.041 119.309 69.0 以 0
119.314 119.582 69.0 不 0
119.587 119.855 67.0 问 0
119.859 120.127 67.0 感 0
120.132 120.4 65.0 觉 1
120.405 120.674 67.0 继 0
120.678 120.946 65.0 续 0
120.951 121.355 67.0 为 0
121.36 121.764 69.0 爱 0
121.769 122.309 72.0 讨 0
122.314 122.718 69.0 好 1
122.79 123.058 69.0 冷 0
123.063 123.331 72.0 眼 0
123.335 123.603 69.0 的 0
123.608 123.876 69.0 看 0
123.881 124.149 67.0 着 0
124.153 124.421 67.0 你 0
124.426 124.694 65.0 的 0
124.698 124.967 67.0 骄 0
124.971 126.875 69.0 傲 1
127.18 127.448 70.0 若 0
127.453 127.721 72.0 有 0
127.725 127.993 69.0 情 0
127.998 128.266 69.0 太 0
128.271 128.539 67.0 难 0
128.543 128.811 65.0 - 0
128.816 129.22 65.0 了 1
129.262 129.53 70.0 想 0
129.535 129.803 72.0 别 0
129.807 130.076 72.0 恋 0
130.08 130.348 69.0 要 0
130.353 130.621 67.0 趁 0
130.625 130.893 65.0 - 0
130.898 131.439 65.0 早 1
131.759 132.027 70.0 就 0
132.031 132.3 72.0 算 0
132.304 132.572 72.0 迷 0
132.577 132.845 72.0 恋 0
132.849 133.254 72.0 你 0
133.258 133.526 72.0 的 0
133.531 133.799 74.0 - 0
133.804 134.208 65.0 拥 0
134.212 134.753 67.0 抱 1
134.952 135.493 69.0 忘 0
135.498 135.766 67.0 了 0
135.77 136.175 67.0 就 0
136.179 140.264 65.0 好 1
163.083 163.351 64.0 要 0
163.356 163.624 65.0 是 0
163.628 164.305 65.0 我 0
164.446 164.987 64.0 早 0
164.991 165.26 64.0 可 0
165.264 165.532 65.0 以 0
165.537 165.941 64.0 和 0
165.946 166.35 60.0 你 0
166.627 167.441 62.0 一 0
167.445 168.258 57.0 刀 0
168.263 168.531 55.0 两 0
168.536 170.167 57.0 断 1
171.87 172.138 64.0 我 0
172.143 172.411 65.0 们 0
172.415 172.82 65.0 就 0
173.233 173.774 64.0 不 0
173.779 174.047 64.0 必 0
174.051 174.319 65.0 在 0
174.324 174.728 64.0 爱 0
174.869 175.137 60.0 里 0
175.142 175.546 62.0 勉 0
175.687 178.681 65.0 强 1
179.391 179.659 67.0 可 0
179.663 179.931 69.0 是 0
179.936 180.204 67.0 我 0
180.209 180.477 67.0 真 0
180.481 180.749 65.0 的 0
180.754 181.295 67.0 不 0
181.299 181.431 65.0 够 0
181.572 181.84 65.0 勇 0
181.844 182.113 62.0 - 0
182.117 183.476 62.0 敢 0
183.753 183.885 67.0 - 1
183.922 184.327 69.0 总 0
184.331 184.599 67.0 为 0
184.604 184.872 67.0 你 0
184.876 185.144 65.0 忐 0
185.149 185.281 65.0 忑 0
185.285 185.69 65.0 为 0
185.694 185.962 65.0 你 0
185.967 186.235 65.0 心 0
186.239 186.508 60.0 - 0
186.512 187.871 60.0 软 1
188.281 188.549 67.0 毕 0
188.554 188.822 69.0 竟 0
188.826 189.094 67.0 相 0
189.099 189.367 67.0 爱 0
189.371 189.639 65.0 一 0
189.644 190.185 62.0 场 1
190.301 190.569 67.0 不 0
190.574 190.842 69.0 要 0
190.846 191.114 67.0 谁 0
191.119 191.387 67.0 心 0
191.391 191.659 65.0 里 0
191.664 192.205 62.0 带 0
192.209 192.75 65.0 着 0
192.755 196.703 72.0 伤 1
196.928 197.196 70.0 我 0
197.201 197.469 72.0 可 0
197.473 197.741 69.0 以 0
197.746 198.014 69.0 永 0
198.018 198.287 67.0 远 0
198.291 198.559 67.0 笑 0
198.564 198.832 65.0 着 1
198.871 199.139 67.0 扮 0
199.144 199.412 65.0 演 0
199.417 199.821 67.0 你 0
199.826 200.23 69.0 的 0
200.235 200.775 72.0 配 0
200.78 201.184 69.0 角 1
201.253 201.521 69.0 在 0
201.526 201.794 72.0 你 0
201.798 202.066 69.0 的 0
202.071 202.339 69.0 背 0
202.344 202.612 67.0 后 0
202.616 202.884 67.0 自 0
202.889 203.157 65.0 己 0
203.161 203.43 67.0 煎 0
203.434 205.474 69.0 熬 1
205.599 205.867 69.0 如 0
205.872 206.14 72.0 果 0
206.144 206.412 69.0 你 0
206.417 206.685 69.0 不 0
206.69 206.958 67.0 想 0
206.962 207.639 65.0 要 1
207.919 208.187 69.0 想 0
208.192 208.46 72.0 退 0
208.464 208.732 72.0 出 0
208.737 209.005 69.0 要 0
209.01 209.278 67.0 趁 0
209.282 209.55 65.0 - 0
209.555 209.823 65.0 早 1
209.907 210.175 60.0 我 0
210.18 210.448 70.0 没 0
210.452 210.72 72.0 有 0
210.725 210.993 72.0 非 0
210.998 211.266 72.0 要 0
211.27 211.675 72.0 一 0
211.679 212.084 74.0 起 0
212.088 212.356 65.0 到 0
212.361 213.992 67.0 老 1
214.28 214.548 70.0 我 0
214.553 214.821 72.0 可 0
214.825 215.094 69.0 以 0
215.098 215.366 69.0 不 0
215.371 215.639 67.0 问 0
215.643 215.911 67.0 感 0
215.916 216.184 65.0 觉 1
216.287 216.555 67.0 继 0
216.559 216.827 65.0 续 0
216.832 217.236 67.0 为 0
217.241 217.645 69.0 爱 0
217.65 218.19 72.0 讨 0
218.195 218.599 69.0 好 1
218.741 219.009 69.0 冷 0
219.014 219.282 72.0 眼 0
219.286 219.555 69.0 的 0
219.559 219.827 69.0 看 0
219.832 220.1 67.0 着 0
220.104 220.372 67.0 你 0
220.377 220.645 65.0 的 0
220.65 220.918 67.0 骄 0
220.922 222.826 69.0 傲 1
223.094 223.362 70.0 若 0
223.367 223.635 72.0 有 0
223.64 223.908 69.0 情 0
223.912 224.18 69.0 太 0
224.185 224.453 67.0 难 0
224.457 224.726 65.0 - 0
224.73 225.134 65.0 了 1
225.264 225.532 70.0 想 0
225.537 225.805 72.0 别 0
225.81 226.078 74.0 恋 0
226.082 226.35 69.0 要 0
226.355 226.623 67.0 趁 0
226.627 226.896 65.0 - 0
226.9 227.441 65.0 早 1
227.816 228.084 70.0 就 0
228.089 228.357 72.0 算 0
228.361 228.629 72.0 迷 0
228.634 228.902 72.0 恋 0
228.906 229.311 72.0 你 0
229.315 229.584 72.0 的 0
229.588 229.856 74.0 - 0
229.861 230.265 65.0 拥 0
230.27 230.81 67.0 抱 1
230.978 231.518 69.0 忘 0
231.523 231.791 67.0 了 0
231.795 232.2 67.0 就 0
232.204 236.289 65.0 好 1
236.939 237.207 64.0 爱 0
237.212 237.48 64.0 已 0
237.485 237.753 64.0 至 0
237.894 238.298 64.0 此 0
238.302 238.707 69.0 怎 0
238.848 239.252 69.0 样 0
239.393 239.661 70.0 的 0
239.666 240.07 69.0 说 0
240.211 240.479 67.0 法 0
240.483 240.752 65.0 - 0
241.301 241.569 67.0 都 0
241.574 241.842 65.0 能 0
241.847 242.115 67.0 成 0
242.256 242.66 69.0 为 0
242.665 242.933 62.0 理 0
243.21 245.114 64.0 由 1
245.816 246.085 62.0 我 0
246.089 246.357 64.0 在 0
246.362 246.766 64.0 这 0
246.771 247.175 64.0 样 0
247.18 247.448 64.0 的 0
247.452 247.857 69.0 爱 0
247.861 248.266 69.0 情 0
248.27 248.538 70.0 里 0
248.543 249.083 69.0 看 0
249.088 249.356 67.0 见 0
249.361 251.537 65.0 的 1
251.545 251.813 62.0 是 0
251.817 252.222 65.0 男 0
252.226 252.631 62.0 人 0
252.635 253.176 65.0 的 0
253.18 253.721 74.0 软 0
253.726 253.857 72.0 - 0
253.862 258.356 72.0 弱 1
260.198 260.466 72.0 我 0
260.47 260.738 72.0 可 0
260.743 261.011 69.0 以 0
261.016 261.284 69.0 永 0
261.288 261.556 67.0 远 0
261.561 261.829 67.0 笑 0
261.833 262.102 65.0 着 1
262.127 262.395 67.0 扮 0
262.4 262.668 65.0 演 0
262.672 263.077 67.0 你 0
263.081 263.486 69.0 的 0
263.49 264.031 72.0 配 0
264.036 264.44 69.0 角 1
264.449 264.717 69.0 在 0
264.721 264.989 72.0 你 0
264.994 265.262 69.0 的 0
265.267 265.535 69.0 背 0
265.539 265.807 67.0 后 0
265.812 266.08 67.0 自 0
266.085 266.353 65.0 己 0
266.357 266.625 67.0 煎 0
266.63 267.716 69.0 熬 0
267.72 268.125 65.0 - 1
268.835 269.103 70.0 如 0
269.107 269.376 72.0 果 0
269.38 269.648 69.0 你 0
269.653 269.921 69.0 不 0
269.925 270.193 67.0 想 0
270.198 270.875 65.0 要 1
270.992 271.26 70.0 想 0
271.264 271.533 72.0 退 0
271.537 271.805 72.0 出 0
271.81 272.078 69.0 要 0
272.082 272.35 67.0 趁 0
272.355 272.896 65.0 早 1
272.965 273.233 72.0 我 0
273.238 273.779 72.0 没 0
273.783 274.051 72.0 有 0
274.056 274.324 72.0 非 0
274.328 274.596 72.0 要 0
274.601 275.005 72.0 一 0
275.01 275.414 74.0 起 0
275.419 275.823 65.0 到 0
275.828 277.459 67.0 老 1
277.64 277.908 70.0 我 0
277.913 278.181 72.0 可 0
278.185 278.453 69.0 以 0
278.458 278.726 69.0 不 0
278.73 278.999 67.0 问 0
279.003 279.271 67.0 感 0
279.276 279.544 65.0 觉 1
279.602 279.87 67.0 继 0
279.875 280.143 65.0 续 0
280.148 280.552 67.0 为 0
280.557 280.961 69.0 爱 0
280.965 281.506 72.0 讨 0
281.511 281.915 69.0 好 1
281.963 282.231 69.0 冷 0
282.236 282.504 72.0 眼 0
282.508 282.776 69.0 的 0
282.781 283.049 69.0 看 0
283.054 283.322 67.0 着 0
283.326 283.594 67.0 你 0
283.599 283.867 65.0 的 0
283.871 284.139 67.0 骄 0
284.144 286.048 69.0 傲 1
286.433 286.701 69.0 若 0
286.706 286.974 72.0 有 0
286.978 287.246 69.0 情 0
287.251 287.519 69.0 太 0
287.524 288.064 67.0 难 0
288.069 288.473 65.0 了 1
288.567 288.835 70.0 想 0
288.84 289.108 72.0 别 0
289.112 289.38 72.0 恋 0
289.385 289.653 69.0 要 0
289.658 289.926 67.0 趁 0
289.93 290.198 65.0 - 0
290.203 290.744 65.0 早 1
290.947 291.215 72.0 就 0
291.219 291.487 72.0 算 0
291.492 291.76 72.0 迷 0
291.765 292.033 72.0 恋 0
292.037 292.442 72.0 你 0
292.446 292.851 74.0 的 0
292.855 293.123 65.0 拥 0
293.4 294.077 67.0 抱 1
294.151 294.828 69.0 忘 0
294.833 295.101 67.0 了 0
295.105 295.646 67.0 就 0
295.651 299.599 65.0 好 1
303.19 303.594 69.0 忘 0
303.735 304.003 67.0 了 0
304.144 304.412 67.0 就 0
304.417 304.685 65.0 - 0
305.098 307.547 65.0 好 1
