21.476 21.907 45.0 女 0
21.918 22.791 48.0 人 0
22.802 23.233 50.0 的 0
23.244 24.118 48.0 泪 0
25.013 25.444 53.0 一 0
25.455 25.886 53.0 滴 0
25.897 26.328 50.0 就 0
26.339 26.771 48.0 - 0
26.782 27.655 48.0 醉 1
28.463 28.909 53.0 男 0
28.92 29.794 53.0 人 0
29.805 30.236 50.0 的 0
30.247 31.12 60.0 心 0
31.573 32.004 57.0 那 0
32.015 32.446 55.0 一 0
32.458 32.668 53.0 揉 0
32.679 33.331 57.0 就 0
33.342 33.773 53.0 - 0
33.784 34.657 55.0 碎 1
35.498 35.929 57.0 爱 0
35.94 36.371 57.0 - 0
36.382 36.813 55.0 也 0
36.824 37.255 57.0 - 0
37.266 38.582 60.0 - 0
39.035 39.466 50.0 恨 0
39.477 39.908 50.0 - 0
39.919 40.35 48.0 也 0
40.361 40.792 50.0 - 0
40.803 41.677 53.0 - 1
42.53 43.003 53.0 不 0
43.014 43.445 50.0 - 0
43.456 43.887 57.0 爱 0
43.899 44.33 57.0 不 0
44.341 44.772 55.0 恨 0
44.783 45.214 52.0 没 0
45.225 45.656 50.0 - 0
45.667 46.098 45.0 滋 0
46.109 47.425 48.0 - 0
47.436 48.751 48.0 味 1
49.688 50.12 60.0 不 0
50.131 50.562 62.0 要 0
50.573 51.004 60.0 说 0
51.015 51.442 62.0 你 0
51.442 52.772 65.0 错 0
52.784 53.215 64.0 - 1
53.35 53.781 62.0 不 0
53.792 54.223 62.0 要 0
54.234 54.665 62.0 说 0
54.676 55.107 57.0 我 0
55.118 56.434 60.0 对 1
56.888 57.54 60.0 恩 0
57.551 57.761 62.0 - 0
57.772 58.645 65.0 恩 0
58.657 59.088 62.0 怨 0
59.099 59.309 60.0 - 0
59.32 59.764 60.0 怨 0
59.764 60.414 57.0 - 1
60.424 60.855 55.0 没 0
60.866 61.076 53.0 有 0
61.087 61.518 55.0 是 0
61.53 61.74 55.0 与 0
61.751 62.182 53.0 - 0
62.193 63.508 55.0 非 1
63.859 64.277 57.0 人 0
64.288 64.72 57.0 生 0
64.731 65.162 55.0 这 0
65.173 65.587 57.0 个 0
65.587 66.93 60.0 谜 1
67.387 67.818 50.0 几 0
67.829 68.26 50.0 人 0
68.271 68.702 48.0 能 0
68.713 69.144 50.0 猜 0
69.155 70.028 53.0 对 1
70.99 71.421 53.0 爱 0
71.432 71.859 50.0 情 0
71.859 72.274 60.0 这 0
72.274 72.747 57.0 杯 0
72.758 73.632 55.0 酒 1
74.402 74.833 50.0 谁 0
74.844 75.275 50.0 - 0
75.286 75.717 50.0 喝 0
75.728 76.16 45.0 都 0
76.171 77.486 48.0 得 0
77.912 78.153 60.0 醉 0
78.235 78.452 62.0 - 1
78.463 78.894 62.0 不 0
78.906 79.337 60.0 要 0
79.348 79.779 62.0 说 0
79.803 81.105 65.0 你 0
81.116 81.547 64.0 错 0
81.554 81.986 62.0 - 1
81.997 82.428 62.0 不 0
82.439 82.87 62.0 要 0
82.881 83.312 57.0 说 0
83.323 84.638 60.0 我 1
85.175 85.827 60.0 恩 0
85.838 86.048 62.0 - 0
86.059 86.932 65.0 恩 0
86.943 87.374 62.0 怨 0
87.385 87.595 60.0 - 0
87.606 88.028 62.0 怨 0
88.028 88.701 57.0 - 1
88.71 89.141 55.0 没 0
89.152 89.362 53.0 有 0
89.373 89.804 55.0 是 0
89.815 90.025 55.0 与 0
90.036 90.467 53.0 - 0
90.478 91.794 55.0 非 1
92.134 92.565 57.0 人 0
92.576 93.007 57.0 生 0
93.018 93.449 55.0 这 0
93.461 93.892 57.0 个 0
93.903 95.218 60.0 谜 1
95.701 96.132 50.0 几 0
96.143 96.575 50.0 - 0
96.586 97.017 48.0 人 0
97.028 97.459 50.0 能 0
97.47 98.785 53.0 猜 1
99.329 99.76 53.0 爱 0
99.771 100.202 50.0 情 0
100.213 100.644 57.0 这 0
100.655 101.086 60.0 杯 0
101.097 101.97 55.0 酒 1
102.873 103.304 50.0 谁 0
103.315 103.746 50.0 喝 0
103.757 104.188 50.0 都 0
104.199 104.63 45.0 得 0
104.641 105.957 48.0 醉 1
120.386 120.817 45.0 女 0
120.828 121.701 48.0 人 0
121.712 122.143 50.0 的 0
122.154 123.028 48.0 泪 0
123.923 124.354 53.0 一 0
124.365 124.796 53.0 滴 0
124.807 125.238 50.0 就 0
125.249 125.681 48.0 - 0
125.692 126.565 48.0 醉 1
127.513 127.944 53.0 男 0
127.955 128.829 53.0 - 0
128.84 129.267 50.0 人 0
129.267 130.155 60.0 的 0
130.608 131.039 57.0 那 0
131.05 131.482 55.0 - 0
131.493 131.703 53.0 一 0
131.714 132.366 57.0 揉 0
132.377 132.808 53.0 就 0
132.819 133.692 55.0 - 1
134.58 135.011 57.0 爱 0
135.022 135.453 57.0 - 0
135.464 135.895 55.0 也 0
135.906 136.337 57.0 - 0
136.348 137.664 60.0 - 0
138.117 138.548 50.0 恨 0
138.559 138.99 50.0 - 0
139.001 139.432 48.0 也 0
139.443 139.871 50.0 - 0
139.871 140.759 53.0 - 1
141.78 142.211 53.0 不 0
142.222 142.653 50.0 爱 0
142.664 143.095 57.0 不 0
143.107 143.538 57.0 恨 0
143.549 143.98 55.0 没 0
143.991 144.422 52.0 - 0
144.433 144.864 50.0 滋 0
144.875 145.303 45.0 - 0
145.303 146.633 48.0 味 0
146.644 147.959 48.0 - 1
148.767 149.213 60.0 不 0
149.224 149.655 62.0 要 0
149.666 150.097 60.0 说 0
150.108 150.522 62.0 你 0
150.522 150.727 62.0 - 0
150.755 151.866 65.0 错 0
151.877 152.308 64.0 - 1
152.351 152.782 62.0 不 0
152.793 153.224 62.0 要 0
153.235 153.666 62.0 说 0
153.677 154.108 57.0 我 0
154.119 155.435 60.0 对 1
155.777 156.444 60.0 恩 0
156.455 156.662 62.0 - 0
156.662 157.102 65.0 - 0
157.102 157.522 64.0 恩 0
157.561 157.992 62.0 - 0
158.003 158.213 60.0 怨 0
158.224 158.677 60.0 - 0
158.677 159.318 57.0 怨 0
159.352 159.783 55.0 - 1
159.794 160.004 53.0 没 0
160.015 160.447 57.0 有 0
160.458 160.668 55.0 是 0
160.679 161.11 53.0 与 0
161.121 162.436 55.0 - 1
162.874 163.305 57.0 人 0
163.317 163.748 57.0 - 0
163.759 164.19 55.0 生 0
164.201 164.632 57.0 这 0
164.643 165.958 60.0 个 1
166.44 166.871 50.0 几 0
166.882 167.313 50.0 人 0
167.324 167.755 48.0 能 0
167.766 168.197 50.0 猜 0
168.208 169.081 53.0 对 1
169.993 170.424 53.0 爱 0
170.435 170.862 50.0 情 0
170.862 171.292 57.0 这 0
171.292 171.75 57.0 杯 0
171.761 172.635 55.0 酒 1
173.434 173.865 50.0 谁 0
173.876 174.307 50.0 - 0
174.318 174.749 50.0 喝 0
174.76 175.192 45.0 都 0
175.203 176.518 48.0 得 1
177.078 177.509 62.0 不 0
177.52 177.952 62.0 要 0
177.963 178.394 60.0 说 0
178.405 178.836 62.0 你 0
178.847 180.162 65.0 错 0
180.173 180.604 64.0 - 1
180.61 181.042 62.0 不 0
181.053 181.484 62.0 - 0
181.495 181.926 62.0 要 0
181.937 182.368 57.0 说 0
182.379 183.694 60.0 我 1
184.22 184.872 60.0 恩 0
184.883 185.093 62.0 - 0
185.104 185.53 62.0 - 0
185.53 185.95 64.0 恩 0
185.988 186.419 62.0 怨 0
186.43 186.64 60.0 - 0
186.652 187.09 60.0 - 0
187.09 187.746 57.0 怨 0
187.758 188.189 55.0 - 1
188.2 188.41 53.0 有 0
188.421 188.852 55.0 是 0
188.863 189.073 55.0 与 0
189.084 189.515 53.0 - 0
189.527 190.842 55.0 非 1
191.2 191.631 57.0 人 0
191.642 192.073 57.0 - 0
192.084 192.516 55.0 生 0
192.527 192.958 57.0 这 0
192.969 194.284 60.0 个 1
194.819 195.25 50.0 几 0
195.261 195.693 50.0 人 0
195.704 196.135 48.0 能 0
196.146 196.577 50.0 猜 0
196.588 197.903 53.0 对 1
198.22 198.651 53.0 爱 0
198.662 199.093 50.0 - 0
199.104 199.535 57.0 情 0
199.546 199.977 60.0 这 0
199.988 200.861 55.0 杯 1
201.835 202.266 50.0 谁 0
202.277 202.708 50.0 - 0
202.719 203.15 50.0 喝 0
203.161 203.592 45.0 都 0
203.603 204.919 48.0 得 1
205.442 205.888 60.0 不 0
205.899 206.33 62.0 要 0
206.341 206.772 60.0 说 0
206.783 207.215 62.0 你 0
207.226 208.541 65.0 错 0
208.552 208.983 64.0 - 1
208.996 209.427 62.0 不 0
209.438 209.869 62.0 要 0
209.881 210.312 62.0 说 0
210.323 210.754 57.0 我 0
210.765 212.08 60.0 对 1
212.449 213.116 60.0 恩 0
213.127 213.337 62.0 - 0
213.348 213.781 65.0 恩 0
213.781 214.221 64.0 - 0
214.232 214.663 62.0 怨 0
214.674 214.884 60.0 - 0
214.895 215.328 60.0 怨 0
215.328 215.99 57.0 - 1
216.05 216.481 55.0 没 0
216.492 216.702 53.0 有 0
216.713 217.144 55.0 是 0
217.155 217.365 55.0 与 0
217.376 217.807 53.0 - 0
217.818 219.134 55.0 非 1
219.531 219.962 55.0 人 0
219.973 220.404 57.0 生 0
220.415 220.846 55.0 这 0
220.857 221.288 57.0 个 0
221.299 222.615 60.0 谜 1
223.002 223.433 50.0 几 0
223.444 223.875 50.0 人 0
223.886 224.317 48.0 能 0
224.329 224.76 50.0 猜 0
224.771 225.644 53.0 对 1
226.508 226.95 53.0 爱 0
226.95 227.365 50.0 - 0
227.365 227.82 57.0 情 0
227.82 228.266 60.0 这 0
228.277 229.15 55.0 杯 1
230.155 230.587 50.0 谁 0
230.598 231.029 50.0 喝 0
231.04 231.471 50.0 都 0
231.482 231.913 45.0 得 0
231.924 233.24 48.0 醉 1
233.707 234.138 50.0 爱 0
234.149 234.576 50.0 - 0
234.576 235.022 57.0 情 0
235.033 235.464 60.0 这 0
235.475 236.778 55.0 杯 0
236.793 237.22 50.0 酒 1
237.323 237.865 50.0 谁 0
237.876 238.196 50.0 - 0
238.207 238.528 52.0 喝 0
238.539 239.081 50.0 - 0
239.092 240.186 45.0 都 0
240.86 244.055 48.0 醉 0
