20.996 21.537 57.0 沉 0
21.537 21.74 64.0 默 0
21.74 22.077 65.0 - 0
22.077 22.618 61.0 的 0
22.618 23.429 64.0 嘴 0
23.429 23.699 62.0 - 0
23.699 24.78 62.0 唇 1
25.359 25.629 62.0 还 0
25.629 25.899 64.0 留 0
25.899 26.17 64.0 着 0
26.17 26.44 65.0 - 0
26.44 26.98 62.0 泪 0
26.98 27.521 62.0 - 0
27.521 28.872 58.0 痕 1
29.634 30.175 58.0 这 0
30.175 30.445 65.0 不 0
30.445 30.715 67.0 - 0
30.715 31.256 65.0 是 0
31.256 31.526 65.0 胭 0
31.526 32.066 65.0 脂 0
32.066 32.337 64.0 红 0
32.337 33.418 64.0 粉 1
33.765 34.035 65.0 可 0
34.035 34.306 64.0 掩 0
34.306 34.576 65.0 - 0
34.576 34.846 65.0 饰 0
34.846 35.116 67.0 - 0
35.116 35.387 65.0 的 0
35.387 35.657 64.0 伤 0
35.657 35.927 57.0 - 0
35.927 37.549 57.0 痕 1
38.385 38.925 57.0 破 0
38.925 39.128 64.0 碎 0
39.128 39.466 65.0 - 0
39.466 40.006 61.0 的 0
40.006 40.817 64.0 心 0
40.817 41.087 62.0 - 0
41.087 42.168 62.0 灵 1
42.755 43.296 62.0 流 0
43.296 43.836 70.0 失 0
43.836 44.377 66.0 了 0
44.377 44.917 69.0 多 0
44.917 45.187 69.0 少 0
45.187 45.458 67.0 的 0
45.458 46.539 67.0 情 1
46.974 47.245 67.0 弥 0
47.245 47.515 69.0 - 0
47.515 47.785 69.0 补 0
47.785 48.055 70.0 - 0
48.055 48.326 69.0 的 0
48.326 48.596 67.0 谎 0
48.596 49.137 65.0 言 1
49.17 49.44 65.0 偿 0
49.44 49.71 67.0 - 0
49.71 49.98 67.0 还 0
49.98 50.251 69.0 - 0
50.251 50.521 67.0 的 0
50.521 50.791 65.0 借 0
50.791 51.332 64.0 口 1
51.399 51.669 64.0 我 0
51.669 51.939 65.0 不 0
51.939 52.21 65.0 会 0
52.21 52.48 67.0 - 0
52.48 52.75 65.0 去 0
52.75 53.02 64.0 当 0
53.02 53.426 62.0 - 0
53.426 55.182 62.0 真 1
55.686 55.952 64.0 爱 0
55.952 56.218 65.0 - 0
56.218 56.751 65.0 的 0
56.751 57.017 64.0 心 0
57.017 57.283 62.0 - 0
57.283 57.553 64.0 路 0
57.553 58.094 65.0 - 0
58.094 58.364 64.0 旅 0
58.364 59.445 64.0 程 1
59.924 60.194 67.0 只 0
60.194 60.464 67.0 能 0
60.464 61.005 67.0 够 0
61.005 61.275 65.0 你 0
61.275 61.545 64.0 我 0
61.545 61.816 65.0 两 0
61.816 62.356 67.0 - 0
62.356 62.626 65.0 个 0
62.626 63.708 65.0 人 1
64.16 64.43 69.0 不 0
64.43 64.701 69.0 可 0
64.701 65.241 69.0 能 0
65.241 65.511 67.0 是 0
65.511 65.782 65.0 我 0
65.782 66.052 67.0 独 0
66.052 66.592 69.0 - 0
66.592 66.863 67.0 徘 0
66.863 67.944 67.0 徊 1
68.49 68.761 70.0 也 0
68.761 69.031 70.0 不 0
69.031 69.301 70.0 可 0
69.301 69.571 69.0 能 0
69.571 69.774 67.0 三 0
69.774 70.112 67.0 - 0
70.112 70.653 65.0 人 0
70.653 72.274 69.0 行 1
72.552 72.823 69.0 你 0
72.823 73.093 68.0 可 0
73.093 73.363 69.0 以 0
73.363 73.634 72.0 去 0
73.634 73.904 72.0 找 0
73.904 74.174 70.0 新 0
74.174 74.444 69.0 的 0
74.444 74.715 69.0 恋 0
74.715 75.255 67.0 - 0
75.255 76.607 70.0 情 1
76.943 77.213 67.0 也 0
77.213 77.483 66.0 可 0
77.483 77.754 67.0 以 0
77.754 78.024 70.0 不 0
78.024 78.294 70.0 留 0
78.294 78.564 69.0 一 0
78.564 78.835 67.0 点 0
78.835 79.645 65.0 音 0
79.645 80.997 69.0 讯 1
81.208 81.478 62.0 但 0
81.478 81.749 64.0 不 0
81.749 82.019 65.0 要 0
82.019 82.289 67.0 用 0
82.289 82.559 69.0 - 0
82.559 82.83 67.0 偿 0
82.83 83.1 65.0 还 0
83.1 83.37 65.0 做 0
83.37 83.641 64.0 - 0
83.641 83.911 64.0 借 0
83.911 85.262 64.0 口 1
85.808 86.078 57.0 再 0
86.078 86.348 57.0 让 0
86.348 86.619 64.0 我 0
86.619 87.159 65.0 - 0
87.159 87.7 61.0 伤 0
87.7 89.591 62.0 心 1
107.524 108.065 57.0 爱 0
108.065 108.267 64.0 哭 0
108.267 108.605 65.0 - 0
108.605 109.146 61.0 的 0
109.146 109.956 64.0 眼 0
109.956 110.227 62.0 - 0
110.227 111.308 62.0 睛 1
111.706 111.977 62.0 让 0
111.977 112.247 64.0 泪 0
112.247 112.517 64.0 水 0
112.517 112.787 65.0 - 0
112.787 113.328 62.0 染 0
113.328 113.868 62.0 - 0
113.868 115.22 58.0 红 1
115.987 116.527 58.0 要 0
116.527 116.797 65.0 多 0
116.797 117.068 67.0 - 0
117.068 117.608 65.0 少 0
117.608 117.879 65.0 岁 0
117.879 118.419 65.0 月 0
118.419 118.689 64.0 时 0
118.689 119.77 64.0 光 1
120.15 120.42 64.0 才 0
120.42 120.69 64.0 遗 0
120.69 120.961 65.0 - 0
120.961 121.231 65.0 忘 0
121.231 121.501 67.0 - 0
121.501 121.771 65.0 这 0
121.771 122.312 64.0 段 0
122.312 123.933 57.0 情 1
124.742 125.283 57.0 脆 0
125.283 125.486 64.0 弱 0
125.486 125.823 65.0 - 0
125.823 126.364 61.0 的 0
126.364 127.175 64.0 心 0
127.175 127.445 62.0 - 0
127.445 128.526 62.0 情 1
129.079 129.619 62.0 还 0
129.619 130.16 70.0 留 0
130.16 130.7 66.0 着 0
130.7 131.106 69.0 你 0
131.106 131.511 69.0 的 0
131.511 131.781 67.0 伤 0
131.781 132.862 67.0 痕 1
133.425 133.695 67.0 弥 0
133.695 133.966 69.0 - 0
133.966 134.236 69.0 补 0
134.236 134.506 70.0 - 0
134.506 134.776 69.0 的 0
134.776 135.047 67.0 谎 0
135.047 135.587 65.0 言 1
135.638 135.908 65.0 偿 0
135.908 136.179 67.0 - 0
136.179 136.449 67.0 还 0
136.449 136.719 69.0 - 0
136.719 136.989 67.0 的 0
136.989 137.26 65.0 借 0
137.26 137.8 64.0 口 1
137.801 138.072 64.0 我 0
138.072 138.342 65.0 怎 0
138.342 138.612 65.0 么 0
138.612 138.882 67.0 - 0
138.882 139.153 65.0 能 0
139.153 139.423 64.0 相 0
139.423 139.828 62.0 - 0
139.828 141.585 62.0 信 1
142.104 142.374 64.0 爱 0
142.374 142.644 65.0 - 0
142.644 143.185 65.0 的 0
143.185 143.455 64.0 心 0
143.455 143.725 62.0 - 0
143.725 143.996 64.0 路 0
143.996 144.536 65.0 - 0
144.536 144.806 64.0 旅 0
144.806 145.887 64.0 程 1
146.335 146.605 67.0 我 0
146.605 146.875 67.0 曾 0
146.875 147.416 67.0 经 0
147.416 147.686 65.0 答 0
147.686 147.957 64.0 应 0
147.957 148.227 65.0 你 0
148.227 148.767 67.0 - 0
148.767 149.038 65.0 牵 0
149.038 150.119 65.0 引 1
150.737 151.008 69.0 这 0
151.008 151.278 69.0 只 0
151.278 151.818 69.0 能 0
151.818 152.089 67.0 说 0
152.089 152.359 65.0 我 0
152.359 152.629 67.0 太 0
152.629 153.17 69.0 - 0
153.17 153.44 67.0 多 0
153.44 154.521 67.0 情 1
155.071 155.341 70.0 不 0
155.341 155.611 70.0 敢 0
155.611 155.881 70.0 埋 0
155.881 156.152 69.0 怨 0
156.152 156.422 67.0 你 0
156.422 156.692 67.0 - 0
156.692 157.091 65.0 无 0
157.091 158.552 69.0 情 1
158.992 159.263 69.0 我 0
159.263 159.533 68.0 曾 0
159.533 159.803 69.0 经 0
159.803 160.073 72.0 耐 0
160.073 160.344 72.0 心 0
160.344 160.614 70.0 听 0
160.614 160.884 69.0 你 0
160.884 161.29 69.0 表 0
161.29 161.695 67.0 - 0
161.695 163.046 70.0 明 1
163.417 163.687 67.0 也 0
163.687 163.957 66.0 已 0
163.957 164.227 67.0 经 0
164.227 164.498 70.0 谅 0
164.498 164.768 70.0 解 0
164.768 165.038 69.0 你 0
165.038 165.308 67.0 的 0
165.308 165.579 67.0 苦 0
165.579 166.119 65.0 - 0
166.119 167.471 69.0 衷 1
167.638 167.908 62.0 请 0
167.908 168.178 64.0 不 0
168.178 168.449 65.0 要 0
168.449 168.719 67.0 用 0
168.719 168.989 69.0 - 0
168.989 169.26 67.0 偿 0
169.26 169.53 65.0 还 0
169.53 169.8 65.0 做 0
169.8 170.07 64.0 - 0
170.07 170.341 64.0 借 0
170.341 171.692 64.0 口 1
172.238 172.508 57.0 伤 0
172.508 172.778 57.0 了 0
172.778 173.048 64.0 我 0
173.048 173.589 65.0 - 0
173.589 173.994 61.0 自 0
173.994 176.021 62.0 尊 1
176.588 176.858 64.0 爱 0
176.858 177.128 65.0 - 0
177.128 177.669 65.0 的 0
177.669 177.939 64.0 心 0
177.939 178.209 62.0 - 0
178.209 178.48 64.0 路 0
178.48 179.02 65.0 - 0
179.02 179.291 64.0 旅 0
179.291 180.372 64.0 程 1
180.985 181.255 67.0 我 0
181.255 181.526 67.0 曾 0
181.526 182.066 67.0 经 0
182.066 182.337 65.0 答 0
182.337 182.607 64.0 应 0
182.607 182.877 65.0 你 0
182.877 183.418 67.0 - 0
183.418 183.688 65.0 牵 0
183.688 184.769 65.0 引 1
185.21 185.48 69.0 这 0
185.48 185.75 69.0 只 0
185.75 186.291 69.0 能 0
186.291 186.561 67.0 说 0
186.561 186.831 65.0 我 0
186.831 187.101 67.0 太 0
187.101 187.642 69.0 - 0
187.642 187.912 67.0 多 0
187.912 188.993 67.0 情 1
189.656 189.926 70.0 不 0
189.926 190.196 70.0 敢 0
190.196 190.467 70.0 埋 0
190.467 190.737 69.0 怨 0
190.737 191.007 67.0 你 0
191.007 191.277 67.0 - 0
191.277 191.676 65.0 无 0
191.676 193.136 69.0 情 1
193.642 193.912 69.0 我 0
193.912 194.182 68.0 曾 0
194.182 194.452 69.0 经 0
194.452 194.723 72.0 耐 0
194.723 194.993 72.0 心 0
194.993 195.263 70.0 听 0
195.263 195.534 69.0 你 0
195.534 196.074 69.0 表 0
196.074 196.344 67.0 - 0
196.344 197.696 70.0 明 1
197.811 198.081 67.0 也 0
198.081 198.351 66.0 已 0
198.351 198.622 67.0 经 0
198.622 198.892 70.0 谅 0
198.892 199.162 70.0 解 0
199.162 199.433 69.0 你 0
199.433 199.703 67.0 的 0
199.703 199.973 67.0 苦 0
199.973 200.514 65.0 - 0
200.514 201.865 69.0 衷 1
202.236 202.507 62.0 请 0
202.507 202.777 64.0 不 0
202.777 203.047 65.0 要 0
203.047 203.317 67.0 用 0
203.317 203.588 69.0 - 0
203.588 203.858 67.0 偿 0
203.858 204.128 65.0 还 0
204.128 204.398 65.0 做 0
204.398 204.669 64.0 - 0
204.669 204.939 64.0 借 0
204.939 206.29 64.0 口 1
206.788 207.058 57.0 伤 0
207.058 207.328 57.0 了 0
207.328 207.599 64.0 我 0
207.599 208.139 65.0 - 0
208.139 208.545 61.0 自 0
208.545 210.572 62.0 尊 1
