32.448 32.698 53.0 我 0
32.698 32.948 58.0 把 0
32.948 33.198 58.0 我 0
33.198 33.448 58.0 的 0
33.448 33.948 58.0 心 0
33.948 34.198 60.0 交 0
34.198 34.448 62.0 给 0
34.448 34.948 60.0 了 0
34.948 35.448 55.0 你 1
36.529 36.779 58.0 我 0
36.779 37.029 58.0 就 0
37.029 37.279 58.0 是 0
37.279 37.529 58.0 你 0
37.529 38.029 58.0 最 0
38.029 38.279 60.0 重 0
38.279 38.529 62.0 的 0
38.529 39.029 60.0 行 0
39.029 39.279 60.0 囊 1
39.369 39.619 62.0 从 0
40.619 40.869 60.0 此 0
40.869 41.119 60.0 无 0
41.119 41.369 60.0 论 0
41.369 41.619 60.0 多 0
41.619 42.119 60.0 少 0
42.119 42.369 62.0 的 0
42.369 42.619 65.0 风 0
42.619 43.119 62.0 风 0
43.119 43.369 60.0 - 0
43.369 43.619 58.0 雨 0
43.619 43.869 55.0 雨 1
43.869 44.119 58.0 你 0
44.119 44.369 58.0 都 0
44.369 44.619 58.0 要 0
44.619 44.869 60.0 把 0
44.869 45.119 60.0 我 0
45.119 45.369 60.0 好 0
45.369 45.619 58.0 好 0
45.619 45.869 55.0 珍 0
45.869 46.119 55.0 藏 1
46.12 46.62 62.0 你 0
46.62 46.87 58.0 把 0
46.87 48.12 60.0 你 0
48.62 48.87 58.0 的 0
48.87 49.12 58.0 梦 0
49.12 49.37 58.0 交 0
49.37 49.62 58.0 给 0
49.62 50.12 58.0 了 0
50.12 50.37 60.0 我 1
50.37 50.62 62.0 你 0
50.62 51.12 60.0 就 0
51.12 51.62 55.0 是 0
52.62 52.87 58.0 我 0
52.87 53.12 58.0 牵 0
53.12 53.37 58.0 挂 0
53.37 53.62 58.0 的 0
53.62 54.12 58.0 远 0
54.12 54.37 60.0 方 1
54.37 54.62 62.0 从 0
54.62 55.12 60.0 此 0
55.12 55.37 60.0 无 0
55.37 55.62 62.0 论 0
56.62 56.87 60.0 月 0
56.87 57.37 60.0 落 0
57.37 57.62 60.0 还 0
57.62 58.12 60.0 - 0
58.12 58.62 62.0 是 0
58.62 59.12 60.0 晨 0
59.12 59.37 60.0 起 1
59.37 59.62 58.0 我 0
59.62 59.87 55.0 日 0
59.87 60.12 58.0 夜 0
60.12 60.62 58.0 盼 0
60.62 60.87 60.0 望 0
60.87 61.12 60.0 你 0
61.12 61.37 62.0 归 0
61.37 61.62 58.0 航 1
61.62 61.87 55.0 我 0
61.87 62.12 55.0 会 0
62.12 63.12 58.0 枕 0
63.12 63.37 55.0 着 0
63.37 64.62 58.0 你 0
68.12 68.37 58.0 的 0
68.37 68.62 60.0 名 0
68.62 69.12 62.0 字 0
69.12 69.62 70.0 入 0
69.62 70.12 70.0 - 0
70.12 70.37 70.0 眠 1
70.37 70.745 72.0 把 0
70.745 71.12 69.0 最 0
71.12 71.37 67.0 亮 0
71.37 72.12 65.0 的 0
72.12 72.37 62.0 星 0
72.37 72.87 65.0 写 0
72.87 73.37 67.0 在 0
73.37 73.87 65.0 天 0
73.87 74.12 67.0 边 1
74.12 74.37 58.0 迷 0
74.37 74.62 60.0 茫 0
74.62 75.12 62.0 的 0
75.12 75.37 65.0 远 0
75.37 76.12 62.0 方 0
76.62 76.87 60.0 有 0
76.87 77.37 60.0 多 0
77.37 77.62 62.0 - 0
77.62 78.12 60.0 迷 0
78.12 78.37 55.0 茫 1
78.37 78.62 58.0 让 0
78.62 78.87 65.0 我 0
78.87 79.12 62.0 照 0
79.12 79.62 60.0 亮 0
79.62 80.62 62.0 你 0
80.62 80.87 67.0 的 0
80.87 81.12 67.0 方 0
81.12 81.37 67.0 - 0
81.37 81.495 69.0 - 0
81.495 81.62 70.0 向 1
81.62 81.87 69.0 我 0
81.87 82.12 67.0 会 0
82.122 82.368 65.0 枕 0
82.37 82.62 67.0 着 0
82.62 82.895 65.0 你 0
82.895 83.87 65.0 的 0
84.12 84.37 62.0 名 0
84.37 84.745 65.0 字 0
84.745 85.12 70.0 入 0
85.12 85.37 70.0 - 0
85.37 85.62 70.0 眠 1
85.62 86.12 70.0 把 0
86.12 86.37 69.0 - 0
86.37 86.62 72.0 最 0
86.62 86.995 69.0 亮 0
86.995 87.37 65.0 的 0
87.37 87.62 65.0 你 0
87.62 87.995 67.0 写 0
88.12 88.37 62.0 - 0
88.37 88.87 65.0 在 0
88.87 89.37 67.0 心 0
89.37 89.62 65.0 间 1
89.62 89.87 65.0 寂 0
89.87 90.12 67.0 寞 0
90.12 90.37 58.0 的 0
90.37 90.62 60.0 远 0
90.62 90.995 62.0 方 0
90.995 91.37 65.0 有 0
91.37 92.12 62.0 多 0
92.62 92.87 60.0 - 0
92.87 93.37 60.0 凄 0
93.37 93.62 62.0 凉 1
93.62 94.12 60.0 让 0
94.12 94.37 55.0 我 0
94.37 94.62 58.0 安 0
94.62 94.87 65.0 抚 0
94.87 95.12 62.0 你 0
95.12 95.37 60.0 的 0
95.37 95.62 60.0 沧 0
95.62 96.12 62.0 桑 1
96.492 96.742 67.0 我 0
96.742 96.992 67.0 把 0
96.992 97.242 67.0 我 0
97.242 97.492 70.0 的 0
97.492 97.742 69.0 心 0
97.742 97.992 67.0 交 0
97.992 98.992 65.0 给 0
98.992 100.492 65.0 了 0
116.433 116.683 53.0 你 1
116.704 116.954 58.0 我 0
116.954 117.204 58.0 就 0
117.204 117.454 58.0 是 0
117.454 117.954 58.0 你 0
117.954 118.204 60.0 最 0
118.204 118.454 62.0 重 0
118.454 119.204 60.0 的 0
119.208 119.57 55.0 行 0
120.454 120.704 58.0 囊 1
120.728 120.978 58.0 从 0
120.978 121.228 58.0 此 0
121.228 121.478 58.0 无 0
121.478 121.978 58.0 论 0
121.978 122.228 60.0 多 0
122.228 122.478 62.0 少 0
122.478 122.978 60.0 的 0
122.978 123.228 60.0 风 0
123.228 124.728 62.0 风 0
124.728 125.228 60.0 雨 0
125.228 125.478 60.0 雨 1
125.542 126.042 60.0 你 0
126.042 126.292 62.0 都 0
126.292 126.542 65.0 要 0
126.542 127.042 62.0 把 0
127.042 127.292 60.0 我 0
127.292 127.542 58.0 好 0
127.542 127.792 55.0 好 0
127.792 128.042 58.0 珍 0
128.042 128.292 58.0 - 0
128.292 128.542 58.0 - 0
128.542 128.792 60.0 藏 1
128.799 129.049 60.0 你 0
129.049 129.299 60.0 把 0
129.299 129.549 58.0 你 0
129.549 129.799 55.0 的 0
129.799 130.049 55.0 梦 0
130.049 130.174 60.0 交 0
130.174 130.549 62.0 给 0
130.549 130.924 60.0 了 0
130.924 131.217 58.0 我 1
131.244 132.057 60.0 你 0
132.557 132.807 58.0 就 0
132.807 133.057 58.0 是 0
133.057 133.307 58.0 我 0
133.307 133.557 58.0 牵 0
133.557 134.057 58.0 挂 0
134.057 134.307 60.0 的 0
134.307 134.557 62.0 远 0
134.557 135.057 60.0 方 1
135.057 135.557 55.0 从 0
136.557 136.807 58.0 此 0
136.807 137.057 58.0 无 0
137.057 137.307 58.0 论 0
137.307 137.557 58.0 月 0
137.557 138.057 58.0 落 0
138.057 138.307 60.0 - 0
138.307 138.557 62.0 还 0
138.557 139.057 60.0 - 0
139.057 139.557 60.0 是 0
140.557 141.057 60.0 晨 0
141.057 141.307 60.0 起 1
141.311 141.561 60.0 我 0
141.561 142.061 60.0 日 0
142.061 142.311 62.0 夜 0
142.311 142.811 65.0 盼 0
142.811 143.061 62.0 望 0
143.061 143.311 60.0 你 0
143.311 143.811 58.0 归 0
143.811 144.061 58.0 航 1
144.061 144.311 58.0 我 0
144.311 144.561 58.0 会 0
144.561 144.811 60.0 枕 0
144.811 145.061 60.0 着 0
145.061 145.186 62.0 你 0
145.186 145.311 60.0 的 0
145.311 145.561 58.0 名 0
145.561 146.061 55.0 字 0
146.061 147.061 58.0 入 0
147.061 148.561 58.0 - 0
152.058 152.308 58.0 眠 1
152.308 152.807 62.0 把 0
152.807 153.057 70.0 最 0
153.057 153.307 70.0 亮 0
153.307 153.557 70.0 的 0
153.557 154.056 70.0 星 0
154.056 154.556 70.0 写 0
154.556 155.055 69.0 在 0
155.055 156.054 65.0 天 0
156.054 156.304 62.0 边 1
156.304 156.554 65.0 迷 0
156.554 156.804 67.0 茫 0
156.804 157.054 67.0 的 0
157.054 157.303 67.0 远 0
157.303 157.553 65.0 方 0
157.553 157.803 65.0 有 0
157.803 158.303 67.0 多 0
158.303 158.552 60.0 迷 0
158.552 159.052 62.0 茫 1
159.052 159.302 65.0 让 0
159.302 160.051 62.0 我 0
160.551 160.801 60.0 照 0
160.801 161.3 60.0 亮 0
161.3 161.55 62.0 你 0
161.55 162.049 60.0 的 0
162.049 162.549 55.0 方 0
162.549 163.049 65.0 - 0
163.049 163.298 60.0 向 1
163.298 163.548 60.0 我 0
163.548 164.547 62.0 会 0
164.547 165.047 67.0 枕 0
165.047 165.297 67.0 着 0
165.297 165.422 69.0 你 0
165.422 165.547 70.0 的 0
165.547 165.796 69.0 名 0
165.796 166.296 67.0 字 0
166.296 166.546 67.0 入 0
166.546 167.045 65.0 - 0
167.045 167.795 65.0 眠 1
167.992 168.492 62.0 把 0
168.492 168.617 69.0 最 0
168.617 168.742 70.0 亮 0
168.742 168.992 70.0 的 0
168.992 169.241 70.0 你 0
169.241 169.491 70.0 写 0
169.491 169.991 70.0 - 0
169.991 170.49 69.0 在 0
170.49 170.865 69.0 心 0
170.865 171.24 65.0 - 0
171.24 171.49 65.0 间 1
171.513 171.887 67.0 寂 0
172.012 172.262 62.0 寞 0
172.262 172.512 65.0 的 0
172.512 172.762 67.0 远 0
172.762 173.011 67.0 方 0
173.011 173.261 67.0 有 0
173.261 173.761 65.0 多 0
173.761 174.01 67.0 凄 0
174.01 174.26 58.0 凉 1
174.286 174.536 60.0 让 0
174.536 174.911 62.0 我 0
174.911 175.285 65.0 安 0
175.285 176.035 62.0 抚 0
176.534 176.784 60.0 你 0
176.784 177.284 60.0 的 0
177.284 177.534 62.0 沧 0
177.534 178.033 60.0 桑 1
178.034 178.284 55.0 我 0
178.284 178.534 58.0 把 0
178.534 178.784 65.0 我 0
178.784 179.033 62.0 的 0
179.033 179.283 60.0 心 0
179.283 179.533 60.0 交 0
179.533 180.032 62.0 给 0
180.532 180.782 67.0 了 0
180.782 181.032 67.0 你 1
181.034 181.283 67.0 我 0
181.283 181.533 70.0 就 0
181.533 181.783 69.0 是 0
181.783 182.033 67.0 你 0
182.033 183.032 65.0 最 0
183.032 184.531 65.0 重 0
184.531 184.781 58.0 的 0
184.781 185.03 58.0 行 0
185.03 185.28 58.0 囊 1
185.28 185.53 58.0 从 0
185.53 186.029 58.0 此 0
186.029 186.279 60.0 无 0
186.279 186.529 62.0 论 0
186.529 187.278 60.0 多 0
187.278 188.028 55.0 少 0
188.527 188.777 58.0 的 0
188.777 189.027 58.0 风 0
189.027 189.527 58.0 风 0
189.527 190.026 58.0 雨 0
190.026 190.276 60.0 - 0
190.276 190.526 62.0 雨 1
190.526 191.025 60.0 你 0
191.025 191.275 60.0 都 0
191.275 191.525 62.0 要 0
192.524 192.774 60.0 把 0
192.774 193.024 60.0 我 0
193.024 193.273 60.0 好 0
193.273 193.523 60.0 好 0
193.523 194.023 60.0 珍 0
194.023 194.522 62.0 - 0
194.522 195.022 62.0 藏 1
195.022 195.272 60.0 你 0
195.272 195.522 58.0 把 0
195.522 195.771 55.0 你 0
195.771 196.021 58.0 的 0
196.021 196.271 58.0 梦 0
196.271 196.521 58.0 交 0
196.521 196.771 60.0 给 0
196.771 197.02 60.0 了 0
197.02 197.27 60.0 我 1
197.27 197.52 58.0 你 0
197.52 197.77 55.0 就 0
197.77 198.019 55.0 是 0
198.019 198.144 60.0 我 0
198.144 198.519 62.0 牵 0
198.519 198.894 60.0 挂 0
198.894 199.268 58.0 的 0
199.268 200.018 60.0 远 0
200.517 200.767 58.0 方 1
200.767 201.017 58.0 从 0
201.017 201.267 58.0 此 0
201.267 201.517 58.0 无 0
201.517 202.016 58.0 论 0
202.016 202.266 60.0 月 0
202.266 202.516 62.0 落 0
202.516 203.015 60.0 - 0
203.015 204.764 55.0 还 0
204.764 205.263 58.0 是 0
205.263 205.513 58.0 晨 0
205.513 206.013 58.0 - 0
206.013 206.263 60.0 起 1
206.263 206.512 62.0 我 0
206.512 207.012 60.0 日 0
207.012 207.262 60.0 夜 0
207.262 208.761 62.0 盼 0
208.761 209.01 60.0 望 0
209.01 209.26 60.0 你 0
209.26 209.51 60.0 归 0
209.51 210.009 60.0 - 0
210.009 210.259 62.0 航 1
210.259 210.509 65.0 我 0
210.509 210.759 60.0 会 0
210.759 211.009 62.0 枕 0
211.009 211.258 60.0 着 0
211.258 211.508 58.0 你 0
211.508 211.758 55.0 的 0
211.758 212.008 58.0 名 0
212.008 212.507 58.0 字 0
212.507 212.757 60.0 入 0
212.757 213.007 60.0 - 0
213.007 213.132 62.0 - 0
213.132 213.257 60.0 眠 1
213.257 213.756 58.0 把 0
213.756 214.006 55.0 最 0
214.006 215.005 58.0 亮 0
215.005 215.255 55.0 的 0
215.255 216.504 58.0 星 0
231.991 232.491 58.0 写 0
232.491 232.99 62.0 在 0
232.99 233.49 70.0 天 0
233.49 233.989 70.0 边 1
233.989 234.239 70.0 迷 0
234.239 234.489 72.0 茫 0
234.489 234.614 70.0 的 0
234.614 234.989 69.0 远 0
234.989 235.238 67.0 方 0
235.238 235.988 65.0 有 0
235.988 236.487 62.0 多 0
236.487 236.737 67.0 迷 0
236.737 236.987 67.0 茫 1
236.987 237.237 67.0 让 0
237.237 237.487 65.0 我 0
237.487 237.736 65.0 照 0
237.736 238.236 67.0 亮 0
238.236 238.486 60.0 你 0
238.486 238.985 62.0 的 0
238.985 239.984 62.0 方 0
240.484 240.734 60.0 - 0
240.734 241.233 60.0 向 1
241.233 241.483 62.0 我 0
241.483 241.983 60.0 会 0
241.983 242.482 55.0 枕 0
242.482 242.732 65.0 着 0
242.732 242.982 62.0 你 0
242.982 243.232 60.0 的 0
243.232 243.482 60.0 名 0
243.482 244.481 62.0 字 0
244.481 244.731 67.0 - 0
244.731 244.98 67.0 入 0
244.98 245.23 67.0 - 0
245.23 245.355 69.0 - 0
245.355 245.48 70.0 眠 1
245.48 245.979 69.0 把 0
245.979 246.229 65.0 最 0
246.229 246.479 67.0 亮 0
246.479 246.729 65.0 的 0
246.729 247.728 65.0 你 0
247.978 248.477 62.0 写 0
248.477 248.727 69.0 在 0
248.727 249.227 70.0 心 0
249.227 249.477 70.0 间 1
249.477 249.976 70.0 寂 0
249.976 250.226 69.0 寞 0
250.226 250.476 72.0 的 0
250.476 250.85 69.0 远 0
250.85 251.225 65.0 方 0
251.225 251.475 65.0 有 0
251.475 251.85 67.0 多 0
251.974 252.224 62.0 - 0
252.224 252.474 65.0 凄 0
252.474 252.724 67.0 凉 1
252.724 252.974 67.0 让 0
252.974 253.223 67.0 我 0
253.223 253.473 65.0 安 0
253.473 253.723 65.0 抚 0
253.723 253.973 67.0 你 0
253.973 254.223 58.0 的 0
254.223 254.472 60.0 沧 0
254.472 254.847 62.0 桑 1
254.847 255.222 65.0 你 0
255.222 255.971 62.0 把 0
256.471 256.721 60.0 你 0
256.721 257.22 60.0 的 0
257.22 257.47 62.0 梦 0
257.47 257.969 60.0 交 0
257.969 258.219 55.0 给 0
258.219 258.469 58.0 了 0
258.469 258.719 65.0 我 1
258.719 258.969 62.0 你 0
258.969 259.218 60.0 就 0
259.218 259.468 60.0 是 0
259.468 259.968 62.0 我 0
260.467 260.717 67.0 牵 0
260.717 260.967 67.0 挂 0
260.967 261.217 67.0 的 0
261.217 261.467 70.0 远 0
261.467 261.716 69.0 方 1
261.716 261.966 67.0 从 0
261.966 262.716 65.0 此 0
262.716 264.464 65.0 无 0
264.464 264.714 58.0 论 0
264.714 264.964 58.0 月 0
264.964 265.463 58.0 落 0
265.463 265.963 58.0 还 0
265.963 266.213 60.0 - 0
266.213 266.462 62.0 是 0
266.462 266.962 60.0 - 0
266.962 268.711 55.0 晨 0
268.711 268.96 58.0 起 1
268.96 269.21 58.0 我 0
269.21 269.46 58.0 日 0
269.46 269.96 58.0 夜 0
269.96 270.459 62.0 盼 0
270.459 270.959 60.0 望 0
270.959 271.458 62.0 你 0
272.457 272.707 60.0 归 0
272.707 275.205 60.0 航 0
275.205 277.703 58.0 - 0
277.703 280.451 58.0 - 1
