31.376 31.814 59.0 说 0
31.817 32.034 57.0 了 0
32.038 32.696 59.0 不 0
32.7 32.917 57.0 喜 0
32.92 33.909 59.0 欢 1
34.571 34.788 54.0 一 0
34.792 35.009 54.0 个 0
35.013 35.34 54.0 话 0
35.454 35.891 62.0 题 0
35.895 36.222 62.0 绕 0
36.336 36.553 59.0 着 0
36.667 37.215 62.0 弯 1
38.125 38.342 59.0 它 0
38.345 38.562 57.0 不 0
38.566 38.893 55.0 要 0
39.007 39.224 55.0 相 0
39.228 39.665 55.0 爱 0
39.669 40.327 59.0 了 0
40.331 40.768 57.0 就 0
40.772 40.989 59.0 说 0
40.993 41.32 50.0 了 1
41.728 41.945 50.0 有 0
41.948 42.386 57.0 什 0
42.39 42.607 57.0 么 0
42.665 43.268 57.0 呢 1
45.448 45.775 59.0 想 0
45.889 46.327 57.0 你 0
46.33 46.768 57.0 做 0
46.771 46.988 57.0 的 0
46.992 48.091 59.0 饭 1
48.686 48.903 54.0 想 0
48.907 49.124 54.0 你 0
49.127 49.565 54.0 电 0
49.568 50.006 62.0 话 0
50.01 50.447 62.0 聊 0
50.451 50.668 64.0 一 0
50.671 51.109 64.0 晚 0
51.113 51.55 62.0 - 1
52.108 52.324 59.0 你 0
52.328 52.545 62.0 把 0
52.549 52.986 64.0 爱 0
52.99 53.538 64.0 情 0
53.872 54.089 64.0 说 0
54.093 54.31 59.0 得 0
54.313 54.751 62.0 很 0
54.755 54.971 62.0 简 0
54.975 55.302 62.0 单 1
55.69 55.907 60.0 我 0
55.911 56.127 59.0 却 0
56.131 56.348 57.0 找 0
56.572 56.679 57.0 不 0
56.793 57.451 57.0 到 0
57.896 58.444 62.0 答 0
58.558 61.752 64.0 案 1
62.687 62.904 59.0 如 0
62.907 63.124 62.0 果 0
63.128 63.455 67.0 我 0
63.569 63.786 67.0 们 0
63.79 64.227 66.0 只 0
64.231 64.668 64.0 是 0
64.893 65.22 66.0 擦 0
65.334 65.551 66.0 肩 0
65.554 65.992 64.0 而 0
65.996 66.323 62.0 过 1
66.788 67.116 52.0 有 0
67.23 67.446 52.0 什 0
67.45 68.108 64.0 么 0
68.112 68.549 62.0 遗 0
68.553 69.321 59.0 憾 1
69.756 69.972 59.0 如 0
69.976 70.193 59.0 果 0
70.197 70.634 57.0 牵 0
70.638 70.855 57.0 手 0
70.859 71.296 59.0 只 0
71.355 71.627 60.0 是 0
71.961 72.399 59.0 一 0
72.403 72.62 59.0 场 0
72.623 73.061 67.0 浪 0
73.064 73.392 64.0 漫 1
73.741 74.179 60.0 爱 0
74.182 74.399 60.0 过 0
74.403 74.84 62.0 以 0
74.844 75.282 64.0 后 0
75.506 75.833 62.0 风 0
75.947 76.164 62.0 轻 0
76.168 76.605 64.0 云 0
76.609 77.046 66.0 淡 1
77.213 77.65 67.0 哭 0
77.654 77.871 67.0 过 0
77.874 78.312 66.0 一 0
78.316 78.643 64.0 次 0
78.977 79.415 66.0 敞 0
79.418 79.635 66.0 开 0
79.639 80.077 64.0 胸 0
80.08 80.407 62.0 怀 1
80.813 81.14 52.0 把 0
81.254 81.471 52.0 幸 0
81.475 81.912 64.0 福 0
82.137 82.464 59.0 装 0
82.578 83.456 59.0 满 1
83.813 84.03 57.0 当 0
84.034 84.251 59.0 手 0
84.254 84.692 59.0 中 0
84.696 84.912 57.0 的 0
84.916 85.354 59.0 花 0
85.357 85.795 60.0 瓣 0
86.019 86.346 59.0 雨 0
86.46 86.677 59.0 后 0
86.681 87.118 67.0 风 0
87.122 87.449 64.0 干 1
87.942 88.269 60.0 再 0
88.383 88.6 60.0 爱 0
88.604 89.041 62.0 一 0
89.045 89.482 64.0 场 0
89.486 89.593 62.0 - 0
89.707 90.034 62.0 难 0
90.148 90.365 62.0 道 0
90.368 90.695 64.0 不 0
90.809 91.468 66.0 是 0
92.357 92.791 67.0 孤 0
92.795 93.232 66.0 - 0
93.236 95.328 64.0 单 1
110.798 111.235 59.0 说 0
111.239 111.677 57.0 了 0
111.68 112.118 59.0 不 0
112.122 112.338 57.0 喜 0
112.342 113.331 59.0 欢 1
113.926 114.143 54.0 一 0
114.147 114.364 54.0 个 0
114.367 114.695 54.0 话 0
114.809 115.246 62.0 题 0
115.25 115.577 62.0 绕 0
115.691 115.908 59.0 着 0
116.022 116.57 62.0 弯 1
117.471 117.688 59.0 它 0
117.691 117.908 57.0 不 0
117.912 118.239 55.0 要 0
118.408 118.61 55.0 相 0
118.612 119.066 55.0 爱 0
119.29 119.728 59.0 了 0
119.732 120.169 57.0 就 0
120.173 120.487 50.0 说 0
120.493 120.721 50.0 了 1
121.266 121.483 50.0 有 0
121.486 121.924 57.0 什 0
121.927 122.144 57.0 么 0
122.203 122.806 57.0 呢 1
125.024 125.351 59.0 想 0
125.465 125.902 57.0 你 0
125.906 126.343 57.0 做 0
126.347 126.564 57.0 的 0
126.568 127.667 59.0 饭 1
128.05 128.267 55.0 想 0
128.27 128.487 54.0 你 0
128.491 128.929 54.0 电 0
128.932 129.37 62.0 话 0
129.373 129.811 62.0 聊 0
129.815 130.031 64.0 一 0
130.035 130.473 64.0 晚 0
130.476 130.914 62.0 - 1
131.636 131.853 59.0 你 0
131.857 132.074 62.0 把 0
132.077 132.515 64.0 爱 0
132.519 133.066 64.0 情 0
133.18 133.287 62.0 说 0
133.291 133.618 64.0 得 0
133.622 134.059 62.0 很 0
134.173 134.5 64.0 简 0
134.504 134.831 62.0 单 1
135.14 135.357 62.0 我 0
135.36 135.577 59.0 却 0
135.581 135.798 57.0 找 0
136.022 136.129 57.0 不 0
136.243 136.901 57.0 到 0
137.346 137.893 62.0 答 0
138.007 139.989 64.0 案 1
140.461 140.678 59.0 如 0
140.681 140.898 62.0 果 0
140.902 141.229 67.0 我 0
141.343 141.56 67.0 们 0
141.564 142.001 66.0 只 0
142.005 142.442 64.0 是 0
142.667 142.994 66.0 擦 0
143.108 143.325 66.0 肩 0
143.328 143.766 64.0 而 0
143.77 144.097 62.0 过 1
144.352 144.68 52.0 有 0
144.794 145.01 52.0 什 0
145.014 145.672 64.0 么 0
145.676 146.113 62.0 遗 0
146.117 146.885 59.0 憾 1
147.517 147.734 59.0 如 0
147.737 147.954 59.0 果 0
147.958 148.395 57.0 牵 0
148.399 148.616 57.0 手 0
148.62 149.057 59.0 只 0
149.116 149.388 60.0 是 0
149.723 150.16 59.0 一 0
150.164 150.381 59.0 场 0
150.384 150.822 67.0 浪 0
150.825 151.153 64.0 漫 1
151.402 151.84 60.0 爱 0
151.843 152.06 60.0 过 0
152.064 152.501 62.0 以 0
152.505 152.943 64.0 后 0
153.167 153.494 62.0 风 0
153.608 153.825 62.0 轻 0
153.829 154.266 64.0 云 0
154.27 154.707 66.0 淡 1
155.008 155.445 67.0 哭 0
155.449 155.666 67.0 过 0
155.669 156.107 66.0 一 0
156.111 156.438 64.0 次 0
156.772 157.21 66.0 敞 0
157.214 157.43 66.0 开 0
157.434 157.872 64.0 胸 0
157.875 158.202 62.0 怀 1
158.414 158.741 52.0 把 0
158.855 159.072 52.0 幸 0
159.076 159.513 64.0 福 0
159.738 160.065 59.0 装 0
160.179 161.057 59.0 满 1
161.519 161.736 57.0 当 0
161.74 161.957 59.0 手 0
161.96 162.398 59.0 中 0
162.402 162.619 57.0 的 0
162.622 163.06 59.0 花 0
163.063 163.501 60.0 瓣 0
163.725 164.052 59.0 雨 0
164.166 164.383 59.0 后 0
164.387 164.824 67.0 风 0
164.828 165.155 64.0 干 1
165.615 165.942 60.0 再 0
166.056 166.273 60.0 爱 0
166.277 166.714 62.0 一 0
166.718 167.155 64.0 场 0
167.159 167.266 62.0 - 0
167.38 167.707 62.0 难 0
167.821 168.038 62.0 道 0
168.041 168.369 64.0 不 0
168.483 169.141 66.0 是 0
170.03 170.464 67.0 孤 0
170.468 170.905 66.0 - 0
170.909 173.001 64.0 单 1
174.422 175.742 64.0 唔 0
175.746 177.066 59.0 - 1
177.792 178.119 52.0 有 0
178.233 178.45 52.0 什 0
178.509 179.112 64.0 么 0
179.115 179.553 59.0 遗 0
179.557 180.325 59.0 憾 1
180.909 181.126 59.0 如 0
181.13 181.347 59.0 果 0
181.35 181.788 57.0 牵 0
181.791 182.008 57.0 手 0
182.012 182.45 59.0 只 0
182.508 182.78 60.0 是 0
183.115 183.552 59.0 一 0
183.556 183.773 59.0 场 0
183.777 184.214 67.0 浪 0
184.218 184.545 64.0 漫 1
184.985 185.422 60.0 爱 0
185.426 185.643 60.0 过 0
185.646 186.084 62.0 以 0
186.088 186.525 64.0 后 0
186.749 187.077 62.0 风 0
187.191 187.407 62.0 轻 0
187.411 187.849 64.0 云 0
187.852 188.29 66.0 淡 1
188.553 188.991 67.0 哭 0
188.994 189.211 67.0 过 0
189.215 189.652 66.0 一 0
189.656 189.983 64.0 次 0
190.318 190.755 66.0 敞 0
190.759 190.976 66.0 开 0
190.98 191.417 62.0 胸 0
191.421 191.748 62.0 怀 1
191.953 192.281 52.0 把 0
192.395 192.612 52.0 幸 0
192.615 193.053 64.0 福 0
193.277 193.659 59.0 装 0
193.718 194.597 59.0 满 1
195.049 195.266 59.0 当 0
195.269 195.486 59.0 手 0
195.49 195.927 59.0 中 0
195.931 196.148 57.0 的 0
196.152 196.589 59.0 花 0
196.593 197.03 60.0 瓣 0
197.255 197.582 59.0 雨 0
197.696 197.913 59.0 后 0
197.916 198.354 67.0 风 0
198.358 198.685 64.0 干 1
199.147 199.475 60.0 再 0
199.588 199.805 60.0 爱 0
199.809 200.247 62.0 一 0
200.25 200.688 64.0 场 0
200.691 200.798 62.0 - 0
200.912 201.239 62.0 难 0
201.353 201.57 62.0 道 0
201.574 201.901 64.0 不 0
202.015 202.673 66.0 是 0
203.563 203.997 67.0 孤 0
204.055 204.548 64.0 - 0
204.552 206.644 64.0 单 1
