14.705 14.926 54.0 天 0
14.926 15.146 57.0 空 0
15.146 15.367 59.0 在 0
15.367 15.588 62.0 下 0
15.588 16.029 61.0 着 0
16.029 16.47 57.0 细 0
16.47 16.691 57.0 雨 0
16.691 17.132 59.0 - 1
18.131 18.351 59.0 滴 0
18.351 18.572 59.0 滴 0
18.572 18.792 59.0 落 0
18.792 19.013 62.0 在 0
19.013 19.454 59.0 我 0
19.454 19.895 57.0 心 0
19.895 20.778 54.0 里 1
21.714 21.935 54.0 想 0
21.935 22.155 59.0 想 0
22.155 22.376 59.0 我 0
22.376 22.596 57.0 们 0
22.596 23.038 57.0 的 0
23.038 23.479 52.0 过 0
23.479 24.361 52.0 去 1
25.228 25.448 52.0 一 0
25.448 25.669 52.0 起 0
25.669 25.889 52.0 有 0
25.889 26.11 50.0 过 0
26.11 26.551 52.0 的 0
26.551 26.992 54.0 甜 0
26.992 27.875 54.0 蜜 1
28.856 29.077 54.0 冥 0
29.077 29.297 57.0 冥 0
29.297 29.518 59.0 注 0
29.518 29.738 62.0 定 0
29.738 30.179 61.0 的 0
30.179 30.621 59.0 爱 0
30.621 30.841 57.0 情 0
30.841 31.282 59.0 - 1
32.291 32.512 59.0 却 0
32.512 32.733 59.0 要 0
32.733 32.953 59.0 选 0
32.953 33.174 62.0 择 0
33.174 33.615 59.0 去 0
33.615 34.056 57.0 逃 0
34.056 34.938 54.0 避 1
35.849 36.069 54.0 只 0
36.069 36.29 59.0 能 0
36.29 36.51 59.0 把 0
36.51 36.731 57.0 你 0
36.731 37.172 57.0 放 0
37.172 37.613 54.0 心 0
37.613 38.496 52.0 里 1
39.189 39.409 54.0 下 0
39.409 39.63 57.0 辈 0
39.63 39.85 57.0 子 0
39.85 40.071 57.0 我 0
40.071 40.291 59.0 们 0
40.291 40.733 62.0 再 0
40.733 41.174 59.0 继 0
41.174 42.939 59.0 续 1
44.766 44.987 59.0 一 0
44.987 45.428 66.0 万 0
45.428 45.649 66.0 个 0
45.649 46.09 66.0 对 0
46.09 46.531 64.0 不 0
46.531 47.634 64.0 起 1
48.274 48.494 64.0 不 0
48.494 48.935 64.0 是 0
48.935 49.156 66.0 我 0
49.156 49.597 64.0 不 0
49.597 50.038 62.0 爱 0
50.038 51.141 59.0 你 1
51.681 52.122 59.0 看 0
52.122 52.563 66.0 你 0
52.563 53.005 64.0 流 0
53.005 53.225 62.0 出 0
53.225 53.446 62.0 的 0
53.446 53.887 57.0 泪 0
53.887 54.328 54.0 - 1
55.247 55.468 62.0 我 0
55.468 55.689 62.0 知 0
55.689 55.909 62.0 道 0
55.909 56.13 59.0 你 0
56.13 56.571 62.0 很 0
56.571 57.012 64.0 委 0
57.012 57.895 66.0 屈 1
58.778 58.998 66.0 一 0
58.998 59.44 66.0 万 0
59.44 59.66 66.0 个 0
59.66 60.101 66.0 对 0
60.101 60.543 62.0 不 0
60.543 61.646 64.0 起 1
62.326 62.547 64.0 不 0
62.547 62.988 64.0 是 0
62.988 63.209 66.0 我 0
63.209 63.65 64.0 不 0
63.65 64.091 59.0 爱 0
64.091 65.194 59.0 你 1
65.851 66.292 59.0 看 0
66.292 66.733 66.0 你 0
66.733 67.174 64.0 温 0
67.174 67.395 62.0 柔 0
67.395 67.615 62.0 的 0
67.615 68.057 59.0 美 0
68.057 68.498 54.0 - 1
69.364 69.585 64.0 我 0
69.585 69.805 64.0 心 0
69.805 70.026 64.0 痛 0
70.026 70.246 62.0 如 0
70.246 70.688 61.0 血 0
70.688 71.129 61.0 在 0
71.129 72.452 59.0 滴 1
73.189 73.41 59.0 不 0
73.41 73.63 59.0 是 0
73.63 73.851 54.0 我 0
73.851 74.071 59.0 不 0
74.071 74.292 59.0 爱 0
74.292 74.733 61.0 你 1
74.976 75.196 62.0 只 0
75.196 75.417 62.0 是 0
75.417 75.638 54.0 我 0
75.638 75.858 54.0 不 0
75.858 76.079 54.0 得 0
76.079 76.52 54.0 已 1
76.691 76.911 59.0 看 0
76.911 77.132 59.0 你 0
77.132 77.352 54.0 流 0
77.352 77.573 59.0 出 0
77.573 77.793 59.0 的 0
77.793 78.014 61.0 泪 1
78.051 78.272 62.0 我 0
78.272 78.492 61.0 知 0
78.492 78.933 61.0 道 0
78.933 79.154 59.0 你 0
79.154 79.375 58.0 很 0
79.375 79.595 59.0 委 0
79.595 80.036 59.0 屈 1
80.19 80.411 59.0 不 0
80.411 80.631 59.0 是 0
80.631 80.852 54.0 我 0
80.852 81.072 59.0 不 0
81.072 81.293 59.0 爱 0
81.293 81.734 62.0 你 1
81.968 82.188 62.0 只 0
82.188 82.409 62.0 是 0
82.409 82.629 54.0 我 0
82.629 82.85 54.0 不 0
82.85 83.071 54.0 得 0
83.071 83.512 54.0 已 1
83.798 84.019 59.0 看 0
84.019 84.24 59.0 你 0
84.24 84.46 54.0 温 0
84.46 84.681 59.0 柔 0
84.681 84.901 59.0 的 0
84.901 85.122 61.0 美 1
85.127 85.347 62.0 我 0
85.347 85.568 61.0 只 0
85.568 85.789 62.0 能 0
85.789 86.009 61.0 说 0
86.009 86.23 59.0 声 0
86.23 86.45 58.0 对 0
86.45 86.671 59.0 不 0
86.671 87.112 59.0 起 1
101.145 101.365 54.0 天 0
101.365 101.586 57.0 空 0
101.586 101.807 59.0 在 0
101.807 102.027 62.0 下 0
102.027 102.468 61.0 着 0
102.468 102.909 59.0 细 0
102.909 103.13 57.0 雨 0
103.13 103.571 59.0 - 1
104.613 104.834 59.0 滴 0
104.834 105.054 59.0 滴 0
105.054 105.275 59.0 落 0
105.275 105.496 62.0 在 0
105.496 105.937 59.0 我 0
105.937 106.378 57.0 心 0
106.378 107.26 54.0 里 1
108.116 108.336 54.0 想 0
108.336 108.557 59.0 想 0
108.557 108.777 59.0 我 0
108.777 108.998 57.0 们 0
108.998 109.439 57.0 的 0
109.439 109.88 54.0 过 0
109.88 110.763 52.0 去 1
111.799 112.02 52.0 一 0
112.02 112.24 52.0 起 0
112.24 112.461 52.0 有 0
112.461 112.681 50.0 过 0
112.681 113.123 52.0 的 0
113.123 113.564 55.0 甜 0
113.564 114.446 54.0 蜜 1
115.289 115.51 54.0 冥 0
115.51 115.731 57.0 冥 0
115.731 115.951 59.0 注 0
115.951 116.172 62.0 定 0
116.172 116.613 61.0 的 0
116.613 117.054 59.0 爱 0
117.054 117.275 57.0 情 0
117.275 117.716 59.0 - 1
118.881 119.101 59.0 却 0
119.101 119.322 59.0 要 0
119.322 119.543 59.0 选 0
119.543 119.763 62.0 择 0
119.763 120.204 59.0 去 0
120.204 120.646 57.0 逃 0
120.646 121.528 54.0 避 1
122.343 122.564 54.0 只 0
122.564 122.784 59.0 能 0
122.784 123.005 59.0 把 0
123.005 123.226 57.0 你 0
123.226 123.667 57.0 放 0
123.667 124.108 52.0 心 0
124.108 124.99 52.0 里 1
125.594 125.815 54.0 下 0
125.815 126.035 57.0 辈 0
126.035 126.256 57.0 子 0
126.256 126.476 57.0 我 0
126.476 126.697 59.0 们 0
126.697 127.138 62.0 再 0
127.138 127.579 61.0 继 0
127.579 128.903 59.0 续 1
129.453 129.674 59.0 一 0
129.674 130.115 66.0 万 0
130.115 130.335 66.0 个 0
130.335 130.777 66.0 对 0
130.777 131.218 64.0 不 0
131.218 132.321 64.0 起 1
132.818 133.039 64.0 不 0
133.039 133.48 64.0 是 0
133.48 133.701 66.0 我 0
133.701 134.142 64.0 不 0
134.142 134.583 62.0 爱 0
134.583 135.686 59.0 你 1
136.426 136.867 59.0 看 0
136.867 137.308 66.0 你 0
137.308 137.749 64.0 流 0
137.749 137.97 62.0 出 0
137.97 138.191 62.0 的 0
138.191 138.632 57.0 泪 0
138.632 139.073 54.0 - 1
139.961 140.182 62.0 我 0
140.182 140.402 62.0 知 0
140.402 140.623 62.0 道 0
140.623 140.844 59.0 你 0
140.844 141.285 62.0 很 0
141.285 141.726 66.0 委 0
141.726 142.608 66.0 屈 1
143.434 143.654 66.0 一 0
143.654 144.095 66.0 万 0
144.095 144.316 66.0 个 0
144.316 144.757 66.0 对 0
144.757 145.198 62.0 不 0
145.198 146.301 64.0 起 1
147.119 147.34 64.0 不 0
147.34 147.781 64.0 是 0
147.781 148.001 66.0 我 0
148.001 148.443 64.0 不 0
148.443 148.884 59.0 爱 0
148.884 149.987 59.0 你 1
150.636 151.078 59.0 看 0
151.078 151.519 66.0 你 0
151.519 151.96 64.0 温 0
151.96 152.181 62.0 柔 0
152.181 152.401 62.0 的 0
152.401 152.842 59.0 美 0
152.842 153.284 54.0 - 1
154.02 154.24 64.0 我 0
154.24 154.461 64.0 心 0
154.461 154.682 64.0 痛 0
154.682 154.902 62.0 如 0
154.902 155.343 61.0 血 0
155.343 155.785 62.0 在 0
155.785 157.329 59.0 滴 0
157.329 157.549 57.0 - 1
171.751 171.972 66.0 一 0
171.972 172.413 66.0 万 0
172.413 172.633 66.0 个 0
172.633 173.074 66.0 对 0
173.074 173.516 62.0 不 0
173.516 174.619 64.0 起 1
175.196 175.417 64.0 不 0
175.417 175.858 64.0 是 0
175.858 176.079 66.0 我 0
176.079 176.52 64.0 不 0
176.52 176.961 59.0 爱 0
176.961 178.064 59.0 你 1
178.768 179.209 59.0 看 0
179.209 179.65 66.0 你 0
179.65 180.091 64.0 流 0
180.091 180.312 62.0 出 0
180.312 180.532 62.0 的 0
180.532 180.974 59.0 泪 0
180.974 181.415 54.0 - 1
182.382 182.603 62.0 我 0
182.603 182.823 62.0 知 0
182.823 183.044 62.0 道 0
183.044 183.265 59.0 你 0
183.265 183.706 62.0 很 0
183.706 184.147 66.0 委 0
184.147 184.588 66.0 屈 0
184.588 185.47 66.0 - 1
185.848 186.068 66.0 一 0
186.068 186.509 66.0 万 0
186.509 186.73 66.0 个 0
186.73 187.171 66.0 对 0
187.171 187.612 66.0 不 0
187.612 188.715 64.0 起 1
189.464 189.685 64.0 不 0
189.685 190.126 64.0 是 0
190.126 190.346 66.0 我 0
190.346 190.788 64.0 不 0
190.788 191.229 64.0 爱 0
191.229 192.111 66.0 你 1
192.861 193.303 59.0 看 0
193.303 193.744 66.0 你 0
193.744 194.185 64.0 温 0
194.185 194.406 62.0 柔 0
194.406 194.626 62.0 的 0
194.626 195.067 59.0 美 0
195.067 195.508 54.0 - 1
196.351 196.571 64.0 我 0
196.571 196.792 64.0 心 0
196.792 197.013 64.0 痛 0
197.013 197.233 62.0 如 0
197.233 197.674 61.0 血 0
197.674 198.115 62.0 在 0
198.115 199.66 59.0 滴 1
200.039 200.48 59.0 看 0
200.48 200.922 66.0 你 0
200.922 201.363 64.0 温 0
201.363 201.583 62.0 柔 0
201.583 201.804 62.0 的 0
201.804 202.466 59.0 美 0
202.466 203.238 54.0 - 1
203.309 203.53 54.0 我 0
203.53 203.971 64.0 真 0
203.971 204.247 64.0 的 0
204.247 204.633 64.0 真 0
204.633 204.963 62.0 的 0
204.963 205.349 61.0 舍 0
205.349 205.791 62.0 不 0
205.791 206.563 61.0 得 0
207.059 208.603 59.0 你 0
208.603 211.912 54.0 - 1
