17.834 18.076 56.0 谁 0
18.076 18.318 56.0 无 0
18.318 18.56 56.0 聊 0
18.56 18.802 56.0 拿 0
18.802 19.286 63.0 放 0
19.286 19.528 63.0 大 0
19.528 20.012 61.0 镜 0
20.02 20.262 61.0 看 0
20.262 20.504 61.0 风 0
20.504 20.745 61.0 景 0
20.745 20.987 66.0 累 0
20.987 21.229 66.0 不 0
21.229 21.471 66.0 累 0
21.564 21.806 61.0 却 0
21.806 22.048 61.0 忘 0
22.048 22.29 61.0 记 0
22.29 22.532 61.0 了 0
22.532 23.016 63.0 看 0
23.016 23.258 63.0 清 0
23.258 23.5 60.0 楚 0
23.742 23.984 60.0 自 0
23.984 24.225 60.0 己 0
24.225 24.467 61.0 是 0
24.467 24.951 63.0 谁 0
25.552 25.794 56.0 我 0
25.794 26.036 56.0 的 0
26.036 26.278 56.0 宇 0
26.278 26.52 56.0 宙 0
26.52 27.004 63.0 轻 0
27.004 27.246 63.0 飘 0
27.246 27.488 61.0 飘 0
27.597 27.839 61.0 美 0
27.839 28.08 61.0 得 0
28.08 28.564 66.0 摇 0
28.564 28.806 66.0 摇 0
28.806 29.048 66.0 欲 0
29.048 29.29 66.0 坠 0
29.427 29.669 61.0 旁 0
29.669 29.911 61.0 人 0
29.911 30.153 61.0 来 0
30.153 30.395 61.0 来 0
30.395 30.879 63.0 去 0
30.879 31.121 63.0 去 0
31.121 31.363 60.0 像 0
31.605 31.846 59.0 行 0
31.846 32.088 60.0 云 0
32.088 32.33 56.0 流 0
32.33 33.056 56.0 水 0
40.973 41.215 56.0 模 0
41.215 41.457 56.0 - 0
41.457 41.699 56.0 糊 0
41.699 41.941 56.0 糊 0
41.941 42.425 63.0 的 0
42.425 42.667 63.0 视 0
42.675 43.158 61.0 线 0
43.158 43.4 61.0 不 0
43.4 43.642 61.0 管 0
43.642 43.884 61.0 天 0
43.884 44.126 66.0 色 0
44.126 44.368 66.0 黑 0
44.368 44.61 66.0 不 0
44.922 45.164 61.0 黑 0
45.164 45.406 61.0 心 0
45.406 45.648 61.0 中 0
45.648 45.89 61.0 没 0
45.89 46.374 63.0 鬼 0
46.374 46.616 63.0 就 0
46.616 47.099 60.0 不 0
47.099 47.341 60.0 用 0
47.341 47.583 60.0 处 0
47.583 47.825 61.0 处 0
47.825 48.309 63.0 防 0
48.691 48.933 56.0 备 0
48.933 49.175 56.0 雨 0
49.175 49.417 56.0 蒙 0
49.417 49.659 56.0 蒙 0
49.659 50.143 63.0 情 0
50.143 50.385 63.0 深 0
50.385 50.626 61.0 不 0
50.842 51.084 61.0 深 0
51.084 51.326 61.0 只 0
51.326 51.81 66.0 要 0
51.81 52.052 66.0 醉 0
52.052 52.294 66.0 醺 0
52.294 52.536 66.0 醺 0
52.543 52.785 61.0 的 0
52.785 53.027 61.0 美 0
53.027 53.269 61.0 不 0
53.269 53.511 61.0 美 0
53.511 53.995 63.0 只 0
53.995 54.236 63.0 看 0
54.236 54.478 60.0 能 0
54.72 54.962 60.0 否 0
54.962 55.204 60.0 爱 0
55.204 55.446 56.0 得 0
55.446 56.172 56.0 暧 0
64.127 65.82 68.0 昧 0
65.82 66.062 66.0 哦 0
66.062 67.03 66.0 不 0
67.514 67.998 61.0 醉 0
67.998 69.449 61.0 就 0
69.449 69.691 59.0 学 0
69.691 70.659 56.0 不 0
71.157 71.399 68.0 会 0
71.399 71.641 68.0 只 0
71.641 71.883 66.0 要 0
71.883 72.367 68.0 我 0
72.367 72.851 71.0 以 0
73.092 73.334 71.0 为 0
73.334 73.576 71.0 就 0
73.576 73.818 71.0 不 0
73.818 74.302 70.0 是 0
74.302 74.786 66.0 误 0
75.102 75.344 66.0 会 0
75.344 75.586 66.0 谁 0
75.586 75.828 66.0 都 0
75.828 76.312 66.0 是 0
76.312 76.795 70.0 宝 0
77.037 77.279 70.0 贝 0
77.279 77.521 70.0 有 0
77.521 77.763 71.0 什 0
77.763 78.247 70.0 N 0
78.247 78.731 68.0 真 0
78.949 79.191 68.0 伪 0
79.191 79.433 68.0 什 0
79.433 79.675 66.0 N 0
79.675 80.159 68.0 是 0
80.159 80.642 71.0 是 0
80.884 81.126 71.0 非 0
81.126 81.368 71.0 都 0
81.368 81.61 71.0 似 0
81.61 82.094 70.0 是 0
82.094 82.578 73.0 而 0
82.866 83.108 73.0 非 0
83.108 83.35 73.0 醉 0
83.35 83.592 73.0 眼 0
83.592 84.076 73.0 看 0
84.076 84.559 68.0 世 0
84.559 85.043 68.0 界 0
85.043 85.285 66.0 世 0
85.285 85.769 66.0 界 0
85.769 86.011 63.0 随 0
86.011 86.495 66.0 我 0
86.495 87.463 68.0 陶 0
95.143 95.385 56.0 醉 0
95.385 95.626 56.0 迷 0
95.626 95.868 56.0 茫 0
95.868 96.11 56.0 茫 0
96.11 96.594 63.0 的 0
96.594 96.836 63.0 天 0
96.925 97.409 61.0 地 0
97.409 97.651 61.0 没 0
97.651 97.893 61.0 那 0
97.893 98.135 61.0 N 0
98.135 98.377 66.0 多 0
98.377 98.619 66.0 对 0
98.619 98.861 66.0 不 0
99.102 99.343 61.0 对 0
99.343 99.585 61.0 错 0
99.585 99.827 61.0 不 0
99.827 100.069 61.0 错 0
100.069 100.553 63.0 只 0
100.553 100.795 63.0 看 0
100.795 101.279 60.0 心 0
101.279 101.521 60.0 境 0
101.521 101.763 60.0 怎 0
101.763 102.005 61.0 N 0
102.005 102.489 63.0 描 0
102.885 103.126 56.0 绘 0
103.126 103.368 56.0 我 0
103.368 103.61 56.0 流 0
103.61 103.852 56.0 我 0
103.852 104.336 63.0 的 0
104.336 104.578 63.0 汗 0
104.687 104.929 61.0 水 0
105.171 105.413 61.0 华 0
105.413 105.655 61.0 丽 0
105.655 106.139 66.0 如 0
106.139 106.381 66.0 天 0
106.381 106.623 66.0 花 0
106.623 106.864 66.0 乱 0
106.872 107.114 61.0 坠 0
107.114 107.356 61.0 甜 0
107.356 107.598 61.0 不 0
107.598 107.84 61.0 甜 0
107.84 108.324 63.0 美 0
108.324 108.566 63.0 谁 0
108.566 108.808 60.0 能 0
109.05 109.292 60.0 代 0
109.292 109.534 60.0 我 0
109.534 109.776 56.0 去 0
109.776 110.502 56.0 品 0
118.467 120.161 68.0 味 0
120.161 120.403 66.0 哦 0
120.403 121.371 66.0 不 0
121.854 122.338 61.0 醉 0
122.338 123.79 61.0 就 0
123.79 124.032 59.0 学 0
124.032 125.0 56.0 不 0
125.333 125.574 68.0 会 0
125.574 125.816 68.0 只 0
125.816 126.058 66.0 要 0
126.058 126.542 68.0 我 0
126.542 127.026 71.0 以 0
127.268 127.51 71.0 为 0
127.51 127.752 71.0 就 0
127.752 127.994 71.0 不 0
127.994 128.478 70.0 是 0
128.478 128.962 66.0 误 0
129.344 129.586 66.0 会 0
129.586 129.828 66.0 谁 0
129.828 130.07 66.0 都 0
130.07 130.554 66.0 是 0
130.554 131.038 70.0 宝 0
131.28 131.522 70.0 贝 0
131.522 131.764 70.0 有 0
131.764 132.006 71.0 什 0
132.006 132.49 70.0 N 0
132.49 132.974 68.0 真 0
133.202 133.444 68.0 伪 0
133.444 133.686 68.0 什 0
133.686 133.928 66.0 N 0
133.928 134.412 68.0 是 0
134.412 134.896 71.0 是 0
135.138 135.38 71.0 非 0
135.38 135.622 71.0 都 0
135.622 135.864 71.0 似 0
135.864 136.348 70.0 是 0
136.348 136.831 73.0 而 0
137.108 137.35 73.0 非 0
137.35 137.592 73.0 醉 0
137.592 137.834 73.0 眼 0
137.834 138.318 73.0 看 0
138.318 138.802 68.0 世 0
138.802 139.286 68.0 界 0
139.286 139.528 66.0 世 0
139.528 140.012 66.0 界 0
140.012 140.254 63.0 随 0
140.254 140.737 66.0 我 0
140.737 140.979 68.0 陶 0
141.0 141.242 68.0 醉 0
141.242 141.484 68.0 看 0
141.484 141.726 66.0 的 0
141.726 142.21 68.0 很 0
142.21 142.694 71.0 琐 0
142.936 143.178 71.0 碎 0
143.178 143.42 71.0 都 0
143.42 143.662 71.0 没 0
143.662 144.146 70.0 有 0
144.146 144.629 66.0 所 0
144.82 145.062 66.0 谓 0
145.062 145.304 66.0 看 0
145.304 145.546 66.0 不 0
145.546 146.03 66.0 到 0
146.03 146.514 70.0 命 0
146.756 146.998 70.0 运 0
146.998 147.24 70.0 只 0
147.24 147.482 71.0 看 0
147.482 147.966 70.0 到 0
147.966 148.449 68.0 紫 0
148.63 148.872 68.0 薇 0
148.872 149.114 68.0 只 0
149.114 149.356 66.0 看 0
149.356 149.84 68.0 到 0
149.84 150.324 71.0 绝 0
150.566 150.808 71.0 色 0
150.808 151.05 71.0 看 0
151.05 151.292 71.0 不 0
151.292 151.776 70.0 到 0
151.776 152.259 73.0 绝 0
152.604 152.846 73.0 对 0
152.846 153.088 73.0 最 0
153.088 153.33 73.0 好 0
153.33 153.814 73.0 的 0
153.814 154.298 68.0 滋 0
154.298 154.782 68.0 味 0
154.782 155.024 66.0 就 0
155.024 155.508 66.0 是 0
155.508 155.749 63.0 耐 0
155.749 156.233 66.0 人 0
156.233 157.201 68.0 寻 0
157.666 157.908 68.0 味 0
157.908 158.15 68.0 乱 0
158.15 158.392 68.0 纷 0
158.392 158.876 63.0 纷 0
158.876 159.601 66.0 像 0
159.601 160.085 63.0 一 0
160.085 160.327 61.0 首 0
160.327 160.811 59.0 朦 0
160.811 161.537 61.0 胧 0
161.537 162.868 56.0 诗 0
165.36 165.602 68.0 懵 0
165.602 165.844 68.0 懂 0
165.844 166.086 68.0 懂 0
166.086 166.57 63.0 才 0
166.57 167.295 66.0 懂 0
167.295 167.779 63.0 得 0
167.779 168.021 61.0 朦 0
168.021 168.505 59.0 胧 0
168.505 169.231 61.0 美 0
169.231 170.682 56.0 - 0
171.912 172.154 68.0 只 0
172.154 172.396 68.0 要 0
172.396 172.638 66.0 我 0
172.638 173.122 68.0 以 0
173.122 173.606 71.0 为 0
173.848 174.09 71.0 就 0
174.09 174.332 71.0 不 0
174.332 174.573 71.0 是 0
174.573 175.057 70.0 误 0
175.057 175.541 66.0 会 0
175.832 176.074 66.0 谁 0
176.074 176.316 66.0 都 0
176.316 176.558 66.0 是 0
176.558 177.042 66.0 宝 0
177.042 177.526 70.0 贝 0
177.768 178.01 70.0 有 0
178.01 178.251 70.0 什 0
178.251 178.493 71.0 N 0
178.493 178.977 70.0 真 0
178.977 179.461 68.0 伪 0
179.58 179.822 68.0 什 0
179.822 180.064 68.0 - 0
180.064 180.306 66.0 N 0
180.306 180.79 68.0 是 0
180.79 181.274 71.0 是 0
181.516 181.758 71.0 非 0
181.758 181.999 71.0 都 0
181.999 182.241 71.0 似 0
182.241 182.725 70.0 是 0
182.725 183.209 73.0 而 0
183.565 183.807 73.0 非 0
183.807 184.049 73.0 醉 0
184.049 184.291 73.0 眼 0
184.291 184.775 73.0 看 0
184.775 185.259 68.0 世 0
185.259 185.742 68.0 界 0
185.742 185.984 66.0 世 0
185.984 186.468 66.0 界 0
186.468 186.71 63.0 随 0
186.71 187.194 66.0 我 0
187.194 187.436 68.0 陶 0
187.437 187.679 68.0 醉 0
187.679 187.921 68.0 看 0
187.921 188.163 66.0 的 0
188.163 188.647 68.0 很 0
188.647 189.131 71.0 琐 0
189.373 189.614 71.0 碎 0
189.614 189.856 71.0 都 0
189.856 190.098 71.0 没 0
190.098 190.582 70.0 有 0
190.582 191.066 66.0 所 0
191.16 191.402 66.0 谓 0
191.402 191.644 66.0 看 0
191.644 191.886 66.0 不 0
191.886 192.37 66.0 到 0
192.37 192.854 70.0 命 0
193.095 193.337 70.0 运 0
193.337 193.579 70.0 只 0
193.579 193.821 71.0 看 0
193.821 194.305 70.0 到 0
194.305 194.789 68.0 紫 0
195.043 195.285 68.0 薇 0
195.285 195.527 68.0 只 0
195.527 195.769 66.0 看 0
195.769 196.253 68.0 到 0
196.253 196.737 71.0 绝 0
196.978 197.22 71.0 色 0
197.22 197.462 71.0 看 0
197.462 197.704 71.0 不 0
197.704 198.188 70.0 到 0
198.188 198.672 73.0 绝 0
199.057 199.299 73.0 对 0
199.299 199.541 73.0 最 0
199.541 199.783 73.0 好 0
199.783 200.267 73.0 的 0
200.267 200.75 68.0 滋 0
200.75 201.234 68.0 味 0
201.234 201.476 66.0 就 0
201.476 201.96 66.0 是 0
201.96 202.202 63.0 耐 0
202.202 202.686 66.0 人 0
202.686 203.654 68.0 寻 0
