4.537 4.805 70.0 hey 0
4.805 5.073 72.0 - 0
5.073 8.756 70.0 ye 1
13.159 13.962 68.0 oh 0
13.962 15.368 70.0 - 0
15.368 15.837 75.0 a 0
15.837 17.176 70.0 h 1
17.962 18.23 58.0 想 0
18.23 18.498 65.0 飞 0
18.498 19.033 67.0 上 0
19.033 19.569 67.0 天 1
19.635 19.903 65.0 和 0
19.903 20.171 65.0 太 0
20.171 20.439 65.0 阳 0
20.439 20.707 65.0 肩 0
20.707 21.242 63.0 并 0
21.242 21.778 67.0 肩 1
22.191 22.459 60.0 世 0
22.459 22.726 62.0 - 0
22.726 22.994 62.0 界 0
22.994 23.262 62.0 等 0
23.262 23.53 62.0 着 0
23.53 23.798 62.0 我 0
23.798 24.066 60.0 去 0
24.066 24.334 62.0 改 0
24.334 25.137 63.0 变 1
26.471 26.739 60.0 想 0
26.739 27.007 67.0 做 0
27.007 27.543 68.0 的 0
27.543 28.079 68.0 梦 1
28.243 28.51 67.0 从 0
28.51 28.778 67.0 不 0
28.778 29.046 67.0 怕 0
29.046 29.314 67.0 别 0
29.314 29.582 65.0 人 0
29.582 29.85 67.0 看 0
29.85 30.385 68.0 见 1
30.633 30.901 60.0 在 0
30.901 31.169 62.0 这 0
31.169 31.705 63.0 里 0
31.705 32.24 63.0 我 0
32.24 32.508 63.0 都 0
32.508 32.776 62.0 能 0
32.776 33.044 63.0 实 0
33.044 34.383 65.0 现 1
35.205 35.473 58.0 大 0
35.473 35.741 65.0 声 0
35.741 36.276 67.0 欢 0
36.276 36.812 67.0 笑 0
36.812 37.08 65.0 让 0
37.08 37.348 65.0 你 0
37.348 37.616 65.0 我 0
37.616 37.883 65.0 肩 0
37.883 38.419 63.0 并 0
38.419 38.955 67.0 肩 1
39.352 39.619 60.0 何 0
39.619 39.887 62.0 - 0
39.887 40.155 62.0 处 0
40.155 40.423 62.0 不 0
40.423 40.691 62.0 能 0
40.691 40.959 62.0 欢 0
40.959 41.227 60.0 乐 0
41.227 41.494 62.0 无 0
41.494 42.834 63.0 限 1
43.67 43.938 60.0 抛 0
43.938 44.206 67.0 开 0
44.206 44.742 68.0 烦 0
44.742 45.277 68.0 恼 1
45.36 45.628 67.0 勇 0
45.628 45.896 67.0 敢 0
45.896 46.164 67.0 的 0
46.164 46.432 67.0 大 0
46.432 46.7 65.0 步 0
46.7 46.968 67.0 向 0
46.968 47.503 68.0 前 1
47.653 47.921 65.0 我 0
47.921 48.189 67.0 就 0
48.189 48.457 67.0 - 0
48.457 48.725 68.0 站 0
48.725 49.26 68.0 在 0
49.26 49.528 68.0 舞 0
49.528 49.796 67.0 台 0
49.796 50.064 68.0 中 0
50.064 51.939 70.0 间 1
52.341 52.609 70.0 我 0
52.609 52.876 70.0 相 0
52.876 53.144 67.0 信 0
53.144 53.412 67.0 我 0
53.412 53.68 65.0 就 0
53.68 53.948 65.0 是 0
53.948 54.484 63.0 我 1
54.507 54.774 63.0 我 0
54.774 55.042 65.0 相 0
55.042 55.31 65.0 信 0
55.31 55.578 63.0 明 0
55.578 55.846 65.0 天 0
55.846 56.382 67.0 - 1
56.545 56.813 70.0 我 0
56.813 57.081 70.0 相 0
57.081 57.349 72.0 信 0
57.349 57.617 72.0 青 0
57.617 57.885 67.0 春 0
57.885 58.153 67.0 没 0
58.153 58.42 65.0 有 0
58.42 58.688 65.0 地 0
58.688 58.956 63.0 平 0
58.956 60.028 63.0 线 1
60.517 60.785 60.0 在 0
60.785 61.053 60.0 日 0
61.053 61.321 67.0 落 0
61.321 61.589 68.0 的 0
61.589 61.857 68.0 海 0
61.857 62.392 68.0 边 1
62.71 62.978 67.0 在 0
62.978 63.246 67.0 热 0
63.246 63.514 67.0 闹 0
63.514 63.782 65.0 的 0
63.782 64.049 67.0 大 0
64.049 64.451 68.0 街 1
64.666 64.934 65.0 都 0
64.934 65.202 65.0 是 0
65.202 65.47 67.0 我 0
65.47 66.005 68.0 心 0
66.005 66.273 68.0 中 0
66.273 66.541 68.0 最 0
66.541 66.809 68.0 美 0
66.809 67.077 67.0 的 0
67.077 67.345 68.0 乐 0
67.345 69.22 70.0 园 1
69.378 69.645 70.0 我 0
69.645 69.913 70.0 相 0
69.913 70.181 67.0 信 0
70.181 70.449 67.0 自 0
70.449 70.717 65.0 由 0
70.717 70.985 65.0 自 0
70.985 71.52 63.0 在 1
71.631 71.899 63.0 我 0
71.899 72.167 65.0 相 0
72.167 72.435 65.0 信 0
72.435 72.703 63.0 希 0
72.703 73.506 67.0 望 1
73.687 73.955 70.0 我 0
73.955 74.223 70.0 相 0
74.223 74.491 72.0 信 0
74.491 74.759 72.0 伸 0
74.759 75.027 67.0 手 0
75.027 75.294 67.0 就 0
75.294 75.562 65.0 能 0
75.562 75.83 65.0 碰 0
75.83 76.098 63.0 到 0
76.098 77.169 63.0 天 1
77.654 77.922 60.0 有 0
77.922 78.19 60.0 你 0
78.19 78.458 67.0 在 0
78.458 78.726 68.0 我 0
78.726 78.993 68.0 身 0
78.993 79.529 68.0 边 1
79.944 80.212 67.0 让 0
80.212 80.48 67.0 生 0
80.48 80.748 67.0 活 0
80.748 81.015 65.0 更 0
81.015 81.283 67.0 新 0
81.283 81.685 68.0 鲜 1
81.909 82.177 65.0 每 0
82.177 82.445 67.0 一 0
82.445 82.98 68.0 刻 0
82.98 83.248 68.0 - 0
83.248 83.516 68.0 都 0
83.516 83.784 68.0 精 0
83.784 84.052 67.0 采 0
84.052 84.32 68.0 万 0
84.32 84.587 68.0 分 0
84.587 85.19 70.0 - 1
85.481 85.749 67.0 i 0
85.749 86.017 67.0 do 0
86.017 86.285 65.0 - 0
86.285 86.552 63.0 be 0
86.552 89.767 63.0 lieve 1
105.329 105.597 70.0 hey 0
105.597 105.865 72.0 - 0
105.865 109.548 70.0 ye 1
112.341 112.609 58.0 想 0
112.609 112.876 65.0 飞 0
112.876 113.412 67.0 上 0
113.412 113.948 67.0 天 1
113.961 114.229 65.0 和 0
114.229 114.497 65.0 太 0
114.497 114.764 65.0 阳 0
114.764 115.032 65.0 肩 0
115.032 115.568 63.0 并 0
115.568 116.104 67.0 肩 1
116.604 116.872 60.0 世 0
116.872 117.14 62.0 - 0
117.14 117.408 62.0 界 0
117.408 117.676 62.0 等 0
117.676 117.944 62.0 着 0
117.944 118.212 62.0 我 0
118.212 118.479 60.0 去 0
118.479 118.747 62.0 改 0
118.747 120.087 63.0 变 1
120.763 121.031 60.0 抛 0
121.031 121.299 67.0 开 0
121.299 121.835 68.0 烦 0
121.835 122.37 68.0 恼 1
122.511 122.779 67.0 勇 0
122.779 123.047 67.0 敢 0
123.047 123.315 67.0 的 0
123.315 123.583 67.0 大 0
123.583 123.851 65.0 步 0
123.851 124.118 67.0 向 0
124.118 124.654 68.0 前 1
124.799 125.067 65.0 我 0
125.067 125.335 67.0 就 0
125.335 125.536 67.0 站 0
125.536 125.87 68.0 - 0
125.87 126.406 68.0 在 0
126.406 126.674 68.0 舞 0
126.674 126.942 67.0 台 0
126.942 127.21 68.0 中 0
127.21 129.085 70.0 间 1
129.36 129.627 70.0 我 0
129.627 129.895 70.0 相 0
129.895 130.163 67.0 信 0
130.163 130.431 67.0 我 0
130.431 130.699 65.0 就 0
130.699 130.967 65.0 是 0
130.967 131.502 63.0 我 1
131.6 131.868 63.0 我 0
131.868 132.136 65.0 相 0
132.136 132.404 65.0 信 0
132.404 132.672 63.0 明 0
132.672 132.94 65.0 天 0
132.94 133.475 67.0 - 1
133.606 133.874 70.0 我 0
133.874 134.142 70.0 相 0
134.142 134.41 72.0 信 0
134.41 134.678 72.0 青 0
134.678 134.946 67.0 春 0
134.946 135.213 67.0 没 0
135.213 135.481 65.0 有 0
135.481 135.749 65.0 地 0
135.749 136.017 63.0 平 0
136.017 137.088 63.0 线 1
137.625 137.893 60.0 在 0
137.893 138.161 60.0 日 0
138.161 138.429 67.0 落 0
138.429 138.697 68.0 的 0
138.697 138.964 68.0 海 0
138.964 139.5 68.0 边 1
139.915 140.183 67.0 在 0
140.183 140.451 67.0 热 0
140.451 140.719 67.0 闹 0
140.719 140.986 65.0 的 0
140.986 141.254 67.0 大 0
141.254 141.656 68.0 街 1
141.792 142.06 65.0 都 0
142.06 142.328 65.0 是 0
142.328 142.596 67.0 我 0
142.596 143.131 68.0 心 0
143.131 143.399 68.0 中 0
143.399 143.667 68.0 最 0
143.667 143.935 68.0 美 0
143.935 144.203 67.0 的 0
144.203 144.471 68.0 乐 0
144.471 146.346 70.0 园 1
146.638 146.906 70.0 我 0
146.906 147.174 70.0 相 0
147.174 147.442 67.0 信 0
147.442 147.71 67.0 自 0
147.71 147.978 65.0 由 0
147.978 148.246 65.0 自 0
148.246 148.781 63.0 在 1
148.79 149.058 63.0 我 0
149.058 149.326 65.0 相 0
149.326 149.594 65.0 信 0
149.594 149.862 63.0 希 0
149.862 150.665 67.0 望 1
150.772 151.04 70.0 我 0
151.04 151.308 70.0 相 0
151.308 151.576 72.0 信 0
151.576 151.844 72.0 伸 0
151.844 152.111 67.0 手 0
152.111 152.379 67.0 就 0
152.379 152.647 65.0 能 0
152.647 152.915 65.0 碰 0
152.915 153.183 63.0 到 0
153.183 154.254 63.0 天 1
154.78 155.048 60.0 有 0
155.048 155.316 60.0 你 0
155.316 155.584 67.0 在 0
155.584 155.851 68.0 我 0
155.851 156.119 68.0 身 0
156.119 156.655 68.0 边 1
157.077 157.345 67.0 让 0
157.345 157.613 67.0 生 0
157.613 157.88 67.0 活 0
157.88 158.148 65.0 更 0
158.148 158.416 67.0 新 0
158.416 158.818 68.0 鲜 1
159.194 159.462 65.0 每 0
159.462 159.729 67.0 一 0
159.729 160.265 68.0 刻 0
160.265 160.533 68.0 - 0
160.533 160.801 68.0 都 0
160.801 161.069 68.0 精 0
161.069 161.337 67.0 采 0
161.337 161.604 68.0 万 0
161.604 161.872 68.0 分 0
161.872 162.475 70.0 - 1
162.706 162.974 67.0 i 0
162.974 163.242 67.0 do 0
163.242 163.509 65.0 - 0
163.509 163.777 63.0 be 0
163.777 166.992 63.0 lieve 1
167.358 167.626 63.0 我 0
167.626 167.894 62.0 相 0
167.894 171.108 63.0 信 1
171.773 172.041 63.0 我 0
172.041 172.309 62.0 相 0
172.309 175.791 63.0 信 1
175.939 176.207 63.0 我 0
176.207 176.474 62.0 相 0
176.474 179.957 63.0 信 1
180.387 180.655 63.0 i 0
180.655 180.923 63.0 be 0
180.923 183.066 70.0 live 0
183.066 184.137 75.0 oh 0
184.137 184.941 72.0 - 1
185.227 185.495 72.0 我 0
185.495 185.763 72.0 相 0
185.763 186.03 69.0 信 0
186.03 186.298 69.0 我 0
186.298 186.566 67.0 就 0
186.566 186.834 67.0 是 0
186.834 187.37 65.0 我 1
187.371 187.639 65.0 我 0
187.639 187.906 67.0 相 0
187.906 188.174 67.0 信 0
188.174 188.442 65.0 明 0
188.442 188.71 67.0 天 0
188.71 189.246 69.0 - 1
189.329 189.596 72.0 我 0
189.596 189.864 72.0 相 0
189.864 190.132 74.0 信 0
190.132 190.4 74.0 青 0
190.4 190.668 69.0 春 0
190.668 190.936 69.0 没 0
190.936 191.204 67.0 有 0
191.204 191.471 67.0 地 0
191.471 191.739 65.0 平 0
191.739 192.811 65.0 线 1
193.515 193.783 62.0 在 0
193.783 194.051 62.0 日 0
194.051 194.319 69.0 落 0
194.319 194.587 70.0 的 0
194.587 194.855 70.0 海 0
194.855 195.39 70.0 边 1
195.512 195.78 69.0 在 0
195.78 196.048 69.0 热 0
196.048 196.316 69.0 闹 0
196.316 196.584 67.0 的 0
196.584 196.852 69.0 大 0
196.852 197.253 70.0 街 1
197.367 197.635 67.0 都 0
197.635 197.903 67.0 是 0
197.903 198.171 69.0 我 0
198.171 198.707 70.0 心 0
198.707 198.974 70.0 中 0
198.974 199.242 70.0 最 0
199.242 199.51 70.0 美 0
199.51 199.778 69.0 的 0
199.778 200.046 70.0 乐 0
200.046 201.117 72.0 园 0
201.117 201.653 72.0 oh 0
201.653 202.055 72.0 - 1
202.247 202.515 72.0 我 0
202.515 202.782 72.0 相 0
202.782 203.05 69.0 信 0
203.05 203.318 69.0 自 0
203.318 203.586 67.0 由 0
203.586 203.854 67.0 自 0
203.854 204.39 65.0 在 1
204.429 204.696 65.0 我 0
204.696 204.964 67.0 相 0
204.964 205.232 67.0 信 0
205.232 205.5 65.0 希 0
205.5 206.304 69.0 望 1
206.642 206.91 72.0 我 0
206.91 207.178 72.0 相 0
207.178 207.446 74.0 信 0
207.446 207.714 74.0 伸 0
207.714 207.982 69.0 手 0
207.982 208.25 69.0 就 0
208.25 208.517 67.0 能 0
208.517 208.785 67.0 碰 0
208.785 209.053 65.0 到 0
209.053 210.125 65.0 天 1
210.563 210.831 62.0 有 0
210.831 211.099 62.0 你 0
211.099 211.367 69.0 在 0
211.367 211.635 70.0 我 0
211.635 211.903 70.0 身 0
211.903 212.438 70.0 边 1
212.72 212.988 69.0 让 0
212.988 213.256 69.0 生 0
213.256 213.524 69.0 活 0
213.524 213.792 67.0 更 0
213.792 214.059 69.0 新 0
214.059 214.595 70.0 鲜 1
214.914 215.182 67.0 每 0
215.182 215.45 69.0 一 0
215.45 215.985 70.0 刻 0
215.985 216.253 70.0 都 0
216.253 216.521 70.0 - 0
216.521 216.789 70.0 精 0
216.789 217.057 69.0 采 0
217.057 217.325 70.0 万 0
217.325 217.593 70.0 分 0
217.593 218.195 72.0 - 1
218.436 218.704 69.0 i 0
218.704 218.972 69.0 do 0
218.972 219.24 67.0 - 0
219.24 219.508 65.0 be 0
219.508 222.99 65.0 lieve 1
222.995 227.816 65.0 oh 1
228.3 237.072 72.0 ah 1
