24.306 24.512 71.0 o 0
24.512 24.718 69.0 m 0
24.718 25.129 69.0 g 0
25.334 25.745 69.0 到 0
25.745 25.951 67.0 底 0
25.951 26.156 66.0 想 0
26.156 26.362 67.0 干 0
26.362 26.772 67.0 嘛 1
26.794 27.0 69.0 情 0
27.0 27.205 69.0 书 0
27.205 27.411 69.0 已 0
27.411 27.822 69.0 经 0
27.822 28.027 69.0 寄 0
28.027 28.438 71.0 到 0
28.438 28.849 66.0 我 0
28.849 29.055 66.0 家 0
29.055 29.466 64.0 楼 0
29.466 29.671 64.0 下 0
29.671 30.082 66.0 - 1
30.852 31.058 66.0 写 0
31.058 31.263 66.0 个 0
31.263 31.674 69.0 告 0
31.674 31.879 71.0 白 0
31.879 32.29 71.0 都 0
32.29 32.701 69.0 说 0
32.701 32.907 67.0 的 0
32.907 33.112 69.0 结 0
33.112 33.523 64.0 结 0
33.523 33.934 64.0 巴 0
33.934 34.14 62.0 巴 1
34.344 34.55 59.0 还 0
34.55 34.961 67.0 有 0
34.961 35.166 67.0 那 0
35.166 35.372 67.0 些 0
35.372 35.577 69.0 雷 0
35.577 35.783 66.0 人 0
35.783 35.988 66.0 的 0
35.988 36.194 66.0 话 0
36.194 36.605 64.0 - 1
37.437 37.643 71.0 救 0
37.643 37.848 69.0 命 0
37.848 38.259 69.0 啊 0
38.465 38.876 69.0 别 0
38.876 39.081 67.0 折 0
39.081 39.287 66.0 磨 0
39.287 39.492 67.0 我 0
39.492 39.903 67.0 啦 1
39.969 40.175 69.0 出 0
40.175 40.38 69.0 门 0
40.38 40.586 69.0 收 0
40.586 40.997 69.0 到 0
40.997 41.202 69.0 康 0
41.202 41.613 71.0 乃 0
41.613 42.024 66.0 馨 0
42.024 42.229 66.0 一 0
42.229 42.64 64.0 大 0
42.64 42.846 64.0 把 0
42.846 43.257 66.0 - 1
43.785 43.991 66.0 你 0
43.991 44.196 64.0 是 0
44.196 44.402 66.0 想 0
44.402 44.607 64.0 怎 0
44.607 45.018 62.0 样 0
45.018 45.224 62.0 啦 0
45.429 45.635 66.0 还 0
45.635 45.84 64.0 来 0
45.84 46.046 66.0 不 0
46.046 46.251 64.0 及 0
46.251 46.662 62.0 说 0
46.662 46.867 62.0 话 1
47.037 47.242 59.0 心 0
47.242 47.448 59.0 里 0
47.448 47.653 59.0 对 0
47.653 48.064 67.0 你 0
48.064 48.27 67.0 已 0
48.27 48.475 67.0 经 0
48.475 48.681 69.0 彻 0
48.681 48.886 67.0 底 0
48.886 49.092 66.0 膜 0
49.092 49.503 64.0 拜 0
49.503 50.119 64.0 啦 1
50.651 50.857 66.0 大 0
50.857 51.062 67.0 叔 0
51.062 51.473 67.0 啊 0
51.679 52.089 69.0 求 0
52.089 52.295 67.0 求 0
52.295 52.5 66.0 大 0
52.5 52.706 67.0 叔 0
52.706 53.117 69.0 啊 1
53.354 53.765 69.0 不 0
53.765 54.176 69.0 要 0
54.176 54.382 69.0 吧 0
54.382 54.793 66.0 不 0
54.793 54.998 66.0 要 0
54.998 55.409 66.0 吧 0
55.409 55.615 66.0 知 0
55.615 55.82 64.0 道 0
55.82 56.026 64.0 啦 0
56.026 56.437 66.0 - 1
57.559 57.97 69.0 哎 0
57.97 58.176 71.0 - 0
58.176 58.381 71.0 呀 0
58.587 58.792 69.0 你 0
58.792 58.998 69.0 说 0
58.998 59.203 67.0 啊 0
59.203 59.409 69.0 你 0
59.409 59.82 66.0 说 0
59.82 60.025 62.0 啊 1
60.315 60.52 59.0 你 0
60.52 60.726 59.0 说 0
60.726 60.931 59.0 的 0
60.931 61.342 66.0 话 0
61.342 61.753 67.0 猪 0
61.753 61.958 69.0 它 0
61.958 62.164 66.0 都 0
62.164 62.369 66.0 笑 0
62.369 62.678 64.0 啦 0
62.678 63.397 64.0 - 1
63.761 63.966 71.0 大 0
63.966 64.172 69.0 叔 0
64.172 64.583 69.0 啊 0
64.788 65.199 69.0 哎 0
65.199 65.405 67.0 哎 0
65.405 65.61 66.0 大 0
65.61 65.816 67.0 叔 0
65.816 66.227 69.0 啊 1
66.477 66.888 69.0 难 0
66.888 67.093 69.0 道 0
67.093 67.299 69.0 九 0
67.299 67.504 69.0 九 0
67.504 67.915 71.0 乘 0
67.915 68.224 66.0 法 0
68.224 68.326 66.0 表 0
68.326 68.532 66.0 不 0
68.532 68.737 66.0 会 0
68.737 68.943 64.0 背 0
68.943 69.148 64.0 吗 0
69.148 69.559 66.0 - 1
70.694 71.105 69.0 哎 0
71.105 71.311 71.0 - 0
71.311 71.722 71.0 呀 0
71.722 71.927 69.0 你 0
71.927 72.132 69.0 说 0
72.132 72.338 67.0 啊 0
72.338 72.543 69.0 你 0
72.543 72.954 64.0 说 0
72.954 73.16 62.0 啊 1
73.467 73.673 59.0 用 0
73.673 73.878 59.0 恋 0
73.878 74.084 59.0 爱 0
74.084 74.495 67.0 公 0
74.495 74.906 67.0 式 0
74.906 75.111 69.0 解 0
75.111 75.317 66.0 读 0
75.317 75.522 66.0 的 0
75.522 75.933 64.0 话 1
75.947 76.153 64.0 幸 0
76.358 76.564 64.0 福 0
76.564 76.769 64.0 会 0
76.769 76.974 62.0 不 0
76.974 77.18 61.0 会 0
77.18 77.283 66.0 呕 0
77.283 77.796 62.0 啪 1
90.082 90.288 71.0 o 0
90.288 90.493 69.0 m 0
90.493 90.904 69.0 g 0
91.11 91.521 69.0 到 0
91.521 91.726 67.0 底 0
91.726 91.931 66.0 想 0
91.931 92.137 67.0 干 0
92.137 92.548 69.0 嘛 1
92.611 92.816 69.0 情 0
92.816 93.022 69.0 书 0
93.022 93.227 69.0 已 0
93.227 93.638 69.0 经 0
93.638 93.844 69.0 寄 0
93.844 94.255 66.0 到 0
94.255 94.666 66.0 我 0
94.666 94.871 66.0 家 0
94.871 95.282 64.0 楼 0
95.282 95.488 64.0 下 0
95.488 95.899 66.0 - 1
96.69 96.895 66.0 写 0
96.895 97.1 66.0 个 0
97.1 97.511 69.0 告 0
97.511 97.717 71.0 白 0
97.717 98.128 71.0 都 0
98.128 98.539 69.0 说 0
98.539 98.744 67.0 的 0
98.744 98.95 69.0 结 0
98.95 99.361 66.0 结 0
99.361 99.772 64.0 巴 0
99.772 99.977 62.0 巴 1
100.15 100.355 59.0 还 0
100.355 100.766 66.0 有 0
100.766 100.972 67.0 那 0
100.972 101.177 67.0 些 0
101.177 101.383 69.0 雷 0
101.383 101.588 66.0 人 0
101.588 101.794 66.0 的 0
101.794 101.999 66.0 话 0
101.999 102.41 64.0 - 1
103.285 103.49 71.0 救 0
103.49 103.696 69.0 命 0
103.696 104.107 69.0 啊 0
104.312 104.723 69.0 别 0
104.723 104.929 67.0 折 0
104.929 105.134 66.0 磨 0
105.134 105.34 67.0 我 0
105.34 105.751 69.0 啦 1
105.752 105.957 69.0 出 0
105.957 106.163 69.0 门 0
106.163 106.368 69.0 收 0
106.368 106.779 69.0 到 0
106.779 106.984 69.0 康 0
106.984 107.395 71.0 乃 0
107.395 107.806 66.0 馨 0
107.806 108.012 66.0 一 0
108.012 108.423 64.0 大 0
108.423 108.628 64.0 把 0
108.628 109.039 66.0 - 1
109.521 109.726 66.0 你 0
109.726 109.932 64.0 是 0
109.932 110.137 66.0 想 0
110.137 110.343 64.0 怎 0
110.343 110.754 62.0 样 0
110.754 110.959 62.0 啦 0
111.165 111.37 66.0 还 0
111.37 111.576 64.0 来 0
111.576 111.781 66.0 不 0
111.781 111.986 64.0 及 0
111.986 112.397 62.0 说 0
112.397 112.603 62.0 话 1
112.94 113.146 59.0 心 0
113.146 113.351 59.0 里 0
113.351 113.557 59.0 对 0
113.557 113.968 67.0 你 0
113.968 114.173 67.0 已 0
114.173 114.379 67.0 经 0
114.379 114.584 69.0 彻 0
114.584 114.79 67.0 底 0
114.79 114.995 66.0 膜 0
114.995 115.406 67.0 拜 0
115.406 116.023 64.0 啦 1
116.365 116.57 66.0 大 0
116.57 116.776 67.0 叔 0
116.776 117.186 67.0 啊 0
117.392 117.803 69.0 求 0
117.803 118.008 67.0 求 0
118.008 118.214 66.0 大 0
118.214 118.419 67.0 叔 0
118.419 118.83 67.0 啊 1
118.94 119.351 69.0 不 0
119.351 119.762 69.0 要 0
119.762 119.967 69.0 吧 0
119.967 120.378 71.0 不 0
120.378 120.584 66.0 要 0
120.584 120.995 66.0 吧 0
120.995 121.2 66.0 知 0
121.2 121.406 64.0 道 0
121.406 121.611 64.0 啦 0
121.611 122.022 66.0 - 1
123.33 123.741 69.0 哎 0
123.741 123.946 71.0 - 0
123.946 124.152 71.0 呀 0
124.357 124.563 69.0 你 0
124.563 124.768 69.0 说 0
124.768 124.974 67.0 啊 0
124.974 125.179 69.0 你 0
125.179 125.59 64.0 说 0
125.59 125.796 62.0 啊 1
125.982 126.188 59.0 你 0
126.188 126.393 59.0 说 0
126.393 126.599 59.0 的 0
126.599 127.009 66.0 话 0
127.009 127.42 67.0 猪 0
127.42 127.626 69.0 它 0
127.626 127.831 66.0 都 0
127.831 128.037 66.0 笑 0
128.037 129.064 64.0 啦 1
129.411 129.617 71.0 大 0
129.617 129.822 69.0 叔 0
129.822 130.233 69.0 啊 0
130.439 130.85 69.0 哎 0
130.85 131.055 67.0 哎 0
131.055 131.261 66.0 大 0
131.261 131.466 67.0 叔 0
131.466 131.877 67.0 啊 1
132.205 132.616 69.0 难 0
132.616 132.822 69.0 道 0
132.822 133.027 69.0 九 0
133.027 133.233 69.0 九 0
133.233 133.644 66.0 乘 0
133.644 133.952 66.0 法 0
133.952 134.055 66.0 表 0
134.055 134.26 66.0 不 0
134.26 134.466 66.0 会 0
134.466 134.671 64.0 背 0
134.671 134.877 64.0 吗 0
134.877 135.288 66.0 - 1
136.527 136.938 69.0 哎 0
136.938 137.143 71.0 - 0
137.143 137.554 71.0 呀 0
137.554 137.759 69.0 你 0
137.759 137.965 69.0 说 0
137.965 138.17 67.0 啊 0
138.17 138.376 69.0 你 0
138.376 138.787 66.0 说 0
138.787 138.992 62.0 啊 1
139.196 139.401 59.0 用 0
139.401 139.607 59.0 恋 0
139.607 139.812 59.0 爱 0
139.812 140.223 67.0 公 0
140.223 140.634 67.0 式 0
140.634 140.84 69.0 解 0
140.84 141.045 66.0 读 0
141.045 141.251 66.0 的 0
141.251 141.662 64.0 话 1
141.711 141.916 64.0 幸 0
142.121 142.327 64.0 福 0
142.327 142.532 64.0 会 0
142.532 142.738 62.0 不 0
142.738 142.943 61.0 会 0
142.943 143.046 66.0 呕 0
143.046 143.56 62.0 啪 1
155.877 156.082 66.0 大 0
156.082 156.288 67.0 叔 0
156.288 156.699 69.0 啊 0
156.904 157.315 69.0 求 0
157.315 157.52 67.0 求 0
157.52 157.726 66.0 大 0
157.726 157.931 67.0 叔 0
157.931 158.342 67.0 啊 1
158.405 158.816 69.0 不 0
158.816 159.227 69.0 要 0
159.227 159.432 69.0 吧 0
159.432 159.843 71.0 不 0
159.843 160.049 66.0 要 0
160.049 160.46 66.0 吧 0
160.46 160.665 66.0 知 0
160.665 160.871 64.0 道 0
160.871 161.076 64.0 啦 0
161.076 161.487 66.0 - 1
162.804 163.215 69.0 哎 0
163.215 163.42 71.0 - 0
163.42 163.626 71.0 呀 0
163.831 164.037 69.0 你 0
164.037 164.242 69.0 说 0
164.242 164.448 67.0 啊 0
164.448 164.653 69.0 你 0
164.653 165.064 64.0 说 0
165.064 165.27 62.0 啊 1
165.356 165.562 59.0 你 0
165.562 165.767 59.0 说 0
165.767 165.973 59.0 的 0
165.973 166.384 67.0 话 0
166.384 166.795 67.0 猪 0
166.795 167.0 69.0 它 0
167.0 167.205 66.0 都 0
167.205 167.411 66.0 笑 0
167.411 168.438 64.0 啦 1
168.871 169.077 71.0 大 0
169.077 169.282 69.0 叔 0
169.282 169.693 69.0 啊 0
169.899 170.31 69.0 哎 0
170.31 170.515 67.0 哎 0
170.515 170.721 66.0 大 0
170.721 170.926 67.0 叔 0
170.926 171.337 67.0 啊 1
171.547 171.957 69.0 难 0
171.957 172.163 69.0 道 0
172.163 172.368 69.0 九 0
172.368 172.574 69.0 九 0
172.574 172.985 66.0 乘 0
172.985 173.293 66.0 法 0
173.293 173.396 66.0 表 0
173.396 173.601 66.0 不 0
173.601 173.807 66.0 会 0
173.807 174.012 64.0 背 0
174.012 174.218 64.0 吗 0
174.218 174.629 66.0 - 1
176.026 176.437 69.0 哎 0
176.437 176.642 71.0 - 0
176.642 177.053 71.0 呀 0
177.053 177.258 69.0 你 0
177.258 177.464 69.0 说 0
177.464 177.669 67.0 啊 0
177.669 177.875 69.0 你 0
177.875 178.286 66.0 说 0
178.286 178.491 62.0 啊 1
178.559 178.764 59.0 用 0
178.764 178.97 59.0 恋 0
178.97 179.175 59.0 爱 0
179.175 179.586 67.0 公 0
179.586 179.997 67.0 式 0
179.997 180.203 69.0 解 0
180.203 180.408 66.0 读 0
180.408 180.614 66.0 的 0
180.614 181.025 64.0 话 1
181.145 181.35 64.0 幸 0
181.556 181.761 64.0 福 0
181.761 181.967 64.0 会 0
181.967 182.172 62.0 不 0
182.172 182.377 61.0 会 0
182.377 182.48 66.0 呕 0
182.48 183.97 62.0 啪 1
