25.396 25.668 58.0 翻 0
25.762 25.939 58.0 开 0
26.128 26.305 58.0 随 0
26.494 26.762 58.0 身 0
26.86 27.22 63.0 携 0
27.226 27.494 63.0 带 0
27.592 27.951 58.0 的 0
27.957 28.317 65.0 记 0
28.323 28.775 65.0 事 0
29.055 29.415 58.0 本 1
29.811 30.17 58.0 写 0
30.177 30.536 63.0 着 0
30.542 30.719 62.0 许 0
30.908 31.268 62.0 多 0
31.274 32.457 60.0 事 0
32.738 33.006 60.0 都 0
33.103 33.372 60.0 是 0
33.469 33.829 58.0 关 0
33.835 34.195 58.0 于 0
34.292 34.835 55.0 你 1
34.869 35.046 55.0 你 0
35.235 35.594 55.0 讨 0
35.6 35.777 53.0 厌 0
35.967 36.339 53.0 被 0
36.342 36.62 51.0 冷 0
36.717 37.9 51.0 落 0
38.181 38.541 55.0 习 0
38.547 38.723 53.0 惯 0
38.912 39.272 53.0 被 0
39.278 39.638 51.0 守 0
39.644 40.742 58.0 候 1
41.013 41.372 60.0 寂 0
41.378 41.738 58.0 寞 0
41.744 42.378 60.0 才 0
42.476 42.93 55.0 找 0
43.025 44.848 55.0 我 1
48.771 49.039 58.0 我 0
49.137 49.405 58.0 看 0
49.502 49.771 58.0 见 0
49.868 50.228 58.0 自 0
50.234 50.594 63.0 己 0
50.6 50.96 63.0 写 0
50.966 51.326 58.0 下 0
51.332 51.691 65.0 的 0
51.698 52.149 65.0 心 0
52.429 52.789 58.0 情 1
53.276 53.636 58.0 把 0
53.642 54.002 63.0 自 0
54.008 54.184 62.0 己 0
54.373 54.553 60.0 放 0
54.556 54.916 62.0 - 0
54.922 55.739 60.0 在 0
56.203 56.563 60.0 卑 0
56.569 56.928 58.0 微 0
56.934 57.294 58.0 的 0
57.3 57.66 58.0 后 0
57.666 58.392 55.0 头 1
58.812 59.172 53.0 等 0
59.178 59.538 53.0 你 0
59.544 59.812 53.0 等 0
59.903 60.201 53.0 太 0
60.206 61.298 51.0 久 0
61.67 62.029 53.0 想 0
62.036 62.395 55.0 你 0
62.401 62.761 53.0 泪 0
62.767 63.127 51.0 会 0
63.133 63.859 58.0 流 1
64.083 64.442 46.0 而 0
64.449 64.808 55.0 幸 0
64.814 65.174 53.0 福 0
65.18 65.54 53.0 快 0
65.546 65.906 51.0 乐 0
65.912 66.092 51.0 是 0
66.095 66.455 53.0 - 0
66.644 66.97 51.0 什 0
67.009 69.936 51.0 么 1
70.44 70.8 62.0 爱 0
70.806 71.165 63.0 的 0
71.171 71.351 62.0 痛 0
71.354 71.717 55.0 - 0
71.72 72.903 55.0 了 0
73.367 73.726 62.0 痛 0
73.732 74.092 63.0 的 0
74.098 74.553 55.0 哭 0
74.647 75.83 55.0 了 1
76.182 76.45 67.0 哭 0
76.548 76.816 65.0 的 0
76.914 77.182 65.0 累 0
77.279 77.639 63.0 了 0
77.645 78.005 63.0 日 0
78.011 78.188 63.0 记 0
78.377 78.554 63.0 本 0
78.743 79.103 63.0 里 0
79.109 79.468 58.0 页 0
79.657 80.109 58.0 页 0
80.206 80.566 58.0 执 0
80.572 81.298 55.0 着 1
81.633 81.992 55.0 记 0
81.998 82.358 53.0 载 0
82.364 82.541 53.0 着 0
82.73 83.09 53.0 你 0
83.096 83.273 51.0 的 0
83.462 84.37 51.0 好 0
84.559 84.919 51.0 像 0
84.925 85.285 53.0 上 0
85.291 85.468 53.0 瘾 0
85.657 86.017 53.0 的 0
86.023 86.383 51.0 毒 0
86.389 87.206 58.0 药 1
87.572 87.932 58.0 它 0
87.938 88.298 58.0 反 0
88.304 88.664 58.0 覆 0
88.67 88.847 58.0 骗 0
88.853 89.213 60.0 - 0
89.219 89.761 58.0 着 0
89.767 92.414 55.0 我 1
93.514 93.874 62.0 爱 0
94.246 94.605 63.0 的 0
94.611 94.971 62.0 痛 0
95.16 96.343 55.0 了 0
96.807 97.166 62.0 痛 0
97.172 97.532 63.0 的 0
97.538 97.718 62.0 哭 0
97.721 98.081 55.0 - 0
98.087 99.087 55.0 了 1
99.669 100.029 67.0 哭 0
100.035 100.304 65.0 的 0
100.401 100.761 65.0 累 0
100.767 101.127 63.0 了 0
101.133 101.493 67.0 矛 0
101.499 101.676 65.0 盾 0
101.865 102.224 65.0 心 0
102.23 102.59 63.0 里 0
102.596 102.956 65.0 总 0
103.145 103.596 65.0 是 0
103.694 104.419 70.0 强 0
104.426 104.877 67.0 求 1
105.097 105.457 65.0 劝 0
105.463 105.823 65.0 自 0
105.829 106.189 65.0 己 0
106.195 106.555 65.0 要 0
106.561 106.92 63.0 放 0
106.927 107.561 60.0 手 0
108.024 108.384 67.0 闭 0
108.39 108.75 65.0 上 0
108.756 109.116 67.0 眼 0
109.122 109.481 65.0 让 0
109.487 109.847 63.0 你 0
109.853 110.579 65.0 走 1
111.062 111.422 65.0 烧 0
111.428 111.787 65.0 掉 0
111.794 112.153 65.0 日 0
112.159 112.519 65.0 记 0
112.617 112.977 63.0 重 0
112.983 113.711 65.0 新 0
113.714 114.074 63.0 来 0
114.172 116.086 60.0 过 1
140.901 141.169 58.0 我 0
141.266 141.535 58.0 看 0
141.632 141.901 58.0 见 0
141.998 142.358 58.0 自 0
142.364 142.724 63.0 己 0
142.73 143.09 63.0 写 0
143.096 143.456 58.0 下 0
143.462 143.821 65.0 的 0
143.827 144.279 65.0 心 0
144.559 144.919 58.0 情 1
145.435 145.795 58.0 把 0
145.801 146.16 63.0 自 0
146.167 146.343 62.0 己 0
146.532 146.712 60.0 放 0
146.715 147.075 62.0 - 0
147.081 147.898 60.0 在 0
148.362 148.721 60.0 卑 0
148.728 149.087 58.0 微 0
149.093 149.453 58.0 的 0
149.459 149.819 58.0 后 0
149.825 150.551 55.0 头 1
150.777 151.136 53.0 等 0
151.143 151.502 55.0 你 0
151.508 151.777 53.0 等 0
151.874 152.234 53.0 太 0
152.24 153.332 51.0 久 0
153.338 153.518 53.0 想 0
153.521 153.975 55.0 你 0
154.069 154.246 53.0 - 0
154.435 154.795 53.0 泪 0
154.801 155.161 51.0 会 0
155.167 155.893 58.0 流 1
156.405 156.765 46.0 而 0
156.771 157.131 55.0 幸 0
157.137 157.497 53.0 福 0
157.503 157.863 53.0 快 0
157.869 158.229 51.0 乐 0
158.235 158.415 51.0 是 0
158.418 158.777 53.0 - 0
158.966 159.326 53.0 什 0
159.332 160.424 53.0 么 0
160.43 162.253 51.0 - 1
162.287 163.013 62.0 爱 0
163.019 163.379 63.0 的 0
163.385 163.748 62.0 痛 0
163.751 164.11 55.0 - 0
164.116 165.208 55.0 了 0
165.58 165.94 62.0 痛 0
165.946 166.305 63.0 的 0
166.312 166.674 62.0 哭 0
166.679 166.854 55.0 - 0
166.86 168.043 55.0 了 1
168.46 168.728 67.0 哭 0
168.826 169.094 65.0 的 0
169.191 169.46 65.0 累 0
169.557 169.917 63.0 了 0
169.923 170.283 63.0 日 0
170.289 170.466 63.0 记 0
170.655 170.832 63.0 本 0
171.021 171.38 63.0 里 0
171.386 171.746 58.0 页 0
171.935 172.386 58.0 页 0
172.484 172.844 58.0 执 0
172.85 173.576 55.0 着 1
173.927 174.287 55.0 记 0
174.293 174.653 53.0 载 0
174.659 174.836 53.0 着 0
175.025 175.385 53.0 你 0
175.391 175.568 51.0 的 0
175.757 176.665 51.0 好 0
176.854 177.214 51.0 像 0
177.22 177.58 53.0 上 0
177.586 177.763 53.0 瘾 0
177.952 178.312 53.0 的 0
178.318 178.677 51.0 毒 0
178.684 179.046 60.0 药 0
179.049 179.501 58.0 - 1
179.759 180.119 58.0 它 0
180.125 180.485 58.0 反 0
180.491 180.851 58.0 覆 0
180.857 181.034 58.0 骗 0
181.04 181.399 60.0 - 0
181.405 181.948 58.0 着 0
181.954 184.601 55.0 我 1
185.719 186.079 62.0 爱 0
186.45 186.81 63.0 的 0
186.816 187.176 62.0 痛 0
187.365 188.548 55.0 了 0
189.011 189.371 62.0 痛 0
189.377 189.737 63.0 的 0
189.743 189.923 62.0 哭 0
189.926 190.286 55.0 - 0
190.292 191.292 58.0 了 1
191.925 192.285 67.0 哭 0
192.291 192.559 65.0 的 0
192.657 193.017 65.0 累 0
193.023 193.383 63.0 了 0
193.389 193.748 67.0 矛 0
193.755 193.931 65.0 盾 0
194.12 194.48 65.0 心 0
194.486 194.846 63.0 里 0
194.852 195.212 65.0 总 0
195.401 195.852 65.0 是 0
195.95 196.312 70.0 强 0
196.316 197.133 67.0 求 1
197.427 197.787 65.0 劝 0
197.793 198.153 65.0 自 0
198.159 198.519 65.0 己 0
198.525 198.884 65.0 要 0
198.89 199.25 63.0 放 0
199.256 199.89 60.0 手 0
200.354 200.714 67.0 闭 0
200.72 201.08 65.0 上 0
201.086 201.445 67.0 眼 0
201.451 201.811 65.0 让 0
201.817 202.177 63.0 你 0
202.183 202.909 65.0 走 1
203.131 203.49 65.0 烧 0
203.497 203.856 65.0 掉 0
203.862 204.222 65.0 日 0
204.228 204.588 65.0 记 0
204.594 204.954 63.0 重 0
204.96 205.597 65.0 新 0
205.692 206.051 67.0 来 0
206.058 207.426 67.0 过 0
207.43 209.161 63.0 - 1
209.405 209.582 63.0 爱 0
209.771 210.131 67.0 的 0
210.137 210.497 65.0 痛 0
210.686 211.594 63.0 了 0
212.332 212.509 65.0 痛 0
212.698 213.058 65.0 的 0
213.064 213.424 65.0 哭 0
213.43 213.884 65.0 了 0
213.887 214.795 58.0 - 1
215.285 215.645 67.0 哭 0
215.651 216.011 65.0 的 0
216.017 216.376 65.0 累 0
216.382 216.742 63.0 了 0
216.748 217.108 67.0 矛 0
217.114 217.291 65.0 盾 0
217.48 217.84 65.0 心 0
217.846 218.114 63.0 里 0
218.212 218.663 65.0 总 0
218.761 219.303 65.0 是 0
219.309 219.669 70.0 强 0
219.675 220.401 67.0 求 1
220.712 221.071 67.0 劝 0
221.078 221.254 65.0 自 0
221.443 221.803 65.0 己 0
221.809 222.169 65.0 要 0
222.175 222.535 63.0 放 0
222.541 223.358 60.0 手 0
223.639 224.001 67.0 闭 0
224.004 224.276 65.0 上 0
224.37 224.73 65.0 眼 0
224.736 225.004 65.0 让 0
225.102 225.462 63.0 你 0
225.468 229.578 65.0 走 1
231.448 231.808 63.0 重 0
231.906 232.36 65.0 新 0
232.363 232.723 63.0 - 0
232.729 233.275 63.0 来 0
233.278 236.29 60.0 过 1
