19.808 21.152 58.0 爱 0
21.152 21.599 58.0 是 0
21.599 22.047 57.0 否 0
22.047 22.495 58.0 充 0
22.495 22.719 58.0 满 0
22.719 23.167 60.0 - 0
23.167 23.39 58.0 诱 0
23.39 24.286 58.0 惑 1
24.775 25.222 58.0 是 0
25.222 25.67 57.0 否 0
25.67 26.118 58.0 让 0
26.118 26.342 58.0 人 0
26.342 26.79 60.0 - 0
26.79 27.013 62.0 沉 0
27.013 27.909 55.0 默 1
28.436 28.884 55.0 是 0
28.884 29.331 53.0 否 0
29.331 29.555 57.0 藏 0
29.555 30.227 58.0 在 0
30.227 30.675 62.0 心 0
30.675 30.898 62.0 底 0
30.898 31.346 63.0 - 0
31.346 32.018 63.0 某 0
32.018 32.466 58.0 个 0
32.466 33.361 58.0 角 0
33.361 33.809 60.0 落 1
34.268 35.611 58.0 我 0
35.611 36.059 58.0 不 0
36.059 36.506 57.0 敢 0
36.506 36.954 58.0 乱 0
36.954 37.178 58.0 说 0
37.178 37.626 60.0 - 0
37.626 37.85 58.0 出 0
37.85 38.745 58.0 口 1
39.164 39.612 58.0 不 0
39.612 40.06 57.0 敢 0
40.06 40.507 58.0 轻 0
40.507 40.731 58.0 易 0
40.731 41.179 60.0 - 0
41.179 41.627 62.0 触 0
41.627 42.298 55.0 摸 1
42.974 43.198 53.0 不 0
43.198 43.646 55.0 敢 0
43.646 43.87 53.0 怪 0
43.87 44.093 53.0 你 0
44.093 44.541 55.0 - 0
44.541 44.989 57.0 冷 0
44.989 46.78 58.0 落 1
47.566 48.014 58.0 害 0
48.014 48.462 60.0 怕 0
48.462 48.91 60.0 花 0
49.358 49.581 58.0 飘 0
49.581 50.029 60.0 - 0
50.029 51.149 60.0 落 1
51.188 51.635 58.0 害 0
51.635 52.083 60.0 怕 0
52.083 52.531 60.0 雨 0
52.979 53.202 58.0 坠 0
53.202 53.65 60.0 - 0
53.65 54.098 58.0 落 0
54.098 54.77 58.0 - 1
54.854 55.301 58.0 害 0
55.301 55.749 60.0 怕 0
55.749 56.197 60.0 竹 0
56.197 56.421 60.0 亭 0
56.421 57.092 60.0 落 1
57.517 57.965 62.0 有 0
57.965 58.189 60.0 人 0
58.189 58.637 60.0 在 0
58.637 58.861 58.0 - 0
58.861 59.308 58.0 等 0
59.308 61.099 60.0 我 1
61.976 62.424 58.0 爱 0
62.424 62.871 60.0 上 0
62.871 63.319 62.0 一 0
63.319 63.543 60.0 个 0
63.543 63.767 60.0 人 0
63.767 64.215 62.0 - 1
64.26 64.484 60.0 我 0
64.484 65.155 62.0 们 0
65.155 65.379 60.0 都 0
65.379 65.603 60.0 没 0
65.603 65.827 62.0 - 0
65.827 66.051 58.0 - 0
66.051 66.498 58.0 有 0
66.498 67.842 65.0 错 1
68.331 68.779 65.0 只 0
68.779 69.227 63.0 是 0
69.227 69.675 62.0 走 0
69.675 70.123 63.0 了 0
70.123 70.57 62.0 不 0
70.57 70.794 60.0 同 0
70.794 71.018 60.0 的 0
71.018 71.466 62.0 - 1
71.466 71.69 60.0 一 0
71.69 71.914 60.0 个 0
71.914 72.361 62.0 - 0
72.361 72.809 60.0 分 0
72.809 73.257 58.0 岔 0
73.257 74.152 67.0 路 0
74.152 75.048 65.0 口 1
75.331 75.778 65.0 如 0
75.778 76.226 63.0 果 0
76.226 76.674 62.0 从 0
76.674 77.122 63.0 此 0
77.122 77.793 62.0 双 0
77.793 78.465 58.0 手 1
78.557 79.005 58.0 不 0
79.005 79.453 57.0 能 0
79.453 79.9 58.0 再 0
79.9 80.348 60.0 和 0
80.348 80.796 67.0 你 0
80.796 81.02 64.0 紧 0
81.02 81.467 66.0 - 0
81.467 81.691 60.0 紧 0
81.691 82.139 62.0 - 0
82.139 82.587 58.0 相 0
82.587 83.482 58.0 握 1
84.085 84.309 55.0 就 0
84.309 84.757 63.0 让 0
84.757 84.981 62.0 我 0
84.981 85.204 62.0 再 0
85.204 85.652 63.0 - 0
85.652 86.1 62.0 拥 0
86.1 86.548 63.0 抱 0
86.548 86.995 62.0 一 0
86.995 87.667 63.0 秒 0
87.667 89.682 65.0 钟 1
90.643 91.09 58.0 爱 0
91.09 91.538 60.0 上 0
91.538 91.986 62.0 一 0
91.986 92.21 60.0 个 0
92.21 92.434 60.0 人 0
92.434 92.881 62.0 - 1
92.89 93.114 60.0 我 0
93.114 93.786 62.0 们 0
93.786 94.01 60.0 都 0
94.01 94.234 60.0 没 0
94.234 94.458 62.0 - 0
94.458 94.681 58.0 - 0
94.681 95.129 58.0 有 0
95.129 96.472 65.0 错 1
96.948 97.396 65.0 只 0
97.396 97.844 63.0 是 0
97.844 98.291 62.0 不 0
98.291 98.739 63.0 能 0
98.739 99.187 62.0 一 0
99.187 99.411 60.0 直 0
99.411 99.635 60.0 陪 0
99.635 100.083 62.0 - 0
100.083 100.306 60.0 着 0
100.306 100.53 60.0 你 0
100.53 100.978 62.0 - 1
101.009 101.457 60.0 走 0
101.457 101.905 58.0 到 0
101.905 102.8 67.0 最 0
102.8 103.696 65.0 后 1
104.014 104.462 65.0 如 0
104.462 104.91 63.0 果 0
104.91 105.358 62.0 我 0
105.358 105.805 63.0 的 0
105.805 106.477 62.0 心 0
106.477 107.149 58.0 痛 1
107.177 107.624 58.0 全 0
107.624 108.072 57.0 世 0
108.072 108.52 58.0 界 0
108.52 108.968 60.0 没 0
108.968 109.415 67.0 有 0
109.415 110.087 66.0 一 0
110.087 110.311 60.0 个 0
110.311 110.759 62.0 - 0
110.759 111.207 58.0 人 0
111.207 112.102 58.0 懂 1
112.74 112.964 55.0 我 0
112.964 113.411 63.0 也 0
113.411 113.635 62.0 不 0
113.635 113.859 62.0 后 0
113.859 114.307 63.0 - 0
114.307 114.755 62.0 悔 0
114.755 115.202 60.0 曾 0
115.202 115.65 58.0 经 0
115.65 116.546 57.0 爱 0
116.546 118.784 58.0 过 1
120.128 121.471 58.0 爱 0
121.471 121.919 58.0 是 0
121.919 122.367 57.0 否 0
122.367 122.814 58.0 充 0
122.814 123.038 58.0 满 0
123.038 123.262 60.0 - 0
123.262 123.486 58.0 - 0
123.486 123.71 58.0 诱 0
123.71 124.605 58.0 惑 1
125.137 125.585 58.0 是 0
125.585 126.033 57.0 否 0
126.033 126.48 58.0 让 0
126.48 126.704 58.0 人 0
126.704 127.152 60.0 - 0
127.152 127.376 62.0 沉 0
127.376 128.271 55.0 默 1
128.597 129.045 55.0 是 0
129.045 129.493 53.0 否 0
129.493 129.717 57.0 藏 0
129.717 130.388 58.0 在 0
130.388 130.836 62.0 心 0
130.836 131.06 62.0 底 0
131.06 131.508 63.0 - 0
131.508 132.179 63.0 某 0
132.179 132.627 65.0 个 0
132.627 133.523 62.0 角 0
133.523 133.97 60.0 落 1
134.415 135.758 58.0 我 0
135.758 136.206 58.0 不 0
136.206 136.654 57.0 敢 0
136.654 137.102 58.0 乱 0
137.102 137.326 58.0 说 0
137.326 137.773 60.0 - 0
137.773 137.997 58.0 出 0
137.997 138.893 58.0 口 1
139.599 139.823 58.0 不 0
139.823 140.271 57.0 敢 0
140.271 140.719 58.0 轻 0
140.719 140.943 58.0 易 0
140.943 141.39 60.0 - 0
141.39 141.614 62.0 触 0
141.614 142.062 62.0 摸 0
142.062 142.51 60.0 - 1
143.294 143.518 53.0 不 0
143.518 143.966 55.0 敢 0
143.966 144.19 53.0 怪 0
144.19 144.414 53.0 你 0
144.414 144.862 55.0 - 0
144.862 145.309 57.0 冷 0
145.309 147.1 58.0 落 1
147.944 148.392 58.0 害 0
148.392 148.839 60.0 怕 0
148.839 149.287 60.0 花 0
149.735 149.959 58.0 飘 0
149.959 150.407 60.0 - 0
150.407 151.526 60.0 落 1
151.572 152.02 58.0 害 0
152.02 152.468 60.0 怕 0
152.468 152.915 62.0 雨 0
153.363 153.587 58.0 坠 0
153.587 154.035 60.0 - 0
154.035 154.482 58.0 落 0
154.482 155.154 58.0 - 1
155.174 155.622 58.0 害 0
155.622 156.07 60.0 怕 0
156.07 156.517 60.0 竹 0
156.517 156.741 60.0 亭 0
156.741 157.413 60.0 落 1
157.749 158.196 62.0 有 0
158.196 158.42 60.0 人 0
158.42 158.868 60.0 在 0
158.868 159.092 58.0 - 0
159.092 159.54 58.0 等 0
159.54 161.331 65.0 我 1
162.161 162.609 58.0 爱 0
162.609 163.057 60.0 上 0
163.057 163.505 62.0 一 0
163.505 163.728 60.0 个 0
163.728 163.952 60.0 人 0
163.952 164.4 62.0 - 1
164.525 164.749 60.0 我 0
164.749 165.421 62.0 们 0
165.421 165.644 60.0 都 0
165.644 165.868 60.0 没 0
165.868 166.092 62.0 - 0
166.092 166.316 58.0 - 0
166.316 166.764 58.0 有 0
166.764 168.107 65.0 错 1
168.586 169.034 65.0 只 0
169.034 169.481 63.0 是 0
169.481 169.929 62.0 走 0
169.929 170.377 63.0 了 0
170.377 170.825 62.0 不 0
170.825 171.049 60.0 同 0
171.049 171.72 62.0 的 1
171.756 171.98 60.0 一 0
171.98 172.652 62.0 个 0
172.652 173.1 60.0 分 0
173.1 173.547 58.0 岔 0
173.547 173.995 67.0 路 0
173.995 174.891 65.0 口 1
175.769 176.217 65.0 如 0
176.217 176.665 63.0 果 0
176.665 177.112 62.0 从 0
177.112 177.56 63.0 此 0
177.56 178.232 62.0 双 0
178.232 178.903 58.0 手 1
178.923 179.371 58.0 不 0
179.371 179.819 57.0 能 0
179.819 180.267 58.0 再 0
180.267 180.714 60.0 和 0
180.714 181.162 67.0 你 0
181.162 181.386 64.0 紧 0
181.386 181.834 66.0 - 0
181.834 182.058 60.0 紧 0
182.058 182.506 62.0 - 0
182.506 182.953 58.0 相 0
182.953 183.849 58.0 握 1
184.44 184.664 55.0 就 0
184.664 185.112 63.0 让 0
185.112 185.336 62.0 我 0
185.336 185.56 62.0 再 0
185.56 186.008 63.0 - 0
186.008 186.455 62.0 拥 0
186.455 186.903 63.0 抱 0
186.903 187.351 62.0 一 0
187.351 188.023 63.0 秒 0
188.023 190.149 65.0 钟 1
190.856 191.304 58.0 爱 0
191.304 191.752 60.0 上 0
191.752 192.199 62.0 一 0
192.199 192.423 60.0 个 0
192.423 192.647 60.0 人 0
192.647 193.095 62.0 - 1
193.129 193.353 60.0 我 0
193.353 194.024 62.0 们 0
194.024 194.248 60.0 都 0
194.248 194.472 60.0 没 0
194.472 194.696 62.0 - 0
194.696 194.92 58.0 - 0
194.92 195.368 58.0 有 0
195.368 196.711 65.0 错 1
197.201 197.648 65.0 只 0
197.648 198.096 63.0 是 0
198.096 198.544 62.0 不 0
198.544 198.992 63.0 能 0
198.992 199.439 62.0 一 0
199.439 199.663 60.0 直 0
199.663 199.887 60.0 陪 0
199.887 200.335 62.0 - 0
200.335 200.559 60.0 着 0
200.559 200.783 60.0 你 0
200.783 201.23 62.0 - 1
201.255 201.703 60.0 走 0
201.703 202.151 58.0 到 0
202.151 202.711 67.0 最 0
202.711 203.158 67.0 - 0
203.158 204.166 65.0 后 1
204.436 204.884 65.0 如 0
204.884 205.331 63.0 果 0
205.331 205.779 62.0 我 0
205.779 206.227 63.0 的 0
206.227 206.899 62.0 心 0
206.899 207.57 58.0 痛 1
207.583 208.031 58.0 全 0
208.031 208.479 57.0 世 0
208.479 208.926 58.0 界 0
208.926 209.374 60.0 没 0
209.374 209.822 67.0 有 0
209.822 210.494 66.0 一 0
210.494 210.717 60.0 个 0
210.717 211.165 62.0 - 0
211.165 211.613 58.0 人 0
211.613 212.509 58.0 懂 1
213.066 213.29 55.0 我 0
213.29 213.738 63.0 也 0
213.738 213.962 62.0 不 0
213.962 214.186 62.0 后 0
214.186 214.633 63.0 - 0
214.633 215.081 62.0 悔 0
215.081 215.529 60.0 曾 0
215.529 215.977 58.0 经 0
215.977 216.872 57.0 爱 0
216.872 219.111 58.0 过 1
223.835 224.059 53.0 我 0
224.059 224.507 63.0 也 0
224.507 224.955 62.0 不 0
224.955 225.403 63.0 后 0
225.403 225.85 65.0 悔 0
226.074 226.522 58.0 曾 0
226.522 226.97 58.0 经 0
226.97 227.865 57.0 爱 0
229.209 233.91 58.0 过 1
236.741 239.091 61.0 嗯 0
239.091 241.666 60.0 - 0
241.666 243.793 58.0 - 1
