16.378 16.794 52.0 尚 0
16.794 17.211 56.0 好 0
17.211 17.628 54.0 的 0
17.628 18.044 56.0 青 0
18.044 18.878 57.0 春 0
18.878 19.294 56.0 都 0
19.294 19.711 54.0 是 0
19.711 20.961 59.0 你 1
21.753 22.17 63.0 再 0
22.17 22.587 64.0 遥 0
22.587 23.837 64.0 远 0
23.837 24.253 68.0 都 0
24.253 25.087 63.0 跟 0
25.087 25.92 61.0 随 0
25.92 27.587 59.0 你 1
28.79 29.206 59.0 若 0
29.206 29.623 61.0 滂 0
29.623 30.04 64.0 沱 0
30.04 30.456 64.0 大 0
30.456 30.873 61.0 雨 1
30.927 31.344 66.0 不 0
31.344 31.76 64.0 曾 0
31.76 32.177 63.0 见 0
32.177 32.594 64.0 证 1
32.722 33.138 59.0 海 0
33.138 33.555 66.0 角 0
33.555 33.972 66.0 相 0
34.18 34.388 63.0 偎 0
34.388 35.222 64.0 依 1
36.05 36.467 61.0 衣 0
36.467 36.883 59.0 角 0
36.883 37.3 61.0 怎 0
37.3 37.717 64.0 么 0
37.717 38.55 64.0 会 1
39.328 39.745 63.0 湿 0
40.162 40.578 61.0 淋 0
40.995 41.828 59.0 淋 1
42.959 43.376 52.0 尚 0
43.376 43.793 56.0 好 0
43.793 44.209 54.0 的 0
44.209 44.834 56.0 青 0
44.834 45.563 57.0 春 0
45.563 45.98 56.0 都 0
45.98 46.397 54.0 是 0
46.397 47.543 59.0 你 1
48.377 48.794 63.0 没 0
48.794 49.21 64.0 有 0
49.21 50.044 64.0 片 0
50.044 50.877 68.0 刻 0
50.877 52.127 63.0 不 0
52.127 52.96 61.0 想 0
52.96 54.21 59.0 你 1
55.49 55.907 59.0 就 0
55.907 56.324 61.0 算 0
56.324 56.74 64.0 能 0
56.74 57.157 64.0 真 0
57.157 57.574 61.0 在 0
57.574 57.99 66.0 对 0
57.99 58.407 64.0 的 0
58.407 58.824 63.0 时 0
58.824 59.24 64.0 间 1
59.377 59.794 59.0 遇 0
59.794 60.211 66.0 见 0
60.211 60.627 66.0 对 0
60.836 61.044 63.0 的 0
61.044 61.877 64.0 你 1
62.196 62.613 64.0 遗 0
62.613 63.029 68.0 失 0
63.029 63.446 66.0 的 0
63.446 63.863 68.0 青 0
63.863 64.279 66.0 春 0
64.279 64.904 68.0 怎 0
64.904 65.529 69.0 能 0
65.529 66.363 68.0 回 0
66.363 66.571 66.0 得 0
66.571 67.613 66.0 去 1
68.816 69.232 59.0 千 0
69.232 70.066 59.0 万 0
70.066 70.482 68.0 记 0
70.482 70.899 66.0 得 0
70.899 71.316 69.0 天 0
71.316 71.732 68.0 涯 0
71.732 72.149 64.0 有 0
72.149 72.566 66.0 人 0
72.566 73.816 68.0 在 0
73.816 74.232 66.0 等 0
74.232 75.066 66.0 你 1
76.035 76.868 59.0 风 0
76.868 77.285 68.0 再 0
77.285 77.702 66.0 疾 0
77.702 78.118 69.0 再 0
78.118 78.535 68.0 狂 0
78.535 78.952 64.0 我 0
78.952 79.368 66.0 也 0
79.368 80.618 68.0 不 0
80.618 81.035 66.0 放 0
81.035 81.868 66.0 弃 1
81.892 82.309 64.0 愿 0
82.309 82.726 63.0 为 0
82.726 83.559 61.0 你 1
83.56 83.977 73.0 直 0
83.977 84.393 71.0 到 0
84.393 84.81 71.0 有 0
84.81 85.227 69.0 一 0
85.227 85.643 68.0 刻 0
85.643 86.06 66.0 能 0
86.06 86.477 71.0 守 0
86.477 86.893 69.0 着 0
86.893 87.31 69.0 你 0
87.31 87.727 68.0 的 0
87.727 88.56 68.0 心 1
88.56 88.977 68.0 就 0
88.977 89.393 68.0 算 0
89.393 89.81 66.0 你 0
89.81 90.227 68.0 不 0
90.227 90.643 71.0 会 0
90.643 91.06 69.0 懂 0
91.06 91.685 69.0 也 0
91.685 92.31 68.0 不 0
92.31 92.727 66.0 会 0
92.727 93.143 64.0 可 0
93.143 95.227 66.0 惜 1
95.447 95.864 59.0 千 0
95.864 96.697 59.0 万 0
96.697 97.114 68.0 记 0
97.114 97.531 66.0 得 0
97.531 97.947 69.0 天 0
97.947 98.364 68.0 涯 0
98.364 98.781 64.0 有 0
98.781 99.197 66.0 人 0
99.197 100.447 68.0 在 0
100.447 100.864 66.0 等 0
100.864 101.697 66.0 待 1
102.255 102.672 59.0 路 0
102.672 103.505 59.0 程 0
103.505 103.922 68.0 再 0
103.922 104.338 66.0 多 0
104.338 104.755 69.0 遥 0
104.755 105.172 68.0 远 0
105.172 105.588 64.0 不 0
105.588 106.005 66.0 要 0
106.005 107.255 68.0 不 0
107.255 107.672 66.0 回 0
107.672 108.505 66.0 来 1
108.509 108.926 64.0 不 0
108.926 109.342 63.0 去 0
109.342 110.176 61.0 想 0
110.176 110.592 73.0 不 0
110.592 111.009 71.0 去 0
111.009 111.426 71.0 计 0
111.426 111.842 69.0 量 0
111.842 112.259 68.0 你 0
112.259 112.676 66.0 的 0
112.676 113.092 71.0 心 1
113.133 113.55 69.0 有 0
113.55 113.967 69.0 多 0
113.967 114.383 68.0 明 0
114.383 115.217 68.0 白 1
115.224 115.64 68.0 前 0
115.64 116.057 68.0 往 0
116.057 116.474 66.0 幸 0
116.474 116.89 68.0 福 0
116.89 117.307 71.0 的 0
117.307 117.724 69.0 路 0
117.724 118.349 69.0 有 0
118.349 118.974 68.0 多 0
118.974 119.39 66.0 少 0
119.39 119.807 64.0 阻 0
119.807 121.057 66.0 碍 1
122.112 122.529 64.0 就 0
122.529 122.945 68.0 算 0
122.945 123.362 64.0 给 0
123.362 123.779 64.0 你 0
123.779 124.195 61.0 的 0
124.195 124.612 64.0 爱 1
125.039 125.455 71.0 石 0
125.455 125.872 71.0 沉 0
125.872 126.289 71.0 大 0
126.289 126.705 71.0 海 0
126.705 127.539 64.0 - 1
128.968 129.384 64.0 青 0
129.384 129.801 68.0 春 0
129.801 130.218 64.0 飞 0
130.218 130.634 64.0 逝 0
130.634 131.051 61.0 就 0
131.051 131.468 64.0 再 1
131.843 132.26 71.0 找 0
132.26 132.677 73.0 不 0
132.677 133.093 71.0 回 0
133.093 135.177 64.0 来 1
148.111 148.528 52.0 尚 0
148.528 148.945 56.0 好 0
148.945 149.361 54.0 的 0
149.361 149.986 56.0 青 0
149.986 150.82 57.0 春 0
150.82 151.236 56.0 都 0
151.236 151.653 54.0 是 0
151.653 152.695 59.0 你 1
153.381 153.798 63.0 没 0
153.798 154.214 64.0 有 0
154.214 155.048 64.0 片 0
155.048 155.881 68.0 刻 0
155.881 156.714 63.0 不 0
156.714 157.131 61.0 想 0
157.131 157.548 61.0 - 0
157.548 158.798 59.0 你 1
160.506 160.923 59.0 就 0
160.923 161.34 61.0 算 0
161.34 161.756 64.0 能 0
161.756 162.173 64.0 真 0
162.173 162.59 61.0 在 0
162.59 163.006 66.0 对 0
163.006 163.423 64.0 的 0
163.423 163.84 63.0 时 0
163.84 164.256 64.0 间 1
164.328 164.745 59.0 遇 0
164.745 165.162 66.0 见 0
165.162 165.578 66.0 对 0
165.787 166.412 63.0 的 0
166.412 166.828 64.0 你 1
167.127 167.544 64.0 遗 0
167.544 167.96 68.0 失 0
167.96 168.377 66.0 的 0
168.377 168.794 68.0 青 0
168.794 169.21 66.0 春 0
169.21 169.835 68.0 怎 0
169.835 170.46 69.0 能 0
170.46 171.294 68.0 回 0
171.294 171.502 66.0 得 0
171.502 172.544 66.0 去 1
173.891 174.307 59.0 千 0
174.307 175.141 59.0 万 0
175.141 175.557 68.0 记 0
175.557 175.974 66.0 得 0
175.974 176.391 69.0 天 0
176.391 176.807 68.0 涯 0
176.807 177.224 64.0 有 0
177.224 177.641 66.0 人 0
177.641 178.891 68.0 在 0
178.891 179.307 66.0 等 0
179.307 180.141 66.0 你 1
180.882 181.715 59.0 风 0
181.715 182.132 68.0 再 0
182.132 182.549 66.0 疾 0
182.549 182.965 69.0 再 0
182.965 183.382 68.0 狂 0
183.382 183.799 64.0 我 0
183.799 184.215 66.0 也 0
184.215 185.465 68.0 不 0
185.465 185.882 66.0 放 0
185.882 186.715 66.0 弃 1
186.846 187.263 64.0 愿 0
187.263 187.68 63.0 为 0
187.68 188.513 61.0 你 1
188.537 188.954 73.0 直 0
188.954 189.37 71.0 到 0
189.37 189.787 71.0 有 0
189.787 190.204 69.0 一 0
190.204 190.62 68.0 刻 0
190.62 191.037 66.0 能 0
191.037 191.454 71.0 守 0
191.454 191.87 69.0 着 0
191.87 192.287 69.0 你 0
192.287 192.704 68.0 的 0
192.704 193.537 68.0 心 1
193.551 193.968 68.0 就 0
193.968 194.384 68.0 算 0
194.384 194.801 66.0 你 0
194.801 195.218 68.0 不 0
195.218 195.634 71.0 会 0
195.634 196.051 69.0 懂 1
196.051 196.676 69.0 也 0
196.676 197.301 68.0 不 0
197.301 197.718 66.0 会 0
197.718 198.134 64.0 可 0
198.134 200.218 66.0 惜 1
200.521 200.938 59.0 千 0
200.938 201.771 59.0 万 0
201.771 202.188 68.0 记 0
202.188 202.605 66.0 得 0
202.605 203.021 69.0 天 0
203.021 203.438 68.0 涯 0
203.438 203.855 64.0 有 0
203.855 204.271 66.0 人 0
204.271 205.521 68.0 在 0
205.521 205.938 66.0 等 0
205.938 206.355 66.0 待 0
206.355 206.771 68.0 - 1
207.209 207.626 59.0 路 0
207.626 208.459 59.0 程 0
208.459 208.876 68.0 再 0
208.876 209.292 66.0 多 0
209.292 209.709 69.0 遥 0
209.709 210.126 68.0 远 0
210.126 210.542 64.0 不 0
210.542 210.959 66.0 要 0
210.959 212.209 68.0 不 0
212.209 212.626 66.0 回 0
212.626 213.459 66.0 来 1
213.509 213.926 64.0 不 0
213.926 214.342 63.0 去 0
214.342 215.176 61.0 想 0
215.176 215.592 73.0 不 0
215.592 216.009 71.0 去 0
216.009 216.426 71.0 计 0
216.426 216.842 69.0 量 0
216.842 217.259 68.0 你 0
217.259 217.676 66.0 的 0
217.676 218.092 71.0 心 0
218.092 218.509 69.0 有 0
218.509 218.926 69.0 多 0
218.926 219.342 68.0 明 0
219.342 220.176 68.0 白 1
220.192 220.608 68.0 前 0
220.608 221.025 68.0 往 0
221.025 221.442 66.0 幸 0
221.442 221.858 68.0 福 0
221.858 222.275 71.0 的 0
222.275 222.692 69.0 路 0
222.692 223.317 69.0 有 0
223.317 223.942 68.0 多 0
223.942 224.358 66.0 少 0
224.358 224.775 64.0 阻 0
224.775 226.025 66.0 碍 1
227.196 227.613 64.0 就 0
227.613 228.029 68.0 算 0
228.029 228.446 64.0 给 0
228.446 228.863 64.0 你 0
228.863 229.279 61.0 的 0
229.279 229.696 64.0 爱 1
230.2 230.616 71.0 石 0
230.616 231.033 71.0 沉 0
231.033 231.45 71.0 大 0
231.45 231.866 71.0 海 0
231.866 232.7 64.0 - 1
233.891 234.307 64.0 青 0
234.307 234.932 68.0 春 0
234.932 235.141 64.0 飞 0
235.141 235.557 64.0 逝 0
235.557 235.974 61.0 就 0
235.974 236.391 64.0 再 1
236.753 237.274 71.0 找 0
237.274 237.691 73.0 不 0
237.795 238.212 71.0 回 0
238.212 240.087 64.0 来 1
