20.064 20.364 62.0 靠 0
20.364 20.664 62.0 近 0
20.664 20.964 62.0 你 0
21.564 21.864 66.0 就 0
21.864 22.164 64.0 觉 0
22.164 22.464 66.0 得 0
22.464 22.764 64.0 安 0
22.764 23.064 57.0 心 1
24.891 25.191 62.0 因 0
25.191 25.491 62.0 为 0
25.491 26.091 62.0 你 0
26.091 26.391 62.0 那 0
26.391 26.691 66.0 双 0
26.691 26.991 64.0 爱 0
26.991 27.291 66.0 笑 0
27.291 27.591 66.0 眼 0
27.591 28.191 66.0 睛 1
29.021 29.621 59.0 你 0
29.621 30.221 66.0 - 0
30.221 30.821 64.0 笑 0
30.821 31.117 61.0 我 0
31.117 31.414 59.0 猫 0
31.414 32.014 57.0 一 0
32.014 32.614 64.0 样 0
32.614 33.214 62.0 好 1
33.265 33.565 64.0 聪 0
33.565 33.865 66.0 - 0
33.865 34.165 66.0 明 0
34.165 34.465 66.0 里 0
34.465 34.765 67.0 偏 0
34.765 35.065 66.0 又 0
35.065 35.665 67.0 透 0
35.665 35.965 62.0 着 0
35.965 37.465 64.0 傻 1
39.293 39.593 62.0 Da 0
39.593 40.193 62.0 ring 0
40.493 40.793 62.0 我 0
40.793 41.093 64.0 想 0
41.093 41.693 64.0 告 0
41.693 41.993 69.0 诉 0
41.993 42.293 69.0 你 1
44.011 44.311 62.0 其 0
44.311 44.611 62.0 实 0
44.611 45.211 62.0 我 0
45.211 45.511 62.0 比 0
45.511 45.811 62.0 你 0
45.811 46.111 71.0 爱 0
46.111 46.411 69.0 - 0
46.411 46.711 69.0 我 0
46.711 47.311 64.0 更 0
47.311 47.911 62.0 爱 0
47.911 48.811 59.0 你 1
48.869 49.169 59.0 善 0
49.169 49.469 62.0 解 0
49.469 49.769 64.0 人 0
49.769 50.669 64.0 意 0
51.269 51.569 57.0 浪 0
51.569 51.869 61.0 漫 0
51.869 52.169 64.0 话 0
52.169 52.769 62.0 语 1
52.775 53.075 66.0 仿 0
53.075 53.375 66.0 佛 0
53.375 53.675 66.0 一 0
53.675 53.975 67.0 切 0
53.975 54.275 66.0 命 0
54.275 54.875 67.0 中 0
54.875 55.175 62.0 注 0
55.175 56.375 64.0 定 1
56.375 56.675 64.0 你 0
56.675 56.975 64.0 的 0
56.975 57.275 62.0 - 0
57.275 57.875 62.0 体 0
57.875 58.775 69.0 贴 0
58.775 59.075 69.0 温 0
59.075 59.375 69.0 暖 0
59.375 59.675 67.0 了 0
59.675 59.975 67.0 我 0
59.975 60.275 66.0 的 0
60.275 60.875 64.0 心 1
61.03 61.33 69.0 就 0
61.33 61.63 69.0 - 0
61.63 61.93 67.0 像 0
61.93 62.23 66.0 夏 0
62.23 62.53 64.0 天 0
62.53 63.13 62.0 的 0
63.13 63.43 62.0 风 0
63.43 63.73 64.0 吹 0
63.807 64.107 64.0 过 1
64.107 64.407 62.0 那 0
64.407 65.007 62.0 - 0
65.007 65.307 64.0 么 0
65.307 65.607 62.0 凉 0
65.607 66.207 62.0 - 0
66.207 66.507 69.0 爽 0
66.507 66.807 69.0 安 0
66.807 67.107 69.0 - 0
67.107 67.407 66.0 静 0
67.432 68.032 67.0 - 1
68.032 68.332 67.0 我 0
68.332 68.632 66.0 轻 0
68.632 69.232 64.0 轻 0
69.232 69.832 67.0 依 0
69.832 70.132 66.0 偎 0
70.132 70.432 67.0 在 0
70.432 70.732 66.0 你 0
70.732 71.032 64.0 的 0
71.032 71.632 62.0 怀 0
71.651 71.951 62.0 里 1
71.951 72.251 64.0 天 0
72.251 72.551 66.0 空 0
72.551 72.851 59.0 挂 0
72.851 73.151 59.0 - 0
73.451 73.751 66.0 祝 0
73.751 74.051 67.0 - 0
74.051 74.351 66.0 福 0
74.351 74.651 67.0 的 0
74.651 74.951 66.0 星 0
74.951 75.251 64.0 星 1
75.404 75.704 64.0 你 0
75.704 76.004 64.0 - 0
76.004 76.304 62.0 的 0
76.304 76.904 62.0 - 0
76.904 77.804 69.0 体 0
77.804 78.104 69.0 贴 0
78.104 78.404 69.0 温 0
78.404 78.704 67.0 暖 0
78.704 79.004 67.0 了 0
79.004 79.304 66.0 我 0
79.304 79.904 64.0 的 1
80.32 80.62 69.0 就 0
80.62 80.92 69.0 - 0
80.92 81.22 67.0 像 0
81.22 81.52 66.0 倾 0
81.52 81.82 64.0 盆 0
81.82 82.42 62.0 大 1
82.48 82.78 62.0 舍 0
82.78 83.08 64.0 - 0
83.08 83.38 66.0 不 0
83.38 83.68 62.0 得 0
83.68 84.28 62.0 - 0
84.28 84.88 71.0 淋 0
84.88 85.18 73.0 湿 0
85.18 85.48 69.0 爱 0
85.48 85.78 69.0 - 0
85.78 86.08 66.0 你 0
86.08 86.38 66.0 - 0
86.38 86.68 69.0 的 0
86.68 87.28 71.0 心 1
87.759 88.359 62.0 我 0
88.359 88.959 71.0 要 0
88.959 89.259 73.0 唱 0
89.259 89.559 69.0 - 0
89.559 89.859 69.0 给 0
89.859 90.159 73.0 你 0
90.159 90.459 73.0 听 0
90.459 91.059 74.0 - 1
91.127 91.427 66.0 陶 0
91.427 91.727 67.0 醉 0
91.727 92.027 69.0 在 0
92.027 92.327 66.0 你 0
92.327 92.627 64.0 给 0
92.627 93.227 62.0 的 0
93.227 93.527 64.0 甜 0
93.527 93.827 62.0 - 0
93.827 95.027 62.0 蜜 1
107.213 107.513 66.0 da 0
107.513 107.813 67.0 - 0
107.813 108.113 69.0 la 0
108.113 109.013 69.0 la 0
109.013 109.913 67.0 la 0
109.913 110.513 66.0 la 0
110.513 110.813 66.0 la 0
110.813 111.713 67.0 la 0
112.013 112.313 67.0 la 0
112.428 112.728 69.0 - 1
112.728 113.028 70.0 la 0
113.028 113.928 70.0 la 0
113.928 114.828 69.0 la 0
114.828 115.428 67.0 la 0
115.428 115.728 67.0 la 0
115.728 116.328 69.0 la 0
116.328 117.228 74.0 la 0
117.228 117.828 69.0 la 0
117.828 119.328 76.0 la 0
119.328 121.428 74.0 la 1
125.525 125.825 62.0 Da 0
125.825 126.425 62.0 ring 0
126.725 127.025 62.0 我 0
127.025 127.325 62.0 想 0
127.325 127.925 64.0 告 0
127.925 128.225 69.0 诉 0
128.225 128.525 69.0 你 1
130.378 130.678 62.0 其 0
130.678 130.978 62.0 实 0
130.978 131.578 62.0 我 0
131.578 131.878 62.0 比 0
131.878 132.178 62.0 你 0
132.178 132.478 71.0 爱 0
132.478 132.778 69.0 - 0
132.778 133.078 69.0 我 0
133.078 133.678 64.0 更 0
133.678 134.278 62.0 爱 0
134.278 135.178 59.0 你 1
135.189 135.489 59.0 善 0
135.489 135.789 62.0 解 0
135.789 136.089 66.0 人 0
136.089 136.989 64.0 意 0
137.589 137.889 57.0 浪 0
137.889 138.189 61.0 漫 0
138.189 138.489 64.0 话 0
138.489 139.089 62.0 语 1
139.115 139.415 66.0 仿 0
139.415 139.715 67.0 佛 0
139.715 140.015 66.0 一 0
140.015 140.315 67.0 切 0
140.315 140.615 66.0 命 0
140.615 141.215 67.0 中 0
141.215 141.515 62.0 注 0
141.515 142.715 64.0 定 1
142.731 143.031 64.0 你 0
143.031 143.331 64.0 的 0
143.331 143.631 62.0 - 0
143.631 144.231 62.0 体 0
144.231 145.131 69.0 贴 0
145.131 145.431 69.0 温 0
145.431 145.731 69.0 暖 0
145.731 146.031 67.0 了 0
146.031 146.331 67.0 我 0
146.331 146.631 66.0 的 0
146.631 147.231 64.0 心 1
147.458 147.758 69.0 就 0
147.758 148.058 69.0 像 0
148.058 148.358 67.0 夏 0
148.358 148.658 66.0 天 0
148.658 148.958 64.0 的 0
148.958 149.558 62.0 风 0
149.558 149.858 62.0 吹 0
149.858 150.158 64.0 过 1
150.285 150.585 66.0 那 0
150.585 150.885 62.0 - 0
150.885 151.485 62.0 么 0
151.485 151.785 66.0 凉 0
151.785 152.085 62.0 - 0
152.085 152.685 62.0 爽 0
152.685 152.985 71.0 安 0
152.985 153.285 69.0 - 0
153.285 153.585 69.0 静 0
153.585 153.885 66.0 - 1
153.894 154.494 67.0 我 0
154.494 154.794 67.0 轻 0
154.794 155.094 66.0 轻 0
155.094 155.694 64.0 依 0
155.694 156.294 67.0 偎 0
156.294 156.594 66.0 在 0
156.594 156.894 67.0 你 0
156.894 157.194 66.0 的 0
157.194 157.494 64.0 怀 0
157.494 158.094 62.0 里 1
158.096 158.396 62.0 天 0
158.396 158.696 64.0 空 0
158.696 158.996 66.0 挂 0
158.996 159.296 59.0 - 0
159.296 159.596 59.0 满 0
159.896 160.196 66.0 祝 0
160.196 160.496 67.0 福 0
160.496 160.796 66.0 的 0
160.796 161.096 67.0 星 0
161.096 161.396 66.0 星 0
161.396 161.696 64.0 - 1
161.876 162.176 64.0 你 0
162.176 162.476 64.0 - 0
162.476 162.776 62.0 的 0
162.776 163.376 62.0 - 0
163.376 164.276 69.0 体 0
164.276 164.576 69.0 贴 0
164.576 164.876 69.0 温 0
164.876 165.176 67.0 暖 0
165.176 165.476 67.0 了 0
165.476 165.776 66.0 我 0
165.776 166.376 64.0 的 1
166.648 166.948 69.0 就 0
166.948 167.248 69.0 - 0
167.248 167.548 67.0 像 0
167.548 167.848 66.0 倾 0
167.848 168.148 64.0 盆 0
168.148 168.748 62.0 大 1
168.85 169.15 62.0 舍 0
169.15 169.45 64.0 - 0
169.45 169.75 66.0 不 0
169.75 170.05 62.0 得 0
170.05 170.65 62.0 - 0
170.65 171.25 71.0 淋 0
171.25 171.55 73.0 湿 0
171.55 171.85 69.0 爱 0
171.85 172.15 69.0 - 0
172.15 172.45 66.0 你 0
172.45 172.75 66.0 - 0
172.75 173.05 69.0 的 0
173.05 173.65 71.0 心 1
174.16 174.76 62.0 我 0
174.76 175.36 71.0 - 0
175.36 175.66 73.0 要 0
175.66 175.96 69.0 唱 0
175.96 176.26 69.0 - 0
176.26 176.56 73.0 给 0
176.56 176.86 73.0 你 0
176.86 177.46 74.0 听 1
177.589 177.889 66.0 陶 0
177.889 178.189 67.0 醉 0
178.189 178.489 69.0 在 0
178.489 178.789 66.0 你 0
178.789 179.089 64.0 给 0
179.089 179.689 62.0 的 0
179.689 179.989 64.0 甜 0
179.989 180.289 62.0 - 0
180.289 181.189 62.0 蜜 1
181.191 181.491 64.0 你 0
181.491 181.791 64.0 - 0
181.791 182.091 62.0 的 0
182.091 182.691 62.0 - 0
182.691 183.591 69.0 体 0
183.591 183.891 69.0 贴 0
183.891 184.191 69.0 温 0
184.191 184.491 67.0 暖 0
184.491 184.791 67.0 了 0
184.791 185.091 66.0 我 0
185.091 185.691 64.0 的 1
185.853 186.153 69.0 就 0
186.153 186.453 69.0 - 0
186.453 186.753 67.0 像 0
186.753 187.053 66.0 夏 0
187.053 187.353 64.0 天 0
187.353 187.953 62.0 的 0
187.953 188.253 62.0 风 0
188.253 188.553 64.0 吹 1
188.644 188.944 66.0 那 0
188.944 189.244 62.0 - 0
189.244 189.844 62.0 - 0
189.844 190.144 66.0 么 0
190.144 190.444 62.0 凉 0
190.444 191.044 62.0 - 0
191.044 191.344 71.0 爽 0
191.344 191.644 69.0 安 0
191.644 191.944 69.0 - 0
191.944 192.244 66.0 静 0
192.281 192.881 67.0 - 1
192.881 193.181 67.0 我 0
193.181 193.481 66.0 轻 0
193.481 194.081 64.0 轻 0
194.081 194.681 67.0 依 0
194.681 194.981 66.0 偎 0
194.981 195.281 67.0 在 0
195.281 195.581 66.0 你 0
195.581 195.881 64.0 的 0
195.881 196.481 62.0 怀 0
196.488 196.788 62.0 里 1
196.788 197.088 64.0 天 0
197.088 197.388 66.0 空 0
197.388 197.688 59.0 挂 0
197.688 197.988 59.0 - 0
198.288 198.588 66.0 祝 0
198.588 198.888 67.0 - 0
198.888 199.188 66.0 福 0
199.188 199.488 67.0 的 0
199.488 199.788 66.0 星 0
199.788 200.088 64.0 星 1
200.289 200.589 64.0 你 0
200.589 200.889 64.0 - 0
200.889 201.189 62.0 的 0
201.189 201.789 62.0 - 0
201.789 202.689 69.0 体 0
202.689 202.989 69.0 贴 0
202.989 203.289 69.0 温 0
203.289 203.589 67.0 暖 0
203.589 203.889 67.0 了 0
203.889 204.189 66.0 我 0
204.189 204.789 64.0 的 1
205.078 205.378 69.0 就 0
205.378 205.678 69.0 - 0
205.678 205.978 67.0 像 0
205.978 206.278 66.0 倾 0
206.278 206.578 64.0 盆 0
206.578 207.178 62.0 大 0
207.204 207.504 62.0 雨 1
207.504 207.804 64.0 舍 0
207.804 208.104 66.0 不 0
208.104 208.404 62.0 得 0
208.404 209.004 62.0 - 0
209.004 209.604 71.0 淋 0
209.604 209.904 73.0 湿 0
209.904 210.204 69.0 爱 0
210.204 210.504 69.0 - 0
210.504 210.804 66.0 你 0
210.804 211.104 66.0 - 0
211.104 211.404 69.0 的 0
211.404 212.004 71.0 心 1
212.548 213.148 62.0 我 0
213.148 213.748 71.0 - 0
213.748 214.048 73.0 要 0
214.048 214.348 69.0 唱 0
214.348 214.648 69.0 - 0
214.648 214.948 73.0 给 0
214.948 215.248 73.0 你 0
215.248 215.848 74.0 听 1
215.883 216.183 66.0 陶 0
216.183 216.486 67.0 - 0
216.486 216.789 69.0 醉 0
216.789 217.092 66.0 在 0
217.092 217.395 64.0 你 0
217.395 218.002 62.0 给 0
218.002 218.305 64.0 的 0
218.305 218.608 62.0 甜 0
218.608 219.82 62.0 - 1
220.777 221.08 66.0 陶 0
221.08 221.526 67.0 醉 0
221.526 221.972 69.0 在 0
221.972 222.331 66.0 你 0
222.331 222.689 64.0 给 0
222.689 224.059 62.0 的 0
225.43 225.88 64.0 甜 0
225.88 226.91 64.0 - 0
226.91 229.31 62.0 蜜 1
