18.447 18.745 52.0 背 0
18.747 19.045 52.0 靠 0
19.047 19.345 54.0 着 0
19.347 19.945 57.0 背 0
19.947 20.245 57.0 坐 0
20.247 20.545 57.0 在 0
20.547 20.845 57.0 地 0
20.847 21.145 54.0 - 0
21.147 21.445 54.0 毯 0
21.447 22.645 61.0 上 1
23.174 23.472 52.0 听 0
23.474 23.772 54.0 听 0
23.774 24.372 57.0 音 0
24.374 24.672 57.0 乐 0
24.674 24.972 57.0 聊 0
24.974 25.872 57.0 聊 0
25.874 26.172 61.0 愿 0
26.174 27.672 64.0 望 1
28.66 28.958 64.0 你 0
28.96 29.258 64.0 希 0
29.26 29.558 64.0 望 0
29.56 29.858 64.0 我 0
29.86 30.158 64.0 越 0
30.16 30.758 66.0 来 0
30.76 31.058 64.0 越 0
31.06 31.658 61.0 温 0
31.66 32.558 57.0 柔 1
32.719 33.017 57.0 我 0
33.019 33.317 57.0 希 0
33.319 33.617 54.0 望 0
33.619 34.217 57.0 你 0
34.219 34.517 57.0 放 0
34.519 34.817 54.0 我 0
34.819 34.967 57.0 在 0
35.119 35.417 59.0 心 0
35.419 35.717 59.0 - 0
35.719 36.917 59.0 上 1
40.044 40.342 52.0 你 0
40.344 40.642 54.0 说 0
40.644 41.242 57.0 想 0
41.244 41.542 57.0 送 0
41.544 41.842 57.0 我 0
41.844 42.142 57.0 个 0
42.144 42.442 57.0 浪 0
42.444 42.742 57.0 漫 0
42.744 43.042 54.0 的 0
43.044 43.642 59.0 梦 0
43.644 44.542 61.0 想 1
44.793 45.091 52.0 谢 0
45.093 45.391 54.0 谢 0
45.393 45.691 57.0 我 0
45.993 46.291 57.0 带 0
46.293 46.591 57.0 你 0
46.593 46.891 57.0 找 0
46.893 47.491 57.0 到 0
47.493 47.791 61.0 天 0
47.793 48.691 64.0 堂 1
50.125 50.423 64.0 哪 0
50.425 50.723 64.0 怕 0
50.725 51.023 64.0 用 0
51.025 51.323 66.0 一 0
51.325 51.623 64.0 辈 0
51.625 52.223 66.0 子 0
52.225 52.523 64.0 才 0
52.525 52.823 64.0 能 0
52.825 53.423 59.0 完 0
53.425 54.023 57.0 成 1
54.461 54.759 54.0 只 0
54.761 55.059 54.0 要 0
55.061 55.359 57.0 我 0
55.361 55.659 52.0 讲 0
55.961 56.259 61.0 你 0
56.261 56.559 59.0 就 0
56.561 56.859 57.0 记 0
57.161 57.459 54.0 住 0
57.461 58.059 57.0 不 0
58.061 59.559 57.0 忘 1
61.659 61.957 64.0 我 0
61.959 62.257 66.0 能 0
62.259 62.557 69.0 想 0
62.559 63.157 66.0 到 0
63.159 63.457 66.0 最 0
63.459 63.757 64.0 浪 0
63.759 64.057 66.0 漫 0
64.059 64.357 64.0 - 0
64.359 64.657 61.0 的 0
64.659 66.157 64.0 事 1
66.315 66.613 64.0 就 0
66.615 66.913 66.0 是 0
66.915 67.213 69.0 和 0
67.215 67.513 66.0 你 0
67.815 68.113 66.0 一 0
68.115 68.413 64.0 起 0
68.415 68.713 66.0 慢 0
68.715 69.013 64.0 慢 0
69.015 69.313 61.0 变 0
69.315 69.613 59.0 - 0
69.615 70.813 57.0 老 1
71.239 71.537 57.0 一 0
71.539 71.837 59.0 路 0
71.839 72.137 61.0 上 0
72.139 72.437 59.0 收 0
72.439 72.737 59.0 藏 0
72.739 73.037 59.0 点 0
73.039 73.337 57.0 点 0
73.339 73.637 59.0 滴 0
73.639 73.937 57.0 滴 0
73.939 74.237 54.0 的 0
74.239 74.837 61.0 欢 0
74.839 75.437 59.0 笑 1
75.967 76.265 64.0 留 0
76.267 76.565 66.0 到 0
76.567 76.865 61.0 以 0
76.867 77.465 64.0 后 0
77.467 77.765 64.0 坐 0
77.767 78.065 61.0 着 0
78.067 78.365 64.0 摇 0
78.367 78.665 61.0 椅 0
79.267 79.565 66.0 慢 0
79.567 79.865 64.0 - 0
79.867 80.165 66.0 慢 0
80.167 80.465 64.0 - 0
80.467 80.765 64.0 聊 1
80.801 81.099 64.0 我 0
81.101 81.399 66.0 能 0
81.401 81.699 69.0 想 0
81.701 82.299 66.0 到 0
82.301 82.599 66.0 最 0
82.601 82.899 64.0 浪 0
82.901 83.199 66.0 漫 0
83.201 83.499 64.0 的 0
83.501 84.699 64.0 事 1
85.637 85.935 64.0 就 0
85.937 86.235 66.0 是 0
86.237 86.535 69.0 和 0
86.537 86.835 66.0 你 0
87.137 87.435 66.0 一 0
87.437 87.735 64.0 起 0
87.737 88.035 66.0 慢 0
88.037 88.335 64.0 慢 0
88.337 88.635 61.0 变 0
88.637 88.935 59.0 - 0
88.937 90.135 57.0 老 1
90.334 90.632 57.0 直 0
90.634 90.932 59.0 到 0
90.934 91.232 61.0 我 0
91.234 91.532 62.0 们 0
91.834 92.132 62.0 老 0
92.134 92.432 64.0 的 0
92.434 92.732 66.0 哪 0
92.734 93.032 64.0 儿 0
93.034 93.332 64.0 也 0
93.334 93.932 66.0 去 0
93.934 94.232 69.0 不 0
94.234 94.532 66.0 - 0
94.534 95.132 66.0 了 1
95.234 95.532 69.0 你 0
95.534 95.832 68.0 还 0
95.834 96.132 66.0 依 0
96.134 96.432 64.0 - 0
96.434 97.032 64.0 然 0
97.334 97.632 64.0 把 0
97.634 97.932 54.0 我 0
97.934 98.232 66.0 当 0
98.234 99.132 64.0 成 0
99.734 100.032 64.0 手 0
100.034 100.332 66.0 心 0
100.334 100.632 69.0 里 0
100.634 100.932 61.0 的 0
100.934 101.832 59.0 宝 0
101.834 102.732 57.0 - 1
119.232 119.53 64.0 我 0
119.532 119.83 66.0 能 0
119.832 120.13 69.0 想 0
120.132 120.73 66.0 到 0
120.732 121.03 66.0 最 0
121.032 121.33 64.0 浪 0
121.332 121.63 66.0 漫 0
121.632 121.93 64.0 - 0
121.932 122.23 61.0 的 0
122.232 123.73 64.0 事 1
123.965 124.263 64.0 就 0
124.265 124.563 66.0 是 0
124.565 124.863 69.0 和 0
124.865 125.463 71.0 你 0
125.465 125.763 71.0 一 0
125.765 126.063 69.0 起 0
126.065 126.363 71.0 慢 0
126.365 126.663 71.0 慢 0
126.665 126.963 73.0 变 0
126.965 127.263 66.0 - 0
127.265 128.463 64.0 老 1
128.735 129.033 57.0 直 0
129.035 129.333 59.0 到 0
129.335 129.633 61.0 我 0
129.635 129.933 62.0 们 0
130.235 130.533 62.0 老 0
130.535 130.833 64.0 的 0
130.835 131.133 66.0 哪 0
131.435 131.733 64.0 也 0
131.735 132.333 66.0 去 0
132.335 132.633 69.0 不 0
132.635 132.933 66.0 - 0
132.935 133.533 66.0 了 1
133.675 133.973 69.0 你 0
133.975 134.273 68.0 还 0
134.275 134.573 66.0 依 0
134.575 134.873 64.0 - 0
134.875 135.473 64.0 然 0
135.775 136.073 64.0 把 0
136.075 136.373 54.0 我 0
136.375 136.673 66.0 当 0
136.675 137.573 64.0 成 0
138.175 138.473 64.0 手 0
138.475 138.773 66.0 心 0
138.775 139.073 69.0 里 0
139.075 139.373 61.0 的 0
139.375 140.273 59.0 宝 0
140.275 141.173 57.0 - 1
