16.347 16.618 59.0 舍 0
16.62 16.89 57.0 不 0
16.893 17.163 56.0 得 0
17.165 18.254 56.0 你 0
18.256 18.527 56.0 的 0
18.529 18.799 54.0 人 0
18.802 19.072 56.0 是 0
19.074 20.694 52.0 我 1
20.717 20.985 61.0 离 0
20.987 21.255 63.0 不 0
21.258 21.526 63.0 开 0
21.528 22.339 64.0 你 0
22.339 22.607 63.0 - 0
22.609 22.877 63.0 的 0
22.879 23.147 61.0 人 0
23.15 23.418 63.0 是 0
23.42 25.039 59.0 我 1
25.045 25.313 61.0 想 0
25.316 25.584 63.0 着 0
25.586 26.129 64.0 你 0
26.131 26.402 64.0 的 0
26.404 26.947 64.0 人 0
26.95 27.22 61.0 哦 0
27.222 27.493 63.0 - 0
27.495 27.765 61.0 - 0
27.768 28.311 59.0 是 0
28.313 28.584 61.0 - 0
28.586 29.402 52.0 我 1
29.407 29.678 49.0 牵 0
29.68 29.95 52.0 挂 0
29.953 30.223 52.0 你 0
30.225 30.496 54.0 的 0
30.498 30.768 54.0 人 0
30.771 31.041 56.0 是 0
31.043 31.587 54.0 我 0
31.589 31.859 52.0 是 0
31.862 33.768 54.0 我 1
33.768 34.038 59.0 忘 0
34.04 34.311 57.0 不 0
34.313 34.584 56.0 了 0
34.586 35.675 56.0 你 0
35.677 35.947 56.0 的 0
35.95 36.22 54.0 人 0
36.222 36.493 56.0 是 0
36.495 38.129 52.0 我 1
38.13 38.401 61.0 看 0
38.403 38.674 63.0 不 0
38.676 38.944 64.0 够 0
38.946 40.025 64.0 你 0
40.027 40.295 66.0 的 0
40.297 40.566 63.0 人 0
40.568 40.836 61.0 是 0
40.838 42.457 59.0 我 1
42.457 42.725 61.0 体 0
42.727 42.995 63.0 帖 0
42.997 43.535 64.0 你 0
43.538 43.806 64.0 的 0
43.808 44.617 64.0 人 1
44.624 44.892 63.0 关 0
44.894 45.162 61.0 心 0
45.164 45.435 59.0 你 0
45.437 45.708 59.0 的 0
45.71 45.983 61.0 - 0
45.983 46.798 52.0 人 1
46.801 47.071 49.0 是 0
47.073 47.344 52.0 我 0
47.346 47.617 54.0 是 0
47.619 48.435 54.0 我 0
48.437 48.98 59.0 还 0
48.983 49.253 54.0 是 0
49.255 50.617 52.0 我 1
51.326 51.597 52.0 哦 0
51.599 52.415 64.0 也 0
52.417 52.96 64.0 许 0
53.235 53.506 64.0 前 0
53.508 53.778 64.0 世 0
53.781 54.187 63.0 欠 0
54.19 54.597 59.0 你 0
54.599 54.869 56.0 情 0
54.872 55.142 59.0 太 0
55.144 55.687 61.0 多 1
55.962 56.23 57.0 欠 0
56.233 56.501 57.0 你 0
56.503 56.771 57.0 的 0
56.773 57.041 57.0 情 0
57.044 57.447 57.0 太 0
57.449 57.852 59.0 多 0
57.854 58.122 59.0 太 0
58.125 58.393 61.0 - 0
58.395 58.598 59.0 - 0
58.598 59.341 59.0 多 1
59.681 59.949 52.0 就 0
59.952 60.22 52.0 算 0
60.222 60.49 64.0 送 0
60.492 60.76 64.0 我 0
60.762 61.03 64.0 一 0
61.033 61.571 64.0 个 0
61.573 61.841 64.0 明 0
61.843 62.111 66.0 媚 0
62.114 62.382 64.0 的 0
62.384 62.922 63.0 春 0
62.924 63.193 59.0 - 0
63.195 64.274 61.0 天 1
64.437 64.57 61.0 我 0
64.572 64.705 63.0 也 0
64.707 64.976 64.0 不 0
64.979 65.248 61.0 会 0
65.25 65.519 64.0 觉 0
65.522 66.062 61.0 得 0
66.065 66.334 64.0 拥 0
66.336 66.605 61.0 有 0
66.608 66.877 64.0 花 0
66.879 68.24 59.0 朵 1
68.504 68.775 59.0 最 0
68.777 69.048 57.0 了 0
69.05 69.32 56.0 解 0
69.323 70.411 56.0 你 0
70.414 70.684 56.0 的 0
70.686 70.957 54.0 人 0
70.959 71.229 56.0 是 0
71.232 72.32 52.0 我 1
72.812 73.083 61.0 最 0
73.085 73.358 63.0 心 0
73.358 73.628 64.0 疼 0
73.63 74.719 64.0 你 0
74.721 74.992 63.0 的 0
74.994 75.264 61.0 人 0
75.267 75.537 63.0 是 0
75.539 76.628 59.0 我 1
77.157 77.427 61.0 相 0
77.429 77.7 63.0 信 0
77.702 77.973 63.0 你 0
77.975 78.245 64.0 - 0
78.248 78.518 64.0 的 0
78.52 79.064 64.0 人 0
79.066 79.336 63.0 - 0
79.339 79.609 63.0 祝 0
79.611 79.882 61.0 福 0
79.884 80.154 59.0 你 0
80.157 80.427 59.0 的 0
80.429 80.7 61.0 人 0
80.702 80.973 52.0 - 1
81.598 81.869 49.0 是 0
81.871 82.142 52.0 我 0
82.144 82.414 54.0 是 0
82.417 83.232 54.0 我 0
83.235 83.712 59.0 还 0
83.78 84.051 54.0 是 0
84.053 85.414 52.0 我 1
107.522 107.802 59.0 舍 0
107.805 108.085 57.0 不 0
108.087 108.357 56.0 得 0
108.36 109.448 56.0 你 0
109.451 109.721 56.0 的 0
109.723 109.994 54.0 人 0
109.996 110.267 56.0 是 0
110.269 111.903 52.0 我 1
111.96 112.231 61.0 离 0
112.233 112.503 63.0 不 0
112.506 112.776 64.0 开 0
112.778 113.597 64.0 你 0
113.597 113.867 63.0 - 0
113.869 114.14 63.0 的 0
114.142 114.412 61.0 人 0
114.415 114.685 63.0 是 0
114.687 116.322 59.0 我 1
116.342 116.612 61.0 想 0
116.615 116.885 63.0 着 0
116.887 117.43 64.0 你 0
117.433 117.703 64.0 的 0
117.705 118.249 64.0 人 0
118.251 118.521 61.0 哦 0
118.524 118.794 63.0 - 0
118.796 119.067 61.0 - 0
119.069 119.612 59.0 是 0
119.615 119.885 61.0 - 0
119.887 120.703 52.0 我 1
120.765 121.036 49.0 牵 0
121.038 121.309 52.0 挂 0
121.311 121.581 54.0 你 0
121.584 121.854 54.0 的 0
121.856 122.127 54.0 人 0
122.129 122.4 56.0 是 0
122.402 122.945 54.0 我 0
122.947 123.218 52.0 是 0
123.22 124.581 54.0 我 1
125.119 125.39 59.0 忘 0
125.392 125.662 57.0 不 0
125.665 125.935 56.0 了 0
125.937 127.024 56.0 你 0
127.027 127.296 56.0 的 0
127.298 127.567 54.0 人 0
127.569 127.838 56.0 是 0
127.84 129.466 52.0 我 1
129.466 129.735 61.0 看 0
129.737 130.006 63.0 不 0
130.008 130.277 64.0 够 0
130.28 131.362 64.0 你 0
131.365 131.634 66.0 的 0
131.636 131.905 63.0 人 0
131.907 132.176 61.0 是 0
132.178 133.804 59.0 我 1
133.815 134.084 61.0 体 0
134.086 134.355 63.0 帖 0
134.357 134.898 64.0 你 0
134.9 135.983 64.0 的 0
135.985 136.254 63.0 人 1
136.254 136.523 61.0 关 0
136.525 136.794 59.0 心 0
136.797 137.066 59.0 你 0
137.068 137.337 61.0 的 0
137.339 137.879 52.0 人 1
138.112 138.381 49.0 是 0
138.383 138.652 52.0 我 0
138.654 138.923 54.0 是 0
138.926 139.466 54.0 我 0
139.739 140.28 59.0 还 0
140.282 140.551 54.0 是 0
140.553 141.907 52.0 我 1
142.672 142.941 52.0 哦 0
142.943 143.755 64.0 也 0
143.757 144.297 64.0 许 0
144.3 144.569 64.0 来 0
144.571 144.84 66.0 - 0
144.842 145.111 64.0 世 0
145.113 145.386 63.0 没 0
145.389 145.661 59.0 - 0
145.664 145.937 56.0 有 0
145.939 146.212 59.0 你 0
146.214 146.762 61.0 - 1
147.376 147.644 57.0 没 0
147.646 147.914 57.0 有 0
147.917 148.185 57.0 了 0
148.187 148.455 57.0 你 0
148.727 148.995 57.0 会 0
148.998 149.266 59.0 更 0
149.268 149.536 59.0 寂 0
149.538 149.806 59.0 - 0
149.809 150.617 59.0 寞 1
151.022 151.29 52.0 哪 0
151.292 151.56 52.0 怕 0
151.562 151.83 63.0 空 0
151.833 152.101 64.0 - 0
152.103 152.371 64.0 守 0
152.373 152.912 64.0 着 0
152.914 153.182 64.0 一 0
153.184 153.452 66.0 句 0
153.454 153.722 64.0 - 0
153.725 154.273 63.0 承 0
154.275 154.548 59.0 - 0
154.55 154.823 59.0 诺 0
154.826 155.374 61.0 - 1
155.8 155.936 61.0 我 0
155.938 156.073 63.0 也 0
156.075 156.348 64.0 不 0
156.351 156.624 61.0 会 0
156.626 156.899 64.0 觉 0
156.901 157.449 61.0 得 0
157.452 157.725 64.0 特 0
157.727 158.0 61.0 别 0
158.002 158.275 64.0 苦 0
158.277 159.626 59.0 涩 1
159.858 160.126 59.0 最 0
160.128 160.396 57.0 了 0
160.398 160.666 56.0 解 0
160.669 161.477 56.0 你 0
161.75 162.018 56.0 的 0
162.02 162.288 54.0 人 0
162.29 162.558 56.0 是 0
162.561 163.639 52.0 我 1
164.196 164.464 61.0 最 0
164.467 164.735 63.0 心 0
164.737 165.01 64.0 疼 0
165.012 166.111 64.0 你 0
166.113 166.386 64.0 的 0
166.388 166.661 63.0 人 0
166.663 166.936 61.0 是 0
166.939 168.017 59.0 我 1
168.476 168.744 61.0 相 0
168.747 169.015 63.0 信 0
169.017 169.285 63.0 你 0
169.287 169.555 64.0 - 0
169.557 169.825 64.0 的 0
169.828 170.366 64.0 人 0
170.368 170.636 63.0 - 1
170.68 170.948 63.0 祝 0
170.951 171.219 61.0 福 0
171.221 171.494 59.0 你 0
171.496 171.769 59.0 的 0
171.771 172.044 61.0 - 0
172.046 172.319 52.0 人 1
172.772 173.044 49.0 是 0
173.047 173.319 52.0 我 0
173.322 173.59 54.0 是 0
173.592 174.13 54.0 我 0
174.403 174.671 59.0 还 0
174.943 175.211 54.0 是 0
175.214 176.563 52.0 我 1
177.423 177.691 52.0 哦 0
177.693 178.516 64.0 也 0
178.519 179.067 64.0 许 0
179.069 179.342 64.0 来 0
179.344 179.617 66.0 - 0
179.62 179.893 64.0 世 0
179.895 180.163 63.0 没 0
180.165 180.433 59.0 - 0
180.435 180.703 56.0 有 0
180.706 180.974 59.0 你 0
180.976 181.514 61.0 - 1
182.149 182.422 57.0 没 0
182.424 182.697 57.0 有 0
182.699 182.972 57.0 了 0
182.974 183.247 57.0 你 0
183.525 183.797 57.0 会 0
183.8 184.073 59.0 更 0
184.075 184.348 61.0 寂 0
184.35 184.618 59.0 - 0
184.62 185.429 59.0 寞 1
185.941 186.209 52.0 哪 0
186.211 186.479 52.0 怕 0
186.481 186.749 63.0 空 0
186.751 187.019 64.0 - 0
187.022 187.29 64.0 守 0
187.292 187.83 64.0 着 0
187.832 188.1 64.0 一 0
188.103 188.371 66.0 句 0
188.373 188.641 64.0 - 0
188.643 189.182 63.0 承 0
189.184 189.452 59.0 - 0
189.454 189.722 59.0 诺 0
189.724 190.263 61.0 - 1
190.596 190.729 61.0 我 0
190.731 190.864 63.0 也 0
190.866 191.142 64.0 不 0
191.144 191.42 61.0 会 0
191.422 191.697 64.0 觉 0
191.7 191.975 61.0 得 0
192.255 192.531 64.0 特 0
192.533 192.809 61.0 别 0
192.811 193.086 64.0 苦 0
193.089 194.438 59.0 涩 1
194.681 194.949 59.0 最 0
194.952 195.22 57.0 了 0
195.222 195.49 56.0 解 0
195.492 196.301 56.0 你 0
196.573 196.841 56.0 的 0
196.843 197.111 54.0 人 0
197.114 197.382 56.0 是 0
197.384 198.463 52.0 我 1
199.012 199.28 61.0 最 0
199.282 199.55 63.0 心 0
199.552 199.82 64.0 疼 0
199.822 200.901 64.0 你 0
200.903 201.172 64.0 的 0
201.174 201.442 63.0 人 0
201.444 201.712 61.0 是 0
201.714 202.793 59.0 我 1
203.245 203.513 61.0 相 0
203.515 203.783 63.0 信 0
203.785 204.058 63.0 你 0
204.061 204.334 64.0 - 0
204.336 204.609 64.0 的 0
204.611 205.159 64.0 人 0
205.162 205.435 63.0 - 1
205.528 205.801 63.0 祝 0
205.803 206.076 61.0 福 0
206.078 206.351 59.0 你 0
206.354 206.626 59.0 的 0
206.629 206.902 61.0 - 0
206.904 207.177 52.0 人 1
207.741 208.014 49.0 是 0
208.016 208.289 52.0 我 0
208.291 208.562 56.0 是 0
208.564 209.107 54.0 我 0
209.382 209.652 59.0 还 0
209.927 210.198 54.0 是 0
210.2 211.562 52.0 我 1
212.13 212.401 61.0 相 0
212.403 212.673 63.0 信 0
212.676 213.214 64.0 你 0
213.216 213.484 64.0 的 0
213.487 214.025 64.0 人 0
214.027 214.295 63.0 - 1
214.302 214.57 63.0 祝 0
214.573 214.841 61.0 福 0
214.843 215.111 59.0 你 0
215.113 215.381 59.0 的 0
215.383 215.651 61.0 - 0
215.654 215.922 52.0 人 1
216.285 216.553 49.0 是 0
216.555 216.823 52.0 我 0
216.825 217.093 54.0 是 0
217.095 217.634 54.0 我 0
217.906 218.174 57.0 还 0
218.447 218.718 54.0 是 0
218.72 220.086 56.0 我 0
220.088 221.18 59.0 - 0
221.183 223.476 57.0 哦 0
223.478 228.741 64.0 - 1
