32.754 33.171 49.0 晚 0
33.171 33.588 52.0 风 0
33.588 34.005 52.0 轻 0
34.005 34.214 52.0 拂 0
34.214 34.839 54.0 澎 0
34.839 35.256 57.0 湖 0
35.256 35.674 54.0 湾 0
35.674 36.091 52.0 - 1
36.139 36.556 57.0 白 0
36.556 36.973 57.0 浪 0
36.973 37.39 57.0 逐 0
37.39 37.807 52.0 沙 0
37.807 38.641 52.0 滩 1
39.582 39.999 61.0 没 0
39.999 40.416 61.0 有 0
40.416 40.833 61.0 椰 0
40.833 41.042 61.0 林 0
41.042 41.668 62.0 缀 0
41.668 42.085 61.0 斜 0
42.085 42.919 57.0 阳 1
42.927 43.135 57.0 只 0
43.135 43.344 59.0 是 0
43.344 43.552 59.0 一 0
43.552 43.761 59.0 片 0
43.761 43.969 59.0 海 0
43.969 44.386 61.0 蓝 0
44.386 44.595 59.0 - 0
44.595 45.429 59.0 蓝 1
46.173 46.59 61.0 坐 0
46.59 47.007 61.0 在 0
47.007 47.216 61.0 门 0
47.216 47.633 61.0 前 0
47.633 47.842 61.0 的 0
47.842 48.259 62.0 矮 0
48.259 48.676 61.0 墙 0
48.676 49.093 57.0 上 1
49.433 49.85 57.0 一 0
49.85 50.267 57.0 遍 0
50.267 50.684 57.0 遍 0
50.684 51.101 52.0 怀 0
51.101 51.935 52.0 想 1
52.836 53.254 61.0 也 0
53.254 53.671 61.0 是 0
53.671 53.879 61.0 黄 0
53.879 54.296 61.0 昏 0
54.296 54.505 61.0 的 0
54.505 54.922 62.0 沙 0
54.922 55.339 61.0 滩 0
55.339 55.756 57.0 上 1
56.221 56.43 52.0 有 0
56.43 56.638 52.0 着 0
56.638 56.847 52.0 脚 0
56.847 57.055 52.0 印 0
57.055 57.472 61.0 两 0
57.472 57.889 57.0 对 0
57.889 58.306 57.0 半 1
59.483 59.9 49.0 那 0
59.9 60.317 52.0 是 0
60.317 60.734 52.0 外 0
60.734 60.942 52.0 婆 0
60.942 61.568 54.0 拄 0
61.568 61.985 57.0 着 0
61.985 62.402 54.0 杖 0
62.402 62.819 52.0 - 1
62.888 63.305 57.0 将 0
63.305 63.514 57.0 我 0
63.514 63.722 57.0 手 0
63.722 64.139 57.0 轻 0
64.139 64.556 52.0 轻 0
64.556 65.391 52.0 挽 1
66.224 66.641 61.0 踩 0
66.641 67.058 61.0 着 0
67.058 67.475 61.0 薄 0
67.475 67.684 61.0 暮 0
67.684 68.309 62.0 走 0
68.309 68.726 61.0 向 0
68.726 69.143 57.0 余 0
69.143 69.56 57.0 晖 1
69.603 69.812 57.0 暖 0
69.812 70.229 59.0 暖 0
70.229 70.437 59.0 的 0
70.437 70.855 59.0 澎 0
70.855 71.272 61.0 湖 0
71.272 72.523 59.0 湾 1
72.799 73.216 61.0 一 0
73.216 73.633 61.0 个 0
73.633 73.842 61.0 脚 0
73.842 74.259 61.0 印 0
74.259 74.467 61.0 是 0
74.467 74.884 62.0 笑 0
74.884 75.301 61.0 语 0
75.301 75.718 57.0 一 0
75.718 76.135 57.0 串 1
76.175 76.593 54.0 消 0
76.593 77.01 57.0 磨 0
77.01 77.218 57.0 许 0
77.218 77.635 54.0 多 0
77.635 77.844 54.0 时 0
77.844 79.095 52.0 光 1
79.516 79.933 61.0 直 0
79.933 80.35 61.0 到 0
80.35 80.767 61.0 夜 0
80.767 80.976 61.0 色 0
80.976 81.601 62.0 吞 0
81.601 82.019 61.0 没 0
82.019 82.436 57.0 我 0
82.436 82.644 57.0 俩 1
82.675 82.884 57.0 在 0
82.884 83.301 52.0 回 0
83.301 83.718 52.0 家 0
83.718 84.135 59.0 的 0
84.135 84.552 57.0 路 0
84.552 85.386 57.0 上 1
86.25 87.084 56.0 澎 0
87.084 87.501 56.0 湖 0
87.501 87.919 57.0 - 0
87.919 88.753 59.0 湾 0
88.753 89.17 52.0 - 0
89.587 90.212 57.0 澎 0
90.212 90.421 52.0 - 0
90.421 90.838 57.0 湖 0
90.838 91.255 59.0 - 0
91.255 92.089 61.0 湾 0
92.089 92.506 59.0 - 1
92.869 93.286 62.0 外 0
93.286 94.121 62.0 婆 0
94.121 94.538 61.0 的 0
94.538 94.955 59.0 澎 0
94.955 95.372 57.0 - 0
95.372 95.789 56.0 湖 0
95.789 96.206 57.0 - 0
96.206 97.457 59.0 湾 0
97.457 99.125 59.0 - 1
99.49 100.741 61.0 有 0
100.741 101.158 61.0 我 0
101.158 101.992 62.0 许 0
101.992 102.618 62.0 多 0
102.618 102.826 59.0 的 0
102.826 103.452 61.0 童 0
103.452 103.66 59.0 年 0
103.66 104.077 57.0 幻 0
104.077 104.494 56.0 - 0
104.494 105.746 54.0 想 1
106.328 106.745 52.0 阳 0
106.745 107.162 52.0 光 0
107.996 108.413 57.0 沙 0
108.413 108.83 57.0 滩 0
109.664 110.29 59.0 海 0
110.29 110.498 57.0 - 0
110.498 111.333 57.0 浪 0
111.333 112.167 59.0 仙 0
112.167 112.584 57.0 人 0
112.584 113.001 59.0 - 0
113.001 113.418 61.0 掌 1
113.799 114.216 64.0 还 0
114.216 114.633 62.0 有 0
114.633 115.884 61.0 一 0
115.884 116.301 57.0 位 0
116.301 117.136 56.0 老 0
117.136 117.553 57.0 船 0
117.553 117.97 59.0 - 0
117.97 120.472 57.0 长 1
147.974 148.391 49.0 晚 0
148.391 148.808 52.0 风 0
148.808 149.225 52.0 轻 0
149.225 149.434 52.0 拂 0
149.434 150.059 54.0 澎 0
150.059 150.476 57.0 湖 0
150.476 150.893 54.0 湾 0
150.893 151.31 52.0 - 1
151.343 151.761 57.0 白 0
151.761 152.178 57.0 浪 0
152.178 152.595 57.0 逐 0
152.595 153.012 52.0 沙 0
153.012 153.846 52.0 滩 1
154.601 155.018 61.0 没 0
155.018 155.435 61.0 有 0
155.435 155.852 61.0 椰 0
155.852 156.061 61.0 林 0
156.061 156.686 62.0 缀 0
156.686 157.103 61.0 斜 0
157.103 157.938 57.0 阳 1
158.015 158.223 57.0 只 0
158.223 158.432 59.0 是 0
158.432 158.64 59.0 一 0
158.64 158.849 59.0 片 0
158.849 159.057 59.0 海 0
159.057 159.474 61.0 蓝 0
159.474 159.683 59.0 - 0
159.683 160.517 59.0 蓝 1
161.244 161.661 61.0 坐 0
161.661 162.078 61.0 在 0
162.078 162.287 61.0 门 0
162.287 162.704 61.0 前 0
162.704 162.912 61.0 的 0
162.912 163.33 62.0 矮 0
163.33 163.747 61.0 墙 0
163.747 164.164 57.0 上 1
164.572 164.989 57.0 一 0
164.989 165.406 57.0 遍 0
165.406 165.823 57.0 遍 0
165.823 166.24 52.0 怀 0
166.24 167.074 52.0 想 1
168.024 168.441 61.0 也 0
168.441 168.858 61.0 是 0
168.858 169.067 61.0 黄 0
169.067 169.484 61.0 昏 0
169.484 169.693 61.0 的 0
169.693 170.11 62.0 沙 0
170.11 170.527 61.0 滩 0
170.527 170.944 57.0 上 1
171.387 171.595 50.0 有 0
171.595 171.804 52.0 着 0
171.804 172.013 52.0 脚 0
172.013 172.221 52.0 印 0
172.221 172.638 61.0 两 0
172.638 173.055 57.0 对 0
173.055 173.472 57.0 半 1
174.715 175.133 49.0 那 0
175.133 175.55 52.0 是 0
175.55 175.967 52.0 外 0
175.967 176.175 52.0 婆 0
176.175 176.801 54.0 拄 0
176.801 177.218 57.0 着 0
177.218 177.635 52.0 杖 1
178.026 178.443 57.0 将 0
178.443 178.652 57.0 我 0
178.652 178.86 57.0 手 0
178.86 179.277 57.0 轻 0
179.277 179.694 52.0 轻 0
179.694 180.529 52.0 挽 1
181.37 181.787 61.0 踩 0
181.787 182.204 61.0 着 0
182.204 182.621 61.0 薄 0
182.621 182.829 61.0 暮 0
182.829 183.455 62.0 走 0
183.455 183.872 61.0 向 0
183.872 184.289 57.0 余 0
184.289 184.706 57.0 晖 1
184.712 184.921 59.0 暖 0
184.921 185.338 59.0 暖 0
185.338 185.546 59.0 的 0
185.546 185.963 59.0 澎 0
185.963 186.381 61.0 湖 0
186.381 187.632 59.0 湾 1
188.013 188.43 61.0 一 0
188.43 188.847 61.0 个 0
188.847 189.055 61.0 脚 0
189.055 189.473 61.0 印 0
189.473 189.681 61.0 是 0
189.681 190.098 62.0 笑 0
190.098 190.515 61.0 语 0
190.515 190.932 57.0 一 0
190.932 191.349 57.0 串 1
191.39 191.807 54.0 消 0
191.807 192.225 57.0 磨 0
192.225 192.433 57.0 许 0
192.433 192.85 54.0 多 0
192.85 193.059 54.0 时 0
193.059 194.31 52.0 光 1
194.632 195.049 61.0 直 0
195.049 195.466 61.0 到 0
195.466 195.883 61.0 夜 0
195.883 196.092 61.0 色 0
196.092 196.717 62.0 吞 0
196.717 197.134 61.0 没 0
197.134 197.551 57.0 我 0
197.551 197.76 57.0 俩 1
197.794 198.003 57.0 在 0
198.003 198.42 52.0 回 0
198.42 198.837 52.0 家 0
198.837 199.254 59.0 的 0
199.254 199.671 57.0 路 0
199.671 200.505 57.0 上 1
201.283 202.117 56.0 澎 0
202.117 202.534 56.0 湖 0
202.534 202.951 57.0 - 0
202.951 203.786 59.0 湾 0
203.786 204.203 52.0 - 0
204.62 205.245 57.0 澎 0
205.245 205.454 52.0 - 0
205.454 205.871 57.0 湖 0
205.871 206.288 59.0 - 0
206.288 207.122 61.0 湾 0
207.122 207.539 59.0 - 1
207.911 208.328 62.0 外 0
208.328 209.162 62.0 婆 0
209.162 209.58 61.0 的 0
209.58 209.997 59.0 澎 0
209.997 210.414 57.0 - 0
210.414 210.831 56.0 湖 0
210.831 211.248 57.0 - 0
211.248 212.499 59.0 湾 0
212.499 214.167 59.0 - 1
214.734 215.986 61.0 有 0
215.986 216.403 61.0 我 0
216.403 217.237 62.0 许 0
217.237 217.862 62.0 多 0
217.862 218.071 59.0 的 0
218.071 218.697 61.0 童 0
218.697 218.905 59.0 年 0
218.905 219.322 57.0 幻 0
219.322 219.739 56.0 - 0
219.739 220.99 54.0 想 1
221.318 221.735 52.0 阳 0
221.735 222.152 52.0 光 0
222.986 223.403 57.0 沙 0
223.403 223.82 57.0 滩 0
224.654 225.28 59.0 海 0
225.28 225.488 57.0 - 0
225.488 226.322 57.0 浪 0
226.322 227.157 59.0 仙 0
227.157 227.574 57.0 人 0
227.574 227.991 59.0 - 0
227.991 228.408 61.0 掌 1
228.892 229.309 64.0 还 0
229.309 229.726 62.0 有 0
229.726 230.977 61.0 一 0
230.977 231.394 57.0 位 0
231.394 232.228 56.0 老 0
232.228 232.646 57.0 船 0
232.646 233.063 59.0 - 0
233.063 235.565 57.0 长 1
