29.075 29.429 61.0 没 0
29.429 29.782 61.0 有 0
29.782 30.135 64.0 花 0
30.135 30.488 63.0 - 0
30.488 31.195 61.0 香 0
31.901 32.254 61.0 没 0
32.254 32.608 61.0 有 0
32.608 32.961 68.0 树 0
32.961 33.314 66.0 - 0
33.314 34.374 68.0 高 1
34.583 34.936 68.0 我 0
34.936 35.289 68.0 是 0
35.289 35.643 71.0 一 0
35.643 35.996 68.0 棵 0
35.996 36.349 66.0 无 0
36.349 36.702 66.0 人 0
36.702 37.056 66.0 知 0
37.056 37.232 64.0 道 0
37.232 37.409 64.0 的 0
37.409 37.939 61.0 小 0
38.47 38.823 59.0 - 0
38.823 39.531 56.0 草 1
40.237 40.59 61.0 从 0
40.59 40.942 61.0 不 0
40.942 41.295 64.0 寂 0
41.295 41.647 63.0 - 0
41.647 42.352 61.0 寞 0
43.057 43.409 61.0 从 0
43.409 43.761 61.0 不 0
43.761 44.113 68.0 烦 0
44.113 44.464 66.0 - 0
44.464 45.168 68.0 恼 1
46.022 46.376 68.0 你 0
46.376 46.73 68.0 看 0
46.73 47.084 71.0 我 0
47.084 47.439 68.0 的 0
47.439 47.793 66.0 伙 0
47.793 48.147 66.0 伴 0
48.147 48.501 66.0 遍 0
48.501 48.856 64.0 及 0
48.856 49.207 63.0 天 0
49.207 49.558 61.0 涯 0
49.558 49.909 61.0 海 0
49.909 50.26 59.0 - 0
50.26 50.962 61.0 角 1
51.6 51.95 75.0 春 0
51.95 52.65 73.0 风 0
52.65 53.0 68.0 啊 0
53.0 53.35 75.0 春 0
53.35 53.874 73.0 风 0
54.049 54.399 68.0 你 0
54.399 54.755 71.0 把 0
54.755 55.111 73.0 我 0
55.111 55.467 73.0 吹 0
55.467 55.823 70.0 - 0
55.823 56.89 68.0 绿 1
57.246 57.6 75.0 阳 0
57.6 58.309 73.0 光 0
58.309 58.664 68.0 啊 0
58.664 59.018 75.0 阳 0
59.018 59.373 73.0 光 0
59.728 60.082 68.0 你 0
60.082 60.437 71.0 把 0
60.437 60.791 73.0 我 0
60.791 61.146 73.0 照 0
61.146 61.5 70.0 - 0
61.5 62.564 68.0 耀 1
62.841 63.19 66.0 河 0
63.19 63.889 66.0 流 0
63.889 64.238 61.0 啊 0
64.238 64.587 66.0 山 0
64.587 64.936 66.0 川 0
65.285 65.634 69.0 你 0
65.634 65.992 68.0 哺 0
65.992 66.35 66.0 - 0
66.35 66.708 66.0 育 0
66.708 67.067 64.0 了 0
67.067 68.141 66.0 我 1
68.52 68.87 66.0 大 0
68.87 69.57 66.0 地 0
69.57 69.92 61.0 啊 0
69.92 70.27 64.0 母 0
70.27 70.62 64.0 亲 0
70.97 71.32 66.0 把 0
71.32 71.67 63.0 我 0
71.67 72.02 61.0 紧 0
72.02 72.37 61.0 紧 0
72.37 72.719 59.0 拥 0
72.719 73.419 61.0 抱 1
74.243 74.596 75.0 春 0
74.596 75.303 73.0 风 0
75.303 75.657 68.0 啊 0
75.657 76.011 75.0 春 0
76.011 76.364 73.0 风 0
76.718 77.071 68.0 你 0
77.071 77.424 71.0 把 0
77.424 77.777 73.0 我 0
77.777 78.129 73.0 吹 0
78.129 78.482 70.0 - 0
78.482 79.54 68.0 绿 1
79.774 80.127 75.0 阳 0
80.127 80.833 73.0 光 0
80.833 81.186 68.0 啊 0
81.186 81.539 75.0 阳 0
81.539 81.892 73.0 光 0
82.245 82.598 68.0 你 0
82.598 82.955 71.0 把 0
82.955 83.312 73.0 我 0
83.312 83.668 73.0 照 0
83.668 84.025 70.0 - 0
84.025 85.095 68.0 耀 1
85.495 85.846 66.0 河 0
85.846 86.548 66.0 流 0
86.548 86.899 61.0 啊 0
86.899 87.25 66.0 山 0
87.25 87.601 66.0 川 0
87.952 88.304 69.0 你 0
88.304 88.658 68.0 哺 0
88.658 89.013 66.0 - 0
89.013 89.367 66.0 育 0
89.367 89.722 64.0 了 0
89.722 90.785 66.0 我 1
91.069 91.423 66.0 大 0
91.423 92.132 66.0 地 0
92.132 92.487 61.0 啊 0
92.487 92.841 64.0 母 0
92.841 93.196 64.0 亲 0
93.55 93.905 66.0 把 0
93.905 94.26 63.0 我 0
94.26 94.614 61.0 紧 0
94.614 94.969 61.0 紧 0
94.969 95.324 59.0 拥 0
95.324 97.088 61.0 抱 1
120.703 121.053 61.0 没 0
121.053 121.402 61.0 有 0
121.402 121.752 64.0 花 0
121.752 122.101 63.0 - 0
122.101 122.8 61.0 香 0
123.498 123.86 61.0 没 0
123.86 124.222 61.0 有 0
124.222 124.583 68.0 树 0
124.583 124.945 66.0 - 0
124.945 126.029 68.0 高 1
126.366 126.712 68.0 我 0
126.712 127.058 68.0 是 0
127.058 127.405 71.0 一 0
127.405 127.751 68.0 棵 0
127.751 128.097 66.0 无 0
128.097 128.443 66.0 人 0
128.443 128.79 66.0 知 0
128.79 128.963 64.0 道 0
128.963 129.136 64.0 的 0
129.136 129.663 61.0 小 0
130.191 130.542 59.0 - 0
130.542 131.245 56.0 草 1
131.941 132.29 61.0 从 0
132.29 132.639 61.0 不 0
132.639 132.989 64.0 寂 0
132.989 133.338 63.0 - 0
133.338 134.037 61.0 寞 0
134.736 135.096 61.0 从 0
135.096 135.456 61.0 不 0
135.456 135.816 68.0 烦 0
135.816 136.175 66.0 - 0
136.175 136.895 68.0 恼 1
137.657 138.005 68.0 你 0
138.005 138.353 68.0 看 0
138.353 138.7 71.0 我 0
138.7 139.048 68.0 的 0
139.048 139.395 66.0 伙 0
139.395 139.743 66.0 伴 0
139.743 140.091 66.0 遍 0
140.091 140.438 64.0 及 0
140.438 140.794 63.0 天 0
140.794 141.149 61.0 涯 0
141.149 141.504 61.0 海 0
141.504 141.86 59.0 - 0
141.86 142.57 61.0 角 1
143.27 143.624 75.0 春 0
143.624 144.333 73.0 风 0
144.333 144.688 68.0 啊 0
144.688 145.042 75.0 春 0
145.042 145.574 73.0 风 0
145.751 146.106 68.0 你 0
146.106 146.46 71.0 把 0
146.46 146.815 73.0 我 0
146.815 147.169 73.0 吹 0
147.169 147.524 70.0 - 0
147.524 148.587 68.0 绿 1
148.929 149.282 75.0 阳 0
149.282 149.989 73.0 光 0
149.989 150.343 68.0 啊 0
150.343 150.696 75.0 阳 0
150.696 151.05 73.0 光 0
151.403 151.757 68.0 你 0
151.757 152.107 71.0 把 0
152.107 152.458 73.0 我 0
152.458 152.809 73.0 照 0
152.809 153.159 70.0 - 0
153.159 154.211 68.0 耀 1
154.533 154.887 66.0 河 0
154.887 155.596 66.0 流 0
155.596 155.951 61.0 啊 0
155.951 156.305 66.0 山 0
156.305 156.66 66.0 川 0
157.014 157.369 69.0 你 0
157.369 157.721 68.0 哺 0
157.721 158.074 66.0 - 0
158.074 158.427 66.0 育 0
158.427 158.779 64.0 了 0
158.779 159.837 66.0 我 1
160.354 160.703 66.0 大 0
160.703 161.402 66.0 地 0
161.402 161.751 61.0 啊 0
161.751 162.101 64.0 母 0
162.101 162.45 64.0 亲 0
162.8 163.149 66.0 把 0
163.149 163.502 63.0 我 0
163.502 163.855 61.0 紧 0
163.855 164.208 61.0 紧 0
164.208 164.561 59.0 拥 0
164.561 165.266 61.0 抱 1
165.923 166.277 75.0 春 0
166.277 166.984 73.0 风 0
166.984 167.338 68.0 啊 0
167.338 167.692 75.0 春 0
167.692 168.045 73.0 风 0
168.399 168.753 68.0 你 0
168.753 169.105 71.0 把 0
169.105 169.457 73.0 我 0
169.457 169.808 73.0 吹 0
169.808 170.16 70.0 - 0
170.16 171.216 68.0 绿 1
171.47 171.826 75.0 阳 0
171.826 172.536 73.0 光 0
172.536 172.892 68.0 啊 0
172.892 173.247 75.0 阳 0
173.247 173.602 73.0 光 0
173.958 174.313 68.0 你 0
174.313 174.668 71.0 把 0
174.668 175.024 73.0 我 0
175.024 175.38 73.0 照 0
175.38 175.735 70.0 - 0
175.735 176.802 68.0 耀 1
177.191 177.542 66.0 河 0
177.542 178.242 66.0 流 0
178.242 178.593 61.0 啊 0
178.593 178.943 66.0 山 0
178.943 179.294 66.0 川 0
179.644 179.995 69.0 你 0
179.995 180.349 68.0 哺 0
180.349 180.703 66.0 - 0
180.703 181.057 66.0 育 0
181.057 181.412 64.0 了 0
181.412 182.474 66.0 我 1
182.937 183.285 66.0 大 0
183.285 183.981 66.0 地 0
183.981 184.33 61.0 啊 0
184.33 184.678 64.0 母 0
184.678 185.026 64.0 亲 0
185.374 185.723 66.0 把 0
185.723 186.074 63.0 我 0
186.074 186.425 61.0 紧 0
186.425 186.777 61.0 紧 0
186.777 187.128 59.0 拥 0
187.128 188.899 61.0 抱 1
190.032 190.386 66.0 大 0
190.386 191.094 66.0 地 0
191.094 191.448 61.0 啊 0
191.448 191.802 64.0 母 0
191.802 192.156 64.0 亲 0
192.509 192.863 66.0 把 0
192.863 193.215 63.0 我 0
193.215 193.567 61.0 紧 0
193.567 193.918 61.0 紧 0
193.918 194.27 59.0 拥 0
194.27 196.032 61.0 抱 1
