21.183 21.391 62.0 我 0
21.391 21.702 64.0 想 0
21.702 22.013 64.0 起 0
22.013 22.324 64.0 你 0
22.324 22.635 62.0 描 0
22.635 22.947 62.0 述 0
22.947 23.154 60.0 梦 0
23.154 23.465 62.0 想 0
23.465 23.776 62.0 天 0
23.776 24.088 62.0 堂 0
24.088 24.399 60.0 的 0
24.399 24.814 62.0 样 0
24.814 25.229 57.0 子 1
26.015 26.326 60.0 手 0
26.326 26.638 60.0 指 0
26.638 26.949 60.0 着 0
26.949 27.26 60.0 远 0
27.26 27.571 57.0 方 0
27.571 27.882 57.0 画 0
27.882 28.194 60.0 出 0
28.194 28.505 64.0 一 0
28.505 28.816 62.0 栋 0
28.816 29.127 62.0 一 0
29.127 29.438 60.0 栋 0
29.438 29.853 57.0 房 0
29.853 30.357 55.0 子 1
30.79 31.09 64.0 你 0
31.09 31.39 64.0 傻 0
31.39 31.69 67.0 笑 0
31.69 31.99 67.0 的 0
31.99 32.59 64.0 表 0
32.59 32.89 60.0 情 0
32.89 33.49 62.0 又 0
33.49 33.79 62.0 那 0
33.79 34.09 64.0 么 0
34.09 34.49 57.0 诚 0
34.49 35.09 62.0 实 1
35.517 35.817 60.0 所 0
35.817 36.117 60.0 有 0
36.117 36.417 60.0 的 0
36.417 36.717 60.0 信 0
36.717 37.017 57.0 任 0
37.017 37.317 57.0 是 0
37.317 37.617 60.0 从 0
37.617 38.217 64.0 那 0
38.217 38.517 62.0 一 0
38.517 39.417 62.0 刻 0
39.417 39.917 57.0 开 0
39.917 40.517 62.0 始 0
40.517 41.417 62.0 - 1
45.1 45.4 64.0 你 0
45.4 45.64 64.0 给 0
45.647 45.897 64.0 我 0
45.9 46.2 64.0 一 0
46.2 46.5 62.0 个 0
46.5 46.8 62.0 到 0
46.8 47.0 60.0 那 0
47.1 47.4 62.0 片 0
47.5 47.8 62.0 天 0
47.8 48.1 62.0 空 0
48.1 48.4 60.0 的 0
48.4 48.8 62.0 地 0
48.8 49.2 57.0 址 1
49.964 50.264 60.0 只 0
50.264 50.564 60.0 因 0
50.564 50.864 60.0 为 0
50.864 51.164 60.0 太 0
51.164 51.464 57.0 高 0
51.464 51.764 57.0 摔 0
51.764 52.064 60.0 得 0
52.064 52.664 64.0 我 0
52.664 52.964 62.0 血 0
52.964 53.264 60.0 流 0
53.264 53.664 57.0 不 0
53.664 54.164 55.0 止 1
54.874 55.174 64.0 带 0
55.174 55.474 64.0 着 0
55.474 55.774 67.0 伤 0
55.774 56.074 67.0 口 0
56.074 56.374 64.0 回 0
56.374 56.674 62.0 到 0
56.674 56.974 60.0 当 0
56.974 57.274 62.0 初 0
57.274 57.574 62.0 背 0
57.574 57.874 62.0 叛 0
57.874 58.174 64.0 的 0
58.174 58.574 57.0 城 0
58.574 59.174 62.0 市 1
59.57 59.87 60.0 唯 0
59.87 60.17 60.0 一 0
60.17 60.47 60.0 收 0
60.47 60.77 60.0 容 0
60.77 61.07 57.0 我 0
61.07 61.37 57.0 的 0
61.37 61.67 60.0 却 0
61.67 62.27 64.0 是 0
62.27 62.57 62.0 自 0
62.57 63.07 62.0 己 0
63.27 63.47 60.0 的 0
63.47 63.87 57.0 影 0
63.87 64.67 60.0 子 1
69.547 69.847 65.0 想 0
69.847 70.147 64.0 跟 0
70.147 70.447 65.0 着 0
70.447 70.747 64.0 你 0
70.747 71.147 60.0 一 0
71.147 71.647 64.0 辈 0
71.647 72.247 60.0 子 1
72.679 72.979 60.0 至 0
72.979 73.279 60.0 少 0
73.279 73.579 57.0 这 0
73.579 73.879 60.0 样 0
73.879 74.179 60.0 的 0
74.179 74.479 60.0 世 0
74.479 74.779 57.0 界 0
74.779 75.179 60.0 没 0
75.179 75.679 57.0 有 0
75.679 76.279 64.0 现 0
76.279 76.979 62.0 实 1
79.065 79.365 65.0 想 0
79.365 79.665 64.0 赖 0
79.665 80.065 65.0 着 0
80.065 80.365 64.0 你 0
80.365 80.765 60.0 一 0
80.765 81.265 64.0 辈 0
81.265 81.965 60.0 子 1
82.582 82.882 60.0 做 0
82.882 83.182 57.0 你 0
83.182 83.482 67.0 感 0
83.482 83.782 67.0 情 0
83.782 83.982 67.0 里 0
83.982 84.282 67.0 最 0
84.282 84.682 67.0 后 0
84.682 85.182 64.0 一 0
85.182 85.582 65.0 个 0
85.582 86.482 69.0 天 0
86.482 88.182 67.0 使 1
89.291 90.291 72.0 如 0
90.291 91.091 71.0 果 0
91.091 91.291 69.0 梦 0
91.291 91.591 67.0 醒 0
91.591 91.891 67.0 时 0
91.891 92.191 64.0 还 0
92.191 92.791 67.0 在 0
92.791 93.091 69.0 一 0
93.091 94.191 67.0 起 1
95.31 95.61 64.0 请 0
95.61 95.91 67.0 容 0
95.91 96.31 69.0 许 0
96.31 96.81 69.0 我 0
96.81 97.11 72.0 们 0
97.11 97.61 69.0 相 0
97.61 98.11 67.0 依 0
98.11 98.61 62.0 为 0
98.61 99.11 62.0 命 1
100.226 100.526 64.0 绚 0
100.526 100.726 62.0 烂 0
100.726 101.026 60.0 也 0
101.026 101.326 62.0 许 0
101.326 101.626 64.0 一 0
101.626 101.926 69.0 时 1
102.672 102.972 64.0 平 0
102.972 103.272 62.0 淡 0
103.272 103.472 60.0 走 0
103.472 103.872 62.0 完 0
103.872 104.172 64.0 一 0
104.172 104.372 69.0 世 0
104.372 104.772 71.0 - 1
104.943 105.243 69.0 是 0
105.243 105.543 71.0 我 0
105.543 105.943 72.0 选 0
105.943 106.243 72.0 择 0
106.243 106.543 69.0 - 0
106.543 106.743 69.0 你 0
106.743 107.243 72.0 这 0
107.243 107.743 69.0 样 0
107.743 108.043 69.0 的 0
108.043 108.443 69.0 男 0
108.443 109.143 67.0 子 1
109.782 110.082 72.0 就 0
110.082 110.382 71.0 怕 0
110.382 110.682 69.0 梦 0
110.682 110.982 67.0 醒 0
110.982 111.182 67.0 时 0
111.182 111.482 64.0 已 0
111.482 111.782 67.0 分 0
111.782 112.082 64.0 - 0
112.082 112.482 64.0 两 0
112.482 112.782 69.0 地 0
112.782 113.482 67.0 - 1
114.383 114.683 64.0 谁 0
114.683 114.983 67.0 也 0
114.983 115.483 69.0 挽 0
115.483 115.883 69.0 不 0
115.883 116.283 72.0 回 0
116.283 116.683 69.0 这 0
116.683 117.183 67.0 场 0
117.183 117.783 64.0 分 0
117.783 118.583 62.0 离 1
119.365 119.665 64.0 爱 0
119.665 119.965 62.0 恨 0
119.965 120.265 60.0 可 0
120.265 120.565 62.0 以 0
120.565 120.865 64.0 不 0
120.865 121.465 69.0 分 1
121.748 122.048 64.0 责 0
122.048 122.348 62.0 任 0
122.348 122.648 60.0 可 0
122.648 122.948 62.0 以 0
122.948 123.348 64.0 不 0
123.348 123.948 71.0 问 1
124.115 124.415 69.0 天 0
124.415 124.715 71.0 亮 0
124.715 125.015 72.0 了 0
125.015 125.31 72.0 我 0
125.315 125.615 72.0 还 0
125.615 125.915 69.0 是 0
125.915 126.315 74.0 不 0
126.515 127.815 72.0 是 0
128.415 128.715 69.0 你 0
128.715 129.415 76.0 的 0
129.415 129.815 69.0 女 0
129.815 133.015 72.0 人 1
173.057 173.357 64.0 你 0
173.357 173.557 62.0 给 0
173.557 173.857 64.0 我 0
173.857 174.157 64.0 一 0
174.157 174.457 62.0 个 0
174.457 174.757 62.0 到 0
174.757 174.957 60.0 那 0
175.057 175.357 62.0 片 0
175.457 175.757 62.0 天 0
175.757 176.057 62.0 空 0
176.057 176.357 60.0 的 0
176.357 176.757 62.0 地 0
176.757 177.157 57.0 址 1
177.823 178.123 60.0 只 0
178.123 178.423 60.0 因 0
178.423 178.723 60.0 为 0
178.723 179.023 60.0 太 0
179.023 179.323 57.0 高 0
179.323 179.623 57.0 摔 0
179.623 179.923 60.0 得 0
179.923 180.523 64.0 我 0
180.523 180.823 62.0 血 0
180.823 181.123 60.0 流 0
181.123 181.523 57.0 不 0
181.523 182.023 55.0 止 1
182.636 182.936 64.0 带 0
182.936 183.236 64.0 着 0
183.236 183.536 67.0 伤 0
183.536 183.836 67.0 口 0
183.836 184.136 64.0 回 0
184.136 184.436 62.0 到 0
184.436 184.736 60.0 当 0
184.736 185.036 62.0 初 0
185.036 185.336 62.0 背 0
185.336 185.636 62.0 叛 0
185.636 185.936 64.0 的 0
185.936 186.236 57.0 城 0
186.236 186.836 62.0 市 1
187.559 187.859 60.0 唯 0
187.859 188.159 60.0 一 0
188.159 188.459 60.0 收 0
188.459 188.759 60.0 容 0
188.759 189.059 57.0 我 0
189.059 189.359 57.0 的 0
189.359 189.659 60.0 却 0
189.659 190.259 64.0 是 0
190.259 190.559 62.0 自 0
190.559 191.059 62.0 己 0
191.259 191.459 60.0 的 0
191.459 191.859 57.0 影 0
191.859 192.359 62.0 子 0
192.359 193.159 60.0 - 1
197.408 197.708 65.0 想 0
197.708 198.008 64.0 跟 0
198.008 198.308 65.0 着 0
198.308 198.608 64.0 你 0
198.608 199.008 60.0 一 0
199.008 199.508 64.0 辈 0
199.508 200.108 60.0 子 1
200.699 200.999 60.0 至 0
200.999 201.299 60.0 少 0
201.299 201.599 57.0 这 0
201.599 201.899 60.0 样 0
201.899 202.199 60.0 的 0
202.199 202.499 60.0 世 0
202.499 202.799 57.0 界 0
202.799 203.199 60.0 没 0
203.199 203.699 57.0 有 0
203.699 204.299 64.0 现 0
204.299 204.999 62.0 实 1
206.855 207.155 65.0 想 0
207.155 207.455 64.0 赖 0
207.455 207.855 65.0 着 0
207.855 208.155 64.0 你 0
208.155 208.555 60.0 一 0
208.555 209.055 64.0 辈 0
209.055 209.755 60.0 子 1
210.442 210.642 60.0 做 0
210.642 210.942 57.0 你 0
211.042 211.342 67.0 感 0
211.342 211.642 67.0 情 0
211.642 211.942 67.0 里 0
211.942 212.242 67.0 最 0
212.242 212.542 67.0 后 0
212.542 212.842 64.0 - 0
212.842 213.142 64.0 一 0
213.142 213.442 65.0 个 0
213.442 213.742 67.0 天 0
213.742 214.042 69.0 - 0
214.042 214.342 67.0 - 0
214.342 216.642 67.0 使 1
217.823 218.123 72.0 如 0
218.123 218.323 71.0 果 0
218.323 218.623 69.0 梦 0
218.623 218.923 67.0 醒 0
218.923 219.223 67.0 时 0
219.223 219.523 64.0 还 0
219.523 220.123 67.0 在 0
220.123 220.423 69.0 一 0
220.423 221.523 67.0 起 1
222.424 222.724 64.0 请 0
222.724 223.024 67.0 容 0
223.024 223.624 69.0 许 0
223.624 223.924 69.0 我 0
223.924 224.224 72.0 们 0
224.224 224.724 69.0 相 0
224.724 225.224 67.0 依 0
225.324 225.824 64.0 为 0
225.824 226.324 62.0 命 1
227.223 227.523 64.0 绚 0
227.523 227.823 62.0 烂 0
227.823 228.223 60.0 也 0
228.223 228.523 62.0 许 0
228.523 228.823 64.0 一 0
228.823 229.423 69.0 时 1
229.838 230.138 64.0 平 0
230.138 230.438 62.0 淡 0
230.438 230.738 60.0 走 0
230.738 231.038 62.0 完 0
231.038 231.338 64.0 一 0
231.338 231.538 69.0 世 0
231.538 231.938 71.0 - 1
232.016 232.316 69.0 是 0
232.316 232.616 71.0 我 0
232.616 233.016 72.0 选 0
233.016 233.516 69.0 择 0
233.516 233.816 69.0 你 0
233.816 234.316 72.0 这 0
234.316 234.816 69.0 样 0
234.816 235.116 69.0 的 0
235.116 235.516 69.0 男 0
235.516 236.216 67.0 子 1
236.848 237.148 72.0 就 0
237.148 237.448 71.0 怕 0
237.448 237.748 69.0 梦 0
237.748 238.048 67.0 醒 0
238.048 238.248 67.0 时 0
238.248 238.648 64.0 已 0
238.648 238.948 67.0 分 0
238.948 239.248 64.0 - 0
239.248 239.648 64.0 两 0
239.648 239.948 69.0 地 0
239.948 240.648 67.0 - 1
241.676 242.076 64.0 谁 0
242.076 242.376 67.0 也 0
242.376 242.876 69.0 挽 0
242.876 243.276 69.0 不 0
243.276 243.576 72.0 回 0
243.576 243.976 69.0 这 0
243.976 244.476 67.0 场 0
244.476 245.076 64.0 分 0
245.076 245.876 62.0 离 1
246.514 246.814 64.0 爱 0
246.814 247.114 62.0 恨 0
247.114 247.414 60.0 可 0
247.414 247.714 62.0 以 0
247.714 248.014 64.0 不 0
248.014 248.214 67.0 分 0
248.214 248.614 69.0 - 1
248.993 249.293 64.0 责 0
249.293 249.593 62.0 任 0
249.593 249.893 60.0 可 0
249.893 250.193 62.0 以 0
250.193 250.493 64.0 不 0
250.493 250.693 69.0 问 0
250.693 251.093 71.0 - 1
251.448 251.748 69.0 天 0
251.748 252.048 71.0 亮 0
252.048 252.348 72.0 了 0
252.348 252.643 72.0 我 0
252.648 252.948 72.0 还 0
252.948 253.248 69.0 是 0
253.248 253.948 74.0 不 0
253.948 255.548 72.0 是 0
256.348 256.648 69.0 你 0
256.648 257.348 76.0 的 0
257.348 257.748 69.0 女 0
257.748 261.548 72.0 人 1
267.169 267.569 69.0 天 0
267.569 267.869 71.0 亮 0
267.869 268.269 72.0 了 0
268.269 268.564 72.0 我 0
268.569 268.869 72.0 还 0
268.869 269.169 69.0 是 0
269.569 269.969 74.0 不 0
270.169 271.569 72.0 是 0
272.769 273.169 69.0 你 0
273.269 273.969 76.0 的 0
274.569 275.469 69.0 女 0
275.469 279.169 72.0 人 1
