20.921 22.206 55.0 嘿 0
24.349 25.206 53.0 嗯 0
26.064 26.385 51.0 嗯 0
26.385 26.921 48.0 - 1
27.697 27.911 48.0 无 0
27.911 28.125 50.0 论 0
28.125 28.554 51.0 怎 0
28.554 28.983 48.0 么 0
28.983 29.411 43.0 叫 0
29.411 29.625 50.0 我 0
29.625 29.84 51.0 都 0
29.84 30.054 50.0 觉 0
30.054 30.268 51.0 得 0
30.268 30.483 51.0 虚 0
30.483 30.697 48.0 伪 1
30.906 31.12 48.0 陪 0
31.12 31.335 50.0 伴 0
31.335 31.549 51.0 你 0
31.549 31.978 53.0 那 0
31.978 32.406 50.0 么 0
32.406 32.835 46.0 久 0
32.835 33.049 43.0 你 0
33.049 33.263 44.0 说 0
33.263 33.692 43.0 是 0
33.692 33.906 50.0 受 0
33.906 34.12 51.0 罪 1
34.522 34.736 51.0 从 0
34.736 34.951 53.0 前 0
34.951 35.379 55.0 到 0
35.379 35.593 55.0 现 0
35.593 36.022 55.0 在 0
36.022 36.451 58.0 当 0
36.451 36.879 58.0 我 0
36.879 37.308 57.0 是 0
37.308 37.979 53.0 谁 1
38.272 38.486 53.0 你 0
38.486 38.915 55.0 这 0
38.915 39.129 55.0 花 0
39.129 39.558 55.0 心 0
39.558 39.986 55.0 蝴 0
39.986 40.415 55.0 蝶 0
40.415 40.843 53.0 - 0
40.843 41.272 55.0 - 1
41.578 41.792 48.0 昨 0
41.792 42.007 50.0 夜 0
42.007 42.435 51.0 陪 0
42.435 42.864 48.0 你 0
42.864 43.507 43.0 醉 1
43.507 43.721 51.0 唱 0
43.721 44.15 51.0 到 0
44.15 44.364 50.0 我 0
44.364 44.792 51.0 心 0
44.792 45.221 58.0 碎 1
45.221 45.435 60.0 你 0
45.435 45.864 60.0 竟 0
45.864 46.078 58.0 说 0
46.078 46.721 58.0 我 0
46.721 46.935 56.0 和 0
46.935 47.364 56.0 你 0
47.364 47.792 55.0 不 0
47.792 48.007 53.0 配 0
48.007 48.439 55.0 - 1
49.133 49.348 51.0 完 0
49.348 49.562 51.0 全 0
49.562 49.776 51.0 忘 0
49.776 49.991 57.0 记 0
49.991 50.419 58.0 - 0
50.419 50.848 58.0 往 0
50.848 51.062 57.0 日 0
51.062 51.491 57.0 为 0
51.491 52.133 53.0 何 1
52.216 52.645 55.0 能 0
52.645 52.859 55.0 与 0
52.859 53.288 55.0 我 0
53.288 53.716 57.0 彻 0
53.716 54.145 59.0 夜 0
54.145 54.574 60.0 缠 0
54.574 54.788 60.0 绵 0
54.788 55.002 63.0 - 0
55.002 55.216 60.0 - 1
55.256 55.471 60.0 和 0
55.471 55.685 62.0 你 0
55.685 55.899 62.0 吻 0
55.899 56.114 63.0 吻 0
56.114 56.328 63.0 吻 0
56.328 56.542 63.0 吻 1
56.557 56.771 63.0 吻 0
56.771 56.986 63.0 你 0
56.986 57.2 63.0 吻 0
57.2 57.414 60.0 得 0
57.414 57.629 63.0 太 0
57.629 58.057 65.0 逼 0
58.057 58.271 65.0 真 1
58.411 58.625 65.0 让 0
58.625 58.839 65.0 我 0
58.839 59.054 63.0 把 0
59.054 59.268 65.0 虚 0
59.268 59.482 65.0 情 0
59.482 59.911 65.0 假 0
59.911 60.339 65.0 意 1
60.369 60.584 65.0 当 0
60.584 60.798 63.0 作 0
60.798 61.012 65.0 最 0
61.012 61.441 67.0 真 0
61.441 61.869 67.0 心 0
61.869 62.084 65.0 的 0
62.084 62.298 65.0 亲 0
62.298 62.512 63.0 吻 1
62.938 63.152 63.0 怪 0
63.152 63.366 60.0 自 0
63.366 63.795 63.0 己 0
63.795 64.009 63.0 来 0
64.009 64.223 60.0 不 0
64.223 64.438 63.0 及 0
64.438 64.866 65.0 区 0
64.866 65.509 65.0 分 1
65.576 65.79 65.0 你 0
65.79 66.005 63.0 对 0
66.005 66.433 62.0 我 0
66.433 66.648 62.0 是 0
66.648 67.076 62.0 酷 0
67.076 67.505 60.0 爱 0
67.505 67.933 59.0 是 0
67.933 68.362 55.0 敷 0
68.362 68.683 55.0 衍 0
68.683 68.898 55.0 - 0
68.898 69.005 53.0 - 1
69.007 69.221 60.0 我 0
69.221 69.435 62.0 想 0
69.435 69.65 63.0 吻 0
69.65 69.864 63.0 吻 0
69.864 70.078 63.0 吻 0
70.078 70.292 63.0 吻 1
70.293 70.508 63.0 问 0
70.508 70.722 63.0 我 0
70.722 70.936 63.0 该 0
70.936 71.151 60.0 怎 0
71.151 71.365 63.0 么 0
71.365 71.793 65.0 脱 0
71.793 72.008 65.0 身 1
72.067 72.281 63.0 你 0
72.281 72.496 65.0 却 0
72.496 72.71 63.0 说 0
72.71 73.138 70.0 花 0
73.138 73.567 70.0 花 0
73.567 73.996 70.0 世 0
73.996 74.424 70.0 界 1
74.457 74.671 72.0 不 0
74.671 74.886 70.0 必 0
74.886 75.1 70.0 当 0
75.1 75.314 70.0 真 1
75.615 76.043 67.0 多 0
76.043 76.472 65.0 么 0
76.472 76.9 63.0 伤 0
76.9 77.757 60.0 人 1
77.784 77.999 60.0 让 0
77.999 78.213 65.0 我 0
78.213 78.642 65.0 爱 0
78.642 78.856 63.0 上 0
78.856 79.07 65.0 - 0
79.07 79.284 63.0 - 0
79.284 79.499 63.0 多 0
79.499 79.713 60.0 情 0
79.713 79.927 63.0 的 0
79.927 80.356 60.0 红 0
80.356 81.534 60.0 唇 0
81.534 81.856 55.0 - 1
83.599 84.028 58.0 哦 0
84.028 84.778 60.0 - 0
84.778 85.528 62.0 耶 0
85.528 86.385 60.0 - 0
87.242 88.099 63.0 喔 0
88.099 89.814 67.0 - 0
90.671 91.099 48.0 嘿 0
91.099 91.528 51.0 - 0
91.528 92.064 55.0 哈 0
92.064 92.357 51.0 咿 0
92.385 93.457 51.0 喔 0
93.457 94.528 55.0 - 0
94.528 95.814 55.0 - 1
96.37 96.585 48.0 拿 0
96.585 96.799 50.0 什 0
96.799 97.227 51.0 么 0
97.227 97.656 48.0 心 0
97.656 98.085 43.0 肠 0
98.085 98.192 50.0 面 0
98.192 98.299 51.0 对 0
98.299 98.62 51.0 我 0
98.62 98.727 51.0 的 0
98.727 99.156 50.0 生 0
99.156 99.37 48.0 冷 1
99.47 99.684 48.0 能 0
99.684 99.898 50.0 不 0
99.898 100.112 51.0 能 0
100.112 100.541 53.0 想 0
100.541 100.97 50.0 一 0
100.97 101.398 46.0 想 0
101.398 101.612 43.0 你 0
101.612 101.827 44.0 让 0
101.827 102.255 43.0 我 0
102.255 102.47 50.0 多 0
102.47 102.684 51.0 伤 1
103.278 103.493 51.0 你 0
103.493 103.707 53.0 的 0
103.707 104.136 55.0 爱 0
104.136 104.35 51.0 就 0
104.35 104.778 48.0 像 0
105.207 105.421 55.0 完 0
105.421 105.743 56.0 美 0
105.743 106.064 55.0 毒 0
106.064 106.707 53.0 药 1
106.828 107.043 53.0 对 0
107.043 107.471 55.0 手 0
107.471 107.685 55.0 的 0
107.685 108.114 55.0 场 0
108.114 108.543 56.0 地 0
108.543 108.971 55.0 依 0
108.971 109.4 53.0 然 0
109.4 109.828 50.0 漂 0
109.828 110.15 50.0 亮 1
110.563 110.992 51.0 不 0
110.992 111.42 48.0 敢 0
111.42 112.063 43.0 想 0
112.063 112.277 51.0 曾 0
112.277 112.706 51.0 与 0
112.706 112.92 50.0 你 0
112.92 113.349 51.0 渡 0
113.349 113.777 58.0 过 1
113.789 114.004 60.0 多 0
114.004 114.432 60.0 少 0
114.432 114.647 58.0 真 0
114.647 115.075 57.0 实 0
115.075 115.504 56.0 的 0
115.504 115.932 56.0 晚 0
115.932 116.468 55.0 上 0
116.468 116.789 51.0 - 1
117.363 117.792 60.0 一 0
117.792 118.006 53.0 转 0
118.006 118.756 53.0 眼 0
119.078 119.506 59.0 热 0
119.506 119.72 60.0 恋 0
119.72 120.149 62.0 后 0
120.149 120.792 63.0 身 0
120.792 121.22 62.0 受 0
121.22 121.435 60.0 重 0
121.435 122.292 60.0 伤 0
122.292 123.149 60.0 - 0
123.149 123.792 60.0 - 1
123.805 124.019 60.0 和 0
124.019 124.233 62.0 你 0
124.233 124.448 62.0 吻 0
124.448 124.662 63.0 吻 0
124.662 124.876 63.0 吻 0
124.876 125.091 63.0 吻 1
125.147 125.361 63.0 吻 0
125.361 125.575 63.0 你 0
125.575 125.789 63.0 吻 0
125.789 126.004 60.0 得 0
126.004 126.218 63.0 太 0
126.218 126.647 65.0 逼 0
126.647 126.861 65.0 真 1
127.039 127.253 65.0 让 0
127.253 127.468 65.0 我 0
127.468 127.682 63.0 把 0
127.682 127.896 65.0 虚 0
127.896 128.111 65.0 情 0
128.111 128.539 65.0 假 0
128.539 128.968 65.0 意 1
128.992 129.206 65.0 当 0
129.206 129.42 63.0 作 0
129.42 129.635 65.0 最 0
129.635 130.063 67.0 真 0
130.063 130.492 67.0 心 0
130.492 130.706 65.0 的 0
130.706 130.92 65.0 亲 0
130.92 131.135 63.0 吻 1
131.413 131.627 63.0 怪 0
131.627 131.842 60.0 自 0
131.842 132.27 63.0 己 0
132.27 132.485 63.0 来 0
132.485 132.699 60.0 不 0
132.699 132.913 63.0 及 0
132.913 133.342 65.0 区 0
133.342 133.985 65.0 分 1
134.059 134.273 65.0 你 0
134.273 134.487 63.0 对 0
134.487 134.916 62.0 我 0
134.916 135.13 62.0 是 0
135.13 135.559 62.0 酷 0
135.559 135.987 60.0 爱 0
135.987 136.416 59.0 是 0
136.416 136.844 55.0 敷 0
136.844 137.166 55.0 衍 0
137.166 137.38 56.0 - 0
137.38 137.487 53.0 - 1
137.561 137.775 60.0 我 0
137.775 137.99 62.0 想 0
137.99 138.204 62.0 吻 0
138.204 138.418 63.0 吻 0
138.418 138.633 63.0 吻 0
138.633 138.847 63.0 吻 1
138.847 139.061 63.0 问 0
139.061 139.275 63.0 我 0
139.275 139.49 63.0 该 0
139.49 139.704 60.0 怎 0
139.704 139.918 63.0 么 0
139.918 140.347 65.0 脱 0
140.347 140.561 65.0 身 1
140.677 140.892 63.0 你 0
140.892 141.106 65.0 却 0
141.106 141.32 63.0 说 0
141.32 141.749 70.0 花 0
141.749 142.177 70.0 花 0
142.177 142.606 70.0 世 0
142.606 143.035 70.0 界 1
143.076 143.29 72.0 不 0
143.29 143.504 70.0 必 0
143.504 143.718 70.0 当 0
143.718 143.933 70.0 真 1
144.148 144.577 67.0 多 0
144.577 145.005 65.0 么 0
145.005 145.434 63.0 伤 0
145.434 145.755 60.0 人 0
145.755 146.077 56.0 - 1
146.245 146.459 60.0 让 0
146.459 146.673 65.0 我 0
146.673 147.102 65.0 爱 0
147.102 147.316 63.0 上 0
147.316 147.638 63.0 - 0
147.745 147.959 63.0 多 0
147.959 148.173 60.0 情 0
148.173 148.388 63.0 的 0
148.388 148.816 60.0 红 0
148.816 150.102 60.0 唇 1
150.201 150.844 62.0 哦 0
150.844 151.701 60.0 - 1
151.98 152.408 63.0 深 0
152.408 152.837 60.0 渊 0
152.837 153.265 55.0 万 0
153.265 153.694 51.0 丈 0
153.694 153.908 51.0 你 0
153.908 154.337 53.0 把 0
154.337 154.551 51.0 我 0
154.551 154.765 53.0 的 0
154.765 154.98 51.0 爱 1
155.046 155.367 55.0 用 0
155.367 155.688 55.0 尽 0
155.688 155.903 55.0 后 0
155.903 156.224 55.0 丢 0
156.224 156.546 60.0 弃 0
156.546 156.76 62.0 荒 0
156.76 157.188 63.0 野 0
157.188 157.403 62.0 埋 0
157.403 158.046 60.0 葬 1
158.281 158.495 60.0 你 0
158.495 158.924 67.0 犯 0
158.924 159.138 65.0 的 0
159.138 159.567 65.0 罪 0
159.567 159.995 63.0 装 0
159.995 160.424 60.0 没 0
160.424 160.852 60.0 人 0
160.852 161.281 62.0 知 0
161.281 161.602 63.0 道 1
161.894 162.322 67.0 用 0
162.322 162.537 67.0 什 0
162.537 162.965 67.0 么 0
162.965 163.394 65.0 证 0
163.394 163.822 67.0 明 0
163.822 164.251 68.0 你 0
164.251 164.679 67.0 的 0
164.679 165.108 65.0 亲 0
165.108 165.537 67.0 吻 0
165.537 165.858 68.0 真 0
165.858 166.179 67.0 - 0
166.179 166.394 67.0 的 0
166.394 166.822 65.0 残 0
166.822 168.322 67.0 忍 1
168.379 168.594 60.0 和 0
168.594 168.808 62.0 你 0
168.808 169.022 62.0 吻 0
169.022 169.236 63.0 吻 0
169.236 169.451 63.0 吻 0
169.451 169.665 63.0 吻 1
169.685 169.899 63.0 吻 0
169.899 170.114 63.0 你 0
170.114 170.328 63.0 吻 0
170.328 170.542 60.0 得 0
170.542 170.756 63.0 太 0
170.756 171.185 65.0 逼 0
171.185 171.399 65.0 真 1
171.583 171.797 65.0 让 0
171.797 172.011 65.0 我 0
172.011 172.225 63.0 把 0
172.225 172.44 65.0 虚 0
172.44 172.654 65.0 情 0
172.654 173.083 65.0 假 0
173.083 173.511 65.0 意 1
173.552 173.766 65.0 当 0
173.766 173.981 63.0 作 0
173.981 174.195 65.0 最 0
174.195 174.624 67.0 真 0
174.624 175.052 67.0 心 0
175.052 175.266 65.0 的 0
175.266 175.481 65.0 亲 0
175.481 175.695 63.0 吻 1
176.027 176.241 63.0 怪 0
176.241 176.455 60.0 自 0
176.455 176.884 63.0 己 0
176.884 177.098 63.0 来 0
177.098 177.312 60.0 不 0
177.312 177.527 63.0 及 0
177.527 177.955 65.0 区 0
177.955 178.598 65.0 分 1
178.715 178.929 65.0 你 0
178.929 179.144 63.0 对 0
179.144 179.572 62.0 我 0
179.572 179.786 62.0 是 0
179.786 180.215 62.0 酷 0
180.215 180.644 60.0 爱 0
180.644 181.072 59.0 是 0
181.072 181.501 55.0 敷 0
181.501 181.822 55.0 衍 0
181.822 182.036 56.0 - 0
182.036 182.144 53.0 - 1
182.146 182.36 60.0 我 0
182.36 182.574 62.0 想 0
182.574 182.788 62.0 吻 0
182.788 183.003 63.0 吻 0
183.003 183.217 63.0 吻 0
183.217 183.431 63.0 吻 1
183.435 183.65 63.0 问 0
183.65 183.864 63.0 我 0
183.864 184.078 63.0 该 0
184.078 184.292 60.0 怎 0
184.292 184.507 63.0 么 0
184.507 184.935 65.0 脱 0
184.935 185.15 65.0 身 1
185.302 185.516 63.0 你 0
185.516 185.73 65.0 却 0
185.73 185.945 63.0 说 0
185.945 186.373 70.0 花 0
186.373 186.802 70.0 花 0
186.802 187.23 70.0 世 0
187.23 187.659 70.0 界 1
187.683 187.897 72.0 不 0
187.897 188.112 70.0 必 0
188.112 188.326 70.0 当 0
188.326 188.54 70.0 真 1
188.695 189.124 67.0 多 0
189.124 189.553 65.0 么 0
189.553 189.981 63.0 伤 0
189.981 190.303 60.0 人 0
190.303 190.624 56.0 - 1
190.806 191.021 60.0 让 0
191.021 191.235 65.0 我 0
191.235 191.663 65.0 爱 0
191.663 191.878 63.0 上 0
191.878 192.092 65.0 - 0
192.092 192.306 63.0 - 0
192.306 192.521 63.0 多 0
192.521 192.735 60.0 情 0
192.735 192.949 63.0 的 0
192.949 193.378 60.0 红 0
193.378 194.663 60.0 唇 1
194.767 195.303 62.0 哦 0
195.303 195.625 58.0 - 0
195.625 195.839 60.0 - 1
195.858 196.072 60.0 和 0
196.072 196.286 62.0 你 0
196.286 196.501 62.0 吻 0
196.501 196.715 63.0 吻 0
196.715 196.929 63.0 吻 0
196.929 197.144 63.0 吻 1
197.147 197.361 63.0 吻 0
197.361 197.575 63.0 你 0
197.575 197.789 63.0 吻 0
197.789 198.004 60.0 得 0
198.004 198.218 63.0 太 0
198.218 198.647 65.0 逼 0
198.647 198.861 65.0 真 1
198.984 199.198 65.0 让 0
199.198 199.413 65.0 我 0
199.413 199.627 63.0 把 0
199.627 199.841 65.0 虚 0
199.841 200.056 65.0 情 0
200.056 200.484 65.0 假 0
200.484 200.913 65.0 意 1
200.913 201.127 65.0 当 0
201.127 201.341 63.0 作 0
201.341 201.556 65.0 最 0
201.556 201.984 67.0 真 0
201.984 202.413 67.0 心 0
202.413 202.627 65.0 的 0
202.627 202.841 65.0 亲 0
202.841 203.056 63.0 吻 1
203.556 203.77 63.0 怪 0
203.77 203.985 60.0 自 0
203.985 204.413 63.0 己 0
204.413 204.628 63.0 来 0
204.628 204.842 60.0 不 0
204.842 205.056 63.0 及 0
205.056 205.485 65.0 区 0
205.485 206.128 65.0 分 1
206.13 206.344 65.0 你 0
206.344 206.558 63.0 对 0
206.558 206.987 62.0 我 0
206.987 207.201 62.0 是 0
207.201 207.63 62.0 酷 0
207.63 208.058 60.0 爱 0
208.058 208.487 59.0 是 0
208.487 208.915 55.0 敷 0
208.915 209.237 55.0 衍 0
209.237 209.451 56.0 - 0
209.451 209.558 53.0 - 1
209.568 209.782 60.0 我 0
209.782 209.997 62.0 想 0
209.997 210.211 62.0 吻 0
210.211 210.425 63.0 吻 0
210.425 210.64 63.0 吻 0
210.64 210.854 63.0 吻 1
210.864 211.078 63.0 问 0
211.078 211.292 63.0 我 0
211.292 211.507 63.0 该 0
211.507 211.721 60.0 怎 0
211.721 211.935 63.0 么 0
211.935 212.364 65.0 脱 0
212.364 212.578 65.0 身 1
212.697 212.912 63.0 你 0
212.912 213.126 65.0 却 0
213.126 213.34 63.0 说 0
213.34 213.769 70.0 花 0
213.769 214.197 70.0 花 0
214.197 214.626 70.0 世 0
214.626 215.055 70.0 界 1
215.136 215.35 72.0 不 0
215.35 215.564 70.0 必 0
215.564 215.778 70.0 当 0
215.778 215.993 70.0 真 1
216.07 216.499 67.0 多 0
216.499 216.927 65.0 么 0
216.927 217.356 63.0 伤 0
217.356 217.677 60.0 人 0
217.677 217.999 56.0 - 1
218.345 218.559 60.0 让 0
218.559 218.773 65.0 我 0
218.773 219.202 65.0 爱 0
219.202 219.416 63.0 上 0
219.416 219.631 65.0 - 0
219.631 219.845 63.0 - 0
219.845 220.059 63.0 多 0
220.059 220.273 60.0 情 0
220.273 220.488 63.0 的 0
220.488 220.916 60.0 红 0
220.916 222.952 60.0 唇 0
222.952 223.273 55.0 - 1
