20.726 20.992 57.0 寂 0
20.992 21.257 59.0 寞 0
21.257 21.507 64.0 就 0
21.507 21.757 64.0 象 0
21.757 22.007 64.0 一 0
22.007 22.507 62.0 段 0
22.507 22.757 54.0 - 0
22.757 23.257 54.0 旅 0
23.257 24.257 57.0 程 1
24.725 24.975 59.0 我 0
24.975 25.225 61.0 需 0
25.225 26.225 62.0 要 0
26.225 26.6 66.0 同 0
26.6 26.975 69.0 行 0
26.975 27.225 62.0 的 0
27.225 28.225 64.0 人 1
28.736 28.986 66.0 你 0
28.986 29.236 67.0 在 0
29.236 29.486 67.0 某 0
29.486 29.986 69.0 - 0
29.986 30.236 66.0 个 0
30.236 30.736 66.0 时 0
30.736 31.236 64.0 - 0
31.236 32.236 59.0 分 1
32.729 32.979 57.0 刚 0
32.979 33.229 57.0 好 0
33.229 33.979 59.0 路 0
33.979 34.229 62.0 过 0
34.229 34.604 66.0 我 0
34.604 34.979 64.0 的 0
34.979 35.354 62.0 青 0
35.354 36.229 64.0 春 1
36.8 37.05 57.0 以 0
37.05 37.3 59.0 为 0
37.3 37.55 64.0 你 0
37.55 37.8 64.0 能 0
37.8 38.05 64.0 爱 0
38.05 38.3 62.0 我 0
38.3 38.675 62.0 一 0
38.675 39.05 62.0 世 0
39.05 39.3 54.0 一 0
39.3 40.3 57.0 生 1
40.769 41.019 59.0 曾 0
41.019 41.269 61.0 经 0
41.269 41.519 61.0 我 0
41.519 42.019 62.0 - 0
42.019 42.269 62.0 是 0
42.269 42.519 66.0 那 0
42.519 43.019 69.0 么 0
43.019 43.269 62.0 天 0
43.269 44.269 64.0 真 1
44.796 45.046 66.0 爱 0
45.046 45.296 67.0 你 0
45.296 45.546 67.0 爱 0
45.546 46.046 69.0 - 0
46.046 46.296 67.0 得 0
46.296 46.796 66.0 奋 0
46.796 47.046 64.0 不 0
47.046 47.296 62.0 顾 0
47.296 48.296 59.0 身 1
48.686 48.936 66.0 无 0
48.936 49.186 69.0 怨 0
49.186 49.936 64.0 无 0
49.936 50.186 66.0 悔 0
50.186 50.686 64.0 掏 0
50.686 50.936 62.0 空 0
50.936 51.186 59.0 灵 0
51.186 53.561 62.0 魂 1
54.856 55.106 66.0 曾 0
55.106 55.356 67.0 经 0
55.356 55.606 67.0 是 0
55.606 56.106 69.0 - 0
56.106 56.356 71.0 我 0
56.356 56.856 66.0 最 0
56.856 57.106 66.0 爱 0
57.106 57.356 64.0 的 0
57.356 58.356 62.0 人 1
58.761 59.011 62.0 今 0
59.011 59.261 64.0 夜 0
59.261 59.511 64.0 你 0
59.511 60.011 66.0 - 0
60.011 60.261 71.0 又 0
60.261 60.511 69.0 和 0
60.511 60.761 71.0 谁 0
60.761 61.261 62.0 温 0
61.261 62.261 64.0 存 1
62.749 62.999 62.0 是 0
62.999 63.249 64.0 不 0
63.249 63.499 64.0 是 0
63.499 63.999 66.0 - 0
63.999 64.249 71.0 在 0
64.249 64.499 69.0 叫 0
64.499 64.749 69.0 着 0
64.749 65.166 66.0 别 0
65.249 66.249 59.0 人 1
66.713 66.963 71.0 轻 0
66.963 67.213 69.0 轻 0
67.213 67.963 66.0 吻 0
67.963 68.213 71.0 她 0
68.213 68.713 69.0 火 0
68.713 68.963 69.0 热 0
68.963 69.213 66.0 的 0
69.213 70.213 64.0 唇 1
70.761 71.011 66.0 曾 0
71.011 71.261 67.0 经 0
71.261 71.511 67.0 是 0
71.511 72.011 69.0 - 0
72.011 72.261 71.0 我 0
72.261 72.761 66.0 最 0
72.761 73.011 66.0 爱 0
73.011 73.261 64.0 的 0
73.261 74.261 62.0 人 1
74.724 74.974 62.0 今 0
74.974 75.224 64.0 夜 0
75.224 75.474 64.0 你 0
75.474 75.974 66.0 - 0
75.974 76.224 71.0 在 0
76.224 76.474 69.0 何 0
76.474 76.724 71.0 处 0
76.724 77.224 62.0 藏 0
77.224 78.224 64.0 身 1
78.723 78.973 62.0 有 0
78.973 79.223 64.0 没 0
79.223 79.473 64.0 有 0
79.473 79.973 66.0 - 0
79.973 80.223 71.0 想 0
80.223 80.473 69.0 过 0
80.473 80.723 69.0 有 0
80.723 80.973 66.0 一 0
80.973 81.223 62.0 个 0
81.223 82.223 59.0 人 1
82.733 82.983 71.0 还 0
82.983 83.233 69.0 在 0
83.233 83.983 66.0 默 0
83.983 84.233 69.0 默 0
84.233 84.733 64.0 苦 0
84.733 84.983 64.0 苦 0
84.983 85.233 59.0 的 0
85.233 85.983 62.0 等 0
85.983 87.733 62.0 - 1
120.77 121.02 57.0 寂 0
121.02 121.27 59.0 寞 0
121.27 121.52 64.0 就 0
121.52 121.77 64.0 象 0
121.77 122.02 64.0 一 0
122.02 122.52 62.0 段 0
122.52 122.77 54.0 - 0
122.77 123.27 54.0 旅 0
123.27 124.27 57.0 程 1
124.808 125.058 59.0 我 0
125.058 125.308 61.0 需 0
125.308 126.308 62.0 要 0
126.308 126.683 66.0 同 0
126.683 127.058 69.0 行 0
127.058 127.308 62.0 的 0
127.308 128.308 64.0 人 1
128.771 129.021 66.0 你 0
129.021 129.271 67.0 在 0
129.271 129.521 67.0 某 0
129.521 130.021 69.0 - 0
130.021 130.271 66.0 个 0
130.271 130.771 66.0 时 0
130.771 131.271 64.0 - 0
131.271 132.271 59.0 分 1
132.816 133.066 57.0 刚 0
133.066 133.316 57.0 好 0
133.316 134.066 59.0 路 0
134.066 134.316 62.0 过 0
134.316 134.691 66.0 我 0
134.691 135.066 64.0 的 0
135.066 135.441 62.0 青 0
135.441 136.316 64.0 春 1
136.676 136.926 57.0 以 0
136.926 137.176 59.0 为 0
137.176 137.426 64.0 你 0
137.426 137.676 64.0 能 0
137.676 137.926 64.0 爱 0
137.926 138.176 62.0 我 0
138.176 138.551 62.0 一 0
138.551 138.926 62.0 世 0
138.926 139.176 54.0 一 0
139.176 140.176 57.0 生 1
140.702 140.952 59.0 曾 0
140.952 141.202 61.0 经 0
141.202 141.452 61.0 我 0
141.452 141.952 62.0 - 0
141.952 142.202 62.0 是 0
142.202 142.452 66.0 那 0
142.452 142.952 69.0 么 0
142.952 143.202 62.0 天 0
143.202 144.202 64.0 真 1
144.677 144.927 66.0 爱 0
144.927 145.177 67.0 你 0
145.177 145.427 67.0 爱 0
145.427 145.927 69.0 - 0
145.927 146.177 67.0 得 0
146.177 146.677 66.0 奋 0
146.677 146.927 64.0 不 0
146.927 147.177 62.0 顾 0
147.177 148.177 59.0 身 1
148.708 148.958 66.0 无 0
148.958 149.208 69.0 怨 0
149.208 149.958 64.0 无 0
149.958 150.208 66.0 悔 0
150.208 150.708 64.0 掏 0
150.708 150.958 62.0 空 0
150.958 151.208 59.0 灵 0
151.208 153.583 62.0 魂 1
154.813 155.063 66.0 曾 0
155.063 155.313 67.0 经 0
155.313 155.563 67.0 是 0
155.563 156.063 69.0 - 0
156.063 156.313 71.0 我 0
156.313 156.813 66.0 最 0
156.813 157.063 66.0 爱 0
157.063 157.313 64.0 的 0
157.313 158.313 62.0 人 1
158.699 158.949 62.0 今 0
158.949 159.199 64.0 夜 0
159.199 159.449 64.0 你 0
159.449 159.949 66.0 - 0
159.949 160.199 71.0 又 0
160.199 160.449 69.0 和 0
160.449 160.699 71.0 谁 0
160.699 161.199 62.0 温 0
161.199 162.199 64.0 存 1
162.765 163.015 62.0 是 0
163.015 163.265 64.0 不 0
163.265 163.515 64.0 是 0
163.515 164.015 66.0 - 0
164.015 164.265 71.0 在 0
164.265 164.515 69.0 叫 0
164.515 164.765 69.0 着 0
164.765 165.182 66.0 别 0
165.265 166.265 59.0 人 1
166.687 166.937 71.0 轻 0
166.937 167.187 69.0 轻 0
167.187 167.937 66.0 吻 0
167.937 168.187 71.0 她 0
168.187 168.687 69.0 火 0
168.687 168.937 69.0 热 0
168.937 169.187 66.0 的 0
169.187 170.187 64.0 唇 1
170.71 170.96 66.0 曾 0
170.96 171.21 67.0 经 0
171.21 171.46 67.0 是 0
171.46 171.96 69.0 - 0
171.96 172.21 71.0 我 0
172.21 172.71 66.0 最 0
172.71 172.96 66.0 爱 0
172.96 173.21 64.0 的 0
173.21 174.21 62.0 人 1
174.857 175.107 62.0 今 0
175.107 175.357 64.0 夜 0
175.357 175.607 64.0 你 0
175.607 176.107 66.0 - 0
176.107 176.357 71.0 在 0
176.357 176.607 69.0 何 0
176.607 176.857 71.0 处 0
176.857 177.357 62.0 藏 0
177.357 178.357 64.0 身 1
178.668 178.918 62.0 有 0
178.918 179.168 64.0 没 0
179.168 179.418 64.0 有 0
179.418 179.918 66.0 - 0
179.918 180.168 71.0 想 0
180.168 180.418 69.0 过 0
180.418 180.668 69.0 有 0
180.668 180.918 66.0 一 0
180.918 181.168 62.0 个 0
181.168 182.168 59.0 人 1
182.76 183.01 71.0 还 0
183.01 183.26 69.0 在 0
183.26 184.01 66.0 默 0
184.01 184.26 69.0 默 0
184.26 184.76 64.0 苦 0
184.76 185.01 64.0 苦 0
185.01 185.26 59.0 的 0
185.26 187.76 62.0 等 1
188.674 188.924 66.0 曾 0
188.924 189.174 67.0 经 0
189.174 189.424 67.0 是 0
189.424 189.924 69.0 - 0
189.924 190.174 71.0 我 0
190.174 190.674 66.0 最 0
190.674 190.924 66.0 爱 0
190.924 191.174 64.0 的 0
191.174 192.174 62.0 人 1
192.747 192.997 62.0 今 0
192.997 193.247 64.0 夜 0
193.247 193.497 64.0 你 0
193.497 193.997 66.0 - 0
193.997 194.247 71.0 又 0
194.247 194.497 69.0 和 0
194.497 194.747 71.0 谁 0
194.747 195.247 62.0 温 0
195.247 196.247 64.0 存 1
196.832 197.082 62.0 是 0
197.082 197.332 64.0 不 0
197.332 197.582 64.0 是 0
197.582 198.082 66.0 - 0
198.082 198.332 71.0 在 0
198.332 198.582 69.0 叫 0
198.582 198.832 69.0 着 0
198.832 199.249 66.0 别 0
199.332 200.332 59.0 人 1
200.817 201.067 71.0 轻 0
201.067 201.317 69.0 轻 0
201.317 202.067 66.0 吻 0
202.067 202.317 71.0 她 0
202.317 202.817 69.0 火 0
202.817 203.067 69.0 热 0
203.067 203.317 66.0 的 0
203.317 204.317 64.0 唇 1
204.81 205.06 66.0 曾 0
205.06 205.31 67.0 经 0
205.31 205.56 67.0 是 0
205.56 206.06 69.0 - 0
206.06 206.31 71.0 我 0
206.31 206.81 66.0 最 0
206.81 207.06 66.0 爱 0
207.06 207.31 64.0 的 0
207.31 208.31 62.0 人 1
208.72 208.97 62.0 今 0
208.97 209.22 64.0 夜 0
209.22 209.47 64.0 你 0
209.47 209.97 66.0 - 0
209.97 210.22 71.0 在 0
210.22 210.47 69.0 何 0
210.47 210.72 71.0 处 0
210.72 211.22 62.0 藏 0
211.22 212.22 64.0 身 1
212.797 213.047 62.0 有 0
213.047 213.297 64.0 没 0
213.297 213.547 64.0 有 0
213.547 214.047 66.0 - 0
214.047 214.297 71.0 想 0
214.297 214.547 69.0 过 0
214.547 214.797 69.0 有 0
214.797 215.047 66.0 一 0
215.047 215.297 62.0 个 0
215.297 216.297 59.0 人 1
216.758 217.008 71.0 还 0
217.008 217.258 69.0 在 0
217.258 218.008 66.0 默 0
218.008 218.258 71.0 默 0
218.258 218.758 69.0 苦 0
218.758 219.008 69.0 苦 0
219.008 219.258 66.0 的 0
219.258 221.258 64.0 等 1
222.324 222.824 62.0 苦 0
222.824 223.074 62.0 苦 0
223.074 223.324 59.0 的 0
223.324 226.824 62.0 等 1
