17.476 17.949 63.0 那 0
17.949 18.421 62.0 天 0
18.421 18.658 63.0 醒 0
18.658 19.367 62.0 来 0
19.367 19.84 63.0 忽 0
19.84 20.312 62.0 然 0
20.312 20.549 63.0 想 0
20.549 21.258 62.0 开 0
21.294 21.766 63.0 不 0
21.766 22.239 62.0 愿 0
22.239 22.476 63.0 再 0
22.476 22.948 65.0 做 0
22.948 23.421 63.0 等 0
23.421 23.894 62.0 待 0
23.894 24.13 58.0 的 0
24.13 24.603 58.0 女 0
24.603 25.076 55.0 孩 0
25.084 25.556 63.0 拿 0
25.556 26.029 62.0 掉 0
26.029 26.265 63.0 戒 0
26.265 26.975 62.0 指 0
26.975 27.447 63.0 扎 0
27.447 27.92 62.0 起 0
27.92 28.156 63.0 马 0
28.156 28.866 62.0 尾 0
28.866 29.338 63.0 开 0
29.338 29.811 62.0 始 0
29.811 30.047 63.0 不 0
30.047 30.52 65.0 再 0
30.52 30.993 63.0 想 0
30.993 31.466 65.0 你 0
31.466 31.938 67.0 姿 0
31.938 32.884 67.0 态 0
33.158 33.394 65.0 接 0
33.394 33.63 67.0 - 0
33.63 33.867 65.0 受 0
33.867 34.339 67.0 无 0
34.576 34.812 65.0 奈 0
34.812 35.049 67.0 承 0
35.049 35.521 65.0 认 0
35.521 36.23 63.0 失 0
37.569 37.806 63.0 败 0
37.806 38.278 62.0 她 0
38.278 38.515 63.0 才 0
38.515 38.987 62.0 是 0
38.987 39.46 58.0 你 0
39.46 40.169 55.0 的 0
40.91 41.147 65.0 爱 0
41.147 41.383 67.0 寂 0
41.383 41.62 65.0 寞 0
41.62 42.092 67.0 伴 0
42.329 42.565 65.0 随 0
42.565 42.801 67.0 自 0
42.801 43.274 65.0 由 0
43.274 43.983 63.0 色 0
45.145 45.618 65.0 彩 0
45.618 45.854 63.0 迎 0
45.854 46.327 63.0 - 0
46.327 46.8 63.0 面 0
46.8 47.272 65.0 来 0
47.299 47.536 67.0 - 0
47.536 47.772 67.0 头 0
47.772 48.245 67.0 发 0
48.245 48.718 67.0 甩 0
48.718 48.954 60.0 甩 0
48.954 49.427 63.0 大 0
49.427 49.663 65.0 步 0
49.663 50.136 67.0 的 0
50.136 50.845 67.0 走 0
50.924 51.161 68.0 开 0
51.161 51.397 68.0 不 0
51.397 51.87 67.0 怜 0
51.87 52.343 67.0 悯 0
52.343 52.579 68.0 心 0
52.579 53.052 67.0 底 0
53.052 53.288 63.0 小 0
53.288 53.761 65.0 小 0
53.761 54.706 65.0 悲 0
54.737 54.974 67.0 哀 0
54.974 55.21 67.0 挥 0
55.21 55.683 67.0 手 0
55.683 56.155 67.0 bye 0
56.155 56.392 60.0 bye 0
56.392 56.865 63.0 祝 0
56.865 57.101 65.0 你 0
57.101 57.574 67.0 们 0
57.574 58.046 67.0 愉 0
58.148 58.621 63.0 快 0
58.621 60.039 60.0 我 0
60.16 60.396 63.0 会 0
60.396 60.869 62.0 一 0
60.869 61.105 63.0 个 0
61.105 61.578 62.0 人 0
61.578 61.814 58.0 活 0
61.814 62.051 55.0 得 0
62.051 62.287 58.0 精 0
62.287 62.76 60.0 彩 0
70.452 70.924 63.0 - 0
70.924 71.397 62.0 也 0
71.397 71.633 63.0 许 0
71.633 72.106 62.0 明 0
72.343 72.815 63.0 天 0
72.815 73.288 62.0 我 0
73.288 73.524 63.0 会 0
73.524 73.997 62.0 选 0
74.229 74.701 63.0 择 0
74.701 75.174 62.0 自 0
75.174 75.41 63.0 己 0
75.41 75.883 65.0 旅 0
75.883 76.356 63.0 行 0
76.356 76.829 62.0 不 0
76.829 77.065 58.0 轻 0
77.065 77.538 55.0 易 0
77.538 78.01 55.0 恋 0
78.031 78.504 63.0 爱 0
78.504 78.977 62.0 也 0
78.977 79.213 63.0 许 0
79.213 79.45 63.0 明 0
79.45 79.922 62.0 天 0
79.922 80.395 63.0 我 0
80.395 80.868 62.0 会 0
80.868 81.104 63.0 遇 0
81.104 81.341 63.0 见 0
81.341 81.813 62.0 - 0
81.813 82.286 63.0 比 0
82.286 82.759 62.0 你 0
82.759 82.995 63.0 更 0
82.995 83.468 65.0 适 0
83.468 83.941 63.0 合 0
83.941 84.413 65.0 的 0
84.413 84.886 67.0 男 0
84.886 85.832 67.0 孩 0
86.289 86.526 65.0 接 0
86.526 86.762 67.0 受 0
86.762 86.998 65.0 爱 0
86.998 87.471 67.0 情 0
87.708 87.944 65.0 自 0
87.944 88.18 67.0 有 0
88.18 88.653 65.0 安 0
88.653 89.362 63.0 排 0
90.417 90.653 63.0 谁 0
90.653 91.126 62.0 才 0
91.126 91.362 63.0 是 0
91.362 91.835 62.0 我 0
91.835 92.308 58.0 的 0
92.308 93.017 55.0 爱 0
93.776 94.013 65.0 寂 0
94.013 94.249 67.0 寞 0
94.249 94.485 65.0 伴 0
94.485 94.958 67.0 随 0
95.194 95.431 65.0 自 0
95.431 95.667 67.0 由 0
95.667 96.14 63.0 色 0
96.14 96.849 63.0 彩 0
97.985 98.458 65.0 迎 0
98.458 98.694 63.0 - 0
98.694 99.167 62.0 面 0
99.167 99.639 62.0 来 0
99.639 100.112 65.0 - 0
100.208 100.445 67.0 头 0
100.445 100.681 67.0 - 0
100.681 101.154 67.0 发 0
101.154 101.626 67.0 甩 0
101.626 101.863 60.0 甩 0
101.863 102.335 63.0 大 0
102.335 102.572 65.0 步 0
102.572 103.045 67.0 的 0
103.045 103.754 67.0 走 0
103.904 104.14 68.0 开 0
104.14 104.377 68.0 不 0
104.377 104.85 67.0 怜 0
104.85 105.322 67.0 悯 0
105.322 105.559 68.0 心 0
105.559 106.031 67.0 底 0
106.031 106.268 63.0 小 0
106.268 106.74 67.0 小 0
106.74 107.686 65.0 悲 0
107.697 107.933 67.0 哀 0
107.933 108.17 67.0 挥 0
108.17 108.642 67.0 手 0
108.642 109.115 67.0 bye 0
109.115 109.352 60.0 bye 0
109.352 109.824 63.0 祝 0
109.824 110.061 65.0 你 0
110.061 110.533 67.0 们 0
110.533 111.006 67.0 愉 0
111.107 111.58 63.0 快 0
111.58 112.998 60.0 我 0
113.211 113.448 63.0 会 0
113.448 113.921 62.0 一 0
113.921 114.157 63.0 个 0
114.157 114.63 62.0 人 0
114.63 114.866 58.0 活 0
114.866 115.102 55.0 得 0
115.102 115.339 58.0 精 0
115.339 115.812 60.0 彩 0
137.976 138.213 67.0 - 0
138.213 138.449 67.0 头 0
138.449 138.922 67.0 发 0
138.922 139.394 67.0 甩 0
139.394 139.631 60.0 甩 0
139.631 140.104 63.0 大 0
140.104 140.34 65.0 步 0
140.34 140.813 67.0 的 0
140.813 141.522 67.0 走 0
141.847 142.084 68.0 开 0
142.084 142.32 68.0 不 0
142.32 142.793 67.0 怜 0
142.793 143.265 67.0 悯 0
143.265 143.502 68.0 心 0
143.502 143.975 67.0 底 0
143.975 144.211 63.0 小 0
144.211 144.684 65.0 小 0
144.684 145.629 65.0 悲 0
145.633 145.869 67.0 哀 0
145.869 146.106 67.0 挥 0
146.106 146.579 67.0 手 0
146.579 147.051 67.0 bye 0
147.051 147.288 60.0 bye 0
147.288 147.76 63.0 祝 0
147.76 147.997 65.0 你 0
147.997 148.351 67.0 们 0
148.351 148.942 67.0 愉 0
148.942 149.415 63.0 快 0
149.415 150.833 60.0 我 0
150.877 151.113 63.0 会 0
151.113 151.586 62.0 一 0
151.586 151.822 63.0 个 0
151.822 152.295 58.0 人 0
152.295 152.531 58.0 活 0
152.531 152.768 55.0 得 0
152.768 153.004 58.0 精 0
153.1 153.336 67.0 彩 0
153.336 153.573 67.0 头 0
153.573 154.045 67.0 发 0
154.045 154.518 67.0 甩 0
154.518 154.755 60.0 甩 0
154.755 155.227 63.0 大 0
155.227 155.464 65.0 步 0
155.464 155.936 67.0 的 0
155.936 156.645 67.0 走 0
156.857 157.093 68.0 开 0
157.093 157.33 68.0 不 0
157.33 157.802 68.0 怜 0
157.802 158.275 67.0 悯 0
158.275 158.511 68.0 心 0
158.511 158.984 67.0 底 0
158.984 159.221 63.0 小 0
159.221 159.693 67.0 小 0
159.693 160.639 65.0 悲 0
160.72 160.956 67.0 哀 0
160.956 161.192 67.0 挥 0
161.192 161.665 67.0 手 0
161.665 162.138 67.0 bye 0
162.138 162.374 60.0 bye 0
162.374 162.847 63.0 祝 0
162.847 163.083 65.0 你 0
163.083 163.438 67.0 们 0
163.438 164.029 67.0 愉 0
164.069 164.542 63.0 快 0
164.542 165.96 60.0 我 0
166.025 166.262 63.0 会 0
166.262 166.734 62.0 找 0
166.734 166.971 63.0 个 0
166.971 167.443 58.0 人 0
167.443 167.68 58.0 活 0
167.68 167.916 55.0 得 0
167.916 168.153 58.0 精 0
168.153 168.625 60.0 彩 0
