25.934 26.319 58.0 你 0
26.319 26.703 58.0 的 0
26.703 27.473 66.0 呼 0
27.473 28.338 65.0 吸 0
28.626 29.011 65.0 穿 0
29.011 29.78 63.0 过 0
29.78 30.55 62.0 身 0
30.55 32.088 63.0 体 1
33.205 33.589 58.0 我 0
33.589 34.359 59.0 来 0
34.359 35.128 59.0 不 0
35.128 35.897 61.0 及 0
35.897 36.666 61.0 反 0
36.666 37.436 58.0 应 1
38.279 38.663 58.0 你 0
38.663 39.048 58.0 的 0
39.048 39.817 66.0 声 0
39.817 40.683 65.0 音 0
40.971 41.356 65.0 躲 0
41.356 42.125 68.0 在 0
42.125 42.894 65.0 耳 0
42.894 44.048 63.0 里 1
45.502 45.886 63.0 让 0
45.886 46.655 70.0 我 0
46.655 47.425 66.0 生 0
47.425 48.578 62.0 病 1
48.974 49.743 66.0 谢 0
49.743 50.513 63.0 谢 0
50.897 51.282 63.0 你 0
51.282 52.051 66.0 给 0
52.051 52.82 68.0 的 0
52.82 53.589 70.0 让 0
53.589 54.359 68.0 我 0
54.359 54.743 66.0 沉 0
54.743 55.128 63.0 - 0
55.128 56.666 63.0 迷 1
57.101 57.486 63.0 让 0
57.486 58.255 66.0 我 0
58.255 59.024 68.0 丢 0
59.024 59.793 70.0 掉 0
59.793 60.563 68.0 了 0
60.563 60.947 66.0 姓 0
60.947 61.332 63.0 - 0
61.332 62.486 63.0 名 1
63.328 63.712 63.0 在 0
63.712 64.482 66.0 好 0
64.482 65.251 68.0 奇 0
65.251 66.02 70.0 的 0
66.02 66.789 68.0 时 0
66.789 67.559 66.0 候 1
67.977 68.746 73.0 拉 0
68.746 69.131 71.0 不 0
69.131 69.9 71.0 住 0
69.9 70.67 66.0 眼 0
70.67 73.362 66.0 睛 1
74.813 75.198 66.0 我 0
75.198 75.583 66.0 想 0
75.583 75.967 66.0 我 0
75.967 76.352 65.0 不 0
76.352 76.736 66.0 会 0
76.736 77.506 70.0 爱 0
77.506 78.275 65.0 你 1
78.557 78.942 58.0 这 0
78.942 79.327 68.0 样 0
79.327 79.711 65.0 下 0
79.711 81.634 66.0 去 1
82.415 82.799 63.0 渺 0
82.799 83.184 66.0 小 0
83.184 83.376 69.0 的 0
83.376 83.568 68.0 自 0
83.568 83.953 66.0 尊 0
84.338 84.722 66.0 都 0
84.722 85.107 66.0 快 0
85.107 85.492 61.0 要 0
85.492 86.068 68.0 抛 0
86.068 86.742 70.0 弃 1
87.207 87.592 66.0 我 0
87.592 87.976 66.0 想 0
87.976 88.361 66.0 我 0
88.361 88.745 65.0 不 0
88.745 89.13 66.0 会 0
89.13 89.707 70.0 爱 0
89.707 89.899 65.0 - 0
89.899 91.053 65.0 你 1
91.055 91.44 58.0 只 0
91.44 91.824 68.0 是 0
91.824 92.209 65.0 也 0
92.209 94.517 66.0 许 1
94.796 95.566 66.0 呜 0
95.566 97.489 73.0 呜 0
97.489 100.181 66.0 - 1
102.847 103.226 58.0 你 0
103.226 103.606 58.0 的 0
103.606 104.366 66.0 叹 0
104.366 105.226 65.0 息 0
105.515 105.899 65.0 散 0
105.899 106.668 63.0 落 0
106.668 107.438 62.0 一 0
107.438 108.976 63.0 地 1
110.169 110.554 58.0 让 0
110.554 111.323 59.0 我 0
111.323 112.092 59.0 歇 0
112.092 112.861 61.0 斯 0
112.861 113.631 61.0 底 0
113.631 114.4 58.0 里 1
115.185 115.57 58.0 靠 0
115.57 115.954 58.0 得 0
115.954 116.723 66.0 太 0
116.723 117.589 65.0 近 0
117.877 118.262 65.0 一 0
118.262 119.031 68.0 不 0
119.031 119.8 65.0 小 0
119.8 120.954 63.0 心 1
122.388 122.772 63.0 弄 0
122.772 123.542 70.0 伤 0
123.542 124.311 66.0 自 0
124.311 125.465 62.0 己 1
125.86 126.629 66.0 谢 0
126.629 127.399 63.0 谢 0
127.783 128.168 63.0 你 0
128.168 128.937 66.0 给 0
128.937 129.706 68.0 的 0
129.706 130.476 70.0 让 0
130.476 131.245 68.0 我 0
131.245 131.629 66.0 沉 0
131.629 132.014 63.0 - 0
132.014 133.553 63.0 迷 1
133.928 134.313 63.0 让 0
134.313 135.082 66.0 我 0
135.082 135.851 68.0 困 0
135.851 136.62 70.0 住 0
136.62 137.39 68.0 了 0
137.39 137.774 66.0 自 0
137.774 138.159 63.0 - 0
138.159 139.313 63.0 己 1
140.059 140.444 63.0 在 0
140.444 141.213 66.0 迷 0
141.213 141.982 68.0 路 0
141.982 142.751 70.0 的 0
142.751 143.521 68.0 时 0
143.521 144.29 66.0 候 1
144.7 145.47 73.0 舍 0
145.47 145.854 71.0 不 0
145.854 146.623 71.0 得 0
146.623 147.393 66.0 离 0
147.393 150.085 66.0 去 1
151.743 152.128 66.0 我 0
152.128 152.513 66.0 想 0
152.513 152.897 66.0 我 0
152.897 153.282 65.0 不 0
153.282 153.667 66.0 会 0
153.667 154.243 70.0 爱 0
154.243 154.436 65.0 - 0
154.436 155.205 65.0 你 1
155.544 155.928 58.0 这 0
155.928 156.313 68.0 样 0
156.313 156.697 65.0 下 0
156.697 158.621 66.0 去 1
159.389 159.773 63.0 渺 0
159.773 160.158 66.0 小 0
160.158 160.35 69.0 的 0
160.35 160.543 68.0 自 0
160.543 160.927 66.0 尊 0
161.312 161.696 66.0 都 0
161.696 162.081 66.0 快 0
162.081 162.466 61.0 要 0
162.466 163.043 68.0 抛 0
163.043 163.716 70.0 弃 1
164.078 164.463 66.0 我 0
164.463 164.847 66.0 想 0
164.847 165.232 66.0 我 0
165.232 165.617 65.0 不 0
165.617 166.001 66.0 会 0
166.001 166.578 70.0 恨 0
166.578 166.77 65.0 - 0
166.77 167.924 65.0 你 1
167.926 168.311 58.0 伤 0
168.311 168.696 68.0 的 0
168.696 169.08 65.0 痕 0
169.08 171.388 66.0 迹 1
171.676 172.061 63.0 住 0
172.061 172.446 66.0 在 0
172.446 172.638 69.0 我 0
172.638 172.83 68.0 心 0
172.83 173.215 66.0 底 0
173.6 173.984 66.0 变 0
173.984 174.369 66.0 成 0
174.369 174.753 61.0 了 0
174.753 175.138 68.0 秘 0
175.138 175.907 66.0 密 1
176.242 176.626 66.0 我 0
176.626 177.011 66.0 想 0
177.011 177.396 66.0 我 0
177.396 177.78 65.0 不 0
177.78 178.165 66.0 会 0
178.165 178.742 70.0 爱 0
178.742 178.934 65.0 - 0
178.934 180.088 65.0 你 1
180.25 180.635 58.0 害 0
180.635 181.019 68.0 怕 0
181.019 181.404 65.0 失 0
181.404 183.712 66.0 去 1
184.018 184.403 63.0 所 0
184.403 184.787 66.0 以 0
184.787 184.98 69.0 逞 0
184.98 185.172 68.0 强 0
185.172 185.557 66.0 的 0
185.941 186.326 66.0 远 0
186.326 186.71 66.0 远 0
186.71 187.095 61.0 看 0
187.095 187.672 68.0 着 0
187.672 188.634 70.0 你 1
188.675 189.059 66.0 我 0
189.059 189.444 66.0 想 0
189.444 189.828 66.0 我 0
189.828 190.213 65.0 不 0
190.213 190.598 66.0 会 0
190.598 191.175 70.0 恨 0
191.175 191.367 65.0 - 0
191.367 192.521 65.0 你 1
192.543 192.927 58.0 只 0
192.927 193.312 68.0 是 0
193.312 193.697 65.0 也 0
193.697 196.004 66.0 许 1
196.389 197.158 66.0 呜 0
197.158 199.466 71.0 呜 0
199.466 201.773 66.0 - 1
213.169 213.554 66.0 我 0
213.554 213.938 66.0 想 0
213.938 214.323 66.0 我 0
214.323 214.707 65.0 不 0
214.707 215.092 66.0 会 0
215.092 215.861 70.0 爱 0
215.861 216.63 65.0 你 1
216.997 217.382 58.0 这 0
217.382 217.766 68.0 样 0
217.766 218.151 65.0 下 0
218.151 220.074 66.0 去 1
220.842 221.227 63.0 渺 0
221.227 221.611 66.0 小 0
221.611 221.804 69.0 的 0
221.804 221.996 68.0 自 0
221.996 222.381 66.0 尊 0
222.765 223.15 66.0 都 0
223.15 223.535 66.0 快 0
223.535 223.919 61.0 要 0
223.919 224.496 68.0 抛 0
224.496 225.169 70.0 弃 1
225.438 225.822 66.0 我 0
225.822 226.207 66.0 想 0
226.207 226.591 66.0 我 0
226.591 226.976 65.0 不 0
226.976 227.361 66.0 会 0
227.361 227.938 70.0 恨 0
227.938 228.13 65.0 - 0
228.13 229.284 65.0 你 1
229.416 229.8 58.0 伤 0
229.8 230.185 68.0 的 0
230.185 230.57 65.0 痕 0
230.57 232.877 66.0 迹 1
233.26 233.645 63.0 住 0
233.645 234.029 66.0 在 0
234.029 234.221 69.0 我 0
234.221 234.414 68.0 心 0
234.414 234.798 66.0 底 0
235.183 235.568 66.0 变 0
235.568 235.952 66.0 成 0
235.952 236.337 61.0 了 0
236.337 236.721 68.0 秘 0
236.721 237.491 66.0 密 1
237.752 238.137 66.0 我 0
238.137 238.522 66.0 想 0
238.522 238.906 66.0 我 0
238.906 239.291 65.0 不 0
239.291 239.675 66.0 会 0
239.675 240.252 70.0 爱 0
240.252 240.445 65.0 - 0
240.445 241.598 65.0 你 1
241.603 241.988 58.0 害 0
241.988 242.373 68.0 怕 0
242.373 242.757 65.0 失 0
242.757 245.065 66.0 去 1
245.512 245.896 63.0 所 0
245.896 246.281 66.0 以 0
246.281 246.473 69.0 逞 0
246.473 246.665 68.0 强 0
246.665 247.05 66.0 的 0
247.435 247.819 66.0 远 0
247.819 248.204 66.0 远 0
248.204 248.589 61.0 看 0
248.589 249.166 68.0 着 0
249.166 250.127 70.0 你 1
250.205 250.59 66.0 我 0
250.59 250.974 66.0 想 0
250.974 251.359 66.0 我 0
251.359 251.744 65.0 不 0
251.744 252.128 66.0 会 0
252.128 252.705 70.0 恨 0
252.705 252.897 65.0 - 0
252.897 254.051 65.0 你 1
254.061 254.446 58.0 只 0
254.446 254.83 68.0 是 0
254.83 255.215 65.0 也 0
255.215 257.523 66.0 许 1
257.899 258.669 66.0 呜 0
258.669 260.976 71.0 呜 0
260.976 263.284 66.0 - 1
