22.214 22.536 54.0 时 0
22.536 23.181 56.0 间 0
23.181 23.665 57.0 它 0
23.826 24.149 57.0 一 0
24.149 24.472 57.0 声 0
24.472 24.794 56.0 - 0
24.794 25.117 56.0 不 0
25.117 25.601 61.0 吭 1
26.342 26.665 59.0 仿 0
26.665 27.149 61.0 佛 0
27.31 27.632 52.0 停 0
27.632 28.6 54.0 顿 1
29.801 30.124 54.0 我 0
30.124 30.447 54.0 不 0
30.447 30.769 54.0 睡 0
30.769 31.092 53.0 但 0
31.092 31.414 56.0 是 0
31.414 31.737 54.0 也 0
31.737 32.221 56.0 不 0
32.221 34.318 57.0 困 1
35.999 36.321 52.0 爱 0
36.321 36.644 57.0 原 0
36.644 36.966 54.0 本 0
36.966 37.289 64.0 应 0
37.289 37.611 66.0 该 0
37.611 37.934 66.0 能 0
37.934 38.257 66.0 和 0
38.257 38.74 66.0 被 0
38.74 39.063 64.0 爱 0
39.224 39.547 59.0 对 0
39.547 40.353 61.0 等 1
41.188 41.51 59.0 你 0
41.51 41.833 61.0 说 0
41.833 42.156 61.0 那 0
42.156 42.478 61.0 怎 0
42.478 42.801 62.0 么 0
42.801 43.123 62.0 可 0
43.123 43.446 54.0 能 1
44.339 44.661 56.0 我 0
44.661 44.984 61.0 太 0
44.984 45.306 59.0 - 0
45.306 46.274 56.0 过 0
47.242 47.645 56.0 天 0
47.645 48.129 54.0 真 1
51.244 51.566 56.0 当 0
51.566 51.889 59.0 你 0
51.889 52.212 61.0 在 0
52.212 52.534 54.0 我 0
52.534 53.018 64.0 额 0
53.018 53.663 62.0 头 0
53.824 54.147 61.0 轻 0
54.147 54.47 62.0 轻 0
54.47 54.792 61.0 一 0
54.792 55.599 62.0 吻 1
56.291 56.614 52.0 我 0
56.614 56.936 54.0 竟 0
56.936 57.259 54.0 然 0
57.259 57.581 52.0 会 0
57.581 58.065 62.0 哭 0
58.065 58.549 61.0 的 0
58.549 58.872 61.0 像 0
58.872 59.194 59.0 个 0
59.194 59.517 57.0 小 0
59.517 59.839 57.0 女 0
59.839 60.646 61.0 生 1
61.479 61.802 57.0 你 0
61.802 62.125 59.0 说 0
62.125 62.447 61.0 我 0
62.447 62.77 54.0 的 0
62.77 63.092 62.0 付 0
63.092 63.415 62.0 出 0
63.415 63.737 62.0 让 0
63.737 64.06 62.0 你 0
64.06 64.705 62.0 于 0
64.705 65.028 66.0 心 0
65.028 65.592 66.0 不 0
65.592 65.915 64.0 忍 1
66.63 66.952 61.0 那 0
66.952 67.275 66.0 个 0
67.275 67.597 66.0 时 0
67.597 67.92 64.0 候 0
67.92 68.565 61.0 我 0
68.565 68.888 61.0 恨 0
68.888 69.21 61.0 你 0
69.21 69.533 61.0 是 0
69.855 70.178 57.0 一 0
70.178 70.501 57.0 个 0
70.501 70.984 59.0 好 0
70.984 72.92 61.0 人 1
75.647 75.969 68.0 心 0
75.969 76.292 68.0 还 0
76.292 76.615 68.0 是 0
76.615 76.937 66.0 会 0
76.937 77.26 59.0 疼 0
77.26 77.582 66.0 想 0
77.582 77.905 66.0 你 0
77.905 78.228 69.0 在 0
78.228 78.55 71.0 零 0
78.55 78.873 71.0 点 0
78.873 79.195 71.0 零 0
79.195 79.518 69.0 一 0
79.518 80.163 62.0 分 1
80.773 81.257 73.0 幸 0
81.257 81.567 71.0 福 0
81.579 81.902 68.0 的 0
81.902 82.225 68.0 人 0
82.225 82.547 62.0 都 0
82.547 82.87 66.0 睡 0
82.87 83.515 68.0 的 0
83.837 84.16 59.0 好 0
84.16 84.483 62.0 安 0
84.483 85.128 61.0 稳 1
85.668 85.99 59.0 寂 0
85.99 86.797 59.0 寞 0
86.958 87.281 61.0 太 0
87.281 87.926 62.0 会 0
88.249 88.571 61.0 见 0
88.571 89.216 61.0 缝 0
89.539 89.861 65.0 插 0
89.861 90.507 66.0 针 1
90.825 91.148 66.0 我 0
91.148 91.47 71.0 拿 0
91.47 91.793 71.0 什 0
91.793 92.116 71.0 么 0
92.116 92.438 69.0 来 0
92.438 92.922 63.0 和 0
92.922 93.406 65.0 它 0
93.406 93.728 65.0 抗 0
93.728 95.503 68.0 衡 1
96.226 96.549 69.0 心 0
96.549 96.871 68.0 还 0
96.871 97.194 68.0 是 0
97.194 97.516 66.0 会 0
97.516 97.839 59.0 疼 0
97.839 98.162 66.0 想 0
98.162 98.484 66.0 你 0
98.484 98.807 69.0 在 0
98.807 99.129 71.0 零 0
99.129 99.452 71.0 点 0
99.452 99.774 71.0 零 0
99.774 100.258 69.0 一 0
100.258 100.742 62.0 分 1
101.505 101.828 71.0 痛 0
101.828 102.151 71.0 苦 0
102.151 102.473 71.0 的 0
102.473 102.796 68.0 人 0
102.796 103.118 62.0 都 0
103.118 103.441 66.0 醒 0
103.441 103.925 68.0 着 0
104.409 104.731 59.0 被 0
104.731 105.054 62.0 并 0
105.054 105.538 61.0 吞 1
106.37 106.693 61.0 放 0
106.693 107.499 59.0 眼 0
107.66 107.983 59.0 望 0
107.983 108.789 62.0 去 0
108.951 109.273 61.0 是 0
109.273 109.918 61.0 座 0
109.918 110.564 65.0 空 0
110.564 111.209 66.0 城 1
111.463 111.786 66.0 没 0
111.786 112.109 73.0 有 0
112.109 112.431 71.0 一 0
112.431 112.754 71.0 个 0
112.754 113.076 69.0 怀 0
113.076 113.56 63.0 抱 0
113.56 114.044 65.0 可 0
114.044 114.367 66.0 投 0
114.367 116.947 68.0 奔 1
138.961 139.283 56.0 当 0
139.283 139.606 59.0 你 0
139.606 139.928 59.0 在 0
139.928 140.251 54.0 我 0
140.251 140.735 64.0 额 0
140.735 141.38 62.0 头 0
141.541 141.864 61.0 轻 0
141.864 142.186 62.0 轻 0
142.186 142.509 61.0 一 0
142.509 143.316 62.0 吻 1
144.142 144.465 52.0 我 0
144.465 144.787 54.0 竟 0
144.787 145.11 56.0 然 0
145.11 145.432 52.0 会 0
145.432 145.916 62.0 哭 0
145.916 146.4 61.0 的 0
146.4 146.723 61.0 像 0
146.723 147.045 59.0 个 0
147.045 147.368 57.0 小 0
147.368 147.69 57.0 女 0
147.69 148.497 61.0 生 1
149.317 149.64 57.0 你 0
149.64 149.962 59.0 说 0
149.962 150.285 61.0 我 0
150.285 150.608 54.0 的 0
150.608 150.93 62.0 付 0
150.93 151.253 62.0 出 0
151.253 151.575 62.0 让 0
151.575 151.898 62.0 你 0
151.898 152.543 62.0 于 0
152.543 152.866 66.0 心 0
152.866 153.43 66.0 不 0
153.43 153.753 64.0 忍 1
154.481 154.803 61.0 那 0
154.803 155.126 66.0 个 0
155.126 155.448 66.0 时 0
155.448 155.771 64.0 候 0
155.771 156.416 61.0 我 0
156.416 156.739 61.0 恨 0
156.739 157.061 61.0 你 0
157.061 157.384 61.0 是 0
157.706 158.029 57.0 一 0
158.029 158.352 57.0 个 0
158.352 158.674 59.0 好 0
158.674 159.4 61.0 人 0
159.4 160.932 61.0 - 1
163.489 163.811 68.0 心 0
163.811 164.134 68.0 还 0
164.134 164.457 68.0 是 0
164.457 164.779 66.0 会 0
164.779 165.102 61.0 疼 0
165.102 165.424 66.0 想 0
165.424 165.747 66.0 你 0
165.747 166.069 69.0 在 0
166.069 166.392 71.0 零 0
166.392 166.715 71.0 点 0
166.715 167.037 71.0 零 0
167.037 167.36 69.0 一 0
167.36 167.682 62.0 - 0
167.682 168.005 62.0 分 1
168.35 168.834 73.0 幸 0
168.834 169.147 71.0 福 0
169.156 169.479 68.0 的 0
169.479 169.801 68.0 人 0
169.801 170.124 62.0 都 0
170.124 170.447 66.0 睡 0
170.447 171.092 68.0 的 0
171.414 171.737 59.0 好 0
171.737 172.059 62.0 安 0
172.059 172.705 61.0 稳 1
173.503 173.825 59.0 寂 0
173.825 174.632 59.0 寞 0
174.793 175.116 61.0 太 0
175.116 175.761 62.0 会 0
176.083 176.406 61.0 见 0
176.406 177.051 61.0 缝 0
177.374 177.696 65.0 插 0
177.696 178.342 66.0 针 1
178.513 178.836 66.0 我 0
178.836 179.158 71.0 拿 0
179.158 179.481 71.0 什 0
179.481 179.803 71.0 么 0
179.803 180.126 69.0 来 0
180.126 180.61 63.0 和 0
180.61 181.094 65.0 它 0
181.094 181.416 65.0 抗 0
181.416 182.223 68.0 衡 0
182.223 182.868 66.0 - 0
182.868 183.513 68.0 - 1
184.04 184.363 69.0 心 0
184.363 184.685 68.0 还 0
184.685 185.008 66.0 是 0
185.008 185.33 66.0 会 0
185.33 185.653 59.0 疼 0
185.653 185.975 66.0 想 0
185.975 186.298 66.0 你 0
186.298 186.621 69.0 在 0
186.621 186.943 71.0 零 0
186.943 187.266 71.0 点 0
187.266 187.588 71.0 零 0
187.588 187.911 69.0 一 0
187.911 188.234 62.0 - 0
188.234 188.556 62.0 分 1
189.178 189.501 71.0 痛 0
189.501 189.823 71.0 苦 0
189.823 190.146 71.0 的 0
190.146 190.469 68.0 人 0
190.469 190.791 62.0 都 0
190.791 191.114 66.0 醒 0
191.114 191.598 68.0 着 0
192.081 192.404 59.0 被 0
192.404 192.727 62.0 并 0
192.727 193.211 61.0 吞 1
193.974 194.297 61.0 放 0
194.297 195.103 59.0 眼 0
195.264 195.587 59.0 望 0
195.587 196.393 62.0 去 0
196.555 196.877 61.0 是 0
196.877 197.522 61.0 座 0
197.522 198.168 65.0 空 0
198.168 198.813 66.0 城 1
199.245 199.568 66.0 没 0
199.568 199.89 71.0 有 0
199.89 200.213 71.0 一 0
200.213 200.536 71.0 个 0
200.536 200.858 69.0 怀 0
200.858 201.342 63.0 抱 0
201.342 201.826 65.0 可 0
201.826 202.148 66.0 投 0
202.148 202.794 68.0 奔 1
205.404 205.727 52.0 又 0
205.727 206.372 56.0 到 0
206.372 206.856 57.0 了 0
207.985 208.308 56.0 夜 0
208.308 208.791 61.0 深 1
209.919 210.242 59.0 世 0
210.242 210.806 61.0 界 0
210.887 212.177 54.0 都 1
214.812 215.296 56.0 熄 0
215.296 215.458 56.0 了 0
215.458 217.393 57.0 灯 1
219.309 219.632 52.0 只 0
219.632 219.954 57.0 剩 0
219.954 220.277 54.0 我 0
220.277 220.6 66.0 亮 0
220.6 220.922 66.0 起 0
220.922 221.245 66.0 一 0
221.245 221.567 66.0 盏 0
221.567 222.051 66.0 暗 0
222.051 222.374 64.0 淡 0
222.535 222.858 59.0 的 0
222.858 223.18 59.0 灵 0
223.18 223.825 61.0 魂 1
224.609 224.932 61.0 天 0
224.932 225.254 61.0 亮 0
225.254 225.577 61.0 以 0
225.577 225.899 62.0 后 0
225.899 226.222 62.0 忘 0
226.222 226.545 54.0 记 1
227.635 227.958 56.0 昨 0
227.958 228.28 59.0 夜 0
228.28 228.603 59.0 - 0
228.603 229.006 59.0 重 0
229.006 229.571 56.0 逢 0
231.829 232.555 56.0 有 0
232.555 233.28 57.0 多 0
233.28 238.28 61.0 冷 1
