31.957 32.186 56.0 哦 0
32.186 32.644 59.0 你 0
32.644 32.872 61.0 的 0
32.872 33.327 63.0 告 0
33.327 33.782 58.0 解 0
34.463 34.691 54.0 像 0
34.691 35.145 51.0 韩 0
35.145 35.6 61.0 剧 0
35.6 36.054 59.0 一 0
36.054 36.509 58.0 样 0
36.509 37.191 59.0 催 0
37.191 37.872 56.0 泪 1
39.237 39.54 56.0 感 0
39.54 39.843 63.0 动 0
39.843 40.146 61.0 得 0
40.146 40.828 58.0 我 0
40.828 41.51 54.0 把 0
41.964 42.646 58.0 怀 0
42.646 43.328 54.0 疑 0
43.328 43.783 64.0 烧 0
43.783 45.487 63.0 毁 1
47.012 47.24 63.0 奋 0
47.24 47.467 63.0 不 0
47.467 47.921 61.0 顾 0
47.921 49.74 66.0 身 0
50.194 50.649 66.0 浪 0
50.649 50.876 61.0 漫 0
50.876 51.103 63.0 一 0
51.103 52.694 64.0 回 1
53.883 54.337 64.0 浓 0
54.337 54.564 63.0 爱 0
54.564 54.792 61.0 如 0
54.792 55.246 59.0 同 0
55.246 55.549 61.0 烈 0
55.553 56.155 56.0 酒 0
56.61 57.064 63.0 难 0
57.064 57.519 54.0 免 0
57.519 57.973 63.0 会 0
57.973 58.201 63.0 宿 0
58.201 59.792 61.0 醉 1
61.429 61.883 59.0 你 0
61.883 62.11 61.0 的 0
62.11 62.338 61.0 拥 0
62.338 62.792 63.0 - 0
62.792 63.474 58.0 吻 0
63.701 63.929 54.0 像 0
63.929 64.383 51.0 情 0
64.383 64.838 61.0 歌 0
64.838 65.292 59.0 一 0
65.292 65.747 58.0 样 0
65.747 66.429 59.0 凄 0
66.429 67.338 56.0 美 1
68.365 68.668 56.0 我 0
68.668 68.971 63.0 闭 0
68.971 69.274 61.0 上 0
69.274 69.729 58.0 了 0
69.729 70.183 54.0 眼 0
71.092 71.774 58.0 执 0
71.774 72.456 54.0 迷 0
72.456 72.91 64.0 不 0
72.91 75.638 63.0 悔 1
76.195 76.423 63.0 心 0
76.423 76.65 63.0 存 0
76.65 77.104 61.0 侥 0
77.104 79.15 66.0 幸 0
79.377 79.718 66.0 复 0
79.718 80.059 61.0 燃 0
80.059 80.286 63.0 死 0
80.286 82.104 64.0 灰 1
83.051 83.392 64.0 遗 0
83.392 83.733 66.0 憾 0
83.733 83.961 64.0 的 0
83.961 84.339 63.0 是 0
84.339 84.718 64.0 真 0
84.718 85.324 64.0 相 0
85.779 86.233 64.0 早 0
86.233 86.688 58.0 晚 0
86.688 87.029 59.0 要 0
87.029 87.483 61.0 面 0
87.483 90.097 59.0 对 1
90.743 90.97 63.0 谁 0
90.97 91.197 64.0 在 0
91.197 91.652 66.0 声 0
91.652 92.106 66.0 泪 0
92.106 92.561 64.0 俱 0
92.561 93.015 63.0 下 0
93.015 93.925 61.0 的 0
93.925 94.379 63.0 对 0
94.379 97.561 63.0 嘴 1
98.046 98.274 64.0 那 0
98.274 98.501 66.0 么 0
98.501 98.956 68.0 逼 0
98.956 99.41 68.0 真 0
99.41 99.865 66.0 那 0
99.865 100.092 64.0 么 0
100.092 100.546 63.0 动 0
100.546 100.774 54.0 - 0
100.774 101.228 54.0 人 0
101.228 101.569 63.0 的 0
101.569 101.796 63.0 忏 0
101.796 102.137 61.0 - 0
102.137 104.41 61.0 悔 1
105.152 105.379 61.0 我 0
105.379 105.607 61.0 还 0
105.607 106.061 59.0 以 0
106.061 106.289 61.0 为 0
106.289 106.516 61.0 是 0
106.516 106.97 63.0 发 0
106.97 107.425 68.0 自 0
107.652 107.879 67.0 肺 0
107.879 108.107 63.0 腑 0
108.107 108.334 63.0 的 0
108.334 108.789 61.0 体 0
108.789 109.016 61.0 会 0
109.016 109.47 63.0 - 1
110.091 110.318 59.0 是 0
110.318 110.773 59.0 舍 0
110.773 111.227 68.0 不 0
111.227 113.045 66.0 得 0
113.045 113.727 64.0 伤 0
113.727 113.955 63.0 了 0
113.955 114.409 64.0 至 0
114.409 114.864 66.0 爱 0
114.864 115.545 64.0 那 0
115.545 116.227 56.0 种 0
116.227 116.682 63.0 崩 0
116.682 119.295 61.0 溃 1
119.866 120.093 63.0 谁 0
120.093 120.32 64.0 在 0
120.32 120.775 66.0 太 0
120.775 121.229 66.0 过 0
121.229 121.684 64.0 自 0
121.684 122.138 63.0 恋 0
122.138 123.047 61.0 的 0
123.047 123.502 63.0 对 0
123.502 125.775 63.0 嘴 1
127.038 127.266 64.0 那 0
127.266 127.493 66.0 么 0
127.493 127.947 68.0 煽 0
127.947 128.402 68.0 情 0
128.402 128.857 66.0 那 0
128.857 129.084 64.0 么 0
129.084 129.766 63.0 伤 0
129.766 130.22 54.0 人 0
130.22 130.561 63.0 的 0
130.561 130.788 63.0 虚 0
130.788 131.129 61.0 - 0
131.129 132.947 61.0 伪 1
134.312 134.539 61.0 我 0
134.539 134.767 61.0 没 0
134.767 135.221 59.0 解 0
135.221 135.448 61.0 释 0
135.448 135.676 61.0 够 0
135.676 136.13 63.0 真 0
136.13 136.585 68.0 心 0
136.812 137.039 67.0 才 0
137.039 137.267 63.0 值 0
137.267 137.494 63.0 得 0
137.494 137.948 61.0 追 0
137.948 138.176 61.0 随 0
138.176 138.63 63.0 - 1
139.011 139.238 59.0 像 0
139.238 139.579 68.0 不 0
139.579 139.92 68.0 痛 0
139.92 140.147 66.0 的 0
140.147 140.488 68.0 丢 0
140.488 140.829 66.0 了 0
140.829 141.511 63.0 玫 0
141.511 141.965 66.0 瑰 0
141.965 143.329 63.0 头 0
143.329 144.238 58.0 也 0
144.693 145.147 61.0 不 0
145.147 147.874 59.0 回 1
148.785 149.012 59.0 嘴 0
149.012 149.239 61.0 巴 0
149.239 149.694 63.0 说 0
149.694 150.148 58.0 无 0
150.148 150.603 59.0 所 0
150.603 151.057 61.0 谓 0
151.966 152.194 56.0 无 0
152.194 152.648 56.0 所 0
152.648 152.875 58.0 - 0
152.875 153.33 59.0 谓 1
156.168 156.396 61.0 眼 0
156.396 156.623 63.0 睛 0
156.623 157.077 64.0 说 0
157.077 157.532 61.0 你 0
157.532 157.986 63.0 不 0
157.986 158.441 64.0 配 0
159.35 159.918 54.0 你 0
159.918 160.259 63.0 不 0
160.259 162.986 61.0 配 1
163.411 163.638 63.0 自 0
163.638 163.866 64.0 尊 0
163.866 164.32 66.0 说 0
164.32 164.775 63.0 我 0
164.775 165.229 64.0 不 0
165.229 166.138 66.0 会 0
166.593 167.275 56.0 我 0
167.275 167.502 66.0 不 0
167.502 170.229 64.0 会 1
170.449 170.677 64.0 背 0
170.677 170.904 61.0 影 0
170.904 171.131 63.0 说 0
171.131 172.04 64.0 好 0
172.04 172.495 66.0 伤 0
172.495 172.949 64.0 悲 0
173.404 173.859 64.0 好 0
173.859 174.427 67.0 伤 0
174.427 174.768 66.0 - 0
174.768 177.722 66.0 悲 1
177.957 178.185 63.0 谁 0
178.185 178.412 64.0 在 0
178.412 178.867 66.0 声 0
178.867 179.321 66.0 泪 0
179.321 179.776 64.0 俱 0
179.776 180.23 63.0 下 0
180.23 181.139 61.0 的 0
181.139 181.594 63.0 对 0
181.594 184.776 63.0 嘴 1
185.259 185.486 64.0 那 0
185.486 185.714 66.0 么 0
185.714 186.168 68.0 逼 0
186.168 186.623 68.0 真 0
186.623 187.077 66.0 那 0
187.077 187.305 64.0 么 0
187.305 187.759 63.0 动 0
187.759 187.986 54.0 - 0
187.986 188.441 54.0 人 0
188.441 188.782 63.0 的 0
188.782 189.009 63.0 忏 0
189.009 189.35 61.0 - 0
189.35 191.623 61.0 悔 1
192.534 192.761 61.0 我 0
192.761 192.988 61.0 还 0
192.988 193.443 59.0 以 0
193.443 193.67 61.0 为 0
193.67 193.898 61.0 是 0
193.898 194.352 63.0 发 0
194.352 194.807 68.0 自 0
195.034 195.261 67.0 肺 0
195.261 195.488 63.0 腑 0
195.488 195.716 63.0 的 0
195.716 196.17 61.0 体 0
196.17 196.398 61.0 会 0
196.398 196.852 63.0 - 1
197.344 197.571 59.0 是 0
197.571 198.025 59.0 舍 0
198.025 198.48 68.0 不 0
198.48 200.298 66.0 得 0
200.298 200.98 64.0 伤 0
200.98 201.207 63.0 了 0
201.207 201.662 64.0 至 0
201.662 202.116 64.0 爱 0
202.116 202.798 64.0 那 0
202.798 203.48 56.0 种 0
203.48 203.935 63.0 崩 0
203.935 206.548 61.0 溃 1
206.999 207.227 63.0 谁 0
207.227 207.454 64.0 在 0
207.454 207.908 66.0 太 0
207.908 208.363 66.0 过 0
208.363 208.818 63.0 自 0
208.818 209.272 63.0 恋 0
209.272 210.181 61.0 的 0
210.181 210.636 63.0 对 0
210.636 212.908 63.0 嘴 1
214.315 214.542 64.0 那 0
214.542 214.77 66.0 么 0
214.77 215.224 68.0 煽 0
215.224 215.679 68.0 情 0
215.679 216.133 66.0 那 0
216.133 216.361 64.0 么 0
216.361 217.042 63.0 伤 0
217.042 217.497 54.0 人 0
217.497 217.838 63.0 的 0
217.838 218.065 63.0 虚 0
218.065 218.406 61.0 - 0
218.406 220.224 61.0 伪 1
221.574 221.801 63.0 我 0
221.801 222.028 61.0 没 0
222.028 222.483 59.0 解 0
222.483 222.71 61.0 释 0
222.71 222.937 61.0 够 0
222.937 223.392 63.0 真 0
223.392 223.847 68.0 心 0
224.074 224.301 67.0 才 0
224.301 224.528 63.0 值 0
224.528 224.756 63.0 得 0
224.756 225.21 61.0 追 0
225.21 225.437 61.0 随 0
225.437 225.892 63.0 - 1
226.38 226.607 59.0 像 0
226.607 226.948 68.0 不 0
226.948 227.289 68.0 痛 0
227.289 227.516 66.0 的 0
227.516 227.857 68.0 丢 0
227.857 228.198 66.0 了 0
228.198 228.88 63.0 玫 0
228.88 229.334 66.0 瑰 0
229.334 230.698 63.0 头 0
230.698 232.061 58.0 也 0
232.061 232.743 63.0 不 0
232.743 236.607 59.0 回 1
