18.936 19.328 60.0 爱 0
19.462 19.789 60.0 哥 0
19.857 19.986 58.0 的 0
19.988 20.183 60.0 美 0
20.251 20.644 60.0 女 0
20.778 20.973 58.0 你 0
21.041 21.433 55.0 听 0
21.567 21.828 55.0 哥 0
21.83 22.091 63.0 - 0
22.094 22.881 60.0 说 1
23.171 23.564 63.0 哥 0
23.697 24.09 60.0 哥 0
24.092 24.222 63.0 的 0
24.224 24.485 60.0 家 0
24.487 25.011 58.0 里 0
25.276 25.537 60.0 已 0
25.54 26.064 58.0 有 0
26.066 26.261 53.0 老 0
26.329 26.59 53.0 婆 0
26.592 27.116 55.0 - 1
27.429 27.624 53.0 你 0
27.692 28.084 53.0 的 0
28.218 28.348 55.0 爱 0
28.481 28.742 53.0 伤 0
28.744 29.269 51.0 害 0
29.271 29.532 48.0 她 0
29.534 29.926 60.0 伤 0
30.06 30.321 58.0 害 0
30.323 30.584 55.0 了 0
30.587 30.848 55.0 我 0
30.85 31.242 58.0 - 1
31.666 31.927 63.0 劝 0
31.929 32.19 60.0 你 0
32.193 32.388 63.0 别 0
32.456 32.717 63.0 做 0
32.719 32.98 60.0 小 0
32.982 33.506 65.0 三 0
33.508 33.769 60.0 那 0
33.771 34.032 58.0 浮 0
34.035 34.296 55.0 云 0
34.298 34.559 58.0 的 0
34.561 34.822 60.0 生 0
34.824 36.664 60.0 活 1
37.927 38.32 60.0 爱 0
38.453 38.846 60.0 玩 0
38.848 38.977 58.0 的 0
38.98 39.175 60.0 哥 0
39.243 39.701 60.0 们 0
39.769 40.03 58.0 你 0
40.032 40.425 55.0 听 0
40.559 40.82 55.0 我 0
40.822 41.083 63.0 - 0
41.085 41.741 60.0 说 1
42.269 42.464 63.0 家 0
42.532 42.727 63.0 里 0
42.795 43.056 60.0 有 0
43.058 43.319 60.0 了 0
43.321 43.582 60.0 老 0
43.584 43.845 60.0 婆 0
43.847 44.24 63.0 - 0
44.374 44.635 60.0 别 0
44.637 45.161 58.0 去 0
45.163 45.424 53.0 犯 0
45.426 45.687 58.0 错 0
45.69 46.214 55.0 - 1
46.336 46.597 53.0 神 0
46.731 46.86 53.0 马 0
46.862 47.058 53.0 都 0
47.126 47.255 51.0 是 0
47.389 47.584 53.0 浮 0
47.652 48.044 53.0 云 0
48.178 48.373 55.0 那 0
48.441 48.834 60.0 都 0
48.836 49.229 58.0 是 0
49.231 49.492 55.0 过 0
49.494 49.755 60.0 客 0
49.757 50.018 58.0 - 1
50.555 50.75 63.0 不 0
50.818 51.013 63.0 要 0
51.081 51.342 63.0 毁 0
51.344 51.605 60.0 了 0
51.607 51.802 65.0 人 0
51.87 52.395 65.0 家 0
52.66 53.052 58.0 害 0
53.055 53.447 55.0 了 0
53.449 53.71 63.0 自 0
53.712 56.21 60.0 我 1
56.905 57.298 63.0 哥 0
57.432 57.693 60.0 有 0
57.695 57.956 63.0 - 0
57.958 58.351 60.0 老 0
58.484 58.943 60.0 婆 0
59.011 59.403 63.0 她 0
59.405 59.666 55.0 很 0
59.8 60.061 63.0 爱 0
60.063 60.851 60.0 我 1
61.099 61.557 63.0 漂 0
61.625 61.886 60.0 不 0
61.888 62.149 63.0 - 0
62.152 62.413 63.0 漂 0
62.415 62.676 60.0 - 0
62.678 62.939 60.0 亮 0
62.941 63.202 58.0 是 0
63.204 63.465 60.0 哥 0
63.467 63.86 58.0 的 0
63.994 64.255 53.0 选 0
64.257 64.518 53.0 择 0
64.52 65.044 55.0 - 1
65.379 65.772 65.0 哥 0
65.906 66.364 65.0 有 0
66.432 66.825 60.0 老 0
66.958 67.351 65.0 婆 0
67.485 67.68 65.0 别 0
67.748 68.009 65.0 再 0
68.011 68.272 60.0 诱 0
68.274 68.535 67.0 惑 0
68.537 69.193 65.0 我 1
69.504 69.699 58.0 不 0
69.767 69.962 58.0 能 0
70.03 70.225 58.0 背 0
70.293 70.554 60.0 叛 0
70.557 70.818 60.0 她 0
70.82 71.344 62.0 - 0
71.609 71.87 58.0 和 0
71.872 72.133 55.0 你 0
72.136 72.397 58.0 去 0
72.399 72.594 60.0 生 0
72.662 72.923 58.0 活 0
72.925 73.449 60.0 - 1
73.842 74.235 63.0 哥 0
74.369 74.827 60.0 有 0
74.895 75.288 60.0 老 0
75.421 75.682 60.0 婆 0
75.685 75.946 63.0 - 0
75.948 76.209 63.0 请 0
76.211 76.406 55.0 你 0
76.474 76.669 55.0 别 0
76.737 76.998 63.0 爱 0
77.0 77.788 60.0 我 1
77.926 78.121 63.0 不 0
78.189 78.45 60.0 能 0
78.452 78.713 63.0 给 0
78.715 78.976 60.0 你 0
78.979 79.174 63.0 幸 0
79.242 79.766 63.0 福 0
80.031 80.292 60.0 任 0
80.294 80.555 58.0 何 0
80.558 80.819 53.0 的 0
80.821 81.082 58.0 承 0
81.084 81.345 58.0 诺 0
81.347 81.871 55.0 - 1
82.1 82.492 65.0 哥 0
82.626 83.084 65.0 有 0
83.152 83.545 60.0 老 0
83.678 84.071 65.0 婆 0
84.205 84.4 65.0 许 0
84.468 84.729 65.0 下 0
84.731 84.992 60.0 过 0
84.994 85.255 67.0 承 0
85.257 86.045 65.0 诺 1
86.383 86.776 58.0 哥 0
86.778 86.907 58.0 的 0
86.909 87.105 58.0 一 0
87.173 87.368 60.0 生 0
87.436 87.828 62.0 只 0
87.962 88.355 62.0 爱 0
88.488 88.881 58.0 我 0
89.015 89.407 55.0 老 0
89.541 90.591 60.0 婆 1
124.205 124.597 60.0 爱 0
124.731 125.124 60.0 玩 0
125.126 125.255 58.0 的 0
125.257 125.453 60.0 哥 0
125.521 125.979 60.0 们 0
126.047 126.308 58.0 你 0
126.31 126.703 55.0 听 0
126.836 127.097 55.0 我 0
127.1 127.361 63.0 - 0
127.363 128.018 60.0 说 1
128.436 128.632 63.0 家 0
128.7 128.895 63.0 里 0
128.963 129.224 60.0 有 0
129.226 129.487 63.0 了 0
129.489 129.75 60.0 老 0
129.752 130.013 60.0 婆 0
130.015 130.408 63.0 - 0
130.542 130.803 60.0 别 0
130.805 131.329 58.0 去 0
131.331 131.592 53.0 犯 0
131.594 131.855 58.0 错 0
131.857 132.382 55.0 - 1
132.671 132.932 53.0 神 0
133.066 133.195 53.0 马 0
133.197 133.392 53.0 都 0
133.46 133.59 51.0 是 0
133.724 133.919 53.0 浮 0
133.987 134.379 53.0 云 0
134.513 134.708 55.0 那 0
134.776 135.169 60.0 都 0
135.171 135.563 58.0 是 0
135.566 135.827 55.0 过 0
135.829 136.09 60.0 客 0
136.092 136.353 58.0 - 1
136.89 137.086 63.0 不 0
137.154 137.349 63.0 要 0
137.417 137.678 63.0 毁 0
137.68 137.941 60.0 了 0
137.943 138.138 65.0 人 0
138.206 138.73 65.0 家 0
138.996 139.388 58.0 害 0
139.39 139.783 55.0 了 0
139.785 140.046 63.0 自 0
140.048 142.546 60.0 我 1
143.202 143.595 63.0 哥 0
143.729 143.989 60.0 有 0
143.992 144.253 63.0 - 0
144.255 144.647 60.0 老 0
144.781 145.239 60.0 婆 0
145.307 145.7 63.0 她 0
145.702 145.963 55.0 很 0
146.097 146.358 63.0 爱 0
146.36 147.147 60.0 我 1
147.45 147.908 63.0 漂 0
147.976 148.237 60.0 不 0
148.239 148.5 63.0 - 0
148.502 148.763 63.0 漂 0
148.766 149.026 60.0 - 0
149.029 149.29 60.0 亮 0
149.292 149.553 58.0 是 0
149.555 149.816 60.0 哥 0
149.818 150.211 58.0 的 0
150.344 150.605 53.0 选 0
150.608 150.869 53.0 择 0
150.871 151.395 55.0 - 1
151.598 151.991 65.0 哥 0
152.125 152.583 65.0 有 0
152.651 153.043 60.0 老 0
153.177 153.57 65.0 婆 0
153.704 153.899 65.0 别 0
153.967 154.228 65.0 再 0
154.23 154.491 60.0 诱 0
154.493 154.754 67.0 惑 0
154.756 155.412 65.0 我 1
155.85 156.045 58.0 不 0
156.113 156.308 58.0 能 0
156.376 156.571 58.0 背 0
156.639 156.9 60.0 叛 0
156.902 157.163 60.0 她 0
157.166 157.69 62.0 - 0
157.955 158.216 58.0 和 0
158.218 158.479 55.0 你 0
158.481 158.742 58.0 去 0
158.745 158.94 60.0 生 0
159.008 159.269 58.0 活 0
159.271 159.795 60.0 - 1
160.118 160.511 63.0 哥 0
160.645 161.103 60.0 有 0
161.171 161.563 60.0 老 0
161.697 161.958 60.0 婆 0
161.96 162.221 63.0 - 0
162.224 162.485 63.0 请 0
162.487 162.682 55.0 你 0
162.75 162.945 55.0 别 0
163.013 163.274 63.0 爱 0
163.276 164.063 60.0 我 1
164.189 164.384 63.0 不 0
164.452 164.713 60.0 能 0
164.715 164.976 63.0 给 0
164.978 165.239 60.0 你 0
165.241 165.437 63.0 幸 0
165.505 166.029 63.0 福 0
166.294 166.555 60.0 任 0
166.557 166.818 58.0 何 0
166.82 167.081 53.0 的 0
167.084 167.345 58.0 承 0
167.347 167.608 58.0 诺 0
167.61 168.134 55.0 - 1
168.525 168.918 65.0 哥 0
169.052 169.51 65.0 有 0
169.578 169.971 60.0 老 0
170.104 170.497 65.0 婆 0
170.631 170.826 65.0 许 0
170.894 171.155 65.0 下 0
171.157 171.418 60.0 过 0
171.42 171.681 67.0 承 0
171.683 172.471 65.0 诺 1
172.734 173.126 58.0 哥 0
173.129 173.258 58.0 的 0
173.26 173.455 58.0 一 0
173.523 173.719 60.0 生 0
173.787 174.179 62.0 只 0
174.313 174.705 62.0 爱 0
174.839 175.232 58.0 我 0
175.365 175.758 55.0 老 0
175.892 176.876 60.0 婆 1
176.995 177.388 63.0 哥 0
177.522 177.783 60.0 有 0
177.785 178.046 63.0 - 0
178.048 178.441 60.0 老 0
178.574 179.033 60.0 婆 0
179.101 179.493 63.0 她 0
179.495 179.756 55.0 很 0
179.89 180.151 63.0 爱 0
180.153 180.941 60.0 我 1
181.083 181.541 63.0 漂 0
181.609 181.87 60.0 不 0
181.872 182.133 63.0 - 0
182.136 182.397 63.0 漂 0
182.399 182.66 60.0 - 0
182.662 182.923 60.0 亮 0
182.925 183.186 58.0 是 0
183.188 183.449 60.0 哥 0
183.451 183.844 58.0 的 0
183.978 184.239 53.0 选 0
184.241 184.502 53.0 择 0
184.504 185.028 55.0 - 1
185.366 185.759 65.0 哥 0
185.893 186.351 65.0 有 0
186.419 186.812 60.0 老 0
186.945 187.338 65.0 婆 0
187.472 187.667 65.0 别 0
187.735 187.996 65.0 再 0
187.998 188.259 60.0 诱 0
188.261 188.522 67.0 惑 0
188.524 189.18 65.0 我 1
189.588 189.783 58.0 不 0
189.851 190.046 58.0 能 0
190.114 190.31 58.0 背 0
190.377 190.638 60.0 叛 0
190.641 190.902 60.0 她 0
190.904 191.428 62.0 - 0
191.693 191.954 58.0 和 0
191.956 192.217 55.0 你 0
192.22 192.481 58.0 去 0
192.483 192.678 60.0 生 0
192.746 193.007 58.0 活 0
193.009 193.533 60.0 - 1
193.702 194.094 63.0 哥 0
194.228 194.686 60.0 有 0
194.754 195.147 60.0 老 0
195.28 195.541 60.0 婆 0
195.544 195.805 63.0 - 0
195.807 196.068 63.0 请 0
196.07 196.265 55.0 你 0
196.333 196.528 55.0 别 0
196.596 196.857 63.0 爱 0
196.859 197.647 60.0 我 1
197.881 198.076 63.0 不 0
198.144 198.405 60.0 能 0
198.407 198.668 63.0 给 0
198.671 198.932 60.0 你 0
198.934 199.129 63.0 幸 0
199.197 199.721 63.0 福 0
199.986 200.247 60.0 任 0
200.249 200.51 58.0 何 0
200.513 200.774 53.0 的 0
200.776 201.037 58.0 承 0
201.039 201.3 58.0 诺 0
201.302 201.826 55.0 - 1
202.131 202.523 65.0 哥 0
202.657 203.115 65.0 有 0
203.183 203.576 60.0 老 0
203.71 204.102 65.0 婆 0
204.236 204.431 65.0 许 0
204.499 204.76 65.0 下 0
204.762 205.023 60.0 过 0
205.025 205.286 67.0 承 0
205.288 206.076 65.0 诺 1
206.389 206.782 58.0 哥 0
206.784 206.913 58.0 的 0
206.915 207.111 58.0 一 0
207.179 207.374 60.0 生 0
207.442 207.834 62.0 只 0
207.968 208.361 62.0 爱 0
208.494 208.887 58.0 我 0
209.021 209.413 55.0 老 0
209.547 210.532 60.0 婆 1
210.592 210.984 58.0 哥 0
210.986 211.116 58.0 的 0
211.118 211.313 58.0 一 0
211.381 211.576 60.0 生 0
211.644 212.037 62.0 只 0
212.171 212.563 62.0 爱 0
212.697 213.089 58.0 我 0
213.223 213.616 55.0 老 0
213.75 215.721 60.0 婆 1
