7.746 7.964 61.0 推 0
7.964 8.181 61.0 开 0
8.181 8.616 61.0 窗 0
8.616 8.833 61.0 看 0
8.833 9.268 60.0 天 0
9.268 9.703 61.0 边 0
9.703 10.138 63.0 白 0
10.138 10.572 60.0 色 0
10.572 11.007 60.0 的 0
11.007 12.312 61.0 鸟 1
14.836 15.053 61.0 想 0
15.053 15.271 61.0 起 0
15.271 16.14 61.0 你 0
16.14 16.358 60.0 薄 0
16.358 16.792 61.0 荷 0
16.792 17.227 61.0 味 0
17.227 17.662 60.0 的 0
17.662 18.858 61.0 笑 1
20.987 21.422 61.0 那 0
21.422 22.726 70.0 时 0
22.726 24.03 68.0 你 0
24.03 24.356 65.0 在 0
24.356 24.574 65.0 操 0
24.574 24.9 63.0 场 0
24.9 26.204 65.0 上 0
26.204 26.422 63.0 奔 0
26.422 27.509 65.0 跑 1
27.921 28.139 68.0 大 0
28.139 28.574 70.0 声 0
28.574 29.878 63.0 喊 0
29.878 30.095 63.0 我 0
30.095 30.313 63.0 爱 0
30.313 30.747 61.0 你 0
30.747 30.965 61.0 你 0
30.965 31.291 61.0 知 0
31.291 31.617 61.0 不 0
31.617 32.052 58.0 知 0
32.052 33.682 56.0 道 1
35.727 35.945 61.0 那 0
35.945 36.162 61.0 时 0
36.162 36.597 61.0 我 0
36.597 36.814 61.0 们 0
36.814 37.249 60.0 什 0
37.249 37.684 61.0 么 0
37.684 38.119 63.0 都 0
38.119 38.554 60.0 不 0
38.554 40.293 61.0 怕 1
42.69 42.907 61.0 看 0
42.907 43.125 61.0 咖 0
43.125 43.342 61.0 啡 0
43.342 43.777 61.0 色 0
43.777 44.212 60.0 夕 0
44.212 44.646 61.0 阳 0
44.646 44.864 61.0 又 0
44.864 45.299 63.0 要 0
45.299 45.625 60.0 落 0
45.625 47.473 61.0 下 1
48.801 49.236 61.0 你 0
49.236 50.431 70.0 说 0
50.431 51.627 68.0 要 0
51.627 52.17 65.0 一 0
52.17 52.388 65.0 直 0
52.388 52.714 63.0 爱 0
52.714 54.018 65.0 一 0
54.018 54.453 68.0 直 0
54.453 55.323 65.0 好 1
55.758 55.976 61.0 就 0
55.976 56.193 63.0 这 0
56.193 57.715 63.0 样 0
57.932 58.367 63.0 永 0
58.367 58.802 61.0 远 0
58.802 59.128 63.0 不 0
59.128 59.454 63.0 分 0
59.454 61.411 63.0 开 1
62.133 62.568 73.0 我 0
62.568 63.003 72.0 们 0
63.003 63.655 70.0 都 0
63.655 63.872 68.0 是 0
63.872 64.09 65.0 好 0
64.09 64.524 65.0 孩 0
64.524 65.611 65.0 子 1
65.738 66.173 65.0 异 0
66.173 66.608 68.0 想 0
66.608 67.043 70.0 天 0
67.043 67.478 70.0 开 0
67.478 67.695 68.0 的 0
67.695 68.13 68.0 孩 0
68.13 69.217 65.0 子 1
69.619 69.837 63.0 相 0
69.837 70.054 61.0 信 0
70.054 71.359 63.0 爱 0
71.793 72.228 68.0 可 0
72.228 72.663 68.0 以 0
72.663 73.098 68.0 永 0
73.098 73.533 63.0 远 0
73.533 75.272 65.0 啊 1
76.085 76.52 73.0 我 0
76.52 76.955 72.0 们 0
76.955 77.607 70.0 都 0
77.607 77.824 68.0 是 0
77.824 78.042 65.0 好 0
78.042 78.477 68.0 孩 0
78.477 79.563 65.0 子 1
79.67 80.105 65.0 最 0
80.105 80.54 68.0 最 0
80.54 80.975 70.0 善 0
80.975 81.41 70.0 良 0
81.41 81.627 68.0 的 0
81.627 82.062 68.0 孩 0
82.062 83.149 65.0 子 1
83.516 83.733 63.0 怀 0
83.733 83.95 61.0 念 0
83.95 85.255 63.0 着 0
85.689 86.124 65.0 伤 0
86.124 86.559 65.0 害 0
86.559 86.776 63.0 我 0
86.776 87.211 61.0 们 0
87.211 89.168 61.0 的 1
119.048 119.265 61.0 那 0
119.265 119.482 61.0 时 0
119.482 119.7 61.0 我 0
119.7 120.135 61.0 们 0
120.135 120.569 60.0 什 0
120.569 121.004 61.0 么 0
121.004 121.439 61.0 都 0
121.439 121.874 60.0 不 0
121.874 123.613 61.0 怕 1
126.164 126.382 61.0 看 0
126.382 126.599 61.0 咖 0
126.599 126.816 61.0 啡 0
126.816 127.251 61.0 色 0
127.251 127.686 60.0 夕 0
127.686 128.121 61.0 阳 0
128.121 128.338 61.0 又 0
128.338 128.773 63.0 要 0
128.773 129.099 60.0 落 0
129.099 130.947 61.0 下 1
132.185 132.62 61.0 你 0
132.62 133.816 70.0 说 0
133.816 134.794 68.0 要 0
135.229 135.555 65.0 一 0
135.555 135.881 65.0 直 0
135.881 136.098 63.0 爱 0
136.098 137.403 65.0 一 0
137.403 137.837 68.0 直 0
137.837 138.707 65.0 好 1
139.105 139.322 61.0 就 0
139.322 139.539 63.0 这 0
139.539 141.061 63.0 样 0
141.279 141.713 63.0 永 0
141.713 142.148 61.0 远 0
142.148 142.474 63.0 不 0
142.474 142.909 63.0 分 0
142.909 144.757 63.0 开 1
145.571 146.006 73.0 我 0
146.006 146.441 72.0 们 0
146.441 147.093 70.0 都 0
147.093 147.311 68.0 是 0
147.311 147.528 65.0 好 0
147.528 147.963 68.0 孩 0
147.963 149.05 65.0 子 1
149.058 149.492 65.0 最 0
149.492 149.927 68.0 最 0
149.927 150.362 70.0 天 0
150.362 150.797 70.0 真 0
150.797 151.014 68.0 的 0
151.014 151.449 65.0 孩 0
151.449 152.536 65.0 子 1
153.047 153.264 63.0 灿 0
153.264 153.481 61.0 烂 0
153.481 154.568 63.0 的 0
154.568 154.786 63.0 孤 0
154.786 155.003 61.0 单 0
155.003 155.221 63.0 的 0
155.221 155.655 68.0 变 0
155.655 156.09 68.0 遥 0
156.09 156.525 68.0 远 0
156.525 156.742 63.0 的 0
156.742 158.699 65.0 啊 1
159.639 160.074 73.0 我 0
160.074 160.509 72.0 们 0
160.509 161.161 70.0 都 0
161.161 161.379 68.0 是 0
161.379 161.596 65.0 好 0
161.596 162.031 68.0 孩 0
162.031 163.118 65.0 子 1
163.147 163.581 65.0 最 0
163.581 164.016 68.0 最 0
164.016 164.451 70.0 可 0
164.451 164.886 70.0 爱 0
164.886 165.103 68.0 的 0
165.103 165.538 65.0 孩 0
165.538 166.625 65.0 子 1
166.923 167.14 63.0 在 0
167.14 167.358 61.0 一 0
167.358 168.662 63.0 起 0
168.879 169.097 63.0 为 0
169.097 169.531 65.0 幸 0
169.531 169.966 65.0 福 0
169.966 170.184 63.0 落 0
170.184 170.401 61.0 泪 0
170.401 170.836 63.0 - 0
170.836 173.01 61.0 啊 1
173.587 174.022 73.0 我 0
174.022 174.457 72.0 们 0
174.457 175.109 70.0 都 0
175.109 175.327 68.0 是 0
175.327 175.544 65.0 好 0
175.544 175.979 68.0 孩 0
175.979 177.066 65.0 子 1
177.071 177.506 65.0 异 0
177.506 177.94 68.0 想 0
177.94 178.375 70.0 天 0
178.375 178.81 70.0 开 0
178.81 179.027 68.0 的 0
179.027 179.462 65.0 孩 0
179.462 180.549 65.0 子 1
180.857 181.074 63.0 相 0
181.074 181.292 61.0 信 0
181.292 182.596 63.0 爱 0
183.031 183.465 68.0 可 0
183.465 183.9 68.0 以 0
183.9 184.335 68.0 永 0
184.335 184.552 63.0 远 0
184.552 186.509 65.0 啊 1
187.463 187.897 73.0 我 0
187.897 188.332 72.0 们 0
188.332 188.984 70.0 都 0
188.984 189.202 68.0 是 0
189.202 189.419 65.0 好 0
189.419 189.854 68.0 孩 0
189.854 190.941 65.0 子 1
190.961 191.396 65.0 最 0
191.396 191.83 68.0 最 0
191.83 192.265 70.0 善 0
192.265 192.7 70.0 良 0
192.7 192.917 68.0 的 0
192.917 193.352 65.0 孩 0
193.352 194.439 65.0 子 1
194.829 195.046 63.0 怀 0
195.046 195.264 61.0 念 0
195.264 196.568 63.0 着 0
197.003 197.438 63.0 伤 0
197.438 197.872 65.0 害 0
197.872 198.09 63.0 我 0
198.09 198.524 61.0 们 0
198.524 200.481 61.0 的 1
202.537 202.754 61.0 推 0
202.754 202.972 61.0 开 0
202.972 203.406 61.0 窗 0
203.406 203.624 61.0 看 0
203.624 204.059 60.0 天 0
204.059 204.493 61.0 边 0
204.493 204.928 61.0 白 0
204.928 205.363 60.0 色 0
205.363 205.798 60.0 的 0
205.798 207.102 61.0 鸟 1
209.549 209.767 61.0 想 0
209.767 209.984 61.0 起 0
209.984 210.854 61.0 你 0
210.854 211.071 60.0 薄 0
211.071 211.506 61.0 荷 0
211.506 211.941 63.0 味 0
211.941 212.376 60.0 的 0
212.376 213.571 61.0 笑 1
215.583 216.018 61.0 那 0
216.018 217.323 70.0 时 0
217.323 218.627 68.0 你 0
218.627 218.953 65.0 在 0
218.953 219.17 65.0 操 0
219.17 219.496 63.0 场 0
219.496 220.801 65.0 上 0
220.801 221.018 63.0 奔 0
221.018 222.105 65.0 跑 1
222.536 222.753 68.0 大 0
222.753 223.188 70.0 声 0
223.188 224.492 63.0 喊 0
224.492 224.71 63.0 我 0
224.71 224.927 63.0 爱 0
224.927 225.362 61.0 你 0
225.362 225.579 61.0 你 0
225.579 226.014 61.0 知 0
226.014 226.449 63.0 不 0
226.449 226.992 65.0 知 0
226.992 231.232 65.0 道 1
