12.598 12.816 53.0 你 0
12.816 13.25 55.0 仿 0
13.25 13.685 58.0 佛 0
13.685 14.12 63.0 从 0
14.12 14.337 65.0 没 0
14.337 14.99 62.0 见 0
14.99 15.207 60.0 过 0
15.207 15.859 58.0 我 1
15.886 16.103 53.0 只 0
16.103 16.321 53.0 是 0
16.321 16.756 51.0 让 0
16.756 17.19 60.0 我 0
17.19 17.625 51.0 梦 0
17.625 18.06 60.0 成 0
18.06 18.495 58.0 - 0
18.495 18.93 58.0 空 1
19.568 19.785 54.0 伤 0
19.785 20.111 55.0 - 0
20.111 21.089 63.0 心 0
21.307 21.524 55.0 不 0
21.524 22.394 62.0 语 0
23.046 23.589 55.0 退 0
23.589 24.568 60.0 缩 1
26.314 26.531 58.0 幻 0
26.531 26.749 58.0 想 0
26.749 27.075 56.0 也 0
27.075 27.401 56.0 许 0
27.401 27.836 56.0 是 0
27.836 28.053 62.0 你 0
28.053 28.488 63.0 - 1
28.56 28.886 62.0 假 0
28.886 29.212 63.0 装 0
29.212 29.647 65.0 不 0
29.647 30.082 67.0 看 0
30.082 30.625 58.0 - 0
30.625 32.038 58.0 我 1
33.265 33.483 60.0 让 0
33.483 33.7 62.0 我 0
33.7 34.135 63.0 得 0
34.135 34.352 62.0 不 0
34.352 35.005 60.0 到 1
35.024 35.241 58.0 更 0
35.241 35.676 58.0 珍 0
35.676 36.763 63.0 惜 0
36.763 36.98 62.0 所 0
36.98 38.937 63.0 有 1
40.372 40.59 55.0 我 0
40.59 41.024 55.0 试 0
41.024 41.459 58.0 着 0
41.459 41.894 63.0 对 0
41.894 42.111 65.0 你 0
42.111 42.655 62.0 微 0
42.655 42.872 60.0 微 0
42.872 43.633 58.0 笑 1
43.712 43.93 53.0 你 0
43.93 44.147 53.0 总 0
44.147 44.582 51.0 视 0
44.582 45.016 60.0 而 0
45.016 45.451 51.0 不 0
45.451 45.886 60.0 - 0
45.886 46.321 58.0 - 0
46.321 46.756 58.0 见 1
47.323 47.54 55.0 何 0
47.54 48.518 63.0 必 0
49.062 49.497 55.0 何 0
49.497 50.149 62.0 必 0
50.801 51.345 55.0 何 0
51.345 52.323 60.0 必 1
54.178 54.395 58.0 却 0
54.395 54.613 58.0 又 0
54.613 54.939 56.0 难 0
54.939 55.265 55.0 以 0
55.265 55.7 56.0 抗 0
55.7 55.917 62.0 拒 0
55.917 56.352 63.0 - 1
56.4 56.726 62.0 难 0
56.726 57.052 63.0 以 0
57.052 57.704 65.0 放 0
57.704 58.791 58.0 - 0
58.791 60.095 58.0 弃 1
61.185 61.403 60.0 就 0
61.403 61.62 62.0 算 0
61.62 62.055 63.0 你 0
62.055 62.272 62.0 对 0
62.272 62.707 60.0 我 0
62.707 62.925 58.0 说 1
63.239 63.457 58.0 别 0
63.674 64.218 63.0 再 0
64.218 64.544 62.0 - 0
64.544 64.761 62.0 烦 0
64.761 67.599 63.0 我 1
68.32 68.538 58.0 你 0
68.538 68.755 65.0 难 0
68.755 68.973 63.0 以 0
68.973 69.19 65.0 靠 0
69.19 69.408 65.0 近 0
69.408 69.842 67.0 - 1
69.923 70.141 65.0 难 0
70.141 70.358 63.0 以 0
70.358 70.575 62.0 不 0
70.575 70.793 63.0 再 0
70.793 71.01 62.0 想 0
71.01 71.662 58.0 念 1
71.702 71.919 55.0 我 0
71.919 72.137 62.0 难 0
72.137 72.354 60.0 以 0
72.354 72.571 62.0 抗 0
72.571 72.789 60.0 拒 0
72.789 73.006 62.0 你 0
73.006 73.441 62.0 容 0
73.441 74.093 55.0 - 0
74.093 74.963 55.0 颜 1
75.439 75.657 58.0 把 0
75.657 75.874 60.0 心 0
75.874 76.092 58.0 画 0
76.092 76.744 60.0 在 1
76.863 77.08 58.0 写 0
77.08 77.298 56.0 给 0
77.298 77.515 55.0 你 0
77.515 77.732 58.0 的 0
77.732 77.95 62.0 信 0
77.95 78.602 63.0 中 1
78.986 79.203 67.0 希 0
79.203 79.421 65.0 望 0
79.421 79.638 65.0 偶 0
79.638 79.855 63.0 而 0
79.855 80.073 63.0 能 0
80.073 80.29 60.0 够 1
80.347 80.564 63.0 见 0
80.564 80.782 65.0 到 0
80.782 80.999 65.0 你 0
80.999 81.217 65.0 微 0
81.217 81.434 65.0 笑 0
81.434 81.651 63.0 的 0
81.651 81.869 63.0 容 0
81.869 82.304 65.0 颜 1
82.315 82.532 58.0 你 0
82.532 82.749 65.0 难 0
82.749 82.967 63.0 以 0
82.967 83.184 65.0 靠 0
83.184 83.402 65.0 近 0
83.402 83.836 67.0 - 1
83.837 84.055 65.0 难 0
84.055 84.272 63.0 以 0
84.272 84.489 62.0 不 0
84.489 84.707 63.0 再 0
84.707 84.924 62.0 想 0
84.924 85.576 58.0 念 1
85.705 85.922 55.0 我 0
85.922 86.14 62.0 难 0
86.14 86.357 60.0 以 0
86.357 86.574 62.0 抗 0
86.574 86.792 60.0 拒 0
86.792 87.009 62.0 你 0
87.009 87.444 62.0 容 0
87.444 88.096 55.0 - 0
88.096 88.966 55.0 颜 1
89.385 89.603 58.0 把 0
89.603 89.82 60.0 心 0
89.82 90.038 58.0 画 0
90.038 90.69 60.0 在 1
90.72 90.937 58.0 写 0
90.937 91.155 56.0 给 0
91.155 91.372 55.0 你 0
91.372 91.589 58.0 的 0
91.589 91.807 62.0 信 0
91.807 92.459 63.0 中 1
92.799 93.016 67.0 希 0
93.016 93.234 65.0 望 0
93.234 93.451 65.0 明 0
93.451 93.668 63.0 天 0
93.668 93.886 63.0 能 0
93.886 94.103 60.0 够 1
94.113 94.33 63.0 见 0
94.33 94.548 65.0 到 0
94.548 94.765 65.0 你 0
94.765 94.983 65.0 会 0
94.983 95.2 65.0 心 0
95.2 95.417 63.0 的 0
95.417 95.961 63.0 容 0
95.961 96.722 63.0 - 0
96.722 98.464 63.0 颜 1
99.569 99.788 55.0 我 0
99.788 100.223 55.0 试 0
100.223 100.658 58.0 着 0
100.658 101.092 63.0 对 0
101.092 101.31 65.0 你 0
101.31 101.853 62.0 微 0
101.853 102.071 60.0 微 0
102.071 102.79 58.0 笑 1
102.874 103.092 53.0 你 0
103.092 103.309 53.0 总 0
103.309 103.744 51.0 视 0
103.744 104.179 60.0 而 0
104.179 104.614 51.0 不 0
104.614 105.048 60.0 - 0
105.048 105.483 58.0 - 0
105.483 105.918 58.0 见 1
106.782 107.108 55.0 何 0
107.108 108.086 63.0 必 0
108.521 108.956 55.0 何 0
108.956 109.173 60.0 必 0
109.173 109.608 62.0 - 0
110.26 110.695 55.0 何 0
110.695 112.108 60.0 必 1
113.328 113.546 58.0 却 0
113.546 113.763 58.0 又 0
113.763 114.198 56.0 难 0
114.198 114.524 55.0 以 0
114.524 114.85 56.0 抗 0
114.85 115.067 62.0 拒 0
115.067 115.502 63.0 - 1
115.545 115.871 62.0 难 0
115.871 116.197 63.0 以 0
116.197 116.849 65.0 放 0
116.849 117.393 67.0 - 0
117.393 117.936 58.0 - 0
117.936 119.241 58.0 弃 1
120.242 120.459 60.0 就 0
120.459 120.677 62.0 算 0
120.677 121.111 63.0 你 0
121.111 121.329 62.0 对 0
121.329 121.763 60.0 我 0
121.763 121.981 58.0 说 1
122.49 122.707 58.0 别 0
122.816 123.794 63.0 再 0
123.794 124.011 62.0 烦 0
124.011 125.968 63.0 我 1
127.55 127.769 58.0 你 0
127.769 127.986 65.0 难 0
127.986 128.204 63.0 以 0
128.204 128.421 65.0 靠 0
128.421 128.638 65.0 近 0
128.638 129.073 67.0 - 1
129.081 129.298 65.0 难 0
129.298 129.516 63.0 以 0
129.516 129.733 62.0 不 0
129.733 129.951 63.0 再 0
129.951 130.168 62.0 想 0
130.168 130.82 58.0 念 1
130.958 131.175 55.0 我 0
131.175 131.392 62.0 难 0
131.392 131.61 60.0 以 0
131.61 131.827 62.0 抗 0
131.827 132.045 60.0 拒 0
132.045 132.262 62.0 你 0
132.262 132.697 63.0 容 0
132.697 133.349 55.0 - 0
133.349 134.218 55.0 颜 1
134.734 134.952 58.0 把 0
134.952 135.169 60.0 心 0
135.169 135.386 58.0 画 0
135.386 136.039 60.0 在 1
136.039 136.256 58.0 写 0
136.256 136.473 56.0 给 0
136.473 136.691 55.0 你 0
136.691 136.908 58.0 的 0
136.908 137.126 62.0 信 0
137.126 137.778 63.0 中 1
138.135 138.352 67.0 希 0
138.352 138.569 65.0 望 0
138.569 138.787 65.0 偶 0
138.787 139.004 63.0 而 0
139.004 139.221 63.0 能 0
139.221 139.439 60.0 够 1
139.465 139.682 63.0 见 0
139.682 139.9 65.0 到 0
139.9 140.117 67.0 你 0
140.117 140.334 65.0 微 0
140.334 140.552 65.0 笑 0
140.552 140.769 63.0 的 0
140.769 140.987 63.0 容 0
140.987 141.421 65.0 颜 1
141.464 141.682 58.0 你 0
141.682 141.899 65.0 难 0
141.899 142.117 63.0 以 0
142.117 142.334 65.0 靠 0
142.334 142.551 65.0 近 0
142.551 142.986 67.0 - 1
142.989 143.207 65.0 难 0
143.207 143.424 63.0 以 0
143.424 143.641 62.0 不 0
143.641 143.859 63.0 再 0
143.859 144.076 62.0 想 0
144.076 144.728 58.0 念 1
144.871 145.088 55.0 我 0
145.088 145.305 60.0 难 0
145.305 145.523 60.0 以 0
145.523 145.74 62.0 抗 0
145.74 145.958 60.0 拒 0
145.958 146.175 62.0 你 0
146.175 146.718 62.0 容 0
146.718 147.262 55.0 - 0
147.262 148.132 55.0 颜 1
148.556 148.774 58.0 把 0
148.774 148.991 60.0 心 0
148.991 149.208 58.0 画 0
149.208 149.861 60.0 在 1
149.911 150.128 58.0 写 0
150.128 150.345 56.0 给 0
150.345 150.563 55.0 你 0
150.563 150.78 58.0 的 0
150.78 150.998 62.0 信 0
150.998 151.65 63.0 中 1
152.014 152.231 67.0 希 0
152.231 152.448 65.0 望 0
152.448 152.666 65.0 明 0
152.666 152.883 63.0 天 0
152.883 153.101 63.0 能 0
153.101 153.318 60.0 够 1
153.4 153.617 63.0 见 0
153.617 153.835 65.0 到 0
153.835 154.052 67.0 你 0
154.052 154.269 65.0 会 0
154.269 154.487 65.0 心 0
154.487 154.704 63.0 的 0
154.704 155.248 63.0 容 0
155.248 156.009 63.0 - 0
156.009 157.748 63.0 颜 1
169.249 169.471 58.0 你 0
169.471 169.688 65.0 难 0
169.688 169.905 63.0 以 0
169.905 170.123 65.0 靠 0
170.123 170.34 65.0 近 0
170.34 170.775 67.0 - 1
170.812 171.029 65.0 难 0
171.029 171.247 63.0 以 0
171.247 171.464 62.0 不 0
171.464 171.682 63.0 再 0
171.682 171.899 62.0 想 0
171.899 172.551 58.0 念 1
172.726 172.943 55.0 我 0
172.943 173.16 62.0 难 0
173.16 173.378 60.0 以 0
173.378 173.595 62.0 抗 0
173.595 173.812 60.0 拒 0
173.812 174.03 62.0 你 0
174.03 174.465 63.0 容 0
174.465 175.986 67.0 颜 1
176.439 176.657 58.0 把 0
176.657 176.874 60.0 心 0
176.874 177.091 58.0 画 0
177.091 177.744 60.0 在 1
177.808 178.025 58.0 写 0
178.025 178.242 56.0 给 0
178.242 178.46 55.0 你 0
178.46 178.677 58.0 的 0
178.677 178.894 62.0 信 0
178.894 179.547 63.0 中 1
179.808 180.026 65.0 希 0
180.026 180.243 65.0 望 0
180.243 180.461 65.0 偶 0
180.461 180.678 63.0 而 0
180.678 180.895 63.0 能 0
180.895 181.113 60.0 够 1
181.207 181.424 63.0 见 0
181.424 181.642 65.0 到 0
181.642 181.859 67.0 你 0
181.859 182.076 65.0 微 0
182.076 182.294 65.0 笑 0
182.294 182.511 63.0 的 0
182.511 182.729 63.0 容 0
182.729 183.163 65.0 颜 1
183.207 183.425 58.0 你 0
183.425 183.642 65.0 难 0
183.642 183.859 63.0 以 0
183.859 184.077 65.0 靠 0
184.077 184.294 65.0 近 0
184.294 184.729 67.0 - 1
184.752 184.969 65.0 难 0
184.969 185.187 63.0 以 0
185.187 185.404 62.0 不 0
185.404 185.622 63.0 再 0
185.622 185.839 62.0 想 0
185.839 186.491 58.0 念 1
186.64 186.857 55.0 我 0
186.857 187.074 62.0 难 0
187.074 187.292 60.0 以 0
187.292 187.509 62.0 抗 0
187.509 187.727 60.0 拒 0
187.727 187.944 62.0 你 0
187.944 188.487 62.0 容 0
188.487 189.031 55.0 - 0
189.031 189.9 55.0 颜 1
190.363 190.581 58.0 把 0
190.581 190.798 60.0 心 0
190.798 191.015 58.0 画 0
191.015 191.668 60.0 在 1
191.696 191.913 58.0 写 0
191.913 192.13 56.0 给 0
192.13 192.348 55.0 你 0
192.348 192.565 58.0 的 0
192.565 192.783 62.0 信 0
192.783 193.435 63.0 中 1
193.757 193.975 65.0 希 0
193.975 194.192 65.0 望 0
194.192 194.41 65.0 明 0
194.41 194.627 63.0 天 0
194.627 194.844 63.0 能 0
194.844 195.062 60.0 够 1
195.065 195.282 63.0 见 0
195.282 195.5 65.0 到 0
195.5 195.717 67.0 你 0
195.717 195.934 65.0 会 0
195.934 196.152 65.0 心 0
196.152 196.369 63.0 的 0
196.369 196.804 63.0 容 0
196.804 197.239 65.0 - 0
197.239 197.674 63.0 - 0
197.674 199.413 63.0 颜 1
200.494 200.711 55.0 我 0
200.711 200.928 62.0 难 0
200.928 201.146 60.0 以 0
201.146 201.363 62.0 抗 0
201.363 201.581 60.0 拒 0
201.581 201.798 62.0 你 0
201.798 202.233 63.0 容 0
202.233 203.754 67.0 颜 1
204.21 204.428 58.0 把 0
204.428 204.645 60.0 心 0
204.645 204.862 58.0 画 0
204.862 205.515 60.0 在 1
205.615 205.832 58.0 写 0
205.832 206.049 56.0 给 0
206.049 206.267 55.0 你 0
206.267 206.484 58.0 的 0
206.484 206.702 62.0 信 0
206.702 207.354 63.0 中 1
207.658 207.875 67.0 希 0
207.875 208.092 65.0 望 0
208.092 208.31 65.0 明 0
208.31 208.527 63.0 天 0
208.527 208.744 63.0 能 0
208.744 208.962 60.0 够 1
209.104 209.321 63.0 见 0
209.321 209.539 65.0 到 0
209.539 209.756 67.0 你 0
209.756 209.973 65.0 会 0
209.973 210.191 65.0 心 0
210.191 210.408 63.0 的 0
210.408 210.952 63.0 容 0
210.952 211.713 63.0 - 0
211.713 213.969 63.0 颜 1
214.437 214.651 53.0 你 0
214.651 215.099 55.0 仿 0
215.099 215.435 58.0 佛 0
215.435 215.883 63.0 从 0
215.883 216.107 65.0 没 0
216.107 216.331 60.0 见 0
216.331 216.778 62.0 - 0
216.778 217.002 60.0 过 0
217.002 217.786 58.0 我 1
217.839 218.063 53.0 只 0
218.063 218.287 53.0 是 0
218.287 218.734 51.0 让 0
218.734 219.406 60.0 我 0
219.406 219.854 51.0 梦 0
219.854 221.869 53.0 成 0
222.54 225.451 51.0 空 1
