42.489 42.805 51.0 虽 0
42.805 43.122 49.0 然 0
43.122 43.753 51.0 我 0
43.753 44.069 58.0 没 0
44.069 44.385 56.0 有 0
44.385 44.701 54.0 说 0
44.701 45.016 54.0 - 0
45.016 45.332 51.0 出 0
45.332 45.648 49.0 - 0
45.648 46.911 51.0 来 1
47.374 47.689 51.0 其 0
47.689 48.005 54.0 实 0
48.005 48.637 56.0 我 0
48.637 48.953 56.0 早 0
48.953 49.268 63.0 已 0
49.268 49.584 61.0 有 0
49.584 49.9 58.0 了 0
49.9 50.216 56.0 预 0
50.216 50.532 54.0 - 0
50.532 51.795 58.0 感 1
52.591 52.907 58.0 给 0
52.907 53.223 61.0 不 0
53.223 53.539 61.0 了 0
53.539 54.17 63.0 - 0
54.17 54.486 63.0 你 0
54.486 54.802 63.0 幸 0
54.802 55.118 61.0 - 0
55.118 55.433 58.0 福 0
55.433 55.749 61.0 的 0
55.749 56.065 56.0 现 0
56.065 56.381 58.0 - 0
56.381 56.697 56.0 - 0
56.697 57.644 56.0 在 1
57.649 57.965 54.0 是 0
57.965 58.28 56.0 我 0
58.28 58.596 58.0 如 0
58.596 59.228 58.0 今 0
59.228 59.544 61.0 最 0
59.544 59.859 56.0 大 0
59.859 60.175 58.0 的 0
60.175 60.491 54.0 无 0
60.491 60.807 56.0 - 0
60.807 62.052 58.0 奈 1
62.66 62.971 51.0 等 0
62.971 63.282 49.0 着 0
63.282 63.914 51.0 你 0
63.914 64.23 58.0 对 0
64.23 64.546 56.0 我 0
64.546 64.861 54.0 说 0
64.861 65.177 56.0 - 0
65.177 65.493 51.0 出 0
65.493 65.809 49.0 - 0
65.809 67.072 51.0 来 1
67.691 68.007 51.0 你 0
68.007 68.323 54.0 要 0
68.323 68.955 56.0 的 0
68.955 69.27 56.0 不 0
69.27 69.586 61.0 只 0
69.586 69.902 61.0 是 0
69.902 70.218 58.0 - 0
70.218 70.534 56.0 我 0
70.534 70.849 56.0 的 0
70.849 72.113 58.0 爱 1
72.719 73.035 58.0 我 0
73.035 73.351 61.0 用 0
73.351 73.666 61.0 沉 0
73.666 74.298 63.0 - 0
74.298 74.614 63.0 默 0
74.614 74.93 63.0 面 0
74.93 75.245 61.0 对 0
75.245 75.561 58.0 你 0
75.561 75.877 61.0 的 0
75.877 76.193 56.0 坦 0
76.193 76.509 58.0 - 0
76.509 76.824 56.0 - 0
76.824 77.456 56.0 白 1
77.49 77.806 53.0 曾 0
77.806 78.122 54.0 经 0
78.122 78.437 56.0 的 0
78.437 78.753 58.0 快 0
78.753 79.385 58.0 乐 0
79.385 79.7 61.0 都 0
79.7 80.016 56.0 烟 0
80.016 80.332 58.0 消 0
80.332 80.648 54.0 云 0
80.648 80.964 56.0 - 0
80.964 82.227 51.0 散 1
82.76 83.076 58.0 终 0
83.076 83.392 61.0 于 0
83.392 84.024 63.0 你 0
84.024 84.339 66.0 做 0
84.339 84.655 68.0 了 0
84.655 84.971 66.0 别 0
84.971 85.287 63.0 人 0
85.287 85.602 61.0 的 0
85.602 85.918 58.0 小 0
85.918 87.497 63.0 三 1
87.809 88.125 58.0 我 0
88.125 88.441 61.0 也 0
88.441 88.756 63.0 知 0
88.756 89.388 63.0 道 0
89.388 89.704 66.0 那 0
89.704 90.02 63.0 不 0
90.02 90.335 61.0 是 0
90.335 90.651 58.0 因 0
90.651 90.967 61.0 为 0
90.967 92.862 58.0 爱 1
92.99 93.305 58.0 城 0
93.305 93.621 61.0 市 0
93.621 93.937 63.0 的 0
93.937 94.569 63.0 夜 0
94.569 94.884 61.0 晚 0
94.884 95.2 51.0 如 0
95.2 95.516 58.0 此 0
95.516 95.832 56.0 的 0
95.832 96.148 54.0 灿 0
96.148 97.726 56.0 烂 1
97.871 98.187 56.0 只 0
98.187 98.503 58.0 是 0
98.503 98.819 61.0 没 0
98.819 99.134 61.0 有 0
99.134 99.45 61.0 你 0
99.45 99.766 58.0 在 0
99.766 100.082 56.0 身 0
100.082 100.713 54.0 边 0
100.713 101.029 56.0 陪 0
101.029 102.608 58.0 伴 1
103.069 103.385 58.0 终 0
103.385 103.7 61.0 于 0
103.7 104.332 63.0 你 0
104.332 104.648 66.0 做 0
104.648 104.964 68.0 了 0
104.964 105.279 66.0 别 0
105.279 105.595 63.0 人 0
105.595 105.911 61.0 的 0
105.911 106.227 58.0 小 0
106.227 107.806 63.0 三 1
107.973 108.288 58.0 从 0
108.288 108.604 61.0 此 0
108.604 108.92 63.0 我 0
108.92 109.551 63.0 不 0
109.551 109.867 66.0 再 0
109.867 110.183 63.0 是 0
110.183 110.499 61.0 你 0
110.499 110.815 58.0 的 0
110.815 111.13 61.0 港 0
111.13 112.709 58.0 湾 1
113.169 113.485 58.0 当 0
113.485 113.801 61.0 你 0
113.801 114.117 61.0 依 0
114.117 114.748 63.0 偎 0
114.748 115.064 61.0 在 0
115.064 115.38 51.0 他 0
115.38 115.695 58.0 的 0
115.695 116.011 56.0 胸 0
116.011 116.327 54.0 - 0
116.327 117.59 56.0 怀 1
117.762 118.078 58.0 是 0
118.078 118.394 61.0 否 0
118.394 118.709 58.0 已 0
118.709 119.025 63.0 忘 0
119.025 119.341 66.0 记 0
119.341 119.657 66.0 我 0
119.657 119.973 63.0 曾 0
119.973 120.288 61.0 给 0
120.288 120.92 58.0 过 0
120.92 121.236 61.0 的 0
121.236 123.762 63.0 爱 1
143.502 143.818 51.0 等 0
143.818 144.134 49.0 着 0
144.134 144.765 51.0 你 0
144.765 145.081 58.0 对 0
145.081 145.397 56.0 我 0
145.397 145.712 54.0 说 0
145.712 146.028 56.0 - 0
146.028 146.344 51.0 出 0
146.344 146.66 49.0 - 0
146.66 147.923 51.0 来 1
148.505 148.82 51.0 你 0
148.82 149.136 54.0 要 0
149.136 149.768 56.0 的 0
149.768 150.084 56.0 不 0
150.084 150.399 63.0 只 0
150.399 150.715 61.0 是 0
150.715 151.031 58.0 - 0
151.031 151.347 56.0 我 0
151.347 151.662 54.0 的 0
151.662 152.926 58.0 爱 1
153.455 153.771 58.0 我 0
153.771 154.087 61.0 用 0
154.087 154.403 61.0 沉 0
154.403 155.034 63.0 - 0
155.034 155.35 63.0 默 0
155.35 155.666 63.0 面 0
155.666 155.982 61.0 对 0
155.982 156.297 58.0 你 0
156.297 156.613 61.0 的 0
156.613 156.929 56.0 坦 0
156.929 157.245 58.0 - 0
157.245 157.56 56.0 - 0
157.56 158.192 56.0 白 1
158.192 158.508 51.0 曾 0
158.508 158.824 54.0 经 0
158.824 159.139 56.0 的 0
159.139 159.455 58.0 快 0
159.455 160.087 58.0 乐 0
160.087 160.403 61.0 都 0
160.403 160.718 56.0 烟 0
160.718 161.034 58.0 消 0
161.034 161.35 54.0 云 0
161.35 161.666 56.0 - 0
161.666 162.929 51.0 散 1
163.558 163.874 58.0 终 0
163.874 164.19 61.0 于 0
164.19 164.822 63.0 你 0
164.822 165.137 66.0 做 0
165.137 165.453 68.0 了 0
165.453 165.769 66.0 别 0
165.769 166.085 63.0 人 0
166.085 166.401 61.0 的 0
166.401 166.716 58.0 小 0
166.716 168.295 63.0 三 1
168.683 168.999 58.0 我 0
168.999 169.315 61.0 也 0
169.315 169.63 61.0 知 0
169.63 170.262 63.0 道 0
170.262 170.578 66.0 那 0
170.578 170.894 63.0 不 0
170.894 171.209 61.0 是 0
171.209 171.525 58.0 因 0
171.525 171.841 61.0 为 0
171.841 173.736 58.0 爱 1
173.737 174.053 58.0 城 0
174.053 174.368 61.0 市 0
174.368 174.684 63.0 的 0
174.684 175.316 63.0 夜 0
175.316 175.631 61.0 晚 0
175.631 175.947 51.0 如 0
175.947 176.263 58.0 此 0
176.263 176.579 56.0 的 0
176.579 176.895 54.0 灿 0
176.895 178.474 56.0 烂 1
178.789 179.105 56.0 只 0
179.105 179.421 58.0 是 0
179.421 179.737 61.0 没 0
179.737 180.053 61.0 有 0
180.053 180.368 61.0 你 0
180.368 180.684 58.0 在 0
180.684 181.0 56.0 身 0
181.0 181.631 54.0 边 0
181.631 181.947 56.0 陪 0
181.947 183.526 58.0 伴 1
183.841 184.157 58.0 终 0
184.157 184.473 61.0 于 0
184.473 185.104 63.0 你 0
185.104 185.42 66.0 做 0
185.42 185.736 68.0 了 0
185.736 186.052 66.0 别 0
186.052 186.367 63.0 人 0
186.367 186.683 61.0 的 0
186.683 186.999 58.0 小 0
186.999 188.578 63.0 三 1
188.853 189.168 58.0 从 0
189.168 189.484 61.0 此 0
189.484 189.8 63.0 我 0
189.8 190.432 63.0 不 0
190.432 190.747 66.0 再 0
190.747 191.063 63.0 是 0
191.063 191.379 61.0 你 0
191.379 191.695 58.0 的 0
191.695 192.011 61.0 港 0
192.011 193.589 58.0 湾 1
193.901 194.217 58.0 当 0
194.217 194.533 61.0 你 0
194.533 194.849 61.0 依 0
194.849 195.48 63.0 偎 0
195.48 195.796 61.0 在 0
195.796 196.112 51.0 他 0
196.112 196.428 58.0 的 0
196.428 196.743 56.0 胸 0
196.743 197.059 54.0 - 0
197.059 198.322 56.0 怀 1
198.701 199.017 58.0 是 0
199.017 199.333 61.0 否 0
199.333 199.648 58.0 已 0
199.648 199.964 63.0 忘 0
199.964 200.28 66.0 记 0
200.28 200.596 66.0 我 0
200.596 200.912 63.0 曾 0
200.912 201.227 61.0 给 0
201.227 201.859 58.0 过 0
201.859 202.175 61.0 的 0
202.175 204.07 63.0 爱 1
204.114 204.429 58.0 终 0
204.429 204.745 61.0 于 0
204.745 205.377 63.0 你 0
205.377 205.692 66.0 做 0
205.692 206.008 68.0 了 0
206.008 206.324 66.0 别 0
206.324 206.64 63.0 人 0
206.64 206.956 61.0 的 0
206.956 207.271 58.0 小 0
207.271 208.85 63.0 三 1
209.179 209.495 58.0 我 0
209.495 209.811 61.0 也 0
209.811 210.127 61.0 知 0
210.127 210.758 63.0 道 0
210.758 211.074 66.0 那 0
211.074 211.39 63.0 不 0
211.39 211.705 61.0 是 0
211.705 212.021 58.0 因 0
212.021 212.337 61.0 为 0
212.337 214.232 58.0 爱 1
214.266 214.582 58.0 城 0
214.582 214.897 61.0 市 0
214.897 215.213 63.0 的 0
215.213 215.845 63.0 夜 0
215.845 216.161 61.0 晚 0
216.161 216.476 51.0 如 0
216.476 216.792 58.0 此 0
216.792 217.108 56.0 的 0
217.108 217.424 54.0 灿 0
217.424 219.003 56.0 烂 1
219.317 219.633 56.0 只 0
219.633 219.949 58.0 是 0
219.949 220.265 61.0 没 0
220.265 220.581 61.0 有 0
220.581 220.896 61.0 你 0
220.896 221.212 58.0 在 0
221.212 221.528 56.0 身 0
221.528 222.16 54.0 边 0
222.16 222.475 56.0 陪 0
222.475 224.054 58.0 伴 1
224.293 224.609 58.0 终 0
224.609 224.925 61.0 于 0
224.925 225.556 63.0 你 0
225.556 225.872 66.0 做 0
225.872 226.188 68.0 了 0
226.188 226.504 66.0 别 0
226.504 226.819 63.0 人 0
226.819 227.135 61.0 的 0
227.135 227.451 58.0 小 0
227.451 229.03 63.0 三 1
229.33 229.645 58.0 从 0
229.645 229.961 61.0 此 0
229.961 230.277 63.0 我 0
230.277 230.909 63.0 不 0
230.909 231.224 66.0 再 0
231.224 231.54 63.0 是 0
231.54 231.856 61.0 你 0
231.856 232.172 58.0 的 0
232.172 232.488 61.0 港 0
232.488 234.067 58.0 湾 1
234.431 234.747 58.0 当 0
234.747 235.063 61.0 你 0
235.063 235.379 61.0 依 0
235.379 236.01 63.0 偎 0
236.01 236.326 61.0 在 0
236.326 236.642 51.0 他 0
236.642 236.958 58.0 的 0
236.958 237.273 56.0 胸 0
237.273 237.589 54.0 - 0
237.589 238.852 56.0 怀 1
239.097 239.413 58.0 是 0
239.413 239.729 61.0 否 0
239.729 240.045 58.0 已 0
240.045 240.36 63.0 忘 0
240.36 240.676 66.0 记 0
240.676 240.992 66.0 我 0
240.992 241.308 63.0 曾 0
241.308 241.623 61.0 给 0
241.623 242.255 58.0 过 0
242.255 242.571 61.0 的 0
242.571 244.466 63.0 爱 1
244.527 244.842 58.0 当 0
244.842 245.158 61.0 你 0
245.158 245.474 61.0 依 0
245.474 246.106 63.0 偎 0
246.106 246.421 61.0 在 0
246.421 246.737 51.0 他 0
246.737 247.053 58.0 的 0
247.053 247.369 56.0 胸 0
247.369 247.684 54.0 - 0
247.684 248.948 56.0 怀 1
249.147 249.463 58.0 是 0
249.463 249.779 61.0 否 0
249.779 250.095 58.0 已 0
250.095 250.411 63.0 忘 0
250.411 250.726 68.0 记 0
250.726 251.042 66.0 我 0
251.042 251.358 63.0 曾 0
251.358 251.832 61.0 给 0
251.832 252.305 58.0 过 0
252.305 252.621 61.0 的 0
252.621 255.147 63.0 爱 1
