23.976 24.219 64.0 为 0
24.221 24.465 66.0 你 0
24.467 24.711 66.0 我 0
24.713 25.203 66.0 用 0
25.205 25.449 66.0 了 0
25.451 25.695 64.0 半 0
25.697 25.941 62.0 年 0
25.943 26.187 69.0 的 0
26.189 26.678 66.0 积 0
26.68 27.416 66.0 蓄 1
27.481 27.725 64.0 漂 0
27.727 27.971 66.0 洋 0
27.973 28.217 64.0 过 0
28.219 28.709 64.0 海 0
28.711 28.954 66.0 的 0
28.957 29.446 64.0 来 0
29.448 29.692 62.0 看 0
29.694 30.676 59.0 你 1
31.925 32.169 62.0 为 0
32.171 32.415 62.0 了 0
32.417 32.661 62.0 这 0
32.663 32.907 62.0 次 0
32.909 33.153 64.0 相 0
33.155 33.645 62.0 聚 1
33.658 33.781 57.0 我 0
33.781 33.904 57.0 连 0
33.904 34.147 62.0 见 0
34.149 34.393 62.0 面 0
34.395 34.639 62.0 时 0
34.641 34.885 62.0 的 0
34.887 35.131 64.0 呼 0
35.133 35.377 62.0 吸 1
35.381 35.625 62.0 都 0
35.627 35.873 62.0 曾 0
35.873 36.426 64.0 反 0
36.426 37.346 64.0 复 0
37.348 37.838 66.0 练 0
37.84 38.822 64.0 习 1
39.773 40.017 64.0 言 0
40.019 40.263 66.0 语 0
40.265 40.509 66.0 从 0
40.511 40.755 66.0 来 0
40.757 41.001 66.0 没 0
41.003 41.492 66.0 能 0
41.495 41.984 69.0 将 0
41.986 42.476 69.0 我 0
42.478 42.722 66.0 的 0
42.724 42.968 64.0 情 0
42.97 43.214 66.0 意 1
43.246 43.49 64.0 表 0
43.492 43.736 66.0 达 0
43.738 44.227 64.0 千 0
44.229 44.719 66.0 万 0
44.721 45.211 64.0 分 0
45.213 45.457 62.0 之 0
45.459 46.441 59.0 一 1
47.514 47.758 62.0 为 0
47.76 48.004 62.0 了 0
48.006 48.25 62.0 这 0
48.252 48.496 62.0 个 0
48.498 48.742 62.0 遗 0
48.744 49.233 64.0 憾 1
49.397 49.518 57.0 我 0
49.52 49.641 57.0 在 0
49.643 49.887 62.0 夜 0
49.889 50.133 62.0 里 0
50.135 50.379 62.0 想 0
50.381 50.625 62.0 了 0
50.627 50.871 62.0 又 0
50.873 51.117 62.0 想 1
51.537 52.072 64.0 不 0
52.072 52.961 64.0 肯 0
52.963 53.436 66.0 睡 0
53.438 54.419 64.0 去 1
55.082 55.572 71.0 记 0
55.574 56.063 69.0 忆 0
56.065 56.309 69.0 它 0
56.311 56.801 69.0 总 0
56.803 57.047 69.0 是 0
57.049 57.539 71.0 慢 0
57.541 58.031 74.0 慢 0
58.033 58.277 71.0 的 0
58.279 58.522 69.0 累 0
58.525 58.768 71.0 积 1
58.84 59.084 69.0 在 0
59.086 59.33 62.0 我 0
59.332 59.822 64.0 心 0
59.824 60.314 66.0 中 0
60.316 60.56 64.0 无 0
60.562 60.806 66.0 法 0
60.808 61.051 64.0 抹 0
61.054 62.281 59.0 去 1
63.286 63.529 62.0 为 0
63.532 63.775 62.0 了 0
63.777 64.021 62.0 你 0
64.023 64.267 59.0 的 0
64.269 64.513 64.0 承 0
64.515 65.005 62.0 诺 1
65.01 65.131 57.0 我 0
65.133 65.254 59.0 在 0
65.256 65.5 62.0 最 0
65.502 65.746 62.0 绝 0
65.748 65.991 62.0 望 0
65.994 66.237 59.0 的 0
66.239 66.483 64.0 时 0
66.485 66.975 62.0 候 1
67.279 67.523 69.0 都 0
67.525 68.015 71.0 忍 0
68.017 68.261 71.0 着 0
68.263 68.752 71.0 不 0
68.754 68.998 66.0 哭 0
69.0 72.163 69.0 泣 1
73.045 73.289 69.0 陌 0
73.291 73.535 66.0 生 0
73.537 73.781 64.0 的 0
73.783 74.273 66.0 城 0
74.275 74.764 69.0 市 0
74.766 75.012 66.0 - 0
75.012 76.363 66.0 啊 1
76.937 77.18 62.0 熟 0
77.183 77.672 64.0 悉 0
77.674 77.918 66.0 的 0
77.92 78.41 64.0 角 0
78.412 78.902 59.0 落 0
78.904 80.377 64.0 里 1
80.914 81.16 60.0 也 0
81.16 81.404 62.0 曾 0
81.406 81.65 62.0 彼 0
81.652 81.896 62.0 此 0
81.898 82.141 62.0 安 0
82.144 82.633 59.0 慰 1
82.647 83.139 62.0 也 0
83.139 83.383 62.0 曾 0
83.385 83.629 62.0 相 0
83.631 83.875 62.0 拥 0
83.877 84.123 62.0 叹 0
84.123 84.367 62.0 息 1
84.387 84.631 62.0 不 0
84.633 84.876 59.0 管 0
84.878 85.122 69.0 将 0
85.124 85.368 69.0 要 0
85.37 85.614 69.0 面 0
85.616 85.86 69.0 对 1
85.902 86.148 69.0 什 0
86.148 86.392 69.0 么 0
86.394 86.638 69.0 样 0
86.64 86.884 66.0 的 0
86.886 87.621 71.0 结 0
87.623 88.359 69.0 局 1
88.525 88.769 69.0 在 0
88.771 89.015 71.0 漫 0
89.017 89.261 69.0 天 0
89.263 89.507 71.0 风 0
89.509 89.752 69.0 沙 0
89.754 90.49 71.0 里 1
90.579 91.065 69.0 望 0
91.067 91.307 66.0 着 0
91.309 91.549 69.0 你 0
91.551 91.79 66.0 远 0
91.792 92.274 69.0 去 1
92.275 92.515 69.0 我 0
92.517 92.757 69.0 竟 0
92.759 93.249 71.0 悲 0
93.251 93.494 71.0 伤 0
93.497 93.74 71.0 得 0
93.742 93.986 69.0 不 0
93.988 94.232 69.0 能 0
94.234 94.478 69.0 自 0
94.48 95.708 66.0 己 1
96.309 96.553 66.0 多 0
96.555 96.799 64.0 盼 0
96.801 97.045 62.0 能 0
97.047 97.291 64.0 送 0
97.293 97.537 62.0 君 0
97.539 97.783 64.0 千 0
97.785 98.274 71.0 里 1
98.292 98.781 62.0 直 0
98.783 99.027 61.0 到 0
99.029 99.273 62.0 山 0
99.275 99.519 61.0 穷 0
99.521 99.765 62.0 水 0
99.767 100.503 71.0 尽 1
100.577 101.066 74.0 一 0
101.068 101.558 74.0 生 0
101.56 101.804 73.0 和 0
101.806 102.05 74.0 你 0
102.052 102.298 73.0 相 0
102.298 105.493 71.0 依 1
129.919 130.163 64.0 为 0
130.165 130.409 66.0 你 0
130.411 130.654 66.0 我 0
130.656 131.146 66.0 用 0
131.148 131.392 66.0 了 0
131.394 131.638 64.0 半 0
131.64 131.884 62.0 年 0
131.886 132.13 69.0 的 0
132.132 132.622 66.0 积 0
132.624 133.359 66.0 蓄 1
133.36 133.604 64.0 漂 0
133.606 133.85 66.0 洋 0
133.852 134.096 64.0 过 0
134.098 134.588 64.0 海 0
134.59 134.834 66.0 的 0
134.836 135.326 64.0 来 0
135.328 135.571 62.0 看 0
135.573 136.555 59.0 你 1
137.861 138.104 60.0 为 0
138.107 138.35 62.0 了 0
138.352 138.596 62.0 这 0
138.598 138.842 62.0 次 0
138.844 139.088 64.0 相 0
139.09 139.58 62.0 聚 1
139.593 139.716 57.0 我 0
139.716 139.839 57.0 连 0
139.839 140.083 62.0 见 0
140.085 140.329 62.0 面 0
140.331 140.574 62.0 时 0
140.577 140.82 62.0 的 0
140.822 141.066 64.0 呼 0
141.068 141.312 62.0 吸 1
141.317 141.561 62.0 都 0
141.563 141.807 62.0 曾 0
141.809 142.362 64.0 反 0
142.362 143.282 64.0 复 0
143.284 143.774 66.0 练 0
143.776 144.758 64.0 习 1
145.729 145.973 64.0 言 0
145.975 146.219 66.0 语 0
146.221 146.465 66.0 从 0
146.467 146.711 66.0 来 0
146.713 146.957 66.0 没 0
146.959 147.449 66.0 能 0
147.451 147.941 69.0 将 0
147.943 148.432 69.0 我 0
148.434 148.678 66.0 的 0
148.68 148.924 64.0 情 0
148.926 149.17 66.0 意 1
149.193 149.437 64.0 表 0
149.439 149.683 66.0 达 0
149.685 150.175 64.0 千 0
150.177 150.666 66.0 万 0
150.668 151.158 64.0 分 0
151.16 151.404 62.0 之 0
151.406 152.388 59.0 一 1
153.451 153.695 60.0 为 0
153.697 153.941 62.0 了 0
153.943 154.187 62.0 这 0
154.189 154.433 62.0 个 0
154.435 154.679 62.0 遗 0
154.681 155.171 64.0 憾 1
155.256 155.377 57.0 我 0
155.379 155.499 57.0 在 0
155.502 155.745 62.0 夜 0
155.747 155.991 62.0 里 0
155.993 156.237 62.0 想 0
156.239 156.483 57.0 了 0
156.485 156.729 62.0 又 0
156.731 156.975 62.0 想 1
157.365 157.918 64.0 不 0
157.918 158.838 64.0 肯 0
158.84 159.33 66.0 睡 0
159.332 160.255 64.0 去 1
160.998 161.473 71.0 记 0
161.475 161.965 69.0 忆 0
161.967 162.211 69.0 它 0
162.213 162.702 69.0 总 0
162.704 162.948 69.0 是 0
162.95 163.44 71.0 慢 0
163.442 163.932 74.0 慢 0
163.934 164.178 71.0 的 0
164.18 164.424 69.0 累 0
164.426 164.67 71.0 积 1
164.789 165.033 69.0 在 0
165.035 165.278 62.0 我 0
165.28 165.77 64.0 心 0
165.772 166.262 66.0 中 0
166.264 166.508 64.0 无 0
166.51 166.754 66.0 法 0
166.756 167.0 64.0 抹 0
167.002 168.229 59.0 去 1
169.062 169.306 62.0 为 0
169.308 169.552 62.0 了 0
169.554 169.798 62.0 你 0
169.8 170.043 59.0 的 0
170.046 170.289 64.0 承 0
170.291 170.781 62.0 诺 1
170.823 170.944 57.0 我 0
170.946 171.067 59.0 在 0
171.069 171.313 62.0 最 0
171.315 171.559 62.0 绝 0
171.561 171.805 62.0 望 0
171.807 172.051 59.0 的 0
172.053 172.297 64.0 时 0
172.299 172.788 62.0 候 1
173.025 173.394 71.0 都 0
173.394 173.761 71.0 忍 0
173.763 174.007 71.0 着 0
174.009 174.499 71.0 不 0
174.501 174.745 66.0 哭 0
174.747 177.941 69.0 泣 1
179.057 179.301 69.0 陌 0
179.303 179.547 66.0 生 0
179.549 179.793 64.0 的 0
179.795 180.284 66.0 城 0
180.286 180.776 69.0 市 0
180.778 181.024 66.0 - 0
181.024 182.375 66.0 啊 1
182.879 183.123 62.0 熟 0
183.125 183.615 64.0 悉 0
183.617 183.861 66.0 的 0
183.863 184.353 64.0 角 0
184.355 184.845 59.0 落 0
184.847 186.32 64.0 里 1
186.765 187.011 60.0 也 0
187.011 187.255 62.0 曾 0
187.257 187.5 62.0 彼 0
187.503 187.746 62.0 此 0
187.748 187.992 62.0 安 0
187.994 188.484 59.0 慰 1
188.499 188.991 62.0 也 0
188.991 189.237 62.0 曾 0
189.237 189.481 62.0 相 0
189.483 189.727 62.0 拥 0
189.729 189.975 62.0 叹 0
189.975 190.22 62.0 息 1
190.357 190.601 62.0 不 0
190.603 190.847 59.0 管 0
190.849 191.093 69.0 将 0
191.095 191.339 69.0 要 0
191.341 191.585 69.0 面 0
191.587 191.831 69.0 对 1
191.855 192.101 69.0 什 0
192.101 192.345 69.0 么 0
192.347 192.591 69.0 样 0
192.593 192.836 66.0 的 0
192.838 193.574 71.0 结 0
193.576 194.312 69.0 局 1
194.418 194.662 69.0 在 0
194.664 194.908 71.0 漫 0
194.91 195.153 69.0 天 0
195.155 195.399 71.0 风 0
195.401 195.645 69.0 沙 0
195.647 196.383 71.0 里 1
196.498 196.976 69.0 望 0
196.978 197.209 66.0 着 0
197.211 197.443 69.0 你 0
197.445 197.677 66.0 远 0
197.679 198.144 69.0 去 1
198.159 198.391 69.0 我 0
198.393 198.624 69.0 竟 0
198.626 199.116 71.0 悲 0
199.118 199.362 71.0 伤 0
199.364 199.608 71.0 得 0
199.61 199.854 69.0 不 0
199.856 200.1 69.0 能 0
200.102 200.346 69.0 自 0
200.348 201.575 66.0 己 1
202.34 202.584 66.0 多 0
202.586 202.83 64.0 盼 0
202.832 203.076 62.0 能 0
203.078 203.321 64.0 送 0
203.323 203.567 62.0 君 0
203.569 203.813 64.0 千 0
203.815 204.305 71.0 里 1
204.311 204.801 62.0 直 0
204.803 205.047 61.0 到 0
205.049 205.293 62.0 山 0
205.295 205.539 61.0 穷 0
205.541 205.784 62.0 水 0
205.786 206.522 71.0 尽 1
206.524 207.014 74.0 一 0
207.016 207.506 74.0 生 0
207.508 207.752 73.0 和 0
207.754 207.998 74.0 你 0
208.0 208.245 73.0 相 0
208.245 210.457 71.0 依 1
210.458 210.701 69.0 陌 0
210.704 210.947 66.0 生 0
210.949 211.193 64.0 的 0
211.195 211.685 66.0 城 0
211.687 212.177 69.0 市 0
212.179 212.425 66.0 - 0
212.425 213.775 66.0 啊 1
214.313 214.557 62.0 熟 0
214.559 215.049 64.0 悉 0
215.051 215.295 66.0 的 0
215.297 215.786 64.0 角 0
215.788 216.278 59.0 落 0
216.28 217.754 64.0 里 1
218.318 218.441 60.0 也 0
218.441 218.808 62.0 曾 0
218.81 219.054 62.0 彼 0
219.056 219.3 62.0 此 0
219.302 219.546 62.0 安 0
219.548 220.038 59.0 慰 1
220.042 220.534 62.0 也 0
220.534 220.779 62.0 曾 0
220.779 221.025 62.0 相 0
221.025 221.271 62.0 拥 0
221.271 221.517 62.0 叹 0
221.517 221.763 62.0 息 1
221.768 222.012 62.0 不 0
222.014 222.258 59.0 管 0
222.26 222.504 69.0 将 0
222.506 222.75 69.0 要 0
222.752 222.996 69.0 面 0
222.998 223.241 69.0 对 1
223.241 223.487 69.0 什 0
223.487 223.731 69.0 么 0
223.733 223.977 69.0 样 0
223.979 224.223 66.0 的 0
224.225 224.95 71.0 结 0
224.952 225.678 69.0 局 1
225.781 226.022 69.0 在 0
226.024 226.267 71.0 漫 0
226.27 226.513 69.0 天 0
226.515 226.759 71.0 风 0
226.761 227.005 69.0 沙 0
227.007 227.743 71.0 里 1
227.829 228.319 69.0 望 0
228.321 228.565 66.0 着 0
228.567 228.811 69.0 你 0
228.813 229.056 66.0 远 0
229.058 229.548 69.0 去 1
229.611 229.855 69.0 我 0
229.857 230.101 69.0 竟 0
230.103 230.593 71.0 悲 0
230.595 230.839 71.0 伤 0
230.841 231.085 71.0 得 0
231.087 231.331 69.0 不 0
231.333 231.576 69.0 能 0
231.578 231.822 69.0 自 0
231.824 233.052 66.0 己 1
233.617 233.86 66.0 多 0
233.862 234.106 64.0 盼 0
234.108 234.352 62.0 能 0
234.354 234.598 64.0 送 0
234.6 234.844 62.0 君 0
234.846 235.09 64.0 千 0
235.092 235.582 71.0 里 1
235.711 236.201 62.0 直 0
236.203 236.446 61.0 到 0
236.449 236.692 62.0 山 0
236.694 236.938 61.0 穷 0
236.94 237.184 62.0 水 0
237.186 237.922 71.0 尽 1
237.941 238.431 74.0 一 0
238.433 238.922 74.0 生 0
238.925 239.168 73.0 和 0
239.17 239.414 74.0 你 0
239.416 239.662 73.0 相 0
239.662 241.809 71.0 依 1
241.812 242.056 69.0 陌 0
242.058 242.302 66.0 生 0
242.304 242.548 64.0 的 0
242.55 243.04 66.0 城 0
243.042 243.531 69.0 市 0
243.534 243.779 66.0 - 0
243.779 245.13 66.0 啊 1
245.693 245.937 62.0 熟 0
245.939 246.428 64.0 悉 0
246.43 246.674 66.0 的 0
246.676 247.166 64.0 角 0
247.168 247.658 59.0 落 0
247.66 249.133 64.0 里 1
249.657 249.903 60.0 也 0
249.903 250.147 62.0 曾 0
250.149 250.393 62.0 彼 0
250.395 250.639 62.0 此 0
250.641 250.885 62.0 安 0
250.887 251.376 59.0 慰 1
251.378 251.87 62.0 也 0
251.87 252.116 62.0 曾 0
252.116 252.36 62.0 相 0
252.362 252.606 62.0 拥 0
252.608 252.852 62.0 叹 0
252.854 253.098 62.0 息 1
253.126 253.37 62.0 不 0
253.372 253.615 59.0 管 0
253.618 253.861 69.0 将 0
253.863 254.107 69.0 要 0
254.109 254.353 69.0 面 0
254.355 254.599 69.0 对 1
254.62 254.866 69.0 什 0
254.866 255.11 69.0 么 0
255.112 255.356 69.0 样 0
255.358 255.602 66.0 的 0
255.604 256.339 71.0 结 0
256.341 257.077 69.0 局 1
257.308 257.552 69.0 在 0
257.554 257.798 71.0 漫 0
257.8 258.044 69.0 天 0
258.046 258.29 71.0 风 0
258.292 258.535 69.0 沙 0
258.538 259.273 71.0 里 1
259.299 259.789 69.0 望 0
259.791 260.035 66.0 着 0
260.037 260.281 69.0 你 0
260.283 260.527 66.0 远 0
260.529 261.018 69.0 去 1
261.02 261.263 69.0 我 0
261.265 261.509 69.0 竟 0
261.511 262.001 71.0 悲 0
262.003 262.247 71.0 伤 0
262.249 262.493 71.0 得 0
262.495 262.739 69.0 不 0
262.741 262.985 69.0 能 0
262.987 263.231 69.0 自 0
263.233 264.46 66.0 己 1
265.14 265.384 66.0 多 0
265.386 265.63 64.0 盼 0
265.632 265.876 62.0 能 0
265.878 266.121 64.0 送 0
266.123 266.367 62.0 君 0
266.369 266.613 64.0 千 0
266.615 267.105 71.0 里 1
