25.649 26.003 55.0 请 0
26.003 26.356 55.0 把 0
26.356 26.709 58.0 我 0
26.709 27.063 60.0 的 0
27.063 28.123 62.0 歌 0
28.123 28.476 65.0 - 0
28.476 28.83 67.0 带 0
28.83 29.183 55.0 回 0
29.183 29.536 58.0 你 0
29.536 29.89 60.0 的 0
29.89 30.596 62.0 家 1
31.178 31.531 60.0 请 0
31.531 31.885 60.0 把 0
31.885 32.238 60.0 你 0
32.238 32.592 62.0 的 0
32.592 32.945 65.0 微 0
32.945 33.298 65.0 笑 0
33.298 33.652 65.0 留 0
33.652 34.005 67.0 - 0
34.005 35.772 62.0 下 1
36.946 37.299 55.0 请 0
37.299 37.653 55.0 把 0
37.653 38.006 58.0 我 0
38.006 38.359 60.0 的 0
38.359 39.419 62.0 歌 0
39.419 39.773 65.0 - 0
39.773 40.126 67.0 带 0
40.126 40.479 55.0 回 0
40.479 40.833 58.0 你 0
40.833 41.186 60.0 的 0
41.186 41.893 62.0 家 1
42.606 42.959 60.0 请 0
42.959 43.312 60.0 把 0
43.312 43.666 60.0 你 0
43.666 44.019 62.0 的 0
44.019 44.372 63.0 微 0
44.372 45.079 65.0 笑 0
45.079 45.432 53.0 留 0
45.432 47.199 55.0 下 1
48.276 48.63 70.0 明 0
48.63 48.983 70.0 天 0
48.983 49.336 70.0 明 0
49.336 49.69 70.0 天 0
49.69 50.22 67.0 这 0
50.22 50.396 69.0 歌 0
50.396 50.75 70.0 声 1
51.03 51.383 70.0 飞 0
51.383 51.737 70.0 遍 0
51.737 52.09 70.0 海 0
52.09 52.444 70.0 角 0
52.444 52.974 67.0 天 0
52.974 53.15 69.0 - 0
53.15 53.504 70.0 涯 0
53.857 54.21 72.0 飞 0
54.21 54.564 72.0 遍 0
54.564 54.917 72.0 海 0
54.917 55.27 72.0 角 0
55.27 55.977 70.0 天 0
55.977 56.684 72.0 - 0
56.684 58.804 69.0 涯 1
59.406 59.759 70.0 明 0
59.759 60.112 70.0 天 0
60.112 60.466 70.0 明 0
60.466 60.819 70.0 天 0
60.819 61.349 67.0 这 0
61.349 61.526 69.0 微 0
61.526 61.879 70.0 笑 1
62.413 62.766 70.0 将 0
62.766 63.119 70.0 是 0
63.119 63.473 70.0 遍 0
63.473 63.826 70.0 野 0
63.826 64.356 67.0 春 0
64.356 64.533 69.0 - 0
64.533 64.886 70.0 花 0
65.239 65.593 72.0 将 0
65.593 65.946 72.0 是 0
65.946 66.299 72.0 遍 0
66.299 66.653 70.0 野 0
66.653 67.36 69.0 春 0
67.36 68.066 66.0 - 0
68.066 70.186 67.0 花 1
70.714 71.067 55.0 请 0
71.067 71.421 55.0 把 0
71.421 71.774 58.0 我 0
71.774 72.128 60.0 的 0
72.128 73.188 62.0 歌 0
73.188 73.541 65.0 - 0
73.541 73.859 67.0 带 0
73.894 74.248 55.0 回 0
74.248 74.601 58.0 你 0
74.601 74.954 60.0 的 0
74.954 75.661 62.0 家 1
76.393 76.746 60.0 请 0
76.746 77.1 60.0 把 0
77.1 77.453 60.0 你 0
77.453 77.806 62.0 的 0
77.806 78.16 65.0 微 0
78.16 78.513 65.0 笑 0
78.513 78.866 65.0 留 0
78.866 79.22 67.0 - 0
79.22 80.986 62.0 下 1
82.124 82.477 55.0 请 0
82.477 82.83 55.0 把 0
82.83 83.184 58.0 我 0
83.184 83.537 60.0 的 0
83.537 84.597 62.0 歌 0
84.597 84.95 65.0 - 0
84.95 85.304 67.0 带 0
85.304 85.657 55.0 回 0
85.657 86.01 58.0 你 0
86.01 86.364 60.0 的 0
86.364 87.071 62.0 家 1
87.761 88.115 60.0 请 0
88.115 88.468 60.0 把 0
88.468 88.821 60.0 你 0
88.821 89.175 62.0 的 0
89.175 89.528 65.0 微 0
89.528 90.235 65.0 笑 0
90.235 90.588 53.0 留 0
90.588 92.355 55.0 下 1
93.445 93.798 70.0 明 0
93.798 94.152 70.0 天 0
94.152 94.505 70.0 明 0
94.505 94.858 70.0 天 0
94.858 95.388 67.0 这 0
95.388 95.565 69.0 歌 0
95.565 95.918 70.0 声 1
96.212 96.565 70.0 飞 0
96.565 96.919 70.0 遍 0
96.919 97.272 70.0 海 0
97.272 97.625 70.0 角 0
97.625 98.155 67.0 天 0
98.155 98.332 69.0 - 0
98.332 98.685 70.0 涯 0
99.039 99.392 72.0 飞 0
99.392 99.745 72.0 遍 0
99.745 100.099 72.0 海 0
100.099 100.452 72.0 角 0
100.452 101.159 70.0 天 0
101.159 101.866 72.0 - 0
101.866 103.986 69.0 涯 1
104.693 105.047 70.0 明 0
105.047 105.4 70.0 天 0
105.4 105.753 70.0 明 0
105.753 106.107 70.0 天 0
106.107 106.637 67.0 这 0
106.637 106.814 69.0 微 0
106.814 107.167 70.0 笑 1
107.602 107.956 70.0 将 0
107.956 108.309 70.0 是 0
108.309 108.662 70.0 遍 0
108.662 109.016 70.0 野 0
109.016 109.546 67.0 春 0
109.546 109.722 69.0 - 0
109.722 110.076 70.0 花 0
110.429 110.782 72.0 将 0
110.782 111.136 72.0 是 0
111.136 111.489 72.0 遍 0
111.489 111.843 70.0 野 0
111.843 112.549 69.0 春 0
112.549 113.256 66.0 - 0
113.256 115.376 67.0 花 1
138.611 138.964 55.0 请 0
138.964 139.317 55.0 把 0
139.317 139.671 58.0 我 0
139.671 140.024 60.0 的 0
140.024 141.084 62.0 歌 0
141.084 141.437 65.0 - 0
141.437 141.791 67.0 带 0
141.791 142.144 55.0 回 0
142.144 142.498 58.0 你 0
142.498 142.851 60.0 的 0
142.851 143.558 62.0 家 1
144.339 144.693 60.0 请 0
144.693 145.046 60.0 把 0
145.046 145.399 60.0 你 0
145.399 145.753 62.0 的 0
145.753 146.106 65.0 微 0
146.106 146.459 65.0 笑 0
146.459 146.813 65.0 留 0
146.813 147.166 67.0 - 0
147.166 148.933 62.0 下 1
150.052 150.405 55.0 请 0
150.405 150.759 55.0 把 0
150.759 151.112 58.0 我 0
151.112 151.465 60.0 的 0
151.465 152.526 62.0 歌 0
152.526 152.879 65.0 - 0
152.879 153.232 67.0 带 0
153.232 153.586 55.0 回 0
153.586 153.939 58.0 你 0
153.939 154.292 60.0 的 0
154.292 154.999 62.0 家 1
155.597 155.95 60.0 请 0
155.95 156.303 60.0 把 0
156.303 156.657 60.0 你 0
156.657 157.01 62.0 的 0
157.01 157.364 63.0 微 0
157.364 158.07 65.0 笑 0
158.07 158.424 53.0 留 0
158.424 160.19 55.0 下 1
161.292 161.646 70.0 明 0
161.646 161.999 70.0 天 0
161.999 162.353 70.0 明 0
162.353 162.706 70.0 天 0
162.706 163.236 67.0 这 0
163.236 163.413 69.0 歌 0
163.413 163.766 70.0 声 1
164.002 164.356 70.0 飞 0
164.356 164.709 70.0 遍 0
164.709 165.062 70.0 海 0
165.062 165.416 70.0 角 0
165.416 165.946 67.0 天 0
165.946 166.122 69.0 - 0
166.122 166.476 70.0 涯 0
166.829 167.183 72.0 飞 0
167.183 167.536 72.0 遍 0
167.536 167.889 72.0 海 0
167.889 168.243 72.0 角 0
168.243 168.949 70.0 天 0
168.949 169.656 72.0 - 0
169.656 171.776 69.0 涯 1
172.657 173.01 70.0 明 0
173.01 173.364 70.0 天 0
173.364 173.717 70.0 明 0
173.717 174.07 70.0 天 0
174.07 174.6 67.0 这 0
174.6 174.777 69.0 微 0
174.777 175.13 70.0 笑 1
175.299 175.652 70.0 将 0
175.652 176.005 70.0 是 0
176.005 176.359 70.0 遍 0
176.359 176.712 70.0 野 0
176.712 177.242 67.0 春 0
177.242 177.419 69.0 - 0
177.419 177.772 70.0 花 0
178.126 178.479 72.0 将 0
178.479 178.832 72.0 是 0
178.832 179.186 72.0 遍 0
179.186 179.539 70.0 野 0
179.539 180.246 69.0 春 0
180.246 180.952 66.0 - 0
180.952 183.073 67.0 花 1
