23.089 23.348 65.0 下 0
23.438 23.609 65.0 雨 0
23.787 24.133 65.0 天 0
24.136 24.394 67.0 淋 0
24.484 24.569 65.0 湿 0
24.659 24.743 65.0 了 0
24.833 25.092 65.0 自 0
25.182 25.441 57.0 己 1
25.527 25.786 60.0 生 0
25.876 26.047 60.0 病 0
26.225 26.396 60.0 没 0
26.399 26.57 62.0 人 0
26.573 26.919 60.0 关 0
26.922 27.704 60.0 心 1
28.576 28.748 64.0 爱 0
28.751 28.922 65.0 情 0
28.925 29.097 65.0 来 0
29.274 29.446 65.0 了 0
29.449 29.969 67.0 缠 0
29.972 30.143 65.0 绵 0
30.321 30.667 57.0 过 0
30.669 31.015 57.0 后 1
31.121 31.38 60.0 还 0
31.47 31.642 60.0 会 0
31.819 32.165 62.0 是 0
32.168 32.339 60.0 一 0
32.342 32.514 57.0 个 0
32.517 33.299 60.0 人 1
34.24 34.411 60.0 爸 0
34.414 34.586 62.0 爸 0
34.589 34.935 62.0 妈 0
34.937 35.109 64.0 妈 0
35.112 35.632 65.0 海 0
35.635 35.981 62.0 誓 0
35.984 36.33 57.0 山 0
36.333 36.504 57.0 盟 1
36.615 36.873 60.0 最 0
36.963 37.222 60.0 后 0
37.312 37.484 60.0 还 0
37.487 37.658 62.0 是 0
37.661 38.007 60.0 离 0
38.01 38.443 60.0 婚 1
38.672 39.018 62.0 这 0
39.021 39.366 69.0 是 0
39.369 39.628 67.0 斯 0
39.718 39.977 67.0 琴 0
40.067 40.413 67.0 高 0
40.416 40.762 69.0 丽 0
40.765 41.285 60.0 的 0
41.462 41.808 65.0 伤 0
41.811 42.157 64.0 - 0
42.16 43.378 62.0 心 1
45.372 45.543 64.0 孤 0
45.546 45.63 65.0 孤 0
45.72 45.892 65.0 单 0
46.069 46.241 65.0 单 0
46.244 46.677 67.0 一 0
46.767 47.026 65.0 人 0
47.116 47.374 65.0 在 0
47.465 47.723 57.0 家 1
47.907 48.166 60.0 总 0
48.256 48.428 60.0 是 0
48.605 48.777 60.0 想 0
48.78 48.951 62.0 着 0
48.954 49.3 57.0 出 0
49.303 50.085 60.0 门 1
50.87 51.041 64.0 为 0
51.044 51.216 65.0 了 0
51.219 51.39 65.0 交 0
51.568 51.739 65.0 际 0
51.742 52.262 67.0 陪 0
52.265 52.437 65.0 人 0
52.614 52.873 65.0 喝 0
52.963 53.309 57.0 酒 1
53.502 53.761 60.0 最 0
53.851 54.022 60.0 后 0
54.2 54.371 60.0 还 0
54.374 54.545 62.0 是 0
54.548 54.894 60.0 恶 0
54.897 55.679 60.0 心 1
56.594 56.766 60.0 每 0
56.769 56.94 62.0 天 0
56.943 57.289 62.0 都 0
57.292 57.464 64.0 有 0
57.466 57.987 65.0 太 0
57.99 58.336 62.0 多 0
58.339 58.684 60.0 电 0
58.687 58.859 57.0 话 1
59.05 59.309 60.0 真 0
59.399 59.658 60.0 是 0
59.748 59.919 60.0 让 0
59.922 60.094 62.0 人 0
60.097 60.443 57.0 伤 0
60.446 60.879 60.0 神 1
61.035 61.381 62.0 这 0
61.384 61.73 69.0 是 0
61.733 61.992 67.0 斯 0
62.082 62.34 67.0 琴 0
62.431 62.777 67.0 高 0
62.779 63.125 67.0 丽 0
63.128 63.649 60.0 的 0
63.826 64.172 65.0 伤 0
64.175 64.521 64.0 - 0
64.524 65.742 62.0 心 1
67.741 67.913 65.0 姐 0
67.916 68.0 65.0 妹 0
68.09 68.262 65.0 情 0
68.439 68.61 65.0 深 0
68.613 69.046 67.0 为 0
69.137 69.395 65.0 了 0
69.485 69.744 65.0 男 0
69.834 70.093 57.0 人 1
70.149 70.408 60.0 最 0
70.498 70.669 60.0 后 0
70.847 71.018 60.0 还 0
71.021 71.193 62.0 是 0
71.196 71.541 60.0 纠 0
71.544 72.326 60.0 纷 1
73.358 73.529 64.0 情 0
73.532 73.703 65.0 同 0
73.706 73.878 65.0 手 0
74.055 74.227 65.0 足 0
74.23 74.75 67.0 为 0
74.753 74.924 65.0 了 0
75.102 75.36 65.0 股 0
75.451 75.796 57.0 份 1
75.797 76.056 60.0 也 0
76.146 76.318 60.0 会 0
76.495 76.667 60.0 六 0
76.669 76.841 62.0 亲 0
76.844 77.19 57.0 不 0
77.193 77.975 60.0 认 1
78.845 79.016 60.0 买 0
79.019 79.191 62.0 了 0
79.194 79.54 62.0 彩 0
79.543 79.714 64.0 票 0
79.717 80.237 65.0 中 0
80.24 80.586 62.0 了 0
80.589 80.935 60.0 大 0
80.938 81.109 57.0 奖 1
81.228 81.487 60.0 太 0
81.577 81.835 60.0 多 0
81.925 82.097 60.0 远 0
82.1 82.271 62.0 亲 0
82.274 82.62 60.0 登 0
82.623 83.056 60.0 门 1
83.373 83.719 62.0 这 0
83.722 84.068 69.0 是 0
84.07 84.329 67.0 斯 0
84.419 84.678 67.0 琴 0
84.768 85.114 67.0 高 0
85.117 85.463 67.0 丽 0
85.466 85.812 60.0 的 0
85.815 85.986 57.0 - 0
86.164 86.509 65.0 伤 0
86.512 86.858 64.0 - 0
86.861 88.079 62.0 心 1
112.267 112.439 64.0 上 0
112.442 112.526 65.0 了 0
112.616 112.788 65.0 Q 0
112.965 113.136 65.0 Q 0
113.139 113.573 67.0 想 0
113.663 113.921 65.0 交 0
114.011 114.27 65.0 朋 0
114.36 114.619 57.0 友 1
114.822 115.081 60.0 发 0
115.171 115.342 60.0 现 0
115.52 115.691 60.0 都 0
115.694 115.866 62.0 是 0
115.869 116.215 57.0 情 0
116.217 116.999 60.0 人 1
117.929 118.1 64.0 听 0
118.103 118.275 65.0 说 0
118.278 118.449 65.0 好 0
118.626 118.798 65.0 的 0
118.801 119.321 67.0 人 0
119.324 119.496 65.0 们 0
119.673 119.932 65.0 经 0
120.022 120.368 57.0 常 0
120.371 120.629 60.0 用 0
120.719 120.891 60.0 的 0
120.894 121.065 60.0 是 0
121.068 121.414 60.0 m 0
121.417 121.763 60.0 s 0
121.766 122.548 60.0 n 1
123.62 123.792 62.0 中 0
123.794 123.966 62.0 了 0
123.969 124.315 62.0 病 0
124.318 124.489 64.0 毒 0
124.492 125.013 65.0 重 0
125.015 125.361 62.0 做 0
125.364 125.71 60.0 系 0
125.713 125.885 57.0 统 1
126.013 126.272 60.0 硬 0
126.362 126.62 60.0 件 0
126.711 126.882 60.0 已 0
126.885 127.057 62.0 经 0
127.059 127.405 60.0 更 0
127.408 127.841 60.0 新 1
128.097 128.443 62.0 这 0
128.446 128.792 69.0 是 0
128.795 129.053 67.0 斯 0
129.143 129.402 67.0 琴 0
129.492 129.838 67.0 高 0
129.841 130.187 67.0 丽 0
130.19 130.536 60.0 的 0
130.539 130.71 57.0 - 0
130.888 131.234 65.0 伤 0
131.236 131.582 64.0 - 0
131.585 132.803 62.0 心 1
134.601 134.772 64.0 求 0
134.775 134.86 65.0 人 0
134.95 135.121 65.0 办 0
135.299 135.47 65.0 事 0
135.473 135.906 67.0 必 0
135.996 136.255 65.0 须 0
136.345 136.604 65.0 送 0
136.694 136.953 57.0 礼 1
137.133 137.391 60.0 对 0
137.482 137.653 60.0 方 0
137.83 138.002 60.0 才 0
138.005 138.176 62.0 会 0
138.179 138.525 60.0 安 0
138.528 139.31 60.0 心 1
140.355 140.527 64.0 看 0
140.53 140.701 65.0 人 0
140.704 140.876 65.0 脸 0
141.053 141.224 65.0 色 0
141.227 141.748 67.0 不 0
141.751 141.922 65.0 收 0
142.099 142.358 65.0 还 0
142.448 142.707 57.0 给 0
142.71 142.794 57.0 是 0
142.797 143.056 60.0 不 0
143.146 143.317 60.0 懂 1
143.365 143.536 60.0 还 0
143.539 143.711 62.0 是 0
143.714 144.06 57.0 太 0
144.062 144.844 60.0 笨 1
145.78 145.951 60.0 麻 0
145.954 146.126 62.0 烦 0
146.128 146.474 62.0 太 0
146.477 146.649 64.0 多 0
146.652 147.172 65.0 邻 0
147.175 147.521 62.0 居 0
147.524 147.87 57.0 敲 0
147.873 148.044 57.0 门 1
148.316 148.574 60.0 说 0
148.664 148.923 60.0 我 0
149.013 149.185 60.0 总 0
149.188 149.359 62.0 是 0
149.362 149.708 60.0 扰 0
149.711 150.144 60.0 民 1
150.414 150.759 62.0 这 0
150.762 151.108 69.0 是 0
151.111 151.37 67.0 斯 0
151.46 151.719 67.0 琴 0
151.809 152.155 67.0 高 0
152.158 152.504 69.0 丽 0
152.507 152.852 60.0 的 0
152.855 153.027 57.0 - 0
153.204 153.55 65.0 伤 0
153.553 153.899 64.0 - 0
153.902 155.12 62.0 心 1
179.271 179.443 65.0 太 0
179.445 179.617 65.0 多 0
179.62 179.879 65.0 太 0
179.969 180.227 65.0 多 0
180.318 180.663 67.0 突 0
180.666 180.838 65.0 然 0
180.841 181.012 65.0 的 0
181.015 181.274 65.0 诱 0
181.364 181.623 57.0 惑 1
181.718 181.977 60.0 总 0
182.067 182.238 60.0 是 0
182.416 182.587 60.0 让 0
182.59 182.761 62.0 人 0
182.764 183.11 60.0 动 0
183.113 183.895 60.0 心 1
184.997 185.169 64.0 太 0
185.172 185.343 65.0 多 0
185.346 185.605 65.0 太 0
185.695 185.954 65.0 多 0
186.044 186.39 67.0 未 0
186.393 186.564 65.0 知 0
186.567 186.739 65.0 的 0
186.742 187.0 65.0 结 0
187.09 187.349 57.0 果 1
187.423 187.682 60.0 总 0
187.772 187.944 60.0 是 0
188.121 188.292 60.0 让 0
188.295 188.467 62.0 人 0
188.47 188.816 57.0 疑 0
188.819 189.601 60.0 问 1
190.474 190.645 60.0 回 0
190.648 190.82 62.0 想 0
190.823 191.169 62.0 童 0
191.171 191.517 64.0 年 0
191.52 191.866 65.0 天 0
191.869 192.041 62.0 真 0
192.044 192.215 62.0 的 0
192.218 192.564 57.0 时 0
192.567 192.738 57.0 候 1
192.948 193.206 60.0 真 0
193.296 193.555 60.0 是 0
193.645 193.817 60.0 让 0
193.82 193.991 62.0 人 0
193.994 194.34 60.0 开 0
194.343 194.776 60.0 心 1
195.134 195.48 62.0 这 0
195.482 195.828 69.0 是 0
195.831 196.09 67.0 斯 0
196.18 196.439 67.0 琴 0
196.529 196.875 67.0 高 0
196.878 197.224 69.0 丽 0
197.227 197.573 60.0 的 0
197.576 197.747 57.0 - 0
197.924 198.27 65.0 伤 0
198.273 198.619 64.0 - 0
198.622 199.84 62.0 心 1
201.627 201.972 67.0 哈 0
201.975 203.106 69.0 啊 1
203.356 203.702 74.0 哈 0
203.705 205.097 72.0 啊 0
205.1 205.446 74.0 - 0
206.146 206.492 69.0 哈 0
206.495 207.19 72.0 啊 0
207.193 207.801 67.0 - 0
207.891 208.498 62.0 - 0
208.937 209.283 65.0 滴 0
209.286 209.632 67.0 答 0
209.635 209.981 69.0 滴 0
209.984 210.155 72.0 答 0
210.158 211.987 69.0 答 0
212.774 212.946 77.0 滴 0
212.949 213.12 74.0 答 0
213.123 213.469 72.0 滴 0
213.472 213.818 77.0 答 0
213.821 214.051 74.0 - 0
214.053 214.341 72.0 滴 0
214.344 214.516 77.0 答 0
214.519 214.864 74.0 滴 0
214.867 215.039 72.0 答 0
215.042 215.213 72.0 滴 0
215.216 215.562 74.0 答 0
215.565 215.911 72.0 滴 0
215.914 216.26 69.0 答 0
216.263 217.045 72.0 哈 0
217.309 217.394 67.0 - 0
217.396 218.353 72.0 啊 0
218.356 219.225 67.0 - 0
219.228 219.748 67.0 - 0
220.449 220.795 64.0 滴 0
220.798 222.888 62.0 答 1
