14.125 14.369 48.0 我 0
14.369 14.614 48.0 怕 0
14.614 15.08 50.0 来 0
15.08 15.43 53.0 不 0
15.43 16.48 58.0 及 1
17.935 18.169 53.0 我 0
18.169 18.402 53.0 要 0
18.402 18.855 53.0 抱 0
18.855 19.081 53.0 着 0
19.081 19.988 55.0 你 1
21.539 21.765 50.0 直 0
21.765 21.992 50.0 到 0
21.992 22.453 50.0 感 0
22.453 22.914 53.0 觉 0
22.914 23.375 58.0 你 0
23.375 23.606 60.0 的 0
23.606 24.067 60.0 皱 0
24.067 24.529 58.0 纹 1
25.371 25.611 58.0 有 0
25.611 25.851 60.0 了 0
25.851 26.323 62.0 岁 0
26.323 26.559 57.0 月 0
26.559 27.031 57.0 的 0
27.267 27.503 55.0 痕 0
27.503 27.975 57.0 迹 1
29.129 29.365 53.0 直 0
29.365 29.601 53.0 到 0
29.601 30.042 55.0 肯 0
30.042 30.484 58.0 定 0
30.484 30.925 58.0 你 0
30.925 31.146 55.0 是 0
31.146 31.588 58.0 真 0
31.588 32.25 58.0 的 1
32.999 33.441 53.0 直 0
33.441 33.882 53.0 到 0
33.882 34.324 58.0 失 0
34.324 34.655 62.0 去 0
34.655 35.118 63.0 力 0
35.118 36.175 62.0 气 1
36.765 37.214 55.0 为 0
37.214 37.438 55.0 了 0
37.438 38.112 58.0 你 0
39.458 39.683 53.0 我 0
39.683 40.132 54.0 愿 0
40.132 41.31 53.0 意 1
43.743 43.981 48.0 动 0
43.981 44.22 50.0 也 0
44.22 44.569 50.0 不 0
44.569 45.034 53.0 能 0
45.034 46.081 58.0 动 1
47.344 47.577 53.0 也 0
47.577 47.809 53.0 要 0
47.809 48.27 58.0 抱 0
48.27 48.5 53.0 着 0
48.5 49.422 55.0 你 1
51.016 51.246 53.0 直 0
51.246 51.477 50.0 到 0
51.477 51.938 50.0 感 0
51.938 52.398 53.0 觉 0
52.398 52.859 58.0 你 0
52.859 53.089 60.0 的 0
53.089 53.55 60.0 发 0
53.55 54.011 58.0 线 1
54.657 54.887 58.0 有 0
54.887 55.117 60.0 了 0
55.117 55.578 62.0 白 0
55.578 55.808 57.0 雪 0
55.808 56.269 57.0 的 0
56.499 56.73 55.0 痕 0
56.73 57.421 57.0 迹 1
58.446 58.676 53.0 直 0
58.676 58.907 53.0 到 0
58.907 59.369 55.0 视 0
59.369 59.832 58.0 线 0
59.832 60.294 58.0 变 0
60.294 60.526 55.0 得 0
60.526 60.988 60.0 模 0
60.988 61.913 58.0 糊 1
63.012 63.241 53.0 直 0
63.241 63.469 53.0 到 0
63.469 63.925 58.0 不 0
63.925 64.267 62.0 能 0
64.267 64.723 63.0 呼 0
64.723 65.75 62.0 吸 1
66.259 66.716 55.0 让 0
66.716 66.944 55.0 我 0
66.944 67.856 58.0 们 0
68.541 68.997 53.0 形 0
68.997 69.453 55.0 影 0
69.453 69.681 58.0 不 0
69.681 71.304 58.0 离 1
71.856 72.786 58.0 如 0
72.786 73.716 60.0 果 0
73.716 74.181 62.0 全 0
74.181 74.645 62.0 世 0
74.645 75.11 62.0 界 0
75.11 75.343 62.0 我 0
75.343 75.575 60.0 也 0
75.575 75.808 62.0 可 0
75.808 76.04 62.0 以 0
76.04 76.505 65.0 放 0
76.505 76.738 65.0 弃 1
76.959 77.191 53.0 至 0
77.191 77.424 53.0 少 0
77.424 77.773 62.0 还 0
77.773 78.121 60.0 有 0
78.121 78.354 60.0 你 1
78.828 79.06 60.0 值 0
79.06 79.292 58.0 得 0
79.292 79.525 60.0 我 0
79.525 79.757 60.0 去 0
79.757 80.222 65.0 珍 0
80.222 80.455 65.0 惜 1
80.515 80.748 53.0 而 0
80.748 80.98 53.0 你 0
80.98 81.443 58.0 在 0
81.443 81.674 58.0 这 0
81.674 82.137 58.0 里 1
82.506 82.737 53.0 就 0
82.737 82.968 53.0 是 0
82.968 83.084 60.0 生 0
83.084 83.431 61.0 命 0
83.431 83.894 60.0 - 0
83.894 84.357 60.0 的 0
84.357 84.588 58.0 奇 0
84.588 86.208 53.0 迹 1
86.536 87.462 58.0 也 0
87.462 87.924 60.0 许 0
88.387 88.854 62.0 全 0
88.854 89.321 62.0 世 0
89.321 89.788 62.0 界 0
89.788 90.022 62.0 我 0
90.022 90.255 60.0 也 0
90.255 90.489 62.0 可 0
90.489 90.722 62.0 以 0
90.722 91.189 65.0 放 0
91.189 91.423 65.0 弃 1
91.648 91.882 53.0 只 0
91.882 92.115 53.0 是 0
92.115 92.461 62.0 不 0
92.461 92.806 60.0 愿 0
92.806 93.037 60.0 意 1
93.677 93.908 60.0 失 0
93.908 94.138 58.0 去 0
94.138 94.368 60.0 你 0
94.368 94.599 60.0 的 0
94.599 95.059 65.0 消 0
95.059 95.29 65.0 息 1
95.522 95.752 53.0 你 0
95.752 95.983 53.0 掌 0
95.983 96.213 58.0 心 0
96.213 96.559 58.0 的 0
96.559 97.134 58.0 痣 1
97.353 97.583 53.0 我 0
97.583 97.813 53.0 总 0
97.813 98.044 60.0 记 0
98.044 98.274 60.0 得 0
98.274 98.735 60.0 - 0
98.735 99.196 58.0 在 0
99.196 99.426 58.0 哪 0
99.426 102.478 58.0 里 1
106.496 106.846 51.0 我 0
106.846 107.079 51.0 怕 0
107.079 107.553 50.0 来 0
107.553 107.79 53.0 不 0
107.79 108.974 58.0 及 1
110.299 110.536 53.0 我 0
110.536 110.773 53.0 要 0
110.773 111.246 58.0 抱 0
111.246 111.483 53.0 着 0
111.483 112.668 55.0 你 1
114.168 114.405 53.0 直 0
114.405 114.642 51.0 到 0
114.642 115.099 50.0 感 0
115.099 115.556 53.0 觉 0
115.556 116.013 58.0 你 0
116.013 116.242 60.0 的 0
116.242 116.699 60.0 发 0
116.699 117.156 58.0 线 1
117.786 118.015 58.0 有 0
118.015 118.243 60.0 了 0
118.243 118.708 62.0 白 0
118.708 118.941 57.0 雪 0
118.941 119.639 57.0 的 0
119.639 119.871 55.0 痕 0
119.871 120.336 57.0 迹 1
121.484 121.717 53.0 直 0
121.717 121.949 53.0 到 0
121.949 122.412 55.0 视 0
122.412 122.874 58.0 线 0
122.874 123.337 58.0 变 0
123.337 123.568 55.0 得 0
123.568 124.03 60.0 模 0
124.03 124.262 61.0 糊 0
124.262 124.724 58.0 - 1
126.23 126.46 53.0 直 0
126.46 126.69 53.0 到 0
126.69 127.15 58.0 不 0
127.15 127.495 62.0 能 0
127.495 127.955 63.0 呼 0
127.955 128.99 62.0 吸 1
129.432 129.897 62.0 让 0
129.897 130.13 55.0 我 0
130.13 131.059 58.0 们 0
131.756 132.221 53.0 形 0
132.221 132.686 55.0 影 0
132.686 132.919 58.0 不 0
132.919 134.561 58.0 离 1
134.913 135.853 58.0 如 0
135.853 136.794 60.0 果 0
136.794 137.264 62.0 全 0
137.264 137.734 62.0 世 0
137.734 138.204 62.0 界 0
138.204 138.439 62.0 我 0
138.439 138.674 60.0 也 0
138.674 138.909 62.0 可 0
138.909 139.144 62.0 以 0
139.144 139.614 65.0 放 0
139.614 139.849 65.0 弃 1
140.261 140.496 53.0 至 0
140.496 140.731 53.0 少 0
140.731 141.074 62.0 还 0
141.074 141.417 60.0 有 0
141.417 141.645 60.0 你 1
142.099 142.328 60.0 值 0
142.328 142.556 58.0 得 0
142.556 142.785 60.0 我 0
142.785 143.013 60.0 去 0
143.013 143.47 65.0 珍 0
143.47 143.699 65.0 惜 1
143.891 144.12 53.0 而 0
144.12 144.348 53.0 你 0
144.348 144.809 58.0 在 0
144.809 145.039 58.0 这 0
145.039 145.499 58.0 里 1
145.729 145.959 53.0 就 0
145.959 146.189 53.0 是 0
146.189 146.305 60.0 生 0
146.305 146.65 61.0 命 0
146.65 147.11 60.0 - 0
147.11 147.57 60.0 的 0
147.57 147.8 58.0 奇 0
147.8 149.449 53.0 迹 1
149.937 150.882 58.0 也 0
150.882 151.355 60.0 许 0
151.828 152.291 62.0 全 0
152.291 152.753 62.0 世 0
152.753 153.216 62.0 界 0
153.216 153.447 62.0 我 0
153.447 153.678 60.0 也 0
153.678 153.91 62.0 可 0
153.91 154.141 62.0 以 0
154.141 154.604 65.0 放 0
154.604 154.835 65.0 弃 1
154.998 155.23 53.0 只 0
155.23 155.461 53.0 是 0
155.461 155.805 62.0 不 0
155.805 156.149 60.0 愿 0
156.149 156.378 60.0 意 1
156.885 157.114 60.0 失 0
157.114 157.344 58.0 去 0
157.344 157.573 60.0 你 0
157.573 157.802 60.0 的 0
157.802 158.261 65.0 消 0
158.261 158.491 65.0 息 1
158.753 158.982 53.0 你 0
158.982 159.212 53.0 掌 0
159.212 159.44 58.0 心 0
159.44 159.782 58.0 的 0
159.782 160.352 58.0 痣 1
160.494 160.722 53.0 我 0
160.722 160.95 53.0 总 0
160.95 161.179 61.0 记 0
161.179 161.407 60.0 得 0
161.407 161.863 60.0 - 0
161.863 162.319 60.0 在 0
162.319 162.547 58.0 哪 0
162.547 165.519 58.0 里 1
180.737 180.967 53.0 我 0
180.967 181.196 53.0 们 0
181.196 181.426 55.0 好 0
181.426 181.655 58.0 不 0
181.655 181.885 55.0 容 0
181.885 182.344 58.0 易 1
182.559 182.788 53.0 我 0
182.788 183.362 53.0 们 0
183.362 183.707 61.0 身 0
183.707 184.28 60.0 不 0
184.28 184.625 58.0 由 0
184.625 186.719 53.0 己 1
188.182 188.415 53.0 我 0
188.415 188.648 53.0 怕 0
188.648 188.875 55.0 时 0
188.875 189.102 58.0 间 0
189.102 189.329 55.0 太 0
189.329 189.783 58.0 快 1
190.067 190.294 55.0 不 0
190.294 190.522 53.0 能 0
190.522 190.749 61.0 将 0
190.749 191.203 61.0 你 0
191.203 191.43 60.0 看 0
191.43 191.884 58.0 - 0
191.884 192.111 58.0 仔 0
192.111 192.793 58.0 细 0
192.793 194.16 62.0 - 1
195.398 195.626 53.0 我 0
195.626 195.854 53.0 怕 0
195.854 196.081 55.0 时 0
196.081 196.309 58.0 间 0
196.309 196.537 55.0 太 0
196.537 196.992 58.0 慢 1
197.273 197.501 55.0 让 0
197.501 197.728 53.0 我 0
197.728 198.07 61.0 日 0
198.07 198.639 61.0 夜 0
198.639 199.095 60.0 担 0
199.095 199.322 58.0 心 0
199.322 199.781 62.0 你 1
200.078 200.54 62.0 恨 0
200.54 201.003 65.0 不 0
201.003 201.235 67.0 得 0
201.235 201.697 62.0 一 0
201.697 202.16 58.0 夜 0
202.16 202.391 58.0 之 0
202.391 202.854 60.0 间 1
202.861 203.324 62.0 白 0
203.324 204.712 55.0 头 0
206.1 206.562 62.0 永 0
206.562 207.025 63.0 不 0
207.025 207.742 62.0 分 0
207.742 207.98 60.0 - 0
207.98 208.458 60.0 离 1
208.819 209.628 58.0 如 0
209.628 209.898 60.0 - 0
209.898 210.438 60.0 果 0
210.978 211.097 60.0 - 0
211.097 211.454 62.0 全 0
211.454 211.93 62.0 世 0
211.93 212.406 62.0 界 0
212.406 212.644 62.0 我 0
212.644 212.882 60.0 也 0
212.882 213.12 62.0 可 0
213.12 213.358 62.0 以 0
213.358 213.834 65.0 放 0
213.834 214.072 65.0 弃 1
214.391 214.629 53.0 至 0
214.629 214.867 53.0 少 0
214.867 215.212 62.0 还 0
215.212 215.556 60.0 有 0
215.556 215.786 60.0 你 1
216.139 216.368 60.0 值 0
216.368 216.598 58.0 得 0
216.598 216.828 60.0 我 0
216.828 217.057 60.0 去 0
217.057 217.516 65.0 珍 0
217.516 217.746 65.0 惜 1
217.943 218.172 53.0 而 0
218.172 218.402 53.0 你 0
218.402 218.861 60.0 在 0
218.861 219.091 58.0 这 0
219.091 219.55 58.0 里 1
219.912 220.142 53.0 就 0
220.142 220.372 53.0 是 0
220.372 220.601 61.0 生 0
220.601 221.06 61.0 命 0
221.06 221.29 60.0 - 0
221.29 221.749 58.0 的 0
221.749 221.979 58.0 奇 0
221.979 223.609 53.0 迹 1
223.875 225.042 58.0 也 0
225.042 225.508 60.0 许 0
225.975 226.442 62.0 全 0
226.442 226.909 62.0 世 0
226.909 227.375 62.0 界 0
227.375 227.609 62.0 我 0
227.609 227.842 60.0 也 0
227.842 228.075 62.0 可 0
228.075 228.309 62.0 以 0
228.309 228.775 65.0 放 0
228.775 229.009 65.0 弃 1
229.189 229.422 53.0 只 0
229.422 229.656 53.0 是 0
229.656 229.883 62.0 不 0
229.883 230.338 60.0 愿 0
230.338 230.565 60.0 意 1
231.006 231.233 60.0 失 0
231.233 231.461 58.0 去 0
231.461 231.688 60.0 你 0
231.688 231.915 60.0 的 0
231.915 232.37 65.0 消 0
232.37 232.597 65.0 息 1
232.787 233.014 53.0 你 0
233.014 233.241 53.0 掌 0
233.241 233.696 60.0 心 0
233.696 233.923 58.0 的 0
233.923 234.378 58.0 痣 1
234.646 234.874 53.0 我 0
234.874 235.101 53.0 总 0
235.101 235.328 60.0 记 0
235.328 236.01 60.0 得 0
236.01 236.465 60.0 在 0
236.465 236.692 58.0 哪 0
236.692 239.766 58.0 里 0
243.496 244.075 60.0 在 0
244.075 244.423 58.0 哪 0
244.423 248.23 62.0 里 0
251.142 251.772 60.0 在 0
251.772 252.277 58.0 哪 0
252.277 256.814 58.0 里 1
