12.251 12.442 59.0 祝 0
12.442 12.632 59.0 你 0
12.632 13.013 61.0 生 0
13.013 13.775 59.0 日 0
13.775 14.156 64.0 快 0
14.156 15.299 63.0 乐 1
15.404 15.595 59.0 祝 0
15.595 15.785 59.0 你 0
15.785 16.166 61.0 生 0
16.166 16.928 59.0 日 0
16.928 17.309 66.0 快 0
17.309 18.452 64.0 乐 1
18.456 18.646 59.0 祝 0
18.646 18.837 59.0 你 0
18.837 19.218 71.0 幸 0
19.218 19.979 68.0 福 0
19.979 20.17 64.0 祝 0
20.17 20.36 64.0 你 0
20.36 20.741 63.0 健 0
20.741 21.503 61.0 康 1
21.503 21.694 69.0 祝 0
21.694 21.884 69.0 你 0
21.884 22.265 68.0 前 0
22.265 23.027 64.0 途 0
23.027 23.408 66.0 光 0
23.408 23.979 64.0 明 1
24.363 24.553 59.0 祝 0
24.553 24.743 59.0 你 0
24.743 25.122 61.0 生 0
25.122 25.882 59.0 日 0
25.882 26.262 64.0 快 0
26.262 27.401 63.0 乐 1
27.407 27.597 59.0 祝 0
27.597 27.787 59.0 你 0
27.787 28.166 61.0 生 0
28.166 28.926 59.0 日 0
28.926 29.306 66.0 快 0
29.306 30.445 64.0 乐 1
30.507 30.697 59.0 祝 0
30.697 30.887 59.0 你 0
30.887 31.266 71.0 幸 0
31.266 32.026 68.0 福 0
32.026 32.216 64.0 祝 0
32.216 32.406 64.0 你 0
32.406 32.785 63.0 健 0
32.785 33.545 61.0 康 1
33.592 33.782 69.0 有 0
33.782 33.972 69.0 个 0
33.972 34.351 68.0 温 0
34.351 35.111 64.0 暖 0
35.111 35.491 66.0 家 0
35.491 36.06 64.0 庭 1
48.716 49.095 59.0 happy 0
49.095 49.475 61.0 birth 0
49.475 50.235 59.0 day 0
50.235 50.614 64.0 to 0
50.614 51.754 63.0 you 1
51.855 52.234 59.0 happy 0
52.234 52.614 61.0 birth 0
52.614 53.374 59.0 day 0
53.374 53.753 66.0 to 0
53.753 54.893 64.0 you 1
54.895 55.274 59.0 happy 0
55.274 55.654 71.0 birth 0
55.654 56.414 68.0 day 1
56.42 56.799 64.0 happy 0
56.799 57.179 63.0 birth 0
57.179 57.939 61.0 day 1
57.942 58.321 69.0 happy 0
58.321 58.701 68.0 birth 0
58.701 59.461 64.0 day 0
59.461 59.84 66.0 to 0
59.84 60.41 64.0 you 1
60.865 61.244 59.0 happy 0
61.244 61.624 61.0 birth 0
61.624 62.384 59.0 day 0
62.384 62.763 64.0 to 0
62.763 63.903 63.0 you 1
63.962 64.341 59.0 happy 0
64.341 64.721 61.0 birth 0
64.721 65.481 59.0 day 0
65.481 65.86 66.0 to 0
65.86 67.0 64.0 you 1
67.014 67.393 59.0 happy 0
67.393 67.773 71.0 birth 0
67.773 68.533 68.0 day 1
68.569 68.948 64.0 happy 0
68.948 69.328 63.0 birth 0
69.328 70.088 61.0 day 1
70.091 70.47 69.0 happy 0
70.47 70.85 68.0 birth 0
70.85 71.61 64.0 day 0
71.61 71.989 66.0 to 0
71.989 73.128 64.0 you 1
79.11 79.3 59.0 祝 0
79.3 79.49 59.0 你 0
79.49 79.869 61.0 生 0
79.869 80.629 59.0 日 0
80.629 81.009 64.0 快 0
81.009 82.148 63.0 乐 1
82.282 82.472 59.0 祝 0
82.472 82.662 59.0 你 0
82.662 83.041 61.0 生 0
83.041 83.801 59.0 日 0
83.801 84.181 66.0 快 0
84.181 85.32 64.0 乐 1
85.338 85.528 59.0 祝 0
85.528 85.718 59.0 你 0
85.718 86.097 71.0 幸 0
86.097 86.857 68.0 福 0
86.857 87.047 64.0 祝 0
87.047 87.237 64.0 你 0
87.237 87.616 63.0 健 0
87.616 88.376 61.0 康 1
88.38 88.57 69.0 祝 0
88.57 88.76 69.0 你 0
88.76 89.139 68.0 前 0
89.139 89.899 64.0 途 0
89.899 90.279 66.0 光 0
90.279 90.848 64.0 明 1
91.304 91.494 59.0 祝 0
91.494 91.684 59.0 你 0
91.684 92.063 61.0 生 0
92.063 92.823 59.0 日 0
92.823 93.203 64.0 快 0
93.203 94.342 63.0 乐 1
94.398 94.588 59.0 祝 0
94.588 94.777 59.0 你 0
94.777 95.157 61.0 生 0
95.157 95.917 59.0 日 0
95.917 96.296 66.0 快 0
96.296 97.436 64.0 乐 1
97.443 97.633 59.0 祝 0
97.633 97.822 59.0 你 0
97.822 98.202 71.0 幸 0
98.202 98.962 68.0 福 0
98.962 99.152 64.0 祝 0
99.152 99.341 64.0 你 0
99.341 99.721 63.0 健 0
99.721 100.481 61.0 康 1
100.481 100.671 69.0 有 0
100.671 100.86 69.0 个 0
100.86 101.24 68.0 温 0
101.24 102.0 64.0 暖 0
102.0 102.379 66.0 家 0
102.379 103.519 64.0 庭 1
