42.436 42.743 57.0 别 0
42.743 43.049 57.0 再 0
43.049 43.355 57.0 说 0
43.355 43.661 57.0 你 0
43.661 43.967 55.0 爱 0
43.967 44.273 57.0 - 0
44.273 44.885 57.0 我 0
44.885 45.192 57.0 我 0
45.192 45.498 55.0 是 0
45.498 45.804 53.0 你 0
45.804 46.11 53.0 的 0
46.11 47.028 50.0 谁 1
47.435 47.742 53.0 苦 0
47.742 48.048 53.0 苦 0
48.048 48.354 53.0 等 0
48.354 48.66 50.0 你 0
48.66 48.966 50.0 那 0
48.966 49.272 53.0 - 0
49.272 49.578 53.0 么 0
49.578 49.884 55.0 久 0
49.884 50.191 62.0 等 0
50.191 50.344 60.0 来 0
50.344 50.497 60.0 的 0
50.497 50.803 57.0 是 0
50.803 51.109 55.0 伤 0
51.109 51.415 55.0 悲 0
51.415 52.027 57.0 - 1
52.302 52.609 57.0 看 0
52.609 52.915 62.0 着 0
52.915 53.221 62.0 你 0
53.221 53.527 62.0 和 0
53.527 53.833 60.0 别 0
53.833 54.139 62.0 - 0
54.139 54.445 60.0 人 0
54.445 54.751 57.0 - 0
54.751 55.058 55.0 成 0
55.058 55.364 55.0 双 0
55.364 55.67 55.0 又 0
55.67 55.976 57.0 成 0
55.976 56.894 55.0 对 1
57.228 57.535 55.0 我 0
57.535 57.841 55.0 却 0
57.841 58.147 55.0 只 0
58.147 58.453 57.0 能 0
58.453 58.759 60.0 独 0
58.759 59.065 60.0 自 0
59.065 59.371 60.0 承 0
59.371 59.677 57.0 受 0
59.677 59.983 55.0 孤 0
59.983 60.29 55.0 独 0
60.29 60.596 53.0 滋 0
60.596 60.902 52.0 - 0
60.902 61.82 50.0 味 1
62.158 62.464 57.0 春 0
62.464 62.771 57.0 去 0
62.771 63.077 57.0 秋 0
63.077 63.383 57.0 来 0
63.383 63.689 55.0 多 0
63.689 63.995 57.0 - 0
63.995 64.301 57.0 少 0
64.301 64.607 57.0 个 0
64.607 64.913 57.0 岁 0
64.913 65.22 55.0 月 0
65.22 65.526 53.0 轮 0
65.526 65.832 55.0 - 0
65.832 66.75 50.0 回 1
66.951 67.257 53.0 伤 0
67.257 67.564 53.0 心 0
67.564 67.87 53.0 苦 0
67.87 68.176 50.0 酒 0
68.176 68.482 50.0 喝 0
68.482 68.788 53.0 - 0
68.788 69.094 53.0 了 0
69.094 69.4 55.0 - 0
69.4 69.706 62.0 一 0
69.706 70.013 60.0 杯 0
70.013 70.319 57.0 又 0
70.319 70.625 55.0 一 0
70.625 70.931 55.0 杯 0
70.931 71.543 57.0 - 1
71.989 72.295 57.0 想 0
72.295 72.602 62.0 起 0
72.602 72.908 62.0 我 0
72.908 73.214 62.0 们 0
73.214 73.52 60.0 曾 0
73.52 73.826 62.0 - 0
73.826 74.132 60.0 经 0
74.132 74.438 57.0 - 0
74.438 74.744 55.0 在 0
74.744 75.05 55.0 一 0
75.05 75.357 55.0 起 0
75.357 75.663 55.0 的 0
75.663 76.581 55.0 美 1
76.72 77.026 55.0 我 0
77.026 77.332 55.0 却 0
77.332 77.639 55.0 只 0
77.639 77.945 57.0 能 0
77.945 78.251 60.0 听 0
78.251 78.557 60.0 着 0
78.557 78.863 60.0 情 0
78.863 79.169 60.0 歌 0
79.169 79.475 60.0 流 0
79.475 79.781 57.0 - 0
79.781 80.394 57.0 眼 0
80.394 82.537 62.0 泪 1
82.864 83.17 57.0 听 0
83.17 83.476 57.0 不 0
83.476 83.782 57.0 完 0
83.782 84.088 57.0 的 0
84.088 84.7 62.0 情 0
84.7 85.007 62.0 歌 0
85.007 85.313 65.0 - 0
85.313 85.619 64.0 流 0
85.619 85.925 62.0 不 0
85.925 86.231 62.0 完 0
86.231 86.537 60.0 的 0
86.537 86.843 60.0 泪 0
86.843 87.456 62.0 - 1
87.788 88.094 62.0 爱 0
88.094 88.4 62.0 上 0
88.4 88.706 62.0 你 0
88.706 89.012 62.0 是 0
89.012 89.318 65.0 我 0
89.318 89.624 64.0 上 0
89.624 89.93 62.0 辈 0
89.93 90.237 60.0 子 0
90.237 90.543 60.0 犯 0
90.543 90.849 62.0 - 0
90.849 91.155 57.0 下 0
91.155 91.461 55.0 的 0
91.461 92.379 57.0 罪 1
92.783 93.089 55.0 明 0
93.089 93.395 55.0 明 0
93.395 93.701 55.0 知 0
93.701 94.007 55.0 道 0
94.007 94.313 53.0 我 0
94.313 94.619 55.0 - 0
94.619 94.925 53.0 和 0
94.925 95.232 50.0 你 0
95.232 95.538 60.0 不 0
95.538 95.844 60.0 能 0
95.844 96.15 60.0 在 0
96.15 96.456 62.0 一 0
96.456 97.374 57.0 起 1
97.535 97.841 60.0 我 0
97.841 98.147 60.0 却 0
98.147 98.453 60.0 不 0
98.453 98.759 60.0 能 0
98.759 99.065 60.0 忘 0
99.065 99.371 57.0 - 0
99.371 99.677 57.0 记 0
99.677 99.984 60.0 - 0
99.984 100.29 65.0 你 0
100.29 100.596 64.0 曾 0
100.596 100.902 62.0 给 0
100.902 101.208 60.0 的 0
101.208 101.514 60.0 美 0
101.514 102.126 62.0 - 1
102.47 102.776 57.0 听 0
102.776 103.082 57.0 不 0
103.082 103.388 57.0 完 0
103.388 103.694 57.0 的 0
103.694 104.306 62.0 情 0
104.306 104.612 62.0 歌 0
104.612 104.918 65.0 - 0
104.918 105.225 64.0 流 0
105.225 105.531 62.0 不 0
105.531 105.837 62.0 完 0
105.837 106.143 60.0 的 0
106.143 106.449 60.0 泪 0
106.449 107.061 62.0 - 1
107.316 107.623 62.0 爱 0
107.623 107.929 62.0 上 0
107.929 108.235 62.0 你 0
108.235 108.541 62.0 让 0
108.541 108.847 65.0 我 0
108.847 109.153 64.0 这 0
109.153 109.459 62.0 辈 0
109.459 109.765 60.0 子 0
109.765 110.072 62.0 如 0
110.072 110.378 60.0 此 0
110.378 110.684 57.0 的 0
110.684 110.99 55.0 狼 0
110.99 111.296 55.0 狈 0
111.296 111.908 57.0 - 1
112.284 112.591 55.0 别 0
112.591 112.897 55.0 再 0
112.897 113.203 55.0 让 0
113.203 113.509 55.0 我 0
113.509 113.815 53.0 一 0
113.815 114.121 55.0 - 0
114.121 114.427 53.0 个 0
114.427 114.733 50.0 人 0
114.733 115.04 60.0 孤 0
115.04 115.346 60.0 独 0
115.346 115.652 60.0 的 0
115.652 115.958 62.0 心 0
115.958 116.876 57.0 碎 1
117.292 117.599 60.0 谁 0
117.599 117.905 60.0 能 0
117.905 118.211 60.0 与 0
118.211 118.517 60.0 我 0
118.517 118.823 60.0 今 0
118.823 119.129 57.0 - 0
119.129 119.435 57.0 生 0
119.435 119.741 60.0 - 0
119.741 120.047 65.0 今 0
120.047 120.354 64.0 世 0
120.354 120.66 62.0 永 0
120.66 120.966 60.0 相 0
120.966 124.333 62.0 随 1
142.881 143.187 57.0 春 0
143.187 143.493 57.0 去 0
143.493 143.799 57.0 秋 0
143.799 144.105 57.0 来 0
144.105 144.411 55.0 多 0
144.411 144.717 57.0 - 0
144.717 145.024 57.0 少 0
145.024 145.33 57.0 个 0
145.33 145.636 57.0 岁 0
145.636 145.942 55.0 月 0
145.942 146.248 53.0 轮 0
146.248 146.554 55.0 - 0
146.554 147.473 50.0 回 1
147.749 148.055 53.0 伤 0
148.055 148.361 53.0 心 0
148.361 148.667 53.0 苦 0
148.667 148.973 50.0 酒 0
148.973 149.279 50.0 喝 0
149.279 149.585 53.0 - 0
149.585 149.892 53.0 了 0
149.892 150.198 55.0 - 0
150.198 150.504 62.0 一 0
150.504 150.81 60.0 杯 0
150.81 151.116 57.0 又 0
151.116 151.422 55.0 一 0
151.422 151.728 55.0 杯 0
151.728 152.34 57.0 - 1
152.636 152.942 57.0 想 0
152.942 153.248 62.0 起 0
153.248 153.554 62.0 我 0
153.554 153.86 62.0 们 0
153.86 154.166 60.0 曾 0
154.166 154.472 62.0 - 0
154.472 154.778 60.0 经 0
154.778 155.085 57.0 - 0
155.085 155.391 55.0 在 0
155.391 155.697 55.0 一 0
155.697 156.003 55.0 起 0
156.003 156.309 55.0 的 0
156.309 157.227 55.0 美 1
157.673 157.979 55.0 我 0
157.979 158.285 55.0 却 0
158.285 158.591 55.0 只 0
158.591 158.897 57.0 能 0
158.897 159.203 60.0 听 0
159.203 159.509 60.0 着 0
159.509 159.815 60.0 情 0
159.815 160.122 60.0 歌 0
160.122 160.428 60.0 流 0
160.428 160.734 57.0 - 0
160.734 161.346 57.0 眼 0
161.346 163.489 62.0 泪 1
163.678 163.984 57.0 听 0
163.984 164.29 57.0 不 0
164.29 164.596 57.0 完 0
164.596 164.903 57.0 的 0
164.903 165.515 62.0 情 0
165.515 165.821 62.0 歌 0
165.821 166.127 65.0 - 0
166.127 166.433 64.0 流 0
166.433 166.739 62.0 不 0
166.739 167.045 62.0 完 0
167.045 167.351 60.0 的 0
167.351 167.658 60.0 泪 0
167.658 168.27 62.0 - 1
168.729 169.035 62.0 爱 0
169.035 169.341 62.0 上 0
169.341 169.647 62.0 你 0
169.647 169.953 62.0 是 0
169.953 170.26 65.0 我 0
170.26 170.566 64.0 上 0
170.566 170.872 62.0 辈 0
170.872 171.178 60.0 子 0
171.178 171.484 60.0 犯 0
171.484 171.79 62.0 - 0
171.79 172.096 57.0 下 0
172.096 172.402 55.0 的 0
172.402 173.321 57.0 罪 1
173.603 173.909 55.0 明 0
173.909 174.215 55.0 明 0
174.215 174.521 55.0 知 0
174.521 174.827 55.0 道 0
174.827 175.134 53.0 我 0
175.134 175.44 55.0 - 0
175.44 175.746 53.0 和 0
175.746 176.052 50.0 你 0
176.052 176.358 60.0 不 0
176.358 176.664 60.0 能 0
176.664 176.97 60.0 在 0
176.97 177.276 62.0 一 0
177.276 178.195 57.0 起 1
178.435 178.741 60.0 我 0
178.741 179.047 60.0 却 0
179.047 179.353 60.0 不 0
179.353 179.659 60.0 能 0
179.659 179.966 60.0 忘 0
179.966 180.272 57.0 - 0
180.272 180.578 57.0 记 0
180.578 180.884 60.0 - 0
180.884 181.19 65.0 你 0
181.19 181.496 64.0 曾 0
181.496 181.802 62.0 给 0
181.802 182.108 60.0 的 0
182.108 182.414 60.0 美 0
182.414 183.027 62.0 - 1
183.273 183.579 57.0 听 0
183.579 183.885 57.0 不 0
183.885 184.191 57.0 完 0
184.191 184.497 57.0 的 0
184.497 185.11 62.0 情 0
185.11 185.416 62.0 歌 0
185.416 185.722 65.0 - 0
185.722 186.028 64.0 流 0
186.028 186.334 62.0 不 0
186.334 186.64 62.0 完 0
186.64 186.946 60.0 的 0
186.946 187.252 60.0 泪 0
187.252 187.865 62.0 - 1
188.268 188.574 62.0 爱 0
188.574 188.88 62.0 上 0
188.88 189.186 62.0 你 0
189.186 189.492 62.0 让 0
189.492 189.798 65.0 我 0
189.798 190.105 64.0 这 0
190.105 190.411 62.0 辈 0
190.411 190.717 60.0 子 0
190.717 191.023 62.0 如 0
191.023 191.329 60.0 此 0
191.329 191.635 57.0 的 0
191.635 191.941 55.0 狼 0
191.941 192.247 55.0 狈 0
192.247 192.86 57.0 - 1
193.193 193.499 55.0 别 0
193.499 193.805 55.0 再 0
193.805 194.111 55.0 让 0
194.111 194.417 55.0 我 0
194.417 194.723 53.0 一 0
194.723 195.03 55.0 - 0
195.03 195.336 53.0 个 0
195.336 195.642 50.0 人 0
195.642 195.948 60.0 孤 0
195.948 196.254 60.0 独 0
196.254 196.56 60.0 的 0
196.56 196.866 62.0 心 0
196.866 197.785 57.0 碎 1
198.063 198.369 60.0 谁 0
198.369 198.675 60.0 能 0
198.675 198.981 60.0 与 0
198.981 199.287 60.0 我 0
199.287 199.593 60.0 今 0
199.593 199.899 57.0 - 0
199.899 200.206 57.0 生 0
200.206 200.512 60.0 - 0
200.512 200.818 65.0 今 0
200.818 201.124 64.0 世 0
201.124 201.43 62.0 永 0
201.43 201.736 60.0 相 0
201.736 204.185 62.0 随 1
204.2 204.506 57.0 听 0
204.506 204.812 57.0 不 0
204.812 205.119 57.0 完 0
205.119 205.425 57.0 的 0
205.425 206.037 62.0 情 0
206.037 206.343 62.0 歌 0
206.343 206.649 65.0 - 0
206.649 206.955 64.0 流 0
206.955 207.261 62.0 不 0
207.261 207.568 62.0 完 0
207.568 207.874 60.0 的 0
207.874 208.18 60.0 泪 0
208.18 208.792 62.0 - 1
209.019 209.325 62.0 爱 0
209.325 209.631 62.0 上 0
209.631 209.938 62.0 你 0
209.938 210.244 62.0 是 0
210.244 210.55 65.0 我 0
210.55 210.856 64.0 上 0
210.856 211.162 62.0 辈 0
211.162 211.468 60.0 子 0
211.468 211.774 60.0 犯 0
211.774 212.08 62.0 - 0
212.08 212.386 57.0 下 0
212.386 212.693 55.0 的 0
212.693 213.611 57.0 罪 1
213.852 214.158 55.0 明 0
214.158 214.464 55.0 明 0
214.464 214.77 55.0 知 0
214.77 215.077 55.0 道 0
215.077 215.383 53.0 我 0
215.383 215.689 55.0 - 0
215.689 215.995 53.0 和 0
215.995 216.301 50.0 你 0
216.301 216.607 60.0 不 0
216.607 216.913 60.0 能 0
216.913 217.219 60.0 在 0
217.219 217.526 62.0 一 0
217.526 218.444 57.0 起 1
218.863 219.169 60.0 我 0
219.169 219.475 60.0 却 0
219.475 219.781 60.0 不 0
219.781 220.088 60.0 能 0
220.088 220.394 60.0 忘 0
220.394 220.7 57.0 - 0
220.7 221.006 57.0 记 0
221.006 221.312 60.0 - 0
221.312 221.618 65.0 你 0
221.618 221.924 64.0 曾 0
221.924 222.23 62.0 给 0
222.23 222.537 60.0 的 0
222.537 222.843 60.0 美 0
222.843 223.455 62.0 - 1
223.641 223.947 57.0 听 0
223.947 224.253 57.0 不 0
224.253 224.559 57.0 完 0
224.559 224.866 57.0 的 0
224.866 225.172 62.0 情 0
225.172 225.784 62.0 歌 0
226.09 226.396 65.0 流 0
226.396 226.702 64.0 不 0
226.702 227.008 62.0 完 0
227.008 227.315 60.0 的 0
227.315 227.621 60.0 泪 0
227.621 228.233 62.0 - 1
228.594 228.9 62.0 爱 0
228.9 229.206 62.0 上 0
229.206 229.512 62.0 你 0
229.512 229.818 62.0 让 0
229.818 230.125 65.0 我 0
230.125 230.431 64.0 这 0
230.431 230.737 62.0 辈 0
230.737 231.043 60.0 子 0
231.043 231.349 62.0 如 0
231.349 231.655 60.0 此 0
231.655 231.961 57.0 的 0
231.961 232.267 55.0 狼 0
232.267 232.574 55.0 狈 0
232.574 233.186 57.0 - 1
233.483 233.789 55.0 别 0
233.789 234.095 55.0 再 0
234.095 234.401 55.0 让 0
234.401 234.707 55.0 我 0
234.707 235.014 53.0 一 0
235.014 235.32 55.0 - 0
235.32 235.626 53.0 个 0
235.626 235.932 50.0 人 0
235.932 236.238 60.0 孤 0
236.238 236.544 60.0 独 0
236.544 236.85 60.0 的 0
236.85 237.156 62.0 心 0
237.156 238.075 57.0 碎 1
238.443 238.749 60.0 谁 0
238.749 239.055 60.0 能 0
239.055 239.361 60.0 与 0
239.361 239.667 60.0 我 0
239.667 239.974 60.0 今 0
239.974 240.28 57.0 - 0
240.28 240.586 57.0 生 0
240.586 240.892 60.0 - 0
240.892 241.198 65.0 今 0
241.198 241.504 64.0 世 0
241.504 241.81 62.0 永 0
241.81 242.116 60.0 相 0
242.116 243.341 62.0 随 1
243.356 243.662 60.0 谁 0
243.662 243.968 60.0 能 0
243.968 244.274 60.0 与 0
244.274 244.58 60.0 我 0
244.58 244.886 60.0 今 0
244.886 245.193 57.0 - 0
245.193 245.499 57.0 生 0
245.499 245.805 60.0 - 0
245.805 246.417 65.0 今 0
246.417 247.948 64.0 世 0
248.254 249.478 62.0 永 0
249.478 250.703 60.0 相 0
250.703 255.601 62.0 随 1
