37.071 37.844 59.0 长 0
37.844 39.004 64.0 路 0
39.004 39.773 55.0 迢 0
39.773 40.922 57.0 迢 1
42.355 43.516 67.0 思 0
43.516 43.903 66.0 君 0
43.903 44.677 64.0 在 0
44.677 45.451 57.0 远 0
45.451 46.994 59.0 方 1
49.023 49.408 57.0 白 0
49.408 49.792 59.0 驹 0
49.792 50.176 57.0 驰 0
50.176 50.944 57.0 骋 1
51.968 52.352 67.0 星 0
52.352 52.737 67.0 辰 0
52.737 53.121 66.0 浩 0
53.121 53.889 64.0 荡 1
54.818 55.397 55.0 心 0
55.397 55.976 59.0 - 0
55.976 56.362 67.0 - 0
56.362 57.133 66.0 郁 0
57.133 58.29 59.0 - 0
58.29 59.827 66.0 伤 1
61.742 62.511 59.0 浮 0
62.511 63.663 64.0 云 0
63.663 64.431 55.0 悠 0
64.431 65.969 57.0 悠 1
67.124 68.289 67.0 归 0
68.289 68.678 66.0 鸟 0
68.678 69.455 64.0 辞 0
69.455 69.844 57.0 远 0
69.844 70.614 62.0 - 0
70.614 72.14 59.0 乡 1
73.602 73.984 59.0 上 0
73.984 74.365 59.0 下 0
74.365 74.747 57.0 求 0
74.747 75.51 57.0 索 1
76.735 77.124 67.0 舒 0
77.124 77.512 67.0 我 0
77.512 77.901 66.0 衷 0
77.901 78.678 64.0 肠 1
79.478 80.045 55.0 不 0
80.045 80.613 59.0 - 0
80.613 80.991 67.0 - 0
80.991 81.559 66.0 回 0
81.559 82.127 64.0 - 0
82.127 82.505 62.0 - 0
82.505 84.05 64.0 望 1
84.757 85.143 64.0 思 0
85.143 85.53 62.0 美 0
85.53 86.684 64.0 人 0
86.684 87.069 71.0 兮 0
87.069 87.838 71.0 心 0
87.838 88.608 64.0 若 0
88.608 89.762 62.0 香 1
90.833 91.218 64.0 思 0
91.218 91.603 62.0 美 0
91.603 92.372 64.0 人 0
92.757 93.142 67.0 兮 0
93.142 93.911 64.0 月 0
93.911 94.296 57.0 苍 0
94.296 94.681 62.0 - 0
94.681 95.835 59.0 凉 1
97.111 97.495 64.0 我 0
97.495 97.88 62.0 犹 0
97.88 99.034 64.0 香 0
99.034 99.419 71.0 草 0
99.419 99.804 74.0 何 0
99.804 100.189 71.0 - 0
100.189 100.477 69.0 来 0
100.477 100.766 69.0 - 0
100.766 100.958 67.0 - 0
100.958 101.343 62.0 美 0
101.728 102.112 69.0 人 0
102.112 102.497 71.0 - 0
102.497 102.882 71.0 赏 0
102.882 103.651 67.0 - 1
103.93 104.315 64.0 古 0
104.315 104.699 59.0 人 0
104.699 105.084 59.0 不 0
105.084 105.469 62.0 及 0
105.469 105.853 64.0 徒 0
105.853 106.238 71.0 留 0
106.238 106.623 71.0 一 0
106.623 107.007 67.0 抹 0
107.007 108.546 69.0 香 1
109.446 109.83 64.0 思 0
109.83 110.215 62.0 美 0
110.215 111.369 64.0 人 0
111.369 111.754 71.0 兮 0
111.754 112.523 71.0 心 0
112.523 113.292 64.0 自 0
113.292 114.831 62.0 香 1
115.555 115.939 64.0 思 0
115.939 116.324 62.0 美 0
116.324 116.704 62.0 人 0
116.704 117.478 64.0 - 0
117.478 117.863 67.0 兮 0
117.863 118.633 64.0 梦 0
118.633 119.017 57.0 芬 0
119.017 119.402 62.0 - 0
119.402 120.939 59.0 芳 1
121.686 122.07 64.0 世 0
122.07 122.455 62.0 人 0
122.455 122.823 62.0 皆 0
122.823 123.607 64.0 - 0
123.607 123.991 71.0 醉 0
123.991 124.375 74.0 平 0
124.375 124.76 71.0 - 0
124.76 125.048 69.0 生 0
125.048 125.336 69.0 - 0
125.336 125.528 67.0 - 0
125.528 125.912 62.0 随 0
126.296 126.681 69.0 沧 0
126.681 127.065 71.0 - 0
127.065 127.449 71.0 浪 0
127.449 128.217 67.0 - 1
128.642 129.027 64.0 鸿 0
129.027 129.411 62.0 飞 0
129.411 129.795 59.0 御 0
129.795 130.179 62.0 我 0
130.179 130.563 64.0 九 0
130.563 130.947 69.0 天 0
130.947 131.332 69.0 任 0
131.332 131.716 64.0 高 0
131.716 134.021 67.0 翔 1
144.669 145.444 59.0 浮 0
145.444 146.219 64.0 云 0
146.607 147.381 55.0 悠 0
147.381 148.54 57.0 悠 1
150.127 151.279 67.0 归 0
151.279 151.663 66.0 鸟 0
151.663 152.432 64.0 辞 0
152.432 152.816 57.0 远 0
152.816 153.2 62.0 - 0
153.2 154.353 59.0 乡 1
156.698 157.082 59.0 上 0
157.082 157.466 59.0 下 0
157.466 157.85 57.0 求 0
157.85 158.618 57.0 索 1
159.742 160.126 67.0 舒 0
160.126 160.51 67.0 我 0
160.51 160.894 66.0 衷 0
160.894 161.663 64.0 肠 1
162.399 162.975 55.0 不 0
162.975 163.552 59.0 - 0
163.552 163.936 67.0 - 0
163.936 164.512 66.0 回 0
164.512 165.088 64.0 - 0
165.088 165.473 62.0 - 0
165.473 167.009 64.0 望 1
167.902 168.286 64.0 思 0
168.286 168.67 62.0 美 0
168.67 169.049 62.0 人 0
169.049 169.822 64.0 - 0
169.822 170.207 71.0 兮 0
170.207 170.975 71.0 心 0
170.975 171.743 64.0 若 0
171.743 172.896 62.0 香 1
173.968 174.352 64.0 思 0
174.352 174.737 62.0 美 0
174.737 175.111 62.0 人 0
175.111 175.895 64.0 - 0
175.895 176.281 67.0 兮 0
176.281 177.053 64.0 月 0
177.053 177.439 57.0 苍 0
177.439 177.825 62.0 - 0
177.825 178.978 59.0 凉 1
180.199 180.583 62.0 我 0
180.583 180.967 62.0 犹 0
180.967 182.12 64.0 香 0
182.12 182.504 71.0 草 0
182.504 182.888 74.0 何 0
182.888 183.272 71.0 - 0
183.272 183.561 69.0 来 0
183.561 183.849 69.0 - 0
183.849 184.041 67.0 - 0
184.041 184.425 62.0 美 0
184.809 185.193 69.0 人 0
185.193 185.577 71.0 - 0
185.577 185.962 71.0 赏 0
185.962 186.73 67.0 - 1
186.971 187.355 64.0 古 0
187.355 187.74 59.0 人 0
187.74 188.124 59.0 不 0
188.124 188.508 62.0 及 0
188.508 188.892 64.0 徒 0
188.892 189.276 71.0 留 0
189.276 189.66 71.0 一 0
189.66 190.045 67.0 抹 0
190.045 191.585 69.0 香 1
192.361 192.746 64.0 思 0
192.746 193.131 62.0 美 0
193.131 194.284 64.0 人 0
194.284 194.668 71.0 兮 0
194.668 195.436 71.0 心 0
195.436 196.204 64.0 自 0
196.204 197.746 62.0 香 1
198.554 198.94 64.0 思 0
198.94 199.325 62.0 美 0
199.325 200.482 64.0 人 0
200.482 200.867 67.0 兮 0
200.867 201.639 64.0 梦 0
201.639 202.024 57.0 芬 0
202.024 202.41 62.0 - 0
202.41 203.564 59.0 芳 1
204.784 205.168 64.0 世 0
205.168 205.553 62.0 人 0
205.553 206.705 64.0 皆 0
206.705 207.089 71.0 醉 0
207.089 207.474 74.0 平 0
207.474 207.858 71.0 - 0
207.858 208.146 69.0 生 0
208.146 208.434 69.0 - 0
208.434 208.626 67.0 - 0
208.626 209.01 62.0 随 0
209.395 209.779 69.0 沧 0
209.779 210.163 71.0 - 0
210.163 210.547 71.0 浪 0
210.547 211.315 67.0 - 1
211.603 211.987 64.0 鸿 0
211.987 212.371 62.0 飞 0
212.371 212.755 59.0 御 0
212.755 213.139 62.0 我 0
213.139 213.523 64.0 九 0
213.523 213.908 71.0 天 0
213.908 214.292 69.0 任 0
214.292 214.676 64.0 高 0
214.676 217.749 67.0 翔 1
226.399 226.794 64.0 思 0
226.794 227.19 62.0 美 0
227.19 228.326 64.0 人 0
228.326 228.705 71.0 兮 0
228.705 229.462 71.0 心 0
229.462 230.22 64.0 若 0
230.22 231.751 62.0 香 1
232.533 232.916 64.0 思 0
232.916 233.299 62.0 美 0
233.299 234.452 64.0 人 0
234.452 234.836 67.0 兮 0
234.836 235.604 64.0 月 0
235.604 235.988 57.0 苍 0
235.988 236.372 62.0 - 0
236.372 236.755 59.0 - 0
236.755 237.903 59.0 凉 1
238.622 239.005 64.0 我 0
239.005 239.388 62.0 犹 0
239.388 240.543 64.0 香 0
240.543 240.928 71.0 草 0
240.928 241.313 74.0 何 0
241.313 241.699 71.0 - 0
241.699 241.987 69.0 来 0
241.987 242.276 69.0 - 0
242.276 242.469 67.0 - 0
242.469 242.853 62.0 美 0
243.237 243.621 69.0 人 0
243.621 244.006 71.0 - 0
244.006 244.39 71.0 赏 0
244.39 245.158 67.0 - 1
245.582 245.967 64.0 古 0
245.967 246.351 62.0 人 0
246.351 246.735 59.0 不 0
246.735 247.12 62.0 及 0
247.12 247.504 64.0 徒 0
247.504 247.888 71.0 留 0
247.888 248.273 71.0 一 0
248.273 249.042 67.0 抹 0
249.042 250.579 69.0 香 1
250.939 251.324 64.0 思 0
251.324 251.708 62.0 美 0
251.708 252.861 64.0 人 0
252.861 253.245 71.0 兮 0
253.245 254.013 71.0 心 0
254.013 254.782 64.0 自 0
254.782 255.937 62.0 香 1
257.039 257.425 64.0 思 0
257.425 257.81 62.0 美 0
257.81 258.965 64.0 人 0
258.965 259.35 67.0 兮 0
259.35 260.121 64.0 梦 0
260.121 260.506 57.0 芬 0
260.506 260.891 62.0 - 0
260.891 261.276 59.0 - 0
261.276 262.432 59.0 芳 1
263.194 263.579 64.0 世 0
263.579 263.964 62.0 人 0
263.964 265.115 64.0 皆 0
265.115 265.498 71.0 醉 0
265.498 265.882 74.0 平 0
265.882 266.265 71.0 - 0
266.265 266.553 69.0 生 0
266.553 266.84 69.0 - 0
266.84 267.032 67.0 - 0
267.032 267.417 62.0 随 0
267.803 268.188 69.0 沧 0
268.188 268.573 71.0 - 0
268.573 268.958 71.0 浪 0
268.958 269.728 67.0 - 1
270.025 270.411 64.0 鸿 0
270.411 270.796 62.0 飞 0
270.796 271.181 59.0 御 0
271.181 271.566 62.0 我 0
271.566 271.951 64.0 九 0
271.951 272.336 71.0 天 0
272.336 272.722 69.0 任 0
272.722 273.107 64.0 高 0
273.107 275.027 67.0 翔 1
276.251 276.656 64.0 鸿 0
276.656 277.062 62.0 飞 0
277.062 277.467 59.0 御 0
277.467 277.873 62.0 我 0
277.873 278.481 64.0 九 0
278.481 279.089 71.0 天 0
279.089 280.95 69.0 任 0
282.041 282.405 64.0 高 0
282.405 285.087 67.0 翔 1
