14.448 14.69 62.0 如 0
14.692 14.812 60.0 果 0
14.936 15.056 60.0 说 0
15.18 15.3 60.0 你 0
15.423 15.543 60.0 要 0
15.667 15.848 60.0 离 0
15.911 16.031 58.0 开 0
16.155 16.397 58.0 我 0
16.399 16.762 55.0 - 1
18.414 18.656 62.0 请 0
18.658 18.778 60.0 - 0
18.902 19.083 62.0 实 0
19.146 19.266 60.0 点 0
19.39 19.631 58.0 来 0
19.633 19.875 55.0 - 0
19.877 20.058 58.0 告 0
20.121 20.363 58.0 我 0
20.365 20.729 60.0 - 1
22.292 22.472 58.0 不 0
22.535 22.716 60.0 要 0
22.779 22.96 58.0 偷 0
23.023 23.204 60.0 偷 0
23.267 23.448 58.0 摸 0
23.511 23.752 60.0 摸 0
23.754 23.935 58.0 - 0
23.998 24.24 60.0 走 0
24.242 24.606 62.0 - 1
26.077 26.258 62.0 像 0
26.321 26.501 62.0 - 0
26.564 26.745 62.0 上 0
26.808 26.989 62.0 次 0
27.052 27.233 62.0 一 0
27.296 27.477 60.0 样 0
27.54 27.66 58.0 等 0
27.783 28.025 58.0 年 0
28.027 28.33 55.0 - 1
30.088 30.33 62.0 如 0
30.332 30.452 60.0 果 0
30.576 30.695 62.0 说 0
30.819 30.939 60.0 你 0
31.063 31.183 60.0 真 0
31.307 31.488 60.0 的 0
31.551 31.671 58.0 要 0
31.795 32.036 58.0 走 0
32.038 32.402 55.0 - 1
33.967 34.148 62.0 把 0
34.211 34.331 60.0 我 0
34.455 34.636 62.0 的 0
34.699 34.818 60.0 相 0
34.942 35.184 58.0 片 0
35.186 35.428 55.0 还 0
35.43 35.611 58.0 给 0
35.674 35.916 58.0 我 0
35.918 36.281 60.0 - 1
37.955 38.136 58.0 在 0
38.199 38.38 60.0 你 0
38.443 38.624 58.0 身 0
38.687 38.868 60.0 上 0
38.931 39.111 58.0 也 0
39.174 39.416 60.0 没 0
39.418 39.599 58.0 有 0
39.662 39.904 60.0 用 0
39.906 40.27 62.0 - 1
41.749 41.93 62.0 我 0
41.993 42.174 62.0 - 0
42.237 42.418 62.0 可 0
42.481 42.662 62.0 以 0
42.725 42.906 62.0 还 0
42.968 43.149 60.0 给 0
43.212 43.332 58.0 我 0
43.456 43.698 58.0 妈 0
43.7 44.003 55.0 - 1
45.936 46.3 62.0 什 0
46.424 46.849 64.0 么 0
46.912 47.214 62.0 天 0
47.399 48.007 64.0 长 0
48.131 48.251 60.0 地 0
48.375 49.409 60.0 久 1
49.896 50.259 62.0 只 0
50.383 50.747 62.0 是 0
50.871 51.235 62.0 随 0
51.358 51.6 62.0 便 0
51.602 52.027 59.0 - 0
52.09 52.21 59.0 说 0
52.334 53.368 59.0 说 1
53.708 54.132 62.0 你 0
54.195 54.559 64.0 爱 0
54.683 55.108 62.0 我 0
55.171 55.656 59.0 哪 0
55.658 55.839 57.0 - 0
55.902 56.022 57.0 一 0
56.146 57.119 57.0 点 1
57.688 58.113 57.0 你 0
58.176 58.6 59.0 也 0
58.663 59.027 64.0 说 0
59.151 59.575 64.0 不 0
59.638 59.758 62.0 口 0
59.882 61.221 62.0 - 1
61.419 61.844 62.0 你 0
61.907 62.331 64.0 认 0
62.394 62.819 62.0 识 0
62.882 63.55 64.0 了 0
63.613 63.794 60.0 帅 0
63.857 65.135 60.0 哥 1
65.435 65.86 62.0 就 0
65.923 66.348 64.0 把 0
66.411 66.835 62.0 我 0
66.898 67.323 64.0 丢 0
67.386 67.567 59.0 - 0
67.63 67.81 59.0 一 0
67.873 68.847 59.0 旁 1
69.28 69.644 62.0 天 0
69.768 70.193 64.0 气 0
70.256 70.741 62.0 - 0
70.743 71.229 59.0 热 0
71.231 71.351 57.0 的 0
71.475 71.656 57.0 夏 0
71.719 72.753 57.0 - 1
73.155 73.579 57.0 心 0
73.642 74.128 59.0 - 0
74.13 74.494 64.0 像 0
74.617 75.042 64.0 冷 0
75.105 75.286 62.0 - 0
75.349 76.566 62.0 冬 1
76.917 77.159 62.0 想 0
77.161 77.281 60.0 要 0
77.405 77.524 62.0 买 0
77.648 77.768 60.0 酒 0
77.892 78.012 60.0 来 0
78.136 78.317 60.0 浇 0
78.38 78.5 58.0 忧 0
78.624 78.865 58.0 愁 0
78.867 79.231 55.0 - 1
80.853 81.095 62.0 却 0
81.097 81.217 60.0 懒 0
81.341 81.522 62.0 - 0
81.585 81.704 60.0 想 0
81.828 82.07 58.0 - 0
82.072 82.314 55.0 出 0
82.316 82.497 58.0 去 0
82.56 82.802 58.0 走 0
82.804 83.167 60.0 - 1
84.538 84.719 58.0 想 0
84.782 85.024 60.0 - 0
85.026 85.207 58.0 要 0
85.27 85.512 60.0 来 0
85.514 85.694 58.0 一 0
85.757 85.999 60.0 包 0
86.001 86.182 58.0 长 0
86.245 86.487 60.0 寿 0
86.489 86.853 62.0 烟 1
88.459 88.64 62.0 发 0
88.703 88.884 62.0 - 0
88.947 89.128 62.0 现 0
89.191 89.372 62.0 我 0
89.435 89.616 62.0 未 0
89.679 89.859 60.0 满 0
89.922 90.042 58.0 十 0
90.166 90.408 58.0 岁 0
90.41 90.713 55.0 - 1
108.074 108.316 62.0 如 0
108.318 108.438 60.0 果 0
108.561 108.681 60.0 说 0
108.805 108.925 60.0 你 0
109.048 109.168 60.0 要 0
109.292 109.473 60.0 离 0
109.535 109.716 58.0 开 0
109.779 110.02 58.0 我 0
110.023 110.386 55.0 - 1
112.027 112.268 62.0 请 0
112.27 112.39 60.0 - 0
112.514 112.694 62.0 实 0
112.757 112.877 60.0 点 0
113.001 113.242 58.0 来 0
113.244 113.486 55.0 - 0
113.488 113.668 58.0 告 0
113.731 113.973 58.0 我 0
113.975 114.338 60.0 - 1
115.85 116.03 58.0 不 0
116.093 116.274 60.0 要 0
116.337 116.517 58.0 偷 0
116.58 116.761 60.0 偷 0
116.824 117.004 58.0 摸 0
117.067 117.309 60.0 摸 0
117.311 117.491 58.0 的 0
117.554 117.796 60.0 走 0
117.798 118.161 62.0 - 1
119.651 119.831 62.0 像 0
119.894 120.075 62.0 - 0
120.138 120.318 62.0 上 0
120.381 120.562 62.0 次 0
120.625 120.805 62.0 一 0
120.868 121.049 60.0 样 0
121.112 121.232 58.0 等 0
121.355 121.597 58.0 年 0
121.599 121.901 55.0 - 1
123.543 123.784 62.0 如 0
123.786 123.906 60.0 - 0
124.03 124.15 60.0 说 0
124.273 124.393 60.0 你 0
124.517 124.637 60.0 真 0
124.76 124.941 60.0 的 0
125.004 125.124 58.0 要 0
125.247 125.489 58.0 走 0
125.491 125.854 55.0 - 1
127.524 127.705 62.0 把 0
127.767 127.887 60.0 我 0
128.011 128.192 62.0 的 0
128.254 128.435 60.0 相 0
128.498 128.739 58.0 片 0
128.742 128.983 55.0 - 0
128.985 129.166 58.0 还 0
129.229 129.47 58.0 我 0
129.472 129.835 60.0 - 1
131.466 131.647 58.0 在 0
131.71 131.89 60.0 你 0
131.953 132.134 58.0 身 0
132.197 132.377 60.0 上 0
132.44 132.621 58.0 也 0
132.684 132.925 60.0 没 0
132.927 133.108 58.0 有 0
133.171 133.412 60.0 用 0
133.414 133.777 62.0 - 1
135.4 135.581 62.0 我 0
135.644 135.824 62.0 可 0
135.887 136.068 62.0 以 0
136.131 136.311 62.0 还 0
136.374 136.555 62.0 给 0
136.618 136.798 60.0 我 0
136.861 136.981 58.0 妈 0
137.105 137.346 58.0 妈 0
137.348 137.651 55.0 - 1
139.36 139.723 62.0 什 0
139.847 140.271 64.0 - 0
140.334 140.636 62.0 么 0
140.821 141.428 64.0 长 0
141.551 141.671 60.0 - 0
141.795 142.828 60.0 地 1
143.34 143.703 62.0 只 0
143.827 144.19 64.0 是 0
144.314 144.677 62.0 随 0
144.801 145.042 64.0 便 0
145.044 145.469 59.0 - 0
145.531 145.651 59.0 说 0
145.775 146.808 59.0 说 1
147.298 147.722 62.0 你 0
147.785 148.209 64.0 爱 0
148.272 148.696 62.0 我 0
148.759 149.244 59.0 哪 0
149.246 149.427 57.0 - 0
149.49 149.67 57.0 一 0
149.733 150.705 57.0 点 1
151.087 151.511 57.0 你 0
151.574 151.998 59.0 - 0
152.061 152.485 64.0 也 0
152.548 152.972 64.0 说 0
153.035 153.216 62.0 不 0
153.279 154.616 62.0 出 1
154.981 155.405 62.0 你 0
155.468 155.892 64.0 认 0
155.955 156.379 62.0 识 0
156.442 156.927 64.0 了 0
156.929 157.11 60.0 - 0
157.173 157.353 60.0 帅 0
157.416 158.693 60.0 哥 1
158.866 159.29 62.0 就 0
159.353 159.777 64.0 - 0
159.84 160.264 62.0 把 0
160.327 160.812 64.0 我 0
160.814 160.995 59.0 丢 0
161.058 161.238 59.0 - 0
161.301 162.273 59.0 一 1
162.789 163.153 62.0 天 0
163.276 163.701 64.0 气 0
163.763 164.248 62.0 热 0
164.25 164.735 59.0 的 0
164.737 164.857 57.0 - 0
164.92 165.162 57.0 夏 0
165.224 166.257 57.0 天 1
166.745 167.169 57.0 心 0
167.232 167.717 59.0 像 0
167.719 168.082 64.0 寒 0
168.206 168.63 64.0 冷 0
168.693 168.812 62.0 冬 0
168.936 170.152 62.0 夜 1
170.607 171.031 67.0 什 0
171.094 171.457 69.0 - 0
171.581 171.944 67.0 天 0
172.068 172.309 64.0 长 0
172.555 172.614 64.0 地 0
172.798 173.953 64.0 久 1
174.618 175.042 67.0 只 0
175.105 175.468 69.0 是 0
175.531 176.016 67.0 随 0
176.079 176.503 62.0 便 0
176.566 176.746 62.0 说 0
176.809 178.147 62.0 说 1
178.465 178.889 62.0 你 0
178.952 179.376 62.0 爱 0
179.439 179.802 62.0 我 0
179.926 180.411 59.0 哪 0
180.413 180.533 57.0 - 0
180.596 180.715 57.0 一 0
180.839 181.872 57.0 点 1
182.369 182.793 57.0 你 0
182.856 183.28 59.0 也 0
183.343 183.706 64.0 说 0
183.83 184.254 62.0 不 0
184.317 184.437 62.0 出 0
184.56 185.715 62.0 口 1
186.287 186.711 67.0 你 0
186.774 187.137 69.0 认 0
187.261 187.685 67.0 识 0
187.748 188.111 64.0 了 0
188.235 188.416 64.0 帅 0
188.479 189.694 64.0 哥 1
190.196 190.559 67.0 就 0
190.683 191.107 67.0 把 0
191.17 191.594 67.0 我 0
191.657 192.081 64.0 丢 0
192.144 192.264 62.0 一 0
192.388 193.603 62.0 旁 1
194.028 194.513 62.0 天 0
194.515 194.939 64.0 - 0
195.002 195.426 62.0 热 0
195.489 196.096 57.0 的 0
196.22 196.4 57.0 夏 0
196.463 197.435 57.0 天 1
197.977 198.401 57.0 心 0
198.464 198.888 59.0 像 0
198.951 199.315 64.0 寒 0
199.438 199.802 64.0 冷 0
199.925 200.106 62.0 冬 0
200.169 201.384 62.0 夜 1
201.507 201.748 62.0 想 0
201.75 201.87 60.0 要 0
201.994 202.114 60.0 买 0
202.237 202.357 60.0 酒 0
202.481 202.601 60.0 来 0
202.724 202.905 60.0 浇 0
202.968 203.088 58.0 忧 0
203.211 203.453 58.0 愁 0
203.455 203.818 55.0 - 1
205.484 205.726 62.0 却 0
205.728 205.847 62.0 懒 0
205.971 206.152 62.0 懒 0
206.215 206.334 60.0 不 0
206.458 206.7 58.0 想 0
206.702 206.943 55.0 出 0
206.945 207.126 58.0 去 0
207.189 207.43 58.0 走 0
207.432 207.795 60.0 - 1
209.371 209.552 58.0 想 0
209.614 209.795 60.0 要 0
209.858 210.038 58.0 来 0
210.101 210.282 60.0 一 0
210.345 210.525 58.0 包 0
210.588 210.829 60.0 长 0
210.831 211.012 58.0 寿 0
211.075 211.316 60.0 烟 0
211.318 211.681 62.0 - 1
213.298 213.478 62.0 发 0
213.541 213.721 62.0 现 0
213.784 213.965 62.0 我 0
214.028 214.208 62.0 未 0
214.271 214.452 62.0 满 0
214.515 214.695 60.0 十 0
214.758 214.939 58.0 八 0
215.001 215.243 58.0 岁 0
215.245 215.547 55.0 - 1
217.107 217.288 62.0 是 0
217.35 217.531 62.0 不 0
217.594 217.774 62.0 是 0
217.837 218.079 60.0 我 0
218.081 218.322 58.0 的 0
218.324 218.505 55.0 十 0
218.568 218.687 58.0 八 0
218.811 219.052 58.0 岁 0
219.054 219.357 60.0 - 1
221.024 221.204 62.0 注 0
221.267 221.448 62.0 定 0
221.51 221.691 62.0 要 0
221.754 221.934 62.0 为 0
221.997 222.178 62.0 爱 0
222.241 222.421 60.0 情 0
222.484 222.604 58.0 泪 0
222.727 222.969 58.0 - 0
222.971 223.273 55.0 - 1
224.97 225.151 62.0 是 0
225.214 225.394 62.0 不 0
225.457 225.637 62.0 是 0
225.7 225.942 60.0 我 0
225.944 226.185 58.0 的 0
226.187 226.368 55.0 十 0
226.431 226.55 58.0 岁 0
226.674 226.915 58.0 - 0
226.917 227.22 60.0 - 1
228.872 229.052 62.0 注 0
229.115 229.296 62.0 定 0
229.358 229.539 62.0 要 0
229.602 229.782 62.0 为 0
229.845 230.026 62.0 爱 0
230.089 230.269 60.0 情 0
230.332 230.452 58.0 泪 0
230.575 230.817 58.0 - 0
230.819 231.121 55.0 - 1
