38.348 38.604 48.0 我 0
38.604 38.861 50.0 住 0
38.861 39.117 48.0 的 0
39.117 39.631 52.0 城 0
39.631 40.144 55.0 市 0
40.144 40.4 55.0 从 0
40.4 40.657 53.0 不 0
40.657 41.17 52.0 下 0
41.17 42.71 48.0 雪 1
44.55 44.806 47.0 记 0
44.806 45.063 50.0 忆 0
45.063 45.319 48.0 却 0
45.319 45.832 52.0 堆 0
45.832 46.346 55.0 满 0
46.346 46.602 55.0 冷 0
46.602 46.859 52.0 的 0
46.859 47.372 59.0 感 0
47.372 48.655 55.0 觉 1
50.642 50.899 52.0 思 0
50.899 51.156 55.0 念 0
51.156 51.412 56.0 到 1
51.552 52.065 60.0 忘 0
52.065 52.578 56.0 记 0
52.578 52.835 55.0 霓 0
52.835 53.092 53.0 虹 0
53.092 53.605 55.0 扫 0
53.605 54.118 52.0 过 0
54.118 54.374 50.0 喧 0
54.374 54.631 52.0 哗 0
54.631 55.144 50.0 的 0
55.144 56.17 49.0 街 1
56.919 57.176 53.0 把 0
57.176 57.432 53.0 快 0
57.432 57.689 52.0 乐 0
57.689 58.202 53.0 赶 0
58.202 58.715 55.0 得 0
58.715 59.228 52.0 好 0
59.228 60.768 50.0 远 1
63.001 63.258 48.0 落 0
63.258 63.514 50.0 单 0
63.514 63.771 48.0 的 0
63.771 64.284 52.0 恋 0
64.284 64.797 55.0 人 0
64.797 65.054 55.0 最 0
65.054 65.31 53.0 怕 0
65.31 65.823 52.0 过 0
65.823 67.363 48.0 节 1
69.016 69.273 48.0 只 0
69.273 69.529 48.0 能 1
69.529 69.786 50.0 独 0
69.786 70.042 48.0 自 0
70.042 70.556 52.0 庆 0
70.556 71.069 55.0 祝 0
71.069 71.325 55.0 尽 0
71.325 71.582 52.0 量 0
71.582 72.095 59.0 喝 0
72.095 73.378 55.0 醉 1
75.264 75.52 52.0 我 0
75.52 75.777 55.0 爱 0
75.777 76.033 56.0 过 0
76.033 76.546 60.0 的 0
76.546 77.06 56.0 人 1
77.084 77.34 55.0 没 0
77.34 77.597 53.0 有 0
77.597 78.11 55.0 一 0
78.11 78.623 52.0 个 0
78.623 78.88 50.0 留 0
78.88 79.136 52.0 在 0
79.136 79.649 50.0 身 0
79.649 80.676 49.0 边 1
81.424 81.681 53.0 寂 0
81.681 81.937 53.0 寞 0
81.937 82.194 52.0 他 0
82.194 82.707 53.0 陪 0
82.707 83.22 52.0 我 0
83.22 83.733 53.0 过 0
83.733 86.043 55.0 夜 1
86.81 87.324 52.0 merry 0
87.324 87.837 55.0 - 0
87.837 88.093 52.0 merry 0
88.093 88.35 55.0 - 0
88.35 88.478 60.0 - 0
88.478 89.12 62.0 christmas 0
89.12 89.889 64.0 - 1
89.965 90.414 52.0 lonely 0
90.414 90.735 55.0 - 0
90.992 91.248 52.0 lonely 0
91.248 91.505 55.0 - 0
91.505 92.274 62.0 christmas 0
92.274 92.531 64.0 - 1
92.542 92.799 62.0 想 0
92.799 93.055 64.0 祝 0
93.055 93.568 65.0 福 0
93.568 93.825 65.0 不 0
93.825 94.338 64.0 知 0
94.338 94.595 64.0 该 0
94.595 95.108 60.0 给 0
95.108 95.364 57.0 谁 1
95.565 95.821 57.0 爱 0
95.821 96.078 60.0 被 0
96.078 96.527 67.0 我 0
96.527 96.848 67.0 们 0
96.848 97.361 65.0 打 0
97.361 97.618 65.0 了 0
97.618 98.131 60.0 死 0
98.131 98.387 60.0 结 0
98.387 98.9 62.0 - 1
99.266 99.779 52.0 lonely 0
99.779 100.292 55.0 - 0
100.292 100.549 52.0 lonely 0
100.549 100.805 55.0 - 0
100.805 101.575 62.0 christmas 0
101.575 102.345 64.0 - 1
102.372 102.821 52.0 merry 0
102.821 103.142 55.0 - 0
103.398 103.655 52.0 merry 0
103.655 103.911 55.0 - 0
103.911 104.04 60.0 - 0
104.04 104.681 62.0 christmas 0
104.681 104.938 64.0 - 1
104.94 105.196 62.0 写 0
105.196 105.453 64.0 了 0
105.453 105.966 65.0 卡 0
105.966 106.222 65.0 片 0
106.222 106.736 64.0 能 0
106.736 106.992 64.0 寄 0
106.992 107.505 60.0 给 0
107.505 107.762 57.0 谁 1
107.977 108.233 57.0 心 0
108.233 108.49 60.0 碎 0
108.49 108.939 67.0 得 0
108.939 109.259 67.0 像 0
109.259 109.773 65.0 街 0
109.773 110.029 65.0 上 0
110.029 110.542 60.0 的 0
110.799 111.312 62.0 纸 0
111.312 113.878 60.0 屑 1
127.713 127.97 48.0 落 0
127.97 128.226 50.0 单 0
128.226 128.482 48.0 的 0
128.482 128.994 52.0 恋 0
128.994 129.506 55.0 人 0
129.506 129.762 55.0 最 0
129.762 130.018 53.0 怕 0
130.018 130.53 52.0 过 0
130.53 132.067 48.0 节 1
133.512 133.768 48.0 只 0
133.768 134.025 48.0 能 0
134.025 134.281 50.0 独 0
134.281 134.537 48.0 自 0
134.537 135.049 52.0 庆 0
135.049 135.561 55.0 祝 0
135.561 135.817 55.0 尽 0
135.817 136.073 52.0 量 0
136.073 136.585 59.0 喝 0
136.585 137.866 55.0 醉 1
139.882 140.138 53.0 我 0
140.138 140.395 55.0 爱 0
140.395 140.651 56.0 过 0
140.651 141.163 60.0 的 0
141.163 141.675 56.0 人 1
141.783 142.039 55.0 没 0
142.039 142.295 53.0 有 0
142.295 142.807 55.0 一 0
142.807 143.319 52.0 个 0
143.319 143.576 50.0 留 0
143.576 143.832 52.0 在 0
143.832 144.344 50.0 身 0
144.344 145.368 49.0 边 1
146.148 146.404 53.0 寂 0
146.404 146.661 53.0 寞 0
146.661 146.917 52.0 他 0
146.917 147.429 53.0 陪 0
147.429 147.941 52.0 我 0
147.941 148.453 53.0 过 0
148.453 150.758 55.0 夜 1
151.433 151.945 52.0 merry 0
151.945 152.457 55.0 - 0
152.457 152.713 52.0 merry 0
152.713 152.97 55.0 - 0
152.97 153.098 60.0 - 0
153.098 153.738 62.0 christmas 0
153.738 154.506 64.0 - 1
154.579 155.091 52.0 lonely 0
155.091 155.347 55.0 - 0
155.603 155.859 52.0 lonely 0
155.859 156.116 55.0 - 0
156.116 156.884 62.0 christmas 0
156.884 157.14 64.0 - 1
157.172 157.428 62.0 想 0
157.428 157.684 64.0 祝 0
157.684 158.196 65.0 福 0
158.196 158.452 65.0 不 0
158.452 158.964 64.0 知 0
158.964 159.221 64.0 该 0
159.221 159.733 60.0 给 0
159.733 159.989 57.0 谁 1
160.257 160.513 57.0 爱 0
160.513 160.769 60.0 被 0
160.769 161.217 67.0 我 0
161.217 161.537 67.0 们 0
161.537 162.049 65.0 打 0
162.049 162.306 65.0 了 0
162.306 162.818 60.0 死 0
162.818 163.074 60.0 结 0
163.074 163.586 62.0 - 1
163.774 164.286 52.0 lonely 0
164.286 164.798 55.0 - 0
164.798 165.054 52.0 lonely 0
165.054 165.311 55.0 - 0
165.311 166.079 62.0 christmas 0
166.079 166.847 64.0 - 1
166.861 167.373 52.0 merry 0
167.373 167.629 55.0 - 0
167.885 168.141 52.0 merry 0
168.141 168.397 55.0 - 0
168.397 168.526 60.0 - 0
168.526 169.166 62.0 christmas 0
169.166 169.422 64.0 - 1
169.47 169.726 62.0 写 0
169.726 169.982 64.0 了 0
169.982 170.494 65.0 卡 0
170.494 170.75 65.0 片 0
170.75 171.262 64.0 能 0
171.262 171.518 64.0 寄 0
171.518 172.031 60.0 给 0
172.031 172.287 57.0 谁 1
172.493 172.749 57.0 心 0
172.749 173.005 60.0 碎 0
173.005 173.453 67.0 得 0
173.453 173.773 67.0 像 0
173.773 174.285 65.0 街 0
174.285 174.541 65.0 上 0
174.541 175.054 60.0 的 0
175.31 175.822 62.0 纸 0
175.822 177.614 60.0 屑 1
178.629 178.885 55.0 电 0
178.885 179.141 55.0 话 0
179.141 179.663 57.0 不 0
179.663 180.185 60.0 接 0
180.185 180.446 57.0 不 0
180.446 180.708 60.0 要 0
180.708 181.23 62.0 被 0
181.23 181.752 62.0 人 1
181.803 182.064 60.0 发 0
182.064 182.325 62.0 现 0
182.325 182.582 64.0 我 0
182.582 182.838 67.0 整 0
182.838 183.094 71.0 夜 0
183.094 183.351 67.0 都 0
183.351 183.607 64.0 关 0
183.607 183.864 62.0 在 0
183.864 184.376 62.0 房 0
184.376 184.889 60.0 间 1
184.903 185.16 55.0 狂 0
185.16 185.416 55.0 欢 0
185.416 185.672 57.0 的 0
185.672 185.929 53.0 笑 0
185.929 186.442 60.0 声 1
186.458 186.714 57.0 听 0
186.714 186.97 60.0 来 0
186.97 187.227 67.0 像 0
187.227 187.483 69.0 哀 0
187.483 187.996 62.0 悼 0
187.996 188.253 60.0 的 0
188.253 188.509 62.0 音 0
188.509 190.799 64.0 乐 1
190.994 191.249 55.0 眼 0
191.249 191.503 55.0 眶 0
191.503 192.02 57.0 的 0
192.02 192.278 60.0 泪 0
192.471 192.794 57.0 温 0
192.794 193.052 60.0 热 0
193.052 193.568 62.0 冻 0
193.568 193.826 62.0 结 1
194.013 194.271 60.0 望 0
194.271 194.529 62.0 着 0
194.529 194.787 64.0 电 0
194.787 195.045 67.0 视 0
195.045 195.303 71.0 里 0
195.303 195.561 67.0 的 0
195.561 195.819 64.0 无 0
195.819 196.078 62.0 聊 0
196.078 196.594 62.0 节 0
196.594 197.11 60.0 目 1
197.245 197.503 55.0 躺 0
197.503 197.761 55.0 在 0
197.761 198.019 57.0 沙 0
198.019 198.277 53.0 发 0
198.277 198.535 60.0 上 1
198.709 198.967 57.0 变 0
198.967 199.225 60.0 成 0
199.225 199.483 67.0 没 0
199.483 199.741 64.0 知 0
199.741 200.258 62.0 觉 0
200.258 200.516 60.0 的 0
200.516 200.774 62.0 植 0
200.774 202.297 60.0 物 1
203.832 204.345 53.0 merry 0
204.345 204.858 56.0 - 0
204.858 205.114 53.0 merry 0
205.114 205.371 56.0 - 0
205.371 205.499 61.0 - 0
205.499 206.14 63.0 christmas 0
206.14 206.909 65.0 - 1
206.951 207.464 53.0 lonely 0
207.464 207.721 56.0 - 0
207.977 208.233 53.0 lonely 0
208.233 208.49 56.0 - 0
208.49 209.259 63.0 christmas 0
209.259 209.515 65.0 - 1
209.548 209.805 63.0 想 0
209.805 210.061 65.0 祝 0
210.061 210.574 66.0 福 0
210.574 210.83 66.0 不 0
210.83 211.343 65.0 知 0
211.343 211.6 65.0 该 0
211.6 212.113 61.0 给 0
212.113 212.369 58.0 谁 1
212.537 212.794 58.0 爱 0
212.794 213.05 61.0 被 0
213.05 213.499 68.0 我 0
213.499 213.819 68.0 们 0
213.819 214.332 66.0 打 0
214.332 214.589 66.0 了 0
214.589 215.101 61.0 死 0
215.101 215.358 61.0 结 0
215.358 215.871 63.0 - 1
216.073 216.586 53.0 lonely 0
216.586 217.099 56.0 - 0
217.099 217.355 53.0 lonely 0
217.355 217.612 56.0 - 0
217.612 218.381 63.0 christmas 0
218.381 219.15 65.0 - 1
219.294 219.807 53.0 merry 0
219.807 220.063 56.0 - 0
220.32 220.576 53.0 merry 0
220.576 220.832 56.0 - 0
220.832 221.602 63.0 christmas 0
221.602 221.858 65.0 - 1
221.859 222.116 63.0 写 0
222.116 222.372 65.0 了 0
222.372 222.885 66.0 卡 0
222.885 223.141 66.0 片 0
223.141 223.654 65.0 能 0
223.654 223.91 65.0 寄 0
223.91 224.423 61.0 给 0
224.423 224.68 58.0 谁 1
224.871 225.127 58.0 心 0
225.127 225.384 61.0 碎 0
225.384 225.833 68.0 得 0
225.833 226.153 68.0 像 0
226.153 226.666 66.0 街 0
226.666 226.922 66.0 上 0
226.922 227.435 61.0 的 0
227.692 228.204 63.0 纸 0
228.204 230.384 61.0 屑 1
231.562 232.075 53.0 merry 0
232.075 232.587 56.0 - 0
232.587 232.844 53.0 merry 0
232.844 233.1 56.0 - 0
233.1 233.228 61.0 - 0
233.228 233.869 63.0 christmas 0
233.869 234.639 65.0 - 1
234.662 235.174 53.0 lonely 0
235.174 235.431 56.0 - 0
235.687 235.944 53.0 lonely 0
235.944 236.2 56.0 - 0
236.2 236.969 63.0 christmas 0
236.969 237.226 65.0 - 1
237.233 237.489 63.0 想 0
237.489 237.746 65.0 祝 0
237.746 238.258 66.0 福 0
238.258 238.515 66.0 不 0
238.515 239.028 65.0 知 0
239.028 239.284 65.0 该 0
239.284 239.797 61.0 给 0
239.797 240.053 58.0 谁 1
240.292 240.548 58.0 爱 0
240.548 240.804 61.0 被 0
240.804 241.253 68.0 我 0
241.253 241.574 68.0 们 0
241.574 242.087 66.0 打 0
242.087 242.343 66.0 了 0
242.343 242.856 61.0 死 0
242.856 243.625 63.0 结 1
243.726 244.239 53.0 lonely 0
244.239 244.752 56.0 - 0
244.752 245.008 53.0 lonely 0
245.008 245.265 56.0 - 0
245.265 246.034 63.0 christmas 0
246.034 246.803 65.0 - 1
246.965 247.478 53.0 merry 0
247.478 247.735 56.0 - 0
247.991 248.247 53.0 merry 0
248.247 248.504 56.0 - 0
248.504 248.632 61.0 - 0
248.632 249.273 63.0 christmas 0
249.273 249.529 65.0 - 1
249.533 249.79 63.0 写 0
249.79 250.046 65.0 了 0
250.046 250.559 66.0 卡 0
250.559 250.815 66.0 片 0
250.815 251.328 65.0 能 0
251.328 251.585 65.0 寄 0
251.585 252.098 61.0 给 0
252.098 252.354 58.0 谁 1
252.451 252.708 58.0 心 0
252.708 252.964 61.0 碎 0
252.964 253.413 68.0 得 0
253.413 253.733 68.0 像 0
253.733 254.246 66.0 街 0
254.246 254.503 66.0 上 0
254.503 255.015 61.0 的 0
255.272 255.785 63.0 纸 0
255.785 257.964 61.0 屑 1
258.584 258.841 58.0 谁 0
258.841 259.097 61.0 来 0
259.097 259.289 66.0 陪 0
259.289 259.61 68.0 - 0
259.61 259.866 68.0 我 0
259.866 260.315 66.0 过 0
260.315 260.7 66.0 这 0
260.7 261.405 61.0 圣 0
261.597 262.238 63.0 诞 0
262.238 263.135 61.0 节 1
