24.051 24.732 59.0 读 0
24.732 25.073 59.0 你 0
25.073 25.755 61.0 千 0
25.755 26.095 59.0 遍 0
26.095 26.436 61.0 也 0
26.436 26.947 63.0 不 0
26.947 27.118 61.0 - 0
27.118 27.459 61.0 厌 0
27.459 28.822 61.0 倦 1
29.412 29.753 61.0 读 0
29.753 30.094 56.0 你 0
30.094 30.435 59.0 的 0
30.435 31.116 61.0 感 0
31.116 31.798 61.0 觉 0
31.798 32.139 61.0 像 0
32.139 32.48 59.0 - 0
32.48 32.82 56.0 三 0
32.82 33.843 56.0 月 1
34.942 35.283 58.0 浪 0
35.283 35.624 58.0 漫 0
35.624 35.964 58.0 的 0
35.964 36.305 63.0 季 0
36.305 37.328 58.0 节 1
37.558 37.899 54.0 醉 0
37.899 38.24 56.0 人 0
38.24 38.581 56.0 的 0
38.581 38.922 61.0 诗 0
38.922 39.603 56.0 篇 1
40.024 41.046 63.0 唔 0
41.046 42.069 61.0 - 0
42.069 42.75 61.0 - 1
43.076 43.417 58.0 读 0
43.417 43.758 59.0 - 0
43.758 44.098 59.0 你 0
44.098 44.78 61.0 千 0
44.78 45.121 59.0 遍 0
45.121 45.462 61.0 也 0
45.462 45.973 63.0 不 0
45.973 46.143 61.0 - 0
46.143 46.484 61.0 厌 0
46.484 47.847 61.0 倦 1
48.551 48.892 61.0 读 0
48.892 49.232 56.0 你 0
49.232 49.573 59.0 的 0
49.573 50.255 61.0 感 0
50.255 50.936 61.0 觉 0
50.936 51.277 61.0 象 0
51.277 51.618 59.0 - 0
51.618 51.959 56.0 春 0
51.959 52.981 56.0 天 1
54.05 54.391 56.0 喜 0
54.391 54.732 58.0 悦 0
54.732 55.073 58.0 的 0
55.073 55.414 63.0 经 0
55.414 56.436 58.0 典 1
56.665 57.006 56.0 美 0
57.006 57.346 56.0 丽 0
57.346 57.687 56.0 的 0
57.687 58.028 61.0 句 0
58.028 58.71 56.0 篇 1
59.139 60.843 63.0 唔 0
60.843 63.57 59.0 - 1
66.629 66.97 63.0 你 0
66.97 67.31 64.0 的 0
67.31 67.651 66.0 眉 0
67.651 67.992 66.0 目 0
67.992 68.333 68.0 之 0
68.333 69.014 66.0 间 1
69.027 69.709 59.0 锁 0
69.709 70.05 61.0 着 0
70.05 70.391 63.0 我 0
70.391 70.731 63.0 的 0
70.731 71.072 64.0 爱 0
71.072 71.754 63.0 怜 1
72.065 72.406 56.0 你 0
72.406 72.747 59.0 的 0
72.747 73.088 61.0 唇 0
73.088 73.429 61.0 齿 0
73.429 73.769 63.0 之 0
73.769 74.11 61.0 间 1
74.506 75.188 61.0 留 0
75.188 75.528 59.0 着 0
75.528 76.04 68.0 我 0
76.04 76.551 66.0 的 0
76.551 76.892 61.0 誓 0
76.892 77.232 61.0 言 1
77.389 77.73 63.0 你 0
77.73 78.071 64.0 的 0
78.071 78.412 66.0 一 0
78.412 78.752 66.0 切 0
78.752 79.093 68.0 移 0
79.093 79.775 66.0 动 1
79.918 80.599 59.0 左 0
80.599 80.94 61.0 右 0
80.94 81.281 63.0 我 0
81.281 81.622 63.0 的 0
81.622 81.962 64.0 视 0
81.962 82.644 63.0 线 1
82.953 83.294 56.0 你 0
83.294 83.634 59.0 是 0
83.634 83.975 61.0 我 0
83.975 84.316 61.0 的 0
84.316 84.657 63.0 诗 0
84.657 85.338 61.0 篇 1
85.602 85.943 61.0 读 0
85.943 86.284 61.0 你 0
86.284 86.625 63.0 千 0
86.625 88.329 66.0 遍 0
88.329 88.669 63.0 也 0
88.669 88.84 63.0 不 0
88.84 89.01 63.0 厌 0
89.01 89.351 61.0 - 0
89.351 91.055 61.0 倦 1
116.731 117.413 59.0 读 0
117.413 117.754 59.0 你 0
117.754 118.435 61.0 千 0
118.435 118.776 59.0 遍 0
118.776 119.117 61.0 也 0
119.117 119.628 63.0 不 0
119.628 119.799 61.0 - 0
119.799 120.139 61.0 厌 0
120.139 121.502 61.0 倦 1
122.07 122.411 61.0 读 0
122.411 122.752 56.0 你 0
122.752 123.092 59.0 的 0
123.092 123.774 61.0 感 0
123.774 124.456 61.0 觉 0
124.456 124.796 61.0 像 0
124.796 125.137 59.0 - 0
125.137 125.478 56.0 三 0
125.478 126.5 56.0 月 1
127.602 127.943 58.0 浪 0
127.943 128.283 58.0 漫 0
128.283 128.624 58.0 的 0
128.624 128.965 63.0 季 0
128.965 129.987 58.0 节 1
130.274 130.615 56.0 醉 0
130.615 130.956 56.0 人 0
130.956 131.296 56.0 的 0
131.296 131.637 61.0 诗 0
131.637 132.319 56.0 篇 1
132.667 133.689 63.0 唔 0
133.689 134.711 61.0 - 0
134.711 135.393 61.0 - 1
135.709 136.05 58.0 读 0
136.05 136.39 59.0 - 0
136.39 136.731 59.0 你 0
136.731 137.413 61.0 千 0
137.413 137.754 59.0 遍 0
137.754 138.094 61.0 也 0
138.094 138.606 63.0 不 0
138.606 138.776 61.0 - 0
138.776 139.117 61.0 厌 0
139.117 140.48 61.0 倦 1
141.229 141.57 61.0 读 0
141.57 141.911 56.0 你 0
141.911 142.252 59.0 的 0
142.252 142.933 61.0 感 0
142.933 143.615 61.0 觉 0
143.615 143.956 61.0 象 0
143.956 144.297 59.0 - 0
144.297 144.637 56.0 春 0
144.637 145.66 56.0 天 1
146.668 147.009 56.0 喜 0
147.009 147.35 58.0 悦 0
147.35 147.691 58.0 的 0
147.691 148.031 63.0 经 0
148.031 149.054 58.0 典 1
149.338 149.679 54.0 美 0
149.679 150.02 56.0 丽 0
150.02 150.361 56.0 的 0
150.361 150.702 61.0 句 0
150.702 151.383 56.0 点 1
151.773 153.477 61.0 唔 0
153.477 156.203 59.0 - 1
159.218 159.559 63.0 你 0
159.559 159.9 64.0 的 0
159.9 160.241 66.0 眉 0
160.241 160.582 66.0 目 0
160.582 160.922 68.0 之 0
160.922 161.604 66.0 间 1
161.636 162.318 59.0 锁 0
162.318 162.658 61.0 着 0
162.658 162.999 63.0 我 0
162.999 163.34 63.0 的 0
163.34 163.681 64.0 爱 0
163.681 164.362 63.0 怜 1
164.719 165.06 56.0 你 0
165.06 165.401 59.0 的 0
165.401 165.742 61.0 唇 0
165.742 166.082 61.0 齿 0
166.082 166.423 63.0 之 0
166.423 166.764 61.0 间 1
167.176 167.857 61.0 留 0
167.857 168.198 59.0 着 0
168.198 168.709 68.0 我 0
168.709 169.22 66.0 的 0
169.22 169.561 63.0 誓 0
169.561 169.902 61.0 言 1
170.16 170.501 63.0 你 0
170.501 170.841 64.0 的 0
170.841 171.182 66.0 一 0
171.182 171.523 66.0 切 0
171.523 171.864 68.0 移 0
171.864 172.545 66.0 动 1
172.602 173.284 59.0 左 0
173.284 173.625 61.0 右 0
173.625 173.966 63.0 我 0
173.966 174.306 63.0 的 0
174.306 174.647 64.0 视 0
174.647 175.329 63.0 线 1
175.54 175.88 56.0 你 0
175.88 176.221 59.0 是 0
176.221 176.562 61.0 我 0
176.562 176.903 61.0 的 0
176.903 177.244 63.0 诗 0
177.244 177.925 61.0 篇 1
178.264 178.605 61.0 读 0
178.605 178.945 59.0 你 0
178.945 179.286 63.0 千 0
179.286 180.99 66.0 遍 0
180.99 181.331 63.0 也 0
181.331 181.501 63.0 不 0
181.501 181.672 63.0 厌 0
181.672 182.013 61.0 - 0
182.013 183.717 61.0 倦 1
186.544 186.885 63.0 你 0
186.885 187.226 64.0 的 0
187.226 187.566 66.0 眉 0
187.566 187.907 66.0 目 0
187.907 188.248 68.0 之 0
188.248 188.929 66.0 间 1
189.007 189.689 59.0 锁 0
189.689 190.03 61.0 着 0
190.03 190.371 63.0 我 0
190.371 190.711 63.0 的 0
190.711 191.052 64.0 爱 0
191.052 191.734 63.0 怜 1
192.075 192.415 56.0 你 0
192.415 192.756 59.0 的 0
192.756 193.097 61.0 唇 0
193.097 193.438 61.0 齿 0
193.438 193.779 63.0 之 0
193.779 194.119 61.0 间 1
194.399 195.081 61.0 留 0
195.081 195.422 56.0 着 0
195.422 195.933 68.0 我 0
195.933 196.444 66.0 的 0
196.444 196.785 61.0 誓 0
196.785 197.126 61.0 言 1
197.387 197.728 63.0 你 0
197.728 198.069 64.0 的 0
198.069 198.41 66.0 一 0
198.41 198.75 66.0 切 0
198.75 199.091 68.0 移 0
199.091 199.773 66.0 动 1
199.801 200.482 59.0 左 0
200.482 200.823 61.0 右 0
200.823 201.164 63.0 我 0
201.164 201.505 63.0 的 0
201.505 201.846 64.0 视 0
201.846 202.527 63.0 线 1
202.96 203.301 56.0 你 0
203.301 203.642 59.0 是 0
203.642 203.982 61.0 我 0
203.982 204.323 61.0 的 0
204.323 204.664 63.0 诗 0
204.664 205.346 61.0 篇 1
205.648 206.074 61.0 读 0
206.074 206.245 59.0 - 0
206.245 206.415 61.0 你 0
206.415 206.841 63.0 千 0
206.841 208.375 66.0 遍 0
208.375 208.46 61.0 也 0
208.46 208.715 63.0 不 0
208.715 209.056 63.0 - 0
209.056 209.397 61.0 厌 0
209.397 211.101 61.0 倦 1
211.172 211.513 61.0 读 0
211.513 211.854 61.0 你 0
211.854 212.28 63.0 千 0
212.28 213.643 66.0 遍 0
213.643 213.898 68.0 - 1
213.898 214.239 63.0 也 0
214.239 214.41 66.0 不 0
214.41 214.58 61.0 厌 0
214.58 214.75 63.0 - 0
214.75 214.921 61.0 - 0
214.921 216.284 61.0 倦 1
216.522 216.863 61.0 读 0
216.863 217.203 59.0 你 0
217.203 217.629 63.0 千 0
217.629 219.248 66.0 遍 1
219.279 219.62 63.0 也 0
219.62 219.79 63.0 不 0
219.79 219.961 63.0 厌 0
219.961 220.301 61.0 - 0
220.301 221.324 61.0 倦 1
222.376 222.717 56.0 读 0
222.717 223.058 54.0 - 0
223.058 225.443 61.0 你 0
225.443 228.17 59.0 - 1
