11.475 11.699 61.0 这 0
11.699 11.923 60.0 是 0
11.923 12.37 61.0 一 0
12.37 12.818 60.0 首 0
12.818 13.266 60.0 简 0
13.266 13.714 60.0 - 0
13.714 14.162 56.0 单 0
14.162 14.609 53.0 的 0
14.609 15.281 56.0 小 0
15.505 16.288 60.0 情 0
16.288 17.856 61.0 歌 1
18.76 19.059 61.0 唱 0
19.059 19.32 60.0 着 0
19.32 19.73 61.0 我 0
19.73 19.954 60.0 们 0
19.954 20.402 61.0 心 0
20.402 20.626 60.0 - 0
20.626 20.85 60.0 头 0
20.85 21.223 61.0 的 0
21.447 21.894 65.0 曲 0
21.894 22.777 65.0 折 1
24.81 25.031 58.0 我 0
25.031 25.251 61.0 想 0
25.251 25.472 58.0 我 0
25.472 26.354 61.0 很 0
26.795 27.237 63.0 快 0
27.237 27.678 63.0 - 0
27.678 27.898 61.0 乐 0
27.898 28.34 63.0 - 1
28.34 28.56 56.0 当 0
28.56 28.781 60.0 有 0
28.781 29.001 56.0 你 0
29.001 29.884 60.0 的 0
29.884 30.104 61.0 温 0
30.104 30.325 63.0 - 0
30.325 30.545 61.0 - 0
30.545 31.648 61.0 热 1
32.394 32.614 63.0 脚 0
32.614 33.055 65.0 - 0
33.055 33.497 63.0 边 0
33.497 33.717 61.0 - 0
33.717 34.158 61.0 的 0
34.158 34.379 61.0 空 0
34.379 34.82 63.0 - 0
34.82 35.482 61.0 气 0
35.482 35.923 56.0 转 0
35.923 36.364 56.0 - 0
36.364 37.688 56.0 了 1
39.978 40.198 61.0 这 0
40.198 40.419 60.0 是 0
40.419 40.86 61.0 一 0
40.86 41.301 60.0 首 0
41.301 41.742 60.0 简 0
41.742 42.184 60.0 - 0
42.184 42.625 56.0 单 0
42.625 43.066 53.0 的 0
43.066 43.721 56.0 小 0
43.939 44.158 58.0 情 0
44.158 44.594 60.0 - 0
44.594 46.232 61.0 歌 1
47.036 47.254 61.0 唱 0
47.254 47.471 60.0 着 0
47.471 47.906 61.0 我 0
47.906 48.123 60.0 们 0
48.123 48.558 61.0 心 0
48.558 48.848 60.0 - 0
48.848 49.065 60.0 头 0
49.065 49.427 61.0 的 0
49.645 49.935 65.0 白 0
49.935 52.688 68.0 鸽 1
52.801 53.018 65.0 我 0
53.018 53.235 66.0 想 0
53.235 53.453 65.0 我 0
53.453 54.757 66.0 很 0
54.757 55.192 68.0 适 0
55.192 55.627 65.0 合 0
55.627 56.062 63.0 - 1
56.212 56.429 65.0 当 0
56.429 56.647 65.0 一 0
56.647 56.864 63.0 个 0
56.864 57.734 65.0 歌 0
57.734 57.951 61.0 颂 0
57.951 58.168 63.0 - 0
58.168 58.386 61.0 - 0
58.386 59.908 61.0 者 1
60.52 60.738 63.0 青 0
60.738 61.173 65.0 - 0
61.173 61.825 63.0 春 0
61.825 62.26 65.0 在 0
62.26 62.477 65.0 风 0
62.477 62.694 66.0 - 0
62.694 62.912 65.0 - 0
62.912 63.346 65.0 中 0
63.346 63.564 61.0 - 0
63.564 63.999 61.0 飘 0
63.999 66.646 63.0 着 1
66.78 67.001 56.0 你 0
67.001 67.221 58.0 知 0
67.221 67.893 61.0 道 1
67.902 68.352 65.0 就 0
68.352 68.802 65.0 算 0
68.802 69.028 63.0 大 0
69.028 69.253 61.0 雨 0
69.253 69.478 65.0 让 0
69.478 69.703 63.0 这 0
69.703 69.929 61.0 座 0
69.929 70.379 65.0 城 0
70.379 70.604 63.0 市 0
70.604 70.829 61.0 颠 0
70.829 71.393 61.0 倒 1
71.436 71.661 61.0 我 0
71.661 71.887 58.0 会 0
71.887 72.112 61.0 给 0
72.112 72.337 63.0 你 0
72.337 72.562 65.0 怀 0
72.562 73.688 65.0 抱 1
73.91 74.135 56.0 受 0
74.135 74.36 58.0 不 0
74.36 74.923 61.0 了 1
75.064 75.289 61.0 看 0
75.289 75.514 58.0 见 0
75.514 75.739 61.0 你 0
75.739 75.965 63.0 背 0
75.965 76.19 65.0 影 0
76.19 76.415 63.0 来 0
76.415 76.64 65.0 - 0
76.64 76.866 56.0 - 0
76.866 77.429 56.0 到 1
77.563 77.788 56.0 写 0
77.788 78.014 58.0 下 0
78.014 78.571 61.0 我 1
78.779 79.001 61.0 度 0
79.001 79.222 58.0 秒 0
79.222 79.444 61.0 如 0
79.444 79.665 63.0 年 0
79.665 79.887 65.0 难 0
79.887 80.108 63.0 捱 0
80.108 80.33 65.0 - 0
80.33 80.552 63.0 - 0
80.552 80.995 61.0 的 0
80.995 81.438 61.0 离 0
81.438 81.881 63.0 骚 1
82.319 82.77 65.0 就 0
82.77 83.221 65.0 算 0
83.221 83.447 63.0 整 0
83.447 83.672 61.0 个 0
83.672 83.898 63.0 世 0
83.898 84.124 63.0 界 0
84.124 84.349 61.0 被 0
84.349 84.8 65.0 寂 0
84.8 85.026 63.0 寞 0
85.026 85.251 61.0 绑 0
85.251 85.815 61.0 票 1
85.823 86.049 61.0 我 0
86.049 86.274 58.0 也 0
86.274 86.5 61.0 不 0
86.5 86.725 63.0 会 0
86.725 86.951 65.0 奔 0
86.951 87.515 65.0 跑 0
87.515 88.304 68.0 - 1
88.306 88.532 63.0 逃 0
88.532 88.757 63.0 不 0
88.757 89.321 61.0 了 1
89.568 89.794 61.0 最 0
89.794 90.019 58.0 后 0
90.019 90.245 61.0 谁 0
90.245 90.47 63.0 也 0
90.47 90.696 65.0 都 0
90.696 90.921 63.0 苍 0
90.921 91.26 65.0 - 0
91.26 91.937 56.0 老 1
92.012 92.238 56.0 写 0
92.238 92.463 58.0 下 0
92.463 93.027 61.0 我 1
93.062 93.288 61.0 时 0
93.288 93.513 58.0 间 0
93.513 93.739 61.0 和 0
93.739 93.964 63.0 琴 0
93.964 94.19 65.0 声 0
94.19 94.641 63.0 交 0
94.641 97.122 68.0 错 1
98.921 99.259 61.0 的 0
99.259 99.823 63.0 城 0
99.823 100.274 61.0 - 0
100.274 103.207 61.0 堡 0
103.207 107.943 68.0 - 1
