20.231 20.531 57.0 就 0
20.531 20.831 60.0 像 0
20.831 21.131 62.0 星 0
21.131 21.431 60.0 星 0
21.431 21.731 60.0 落 0
21.731 22.031 57.0 在 0
22.031 22.331 57.0 地 0
22.331 22.931 60.0 面 1
22.983 23.583 62.0 七 0
23.583 23.883 60.0 彩 0
23.883 24.183 60.0 闪 0
24.183 24.483 57.0 烁 0
24.483 24.783 57.0 时 0
24.783 25.383 60.0 间 1
25.412 25.712 53.0 游 0
25.712 26.012 65.0 乐 0
26.012 26.312 65.0 园 0
26.312 26.612 64.0 夜 0
26.612 26.912 65.0 色 0
26.912 27.212 64.0 像 0
27.212 27.812 57.0 卡 0
27.812 28.412 60.0 片 0
28.412 29.012 62.0 - 1
29.915 30.215 57.0 旋 0
30.215 30.515 60.0 转 0
30.515 30.815 62.0 木 0
30.815 31.115 60.0 马 0
31.115 31.415 60.0 带 0
31.415 31.565 57.0 我 0
31.565 31.715 57.0 们 0
31.715 32.015 57.0 在 0
32.015 32.615 60.0 飞 1
32.65 33.25 62.0 我 0
33.25 33.55 60.0 的 0
33.55 33.85 60.0 手 0
33.85 34.15 57.0 让 0
34.15 34.45 57.0 你 0
34.45 35.05 60.0 牵 1
35.061 35.211 55.0 爱 0
35.211 35.361 55.0 情 0
35.361 35.661 60.0 原 0
35.661 35.961 65.0 来 0
35.961 36.261 65.0 是 0
36.261 36.561 65.0 最 0
36.561 36.861 65.0 香 0
36.861 37.161 60.0 浓 0
37.161 37.461 60.0 咖 0
37.461 38.061 60.0 啡 0
38.061 38.961 62.0 杯 1
38.964 39.264 60.0 摩 0
39.264 39.564 62.0 天 0
39.564 39.864 65.0 轮 0
39.864 40.164 67.0 里 0
40.164 40.464 65.0 - 0
40.464 41.064 65.0 面 0
41.064 41.664 60.0 独 0
41.664 41.964 62.0 处 0
41.964 42.264 65.0 的 0
42.264 42.564 67.0 时 0
42.564 42.864 64.0 - 0
42.864 43.464 64.0 间 1
43.467 44.067 60.0 我 0
44.067 44.367 62.0 心 0
44.367 44.667 65.0 情 0
44.667 45.267 67.0 游 0
45.267 45.867 69.0 客 0
45.867 46.167 67.0 谁 0
46.167 46.467 65.0 - 0
46.467 47.067 65.0 都 0
47.067 47.667 62.0 了 0
47.667 48.567 65.0 解 1
48.569 48.869 57.0 背 0
48.869 49.169 60.0 包 0
49.169 49.469 60.0 的 0
49.469 49.769 62.0 左 0
49.769 50.069 60.0 - 0
50.069 50.669 60.0 边 0
50.669 51.269 57.0 票 0
51.269 51.569 60.0 根 0
51.569 51.869 60.0 的 0
51.869 52.169 62.0 背 0
52.169 52.469 60.0 - 0
52.469 53.069 60.0 面 1
53.07 53.37 57.0 我 0
53.37 53.67 57.0 趁 0
53.67 53.97 60.0 你 0
53.97 54.27 60.0 不 0
54.27 54.87 62.0 注 0
54.87 55.17 65.0 意 0
55.17 55.47 65.0 偷 0
55.47 55.77 65.0 偷 0
55.77 56.07 67.0 写 0
56.07 56.37 65.0 下 0
56.37 56.67 69.0 心 0
56.67 57.27 67.0 愿 0
57.27 58.17 65.0 - 1
58.603 58.903 65.0 祈 0
58.903 59.203 67.0 祷 0
59.203 59.278 67.0 今 0
59.278 59.503 69.0 夜 0
59.503 59.803 69.0 - 0
59.803 60.103 69.0 天 0
60.103 60.403 69.0 空 0
60.403 60.703 69.0 星 0
60.703 61.003 67.0 星 0
61.003 61.303 65.0 不 0
61.303 61.603 65.0 熄 0
61.603 61.903 67.0 - 0
61.903 62.803 67.0 灭 1
63.101 63.401 60.0 在 0
63.401 63.701 65.0 心 0
63.701 64.001 67.0 里 0
64.001 64.301 69.0 约 0
64.301 64.601 69.0 定 0
64.601 64.901 69.0 陪 0
64.901 65.201 67.0 你 0
65.201 65.501 69.0 到 0
65.501 66.101 72.0 永 0
66.101 66.701 65.0 远 0
66.701 67.601 64.0 - 1
68.058 68.658 65.0 抬 0
68.658 68.958 64.0 头 0
68.958 69.558 62.0 看 0
69.558 69.858 70.0 一 0
69.858 70.758 70.0 遍 0
71.058 71.358 67.0 星 0
71.358 71.958 69.0 星 0
71.958 72.258 69.0 眨 0
72.258 73.158 65.0 眼 1
73.168 73.468 62.0 现 0
73.468 73.768 65.0 在 0
73.768 74.368 70.0 你 0
74.368 74.968 69.0 就 0
74.968 75.268 67.0 在 0
75.268 75.568 65.0 我 0
75.568 75.868 65.0 身 0
75.868 77.368 67.0 边 1
77.532 77.832 60.0 我 0
77.832 78.132 65.0 祈 0
78.132 78.432 67.0 祷 0
78.432 78.732 69.0 就 0
78.732 79.032 69.0 让 0
79.032 79.332 69.0 地 0
79.332 79.632 69.0 球 0
79.632 79.932 69.0 停 0
79.932 80.232 67.0 在 0
80.232 80.532 65.0 这 0
80.532 81.132 67.0 瞬 0
81.132 82.032 67.0 间 1
82.441 82.741 60.0 不 0
82.741 83.041 65.0 聊 0
83.041 83.341 67.0 天 0
83.341 83.641 69.0 静 0
83.641 83.941 69.0 静 0
83.941 84.241 69.0 散 0
84.241 84.541 67.0 步 0
84.541 84.841 69.0 也 0
84.841 85.441 72.0 很 0
85.441 86.041 65.0 美 0
86.041 86.941 64.0 - 1
87.199 87.799 65.0 抬 0
87.799 88.099 64.0 头 0
88.099 88.699 62.0 看 0
88.699 88.999 70.0 一 0
88.999 89.899 70.0 遍 0
90.199 90.499 67.0 你 0
90.499 91.099 69.0 的 0
91.099 91.399 69.0 侧 0
91.399 92.299 65.0 脸 1
92.301 92.601 62.0 想 0
92.601 92.901 65.0 到 0
92.901 93.501 70.0 微 0
93.501 94.101 69.0 笑 0
94.101 94.401 67.0 挂 0
94.401 94.701 65.0 你 0
94.701 95.001 65.0 唇 0
95.001 96.501 67.0 边 1
97.128 104.328 69.0 la 0
104.328 110.928 69.0 - 0
110.928 115.728 65.0 - 1
121.122 121.422 57.0 就 0
121.422 121.722 60.0 像 0
121.722 122.022 62.0 城 0
122.022 122.322 60.0 堡 0
122.322 122.622 60.0 前 0
122.622 122.922 57.0 的 0
122.922 123.222 57.0 花 0
123.222 123.822 60.0 园 1
123.852 124.452 62.0 爱 0
124.452 124.752 60.0 这 0
124.752 125.052 60.0 幸 0
125.052 125.352 57.0 福 0
125.352 125.652 57.0 感 0
125.652 126.252 60.0 觉 1
126.256 126.556 53.0 能 0
126.556 126.856 65.0 不 0
126.856 127.156 65.0 能 0
127.156 127.456 64.0 这 0
127.456 127.756 65.0 样 0
127.756 128.056 64.0 都 0
128.056 128.356 57.0 不 0
128.356 129.256 60.0 变 0
129.256 129.856 62.0 - 1
130.694 130.994 57.0 拍 0
130.994 131.294 60.0 张 0
131.294 131.594 62.0 我 0
131.594 131.894 60.0 们 0
131.894 132.194 60.0 合 0
132.194 132.344 60.0 照 0
132.344 132.494 57.0 的 0
132.494 132.794 57.0 相 0
132.794 133.394 60.0 片 1
133.457 134.057 62.0 也 0
134.057 134.357 60.0 或 0
134.357 134.657 60.0 停 0
134.657 134.957 57.0 在 0
134.957 135.257 57.0 天 0
135.257 135.857 60.0 边 1
135.857 136.007 57.0 你 0
136.007 136.157 57.0 的 0
136.157 136.457 62.0 好 0
136.457 136.757 65.0 运 0
136.757 137.057 65.0 停 0
137.057 137.357 65.0 在 0
137.357 137.657 65.0 我 0
137.657 137.957 60.0 的 0
137.957 138.257 60.0 心 0
138.257 138.857 60.0 里 0
138.857 139.757 62.0 面 1
139.768 140.068 60.0 爆 0
140.068 140.368 62.0 米 0
140.368 140.668 65.0 花 0
140.668 140.968 67.0 香 0
140.968 141.268 65.0 - 0
141.268 141.868 65.0 味 0
141.868 142.468 60.0 带 0
142.468 142.768 62.0 著 0
142.768 143.068 65.0 一 0
143.068 143.368 67.0 种 0
143.368 143.668 64.0 - 0
143.668 144.268 64.0 甜 1
144.27 144.87 60.0 喜 0
144.87 145.17 62.0 欢 0
145.17 145.47 65.0 你 0
145.47 146.07 67.0 开 0
146.07 146.67 69.0 心 0
146.67 146.97 67.0 大 0
146.97 147.27 65.0 - 0
147.27 147.87 65.0 笑 0
147.87 148.47 62.0 的 0
148.47 149.37 65.0 脸 1
149.37 149.67 58.0 背 0
149.67 149.97 60.0 包 0
149.97 150.27 60.0 的 0
150.27 150.57 62.0 左 0
150.57 150.87 60.0 - 0
150.87 151.47 60.0 边 0
151.47 152.07 57.0 票 0
152.07 152.37 60.0 根 0
152.37 152.67 60.0 的 0
152.67 152.97 62.0 背 0
152.97 153.264 60.0 - 0
153.27 153.87 60.0 面 1
153.87 154.17 57.0 我 0
154.17 154.47 57.0 趁 0
154.47 154.77 60.0 你 0
154.77 155.07 60.0 不 0
155.07 155.67 62.0 注 0
155.67 155.97 65.0 意 0
155.97 156.27 65.0 偷 0
156.27 156.57 65.0 偷 0
156.57 156.87 67.0 写 0
156.87 157.17 65.0 下 0
157.17 157.47 69.0 心 0
157.47 158.07 67.0 愿 0
158.07 158.97 65.0 - 1
159.372 159.672 65.0 祈 0
159.672 159.972 67.0 祷 0
159.972 160.272 69.0 今 0
160.272 160.572 69.0 夜 0
160.572 160.872 69.0 天 0
160.872 161.172 69.0 空 0
161.172 161.472 69.0 星 0
161.472 161.772 67.0 星 0
161.772 162.072 65.0 不 0
162.072 162.672 67.0 熄 0
162.672 163.572 67.0 灭 1
163.925 164.225 60.0 在 0
164.225 164.525 65.0 心 0
164.525 164.825 67.0 里 0
164.825 165.125 69.0 约 0
165.125 165.425 69.0 定 0
165.425 165.725 69.0 陪 0
165.725 166.025 67.0 你 0
166.025 166.325 69.0 到 0
166.325 166.925 72.0 永 0
166.925 167.525 65.0 远 0
167.525 168.425 64.0 - 1
168.787 169.387 65.0 抬 0
169.387 169.687 64.0 头 0
169.687 170.287 62.0 看 0
170.287 170.587 70.0 一 0
170.587 171.487 70.0 遍 0
171.787 172.087 67.0 星 0
172.087 172.687 69.0 星 0
172.687 172.987 69.0 眨 0
172.987 173.887 65.0 眼 1
173.949 174.249 62.0 现 0
174.249 174.549 65.0 在 0
174.549 175.149 70.0 你 0
175.149 175.749 69.0 就 0
175.749 176.049 67.0 在 0
176.049 176.349 65.0 我 0
176.349 176.649 65.0 身 0
176.649 178.149 67.0 边 1
178.315 178.615 60.0 我 0
178.615 178.915 65.0 祈 0
178.915 179.215 67.0 祷 0
179.215 179.515 69.0 就 0
179.515 179.815 69.0 让 0
179.815 180.115 69.0 地 0
180.115 180.415 69.0 球 0
180.415 180.715 69.0 停 0
180.715 181.015 67.0 在 0
181.015 181.315 65.0 这 0
181.315 181.915 67.0 瞬 0
181.915 182.815 67.0 间 1
183.131 183.431 60.0 不 0
183.431 183.731 65.0 聊 0
183.731 184.031 67.0 天 0
184.031 184.331 69.0 静 0
184.331 184.631 69.0 静 0
184.631 184.931 69.0 散 0
184.931 185.231 67.0 步 0
185.231 185.531 69.0 也 0
185.531 186.131 72.0 很 0
186.131 186.731 65.0 美 0
186.731 187.631 64.0 - 1
187.886 188.486 65.0 抬 0
188.486 188.786 64.0 头 0
188.786 189.386 62.0 看 0
189.386 189.686 70.0 一 0
189.686 190.586 70.0 遍 0
190.886 191.186 67.0 你 0
191.186 191.786 69.0 的 0
191.786 192.086 69.0 侧 0
192.086 192.986 65.0 脸 1
193.131 193.431 62.0 想 0
193.431 193.731 65.0 到 0
193.731 194.331 70.0 微 0
194.331 194.931 69.0 笑 0
194.931 195.231 67.0 挂 0
195.231 195.531 65.0 你 0
195.531 195.831 65.0 唇 0
195.831 197.331 67.0 边 1
197.528 197.828 60.0 我 0
197.828 198.128 65.0 祈 0
198.128 198.428 67.0 祷 0
198.428 198.728 69.0 今 0
198.728 199.028 69.0 夜 0
199.028 199.328 69.0 天 0
199.328 199.628 69.0 空 0
199.628 199.928 69.0 星 0
199.928 200.228 67.0 星 0
200.228 200.528 65.0 不 0
200.528 201.128 67.0 熄 0
201.128 202.028 67.0 灭 1
202.455 202.755 60.0 在 0
202.755 203.055 65.0 心 0
203.055 203.355 67.0 里 0
203.355 203.655 69.0 约 0
203.655 203.955 69.0 定 0
203.955 204.255 69.0 陪 0
204.255 204.555 67.0 你 0
204.555 204.855 69.0 到 0
204.855 205.455 72.0 永 0
205.455 206.055 65.0 远 0
206.055 206.955 64.0 - 1
207.179 207.779 65.0 抬 0
207.779 208.079 64.0 头 0
208.079 208.679 62.0 看 0
208.679 208.979 70.0 一 0
208.979 209.879 70.0 遍 0
210.179 210.479 67.0 星 0
210.479 211.079 69.0 星 0
211.079 211.379 69.0 眨 0
211.379 212.279 65.0 眼 1
212.285 212.585 62.0 现 0
212.585 212.885 65.0 在 0
212.885 213.485 70.0 你 0
213.485 214.085 69.0 就 0
214.085 214.385 67.0 在 0
214.385 214.685 65.0 我 0
214.685 214.985 65.0 身 0
214.985 216.485 67.0 边 1
216.987 223.887 69.0 la 0
224.187 231.987 69.0 - 0
231.987 235.587 65.0 - 1
