57.107 57.649 55.0 一 0
57.651 57.89 55.0 年 0
57.892 58.132 53.0 有 0
58.134 58.373 55.0 三 0
58.375 58.615 55.0 百 0
58.617 58.856 55.0 六 0
58.858 59.097 53.0 十 0
59.099 59.46 55.0 五 0
59.462 59.58 58.0 个 0
59.582 60.063 60.0 日 0
60.065 61.029 58.0 出 1
61.166 61.647 46.0 我 0
61.649 61.888 58.0 送 0
61.89 62.129 55.0 你 0
62.131 62.371 53.0 三 0
62.373 62.612 53.0 百 0
62.614 62.854 53.0 六 0
62.856 63.095 51.0 十 0
63.097 63.457 48.0 五 0
63.459 63.578 51.0 个 0
63.58 64.061 53.0 祝 0
64.063 64.906 53.0 福 1
65.068 65.308 55.0 时 0
65.31 65.549 55.0 钟 0
65.551 65.791 55.0 每 0
65.793 66.032 58.0 天 0
66.034 66.273 58.0 转 0
66.275 66.515 60.0 了 1
66.518 66.757 60.0 一 0
66.759 66.999 58.0 千 0
67.001 67.361 60.0 四 0
67.363 67.481 63.0 百 0
67.483 67.723 60.0 四 0
67.725 67.964 58.0 十 0
67.966 68.809 60.0 圈 1
68.848 69.208 53.0 我 0
69.21 69.329 55.0 的 0
69.331 69.812 55.0 心 0
69.814 70.053 53.0 每 0
70.055 70.174 53.0 天 0
70.176 70.294 55.0 都 0
70.296 70.536 53.0 藏 0
70.538 70.777 51.0 着 1
70.789 71.029 48.0 一 0
71.031 71.27 51.0 千 0
71.272 71.511 53.0 四 0
71.513 71.753 55.0 百 0
71.755 71.994 58.0 四 0
71.996 72.236 55.0 十 0
72.238 72.718 60.0 多 0
72.72 73.684 60.0 个 0
74.169 74.65 55.0 思 0
74.652 77.547 58.0 念 1
80.455 80.694 53.0 每 0
80.696 80.935 53.0 一 0
80.937 81.418 53.0 天 0
81.42 81.66 53.0 都 0
81.662 81.901 53.0 要 0
81.903 82.142 53.0 祝 0
82.144 82.384 51.0 你 0
82.386 82.625 58.0 快 0
82.627 83.108 58.0 快 0
83.11 83.349 55.0 乐 0
83.351 84.074 55.0 乐 1
84.299 84.539 53.0 每 0
84.541 84.78 53.0 一 0
84.782 85.021 53.0 分 0
85.023 85.263 51.0 钟 0
85.265 85.504 55.0 都 0
85.506 85.746 55.0 盼 0
85.748 85.987 55.0 望 0
85.989 86.228 58.0 你 0
86.23 86.47 60.0 平 0
86.472 86.953 60.0 平 0
86.955 87.194 53.0 安 0
87.196 88.039 58.0 安 1
88.184 88.664 55.0 吉 0
88.666 89.027 55.0 祥 0
89.029 89.147 58.0 的 0
89.149 89.63 60.0 光 0
89.874 89.992 60.0 永 0
89.994 90.113 60.0 远 0
90.115 90.596 60.0 环 0
90.598 90.837 60.0 绕 0
90.839 91.079 55.0 着 0
91.081 92.044 58.0 你 1
92.075 92.315 46.0 像 0
92.317 92.556 48.0 那 0
92.558 92.797 58.0 旭 0
92.799 93.039 55.0 日 0
93.041 93.522 60.0 东 0
93.524 94.005 60.0 升 0
94.007 94.246 46.0 灿 0
94.248 94.729 58.0 烂 0
94.731 94.97 53.0 无 0
94.972 95.936 51.0 比 1
103.438 103.979 55.0 一 0
103.981 104.22 55.0 年 0
104.222 104.462 53.0 有 0
104.464 104.703 55.0 三 0
104.705 104.944 55.0 百 0
104.946 105.186 55.0 六 0
105.188 105.427 53.0 十 0
105.429 105.789 55.0 五 0
105.791 105.91 58.0 个 0
105.912 106.393 55.0 日 0
106.395 107.358 58.0 出 1
107.412 107.893 46.0 我 0
107.895 108.135 58.0 送 0
108.137 108.376 55.0 你 0
108.378 108.618 53.0 三 0
108.62 108.859 55.0 百 0
108.861 109.1 53.0 六 0
109.102 109.342 51.0 十 0
109.344 109.704 48.0 五 0
109.706 109.825 51.0 个 0
109.827 110.307 53.0 祝 0
110.309 111.152 53.0 福 1
111.313 111.552 55.0 时 0
111.554 111.794 55.0 钟 0
111.796 112.035 55.0 每 0
112.037 112.277 58.0 天 0
112.279 112.518 60.0 转 0
112.52 112.759 60.0 了 1
112.798 113.037 60.0 一 0
113.039 113.278 58.0 千 0
113.28 113.64 60.0 四 0
113.642 113.761 63.0 百 0
113.763 114.003 60.0 四 0
114.005 114.244 58.0 十 0
114.246 115.089 60.0 圈 1
115.151 115.511 53.0 我 0
115.513 115.631 55.0 的 0
115.633 116.114 58.0 心 0
116.116 116.356 53.0 每 0
116.358 116.476 53.0 天 0
116.478 116.597 55.0 都 0
116.599 116.838 53.0 藏 0
116.84 117.08 51.0 着 1
117.111 117.35 48.0 一 0
117.352 117.592 51.0 千 0
117.594 117.833 53.0 四 0
117.835 118.075 55.0 百 0
118.077 118.316 58.0 四 0
118.318 118.557 55.0 十 0
118.559 119.04 60.0 多 0
119.042 120.006 60.0 个 0
120.491 120.971 60.0 思 0
120.973 123.868 58.0 念 1
126.757 126.997 53.0 每 0
126.999 127.238 53.0 一 0
127.24 127.721 53.0 天 0
127.723 127.962 53.0 都 0
127.964 128.204 53.0 要 0
128.206 128.445 53.0 祝 0
128.447 128.687 51.0 你 0
128.689 128.928 58.0 快 0
128.93 129.411 58.0 快 0
129.413 129.652 53.0 乐 0
129.654 130.376 55.0 乐 1
130.533 130.772 53.0 每 0
130.774 131.014 53.0 一 0
131.016 131.255 53.0 分 0
131.257 131.496 51.0 钟 0
131.498 131.738 55.0 都 0
131.74 131.979 55.0 盼 0
131.981 132.221 55.0 望 0
132.223 132.462 58.0 你 0
132.464 132.704 60.0 平 0
132.706 133.186 60.0 平 0
133.188 133.428 55.0 安 0
133.43 134.273 58.0 安 1
134.473 134.954 55.0 岁 0
134.956 135.316 55.0 月 0
135.318 135.437 58.0 像 0
135.439 135.678 60.0 泉 0
135.68 136.282 60.0 水 0
136.405 136.885 58.0 悄 0
136.888 137.248 60.0 悄 0
137.25 137.368 55.0 的 0
137.37 138.334 58.0 流 1
138.449 138.688 46.0 友 0
138.69 138.93 48.0 谊 0
138.932 139.171 58.0 像 0
139.173 139.413 55.0 那 0
139.415 139.895 58.0 星 0
139.897 140.378 58.0 辰 0
140.38 140.62 46.0 永 0
140.622 141.102 58.0 久 0
141.104 141.344 55.0 永 0
141.346 142.31 51.0 久 1
157.524 158.066 55.0 一 0
158.068 158.307 55.0 年 0
158.309 158.548 53.0 有 0
158.55 158.79 55.0 三 0
158.792 159.031 55.0 百 0
159.033 159.273 55.0 六 0
159.275 159.514 53.0 十 0
159.516 159.876 55.0 五 0
159.878 159.997 58.0 个 0
159.999 160.48 55.0 日 0
160.482 161.445 58.0 出 1
161.553 162.034 46.0 我 0
162.036 162.276 58.0 送 0
162.278 162.517 55.0 你 0
162.519 162.758 53.0 三 0
162.76 163.0 53.0 百 0
163.002 163.241 53.0 六 0
163.243 163.483 51.0 十 0
163.485 163.845 48.0 五 0
163.847 163.965 51.0 个 0
163.967 164.448 53.0 祝 0
164.45 165.293 53.0 福 1
165.383 165.622 55.0 时 0
165.624 165.864 55.0 钟 0
165.866 166.105 55.0 每 0
166.107 166.347 58.0 天 0
166.349 166.588 60.0 转 0
166.59 166.829 60.0 了 1
166.888 167.128 60.0 一 0
167.13 167.369 58.0 千 0
167.371 167.731 60.0 四 0
167.733 167.852 63.0 百 0
167.854 168.093 60.0 四 0
168.095 168.335 58.0 十 0
168.337 169.18 60.0 圈 1
169.247 169.608 53.0 我 0
169.61 169.728 55.0 的 0
169.73 170.211 58.0 心 0
170.213 170.452 53.0 每 0
170.454 170.573 53.0 天 0
170.575 170.694 55.0 都 0
170.696 170.935 53.0 藏 0
170.937 171.177 51.0 着 1
171.247 171.486 48.0 一 0
171.488 171.728 51.0 千 0
171.73 171.969 53.0 四 0
171.971 172.21 55.0 百 0
172.212 172.452 58.0 四 0
172.454 172.693 55.0 十 0
172.695 173.176 60.0 多 0
173.178 174.142 60.0 个 0
174.626 175.107 60.0 思 0
175.109 178.004 58.0 念 1
180.885 181.125 53.0 每 0
181.127 181.366 53.0 一 0
181.368 181.849 51.0 天 0
181.851 182.09 53.0 都 0
182.092 182.332 53.0 要 0
182.334 182.573 53.0 祝 0
182.575 182.814 51.0 你 0
182.816 183.056 58.0 快 0
183.058 183.539 58.0 快 0
183.541 183.78 53.0 乐 0
183.782 184.504 55.0 乐 1
184.8 185.039 53.0 每 0
185.041 185.28 53.0 一 0
185.283 185.522 53.0 分 0
185.524 185.763 51.0 钟 0
185.765 186.005 55.0 都 0
186.007 186.246 55.0 盼 0
186.248 186.488 55.0 望 0
186.49 186.729 58.0 你 0
186.731 186.97 60.0 平 0
186.972 187.453 60.0 平 0
187.455 187.695 55.0 安 0
187.697 188.54 58.0 安 1
188.63 189.111 55.0 吉 0
189.113 189.473 55.0 祥 0
189.475 189.594 58.0 的 0
189.596 190.077 60.0 光 0
190.32 190.439 60.0 永 0
190.441 190.56 60.0 远 0
190.562 191.042 58.0 环 0
191.044 191.404 60.0 绕 0
191.406 191.525 55.0 着 0
191.527 192.491 58.0 你 1
192.51 192.749 46.0 像 0
192.751 192.991 48.0 那 0
192.993 193.232 58.0 旭 0
193.234 193.473 55.0 日 0
193.475 193.956 58.0 东 0
193.958 194.439 60.0 升 0
194.441 194.68 46.0 灿 0
194.682 195.163 58.0 烂 0
195.165 195.405 55.0 无 0
195.407 196.37 51.0 比 1
196.371 196.611 54.0 每 0
196.613 196.852 54.0 一 0
196.854 197.335 54.0 天 0
197.337 197.576 54.0 都 0
197.578 197.818 54.0 要 0
197.82 198.059 54.0 祝 0
198.061 198.301 52.0 你 0
198.303 198.542 59.0 快 0
198.544 199.025 59.0 快 0
199.027 199.266 56.0 乐 0
199.268 199.991 56.0 乐 1
200.084 200.323 54.0 每 0
200.325 200.565 54.0 一 0
200.567 200.806 54.0 分 0
200.808 201.048 52.0 钟 0
201.05 201.289 56.0 都 0
201.291 201.53 56.0 盼 0
201.532 201.772 56.0 望 0
201.774 202.013 59.0 你 0
202.015 202.255 61.0 平 0
202.257 202.737 61.0 平 0
202.739 202.979 56.0 安 0
202.981 203.824 59.0 安 1
204.086 204.567 56.0 岁 0
204.569 204.929 56.0 月 0
204.931 205.05 59.0 像 0
205.052 205.292 61.0 泉 0
205.294 205.895 61.0 水 0
206.018 206.499 61.0 悄 0
206.501 206.74 61.0 悄 0
206.742 206.981 56.0 的 0
206.983 207.947 59.0 流 1
207.984 208.223 47.0 友 0
208.225 208.465 49.0 谊 0
208.467 208.706 59.0 像 0
208.708 208.948 56.0 那 0
208.95 209.43 59.0 星 0
209.433 209.913 61.0 辰 0
209.915 210.155 47.0 永 0
210.157 210.638 59.0 久 0
210.64 210.879 54.0 永 0
210.881 211.845 52.0 久 1
211.847 212.086 47.0 友 0
212.088 212.327 49.0 谊 0
212.329 212.569 59.0 像 0
212.571 212.81 56.0 那 0
212.812 213.293 59.0 星 0
213.295 213.776 61.0 辰 0
213.778 214.017 47.0 永 0
214.019 216.552 59.0 久 0
217.158 217.638 64.0 永 0
217.64 222.467 64.0 久 1
