14.146 14.571 53.0 我 0
14.575 15.0 55.0 曾 0
15.004 15.429 58.0 知 0
15.432 17.119 55.0 道 0
18.601 18.703 46.0 你 0
18.812 19.02 46.0 的 0
19.024 20.499 50.0 好 1
20.981 21.4 53.0 我 0
21.404 21.823 55.0 曾 0
21.826 22.245 58.0 知 0
22.249 23.935 55.0 道 0
25.206 25.414 58.0 你 0
25.418 25.625 60.0 有 0
25.629 26.048 57.0 多 0
26.051 26.259 53.0 重 0
26.263 28.055 53.0 要 1
28.242 28.45 55.0 我 0
28.454 28.661 58.0 曾 0
28.665 28.873 60.0 经 0
28.876 29.19 62.0 知 0
29.299 29.506 62.0 道 0
29.51 29.929 62.0 不 0
29.933 30.246 60.0 睡 0
30.355 31.514 60.0 觉 1
31.81 32.018 58.0 对 0
32.021 32.229 60.0 我 0
32.232 32.651 62.0 身 0
32.655 33.074 60.0 体 0
33.078 33.497 58.0 不 0
33.5 34.553 55.0 好 1
35.281 35.7 58.0 你 0
35.704 36.123 61.0 是 0
36.126 36.545 60.0 我 0
36.549 36.757 58.0 的 0
36.971 38.235 49.0 安 0
38.239 38.552 51.0 眠 0
38.661 40.454 53.0 药 1
41.166 41.585 53.0 我 0
41.588 42.007 55.0 常 0
42.011 42.43 55.0 自 0
42.433 44.12 55.0 暴 0
45.602 45.704 46.0 不 0
45.814 46.021 46.0 环 0
46.025 47.5 50.0 保 1
47.876 48.295 53.0 是 0
48.299 48.718 55.0 为 0
48.721 49.14 55.0 你 0
49.144 50.83 55.0 好 0
51.89 52.098 58.0 始 0
52.102 52.521 60.0 终 0
52.524 52.943 57.0 改 0
52.947 53.154 53.0 不 0
53.158 54.95 53.0 掉 1
55.448 55.655 55.0 宝 0
55.659 55.867 58.0 宝 0
55.87 56.078 60.0 的 0
56.081 56.395 62.0 哭 0
56.504 56.712 62.0 声 0
56.715 57.134 62.0 听 0
57.138 57.557 60.0 不 0
57.56 58.507 60.0 到 1
58.996 59.204 58.0 我 0
59.207 59.415 60.0 的 0
59.419 59.838 62.0 音 0
59.841 60.26 60.0 响 0
60.264 60.683 58.0 太 0
60.686 61.739 55.0 吵 1
62.386 62.805 58.0 你 0
62.809 63.228 61.0 走 0
63.232 63.651 60.0 了 0
63.654 63.862 58.0 也 0
64.077 65.341 49.0 管 0
65.344 65.658 51.0 不 0
65.767 67.555 53.0 着 1
71.576 71.991 53.0 才 0
71.995 72.409 58.0 下 0
72.413 72.723 60.0 了 0
72.831 73.039 60.0 眉 0
73.254 73.884 62.0 头 0
74.099 74.412 62.0 却 0
74.521 74.94 62.0 攻 0
74.944 75.363 60.0 上 0
75.367 75.786 58.0 我 0
75.789 76.525 60.0 心 0
76.634 77.581 62.0 头 1
77.886 78.305 62.0 蚕 0
78.308 78.727 60.0 食 0
78.731 79.15 58.0 而 0
79.153 79.572 60.0 尽 0
79.576 80.629 57.0 掏 0
80.632 80.84 53.0 空 0
80.844 81.051 50.0 左 0
81.055 82.847 53.0 右 1
85.01 85.429 53.0 每 0
85.432 85.851 58.0 当 0
85.855 86.168 60.0 我 0
86.277 86.485 60.0 回 0
86.7 87.33 62.0 头 0
87.545 87.858 62.0 内 0
87.968 88.387 62.0 疚 0
88.39 88.809 60.0 是 0
88.813 89.232 58.0 刽 0
89.235 89.971 60.0 子 0
90.08 90.922 62.0 手 1
91.108 91.527 53.0 摧 0
91.531 91.95 62.0 残 0
91.953 92.267 60.0 我 0
92.376 92.795 60.0 回 0
92.798 93.217 58.0 忆 0
93.221 93.64 60.0 中 0
93.644 93.957 62.0 的 0
94.066 94.485 65.0 所 0
94.489 96.175 62.0 有 1
96.181 96.6 53.0 天 0
96.603 97.445 65.0 亮 0
97.448 98.29 63.0 了 0
98.293 98.712 62.0 给 0
98.716 98.924 60.0 我 0
98.927 99.558 58.0 找 0
99.561 99.874 60.0 个 0
99.984 100.191 60.0 借 0
100.406 100.931 62.0 口 1
101.2 101.619 53.0 来 0
101.623 102.042 62.0 麻 0
102.045 102.464 60.0 醉 0
102.468 102.887 58.0 我 0
102.89 103.521 60.0 伤 0
103.735 104.471 62.0 口 0
104.58 104.894 54.0 血 0
105.003 105.316 61.0 流 0
105.426 105.845 60.0 了 0
105.848 106.267 60.0 却 0
106.271 106.69 58.0 未 0
106.693 107.957 57.0 参 0
107.961 109.436 65.0 透 1
109.457 109.664 62.0 是 0
109.668 109.876 65.0 时 0
109.879 110.087 67.0 候 0
110.09 110.932 68.0 放 0
110.935 111.671 67.0 手 0
111.781 112.516 65.0 但 0
112.626 113.045 63.0 又 0
113.048 113.678 62.0 不 0
113.682 113.784 55.0 接 0
113.893 114.946 58.0 受 1
114.987 115.194 53.0 我 0
115.198 115.617 58.0 一 0
115.62 115.934 60.0 无 0
116.043 116.462 62.0 所 0
116.465 118.258 58.0 有 1
118.845 119.264 53.0 无 0
119.267 119.686 55.0 理 0
119.69 120.109 58.0 取 0
120.112 121.799 55.0 闹 0
123.281 123.383 46.0 你 0
123.493 123.7 46.0 垂 0
123.704 125.179 50.0 头 1
125.638 126.057 53.0 对 0
126.061 126.48 55.0 我 0
126.483 126.902 58.0 傻 0
126.906 128.592 55.0 笑 0
129.652 129.86 53.0 爱 0
129.864 130.071 58.0 是 0
130.075 130.177 60.0 一 0
130.286 130.705 60.0 场 0
130.709 130.916 62.0 感 0
130.92 132.29 62.0 冒 1
133.303 133.511 58.0 难 0
133.514 133.722 60.0 道 0
133.725 134.039 62.0 是 0
134.148 134.356 62.0 我 0
134.359 134.778 62.0 太 0
134.782 135.201 60.0 骄 0
135.204 135.94 60.0 傲 1
136.514 136.722 58.0 不 0
136.725 136.933 58.0 信 0
136.936 137.144 60.0 你 0
137.148 137.567 62.0 说 0
137.57 137.989 60.0 他 0
137.993 138.412 58.0 多 0
138.415 139.468 55.0 好 1
140.068 140.487 58.0 才 0
140.491 140.91 61.0 把 0
140.913 141.332 60.0 你 0
141.336 141.544 58.0 气 0
141.759 143.023 49.0 走 0
143.026 143.34 51.0 自 0
143.66 145.452 53.0 招 1
149.233 149.652 53.0 才 0
149.656 150.075 58.0 下 0
150.078 150.497 60.0 了 0
150.501 150.709 60.0 眉 0
150.923 151.554 62.0 头 0
151.768 152.082 62.0 却 0
152.191 152.61 62.0 攻 0
152.613 153.032 60.0 上 0
153.036 153.455 58.0 我 0
153.459 154.194 60.0 心 0
154.304 155.251 62.0 头 1
155.719 156.138 62.0 蚕 0
156.142 156.561 60.0 食 0
156.564 156.983 58.0 而 0
156.987 157.406 60.0 尽 0
157.409 158.462 57.0 掏 0
158.466 158.673 53.0 空 0
158.677 158.885 50.0 左 0
158.888 160.68 53.0 右 1
162.921 163.34 53.0 每 0
163.344 163.763 58.0 当 0
163.766 164.08 60.0 我 0
164.189 164.397 60.0 回 0
164.611 165.242 62.0 头 0
165.456 165.77 62.0 内 0
165.879 166.298 62.0 疚 0
166.302 166.721 60.0 是 0
166.724 167.143 58.0 刽 0
167.147 167.883 60.0 子 0
167.992 168.833 62.0 手 1
168.849 169.268 53.0 砍 0
169.271 169.69 62.0 掉 0
169.694 170.007 60.0 我 0
170.116 170.535 60.0 回 0
170.539 170.958 58.0 忆 0
170.961 171.38 60.0 中 0
171.384 171.697 62.0 的 0
171.807 172.437 65.0 所 0
172.44 173.704 62.0 有 1
173.817 174.236 53.0 天 0
174.24 175.081 67.0 亮 0
175.085 175.926 65.0 了 0
175.93 176.349 62.0 给 0
176.352 176.56 60.0 我 0
176.564 177.194 58.0 找 0
177.197 177.511 60.0 个 0
177.62 177.828 60.0 借 0
178.043 178.567 62.0 口 1
178.957 179.376 53.0 来 0
179.379 179.798 62.0 麻 0
179.802 180.221 60.0 醉 0
180.224 180.643 58.0 这 0
180.647 181.277 60.0 伤 0
181.492 182.228 62.0 口 0
182.337 182.65 54.0 血 0
182.759 183.073 61.0 流 0
183.182 183.601 60.0 了 0
183.605 184.024 60.0 却 0
184.027 184.446 58.0 未 0
184.45 185.714 57.0 参 0
185.928 186.981 65.0 透 1
187.049 187.257 62.0 是 0
187.26 187.468 65.0 时 0
187.472 187.679 67.0 候 0
187.683 188.524 68.0 接 0
188.528 189.264 67.0 受 0
189.373 190.109 65.0 我 0
190.218 190.637 63.0 一 0
190.641 191.271 62.0 无 0
191.274 191.377 55.0 所 0
191.486 192.538 58.0 有 1
192.652 192.86 53.0 是 0
192.863 193.282 58.0 我 0
193.286 193.599 60.0 让 0
193.708 194.127 62.0 你 0
194.131 195.923 60.0 走 0
196.666 197.085 53.0 别 0
197.089 197.719 58.0 回 0
197.722 202.261 65.0 头 1
207.381 207.588 62.0 是 0
207.592 207.8 65.0 无 0
207.803 208.011 67.0 法 0
208.015 208.856 68.0 接 0
208.86 209.596 67.0 受 0
209.705 210.441 65.0 我 0
210.55 210.969 63.0 一 0
210.972 211.603 62.0 无 0
211.606 211.919 55.0 所 0
212.029 212.87 58.0 有 1
212.973 213.18 53.0 我 0
213.184 213.603 58.0 终 0
213.606 213.92 60.0 于 0
214.029 214.448 62.0 知 0
214.452 216.349 60.0 道 0
217.409 217.828 58.0 内 0
218.043 219.624 58.0 疚 1
