31.18 31.574 61.0 你 0
31.574 31.772 61.0 好 0
31.772 31.969 59.0 像 0
31.969 32.363 61.0 春 0
32.363 32.561 61.0 天 0
32.561 32.758 59.0 的 0
32.758 33.153 59.0 一 0
33.153 33.547 61.0 副 0
33.547 33.942 66.0 画 1
34.337 34.732 59.0 画 0
34.732 34.929 59.0 中 0
34.929 35.127 57.0 是 0
35.127 35.521 59.0 遍 0
35.521 35.718 59.0 山 0
35.718 35.916 57.0 的 0
35.916 36.31 54.0 红 0
36.31 36.705 52.0 桃 0
36.705 37.099 54.0 花 1
37.542 37.937 61.0 蓝 0
37.937 38.134 66.0 蓝 0
38.134 38.331 64.0 的 0
38.331 38.726 66.0 天 0
38.726 38.923 64.0 和 0
38.923 39.12 61.0 那 0
39.12 39.515 59.0 青 0
39.515 39.712 59.0 青 0
39.712 39.909 57.0 泥 0
39.909 40.304 59.0 巴 1
40.751 40.948 54.0 花 0
40.948 41.145 57.0 瓣 0
41.145 41.343 59.0 飘 0
41.343 41.54 61.0 落 0
41.54 41.934 59.0 你 0
41.934 42.329 54.0 身 0
42.329 43.124 54.0 下 1
43.966 44.36 61.0 画 0
44.36 44.558 61.0 中 0
44.558 44.755 59.0 呀 0
44.755 45.149 61.0 是 0
45.149 45.347 61.0 不 0
45.347 45.544 59.0 是 0
45.544 45.939 59.0 你 0
45.939 46.333 61.0 的 0
46.333 46.728 66.0 家 1
47.013 47.605 59.0 朵 0
47.605 47.802 57.0 朵 0
47.802 48.394 59.0 白 0
48.394 48.592 57.0 云 0
48.592 48.986 54.0 染 0
48.986 49.381 52.0 红 0
49.381 49.775 54.0 霞 1
50.273 50.668 61.0 哥 0
50.668 50.865 66.0 哥 0
50.865 51.062 64.0 心 0
51.062 51.259 64.0 中 0
51.259 51.457 66.0 的 0
51.457 51.654 64.0 九 0
51.654 51.851 61.0 妹 0
51.851 52.246 59.0 你 0
52.246 52.443 59.0 知 0
52.443 52.64 57.0 道 0
52.64 53.035 59.0 吗 1
53.27 53.468 54.0 是 0
53.468 53.665 54.0 我 0
53.665 53.862 57.0 心 0
53.862 54.059 59.0 中 0
54.257 54.454 61.0 那 0
54.454 54.849 64.0 一 0
54.849 55.046 69.0 副 0
55.046 56.032 66.0 画 1
56.588 56.983 61.0 九 0
56.983 57.377 66.0 妹 0
57.377 57.772 69.0 九 0
57.772 58.167 66.0 妹 0
58.167 58.57 61.0 漂 0
58.57 58.772 59.0 亮 0
58.772 58.974 57.0 的 0
58.974 59.378 54.0 妹 0
59.378 59.782 54.0 妹 1
61.353 61.749 54.0 九 0
61.749 62.146 54.0 妹 0
62.146 62.542 61.0 九 0
62.542 62.939 59.0 妹 0
62.939 63.333 61.0 透 0
63.333 63.531 66.0 红 0
63.531 63.728 64.0 的 0
63.728 64.122 61.0 花 0
64.122 64.517 61.0 蕾 1
65.928 66.323 61.0 九 0
66.323 66.718 66.0 妹 0
66.718 67.112 69.0 九 0
67.112 67.507 66.0 妹 0
67.507 67.901 61.0 可 0
67.901 68.099 59.0 爱 0
68.099 68.296 57.0 的 0
68.296 68.69 54.0 妹 0
68.69 69.085 54.0 妹 1
70.829 71.224 54.0 九 0
71.224 71.618 54.0 妹 0
71.618 72.013 61.0 九 0
72.013 72.408 59.0 妹 0
72.408 72.808 61.0 心 0
72.808 73.41 66.0 中 0
73.41 73.61 66.0 的 0
73.61 74.011 64.0 九 0
74.011 75.184 66.0 妹 1
75.576 75.97 61.0 九 0
75.97 76.363 66.0 妹 0
76.363 76.757 69.0 九 0
76.757 77.15 66.0 妹 0
77.15 77.545 61.0 漂 0
77.545 77.742 59.0 亮 0
77.742 77.939 57.0 的 0
77.939 78.334 54.0 妹 0
78.334 78.728 54.0 妹 1
80.207 80.601 54.0 九 0
80.601 80.996 54.0 妹 0
80.996 81.39 61.0 九 0
81.39 81.785 59.0 妹 0
81.785 82.18 61.0 透 0
82.18 82.377 66.0 红 0
82.377 82.574 64.0 的 0
82.574 82.969 61.0 花 0
82.969 83.363 61.0 蕾 1
84.943 85.337 61.0 九 0
85.337 85.732 66.0 妹 0
85.732 86.126 69.0 九 0
86.126 86.521 66.0 妹 0
86.521 86.923 61.0 可 0
86.923 87.124 59.0 爱 0
87.124 87.326 57.0 的 0
87.326 87.728 54.0 妹 0
87.728 88.13 54.0 妹 1
89.608 90.002 54.0 九 0
90.002 90.397 54.0 妹 0
90.397 90.791 61.0 九 0
90.791 91.186 59.0 妹 0
91.186 91.585 61.0 我 0
91.585 92.384 66.0 的 0
92.384 92.783 64.0 九 0
92.783 94.345 66.0 妹 1
129.076 129.471 61.0 春 0
129.471 129.668 61.0 天 0
129.668 129.866 59.0 的 0
129.866 130.458 61.0 桃 0
130.458 130.655 59.0 花 0
130.655 131.049 59.0 依 0
131.049 131.444 61.0 旧 0
131.444 131.839 66.0 放 1
132.344 132.739 59.0 你 0
132.739 132.936 59.0 却 0
132.936 133.133 57.0 已 0
133.133 133.725 59.0 不 0
133.725 133.922 57.0 在 0
133.922 134.317 54.0 种 0
134.317 134.712 52.0 桃 0
134.712 135.106 54.0 花 1
135.471 135.865 61.0 悠 0
135.865 136.063 66.0 悠 0
136.063 136.26 64.0 的 0
136.26 136.655 66.0 流 0
136.655 136.852 64.0 水 0
136.852 137.049 61.0 和 0
137.049 137.444 61.0 空 0
137.444 137.641 59.0 空 0
137.641 137.838 57.0 牵 0
137.838 138.233 59.0 挂 1
138.62 139.015 54.0 伴 0
139.015 139.212 59.0 着 0
139.212 139.41 61.0 那 0
139.41 139.607 59.0 淡 0
139.607 140.001 57.0 淡 0
140.001 140.199 54.0 云 0
140.199 140.988 54.0 霞 1
141.785 142.18 61.0 不 0
142.18 142.377 61.0 知 0
142.377 142.574 59.0 你 0
142.574 143.166 61.0 远 0
143.166 143.363 59.0 去 0
143.363 143.758 59.0 在 0
143.758 144.153 61.0 何 0
144.153 144.547 66.0 方 1
144.971 145.365 59.0 思 0
145.365 145.563 59.0 念 0
145.563 145.76 57.0 是 0
145.76 146.154 59.0 我 0
146.154 146.352 59.0 对 0
146.352 146.549 57.0 你 0
146.549 146.945 54.0 的 0
146.945 147.341 52.0 表 0
147.341 147.737 54.0 达 1
148.135 148.53 61.0 红 0
148.53 148.727 66.0 红 0
148.727 148.924 64.0 的 0
148.924 149.121 64.0 脸 0
149.121 149.319 66.0 颊 0
149.319 149.516 64.0 带 0
149.516 149.713 61.0 着 0
149.713 150.108 59.0 点 0
150.108 150.305 59.0 点 0
150.305 150.502 57.0 的 0
150.502 150.897 57.0 笑 1
151.131 151.329 54.0 在 0
151.329 151.723 54.0 梦 0
151.723 151.921 59.0 里 0
152.118 152.315 61.0 萦 0
152.315 152.71 64.0 萦 0
152.71 152.907 69.0 缠 0
152.907 154.091 66.0 绕 1
154.368 154.763 61.0 九 0
154.763 155.157 66.0 妹 0
155.157 155.552 69.0 九 0
155.552 155.947 66.0 妹 0
155.947 156.342 61.0 漂 0
156.342 156.54 59.0 亮 0
156.54 156.737 57.0 的 0
156.737 157.133 54.0 妹 0
157.133 157.528 54.0 妹 1
159.149 159.544 54.0 九 0
159.544 159.938 54.0 妹 0
159.938 160.333 61.0 九 0
160.333 160.728 59.0 妹 0
160.728 161.122 61.0 透 0
161.122 161.319 66.0 红 0
161.319 161.517 64.0 的 0
161.517 161.911 61.0 花 0
161.911 162.306 61.0 蕾 1
163.87 164.265 61.0 九 0
164.265 164.659 66.0 妹 0
164.659 165.054 66.0 九 0
165.054 165.449 66.0 妹 0
165.449 165.846 61.0 可 0
165.846 166.045 59.0 爱 0
166.045 166.244 57.0 的 0
166.244 166.642 54.0 妹 0
166.642 167.04 54.0 妹 1
168.651 169.045 54.0 九 0
169.045 169.44 54.0 妹 0
169.44 169.835 61.0 九 0
169.835 170.229 59.0 妹 0
170.229 170.625 61.0 心 0
170.625 171.218 66.0 中 0
171.218 171.416 66.0 的 0
171.416 171.812 64.0 九 0
171.812 172.994 66.0 妹 1
173.282 173.676 61.0 九 0
173.676 174.071 66.0 妹 0
174.071 174.465 69.0 九 0
174.465 174.859 66.0 妹 0
174.859 175.253 61.0 漂 0
175.253 175.45 59.0 亮 0
175.45 175.647 57.0 的 0
175.647 176.041 54.0 妹 0
176.041 176.435 54.0 妹 1
178.166 178.56 54.0 九 0
178.56 178.954 54.0 妹 0
178.954 179.348 61.0 九 0
179.348 179.743 59.0 妹 0
179.743 180.141 61.0 透 0
180.141 180.341 66.0 红 0
180.341 180.54 64.0 的 0
180.54 180.939 61.0 花 0
180.939 181.338 61.0 蕾 1
182.759 183.154 61.0 九 0
183.154 183.549 66.0 妹 0
183.549 183.943 69.0 九 0
183.943 184.338 66.0 妹 0
184.338 184.732 61.0 可 0
184.732 184.93 59.0 爱 0
184.93 185.127 57.0 的 0
185.127 185.521 54.0 妹 0
185.521 185.916 54.0 妹 1
187.664 188.059 54.0 九 0
188.059 188.453 54.0 妹 0
188.453 188.848 61.0 九 0
188.848 189.243 59.0 妹 0
189.243 189.641 61.0 我 0
189.641 190.439 66.0 的 0
190.439 190.837 64.0 九 0
190.837 192.005 66.0 妹 1
192.349 192.743 61.0 九 0
192.743 193.138 66.0 妹 0
193.138 193.533 69.0 九 0
193.533 193.927 66.0 妹 0
193.927 194.327 61.0 漂 0
194.327 194.528 59.0 亮 0
194.528 194.728 57.0 的 0
194.728 195.128 54.0 妹 0
195.128 195.528 54.0 妹 1
197.033 197.425 54.0 九 0
197.425 197.816 54.0 妹 0
197.816 198.208 61.0 九 0
198.208 198.599 59.0 妹 0
198.599 199.0 61.0 透 0
199.0 199.201 66.0 红 0
199.201 199.401 64.0 的 0
199.401 199.802 61.0 花 0
199.802 200.203 61.0 蕾 1
201.793 202.185 61.0 九 0
202.185 202.578 66.0 妹 0
202.578 202.97 69.0 九 0
202.97 203.362 66.0 妹 0
203.362 203.759 61.0 可 0
203.759 203.957 59.0 爱 0
203.957 204.155 57.0 的 0
204.155 204.552 54.0 妹 0
204.552 204.949 54.0 妹 1
206.478 206.873 54.0 九 0
206.873 207.267 54.0 妹 0
207.267 207.662 61.0 九 0
207.662 208.056 59.0 妹 0
208.056 208.453 61.0 我 0
208.453 209.245 66.0 的 0
209.245 209.641 64.0 九 0
209.641 210.825 66.0 妹 1
211.251 211.646 54.0 九 0
211.646 212.041 54.0 妹 0
212.041 212.435 61.0 九 0
212.435 212.83 59.0 妹 0
212.83 213.224 61.0 我 0
213.224 215.986 66.0 的 0
216.775 217.565 64.0 九 0
217.565 223.459 66.0 妹 1
