27.532 28.098 56.0 很 0
28.098 28.381 58.0 感 0
28.381 29.796 59.0 激 0
30.645 30.928 59.0 这 0
30.928 31.211 59.0 城 0
31.211 31.494 58.0 市 0
31.494 31.777 56.0 拥 0
31.777 32.061 59.0 挤 0
32.061 32.344 56.0 的 0
32.344 32.627 58.0 - 0
32.627 33.051 58.0 交 0
33.051 34.325 58.0 通 1
36.546 37.112 56.0 让 0
37.112 37.395 58.0 你 0
37.395 38.81 59.0 我 0
39.659 39.848 63.0 还 0
39.848 40.225 65.0 能 0
40.225 40.508 63.0 多 0
40.508 40.791 65.0 相 0
40.791 41.074 63.0 处 0
41.074 41.546 65.0 几 0
41.546 41.923 67.0 分 0
41.923 43.338 67.0 钟 1
45.666 46.232 56.0 人 0
46.232 46.515 58.0 潮 0
46.515 47.931 59.0 中 0
48.78 49.063 63.0 怕 0
49.063 49.346 65.0 失 0
49.346 49.629 63.0 散 0
49.629 49.912 65.0 所 0
49.912 50.195 63.0 以 0
50.195 50.666 65.0 轻 0
50.666 51.044 67.0 轻 0
51.044 51.61 65.0 拉 0
51.61 51.893 58.0 你 0
51.893 52.317 65.0 的 0
52.317 53.025 63.0 手 1
53.186 53.469 63.0 一 0
53.469 53.752 62.0 刻 0
53.752 54.035 63.0 不 0
54.035 54.318 67.0 放 0
54.318 54.743 60.0 - 0
54.743 55.733 60.0 松 0
57.714 58.422 67.0 不 0
58.422 58.988 68.0 放 0
58.988 60.827 65.0 松 1
62.304 62.587 58.0 忍 0
62.587 62.964 60.0 不 0
62.964 63.436 63.0 住 0
63.436 63.719 65.0 想 0
63.719 64.002 67.0 - 0
64.002 64.379 63.0 要 0
64.379 64.662 68.0 爱 0
64.662 65.134 67.0 你 0
65.134 65.417 63.0 的 0
65.417 65.794 68.0 冲 0
65.794 66.549 67.0 动 1
66.875 67.158 58.0 不 0
67.158 67.441 65.0 确 0
67.441 67.724 63.0 定 0
67.724 68.007 63.0 你 0
68.007 68.29 62.0 属 0
68.29 68.479 63.0 于 0
68.479 68.856 62.0 我 0
68.856 69.139 65.0 会 0
69.139 69.611 63.0 有 0
69.611 69.988 62.0 点 0
69.988 70.271 65.0 寂 0
70.271 71.12 63.0 寞 1
71.391 71.674 60.0 你 0
71.674 71.957 60.0 给 0
71.957 72.24 62.0 的 0
72.24 72.523 63.0 幸 0
72.523 72.806 60.0 福 0
72.806 73.089 70.0 在 0
73.089 73.372 68.0 我 0
73.372 73.655 67.0 心 0
73.655 74.41 68.0 中 0
74.787 75.07 70.0 自 0
75.07 75.353 68.0 - 0
75.353 75.636 68.0 由 0
75.636 75.919 67.0 走 0
75.919 76.768 68.0 动 1
77.072 77.261 65.0 抚 0
77.261 77.639 67.0 - 0
77.639 77.922 67.0 平 0
77.922 78.205 67.0 我 0
78.205 78.488 67.0 每 0
78.488 79.054 67.0 一 0
79.054 79.337 63.0 个 0
79.337 79.525 65.0 伤 0
79.525 79.903 67.0 - 0
79.903 80.28 65.0 口 1
80.37 80.653 58.0 忍 0
80.653 81.03 60.0 不 0
81.03 81.502 63.0 住 0
81.502 81.69 65.0 想 0
81.69 82.068 67.0 - 0
82.068 82.351 63.0 要 0
82.351 82.728 68.0 吻 0
82.728 83.2 67.0 你 0
83.2 83.483 63.0 的 0
83.483 83.86 68.0 冲 0
83.86 84.615 67.0 动 1
84.81 85.093 58.0 不 0
85.093 85.376 65.0 确 0
85.376 85.659 63.0 定 0
85.659 85.942 63.0 我 0
85.942 86.225 62.0 的 0
86.225 86.508 63.0 执 0
86.508 86.791 62.0 着 0
86.791 87.074 65.0 能 0
87.074 87.64 63.0 让 0
87.64 87.923 62.0 你 0
87.923 88.206 65.0 感 0
88.206 89.055 63.0 动 1
89.519 89.802 60.0 我 0
89.802 90.085 60.0 只 0
90.085 90.368 62.0 能 0
90.368 90.651 63.0 相 0
90.651 90.934 60.0 信 0
90.934 91.217 70.0 自 0
91.217 91.5 68.0 己 0
91.5 91.783 67.0 感 0
91.783 92.066 67.0 受 0
92.066 92.633 68.0 - 0
92.916 93.199 70.0 不 0
93.199 93.482 68.0 - 0
93.482 93.765 68.0 怕 0
93.765 94.048 67.0 失 0
94.048 94.331 67.0 落 0
94.331 94.897 68.0 - 1
95.163 95.446 65.0 关 0
95.446 95.54 65.0 于 0
95.54 95.729 66.0 你 0
95.729 96.012 65.0 的 0
96.012 96.295 63.0 一 0
96.295 96.766 63.0 切 0
96.861 97.144 58.0 我 0
97.144 97.427 58.0 想 0
97.427 97.71 68.0 要 0
97.71 97.993 70.0 - 0
97.993 98.276 68.0 - 0
98.276 98.653 67.0 比 0
98.653 99.408 68.0 谁 0
99.974 100.257 65.0 都 0
100.257 102.238 63.0 懂 1
117.934 118.5 56.0 我 0
118.5 118.783 58.0 的 0
118.783 120.198 59.0 心 0
121.047 121.33 59.0 是 0
121.33 121.613 59.0 被 0
121.613 121.896 58.0 你 0
121.896 122.179 56.0 设 0
122.179 122.463 59.0 定 0
122.463 122.746 56.0 的 0
122.746 123.029 58.0 - 0
123.029 123.406 58.0 闹 0
123.406 124.727 58.0 钟 1
127.013 127.579 56.0 提 0
127.579 127.862 58.0 醒 0
127.862 129.277 59.0 我 0
130.126 130.315 63.0 想 0
130.315 130.692 65.0 你 0
130.692 130.975 63.0 的 0
130.975 131.258 65.0 时 0
131.258 131.541 63.0 间 0
131.541 132.013 65.0 不 0
132.013 132.39 67.0 够 0
132.39 133.805 67.0 用 1
136.139 136.705 56.0 为 0
136.705 136.988 58.0 什 0
136.988 138.404 59.0 么 0
139.253 139.536 63.0 平 0
139.536 139.819 65.0 淡 0
139.819 140.102 63.0 的 0
140.102 140.385 65.0 事 0
140.385 140.668 63.0 情 0
140.668 141.139 65.0 现 0
141.139 141.517 67.0 在 0
141.517 141.941 65.0 忽 0
141.941 142.083 58.0 - 0
142.083 142.366 58.0 然 0
142.366 142.649 65.0 生 0
142.649 143.121 65.0 动 0
143.121 143.498 63.0 - 1
143.848 144.131 63.0 是 0
144.131 144.414 62.0 你 0
144.414 144.697 63.0 改 0
144.697 144.98 67.0 变 0
144.98 145.546 60.0 - 0
145.546 146.395 60.0 我 0
148.376 148.848 58.0 你 0
148.848 149.225 67.0 改 0
149.225 149.508 68.0 变 0
149.508 152.055 65.0 我 1
152.821 153.104 58.0 忍 0
153.104 153.481 60.0 不 0
153.481 153.953 63.0 住 0
153.953 154.519 67.0 想 0
154.519 154.802 63.0 要 0
154.802 155.179 68.0 爱 0
155.179 155.651 67.0 你 0
155.651 155.934 63.0 的 0
155.934 156.311 68.0 冲 0
156.311 157.066 67.0 动 1
157.337 157.62 58.0 不 0
157.62 157.903 65.0 确 0
157.903 158.186 63.0 定 0
158.186 158.469 63.0 你 0
158.469 158.752 62.0 属 0
158.752 158.941 63.0 于 0
158.941 159.318 62.0 我 0
159.318 159.601 65.0 会 0
159.601 160.073 63.0 有 0
160.073 160.45 62.0 点 0
160.45 160.733 65.0 寂 0
160.733 161.582 63.0 寞 1
161.811 162.094 60.0 你 0
162.094 162.377 60.0 给 0
162.377 162.66 62.0 的 0
162.66 162.943 63.0 幸 0
162.943 163.226 60.0 福 0
163.226 163.509 70.0 在 0
163.509 163.792 68.0 我 0
163.792 164.075 67.0 心 0
164.075 164.358 67.0 中 0
164.358 164.83 68.0 - 0
165.207 165.49 70.0 自 0
165.49 165.773 68.0 - 0
165.773 166.056 68.0 由 0
166.056 166.339 67.0 走 0
166.339 166.622 67.0 动 0
166.622 167.188 68.0 - 1
167.594 167.783 65.0 抚 0
167.783 168.161 67.0 - 0
168.161 168.444 67.0 平 0
168.444 168.727 67.0 我 0
168.727 169.01 67.0 每 0
169.01 169.293 67.0 一 0
169.293 169.576 63.0 - 0
169.576 169.859 63.0 个 0
169.859 170.425 67.0 伤 0
170.425 170.802 65.0 口 1
171.036 171.319 58.0 忍 0
171.319 171.696 60.0 不 0
171.696 172.168 63.0 住 0
172.168 172.356 65.0 想 0
172.356 172.734 67.0 - 0
172.734 173.017 63.0 要 0
173.017 173.394 68.0 吻 0
173.394 173.866 67.0 你 0
173.866 174.149 63.0 的 0
174.149 174.526 68.0 冲 0
174.526 175.281 67.0 动 1
175.435 175.718 58.0 不 0
175.718 176.001 65.0 确 0
176.001 176.284 63.0 定 0
176.284 176.567 63.0 我 0
176.567 176.85 62.0 的 0
176.85 177.133 63.0 执 0
177.133 177.416 62.0 着 0
177.416 177.699 65.0 能 0
177.699 178.265 63.0 让 0
178.265 178.548 62.0 你 0
178.548 178.926 65.0 感 0
178.926 179.68 63.0 动 1
180.078 180.361 60.0 我 0
180.361 180.644 60.0 只 0
180.644 180.927 62.0 能 0
180.927 181.21 63.0 相 0
181.21 181.493 60.0 信 0
181.493 181.776 70.0 自 0
181.776 182.059 68.0 己 0
182.059 182.342 67.0 感 0
182.342 182.625 67.0 受 0
182.625 183.192 68.0 - 0
183.475 183.758 70.0 不 0
183.758 184.041 68.0 - 0
184.041 184.324 68.0 怕 0
184.324 184.607 67.0 失 0
184.607 184.89 67.0 落 0
184.89 185.456 68.0 - 1
185.684 185.967 65.0 关 0
185.967 186.061 65.0 于 0
186.061 186.25 66.0 你 0
186.25 186.533 65.0 的 0
186.533 186.816 63.0 一 0
186.816 187.099 63.0 切 0
187.099 187.382 58.0 - 0
187.382 187.665 58.0 我 0
187.665 187.948 58.0 想 0
187.948 188.514 70.0 要 0
188.514 188.797 68.0 - 0
188.797 189.08 67.0 比 0
189.08 189.552 68.0 谁 0
189.552 189.929 65.0 - 0
189.929 190.212 65.0 都 0
190.212 192.193 63.0 懂 1
193.306 193.589 63.0 你 0
193.589 193.872 63.0 是 0
193.872 194.155 63.0 情 0
194.155 194.721 63.0 人 0
194.721 195.004 60.0 还 0
195.004 195.287 60.0 - 0
195.287 195.57 60.0 是 0
195.57 195.853 58.0 朋 0
195.853 196.702 58.0 友 1
196.954 197.096 55.0 还 0
197.096 197.237 58.0 没 0
197.237 197.662 60.0 勇 0
197.662 198.087 60.0 气 0
198.087 198.37 60.0 想 0
198.37 198.653 58.0 的 0
198.653 199.077 58.0 太 0
199.077 199.785 58.0 多 0
199.785 200.917 55.0 - 1
202.278 202.561 63.0 你 0
202.561 202.844 63.0 的 0
202.844 203.127 63.0 世 0
203.127 203.693 63.0 界 0
203.693 203.976 62.0 如 0
203.976 204.259 60.0 - 0
204.259 204.542 60.0 此 0
204.542 204.825 58.0 辽 0
204.825 205.674 58.0 阔 1
206.033 206.175 55.0 我 0
206.175 206.316 58.0 会 0
206.316 206.741 60.0 在 0
206.741 207.165 63.0 哪 0
207.165 207.731 60.0 个 0
207.731 208.297 60.0 角 0
208.297 210.703 65.0 落 1
213.866 214.149 59.0 忍 0
214.149 214.526 61.0 不 0
214.526 214.998 64.0 住 0
214.998 215.564 68.0 想 0
215.564 215.847 64.0 要 0
215.847 216.224 69.0 爱 0
216.224 216.696 68.0 你 0
216.696 216.979 64.0 的 0
216.979 217.356 69.0 冲 0
217.356 218.111 68.0 动 1
218.547 218.83 59.0 不 0
218.83 219.113 66.0 确 0
219.113 219.396 64.0 定 0
219.396 219.679 64.0 你 0
219.679 219.962 63.0 属 0
219.962 220.151 64.0 于 0
220.151 220.528 63.0 我 0
220.528 220.811 66.0 会 0
220.811 221.283 64.0 有 0
221.283 221.66 63.0 点 0
221.66 221.943 66.0 寂 0
221.943 222.792 64.0 寞 1
222.968 223.251 61.0 你 0
223.251 223.534 61.0 给 0
223.534 223.817 63.0 的 0
223.817 224.1 64.0 幸 0
224.1 224.383 61.0 福 0
224.383 224.666 71.0 在 0
224.666 224.949 69.0 我 0
224.949 225.232 68.0 心 0
225.232 225.515 68.0 中 0
225.515 225.987 69.0 - 0
226.364 226.647 71.0 自 0
226.647 226.93 69.0 - 0
226.93 227.213 69.0 由 0
227.213 227.496 68.0 走 0
227.496 227.779 68.0 动 0
227.779 228.346 69.0 - 1
228.761 228.949 66.0 抚 0
228.949 229.327 68.0 - 0
229.327 229.61 68.0 平 0
229.61 229.893 68.0 我 0
229.893 230.176 68.0 每 0
230.176 230.459 68.0 一 0
230.459 230.742 64.0 - 0
230.742 231.025 64.0 个 0
231.025 231.591 68.0 伤 0
231.591 232.015 68.0 口 1
232.068 232.351 59.0 忍 0
232.351 232.728 61.0 不 0
232.728 233.2 64.0 住 0
233.2 233.389 66.0 想 0
233.389 233.766 68.0 - 0
233.766 234.049 64.0 要 0
234.049 234.426 69.0 吻 0
234.426 234.898 68.0 你 0
234.898 235.181 64.0 的 0
235.181 235.464 69.0 冲 0
235.464 235.747 68.0 动 0
235.747 236.313 68.0 - 1
236.551 236.834 71.0 不 0
236.834 237.117 66.0 确 0
237.117 237.4 64.0 定 0
237.4 237.683 64.0 我 0
237.683 237.966 63.0 的 0
237.966 238.249 64.0 执 0
238.249 238.532 63.0 着 0
238.532 238.815 66.0 能 0
238.815 239.381 64.0 让 0
239.381 239.664 63.0 你 0
239.664 239.947 66.0 感 0
239.947 240.23 64.0 - 0
240.23 240.796 64.0 动 1
241.04 241.323 61.0 我 0
241.323 241.606 61.0 只 0
241.606 241.889 63.0 能 0
241.889 242.172 64.0 相 0
242.172 242.455 61.0 信 0
242.455 242.738 71.0 自 0
242.738 243.022 69.0 己 0
243.022 243.305 68.0 感 0
243.305 243.588 68.0 受 0
243.588 244.154 69.0 - 0
244.437 244.72 71.0 不 0
244.72 245.003 69.0 - 0
245.003 245.286 69.0 怕 0
245.286 245.569 68.0 失 0
245.569 245.852 68.0 落 0
245.852 246.418 69.0 - 1
246.822 246.916 64.0 关 0
246.916 247.105 66.0 于 0
247.105 247.199 66.0 你 0
247.199 247.388 67.0 的 0
247.388 247.671 66.0 一 0
247.671 247.954 64.0 切 0
247.954 248.237 64.0 - 0
248.52 248.803 59.0 我 0
248.803 249.086 59.0 想 0
249.086 249.652 71.0 要 0
249.652 249.935 69.0 - 0
249.935 250.218 68.0 比 0
250.218 251.916 69.0 谁 0
253.897 254.463 66.0 都 0
254.463 254.841 64.0 - 0
254.841 257.01 64.0 懂 1
