11.782 12.485 53.0 像 0
12.485 12.72 53.0 断 0
12.72 12.954 55.0 - 0
12.954 13.188 51.0 - 0
13.188 13.657 51.0 了 0
13.657 15.063 58.0 线 0
15.063 15.298 53.0 消 0
15.298 15.532 55.0 失 0
15.532 16.235 53.0 人 0
16.235 16.47 53.0 海 0
16.47 16.704 55.0 - 0
16.704 16.938 50.0 - 0
16.938 17.407 50.0 里 0
17.407 17.876 51.0 面 1
19.32 19.555 51.0 我 0
19.555 20.023 53.0 - 0
20.023 20.258 53.0 的 0
20.258 20.492 55.0 - 0
20.492 20.726 51.0 - 0
20.726 21.195 51.0 眼 0
21.195 21.43 56.0 终 0
21.43 21.664 58.0 - 0
21.664 21.898 56.0 - 0
21.898 22.601 56.0 于 0
22.601 23.07 53.0 失 0
23.07 24.351 53.0 去 0
24.476 24.945 48.0 你 0
24.945 25.648 51.0 的 0
25.648 25.883 50.0 - 0
25.883 26.82 50.0 脸 1
26.909 27.144 51.0 再 0
27.144 27.612 53.0 - 0
27.612 27.847 53.0 等 0
27.847 28.081 55.0 - 0
28.081 28.315 51.0 - 0
28.315 28.784 51.0 一 0
28.784 29.956 58.0 会 0
29.956 30.425 60.0 奢 0
30.425 30.659 62.0 望 0
30.659 30.894 62.0 流 0
30.894 31.362 63.0 - 0
31.362 31.714 62.0 星 0
31.714 32.065 60.0 - 0
32.065 32.534 60.0 会 0
32.534 33.237 55.0 出 0
33.237 33.472 51.0 - 0
33.472 33.94 51.0 现 1
34.348 35.745 60.0 愿 0
35.754 36.223 58.0 如 0
36.223 36.692 58.0 果 0
36.692 36.926 50.0 真 0
36.926 37.395 51.0 的 0
37.395 37.629 53.0 实 0
37.629 37.864 55.0 - 0
37.864 38.098 53.0 - 0
38.098 39.036 53.0 现 0
39.504 39.973 51.0 爱 0
39.973 40.442 50.0 能 0
40.442 40.676 50.0 不 0
40.676 41.379 51.0 能 0
41.379 41.848 53.0 永 0
41.848 43.254 55.0 远 1
43.276 43.745 58.0 明 0
43.745 44.683 58.0 天 0
45.151 45.386 55.0 或 0
45.386 45.62 53.0 许 0
45.62 45.855 50.0 来 0
45.855 46.323 51.0 - 0
46.323 46.558 51.0 不 0
46.558 47.026 53.0 - 0
47.026 47.495 55.0 及 0
47.495 48.433 55.0 变 1
48.47 48.938 53.0 但 0
48.938 49.407 51.0 曾 0
49.407 49.876 50.0 经 0
49.876 50.11 50.0 走 0
50.11 50.813 51.0 过 0
50.813 51.282 63.0 的 0
51.282 51.751 62.0 昨 0
51.751 51.985 60.0 - 0
51.985 53.157 60.0 天 0
53.157 53.392 55.0 越 0
53.392 53.626 56.0 - 0
53.626 53.86 55.0 - 0
53.86 54.563 55.0 来 0
54.563 55.032 56.0 越 0
55.032 56.907 58.0 远 1
57.283 57.752 58.0 北 0
57.752 58.22 65.0 极 0
58.22 58.689 67.0 星 0
58.689 59.158 63.0 的 0
59.158 59.627 63.0 眼 0
59.627 61.033 63.0 泪 0
61.033 61.502 58.0 说 0
61.502 61.97 65.0 不 0
61.97 62.439 63.0 出 0
62.439 62.908 62.0 的 0
62.908 63.377 58.0 想 0
63.377 64.783 58.0 念 1
65.666 66.135 58.0 原 0
66.135 66.604 56.0 来 0
66.604 66.838 55.0 我 0
66.838 67.541 56.0 们 0
67.541 68.01 63.0 活 0
68.01 68.948 62.0 在 0
68.948 69.416 55.0 两 0
69.416 69.651 65.0 个 0
69.651 70.12 63.0 世 0
70.12 71.76 63.0 界 1
72.326 72.795 58.0 北 0
72.795 73.263 65.0 极 0
73.263 73.732 67.0 星 0
73.732 74.201 63.0 的 0
74.201 74.67 63.0 眼 0
74.67 76.076 63.0 泪 0
76.076 76.545 58.0 你 0
76.545 77.013 65.0 哭 0
77.013 77.482 63.0 红 0
77.482 77.951 62.0 的 0
77.951 78.42 58.0 双 0
78.42 79.826 58.0 眼 1
80.791 81.26 58.0 被 0
81.26 81.729 56.0 淋 0
81.729 81.963 55.0 湿 0
81.963 82.666 56.0 的 0
82.666 83.135 63.0 诺 0
83.135 85.01 63.0 言 0
85.01 85.479 58.0 淹 0
85.479 85.713 55.0 没 0
85.713 86.182 58.0 在 0
86.182 86.651 61.0 心 0
86.651 87.12 60.0 里 0
87.12 87.823 60.0 面 1
88.229 88.698 58.0 我 0
88.698 89.167 56.0 抬 0
89.167 89.401 55.0 头 0
89.401 90.104 56.0 看 0
90.104 90.573 63.0 着 0
90.573 91.511 55.0 爱 0
91.511 91.862 53.0 不 0
91.862 92.214 51.0 - 0
92.214 93.854 51.0 见 1
114.86 115.095 51.0 再 0
115.095 115.563 53.0 - 0
115.563 115.798 53.0 等 0
115.798 116.032 55.0 - 0
116.032 116.266 51.0 - 0
116.266 116.735 51.0 一 0
116.735 117.907 58.0 会 0
117.907 118.376 60.0 奢 0
118.376 118.61 62.0 望 0
118.61 118.845 62.0 流 0
118.845 119.313 63.0 - 0
119.313 119.665 62.0 星 0
119.665 120.016 60.0 - 0
120.016 120.485 60.0 会 0
120.485 120.954 58.0 出 0
120.954 121.188 60.0 - 0
121.188 121.423 55.0 现 0
121.423 121.891 51.0 - 1
122.366 123.763 60.0 愿 0
123.772 124.241 58.0 如 0
124.241 124.71 58.0 果 0
124.71 124.944 51.0 真 0
124.944 125.413 51.0 的 0
125.413 125.647 53.0 实 0
125.647 125.882 55.0 - 0
125.882 126.116 53.0 - 0
126.116 127.054 53.0 现 0
127.522 127.991 51.0 爱 0
127.991 128.46 50.0 能 0
128.46 128.694 50.0 不 0
128.694 129.397 51.0 能 0
129.397 129.866 53.0 永 0
129.866 131.038 55.0 远 1
131.165 131.399 58.0 明 0
131.399 131.634 60.0 - 0
131.634 131.868 58.0 - 0
131.868 132.806 58.0 天 0
133.274 133.509 55.0 或 0
133.509 133.743 53.0 许 0
133.743 133.978 50.0 来 0
133.978 134.446 51.0 - 0
134.446 134.681 51.0 不 0
134.681 135.149 53.0 - 0
135.149 135.618 55.0 及 0
135.618 136.556 55.0 变 1
136.579 137.047 53.0 但 0
137.047 137.516 51.0 曾 0
137.516 137.985 50.0 经 0
137.985 138.219 50.0 走 0
138.219 138.922 51.0 过 0
138.922 139.391 63.0 的 0
139.391 139.743 62.0 昨 0
139.743 139.977 63.0 - 0
140.094 141.266 60.0 天 0
141.266 141.501 55.0 越 0
141.501 141.735 56.0 - 0
141.735 141.969 55.0 - 0
141.969 142.672 55.0 来 0
142.672 143.141 56.0 越 0
143.141 145.016 58.0 远 1
145.35 145.819 58.0 北 0
145.819 146.287 65.0 极 0
146.287 146.756 67.0 星 0
146.756 147.225 63.0 的 0
147.225 147.694 63.0 眼 0
147.694 149.1 63.0 泪 0
149.1 149.569 58.0 说 0
149.569 150.037 65.0 不 0
150.037 150.506 63.0 出 0
150.506 150.975 62.0 的 0
150.975 151.444 58.0 想 0
151.444 152.85 58.0 念 1
153.792 154.261 58.0 原 0
154.261 154.73 56.0 来 0
154.73 154.964 55.0 我 0
154.964 155.667 56.0 们 0
155.667 156.136 63.0 活 0
156.136 157.074 62.0 在 0
157.074 157.542 55.0 两 0
157.542 157.777 65.0 个 0
157.777 158.246 63.0 世 0
158.246 159.886 63.0 界 1
160.501 160.97 58.0 北 0
160.97 161.438 65.0 极 0
161.438 161.907 67.0 星 0
161.907 162.376 63.0 的 0
162.376 162.845 63.0 眼 0
162.845 164.251 63.0 泪 0
164.251 164.72 58.0 你 0
164.72 165.188 65.0 哭 0
165.188 165.657 63.0 红 0
165.657 166.126 62.0 的 0
166.126 166.595 58.0 双 0
166.595 168.001 58.0 眼 1
168.796 169.265 58.0 被 0
169.265 169.734 56.0 淋 0
169.734 169.968 55.0 湿 0
169.968 170.671 56.0 的 0
170.671 171.14 63.0 诺 0
171.14 173.015 63.0 言 0
173.015 173.484 58.0 淹 0
173.484 173.718 55.0 没 0
173.718 174.187 58.0 在 0
174.187 174.656 61.0 心 0
174.656 175.125 60.0 里 0
175.125 175.828 60.0 面 1
176.252 176.721 58.0 我 0
176.721 177.19 56.0 抬 0
177.19 177.424 55.0 头 0
177.424 178.127 56.0 看 0
178.127 178.596 63.0 着 0
178.596 179.534 55.0 爱 0
179.534 179.885 53.0 不 0
179.885 180.237 51.0 - 0
180.237 181.409 51.0 见 1
181.986 182.455 63.0 当 0
182.455 183.158 62.0 对 0
183.158 183.861 63.0 的 0
183.861 184.33 65.0 人 0
184.33 184.682 67.0 等 0
184.682 184.916 65.0 不 0
184.916 185.268 63.0 到 0
185.268 185.619 62.0 对 0
185.619 185.971 63.0 的 0
185.971 186.205 63.0 时 0
186.205 186.557 60.0 - 0
186.557 187.494 60.0 间 1
187.609 187.844 55.0 就 0
187.844 188.078 55.0 在 0
188.078 188.547 56.0 放 0
188.547 188.781 55.0 开 0
188.781 189.484 56.0 双 0
189.484 189.953 58.0 手 0
189.953 190.188 58.0 的 0
190.188 190.656 63.0 瞬 0
190.656 191.828 63.0 间 1
191.894 192.363 60.0 爱 0
192.363 192.597 62.0 撕 0
192.597 193.066 63.0 成 0
193.066 193.535 65.0 两 0
193.535 194.238 65.0 边 1
194.251 194.72 58.0 北 0
194.72 195.188 65.0 极 0
195.188 195.657 67.0 星 0
195.657 196.126 63.0 的 0
196.126 196.595 63.0 眼 0
196.595 198.001 63.0 泪 0
198.001 198.47 58.0 说 0
198.47 198.938 65.0 不 0
198.938 199.407 63.0 出 0
199.407 199.876 62.0 的 0
199.876 200.345 58.0 想 0
200.345 201.751 58.0 念 1
202.67 203.139 58.0 原 0
203.139 203.608 56.0 来 0
203.608 203.842 55.0 我 0
203.842 204.545 56.0 们 0
204.545 205.014 63.0 活 0
205.014 205.952 62.0 在 0
205.952 206.42 55.0 两 0
206.42 206.655 65.0 个 0
206.655 207.124 63.0 世 0
207.124 208.764 63.0 界 1
209.149 209.618 58.0 北 0
209.618 210.086 65.0 极 0
210.086 210.555 67.0 星 0
210.555 211.024 63.0 的 0
211.024 211.258 63.0 眼 0
211.258 212.665 63.0 泪 0
212.899 213.368 67.0 你 0
213.368 213.836 65.0 哭 0
213.836 214.305 62.0 红 0
214.305 214.774 62.0 的 0
214.774 215.711 58.0 双 0
215.711 216.18 61.0 眼 0
216.18 216.649 60.0 - 1
217.673 218.142 58.0 被 0
218.142 218.611 56.0 淋 0
218.611 218.845 55.0 湿 0
218.845 219.548 56.0 的 0
219.548 220.017 63.0 诺 0
220.017 221.892 63.0 言 0
221.892 222.361 58.0 淹 0
222.361 222.595 55.0 没 0
222.595 223.064 58.0 在 0
223.064 223.533 61.0 心 0
223.533 224.002 61.0 里 0
224.002 224.236 63.0 - 0
224.236 224.705 60.0 面 1
225.08 225.549 58.0 我 0
225.549 226.018 56.0 抬 0
226.018 226.252 55.0 头 0
226.252 226.955 56.0 看 0
226.955 227.424 63.0 着 0
227.424 228.362 55.0 爱 0
228.362 228.713 53.0 不 0
228.713 229.065 51.0 - 0
229.065 230.705 51.0 见 1
232.658 233.127 58.0 整 0
233.127 233.596 56.0 个 0
233.596 234.065 55.0 宇 0
234.065 234.533 56.0 宙 0
234.533 236.408 63.0 都 0
237.58 238.518 55.0 流 0
238.518 238.752 53.0 眼 0
238.752 239.221 51.0 - 0
239.221 241.565 51.0 泪 1
