65.174 65.469 61.0 口 0
65.474 65.769 62.0 是 0
65.774 66.069 62.0 心 0
66.074 66.669 62.0 非 1
66.789 67.084 59.0 你 0
67.089 67.684 57.0 深 0
67.689 67.984 57.0 情 0
67.989 68.284 57.0 的 0
68.289 68.584 52.0 承 0
68.589 69.039 57.0 诺 1
69.188 69.483 52.0 都 0
69.488 70.083 52.0 随 0
70.088 70.383 52.0 着 0
70.388 70.683 52.0 西 0
70.688 70.983 52.0 风 0
70.988 71.283 52.0 飘 0
71.288 71.583 52.0 渺 0
71.588 71.883 57.0 远 0
71.888 73.388 54.0 走 1
74.809 75.104 61.0 痴 0
75.109 75.404 62.0 人 0
75.409 75.704 62.0 梦 0
75.709 76.304 62.0 话 1
76.376 76.671 59.0 我 0
76.676 77.271 57.0 钟 0
77.276 77.571 57.0 情 0
77.576 77.871 57.0 的 0
77.876 78.171 52.0 倚 0
78.176 78.771 57.0 托 1
78.792 79.087 52.0 就 0
79.092 79.392 52.0 像 0
79.692 79.987 52.0 枯 0
79.992 80.287 52.0 萎 0
80.292 80.587 54.0 凋 0
80.592 80.887 54.0 零 0
80.892 81.187 54.0 的 0
81.192 81.487 57.0 花 0
81.492 81.787 59.0 - 0
81.792 83.892 59.0 朵 1
86.802 87.097 61.0 星 0
87.102 87.397 62.0 火 0
87.402 87.697 62.0 燎 0
87.702 88.297 62.0 原 1
88.351 88.646 59.0 我 0
88.651 89.246 57.0 热 0
89.251 89.546 57.0 情 0
89.551 89.846 57.0 的 0
89.851 90.146 52.0 眼 0
90.151 90.746 57.0 眸 1
90.815 91.11 52.0 曾 0
91.115 91.71 52.0 点 0
91.715 92.01 52.0 亮 0
92.015 92.31 52.0 最 0
92.315 92.61 52.0 灿 0
92.615 92.91 52.0 烂 0
92.915 93.21 52.0 的 0
93.215 93.51 57.0 天 0
93.515 94.79 54.0 空 1
96.334 96.629 61.0 晴 0
96.634 96.929 62.0 天 0
96.934 97.229 62.0 霹 0
97.234 97.829 62.0 雳 1
97.962 98.257 59.0 你 0
98.262 98.857 57.0 绝 0
98.862 99.157 57.0 情 0
99.162 99.457 57.0 的 0
99.462 99.757 54.0 放 0
99.762 100.357 57.0 手 1
100.361 100.656 52.0 在 0
100.661 101.256 52.0 我 0
101.261 101.556 52.0 最 0
101.561 101.856 52.0 需 0
101.861 102.156 54.0 要 0
102.161 102.456 54.0 你 0
102.461 102.756 54.0 的 0
102.761 103.056 57.0 时 0
103.061 103.356 59.0 - 0
103.361 104.561 59.0 候 1
105.054 105.349 59.0 于 0
105.354 105.649 64.0 是 0
105.654 106.249 66.0 爱 0
106.254 106.849 71.0 恨 0
106.854 107.449 66.0 交 0
107.454 108.049 64.0 错 0
108.054 108.649 66.0 人 0
108.654 109.249 73.0 消 0
109.254 109.849 69.0 瘦 1
109.96 110.255 64.0 怕 0
110.26 110.555 64.0 是 0
110.56 110.855 59.0 怕 0
110.86 111.155 62.0 - 0
111.16 111.455 62.0 这 0
111.46 111.755 64.0 些 0
111.76 112.055 62.0 苦 0
112.06 112.355 62.0 - 0
112.36 112.655 62.0 没 0
112.66 112.96 64.0 来 0
112.96 114.235 66.0 由 1
114.664 114.959 62.0 于 0
114.964 115.259 64.0 是 0
115.264 115.859 66.0 悲 0
115.864 116.459 71.0 欢 0
116.464 116.759 64.0 起 0
116.764 117.059 64.0 - 0
117.064 117.659 64.0 落 0
117.664 118.259 66.0 人 0
118.264 118.859 73.0 静 0
118.864 119.459 69.0 默 1
119.533 119.828 64.0 等 0
119.833 120.128 64.0 一 0
120.133 120.728 62.0 等 0
120.733 121.028 62.0 这 0
121.033 121.328 64.0 些 0
121.333 121.928 64.0 伤 0
121.933 122.228 62.0 会 0
122.233 122.528 61.0 自 0
122.533 123.733 59.0 由 1
124.231 124.526 59.0 于 0
124.531 124.826 64.0 是 0
124.831 125.426 66.0 爱 0
125.431 126.026 71.0 恨 0
126.031 126.626 66.0 交 0
126.631 127.226 64.0 错 0
127.231 127.826 66.0 人 0
127.831 128.426 73.0 消 0
128.431 129.026 69.0 瘦 1
129.121 129.416 64.0 怕 0
129.421 129.716 64.0 是 0
129.721 130.016 59.0 怕 0
130.021 130.316 62.0 - 0
130.321 130.616 62.0 这 0
130.621 130.916 64.0 些 0
130.921 131.216 62.0 苦 0
131.221 131.516 62.0 - 0
131.521 131.816 62.0 没 0
131.821 132.116 64.0 来 0
132.121 133.321 66.0 由 1
133.889 134.184 62.0 于 0
134.189 134.484 64.0 是 0
134.489 135.084 66.0 悲 0
135.089 135.684 71.0 欢 0
135.689 135.984 64.0 起 0
135.989 136.284 64.0 - 0
136.289 136.884 64.0 落 0
136.889 137.484 66.0 人 0
137.489 138.084 73.0 静 0
138.089 138.684 69.0 默 1
138.812 139.107 64.0 等 0
139.112 139.407 64.0 一 0
139.412 140.007 62.0 等 0
140.012 140.307 62.0 这 0
140.312 140.607 64.0 些 0
140.612 141.207 64.0 伤 0
141.212 141.507 62.0 会 0
141.512 141.807 61.0 自 0
141.812 145.412 59.0 由 1
168.411 168.706 61.0 口 0
168.711 169.006 62.0 是 0
169.011 169.306 62.0 心 0
169.311 169.906 62.0 非 1
169.932 170.227 59.0 你 0
170.232 170.827 57.0 矫 0
170.832 171.127 57.0 情 0
171.132 171.427 57.0 的 0
171.432 171.727 54.0 面 0
171.732 172.327 57.0 容 1
172.368 172.663 52.0 都 0
172.668 173.263 52.0 烙 0
173.268 173.563 52.0 印 0
173.568 173.863 52.0 在 0
173.868 174.163 52.0 心 0
174.168 174.463 52.0 灵 0
174.468 174.763 52.0 的 0
174.768 175.063 57.0 角 0
175.068 176.943 54.0 落 1
178.028 178.323 61.0 无 0
178.328 178.623 62.0 话 0
178.628 178.923 62.0 可 0
178.928 179.523 62.0 说 1
179.606 179.901 59.0 我 0
179.906 180.501 57.0 纵 0
180.506 180.801 57.0 情 0
180.806 181.101 57.0 的 0
181.106 181.401 54.0 结 0
181.406 182.001 57.0 果 1
182.003 182.298 52.0 就 0
182.303 182.898 52.0 像 0
182.903 183.198 52.0 残 0
183.203 183.498 52.0 破 0
183.503 183.798 54.0 光 0
183.803 184.098 54.0 秃 0
184.103 184.398 54.0 的 0
184.403 184.698 57.0 山 0
184.703 184.998 59.0 - 0
185.003 186.203 59.0 头 1
187.667 187.962 61.0 浑 0
187.967 188.262 62.0 然 0
188.267 188.562 62.0 天 0
188.567 189.162 62.0 成 1
189.198 189.493 59.0 我 0
189.498 190.093 57.0 纯 0
190.098 190.393 57.0 情 0
190.398 190.693 57.0 的 0
190.698 190.993 54.0 悸 0
190.998 191.593 57.0 动 1
191.617 191.912 52.0 曾 0
191.917 192.512 52.0 奔 0
192.517 192.812 52.0 放 0
192.817 193.112 52.0 最 0
193.117 193.412 52.0 滚 0
193.417 193.712 52.0 烫 0
193.717 194.012 52.0 的 0
194.017 194.312 57.0 节 0
194.317 195.817 54.0 奏 1
197.288 197.583 61.0 不 0
197.588 197.883 62.0 可 0
197.888 198.183 62.0 收 0
198.188 198.783 62.0 拾 1
198.814 199.109 59.0 你 0
199.114 199.709 57.0 滥 0
199.714 200.009 57.0 情 0
200.014 200.309 57.0 的 0
200.314 200.614 52.0  0
200.614 201.209 57.0 空 1
201.215 201.51 52.0 所 0
201.515 202.11 52.0 有 0
202.115 202.41 52.0 晶 0
202.415 202.71 52.0 莹 0
202.715 203.01 54.0 剔 0
203.015 203.31 57.0 透 0
203.315 203.61 54.0 的 0
203.615 203.91 57.0 感 0
203.915 204.21 59.0 - 0
204.215 205.415 59.0 受 1
205.882 206.177 59.0 于 0
206.182 206.477 64.0 是 0
206.482 207.077 66.0 爱 0
207.082 207.677 71.0 恨 0
207.682 208.277 66.0 交 0
208.282 208.877 64.0 错 0
208.882 209.477 66.0 人 0
209.482 210.077 73.0 消 0
210.082 210.677 69.0 瘦 1
210.699 210.994 64.0 怕 0
210.999 211.294 64.0 是 0
211.299 211.594 59.0 怕 0
211.599 211.894 62.0 - 0
211.899 212.194 62.0 这 0
212.199 212.494 64.0 些 0
212.499 212.794 62.0 苦 0
212.799 213.094 62.0 - 0
213.099 213.394 62.0 没 0
213.399 213.694 64.0 来 0
213.699 214.974 66.0 由 1
215.518 215.813 62.0 于 0
215.818 216.113 64.0 是 0
216.118 216.713 66.0 悲 0
216.718 217.313 71.0 欢 0
217.318 217.613 64.0 起 0
217.618 217.913 64.0 - 0
217.918 218.513 64.0 落 0
218.518 219.113 66.0 人 0
219.118 219.713 73.0 静 0
219.718 220.313 69.0 默 1
220.358 220.653 64.0 等 0
220.658 220.953 64.0 一 0
220.958 221.553 62.0 等 0
221.558 221.853 62.0 这 0
221.858 222.153 64.0 些 0
222.158 222.753 64.0 伤 0
222.758 223.053 62.0 会 0
223.058 223.353 61.0 自 0
223.358 224.558 59.0 由 1
225.139 225.434 59.0 于 0
225.439 225.734 64.0 是 0
225.739 226.334 66.0 爱 0
226.339 226.934 71.0 恨 0
226.939 227.534 66.0 交 0
227.539 228.134 64.0 错 0
228.139 228.734 66.0 人 0
228.739 229.334 73.0 消 0
229.339 229.934 69.0 瘦 1
230.0 230.295 64.0 怕 0
230.3 230.595 64.0 是 0
230.6 230.895 59.0 怕 0
230.9 231.195 62.0 - 0
231.2 231.495 62.0 这 0
231.5 231.795 64.0 些 0
231.8 232.095 62.0 苦 0
232.1 232.395 62.0 - 0
232.4 232.695 62.0 没 0
232.7 232.995 64.0 来 0
233.0 234.2 66.0 由 1
234.77 235.065 62.0 于 0
235.07 235.365 64.0 是 0
235.37 235.965 66.0 悲 0
235.97 236.565 71.0 欢 0
236.57 236.865 64.0 起 0
236.87 237.165 64.0 - 0
237.17 237.765 64.0 落 0
237.77 238.365 66.0 人 0
238.37 238.965 73.0 静 0
238.97 239.565 69.0 默 1
239.592 239.887 64.0 等 0
239.892 240.187 64.0 一 0
240.192 240.787 62.0 等 0
240.792 241.087 62.0 这 0
241.092 241.387 64.0 些 0
241.392 241.987 64.0 伤 0
241.992 242.287 62.0 会 0
242.292 242.587 61.0 自 0
242.592 244.692 59.0 由 1
246.62 246.915 61.0 会 0
246.92 247.215 61.0 自 0
247.22 249.395 59.0 由 1
251.516 251.661 61.0 会 0
251.666 251.811 62.0 自 0
251.816 253.386 59.0 由 0
253.391 256.916 57.0 - 1
