35.05 35.393 59.0 一 0
35.393 35.663 57.0 个 0
35.663 35.934 59.0 人 0
36.204 36.474 59.0 住 0
36.474 36.745 57.0 在 0
36.745 37.002 59.0 这 0
37.002 37.52 62.0 城 0
37.52 37.777 59.0 市 1
38.162 38.419 57.0 为 0
38.419 38.675 55.0 了 0
38.675 38.938 55.0 填 0
38.938 39.206 55.0 饱 0
39.206 39.474 55.0 肚 0
39.474 39.742 55.0 子 1
39.79 40.058 55.0 就 0
40.058 40.326 55.0 已 0
40.326 40.594 55.0 筋 0
40.594 40.862 55.0 疲 0
40.862 41.127 52.0 力 0
41.127 41.65 55.0 尽 1
42.628 42.884 55.0 还 0
42.884 43.149 57.0 谈 0
43.149 43.666 57.0 什 0
43.666 43.92 57.0 么 0
43.92 44.183 59.0 理 0
44.183 44.7 52.0 想 1
45.645 45.912 50.0 那 0
45.912 46.173 50.0 是 0
46.173 46.446 64.0 我 0
46.446 46.975 62.0 们 0
46.98 47.247 59.0 的 0
47.247 47.511 57.0 美 0
47.511 49.08 59.0 梦 1
51.869 52.144 59.0 梦 0
52.144 52.42 57.0 醒 0
52.42 52.695 59.0 后 0
52.971 53.246 59.0 还 0
53.246 53.522 57.0 是 0
53.522 53.788 59.0 依 0
53.788 54.305 62.0 然 1
54.37 54.887 64.0 奔 0
54.887 55.404 62.0 波 0
55.404 55.662 59.0 在 0
55.662 56.19 57.0 风 0
56.19 56.722 57.0 雨 0
56.722 56.988 59.0 的 0
56.988 57.52 59.0 街 0
57.52 58.046 57.0 头 0
58.046 58.428 55.0 - 1
58.981 59.236 52.0 有 0
59.236 59.491 52.0 时 0
59.491 59.745 52.0 候 0
59.745 60.005 55.0 想 0
60.005 60.27 57.0 哭 0
60.27 60.534 57.0 就 0
60.534 60.798 55.0 把 0
60.798 61.063 57.0 泪 1
61.229 61.493 57.0 掩 0
61.493 61.758 55.0 进 0
61.758 62.023 64.0 一 0
62.023 62.556 62.0 腔 0
62.556 63.088 62.0 热 0
63.088 63.621 59.0 血 0
63.621 63.887 57.0 的 0
63.887 64.157 57.0 胸 0
64.157 66.597 55.0 口 1
68.87 69.13 55.0 公 0
69.13 69.389 52.0 车 0
69.389 69.649 55.0 上 1
70.024 70.284 52.0 我 0
70.284 70.81 55.0 睡 0
70.81 71.337 55.0 过 0
71.337 71.601 55.0 了 0
71.601 72.129 55.0 车 0
72.129 72.392 52.0 站 0
72.392 72.911 50.0 - 1
77.158 77.423 55.0 一 0
77.423 77.688 52.0 路 0
77.688 78.219 55.0 上 1
78.474 78.739 55.0 我 0
78.739 79.273 55.0 望 0
79.273 79.802 55.0 着 0
79.802 80.075 64.0 霓 0
80.075 80.609 62.0 虹 0
80.609 80.877 59.0 的 0
80.877 81.141 57.0 北 0
81.141 84.025 59.0 京 1
85.656 85.912 52.0 我 0
85.912 86.169 55.0 的 0
86.169 86.425 55.0 理 0
86.425 86.939 55.0 想 0
87.719 87.983 55.0 把 0
87.983 88.247 55.0 我 1
88.257 88.52 55.0 丢 0
88.52 89.048 55.0 在 0
89.048 89.839 59.0 这 0
89.839 90.367 62.0 个 0
90.367 90.63 64.0 拥 0
90.63 90.889 62.0 挤 0
90.889 91.147 59.0 - 0
91.158 91.416 59.0 的 0
91.416 91.681 64.0 人 0
91.681 92.482 64.0 潮 1
92.605 93.136 52.0 车 0
93.136 93.401 52.0 窗 0
93.401 93.928 57.0 外 0
93.928 94.19 57.0 已 0
94.19 94.978 57.0 经 1
95.028 95.554 59.0 是 0
95.554 96.068 64.0 一 0
96.068 96.574 62.0 片 0
96.574 97.091 62.0 白 0
97.091 97.342 59.0 雪 0
97.342 97.862 62.0 茫 0
97.862 100.235 62.0 茫 1
100.748 101.011 67.0 又 0
101.011 101.539 66.0 一 0
101.539 101.802 67.0 个 0
101.802 102.34 67.0 四 0
102.34 102.881 64.0 季 0
102.881 103.146 62.0 在 0
103.146 103.688 64.0 轮 0
103.688 104.23 64.0 回 1
104.54 104.803 67.0 而 0
104.803 105.065 67.0 我 0
105.065 105.328 67.0 一 0
105.328 105.854 64.0 无 0
105.854 106.38 59.0 所 0
106.38 106.91 64.0 获 0
106.91 107.176 62.0 的 1
107.261 107.791 59.0 坐 0
107.791 108.056 57.0 在 0
108.056 108.586 62.0 街 0
108.586 109.116 59.0 头 1
109.288 109.818 59.0 只 0
109.818 110.083 62.0 有 0
110.083 110.609 62.0 理 0
110.609 111.122 57.0 想 0
111.122 111.379 57.0 在 0
111.379 111.764 57.0 支 0
111.764 112.149 57.0 撑 0
112.149 112.405 55.0 着 1
112.425 112.687 55.0 那 0
112.687 113.213 57.0 些 0
113.213 113.75 64.0 麻 0
113.75 114.282 62.0 木 0
114.282 114.548 64.0 的 0
114.548 114.801 62.0 血 0
114.812 116.642 59.0 肉 1
117.147 117.409 55.0 理 0
117.409 117.671 55.0 想 0
117.671 117.932 67.0 今 0
117.932 118.456 66.0 年 0
118.456 118.717 64.0 你 0
118.717 118.98 62.0 几 0
118.98 120.822 64.0 岁 1
121.623 121.886 67.0 你 0
121.886 122.149 67.0 总 0
122.149 122.674 67.0 是 0
122.674 122.936 64.0 - 0
122.936 123.2 66.0 诱 0
123.2 123.729 66.0 惑 0
123.729 123.988 66.0 着 1
123.992 124.262 66.0 年 0
124.262 124.791 62.0 轻 0
124.791 125.051 66.0 的 0
125.051 125.319 66.0 朋 0
125.319 126.104 64.0 友 1
126.345 126.607 52.0 你 0
126.607 126.869 52.0 总 0
126.869 127.13 55.0 是 0
127.13 127.392 59.0 谢 0
127.392 127.652 60.0 了 0
127.652 127.912 59.0 又 0
127.912 128.173 60.0 开 1
128.458 128.979 59.0 给 0
128.979 129.239 60.0 我 0
129.239 129.5 62.0 惊 0
129.5 130.281 60.0 喜 1
130.281 130.628 52.0 又 0
130.628 130.976 52.0 让 0
130.976 131.317 52.0 我 0
131.317 131.589 60.0 沉 0
131.589 132.133 60.0 入 1
132.16 132.431 60.0 失 0
132.431 132.703 60.0 望 0
132.703 133.246 59.0 的 0
133.246 133.513 55.0 生 0
133.513 133.787 59.0 活 0
133.787 136.172 57.0 里 1
176.186 176.447 55.0 公 0
176.447 176.707 52.0 车 0
176.707 176.967 55.0 上 1
177.341 177.602 52.0 我 0
177.602 178.129 55.0 睡 0
178.129 178.658 55.0 过 0
178.658 178.922 55.0 了 0
178.922 179.451 55.0 车 0
179.451 180.509 50.0 站 1
184.495 184.758 55.0 一 0
184.758 185.021 52.0 路 0
185.021 185.547 55.0 上 1
185.782 186.044 55.0 我 0
186.044 186.577 55.0 望 0
186.577 187.107 55.0 着 0
187.107 187.38 64.0 霓 0
187.38 187.915 62.0 虹 0
187.915 188.182 59.0 的 0
188.182 188.445 57.0 北 0
188.445 191.309 59.0 京 1
192.941 193.205 52.0 我 0
193.205 193.468 55.0 的 0
193.468 193.731 55.0 理 0
193.731 194.258 55.0 想 0
195.048 195.311 55.0 把 0
195.311 195.574 55.0 我 1
195.585 195.848 55.0 丢 0
195.848 196.375 55.0 在 0
196.375 197.165 59.0 这 0
197.165 197.692 62.0 个 0
197.692 197.955 64.0 拥 0
197.955 198.481 62.0 挤 0
198.481 198.739 59.0 的 0
198.739 199.003 64.0 人 0
199.003 199.798 64.0 潮 1
200.142 200.669 52.0 车 0
200.669 200.932 52.0 窗 0
200.932 201.459 57.0 外 0
201.459 201.722 57.0 已 0
201.722 202.512 57.0 经 1
202.516 203.042 59.0 是 0
203.042 203.568 64.0 一 0
203.568 204.094 62.0 片 0
204.094 204.619 62.0 白 0
204.619 204.877 59.0 雪 0
204.877 205.408 62.0 茫 0
205.408 207.773 62.0 茫 1
208.162 208.425 67.0 又 0
208.425 208.952 66.0 一 0
208.952 209.215 67.0 个 0
209.215 209.742 67.0 四 0
209.742 210.268 64.0 季 0
210.268 210.526 62.0 在 0
210.526 211.053 64.0 轮 0
211.053 211.585 64.0 回 1
211.829 212.092 67.0 而 0
212.092 212.356 67.0 我 0
212.356 212.619 67.0 一 0
212.619 213.146 64.0 无 0
213.146 213.672 59.0 所 0
213.672 214.199 64.0 获 0
214.199 214.462 62.0 的 1
214.572 215.099 59.0 坐 0
215.099 215.362 57.0 在 0
215.362 215.889 62.0 街 0
215.889 216.415 59.0 头 1
216.58 217.107 59.0 只 0
217.107 217.37 62.0 有 0
217.37 217.897 62.0 理 0
217.897 218.423 57.0 想 0
218.423 218.687 57.0 在 0
218.687 219.082 57.0 支 0
219.082 219.477 57.0 撑 0
219.477 219.74 55.0 着 1
219.885 220.148 55.0 那 0
220.148 220.669 57.0 些 0
220.669 221.201 64.0 麻 0
221.201 221.728 62.0 木 0
221.728 221.991 64.0 的 0
221.991 222.244 62.0 血 0
222.255 224.098 59.0 肉 1
224.461 224.724 55.0 理 0
224.724 224.987 55.0 想 0
224.987 225.25 67.0 今 0
225.25 225.776 66.0 年 0
225.776 226.04 64.0 你 0
226.04 226.303 62.0 几 0
226.303 228.144 64.0 岁 1
229.01 229.273 67.0 你 0
229.273 229.537 67.0 总 0
229.537 230.063 67.0 是 0
230.063 230.327 64.0 - 0
230.327 230.59 66.0 诱 0
230.59 231.116 66.0 惑 0
231.116 231.374 66.0 着 1
231.437 231.706 66.0 年 0
231.706 232.233 62.0 轻 0
232.233 232.49 66.0 的 0
232.49 232.759 66.0 朋 0
232.759 233.547 64.0 友 1
233.76 234.022 52.0 你 0
234.022 234.285 52.0 总 0
234.285 234.548 55.0 是 0
234.548 234.81 59.0 谢 0
234.81 235.073 60.0 了 0
235.073 235.336 59.0 又 0
235.336 235.599 60.0 开 1
235.825 236.351 59.0 给 0
236.351 236.613 60.0 我 0
236.613 236.876 62.0 惊 0
236.876 237.667 60.0 喜 1
237.783 238.135 52.0 又 0
238.135 238.486 52.0 让 0
238.486 238.832 52.0 我 0
238.832 239.101 60.0 沉 0
239.101 239.628 60.0 入 1
239.628 239.892 60.0 失 0
239.892 240.287 60.0 望 0
240.287 240.683 60.0 的 0
240.683 240.941 60.0 生 0
240.941 241.21 62.0 活 0
241.21 241.473 62.0 里 1
241.944 242.208 67.0 又 0
242.208 242.734 66.0 一 0
242.734 242.992 62.0 个 0
242.992 243.524 64.0 年 0
243.524 244.051 64.0 代 0
244.051 244.314 62.0 在 0
244.314 244.577 66.0 变 0
244.577 244.841 64.0 - 0
244.841 245.367 64.0 幻 1
245.653 245.916 67.0 我 0
245.916 246.179 67.0 已 0
246.179 246.442 67.0 不 0
246.442 246.968 64.0 是 1
246.995 247.784 64.0 无 0
247.784 248.047 62.0 悔 0
248.047 248.31 62.0 的 0
248.31 248.836 59.0 那 0
248.836 249.099 57.0 个 0
249.099 249.62 62.0 青 0
249.62 250.152 59.0 年 1
250.387 250.651 59.0 青 0
250.651 251.177 62.0 春 0
251.177 251.704 62.0 被 0
251.704 251.967 59.0 - 0
251.967 252.494 57.0 时 0
252.494 252.757 57.0 光 0
252.757 253.284 57.0 抛 0
253.284 253.816 57.0 弃 1
253.836 254.089 55.0 已 0
254.092 254.355 55.0 是 0
254.355 254.617 55.0 当 0
254.617 254.869 64.0 父 0
254.88 255.405 62.0 亲 0
255.405 255.662 59.0 的 0
255.662 255.924 62.0 年 0
255.93 257.767 59.0 纪 1
258.257 258.521 55.0 理 0
258.521 258.779 55.0 想 0
258.779 259.047 67.0 永 0
259.047 259.574 66.0 远 0
259.574 259.832 62.0 都 0
259.832 260.095 64.0 年 0
260.101 261.944 64.0 轻 1
263.03 263.382 67.0 你 0
263.382 263.733 67.0 让 0
263.733 264.08 67.0 我 0
264.08 264.349 66.0 倔 0
264.349 264.877 66.0 强 0
264.877 265.135 66.0 的 1
265.152 265.422 66.0 反 0
265.422 265.949 62.0 抗 0
265.949 266.213 66.0 着 0
266.213 266.466 66.0 命 0
266.477 267.002 64.0 运 1
267.352 267.615 52.0 你 0
267.615 267.878 52.0 让 0
267.878 268.14 52.0 我 0
268.14 268.403 59.0 变 0
268.403 268.666 62.0 得 0
268.666 268.929 62.0 苍 0
268.929 269.191 60.0 白 1
269.615 269.878 52.0 却 0
269.878 270.14 52.0 依 0
270.14 270.403 52.0 然 0
270.403 270.798 60.0 天 0
270.798 271.193 60.0 真 0
271.193 271.456 62.0 的 0
271.456 271.983 62.0 相 0
271.983 272.246 60.0 信 1
272.261 272.787 62.0 花 0
272.787 273.314 60.0 儿 0
273.314 273.577 59.0 会 0
273.577 274.104 59.0 再 0
274.104 274.367 55.0 次 0
274.367 274.631 59.0 的 0
274.631 275.145 57.0 盛 0
275.156 280.941 57.0 开 1
287.599 287.919 55.0 阳 0
287.919 288.186 52.0 光 0
288.186 288.453 55.0 之 0
288.453 288.72 55.0 中 0
288.72 288.987 55.0 到 0
288.987 289.254 52.0 处 1
289.417 289.684 52.0 可 0
289.684 290.084 55.0 见 0
290.431 290.97 55.0 奔 0
290.97 291.237 55.0 忙 0
291.237 291.498 52.0 的 0
291.498 292.036 52.0 人 0
292.036 292.836 50.0 们 1
296.225 296.488 55.0 被 0
296.488 296.752 52.0 拥 0
296.752 297.015 52.0 挤 0
297.015 297.278 55.0 着 1
297.325 297.588 55.0 被 0
297.588 297.852 52.0 一 0
297.852 298.111 52.0 荒 0
298.111 298.65 55.0 而 0
298.65 299.183 55.0 废 0
299.183 299.45 52.0 的 0
299.45 299.983 55.0 光 0
299.983 300.782 55.0 阴 1
303.078 303.344 57.0 忽 0
303.344 303.605 57.0 略 0
303.605 304.133 55.0 - 0
304.144 308.409 55.0 过 1
