25.986 26.726 63.0 人 0
27.083 27.443 61.0 群 0
27.449 27.815 63.0 中 0
28.547 28.906 61.0 哭 0
28.912 29.278 63.0 着 1
30.019 30.196 66.0 你 0
30.202 30.562 66.0 只 0
30.568 30.927 66.0 想 0
30.934 31.293 59.0 变 0
31.299 31.473 58.0 成 0
31.665 32.589 59.0 透 0
32.763 32.94 58.0 明 0
32.946 33.677 59.0 的 0
34.226 34.586 58.0 颜 0
34.592 35.141 59.0 色 1
35.891 36.067 59.0 你 0
36.073 36.43 54.0 再 0
36.439 36.796 58.0 也 0
36.805 37.165 59.0 不 0
37.171 37.531 63.0 会 0
37.537 37.897 66.0 梦 0
37.903 38.269 68.0 - 0
38.634 38.909 66.0 或 0
39.0 39.458 68.0 痛 0
40.098 40.281 66.0 或 0
40.464 40.823 66.0 心 0
40.83 41.186 66.0 动 0
41.195 41.744 63.0 了 1
42.884 43.061 63.0 你 0
43.067 43.244 63.0 已 0
43.25 43.426 63.0 经 0
43.433 43.792 63.0 决 0
43.798 44.158 61.0 定 0
44.164 44.53 61.0 了 1
45.873 46.046 56.0 你 0
46.056 46.229 56.0 已 0
46.238 46.412 56.0 经 0
46.421 46.778 56.0 决 0
46.787 47.144 54.0 定 0
47.153 47.876 54.0 了 1
52.264 53.356 63.0 你 0
53.362 53.718 61.0 静 0
53.727 54.276 63.0 静 0
54.825 55.185 61.0 忍 0
55.191 55.557 63.0 着 1
56.421 56.598 66.0 紧 0
56.604 56.964 66.0 紧 0
56.97 57.33 66.0 把 0
57.336 57.693 58.0 昨 0
57.702 58.062 58.0 天 0
58.068 59.159 59.0 在 0
59.165 59.348 58.0 拳 0
59.348 60.049 59.0 心 0
60.629 60.988 58.0 握 0
60.995 61.543 59.0 着 1
62.382 62.559 59.0 而 0
62.565 62.922 56.0 回 0
62.931 63.291 58.0 忆 0
63.297 63.656 59.0 越 0
63.663 64.022 63.0 是 0
64.028 64.205 66.0 甜 0
64.211 64.568 68.0 - 0
65.126 65.486 66.0 就 0
65.492 65.848 66.0 是 0
66.589 66.949 66.0 越 0
66.955 67.315 66.0 伤 0
67.321 67.681 66.0 人 0
67.687 68.236 63.0 了 1
69.267 69.444 56.0 越 0
69.45 69.627 56.0 是 0
69.633 69.81 63.0 在 0
69.816 70.176 63.0 手 0
70.182 70.542 63.0 心 0
70.548 70.904 63.0 留 0
70.914 71.27 66.0 下 1
71.327 71.687 66.0 密 0
71.693 72.053 66.0 密 0
72.059 72.419 66.0 麻 0
72.425 72.785 70.0 麻 0
72.791 73.151 71.0 深 0
73.157 73.516 70.0 深 0
73.523 73.882 71.0 浅 0
73.888 74.248 73.0 浅 0
74.254 74.98 75.0 的 0
74.986 75.443 73.0 刀 0
75.535 75.709 66.0 - 0
75.718 77.373 66.0 割 1
79.69 80.05 59.0 你 0
80.056 80.416 70.0 不 0
80.422 80.782 70.0 是 0
80.788 81.147 66.0 真 0
81.153 81.513 61.0 正 0
81.519 82.611 61.0 的 0
82.617 82.977 63.0 快 0
82.983 84.638 63.0 乐 1
85.543 85.902 59.0 你 0
85.909 86.268 71.0 的 0
86.274 86.634 70.0 笑 0
86.64 87.0 64.0 只 0
87.006 87.366 61.0 是 0
87.372 88.098 61.0 你 0
88.104 88.463 59.0 穿 0
88.47 88.829 59.0 的 0
88.835 89.195 61.0 保 0
89.201 89.927 66.0 护 0
89.933 90.674 63.0 色 1
91.586 91.763 59.0 你 0
91.769 92.129 54.0 决 0
92.135 92.495 58.0 定 0
92.501 92.861 59.0 不 0
92.867 93.227 63.0 恨 0
93.233 93.964 68.0 了 0
94.513 94.69 59.0 也 0
94.696 95.056 54.0 决 0
95.062 95.422 58.0 定 0
95.428 95.788 59.0 不 0
95.794 96.153 63.0 爱 0
96.159 96.891 66.0 了 1
97.419 97.596 59.0 把 0
97.602 97.962 54.0 你 0
97.968 98.327 58.0 的 0
98.334 98.693 58.0 灵 0
98.699 99.059 63.0 魂 1
99.106 99.466 66.0 关 0
99.472 99.832 66.0 在 0
99.838 100.198 66.0 永 0
100.204 100.564 70.0 远 0
100.57 100.929 70.0 锁 0
100.936 101.295 70.0 上 0
101.301 101.661 71.0 的 0
101.667 102.027 73.0 躯 0
102.033 103.497 70.0 壳 1
104.844 105.576 63.0 这 0
106.033 106.21 61.0 世 0
106.216 106.765 63.0 界 0
107.405 107.582 61.0 笑 0
107.588 108.329 63.0 了 1
109.106 109.283 66.0 于 0
109.289 109.649 66.0 是 0
109.655 109.838 66.0 你 0
110.021 110.378 58.0 合 0
110.387 110.747 58.0 群 0
110.753 111.667 59.0 的 0
111.85 112.027 58.0 一 0
112.033 112.836 59.0 起 0
113.314 113.673 58.0 笑 0
113.679 114.228 59.0 了 1
115.016 115.193 59.0 当 0
115.199 115.559 54.0 生 0
115.565 115.924 58.0 存 0
115.931 116.29 59.0 是 0
116.296 116.656 63.0 规 0
116.662 117.403 68.0 则 1
117.818 117.995 66.0 不 0
118.001 118.55 68.0 是 0
119.281 119.641 66.0 你 0
119.647 120.007 66.0 的 0
120.013 120.373 66.0 选 0
120.379 120.928 63.0 择 1
121.893 122.07 56.0 于 0
122.076 122.253 56.0 是 0
122.259 122.436 63.0 你 0
122.442 122.802 63.0 含 0
122.808 123.168 63.0 着 0
123.174 123.533 63.0 眼 0
123.539 123.899 66.0 泪 1
123.99 124.347 66.0 飘 0
124.356 124.716 66.0 飘 0
124.722 125.082 66.0 荡 0
125.088 125.448 70.0 荡 0
125.454 125.81 70.0 跌 0
125.82 126.179 70.0 跌 0
126.185 126.545 70.0 撞 0
126.551 126.911 73.0 撞 0
126.917 127.094 73.0 地 0
127.1 127.475 75.0 - 0
127.649 128.006 71.0 走 0
128.015 128.374 66.0 - 0
128.381 129.112 66.0 着 1
129.464 129.824 59.0 你 0
129.83 130.19 70.0 不 0
130.196 130.556 70.0 是 0
130.562 130.921 66.0 真 0
130.928 131.287 61.0 正 0
131.293 132.208 61.0 的 0
132.391 132.751 63.0 快 0
132.757 134.037 63.0 乐 1
135.334 135.694 59.0 你 0
135.7 136.059 70.0 的 0
136.065 136.425 70.0 伤 0
136.431 136.791 64.0 从 0
136.797 137.157 61.0 不 0
137.163 137.889 61.0 肯 0
137.895 138.255 59.0 完 0
138.261 138.62 59.0 全 0
138.626 138.986 61.0 的 0
138.992 139.352 66.0 愈 0
139.358 139.541 63.0 - 0
139.724 140.084 61.0 合 0
140.09 140.456 63.0 - 1
141.292 141.469 59.0 我 0
141.475 141.835 54.0 站 0
141.841 142.201 58.0 在 0
142.207 142.567 58.0 你 0
142.573 142.933 63.0 左 0
142.939 143.298 66.0 侧 0
143.305 143.853 68.0 - 1
144.031 144.391 66.0 却 0
144.397 144.757 68.0 像 0
144.763 145.12 71.0 隔 0
145.129 145.486 68.0 着 0
145.495 145.854 68.0 银 0
145.861 146.601 66.0 河 1
147.115 147.292 56.0 难 0
147.298 147.658 54.0 道 0
147.664 148.024 58.0 就 0
148.03 148.389 58.0 真 0
148.396 148.755 63.0 的 0
148.761 149.121 68.0 抱 0
149.127 149.487 66.0 着 0
149.493 149.853 66.0 遗 0
149.859 150.219 70.0 憾 0
150.225 150.585 70.0 一 0
150.591 150.95 70.0 直 0
150.956 151.316 71.0 到 0
151.322 151.682 73.0 老 0
151.688 152.78 70.0 了 1
152.919 153.279 66.0 然 0
153.285 153.641 73.0 后 0
153.65 153.827 75.0 才 0
153.833 154.01 73.0 后 0
154.016 154.376 71.0 - 0
154.382 154.742 71.0 悔 0
154.748 158.233 71.0 着 1
167.377 167.737 59.0 你 0
167.743 168.103 70.0 不 0
168.109 168.468 70.0 是 0
168.474 168.834 66.0 真 0
168.84 169.2 61.0 正 0
169.206 169.755 61.0 的 0
170.304 170.663 61.0 快 0
170.67 171.401 63.0 乐 1
173.298 173.657 59.0 你 0
173.663 174.02 70.0 的 0
174.029 174.389 70.0 笑 0
174.395 174.755 63.0 只 0
174.761 175.121 61.0 是 0
175.127 175.852 61.0 你 0
175.859 176.218 61.0 穿 0
176.224 176.584 59.0 的 0
176.59 176.95 59.0 保 0
176.956 177.682 66.0 护 0
177.688 178.045 63.0 色 1
179.299 179.476 59.0 你 0
179.482 179.842 54.0 决 0
179.848 180.208 58.0 定 0
180.214 180.574 59.0 不 0
180.58 180.939 63.0 恨 0
180.945 181.122 66.0 了 0
181.128 181.494 68.0 - 0
182.226 182.403 59.0 也 0
182.409 182.769 54.0 决 0
182.775 183.134 58.0 定 0
183.141 183.5 59.0 不 0
183.506 183.866 63.0 爱 0
183.872 184.049 63.0 了 0
184.055 184.421 66.0 - 1
185.152 185.329 59.0 把 0
185.335 185.694 54.0 你 0
185.701 186.06 58.0 的 0
186.066 186.426 58.0 灵 0
186.432 186.792 63.0 魂 0
186.798 187.155 66.0 关 0
187.164 187.524 66.0 在 0
187.53 187.887 66.0 永 0
187.896 188.255 70.0 远 0
188.262 188.621 71.0 锁 0
188.627 188.987 70.0 上 0
188.993 189.353 71.0 的 0
189.359 189.719 73.0 躯 0
189.725 192.652 70.0 壳 1
193.778 194.138 59.0 你 0
194.144 194.504 70.0 不 0
194.51 194.87 70.0 是 0
194.876 195.236 66.0 真 0
195.242 195.602 61.0 正 0
195.608 196.339 61.0 的 0
196.705 197.065 61.0 快 0
197.071 199.083 63.0 乐 1
199.624 199.984 58.0 你 0
199.99 200.35 70.0 的 0
200.356 200.715 70.0 伤 0
200.722 201.081 61.0 从 0
201.087 201.447 61.0 不 0
201.453 201.63 59.0 肯 0
201.636 202.011 61.0 - 0
202.185 202.545 59.0 完 0
202.551 202.911 59.0 全 0
202.917 203.276 59.0 的 0
203.283 203.642 66.0 愈 0
203.648 204.008 63.0 - 0
204.014 204.374 61.0 合 0
204.38 204.746 63.0 - 1
205.628 205.804 59.0 我 0
205.811 206.17 56.0 站 0
206.176 206.536 58.0 在 0
206.542 206.902 59.0 你 0
206.908 207.268 63.0 左 0
207.274 207.634 66.0 侧 0
207.64 208.189 68.0 - 0
208.371 208.731 66.0 却 0
208.737 209.097 68.0 像 0
209.103 209.463 71.0 隔 0
209.469 209.829 68.0 着 0
209.835 210.195 68.0 银 0
210.201 210.567 66.0 河 1
211.552 211.726 59.0 难 0
211.735 212.095 54.0 道 0
212.101 212.461 58.0 就 0
212.467 212.827 58.0 真 0
212.833 213.192 63.0 的 0
213.199 213.558 66.0 抱 0
213.564 213.924 66.0 着 0
213.93 214.29 66.0 遗 0
214.296 214.656 70.0 憾 0
214.662 215.022 70.0 一 0
215.028 215.388 70.0 直 0
215.394 215.753 71.0 到 0
215.76 216.119 70.0 老 0
216.125 216.857 70.0 了 1
217.278 217.638 59.0 你 0
217.644 218.004 70.0 值 0
218.01 218.369 70.0 得 0
218.376 218.735 61.0 真 0
218.741 219.101 61.0 正 0
219.107 219.848 61.0 的 0
220.205 220.565 63.0 快 0
220.571 222.391 63.0 乐 1
223.137 223.496 59.0 你 0
223.502 223.862 70.0 应 0
223.868 224.228 70.0 该 0
224.234 224.594 66.0 脱 0
224.6 224.96 61.0 下 0
224.966 225.515 73.0 你 0
225.698 226.054 73.0 穿 0
226.063 226.423 71.0 的 0
226.429 226.789 73.0 保 0
226.795 227.481 78.0 护 0
227.527 228.07 75.0 色 0
228.076 228.817 71.0 - 1
229.144 229.303 70.0 为 0
229.327 229.687 70.0 什 0
229.693 230.053 70.0 么 0
230.059 230.419 70.0 失 0
230.425 230.784 66.0 去 0
230.791 231.522 68.0 了 0
231.888 232.248 66.0 还 0
232.254 232.614 67.0 要 0
232.62 232.98 71.0 被 0
232.986 233.345 68.0 惩 0
233.352 233.708 68.0 罚 0
233.717 234.449 66.0 呢 1
235.009 235.186 59.0 能 0
235.192 235.552 54.0 不 0
235.558 235.917 58.0 能 0
235.923 236.283 59.0 就 0
236.289 236.649 63.0 让 0
236.655 237.015 66.0 悲 0
237.021 237.381 66.0 伤 0
237.387 237.747 66.0 全 0
237.753 238.113 70.0 部 0
238.119 238.478 70.0 结 0
238.484 238.844 70.0 束 0
238.85 239.21 71.0 在 0
239.216 239.576 73.0 此 0
239.582 240.314 70.0 刻 1
240.569 240.928 66.0 重 0
240.934 241.294 73.0 新 0
241.3 241.477 75.0 开 0
241.483 241.843 73.0 始 0
241.849 242.026 71.0 - 0
242.032 242.392 71.0 活 0
242.398 246.98 71.0 着 1
270.592 270.768 66.0 你 0
270.775 270.951 66.0 的 0
270.957 271.317 66.0 伤 0
271.323 271.5 66.0 我 0
271.506 271.683 66.0 知 0
271.689 272.049 66.0 道 0
272.055 272.232 63.0 我 0
272.238 272.598 63.0 明 0
272.604 272.781 61.0 了 1
272.804 272.981 61.0 我 0
272.987 273.163 61.0 想 0
273.17 273.529 61.0 要 0
273.535 273.712 63.0 你 0
273.718 274.078 61.0 快 0
274.084 274.267 59.0 乐 1
274.528 274.705 59.0 我 0
274.711 275.071 61.0 要 0
275.077 275.254 63.0 你 0
275.26 275.62 61.0 快 0
275.626 275.809 59.0 乐 0
275.991 276.168 59.0 我 0
276.174 276.534 59.0 要 0
276.54 276.717 63.0 你 0
276.723 277.083 61.0 快 0
277.089 277.266 59.0 乐 1
277.32 277.497 66.0 我 0
277.503 277.68 66.0 知 0
277.686 278.046 66.0 道 0
278.052 278.228 63.0 我 0
278.235 278.594 63.0 明 0
278.6 278.96 61.0 了 0
278.966 279.143 59.0 我 0
279.149 279.326 59.0 想 0
279.332 279.692 61.0 要 0
279.698 279.875 61.0 你 0
279.881 280.247 59.0 快 0
280.43 280.607 59.0 乐 1
280.608 280.784 59.0 我 0
280.791 280.967 61.0 要 0
280.973 281.15 63.0 你 0
281.156 281.516 61.0 快 0
281.522 281.705 59.0 乐 0
281.888 282.065 59.0 我 0
282.071 282.431 59.0 要 0
282.437 282.614 63.0 你 0
282.62 282.98 61.0 快 0
282.986 283.162 59.0 乐 1
283.17 283.346 63.0 我 0
283.353 283.529 66.0 知 0
283.535 283.895 66.0 道 0
283.901 284.078 63.0 我 0
284.084 284.444 63.0 明 0
284.45 284.81 61.0 了 0
284.816 284.993 59.0 我 0
284.999 285.176 59.0 想 0
285.182 285.542 61.0 要 0
285.548 285.724 61.0 你 0
285.731 286.096 59.0 快 0
286.279 286.456 59.0 乐 1
286.465 286.642 59.0 我 0
286.648 286.825 61.0 要 0
286.831 287.008 63.0 你 0
287.014 287.374 61.0 快 0
287.38 287.563 59.0 乐 0
287.746 287.923 59.0 我 0
287.929 288.288 59.0 要 0
288.295 288.471 63.0 你 0
288.477 288.837 61.0 快 0
288.843 289.02 59.0 乐 1
289.037 289.214 63.0 我 0
289.22 289.397 66.0 知 0
289.403 289.763 66.0 道 0
289.769 289.946 63.0 我 0
289.952 290.312 63.0 明 0
290.318 290.677 61.0 了 0
290.684 290.86 59.0 我 0
290.867 291.043 59.0 想 0
291.049 291.409 61.0 要 0
291.415 291.592 61.0 你 0
291.598 291.964 59.0 快 0
292.147 292.324 59.0 乐 1
292.331 292.508 59.0 我 0
292.514 292.691 61.0 要 0
292.697 292.874 63.0 你 0
292.88 293.239 61.0 快 0
293.246 293.428 59.0 乐 0
293.611 293.788 59.0 我 0
293.794 294.154 59.0 要 0
294.16 294.337 63.0 你 0
294.343 294.703 61.0 快 0
294.709 294.886 59.0 乐 1
294.894 295.071 66.0 我 0
295.077 295.254 66.0 知 0
295.26 295.62 66.0 道 0
295.626 295.802 63.0 我 0
295.809 296.168 63.0 明 0
296.174 296.534 61.0 了 0
296.54 296.717 59.0 我 0
296.723 296.9 59.0 想 0
296.906 297.266 61.0 要 0
297.272 297.449 61.0 你 0
297.455 297.821 59.0 快 0
298.004 298.18 59.0 乐 1
298.184 298.36 59.0 我 0
298.367 298.543 61.0 要 0
298.549 298.726 63.0 你 0
298.732 299.092 61.0 快 0
299.098 299.281 59.0 乐 0
299.464 299.641 59.0 我 0
299.647 300.007 59.0 要 0
300.013 300.19 63.0 你 0
300.196 300.556 61.0 快 0
300.562 300.738 59.0 乐 1
300.74 300.916 63.0 我 0
300.922 301.099 66.0 知 0
301.105 301.465 66.0 道 0
301.471 301.648 63.0 我 0
301.654 302.014 63.0 明 0
302.02 302.197 61.0 了 0
302.203 302.38 61.0 我 0
302.386 302.563 59.0 想 0
302.569 302.929 59.0 要 0
302.935 303.112 63.0 你 0
303.118 303.477 61.0 快 0
303.483 303.666 59.0 乐 1
303.707 303.884 59.0 我 0
303.89 304.25 59.0 要 0
304.256 304.433 63.0 你 0
304.439 304.799 61.0 快 0
304.805 304.988 59.0 乐 0
305.171 305.348 59.0 我 0
305.354 305.713 59.0 要 0
305.72 305.896 61.0 你 0
305.902 306.262 61.0 快 0
306.268 306.451 59.0 乐 1
306.686 306.863 59.0 要 0
306.869 307.046 59.0 - 0
307.052 307.229 61.0 - 0
307.235 307.412 63.0 你 0
307.418 307.778 61.0 快 0
307.784 307.967 59.0 乐 0
308.15 308.326 59.0 我 0
308.332 308.692 59.0 要 0
308.698 308.875 63.0 你 0
308.881 309.241 61.0 快 0
309.247 309.43 59.0 乐 1
309.765 310.125 59.0 要 0
310.131 310.308 63.0 你 0
310.314 310.673 61.0 快 0
310.68 310.862 59.0 乐 0
311.045 311.222 59.0 我 0
311.228 311.588 59.0 要 0
311.594 311.771 61.0 你 0
311.777 312.228 59.0 快 0
312.234 313.241 59.0 乐 1
