12.549 12.849 63.0 小 0
12.849 13.148 65.0 宝 0
13.148 13.747 67.0 贝 1
14.029 14.179 67.0 我 0
14.179 14.329 67.0 用 0
14.329 14.628 67.0 彩 0
14.628 14.928 65.0 虹 0
14.928 15.228 63.0 和 0
15.228 15.527 62.0 你 0
15.527 15.827 63.0 约 0
15.827 16.726 60.0 定 1
17.245 17.545 60.0 风 0
17.545 17.844 63.0 雨 0
17.844 18.743 65.0 过 0
18.743 19.043 65.0 后 0
19.043 19.343 65.0 阳 0
19.343 19.642 65.0 光 0
19.642 19.942 67.0 会 0
19.942 20.242 63.0 微 0
20.242 21.44 65.0 笑 1
21.962 22.262 63.0 平 0
22.262 22.562 65.0 安 0
22.562 23.161 67.0 地 0
23.161 23.76 68.0 长 0
23.76 24.358 70.0 大 1
24.839 24.989 67.0 迎 0
24.989 25.139 67.0 接 0
25.139 25.438 67.0 希 0
25.438 25.737 65.0 望 0
25.737 26.037 63.0 的 0
26.037 26.336 65.0 未 0
26.336 26.635 60.0 来 1
26.921 27.221 60.0 就 0
27.221 27.52 67.0 像 0
27.52 27.819 65.0 红 0
27.819 28.118 65.0 橙 0
28.118 28.418 65.0 黄 0
28.418 28.717 65.0 绿 0
28.717 29.316 65.0 蓝 0
29.316 29.914 67.0 靛 0
29.914 31.111 63.0 紫 1
31.687 31.986 63.0 小 0
31.986 32.285 65.0 宝 0
32.285 32.884 67.0 贝 1
33.192 33.342 67.0 我 0
33.342 33.491 67.0 用 0
33.491 33.79 67.0 彩 0
33.79 34.089 65.0 虹 0
34.089 34.389 63.0 和 0
34.389 34.688 62.0 你 0
34.688 34.987 63.0 约 0
34.987 35.885 60.0 定 1
36.446 36.745 60.0 一 0
36.745 37.045 63.0 起 0
37.045 37.943 65.0 走 0
37.943 38.242 65.0 过 0
38.242 38.541 65.0 童 0
38.541 38.841 65.0 年 0
38.841 39.14 67.0 的 0
39.14 39.439 63.0 记 0
39.439 40.637 65.0 忆 1
41.184 41.484 63.0 快 0
41.484 41.783 65.0 乐 0
41.783 42.382 67.0 的 0
42.382 42.98 68.0 长 0
42.98 43.579 70.0 大 1
43.838 43.988 67.0 迎 0
43.988 44.137 67.0 接 0
44.137 44.437 67.0 灿 0
44.437 44.736 65.0 烂 0
44.736 45.035 63.0 的 0
45.035 45.335 65.0 未 0
45.335 45.634 60.0 来 1
45.96 46.26 60.0 就 0
46.26 46.559 67.0 像 0
46.559 46.858 65.0 红 0
46.858 47.158 65.0 橙 0
47.158 47.457 65.0 黄 0
47.457 47.756 65.0 绿 0
47.756 48.355 65.0 蓝 0
48.355 48.953 67.0 靛 0
48.953 50.151 63.0 紫 1
51.126 51.425 63.0 彩 0
51.425 52.024 72.0 虹 0
52.323 52.622 72.0 是 0
52.622 52.921 68.0 希 0
52.921 53.52 67.0 望 0
53.52 53.819 68.0 的 0
53.819 54.119 67.0 约 0
54.119 55.017 65.0 定 1
55.53 55.83 67.0 也 0
55.83 56.129 68.0 是 0
56.129 56.727 70.0 最 0
57.326 57.925 67.0 真 0
57.925 58.224 65.0 的 0
58.224 59.721 67.0 爱 1
60.349 60.649 65.0 亲 0
60.649 60.948 67.0 亲 0
60.948 61.247 70.0 宝 0
61.247 62.145 72.0 贝 1
62.716 63.015 67.0 我 0
63.015 63.314 68.0 们 0
63.314 63.614 70.0 爱 0
63.614 64.512 72.0 你 0
64.512 64.811 67.0 到 0
64.811 65.11 65.0 - 0
65.11 65.41 65.0 永 0
65.41 67.505 67.0 远 1
70.323 70.622 63.0 彩 0
70.622 71.22 72.0 虹 0
71.52 71.819 72.0 是 0
71.819 72.118 68.0 幸 0
72.118 72.717 67.0 福 0
72.717 73.016 68.0 的 0
73.016 73.316 67.0 约 0
73.316 74.214 65.0 定 1
74.707 75.006 67.0 也 0
75.006 75.306 68.0 是 0
75.306 75.904 70.0 永 0
76.503 76.802 67.0 恒 0
76.802 77.102 65.0 - 0
77.102 77.401 65.0 的 0
77.401 78.898 67.0 爱 1
79.464 79.763 65.0 亲 0
79.763 80.063 67.0 亲 0
80.063 80.362 70.0 宝 0
80.362 81.26 72.0 贝 1
81.994 82.293 67.0 陪 0
82.293 82.592 68.0 伴 0
82.592 82.892 70.0 你 0
82.892 83.79 72.0 直 0
83.79 84.388 67.0 到 0
84.388 84.687 65.0 永 0
84.687 86.783 63.0 远 1
98.608 98.907 63.0 小 0
98.907 99.207 65.0 宝 0
99.207 99.805 67.0 贝 1
100.15 100.299 67.0 我 0
100.299 100.449 67.0 用 0
100.449 100.748 67.0 彩 0
100.748 101.048 65.0 虹 0
101.048 101.347 63.0 和 0
101.347 101.646 62.0 你 0
101.646 101.946 63.0 约 0
101.946 102.843 60.0 定 1
103.555 103.854 60.0 一 0
103.854 104.154 67.0 起 0
104.154 105.052 65.0 走 0
105.052 105.351 65.0 过 0
105.351 105.65 65.0 童 0
105.65 105.95 65.0 年 0
105.95 106.249 67.0 的 0
106.249 106.548 63.0 记 0
106.548 107.746 65.0 忆 1
108.252 108.552 63.0 快 0
108.552 108.851 65.0 乐 0
108.851 109.45 67.0 的 0
109.45 110.048 68.0 长 0
110.048 110.647 70.0 大 1
110.922 111.072 67.0 迎 0
111.072 111.222 67.0 接 0
111.222 111.521 67.0 灿 0
111.521 111.82 65.0 烂 0
111.82 112.12 63.0 的 0
112.12 112.419 65.0 未 0
112.419 112.718 60.0 来 1
113.041 113.34 60.0 就 0
113.34 113.639 67.0 像 0
113.639 113.939 65.0 红 0
113.939 114.238 65.0 橙 0
114.238 114.537 65.0 黄 0
114.537 114.837 65.0 绿 0
114.837 115.435 65.0 蓝 0
115.435 116.034 67.0 靛 0
116.034 117.231 63.0 紫 1
118.049 118.348 63.0 彩 0
118.348 118.947 72.0 虹 0
119.246 119.545 72.0 是 0
119.545 119.845 68.0 希 0
119.845 120.443 67.0 望 0
120.443 120.743 68.0 的 0
120.743 121.042 67.0 约 0
121.042 121.94 65.0 定 1
122.688 122.987 67.0 也 0
122.987 123.286 68.0 是 0
123.286 123.885 70.0 最 0
124.484 125.082 67.0 真 0
125.082 125.382 65.0 的 0
125.382 126.878 67.0 爱 1
127.327 127.626 65.0 亲 0
127.626 127.926 67.0 亲 0
127.926 128.225 70.0 宝 0
128.225 129.123 72.0 贝 1
129.882 130.181 67.0 我 0
130.181 130.481 68.0 们 0
130.481 130.78 70.0 爱 0
130.78 131.678 72.0 你 0
131.678 131.977 67.0 到 0
131.977 132.277 65.0 - 0
132.277 132.576 65.0 永 0
132.576 134.671 67.0 远 1
137.319 137.619 63.0 彩 0
137.619 138.217 72.0 虹 0
138.517 138.816 72.0 是 0
138.816 139.115 68.0 幸 0
139.115 139.714 67.0 福 0
139.714 140.013 68.0 的 0
140.013 140.313 67.0 约 0
140.313 141.211 65.0 定 1
141.836 142.136 67.0 也 0
142.136 142.435 68.0 是 0
142.435 143.034 70.0 永 0
143.633 143.932 67.0 恒 0
143.932 144.231 65.0 - 0
144.231 144.531 65.0 的 0
144.531 146.177 67.0 爱 1
146.566 146.865 65.0 亲 0
146.865 147.165 67.0 亲 0
147.165 147.464 70.0 宝 0
147.464 148.362 72.0 贝 1
149.036 149.335 67.0 陪 0
149.335 149.634 68.0 伴 0
149.634 149.934 70.0 你 0
149.934 150.832 72.0 直 0
150.832 151.43 67.0 到 0
151.43 151.73 65.0 永 0
151.73 153.825 63.0 远 1
175.744 176.045 63.0 彩 0
176.045 176.644 72.0 虹 0
176.944 177.243 72.0 是 0
177.243 177.543 68.0 希 0
177.543 178.142 67.0 望 0
178.142 178.442 68.0 的 0
178.442 178.741 67.0 约 0
178.741 179.64 65.0 定 1
180.111 180.4 67.0 也 0
180.4 180.689 68.0 是 0
180.689 181.267 70.0 最 0
181.883 182.5 67.0 真 0
182.5 182.799 67.0 的 0
182.799 184.296 67.0 爱 1
185.006 185.306 65.0 亲 0
185.306 185.605 67.0 亲 0
185.605 185.83 70.0 宝 0
185.83 186.802 72.0 贝 1
187.328 187.627 67.0 我 0
187.627 187.927 68.0 们 0
187.927 188.226 70.0 爱 0
188.226 189.124 72.0 你 0
189.124 189.423 67.0 到 0
189.423 189.722 65.0 - 0
189.722 190.022 65.0 永 0
190.022 192.117 67.0 远 1
194.893 195.192 63.0 彩 0
195.192 195.791 72.0 虹 0
196.09 196.389 72.0 是 0
196.389 196.689 68.0 幸 0
196.689 197.287 67.0 福 0
197.287 197.586 68.0 的 0
197.586 197.886 67.0 约 0
197.886 198.784 65.0 定 1
199.305 199.605 67.0 也 0
199.605 199.904 68.0 是 0
199.904 201.101 70.0 永 0
201.101 201.7 67.0 恒 0
201.7 201.999 67.0 的 0
201.999 203.496 67.0 爱 1
204.121 204.421 65.0 亲 0
204.421 204.72 67.0 亲 0
204.72 205.019 70.0 宝 0
205.019 205.917 72.0 贝 1
206.407 206.706 67.0 陪 0
206.706 207.005 68.0 伴 0
207.005 207.305 70.0 你 0
207.305 208.203 72.0 直 0
208.203 208.801 67.0 到 0
208.801 209.101 65.0 永 0
209.101 211.196 63.0 远 1
