26.068 26.457 75.0 夏 0
26.457 26.847 75.0 天 0
26.847 27.237 75.0 走 0
27.237 27.626 73.0 了 0
27.626 28.016 75.0 菊 0
28.016 28.406 73.0 花 0
28.406 28.795 66.0 开 0
28.795 29.185 68.0 - 0
29.185 30.354 71.0 了 1
32.273 32.662 71.0 秋 0
32.662 33.052 71.0 风 0
33.052 33.441 71.0 送 0
33.441 33.831 68.0 来 0
33.831 34.221 80.0 点 0
34.221 34.61 78.0 点 0
34.61 35.0 78.0 的 0
35.0 35.39 73.0 忧 0
35.39 37.338 75.0 虑 1
38.534 38.924 75.0 阵 0
38.924 39.314 75.0 阵 0
39.314 39.703 73.0 秋 0
39.703 40.093 75.0 - 0
40.093 40.476 75.0 雨 0
40.476 40.872 78.0 - 0
41.651 42.041 75.0 敲 0
42.041 42.43 73.0 打 0
42.43 42.82 73.0 着 0
42.82 43.21 71.0 玻 0
43.21 43.989 68.0 璃 1
44.79 45.18 73.0 片 0
45.18 45.375 73.0 片 0
45.375 45.569 73.0 的 0
45.569 45.959 73.0 落 0
45.959 46.349 75.0 叶 0
46.349 46.738 73.0 片 0
46.738 47.128 75.0 片 0
47.517 47.907 68.0 愁 0
47.907 49.465 66.0 绪 1
50.994 51.384 75.0 坐 0
51.384 51.773 75.0 在 0
51.773 52.163 75.0 窗 0
52.163 52.552 73.0 前 0
52.552 52.942 75.0 翻 0
52.942 53.332 73.0 看 0
53.332 53.721 66.0 日 0
53.721 54.111 68.0 - 0
54.111 55.669 71.0 记 1
57.258 57.647 71.0 字 0
57.647 58.037 71.0 里 0
58.037 58.427 71.0 行 0
58.427 58.816 68.0 间 0
58.816 59.206 80.0 写 0
59.206 59.595 78.0 满 0
59.595 59.985 78.0 都 0
59.985 60.375 73.0 是 0
60.375 62.323 75.0 你 1
63.435 63.825 75.0 昨 0
63.825 64.215 75.0 日 0
64.215 64.604 73.0 的 0
64.604 64.994 75.0 浪 0
64.994 65.773 78.0 漫 0
66.552 66.942 75.0 难 0
66.942 67.332 73.0 忘 0
67.332 67.721 73.0 的 0
67.721 68.111 71.0 记 0
68.111 68.89 68.0 忆 1
69.635 70.22 73.0 一 0
70.22 70.414 73.0 点 0
70.414 70.804 73.0 一 0
70.804 71.194 75.0 滴 0
71.194 71.583 73.0 烙 0
71.583 71.973 75.0 印 0
71.973 72.362 66.0 在 0
72.362 72.752 68.0 心 0
72.752 75.09 71.0 里 1
75.91 76.494 78.0 我 0
76.494 76.689 78.0 的 0
76.689 77.079 78.0 快 0
77.079 77.468 80.0 乐 0
77.468 78.248 83.0 就 0
78.248 78.637 82.0 是 0
78.637 79.027 75.0 想 0
79.027 81.364 78.0 你 1
82.155 82.544 80.0 生 0
82.544 82.934 83.0 命 0
82.934 83.324 80.0 为 0
83.324 83.713 78.0 你 0
83.713 84.103 80.0 跳 0
84.103 84.492 78.0 - 0
84.492 84.882 75.0 动 0
85.272 85.661 68.0 为 0
85.661 86.051 68.0 了 0
86.051 86.44 75.0 你 0
86.44 86.83 71.0 呼 0
86.83 87.999 73.0 吸 1
88.302 88.692 75.0 昨 0
88.692 89.082 75.0 日 0
89.082 89.471 73.0 的 0
89.471 89.861 75.0 幸 0
89.861 90.251 75.0 福 0
90.251 91.03 78.0 - 0
91.419 91.809 73.0 曾 0
91.809 92.199 75.0 经 0
92.199 92.588 73.0 的 0
92.588 92.978 71.0 甜 0
92.978 93.757 68.0 蜜 1
94.585 94.975 73.0 孤 0
94.975 95.364 73.0 独 0
95.364 95.754 73.0 寂 0
95.754 96.144 75.0 寞 0
96.144 96.533 73.0 角 0
96.533 96.923 71.0 - 0
96.923 97.313 68.0 落 0
97.702 98.092 80.0 思 0
98.092 98.481 83.0 念 0
98.481 98.871 83.0 你 0
98.871 99.261 75.0 哭 0
99.261 99.648 75.0 泣 0
99.648 100.429 78.0 - 1
100.809 101.199 78.0 我 0
101.199 101.588 78.0 的 0
101.588 101.978 78.0 快 0
101.978 102.367 80.0 乐 0
102.367 102.952 83.0 就 0
102.952 103.536 82.0 是 0
103.536 103.926 75.0 想 0
103.926 106.264 78.0 你 1
107.063 107.452 80.0 生 0
107.452 107.842 83.0 命 0
107.842 108.232 80.0 为 0
108.232 108.621 78.0 你 0
108.621 109.011 80.0 跳 0
109.011 109.4 78.0 - 0
109.4 109.79 75.0 动 0
110.18 110.569 71.0 等 0
110.569 110.959 68.0 待 0
110.959 111.348 75.0 再 0
111.348 111.738 71.0 相 0
111.738 112.137 71.0 聚 0
112.137 112.907 73.0 - 1
113.29 113.679 75.0 你 0
113.679 114.069 75.0 是 0
114.069 114.458 73.0 我 0
114.458 114.848 75.0 的 0
114.848 115.23 75.0 baby 0
115.23 115.627 78.0 - 0
115.627 116.017 78.0 - 0
116.406 116.796 73.0 不 0
116.796 117.186 75.0 让 0
117.186 117.575 73.0 你 0
117.575 117.965 71.0 委 0
117.965 118.744 68.0 屈 1
119.514 119.904 66.0 你 0
119.904 120.293 68.0 是 0
120.293 120.683 68.0 我 0
120.683 121.073 66.0 的 0
121.073 121.462 78.0 最 0
121.462 121.852 80.0 - 0
121.852 122.242 75.0 爱 0
122.631 123.021 73.0 无 0
123.021 123.41 75.0 人 0
123.41 123.8 66.0 能 0
123.8 124.19 68.0 代 0
124.19 126.917 71.0 替 1
150.692 151.082 75.0 坐 0
151.082 151.471 75.0 在 0
151.471 151.861 75.0 窗 0
151.861 152.251 73.0 前 0
152.251 152.64 75.0 翻 0
152.64 153.03 73.0 看 0
153.03 153.419 66.0 日 0
153.419 153.809 68.0 - 0
153.809 155.367 71.0 记 1
156.909 157.298 71.0 字 0
157.298 157.688 71.0 里 0
157.688 158.078 71.0 行 0
158.078 158.467 68.0 间 0
158.467 158.857 80.0 写 0
158.857 159.246 78.0 满 0
159.246 159.636 78.0 都 0
159.636 160.026 73.0 是 0
160.026 161.974 75.0 你 1
163.25 163.639 75.0 昨 0
163.639 164.029 75.0 日 0
164.029 164.418 73.0 的 0
164.418 164.808 75.0 浪 0
164.808 165.182 75.0 漫 0
165.182 165.587 78.0 - 0
166.366 166.756 75.0 难 0
166.756 167.146 73.0 忘 0
167.146 167.535 73.0 的 0
167.535 167.925 71.0 记 0
167.925 168.704 68.0 忆 1
169.469 170.054 73.0 一 0
170.054 170.249 73.0 点 0
170.249 170.638 73.0 一 0
170.638 171.028 75.0 滴 0
171.028 171.417 73.0 烙 0
171.417 171.807 75.0 印 0
171.807 172.197 66.0 在 0
172.197 172.586 68.0 心 0
172.586 174.924 71.0 里 1
175.633 176.218 78.0 我 0
176.218 176.412 78.0 的 0
176.412 176.802 78.0 快 0
176.802 177.192 80.0 乐 0
177.192 177.971 83.0 就 0
177.971 178.36 82.0 是 0
178.36 178.75 75.0 想 0
178.75 181.088 78.0 你 1
181.866 182.255 80.0 生 0
182.255 182.645 83.0 命 0
182.645 183.035 80.0 为 0
183.035 183.424 78.0 你 0
183.424 183.814 80.0 跳 0
183.814 184.204 78.0 - 0
184.204 184.593 75.0 动 0
184.983 185.372 71.0 为 0
185.372 185.762 68.0 了 0
185.762 186.152 75.0 你 0
186.152 186.541 71.0 呼 0
186.541 186.92 71.0 吸 0
186.92 187.71 73.0 - 1
188.077 188.466 75.0 昨 0
188.466 188.856 78.0 日 0
188.856 189.245 73.0 的 0
189.245 189.635 75.0 幸 0
189.635 190.014 75.0 福 0
190.014 190.804 78.0 - 0
191.194 191.583 73.0 曾 0
191.583 191.973 75.0 经 0
191.973 192.362 73.0 的 0
192.362 192.752 71.0 甜 0
192.752 193.531 68.0 蜜 1
194.295 194.685 73.0 孤 0
194.685 195.075 73.0 独 0
195.075 195.464 73.0 寂 0
195.464 195.854 75.0 寞 0
195.854 196.243 73.0 角 0
196.243 196.633 71.0 - 0
196.633 197.023 68.0 落 0
197.412 197.802 80.0 思 0
197.802 198.191 83.0 念 0
198.191 198.581 83.0 你 0
198.581 198.971 75.0 哭 0
198.971 199.347 75.0 泣 0
199.347 200.14 78.0 - 1
200.616 201.006 78.0 我 0
201.006 201.395 78.0 的 0
201.395 201.785 78.0 快 0
201.785 202.175 80.0 乐 0
202.175 202.759 83.0 就 0
202.759 203.343 82.0 是 0
203.343 203.733 75.0 想 0
203.733 206.071 78.0 你 1
206.873 207.263 80.0 生 0
207.263 207.652 83.0 命 0
207.652 208.042 80.0 为 0
208.042 208.431 78.0 你 0
208.431 208.821 80.0 跳 0
208.821 209.211 78.0 - 0
209.211 209.6 75.0 动 0
209.99 210.379 71.0 等 0
210.379 210.769 68.0 待 0
210.769 211.159 75.0 再 0
211.159 211.548 71.0 相 0
211.548 211.93 71.0 聚 0
211.93 212.717 73.0 - 1
213.029 213.418 75.0 你 0
213.418 213.808 75.0 是 0
213.808 214.198 73.0 我 0
214.198 214.587 75.0 的 0
214.587 214.962 75.0 baby 0
214.962 215.366 78.0 - 0
215.366 215.756 78.0 - 0
216.146 216.535 73.0 不 0
216.535 216.925 75.0 让 0
216.925 217.314 73.0 你 0
217.314 217.704 71.0 委 0
217.704 218.483 68.0 屈 1
219.29 219.68 66.0 你 0
219.68 220.07 68.0 是 0
220.07 220.459 68.0 我 0
220.459 220.849 66.0 的 0
220.849 221.238 78.0 最 0
221.238 221.628 80.0 - 0
221.628 222.018 75.0 爱 0
222.407 222.797 73.0 无 0
222.797 223.187 75.0 人 0
223.187 223.576 66.0 能 0
223.576 223.966 68.0 代 0
223.966 225.524 71.0 替 1
225.525 226.11 78.0 我 0
226.11 226.304 78.0 的 0
226.304 226.694 78.0 快 0
226.694 227.084 80.0 乐 0
227.084 227.863 83.0 就 0
227.863 228.252 82.0 是 0
228.252 228.642 75.0 想 0
228.642 230.98 78.0 你 1
231.724 232.114 80.0 生 0
232.114 232.503 83.0 命 0
232.503 232.893 80.0 为 0
232.893 233.282 78.0 你 0
233.282 233.672 80.0 跳 0
233.672 234.062 78.0 - 0
234.062 234.451 75.0 动 0
234.841 235.23 71.0 为 0
235.23 235.62 68.0 了 0
235.62 236.01 75.0 你 0
236.01 236.399 71.0 呼 0
236.399 236.775 71.0 吸 0
236.775 237.568 73.0 - 1
237.972 238.361 75.0 昨 0
238.361 238.751 78.0 日 0
238.751 239.141 73.0 的 0
239.141 239.53 75.0 幸 0
239.53 239.903 75.0 福 0
239.903 240.699 78.0 - 0
241.089 241.478 73.0 曾 0
241.478 241.868 75.0 经 0
241.868 242.257 73.0 的 0
242.257 242.647 71.0 甜 0
242.647 243.426 68.0 蜜 1
244.167 244.557 73.0 孤 0
244.557 244.947 73.0 独 0
244.947 245.336 73.0 寂 0
245.336 245.726 75.0 寞 0
245.726 246.116 73.0 角 0
246.116 246.505 71.0 - 0
246.505 246.895 68.0 落 0
247.284 247.674 80.0 思 0
247.674 248.064 83.0 念 0
248.064 248.453 83.0 你 0
248.453 248.843 75.0 哭 0
248.843 249.224 75.0 泣 0
249.224 250.012 78.0 - 1
250.473 250.863 78.0 我 0
250.863 251.252 78.0 的 0
251.252 251.642 78.0 快 0
251.642 252.032 80.0 乐 0
252.032 252.616 83.0 就 0
252.616 253.201 82.0 是 0
253.201 253.59 75.0 想 0
253.59 255.928 78.0 你 1
256.749 257.139 80.0 生 0
257.139 257.528 83.0 命 0
257.528 257.918 80.0 为 0
257.918 258.307 78.0 你 0
258.307 258.697 80.0 跳 0
258.697 259.087 78.0 - 0
259.087 259.476 75.0 动 0
259.866 260.255 71.0 等 0
260.255 260.645 68.0 待 0
260.645 261.035 75.0 再 0
261.035 261.424 71.0 相 0
261.424 261.803 71.0 聚 0
261.803 262.593 73.0 - 1
263.017 263.406 75.0 你 0
263.406 263.796 78.0 是 0
263.796 264.186 73.0 我 0
264.186 264.575 75.0 的 0
264.575 264.95 75.0 baby 0
264.95 265.354 78.0 - 0
265.354 265.744 78.0 - 0
266.134 266.523 73.0 不 0
266.523 266.913 75.0 让 0
266.913 267.302 73.0 你 0
267.302 267.692 71.0 委 0
267.692 268.666 68.0 屈 1
269.092 269.481 66.0 你 0
269.481 269.871 68.0 是 0
269.871 270.26 68.0 我 0
270.26 270.65 66.0 的 0
270.65 271.04 78.0 最 0
271.04 271.429 78.0 - 0
271.429 271.819 75.0 爱 0
272.208 272.598 73.0 无 0
272.598 272.988 75.0 人 0
272.988 273.377 66.0 能 0
273.377 273.767 68.0 代 0
273.767 274.16 68.0 替 0
274.16 274.936 71.0 - 1
275.347 275.737 68.0 你 0
275.737 276.126 71.0 是 0
276.126 276.516 71.0 我 0
276.516 276.906 68.0 的 0
276.906 277.295 78.0 最 0
277.295 277.685 80.0 - 0
277.685 278.075 75.0 爱 0
278.464 278.854 73.0 无 0
278.854 279.243 73.0 人 0
279.243 279.828 75.0 - 0
280.023 280.802 66.0 能 0
280.802 281.581 68.0 代 0
281.581 285.867 71.0 替 1
