8.616 9.029 54.0 怕 0
9.033 9.446 54.0 你 0
9.449 9.863 49.0 多 0
9.866 10.279 52.0 情 0
10.283 10.696 54.0 怕 0
10.699 11.113 54.0 你 0
11.116 11.529 49.0 多 0
11.533 11.946 52.0 情 1
11.966 12.38 54.0 怕 0
12.383 12.796 54.0 - 0
12.8 13.213 49.0 我 0
13.216 13.63 52.0 不 0
13.633 14.359 54.0 忍 1
15.276 15.689 54.0 雨 0
15.693 16.106 52.0 下 0
16.109 16.522 49.0 不 0
16.526 16.939 52.0 停 0
16.943 17.356 54.0 雨 0
17.359 17.72 54.0 下 0
17.776 18.189 49.0 不 0
18.193 18.502 52.0 停 1
18.594 18.799 54.0 心 0
19.011 19.424 54.0 情 0
19.428 19.841 49.0 也 0
19.844 20.257 52.0 不 0
20.261 20.987 54.0 定 1
48.961 49.374 57.0 一 0
49.378 49.791 52.0 千 0
49.794 50.207 57.0 朵 0
50.211 50.624 59.0 玫 0
50.628 51.041 61.0 瑰 0
51.044 51.457 59.0 给 0
51.461 51.978 57.0 你 1
52.245 52.658 57.0 要 0
52.662 53.075 52.0 - 0
53.079 53.283 57.0 你 0
53.287 53.908 59.0 好 0
53.912 54.325 59.0 好 0
54.329 54.742 59.0 爱 0
54.745 55.575 61.0 自 0
55.662 56.075 57.0 己 1
56.078 56.491 52.0 一 0
56.495 56.908 57.0 万 0
56.912 57.325 59.0 万 0
57.328 57.741 59.0 句 0
57.745 58.158 59.0 对 0
58.162 58.783 57.0 不 1
58.913 59.326 57.0 离 0
59.33 59.743 52.0 - 0
59.746 59.899 57.0 开 0
59.955 60.576 59.0 是 0
60.58 60.993 61.0 - 0
60.996 61.409 59.0 不 0
61.413 63.545 57.0 得 1
64.444 64.857 52.0 宝 0
64.86 65.273 54.0 贝 0
65.277 65.95 57.0 对 0
66.11 66.732 57.0 不 0
66.944 67.357 57.0 起 0
67.777 68.19 61.0 不 0
68.194 68.607 64.0 是 0
68.61 69.44 66.0 不 0
69.444 70.013 64.0 疼 0
70.069 70.273 61.0 - 0
70.277 70.794 61.0 你 1
71.032 71.445 57.0 真 0
71.449 71.862 61.0 的 0
71.866 72.695 59.0 不 0
72.699 73.529 61.0 愿 0
73.532 74.102 61.0 意 0
74.366 74.779 57.0 又 0
74.782 75.195 61.0 让 0
75.199 76.029 59.0 你 0
76.032 76.654 61.0 哭 0
76.657 76.862 52.0 - 0
76.866 77.279 52.0 泣 1
77.672 78.085 52.0 宝 0
78.089 78.502 54.0 贝 0
78.505 79.335 57.0 对 0
79.339 80.168 57.0 不 0
80.172 80.689 57.0 起 0
81.005 81.418 61.0 不 0
81.422 81.679 64.0 是 0
81.839 82.668 66.0 不 0
82.672 83.293 64.0 爱 0
83.297 83.502 61.0 - 0
83.505 83.918 61.0 你 1
84.397 84.81 57.0 我 0
84.813 85.226 61.0 也 0
85.23 86.06 59.0 不 0
86.063 86.893 57.0 愿 0
86.897 87.31 54.0 意 0
87.73 88.143 52.0 又 0
88.147 88.56 54.0 让 0
88.563 89.237 57.0 你 0
89.397 90.018 57.0 伤 0
90.23 91.476 57.0 心 1
91.787 92.2 54.0 让 0
92.203 92.616 54.0 - 0
92.62 93.033 49.0 我 0
93.037 93.45 52.0 相 0
93.453 93.866 54.0 信 0
93.87 94.283 54.0 让 0
94.287 94.7 49.0 我 0
94.703 95.116 52.0 相 1
95.279 95.692 54.0 你 0
95.696 96.109 52.0 会 0
96.112 96.525 49.0 好 0
96.529 96.942 52.0 好 0
96.946 97.671 54.0 的 1
98.494 98.907 54.0 不 0
98.911 99.324 54.0 - 0
99.328 99.741 49.0 必 0
99.744 100.157 52.0 约 0
100.161 100.574 54.0 定 0
100.578 100.991 52.0 不 0
100.994 101.407 49.0 必 0
101.411 101.824 52.0 约 0
101.869 102.282 54.0 定 1
102.285 102.698 54.0 也 0
102.702 103.115 49.0 不 0
103.119 103.323 52.0 会 0
103.535 104.365 54.0 记 1
105.718 106.131 57.0 一 0
106.134 106.547 52.0 千 0
106.551 106.964 57.0 颗 0
106.968 107.381 59.0 真 0
107.384 107.797 59.0 心 0
107.801 108.214 59.0 给 0
108.218 108.735 57.0 你 1
108.98 109.393 57.0 你 0
109.397 109.81 52.0 不 0
109.813 110.018 57.0 要 0
110.022 110.435 59.0 沉 0
110.647 111.06 57.0 默 0
111.063 111.476 59.0 不 0
111.48 111.685 59.0 语 0
111.688 112.049 61.0 - 1
112.309 112.722 57.0 一 0
112.726 113.139 52.0 - 0
113.143 113.556 57.0 万 0
113.559 113.972 59.0 万 0
113.976 114.389 59.0 句 0
114.393 114.806 57.0 我 0
114.809 115.431 57.0 爱 1
115.536 115.949 57.0 我 0
115.952 116.313 52.0 - 0
116.369 116.574 57.0 定 0
116.577 117.199 59.0 - 0
117.202 117.615 61.0 会 0
117.619 117.928 59.0 来 0
118.036 120.168 57.0 你 1
121.016 121.429 52.0 宝 0
121.433 121.846 54.0 - 0
121.85 122.523 57.0 贝 0
122.683 123.304 57.0 不 0
123.516 124.034 57.0 起 0
124.35 124.763 61.0 不 0
124.766 125.179 64.0 - 0
125.183 126.013 66.0 是 0
126.016 126.586 64.0 不 0
126.641 126.846 61.0 疼 0
126.85 127.367 61.0 - 1
127.788 128.201 57.0 真 0
128.205 128.618 61.0 的 0
128.621 129.451 59.0 不 0
129.455 130.284 61.0 愿 0
130.288 130.857 61.0 意 0
131.121 131.534 57.0 又 0
131.538 131.951 61.0 让 0
131.955 132.784 59.0 你 0
132.788 133.409 61.0 哭 0
133.413 133.618 52.0 - 0
133.621 134.034 52.0 泣 1
134.287 134.7 52.0 宝 0
134.703 135.118 54.0 - 0
135.12 135.794 57.0 贝 0
135.953 136.575 57.0 对 0
136.787 137.304 57.0 起 0
137.62 138.033 61.0 不 0
138.037 138.294 64.0 - 0
138.453 139.283 66.0 是 0
139.287 139.908 64.0 不 0
139.912 140.116 61.0 爱 0
140.12 140.533 61.0 - 1
141.115 141.528 57.0 我 0
141.532 141.945 61.0 也 0
141.949 142.778 59.0 不 0
142.782 143.612 57.0 愿 0
143.615 144.133 54.0 意 0
144.449 144.862 52.0 又 0
144.865 145.278 54.0 让 0
145.282 145.956 57.0 你 0
146.115 146.737 57.0 伤 0
146.949 148.195 57.0 心 1
174.283 174.696 52.0 宝 0
174.699 175.112 54.0 - 0
175.116 175.946 57.0 贝 0
175.949 176.779 57.0 对 0
176.783 177.196 57.0 不 0
177.616 178.029 61.0 不 0
178.033 178.446 64.0 - 0
178.449 179.279 66.0 是 0
179.283 179.852 64.0 不 0
179.908 180.113 61.0 疼 0
180.116 180.633 61.0 - 1
181.088 181.502 57.0 真 0
181.505 181.918 61.0 的 0
181.922 182.752 59.0 不 0
182.755 183.585 61.0 愿 0
183.588 184.158 61.0 意 0
184.422 184.835 57.0 又 0
184.838 185.252 61.0 让 0
185.255 186.085 59.0 你 0
186.088 186.71 61.0 哭 0
186.713 186.918 52.0 - 0
186.922 187.335 52.0 泣 1
187.754 188.167 52.0 宝 0
188.171 188.584 54.0 贝 0
188.587 189.365 57.0 对 0
189.421 190.198 57.0 不 0
190.254 190.771 57.0 起 0
191.087 191.501 61.0 不 0
191.504 191.917 64.0 是 0
191.921 192.751 66.0 不 0
192.754 193.376 64.0 爱 0
193.379 193.584 61.0 - 0
193.587 194.001 61.0 你 1
194.385 194.798 57.0 我 0
194.801 195.215 61.0 也 0
195.218 196.048 59.0 不 0
196.051 196.881 57.0 愿 0
196.885 197.298 54.0 意 0
197.718 198.131 52.0 又 0
198.135 198.548 54.0 让 0
198.551 199.381 57.0 你 0
199.385 200.215 57.0 伤 0
200.218 200.996 57.0 心 1
201.076 201.49 52.0 宝 0
201.493 201.906 54.0 贝 0
201.91 202.74 57.0 对 0
202.743 203.573 57.0 不 0
203.576 204.094 57.0 起 0
204.41 204.823 61.0 不 0
204.826 205.24 64.0 是 0
205.243 206.073 66.0 不 0
206.076 206.698 64.0 疼 0
206.701 206.906 61.0 - 0
206.91 207.427 61.0 你 1
207.686 208.099 57.0 真 0
208.103 208.516 61.0 - 0
208.519 209.349 59.0 的 0
209.353 210.183 61.0 不 0
210.186 210.755 61.0 愿 0
211.019 211.433 57.0 又 0
211.436 211.849 61.0 - 0
211.853 212.683 59.0 让 0
212.686 213.308 61.0 你 0
213.311 213.516 52.0 哭 0
213.519 213.933 52.0 - 1
214.476 214.889 52.0 宝 0
214.892 215.306 54.0 贝 0
215.309 215.983 57.0 对 0
216.142 216.764 57.0 不 0
216.976 217.493 57.0 起 0
217.809 218.222 61.0 不 0
218.226 218.483 64.0 是 0
218.642 219.472 66.0 不 0
219.476 220.097 64.0 爱 0
220.101 220.201 61.0 你 0
220.309 220.722 61.0 - 1
221.128 221.542 57.0 我 0
221.545 221.958 61.0 也 0
221.962 222.792 59.0 不 0
222.795 223.625 57.0 愿 0
223.628 224.146 54.0 意 0
224.462 224.875 52.0 又 0
224.878 225.292 54.0 让 0
225.295 226.073 57.0 你 0
226.128 226.906 57.0 伤 0
226.962 228.208 57.0 心 1
228.514 228.928 54.0 怕 0
228.931 229.344 54.0 - 0
229.348 229.761 49.0 你 0
229.764 230.178 52.0 多 0
230.181 230.594 54.0 情 0
230.598 231.011 54.0 怕 0
231.014 231.428 49.0 你 0
231.431 231.844 52.0 多 0
231.873 232.286 54.0 情 1
232.289 232.703 54.0 怕 0
232.706 233.119 49.0 我 0
233.123 233.38 52.0 不 0
233.539 234.265 54.0 心 1
235.248 235.661 54.0 雨 0
235.665 236.078 54.0 下 0
236.081 236.495 49.0 不 0
236.498 236.911 52.0 停 0
236.915 237.328 54.0 雨 0
237.331 237.745 54.0 下 0
237.748 238.161 49.0 不 0
238.165 238.578 52.0 停 1
238.647 239.061 54.0 心 0
239.064 239.477 54.0 情 0
239.481 239.894 49.0 也 0
239.897 240.311 52.0 不 0
240.314 241.144 54.0 定 1
241.886 242.299 54.0 让 0
242.302 242.716 54.0 我 0
242.719 243.132 49.0 相 0
243.136 243.393 52.0 信 0
243.552 243.966 54.0 让 0
243.969 244.382 54.0 我 0
244.386 244.799 49.0 相 0
244.802 245.216 52.0 信 1
245.263 245.676 54.0 你 0
245.68 246.093 54.0 会 0
246.096 246.51 49.0 好 0
246.513 246.926 52.0 好 0
246.93 247.76 54.0 的 1
248.611 249.025 54.0 不 0
249.028 249.441 54.0 必 0
249.445 249.858 49.0 约 0
249.861 250.275 52.0 定 0
250.278 250.691 54.0 不 0
250.695 251.056 54.0 必 0
251.111 251.525 49.0 约 0
251.528 251.941 52.0 定 1
251.979 252.392 54.0 也 0
252.395 252.809 54.0 不 0
252.812 253.225 49.0 会 0
253.229 253.642 52.0 忘 0
253.645 254.371 54.0 记 1
