16.815 17.035 54.0 绕 0
17.043 17.491 56.0 - 0
17.499 17.72 52.0 着 0
17.727 18.632 54.0 山 0
18.64 20.001 59.0 路 0
20.465 20.685 57.0 走 0
20.921 21.37 57.0 得 0
21.377 22.282 57.0 累 0
22.29 23.309 56.0 了 0
24.077 24.527 61.0 去 0
24.534 24.983 57.0 - 0
24.991 25.897 59.0 留 0
25.905 26.697 64.0 片 0
26.819 27.268 57.0 刻 0
27.276 27.496 59.0 要 0
27.504 28.182 61.0 如 0
28.189 28.639 57.0 何 0
28.646 29.667 54.0 取 0
31.386 31.835 56.0 舍 0
31.843 32.292 52.0 去 0
32.299 33.206 54.0 年 0
33.213 34.119 59.0 捡 0
35.041 35.49 57.0 的 0
35.498 35.947 59.0 美 0
35.955 36.861 57.0 丽 0
36.868 37.775 56.0 贝 0
38.672 39.121 61.0 壳 0
39.129 39.578 57.0 心 0
39.586 40.492 59.0 不 0
40.499 41.063 64.0 透 0
41.185 41.406 56.0 彻 0
41.413 41.863 57.0 不 0
41.87 42.091 59.0 会 0
42.099 42.662 61.0 懂 0
42.784 43.233 61.0 多 0
43.241 44.147 63.0 难 0
44.591 45.04 56.0 得 0
45.048 45.954 64.0 以 0
45.961 46.411 61.0 为 0
46.418 46.639 63.0 只 0
46.647 47.096 64.0 要 0
47.104 47.781 68.0 简 0
47.789 48.238 66.0 单 0
48.246 48.695 64.0 的 0
48.703 49.381 63.0 生 0
49.67 50.119 59.0 活 0
50.126 50.347 61.0 就 0
50.355 50.804 63.0 能 0
50.812 51.49 66.0 平 0
51.497 51.946 64.0 息 0
51.954 52.403 63.0 了 0
52.411 52.974 61.0 脉 0
53.4 53.849 57.0 搏 0
53.857 54.077 59.0 却 0
54.085 54.306 59.0 忘 0
54.314 54.763 61.0 了 0
54.77 55.22 64.0 在 0
55.227 55.677 63.0 逃 0
55.684 56.134 61.0 什 0
56.141 59.005 63.0 么 0
59.442 59.72 61.0 我 0
60.016 60.438 68.0 的 0
60.735 61.291 68.0 爱 0
61.637 62.081 61.0 明 0
62.088 62.306 60.0 明 0
62.314 62.757 61.0 还 0
62.765 63.998 68.0 在 0
64.024 64.242 61.0 转 0
64.249 64.693 72.0 - 0
64.7 65.144 73.0 身 0
65.151 65.595 70.0 了 0
65.603 66.046 68.0 才 0
66.054 66.497 68.0 明 0
66.645 66.863 66.0 白 0
66.87 67.314 66.0 该 0
67.321 67.765 68.0 把 0
67.772 67.99 65.0 幸 0
67.998 68.441 65.0 福 0
68.9 69.343 58.0 找 0
69.351 69.795 65.0 回 0
69.802 71.035 65.0 来 0
71.063 71.281 61.0 而 0
71.288 71.506 63.0 - 0
71.514 71.957 65.0 不 0
71.965 72.183 68.0 是 0
72.19 72.859 68.0 各 0
72.867 73.31 61.0 自 0
73.318 74.1 63.0 缅 0
74.263 74.707 61.0 怀 0
74.714 75.166 68.0 我 0
75.268 75.714 68.0 会 0
76.118 76.564 61.0 在 0
76.572 76.791 60.0 沿 0
76.798 77.244 61.0 海 0
77.308 78.434 68.0 地 0
78.534 78.753 61.0 带 0
78.761 79.206 72.0 等 0
79.214 79.66 73.0 着 0
79.667 80.113 70.0 潮 0
80.121 80.567 68.0 汐 0
80.574 81.02 68.0 更 0
81.027 81.247 66.0 改 0
81.311 81.757 66.0 送 0
81.764 82.21 68.0 你 0
82.218 82.437 65.0 回 0
82.444 83.343 65.0 - 0
85.743 85.962 61.0 来 0
85.97 86.189 63.0 你 0
86.197 86.642 65.0 走 0
86.65 86.869 68.0 路 0
86.877 87.549 68.0 姿 0
87.557 87.776 61.0 态 0
87.783 88.003 63.0 微 0
88.01 88.403 65.0 笑 0
88.464 88.683 68.0 的 0
88.747 89.193 68.0 神 0
89.336 89.555 61.0 态 0
89.563 89.782 63.0 潜 0
89.789 90.235 65.0 意 0
90.243 90.462 68.0 识 0
90.696 91.369 68.0 曾 0
91.376 91.595 61.0 错 0
91.603 93.749 63.0 过 0
94.436 94.826 61.0 了 0
94.89 95.396 60.0 真 0
95.457 97.829 61.0 爱 0
113.695 114.364 56.0 以 0
114.597 115.492 64.0 为 0
115.499 115.943 61.0 只 0
115.95 116.168 63.0 要 0
116.176 116.619 64.0 简 0
116.627 117.296 68.0 单 0
117.303 117.747 66.0 的 0
117.754 118.198 64.0 生 0
118.205 118.427 61.0 活 0
118.431 118.874 63.0 - 0
119.114 119.558 59.0 就 0
119.565 119.783 61.0 - 0
119.791 120.234 63.0 能 0
120.242 120.911 66.0 平 0
120.918 121.362 64.0 息 0
121.369 121.813 61.0 了 0
121.82 122.379 61.0 脉 0
122.838 123.29 57.0 搏 0
123.298 123.516 59.0 却 0
123.523 124.192 61.0 忘 0
124.2 124.643 64.0 了 0
124.651 125.323 63.0 在 0
125.327 125.545 61.0 逃 0
125.553 128.129 63.0 什 0
128.273 128.523 61.0 么 0
128.79 129.04 66.0 我 0
129.048 129.556 68.0 的 0
129.565 130.124 68.0 - 0
130.403 130.847 61.0 爱 0
130.855 131.074 60.0 明 0
131.082 131.529 61.0 明 0
131.593 132.835 68.0 还 0
133.016 133.236 61.0 在 0
133.243 133.69 70.0 转 0
133.697 134.144 73.0 身 0
134.152 134.599 68.0 了 0
134.606 135.053 68.0 才 0
135.06 135.507 68.0 明 0
135.517 135.736 66.0 白 0
135.744 136.191 66.0 该 0
136.198 136.645 68.0 把 0
136.653 136.872 65.0 幸 0
136.88 137.327 65.0 - 0
137.789 138.235 58.0 福 0
138.243 138.69 65.0 找 0
138.697 139.939 65.0 回 0
140.022 140.242 61.0 来 0
140.249 140.469 63.0 而 0
140.477 140.923 65.0 不 0
140.931 141.151 68.0 是 0
141.158 142.059 68.0 各 0
142.067 142.286 61.0 自 0
142.294 143.081 63.0 缅 0
143.249 143.695 61.0 怀 0
143.703 144.036 68.0 我 0
144.157 144.604 68.0 会 0
145.066 145.513 61.0 在 0
145.52 145.74 60.0 沿 0
145.747 146.194 61.0 海 0
146.202 147.33 68.0 地 0
147.502 147.721 61.0 带 0
147.729 148.176 72.0 等 0
148.183 148.63 73.0 着 0
148.638 149.084 70.0 潮 0
149.092 149.539 72.0 汐 0
149.546 149.993 68.0 更 0
150.001 150.22 66.0 改 0
150.228 150.675 66.0 送 0
150.682 151.129 68.0 你 0
151.137 151.356 65.0 回 0
151.364 151.697 65.0 来 0
151.704 152.265 65.0 - 0
154.643 154.863 61.0 你 0
154.87 155.09 63.0 - 0
155.097 155.544 65.0 走 0
155.552 155.771 68.0 路 0
155.779 156.453 68.0 姿 0
156.46 156.68 61.0 态 0
156.688 156.907 63.0 微 0
156.915 157.362 65.0 笑 0
157.369 157.589 68.0 的 0
157.596 158.043 68.0 神 0
158.205 158.424 61.0 态 0
158.432 158.652 63.0 潜 0
158.659 159.106 65.0 意 0
159.113 159.333 68.0 识 0
159.568 160.015 68.0 曾 0
160.022 160.469 61.0 错 0
160.476 162.627 63.0 过 0
163.203 163.649 65.0 了 0
163.657 163.876 63.0 真 0
163.884 164.104 63.0 - 0
164.111 164.558 61.0 爱 0
165.441 165.661 61.0 - 0
165.668 165.888 61.0 莫 0
165.896 166.342 61.0 非 0
166.35 166.569 63.0 这 0
166.577 167.024 64.0 是 0
167.031 167.705 66.0 上 0
167.713 168.046 68.0 天 0
168.167 168.387 68.0 善 0
168.394 168.841 71.0 意 0
168.849 169.296 68.0 的 0
169.303 170.431 68.0 按 0
170.834 171.054 68.0 排 0
171.061 171.281 66.0 好 0
171.288 171.508 64.0 让 0
171.516 171.962 66.0 心 0
171.97 172.19 68.0 更 0
172.197 172.417 68.0 坚 0
172.879 173.098 66.0 定 0
173.106 173.325 64.0 彼 0
173.333 173.78 66.0 此 0
173.787 174.007 68.0 更 0
174.014 174.234 68.0 接 0
174.696 174.916 66.0 近 0
174.923 176.96 68.0 真 0
177.031 177.769 69.0 爱 0
177.976 178.378 71.0 我 0
178.381 179.014 71.0 的 0
179.134 180.077 69.0 爱 0
180.083 180.53 62.0 明 0
180.537 180.757 61.0 明 0
180.765 181.211 62.0 还 0
181.219 182.461 69.0 在 0
182.485 182.704 62.0 转 0
182.712 183.159 73.0 身 0
183.167 183.613 74.0 了 0
183.621 184.068 71.0 才 0
184.076 184.523 69.0 明 0
184.53 184.977 69.0 白 0
185.088 185.307 67.0 该 0
185.315 185.762 67.0 把 0
185.77 186.216 69.0 幸 0
186.224 186.444 66.0 - 0
186.451 186.898 66.0 福 0
187.36 187.807 59.0 找 0
187.815 188.262 66.0 回 0
188.27 189.512 66.0 来 0
189.536 189.756 62.0 而 0
189.763 189.983 64.0 - 0
189.991 190.438 66.0 不 0
190.445 190.665 69.0 是 0
190.673 191.347 69.0 各 0
191.354 191.801 62.0 自 0
191.809 192.597 64.0 缅 0
192.716 193.163 62.0 怀 0
193.171 193.504 69.0 我 0
193.625 194.072 69.0 会 0
194.534 194.981 62.0 在 0
194.989 195.208 61.0 沿 0
195.216 195.663 62.0 海 0
195.671 196.799 69.0 地 0
196.977 197.197 62.0 带 0
197.204 197.651 73.0 等 0
197.659 198.106 74.0 着 0
198.114 198.56 71.0 潮 0
198.568 199.015 73.0 汐 0
199.023 199.47 69.0 更 0
199.477 199.697 67.0 改 0
199.704 200.151 67.0 学 0
200.386 200.833 66.0 着 0
200.841 203.674 74.0 忍 0
204.191 204.41 74.0 耐 0
204.418 204.638 73.0 不 0
204.645 205.092 71.0 再 0
205.1 205.319 69.0 怕 0
205.327 205.774 69.0 伤 0
206.009 206.228 69.0 害 0
206.236 206.456 69.0 不 0
206.463 206.91 67.0 再 0
206.918 207.138 66.0 怕 0
207.145 207.819 66.0 期 0
207.841 208.061 66.0 待 0
208.068 208.288 66.0 潜 0
208.296 208.742 66.0 意 0
208.75 209.197 66.0 识 0
209.205 209.652 62.0 那 0
209.659 210.106 57.0 才 0
210.114 211.924 64.0 是 0
212.955 213.405 62.0 我 0
213.409 213.86 61.0 真 0
213.866 215.337 62.0 爱 0
215.447 217.883 66.0 - 0
218.589 218.809 62.0 你 0
218.817 219.036 64.0 走 0
219.044 219.438 66.0 路 0
219.498 219.718 69.0 姿 0
219.726 220.286 69.0 态 0
220.407 220.627 62.0 微 0
220.635 220.854 64.0 笑 0
220.862 221.309 66.0 的 0
221.317 221.536 69.0 神 0
221.544 222.218 69.0 态 0
222.388 222.608 62.0 潜 0
222.615 222.835 64.0 - 0
222.843 223.29 66.0 意 0
223.354 223.805 69.0 识 0
223.865 224.54 69.0 那 0
224.718 224.937 62.0 才 0
225.002 228.176 64.0 是 0
228.638 229.146 62.0 我 0
229.149 229.596 61.0 真 0
229.831 232.437 62.0 - 0
