19.931 20.264 44.0 让 0
20.264 21.263 49.0 软 0
21.263 21.596 51.0 弱 0
21.596 21.929 53.0 的 0
21.929 22.262 51.0 我 0
22.262 22.928 49.0 们 0
22.928 23.26 53.0 懂 0
23.26 23.926 56.0 得 0
23.926 24.259 58.0 残 0
24.259 24.925 56.0 忍 1
25.64 26.639 58.0 狠 0
26.639 26.972 61.0 狠 0
26.972 27.305 58.0 面 0
27.305 27.638 56.0 对 0
27.638 27.971 53.0 人 0
27.971 28.304 58.0 生 0
28.304 28.637 56.0 每 0
28.637 28.97 56.0 次 0
29.303 29.636 53.0 寒 0
29.636 30.218 51.0 冷 1
30.843 31.842 53.0 依 0
31.842 32.175 56.0 依 0
32.175 32.507 58.0 不 0
32.507 32.84 56.0 - 0
32.84 33.173 53.0 舍 0
33.173 33.506 51.0 的 0
33.506 33.839 51.0 爱 0
33.839 34.505 51.0 过 0
34.505 34.838 49.0 的 0
34.838 35.504 49.0 人 1
36.17 37.169 46.0 往 0
37.169 37.502 49.0 往 0
37.502 37.835 51.0 有 0
37.835 38.501 53.0 缘 0
38.501 38.667 51.0 没 0
38.667 39.0 49.0 有 0
39.0 39.749 49.0 份 1
40.974 41.307 49.0 谁 0
41.307 41.639 51.0 把 0
41.639 42.638 53.0 谁 0
42.638 42.971 56.0 真 0
42.971 43.221 58.0 的 0
43.221 43.554 56.0 当 0
43.554 44.303 53.0 真 1
44.312 44.645 58.0 谁 0
44.645 44.978 56.0 为 0
44.978 45.311 53.0 谁 0
45.311 45.644 58.0 心 0
45.644 46.31 56.0 疼 1
46.875 47.874 58.0 谁 0
47.874 48.207 61.0 是 0
48.207 48.54 58.0 唯 0
48.54 48.873 56.0 一 0
48.873 49.206 53.0 谁 0
49.206 49.539 58.0 的 0
49.539 49.872 56.0 - 0
49.872 50.87 56.0 人 1
52.137 53.136 53.0 伤 0
53.136 53.469 56.0 痕 0
53.469 54.135 58.0 累 0
54.135 54.468 53.0 累 0
54.468 54.801 51.0 的 0
54.801 55.134 51.0 天 0
55.134 55.467 53.0 真 0
55.467 55.8 51.0 的 0
55.8 56.133 49.0 灵 0
56.133 56.799 49.0 魂 1
56.858 57.191 46.0 早 0
57.191 57.524 44.0 已 0
57.524 58.19 49.0 不 0
58.19 58.523 51.0 承 0
58.523 58.856 53.0 认 0
58.856 59.189 51.0 还 0
59.189 59.854 49.0 有 0
60.021 60.271 44.0 什 0
60.271 60.687 49.0 么 0
60.687 61.519 49.0 神 1
62.131 62.464 53.0 美 0
62.464 62.797 56.0 丽 0
62.797 63.796 56.0 的 0
63.796 64.129 53.0 人 0
64.129 64.795 56.0 生 1
65.133 65.466 56.0 善 0
65.466 66.465 58.0 良 0
66.465 66.798 61.0 的 0
66.798 68.13 58.0 人 1
68.244 69.242 58.0 心 0
69.242 69.575 61.0 痛 0
69.575 69.908 63.0 心 0
69.908 70.241 61.0 酸 0
70.241 70.574 58.0 心 0
70.574 70.907 56.0 事 0
70.907 71.93 56.0 太 0
71.93 72.1 56.0 微 0
72.1 72.356 56.0 不 0
72.356 72.697 53.0 足 0
72.697 73.038 51.0 - 0
73.038 73.635 51.0 道 1
73.686 74.684 53.0 来 0
74.684 75.017 56.0 来 0
75.017 75.35 56.0 往 0
75.35 75.683 56.0 - 0
75.683 76.016 53.0 往 0
76.016 76.349 51.0 的 0
76.349 76.682 51.0 你 0
77.015 77.348 51.0 我 0
77.348 77.681 49.0 与 0
77.681 78.347 49.0 他 1
78.354 78.687 46.0 相 0
78.687 79.02 44.0 识 0
79.02 79.686 49.0 不 0
79.686 80.019 51.0 如 0
80.019 80.352 53.0 相 0
80.352 80.685 51.0 望 0
80.685 81.018 49.0 淡 0
81.018 81.351 46.0 淡 0
81.351 81.684 49.0 一 0
81.684 82.683 49.0 笑 1
82.836 83.501 53.0 忘 0
83.501 84.167 56.0 忧 0
84.167 85.499 58.0 草 0
86.498 86.831 58.0 忘 0
86.831 87.164 58.0 了 0
87.164 87.83 61.0 - 0
87.83 88.163 56.0 就 0
88.163 88.829 56.0 好 1
89.498 90.497 58.0 梦 0
90.497 90.83 61.0 里 0
90.83 91.662 63.0 知 0
91.662 92.162 65.0 多 0
92.162 92.494 63.0 - 0
92.494 93.493 63.0 少 1
94.148 94.481 61.0 某 0
94.481 94.814 63.0 天 0
94.814 95.813 65.0 涯 0
95.813 96.146 68.0 海 0
96.146 97.145 65.0 角 1
97.288 97.621 65.0 某 0
97.621 98.62 63.0 个 0
98.62 98.953 61.0 小 0
98.953 99.619 61.0 岛 1
100.156 101.155 58.0 某 0
101.155 101.487 61.0 年 0
101.487 101.82 63.0 某 0
101.82 102.153 61.0 月 0
102.153 102.486 58.0 某 0
102.486 102.819 56.0 日 0
102.819 103.818 56.0 某 0
103.818 103.985 58.0 一 0
103.985 104.151 56.0 次 0
104.151 104.484 53.0 拥 0
104.484 104.9 51.0 - 0
104.9 105.483 51.0 抱 1
105.526 106.525 49.0 轻 0
106.525 106.858 51.0 轻 0
106.858 107.524 53.0 河 0
107.524 107.857 61.0 畔 0
107.857 108.19 58.0 - 0
108.19 109.522 58.0 草 1
110.506 110.839 56.0 静 0
110.839 111.505 58.0 静 0
111.838 112.171 61.0 等 0
112.171 112.837 63.0 天 0
112.837 113.17 63.0 荒 0
113.17 113.836 61.0 地 0
114.169 115.667 61.0 老 1
123.711 124.034 45.0 让 0
124.034 125.023 50.0 软 0
125.023 125.352 52.0 弱 0
125.352 125.682 54.0 的 0
125.682 126.012 52.0 我 0
126.012 126.671 50.0 们 0
126.671 127.001 54.0 懂 0
127.001 127.66 57.0 得 0
127.66 127.99 59.0 残 0
127.99 128.649 57.0 忍 1
129.404 130.393 59.0 狠 0
130.393 130.723 62.0 狠 0
130.723 131.053 59.0 面 0
131.053 131.382 57.0 对 0
131.382 131.712 54.0 人 0
131.712 132.042 59.0 生 0
132.042 132.371 57.0 每 0
132.371 132.701 57.0 次 0
133.031 133.36 54.0 寒 0
133.36 133.937 52.0 冷 1
134.659 135.648 54.0 依 0
135.648 135.978 57.0 依 0
135.978 136.308 59.0 不 0
136.308 136.637 57.0 - 0
136.637 136.967 54.0 舍 0
136.967 137.297 52.0 的 0
137.297 137.626 52.0 爱 0
137.626 138.286 52.0 过 0
138.286 138.615 50.0 的 0
138.615 139.275 50.0 人 1
139.936 140.925 47.0 往 0
140.925 141.255 50.0 往 0
141.255 141.584 52.0 有 0
141.584 142.244 54.0 缘 0
142.244 142.408 52.0 没 0
142.408 142.573 50.0 有 0
142.573 143.48 50.0 份 1
144.637 144.967 50.0 谁 0
144.967 145.297 52.0 把 0
145.297 146.286 54.0 谁 0
146.286 146.615 57.0 真 0
146.615 146.945 59.0 的 0
146.945 147.275 57.0 当 0
147.275 147.934 54.0 真 1
147.946 148.276 59.0 谁 0
148.276 148.605 57.0 为 0
148.605 148.935 54.0 谁 0
148.935 149.265 59.0 心 0
149.265 149.924 57.0 疼 1
150.535 151.524 59.0 谁 0
151.524 151.854 62.0 是 0
151.854 152.184 59.0 唯 0
152.184 152.513 57.0 一 0
152.513 152.843 54.0 谁 0
152.843 153.173 59.0 的 0
153.173 153.502 57.0 - 0
153.502 154.491 57.0 人 1
155.819 156.808 54.0 伤 0
156.808 157.138 57.0 痕 0
157.138 157.467 57.0 累 0
157.467 157.797 57.0 - 0
157.797 158.127 54.0 累 0
158.127 158.456 52.0 的 0
158.456 158.786 52.0 天 0
158.786 159.116 54.0 真 0
159.116 159.445 52.0 的 0
159.445 159.775 50.0 灵 0
159.775 160.434 50.0 魂 1
160.479 160.809 47.0 早 0
160.809 161.139 45.0 已 0
161.139 161.798 50.0 不 0
161.798 162.128 52.0 承 0
162.128 162.457 54.0 认 0
162.457 162.787 52.0 还 0
162.787 163.447 50.0 有 0
163.447 163.776 45.0 什 0
163.776 164.106 50.0 么 0
164.106 165.095 50.0 神 1
165.702 166.032 52.0 美 0
166.032 166.362 57.0 丽 0
166.362 167.351 57.0 的 0
167.351 167.68 54.0 人 0
167.68 168.34 57.0 生 1
168.535 168.865 57.0 善 0
168.865 169.195 57.0 良 0
169.195 169.854 59.0 - 0
169.854 170.184 59.0 的 0
170.184 171.502 59.0 人 1
171.62 172.609 59.0 心 0
172.609 172.939 62.0 痛 0
172.939 173.269 64.0 心 0
173.269 173.598 62.0 酸 0
173.598 173.928 59.0 心 0
173.928 174.258 57.0 事 0
174.258 175.247 57.0 太 0
175.247 175.411 57.0 微 0
175.411 175.659 57.0 不 0
175.659 175.988 54.0 足 0
175.988 176.318 52.0 - 0
176.318 176.895 52.0 道 1
176.94 177.929 54.0 来 0
177.929 178.259 57.0 来 0
178.259 178.588 57.0 往 0
178.588 178.918 57.0 - 0
178.918 179.248 54.0 往 0
179.248 179.577 52.0 的 0
179.577 179.907 52.0 你 0
180.237 180.566 52.0 我 0
180.566 180.896 50.0 与 0
180.896 181.555 50.0 他 1
181.561 181.891 47.0 相 0
181.891 182.221 45.0 识 0
182.221 182.88 50.0 不 0
182.88 183.21 52.0 如 0
183.21 183.539 54.0 相 0
183.539 183.869 52.0 望 0
183.869 184.199 50.0 淡 0
184.199 184.528 47.0 淡 0
184.528 184.858 50.0 一 0
184.858 185.847 50.0 笑 1
186.035 186.694 54.0 忘 0
186.694 187.353 57.0 忧 0
187.353 188.672 59.0 草 0
189.661 189.991 59.0 忘 0
189.991 190.32 59.0 了 0
190.32 190.98 62.0 - 0
190.98 191.309 57.0 就 0
191.309 191.969 57.0 好 1
192.676 193.665 59.0 梦 0
193.665 193.995 62.0 里 0
193.995 194.984 64.0 知 0
194.984 195.314 64.0 多 0
195.314 195.808 64.0 - 0
195.808 196.632 64.0 少 1
197.333 197.662 62.0 某 0
197.662 197.992 64.0 天 0
197.992 198.981 66.0 涯 0
198.981 199.311 69.0 海 0
199.311 200.3 66.0 角 1
200.323 200.652 66.0 某 0
200.652 201.641 64.0 个 0
201.641 201.971 62.0 小 0
201.971 202.63 62.0 岛 1
203.328 204.317 59.0 某 0
204.317 204.646 62.0 年 0
204.646 204.976 64.0 某 0
204.976 205.306 62.0 月 0
205.306 205.635 59.0 某 0
205.635 205.965 57.0 日 0
205.965 206.954 57.0 某 0
206.954 207.119 59.0 一 0
207.119 207.284 57.0 次 0
207.284 207.613 54.0 拥 0
207.613 208.025 52.0 - 0
208.025 208.602 52.0 抱 1
208.616 209.605 50.0 轻 0
209.605 209.935 52.0 轻 0
209.935 210.594 54.0 河 0
210.594 210.924 59.0 畔 0
210.924 211.254 59.0 - 0
211.254 212.572 59.0 草 1
213.545 213.875 57.0 静 0
213.875 214.534 59.0 静 0
214.864 215.194 62.0 等 0
215.194 215.853 64.0 天 0
215.853 216.348 64.0 荒 0
216.348 216.76 62.0 地 0
217.337 220.963 62.0 老 1
