20.148 20.345 60.0 亲 0
20.345 20.542 60.0 爱 0
20.542 20.74 57.0 的 0
20.74 21.134 60.0 总 0
21.134 21.331 57.0 有 0
21.331 21.725 57.0 些 0
21.725 22.12 60.0 事 0
22.12 22.514 60.0 没 0
22.514 22.711 60.0 办 0
22.711 22.908 57.0 法 0
22.908 23.5 60.0 教 1
23.584 23.781 60.0 表 0
23.781 23.978 59.0 错 0
23.978 24.176 57.0 情 0
24.176 24.373 59.0 的 0
24.373 24.57 57.0 感 0
24.57 24.964 59.0 觉 0
24.964 25.161 57.0 有 0
25.161 25.556 60.0 一 0
25.556 25.95 57.0 点 0
25.95 26.541 57.0 糟 1
27.044 27.241 60.0 赖 0
27.241 27.438 60.0 着 0
27.438 27.635 57.0 不 0
27.635 28.03 60.0 走 1
28.078 28.275 60.0 会 0
28.275 28.472 57.0 让 0
28.472 28.866 60.0 人 0
28.866 29.063 60.0 很 0
29.063 29.261 57.0 感 0
29.261 30.049 60.0 冒 1
30.05 30.247 57.0 以 0
30.247 30.444 59.0 上 0
30.444 30.642 57.0 这 0
30.642 30.839 59.0 道 0
30.839 31.036 57.0 理 0
31.036 31.43 59.0 我 0
31.43 31.627 57.0 全 0
31.627 32.022 60.0 都 0
32.022 33.008 57.0 了 1
33.212 33.409 57.0 我 0
33.409 33.606 60.0 将 0
33.606 33.803 59.0 不 0
33.803 34.0 57.0 该 0
34.0 34.395 60.0 犯 0
34.395 34.592 59.0 的 0
34.592 34.789 57.0 错 0
34.789 35.183 60.0 都 0
35.183 35.381 59.0 默 0
35.381 35.578 57.0 背 0
35.578 36.169 60.0 好 1
36.382 36.58 59.0 仔 0
36.58 36.777 57.0 细 0
36.777 36.974 59.0 观 0
36.974 37.171 57.0 察 0
37.171 37.565 59.0 她 0
37.565 37.763 57.0 的 0
37.763 38.157 60.0 喜 0
38.157 38.748 57.0 好 0
38.748 39.537 57.0 耶 1
39.729 39.926 60.0 而 0
39.926 40.124 60.0 我 0
40.124 40.321 57.0 紧 0
40.321 40.518 60.0 绷 0
40.518 40.715 60.0 的 0
40.715 40.912 57.0 外 0
40.912 41.307 60.0 表 1
41.323 41.52 60.0 向 0
41.52 41.717 60.0 上 0
41.717 41.914 57.0 紧 0
41.914 42.111 60.0 后 0
42.111 42.308 60.0 的 0
42.308 42.505 57.0 发 0
42.505 42.9 60.0 条 1
42.919 43.116 59.0 等 0
43.116 43.313 59.0 她 0
43.313 43.51 57.0 的 0
43.51 43.905 59.0 答 0
43.905 44.102 57.0 案 0
44.102 44.496 60.0 揭 0
44.496 45.088 57.0 晓 1
46.027 46.422 61.0 她 0
46.422 46.619 62.0 的 0
46.619 47.013 64.0 睫 0
47.013 47.605 57.0 毛 0
47.605 47.999 64.0 弯 0
47.999 48.196 62.0 的 0
48.196 48.59 61.0 嘴 0
48.59 49.182 57.0 角 1
49.183 49.577 59.0 无 0
49.577 49.774 57.0 预 0
49.774 50.169 59.0 警 0
50.169 50.563 57.0 的 0
50.563 50.957 59.0 对 0
50.957 51.352 61.0 我 0
51.352 51.647 61.0 笑 0
51.647 51.943 59.0 - 1
52.328 52.723 61.0 没 0
52.723 52.92 62.0 有 0
52.92 53.314 64.0 预 0
53.314 53.906 57.0 兆 0
53.906 54.3 64.0 出 0
54.3 54.497 62.0 乎 0
54.497 54.891 61.0 预 0
54.891 55.483 57.0 料 1
55.491 55.885 59.0 竟 0
55.885 56.082 57.0 然 0
56.082 56.477 59.0 先 0
56.477 56.871 61.0 对 0
56.871 57.265 59.0 我 0
57.265 57.66 57.0 示 0
57.66 58.251 57.0 好 1
58.546 58.94 61.0 她 0
58.94 59.137 62.0 的 0
59.137 59.531 64.0 睫 0
59.531 60.123 57.0 毛 0
60.123 60.517 64.0 弯 0
60.517 60.714 62.0 的 0
60.714 61.109 61.0 嘴 0
61.109 61.7 57.0 角 1
61.736 62.13 59.0 用 0
62.13 62.328 57.0 眼 0
62.328 62.722 59.0 神 0
62.722 63.116 57.0 对 0
63.116 63.511 59.0 我 0
63.511 63.905 61.0 拍 0
63.905 64.201 61.0 照 0
64.201 64.496 59.0 - 1
64.944 65.338 61.0 我 0
65.338 65.535 62.0 戒 0
65.535 65.929 64.0 不 0
65.929 66.521 57.0 掉 0
66.521 66.915 64.0 她 0
66.915 67.112 62.0 的 0
67.112 67.507 61.0 微 0
67.507 68.098 57.0 笑 1
68.106 68.501 59.0 洋 0
68.501 68.698 57.0 溢 0
68.698 69.092 59.0 幸 0
69.092 69.486 61.0 福 0
69.486 69.881 59.0 的 0
69.881 70.275 57.0 味 0
70.275 70.867 57.0 道 1
71.469 71.568 52.0 诶 0
71.568 71.863 64.0 有 0
71.863 72.258 60.0 些 0
72.258 72.652 60.0 事 0
72.652 73.046 62.0 没 0
73.046 73.243 62.0 办 0
73.243 73.441 60.0 法 0
73.441 74.229 64.0 教 1
74.229 74.426 60.0 表 0
74.426 74.624 62.0 错 0
74.624 74.821 60.0 情 0
74.821 75.018 62.0 的 0
75.018 75.215 60.0 感 0
75.215 75.609 62.0 觉 0
75.609 75.807 60.0 有 0
75.807 76.201 64.0 一 0
76.201 76.595 57.0 点 0
76.595 77.187 57.0 糟 1
77.44 77.637 60.0 赖 0
77.637 77.834 60.0 着 0
77.834 78.031 57.0 不 0
78.031 78.426 60.0 走 0
78.426 78.623 60.0 会 0
78.623 78.82 57.0 让 0
78.82 79.214 60.0 人 0
79.214 79.412 60.0 很 0
79.412 79.609 57.0 感 0
79.609 80.397 60.0 冒 1
80.465 80.663 57.0 以 0
80.663 80.86 59.0 上 0
80.86 81.057 57.0 这 0
81.057 81.254 59.0 道 0
81.254 81.451 57.0 理 0
81.451 81.846 59.0 我 0
81.846 82.043 57.0 全 0
82.043 82.437 60.0 都 0
82.437 83.028 57.0 了 1
83.578 83.775 57.0 恋 0
83.775 83.972 60.0 爱 0
83.972 84.169 59.0 的 0
84.169 84.367 57.0 方 0
84.367 84.761 60.0 式 0
84.761 84.958 59.0 无 0
84.958 85.155 57.0 法 0
85.155 85.55 60.0 拿 0
85.55 85.747 59.0 笔 0
85.747 85.944 57.0 来 0
85.944 86.733 60.0 抄 1
86.75 86.947 57.0 也 0
86.947 87.144 59.0 没 0
87.144 87.341 57.0 有 0
87.341 87.538 59.0 规 0
87.538 87.735 57.0 则 0
87.735 88.13 59.0 可 0
88.13 88.327 57.0 以 0
88.327 88.721 60.0 取 0
88.721 89.313 57.0 巧 1
90.192 90.587 57.0 被 0
90.587 90.784 55.0 动 0
90.784 91.178 57.0 的 0
91.178 91.375 55.0 缘 0
91.375 91.572 57.0 分 0
91.572 91.77 55.0 很 0
91.77 92.164 60.0 不 0
92.164 92.361 59.0 可 0
92.361 92.953 57.0 靠 1
93.321 93.715 57.0 喜 0
93.715 93.912 55.0 欢 0
93.912 94.307 57.0 的 0
94.307 94.504 55.0 对 0
94.504 94.701 57.0 象 0
94.701 94.898 55.0 要 0
94.898 95.292 60.0 自 0
95.292 95.49 59.0 己 0
95.49 96.081 57.0 挑 1
96.389 96.784 64.0 她 0
96.784 97.178 64.0 粉 0
97.178 97.572 64.0 嫩 0
97.572 97.77 57.0 清 0
97.77 97.967 57.0 秀 0
97.967 98.164 64.0 的 0
98.164 98.558 64.0 外 0
98.558 98.953 64.0 表 1
99.063 99.26 57.0 像 0
99.26 99.457 57.0 是 0
99.457 99.654 57.0 多 0
99.654 100.048 64.0 汁 0
100.048 100.443 64.0 的 0
100.443 100.837 62.0 水 0
100.837 101.034 62.0 蜜 0
101.034 101.231 61.0 桃 1
101.238 101.435 62.0 谁 0
101.435 101.633 61.0 都 0
101.633 101.83 59.0 想 0
101.83 102.421 61.0 咬 1
102.707 103.101 64.0 她 0
103.101 103.495 64.0 嘴 0
103.495 103.89 64.0 上 0
103.89 104.087 57.0 亮 0
104.087 104.284 57.0 丽 0
104.284 104.481 64.0 的 0
104.481 104.875 64.0 唇 0
104.875 105.27 64.0 膏 1
105.315 105.512 57.0 有 0
105.512 105.709 57.0 一 0
105.709 105.906 57.0 股 0
105.906 106.3 64.0 自 0
106.3 106.695 64.0 信 0
106.695 107.089 62.0 的 0
107.089 107.286 61.0 骄 0
107.286 107.483 59.0 傲 1
107.547 107.745 61.0 我 0
107.745 107.942 59.0 看 0
107.942 108.139 57.0 得 0
108.139 108.533 57.0 到 0
108.533 108.73 59.0 - 1
109.045 109.439 64.0 她 0
109.439 109.833 64.0 粉 0
109.833 110.228 64.0 嫩 0
110.228 110.425 57.0 清 0
110.425 110.622 57.0 秀 0
110.622 110.819 64.0 的 0
110.819 111.214 64.0 外 0
111.214 111.608 64.0 表 1
111.632 111.829 57.0 像 0
111.829 112.026 57.0 是 0
112.026 112.223 57.0 多 0
112.223 112.618 64.0 汁 0
112.618 113.012 64.0 的 0
113.012 113.406 62.0 水 0
113.406 113.603 62.0 蜜 0
113.603 113.801 61.0 桃 1
113.806 114.003 62.0 谁 0
114.003 114.2 61.0 都 0
114.2 114.397 59.0 想 0
114.397 114.989 61.0 咬 1
115.428 115.822 64.0 她 0
115.822 116.217 64.0 嘴 0
116.217 116.611 64.0 上 0
116.611 116.808 57.0 亮 0
116.808 117.005 57.0 丽 0
117.005 117.202 64.0 的 0
117.202 117.597 64.0 唇 0
117.597 117.991 64.0 膏 1
117.996 118.193 57.0 有 0
118.193 118.39 57.0 一 0
118.39 118.587 57.0 股 0
118.587 118.982 64.0 自 0
118.982 119.376 64.0 信 0
119.376 119.77 62.0 的 0
119.77 119.968 61.0 骄 0
119.968 120.165 59.0 傲 1
120.166 120.363 61.0 我 0
120.363 120.56 59.0 看 0
120.56 120.757 57.0 得 0
120.757 121.349 57.0 到 1
146.981 147.375 64.0 她 0
147.375 147.769 64.0 粉 0
147.769 148.164 64.0 嫩 0
148.164 148.361 57.0 清 0
148.361 148.558 57.0 秀 0
148.558 148.755 64.0 的 0
148.755 149.149 64.0 外 0
149.149 149.544 64.0 表 1
149.544 149.741 57.0 像 0
149.741 149.938 57.0 是 0
149.938 150.135 57.0 多 0
150.135 150.53 64.0 汁 0
150.53 150.924 64.0 的 0
150.924 151.318 62.0 水 0
151.318 151.515 62.0 蜜 0
151.515 151.713 61.0 桃 1
151.714 151.911 62.0 谁 0
151.911 152.108 61.0 都 0
152.108 152.305 59.0 想 0
152.305 152.896 61.0 咬 1
153.231 153.625 64.0 她 0
153.625 154.019 64.0 嘴 0
154.019 154.414 64.0 上 0
154.414 154.611 57.0 亮 0
154.611 154.808 57.0 丽 0
154.808 155.005 64.0 的 0
155.005 155.4 64.0 唇 0
155.4 155.794 64.0 膏 1
155.835 156.032 57.0 有 0
156.032 156.229 57.0 一 0
156.229 156.426 57.0 股 0
156.426 156.821 64.0 自 0
156.821 157.215 64.0 信 0
157.215 157.609 62.0 的 0
157.609 157.806 61.0 骄 0
157.806 158.004 59.0 傲 1
158.005 158.202 61.0 我 0
158.202 158.399 59.0 看 0
158.399 158.596 57.0 得 0
158.596 158.99 57.0 到 0
158.99 159.188 59.0 - 1
159.463 159.857 64.0 她 0
159.857 160.252 64.0 粉 0
160.252 160.646 64.0 嫩 0
160.646 160.843 57.0 清 0
160.843 161.04 57.0 秀 0
161.04 161.237 64.0 的 0
161.237 161.632 64.0 外 0
161.632 162.026 64.0 表 1
162.058 162.255 57.0 像 0
162.255 162.452 57.0 是 0
162.452 162.65 57.0 多 0
162.65 163.044 64.0 汁 0
163.044 163.438 64.0 的 0
163.438 163.832 62.0 水 0
163.832 164.03 62.0 蜜 0
164.03 164.227 61.0 桃 1
164.227 164.424 62.0 谁 0
164.424 164.621 61.0 都 0
164.621 164.818 59.0 想 0
164.818 165.41 61.0 咬 1
165.903 166.297 64.0 她 0
166.297 166.692 64.0 嘴 0
166.692 167.086 64.0 上 0
167.086 167.283 57.0 亮 0
167.283 167.48 57.0 丽 0
167.48 167.678 64.0 的 0
167.678 168.072 64.0 唇 0
168.072 168.466 64.0 膏 1
168.472 168.669 57.0 有 0
168.669 168.867 57.0 一 0
168.867 169.064 57.0 股 0
169.064 169.458 64.0 自 0
169.458 169.852 64.0 信 0
169.852 170.247 62.0 的 0
170.247 170.444 61.0 骄 0
170.444 170.641 59.0 傲 1
170.641 170.838 61.0 我 0
170.838 171.035 59.0 看 0
171.035 171.232 57.0 得 0
171.232 171.824 57.0 到 1
172.144 172.539 61.0 她 0
172.539 172.736 62.0 的 0
172.736 173.13 64.0 睫 0
173.13 173.722 57.0 毛 0
173.722 174.116 64.0 弯 0
174.116 174.313 62.0 的 0
174.313 174.707 61.0 嘴 0
174.707 175.299 57.0 角 1
175.327 175.721 59.0 无 0
175.721 175.918 57.0 预 0
175.918 176.313 59.0 警 0
176.313 176.707 57.0 的 0
176.707 177.101 59.0 对 0
177.101 177.496 61.0 我 0
177.496 177.791 61.0 笑 0
177.791 178.087 59.0 - 1
178.335 178.73 61.0 没 0
178.73 178.927 62.0 有 0
178.927 179.321 64.0 预 0
179.321 179.913 57.0 兆 0
179.913 180.307 64.0 出 0
180.307 180.504 62.0 乎 0
180.504 180.898 61.0 预 0
180.898 181.49 57.0 料 1
181.504 181.898 59.0 竟 0
181.898 182.095 57.0 然 0
182.095 182.49 59.0 先 0
182.49 182.884 61.0 对 0
182.884 183.278 59.0 我 0
183.278 183.673 57.0 示 0
183.673 184.264 57.0 好 1
184.664 185.058 61.0 她 0
185.058 185.255 62.0 的 0
185.255 185.649 64.0 睫 0
185.649 186.241 57.0 毛 0
186.241 186.635 64.0 弯 0
186.635 186.832 62.0 的 0
186.832 187.227 61.0 嘴 0
187.227 187.818 57.0 角 1
187.987 188.381 59.0 用 0
188.381 188.579 57.0 眼 0
188.579 188.973 59.0 神 0
188.973 189.367 57.0 对 0
189.367 189.762 59.0 我 0
189.762 190.156 61.0 拍 0
190.156 190.452 61.0 照 0
190.452 190.747 59.0 - 1
191.074 191.468 61.0 我 0
191.468 191.665 62.0 戒 0
191.665 192.06 64.0 不 0
192.06 192.651 57.0 掉 0
192.651 193.045 64.0 她 0
193.045 193.242 62.0 的 0
193.242 193.637 61.0 微 0
193.637 194.228 57.0 笑 1
194.241 194.636 59.0 洋 0
194.636 194.833 57.0 溢 0
194.833 195.227 59.0 幸 0
195.227 195.621 61.0 福 0
195.621 196.016 59.0 的 0
196.016 196.41 57.0 味 0
196.41 197.002 57.0 道 1
197.137 197.235 52.0 嗯 0
197.235 197.432 57.0 她 0
197.432 197.63 57.0 的 0
197.63 197.827 52.0 睫 0
197.827 198.024 57.0 毛 0
198.024 198.221 57.0 弯 0
198.221 198.418 52.0 的 0
198.418 198.615 57.0 嘴 0
198.615 198.813 57.0 角 1
198.915 199.112 52.0 无 0
199.112 199.309 57.0 预 0
199.309 199.506 57.0 警 0
199.506 199.703 57.0 的 0
199.703 199.9 57.0 对 0
199.9 200.098 59.0 我 0
200.098 200.295 61.0 笑 1
200.459 200.656 57.0 没 0
200.656 200.853 57.0 有 0
200.853 201.05 52.0 预 0
201.05 201.247 57.0 兆 1
201.278 201.476 57.0 出 0
201.476 201.673 52.0 乎 0
201.673 201.87 57.0 预 0
201.87 202.067 57.0 料 1
202.075 202.272 52.0 竟 0
202.272 202.469 57.0 然 0
202.469 202.667 59.0 先 0
202.667 202.864 61.0 对 0
202.864 203.061 59.0 我 0
203.061 203.258 57.0 示 0
203.258 203.455 57.0 好 1
203.48 203.678 57.0 她 0
203.678 203.875 57.0 的 0
203.875 204.072 52.0 睫 0
204.072 204.269 57.0 毛 0
204.269 204.466 57.0 弯 0
204.466 204.663 52.0 的 0
204.663 204.861 57.0 嘴 0
204.861 205.058 57.0 角 1
205.181 205.378 52.0 用 0
205.378 205.575 57.0 眼 0
205.575 205.772 57.0 神 0
205.772 205.969 57.0 对 0
205.969 206.167 57.0 我 0
206.167 206.364 59.0 拍 0
206.364 206.561 61.0 照 1
206.666 206.863 57.0 我 0
206.863 207.06 57.0 戒 0
207.06 207.257 52.0 不 0
207.257 207.455 57.0 掉 0
207.455 207.652 57.0 她 0
207.652 207.849 52.0 的 0
207.849 208.046 57.0 微 0
208.046 208.243 57.0 笑 1
208.344 208.541 52.0 洋 0
208.541 208.739 57.0 溢 0
208.739 208.936 59.0 幸 0
208.936 209.133 61.0 福 0
209.133 209.33 59.0 的 0
209.33 209.527 57.0 味 0
209.527 209.724 57.0 道 1
