21.814 22.126 62.0 雾 0
22.126 22.439 62.0 里 0
22.439 23.065 64.0 看 0
23.065 23.69 67.0 花 0
23.69 24.315 69.0 水 0
24.315 24.941 71.0 中 0
24.941 25.254 71.0 望 0
25.254 25.566 69.0 - 0
25.566 25.879 67.0 月 0
25.879 26.192 64.0 - 1
26.219 26.532 62.0 你 0
26.532 26.844 67.0 能 0
26.844 27.157 64.0 分 0
27.157 27.47 62.0 辩 0
27.47 27.782 62.0 这 0
27.782 28.095 67.0 变 0
28.095 28.408 64.0 幻 0
28.408 28.721 62.0 莫 0
28.721 29.033 64.0 测 0
29.033 29.346 62.0 的 0
29.346 29.972 59.0 世 0
29.972 31.222 59.0 界 1
31.756 32.147 62.0 涛 0
32.147 32.459 62.0 走 0
32.459 33.085 64.0 云 0
33.085 33.71 67.0 飞 0
33.71 34.336 71.0 花 0
34.336 34.961 71.0 开 0
34.961 35.274 71.0 花 0
35.274 35.587 69.0 - 0
35.587 35.899 67.0 谢 0
35.899 36.212 64.0 - 1
36.303 36.616 62.0 你 0
36.616 36.929 67.0 能 0
36.929 37.241 64.0 把 0
37.241 37.554 62.0 握 0
37.554 37.867 64.0 这 0
37.867 38.179 67.0 摇 0
38.179 38.492 64.0 曳 0
38.492 38.805 67.0 多 0
38.805 39.118 69.0 姿 0
39.118 39.43 69.0 的 0
39.43 39.743 69.0 季 0
39.743 40.056 67.0 - 0
40.056 41.932 67.0 节 1
44.416 44.729 62.0 烦 0
44.729 45.041 62.0 恼 0
45.041 45.667 64.0 最 0
45.667 46.292 67.0 是 0
46.292 46.918 71.0 无 0
46.918 47.543 71.0 情 0
47.543 48.169 69.0 夜 0
48.169 48.794 64.0 - 1
48.801 49.114 62.0 笑 0
49.114 49.427 67.0 语 0
49.427 49.739 64.0 欢 0
49.739 50.052 62.0 颜 0
50.052 50.365 62.0 难 0
50.365 50.678 67.0 道 0
50.678 50.99 64.0 说 0
50.99 51.303 62.0 那 0
51.303 51.616 64.0 就 0
51.616 51.928 62.0 是 0
51.928 52.554 59.0 亲 0
52.554 53.805 59.0 热 1
54.303 54.616 62.0 温 0
54.616 54.929 62.0 存 0
54.929 55.554 64.0 未 0
55.554 56.18 67.0 必 0
56.18 56.805 71.0 就 0
56.805 57.431 71.0 是 0
57.431 57.743 71.0 体 0
57.743 58.056 69.0 - 0
58.056 58.369 67.0 贴 0
58.369 58.682 64.0 - 1
58.823 59.135 62.0 你 0
59.135 59.448 67.0 知 0
59.448 59.761 64.0 哪 0
59.761 60.073 62.0 句 0
60.073 60.699 64.0 是 0
60.699 61.324 67.0 真 0
61.324 61.637 64.0 哪 0
61.637 61.95 62.0 句 0
61.95 62.263 64.0 是 0
62.263 62.575 57.0 假 0
62.575 63.201 59.0 - 1
63.451 63.764 62.0 哪 0
63.764 64.39 64.0 一 0
64.39 64.702 67.0 句 0
64.702 65.015 67.0 是 0
65.015 65.875 71.0 情 0
65.875 67.517 69.0 丝 0
67.83 68.455 71.0 凝 0
68.455 68.768 64.0 - 0
68.768 71.895 67.0 结 1
73.668 74.294 67.0 借 0
74.294 74.607 69.0 我 0
74.607 74.871 69.0 借 0
74.919 75.232 67.0 - 0
75.232 75.545 67.0 我 0
75.545 75.779 69.0 一 0
75.779 76.17 74.0 双 0
76.17 76.796 71.0 慧 0
76.796 77.108 64.0 眼 0
77.108 78.047 67.0 吧 1
78.241 78.553 64.0 让 0
78.553 78.866 64.0 我 0
78.866 79.179 69.0 把 0
79.179 79.492 74.0 这 0
79.492 79.804 74.0 纷 0
79.804 80.117 69.0 扰 1
80.119 80.432 71.0 看 0
80.432 80.744 71.0 个 0
80.744 81.057 69.0 清 0
81.057 81.37 67.0 清 0
81.37 81.683 71.0 楚 0
81.683 81.995 71.0 楚 1
81.995 82.308 69.0 明 0
82.308 82.621 67.0 明 0
82.621 82.934 71.0 白 0
82.934 83.246 71.0 白 0
83.246 83.559 69.0 真 0
83.559 83.872 67.0 真 0
83.872 84.654 64.0 切 0
84.654 85.123 62.0 - 0
85.123 85.748 62.0 切 1
86.225 86.85 67.0 借 0
86.85 87.163 69.0 我 0
87.163 87.788 67.0 借 0
87.788 88.101 67.0 我 0
88.101 88.335 69.0 一 0
88.335 88.726 74.0 双 0
88.726 89.352 71.0 慧 0
89.352 89.665 64.0 眼 0
89.665 90.603 67.0 吧 1
90.743 91.055 64.0 让 0
91.055 91.368 64.0 我 0
91.368 91.681 69.0 把 0
91.681 91.994 74.0 这 0
91.994 92.306 74.0 纷 0
92.306 92.619 69.0 扰 1
92.629 92.942 71.0 看 0
92.942 93.255 71.0 个 0
93.255 93.567 69.0 清 0
93.567 93.88 67.0 清 0
93.88 94.193 71.0 楚 0
94.193 94.506 71.0 楚 1
94.506 94.818 69.0 明 0
94.818 95.131 67.0 明 0
95.131 95.444 71.0 白 0
95.444 95.756 71.0 白 0
95.756 96.382 69.0 真 0
96.382 97.007 69.0 真 0
97.946 98.415 71.0 切 0
98.571 99.196 64.0 - 0
99.196 102.324 67.0 切 1
119.385 119.697 62.0 雾 0
119.697 120.01 62.0 里 0
120.01 120.636 64.0 看 0
120.636 121.261 67.0 花 0
121.261 121.887 69.0 水 0
121.887 122.512 71.0 中 0
122.512 122.825 71.0 望 0
122.825 123.137 69.0 - 0
123.137 123.45 67.0 月 0
123.45 123.763 64.0 - 1
123.882 124.195 62.0 你 0
124.195 124.507 67.0 能 0
124.507 124.82 64.0 分 0
124.82 125.133 62.0 辩 0
125.133 125.446 62.0 这 0
125.446 125.758 67.0 变 0
125.758 126.071 64.0 幻 0
126.071 126.384 62.0 莫 0
126.384 126.696 64.0 测 0
126.696 127.009 62.0 的 0
127.009 127.635 59.0 世 0
127.635 128.886 59.0 界 1
129.382 129.773 62.0 涛 0
129.773 130.085 62.0 走 0
130.085 130.711 64.0 云 0
130.711 131.336 67.0 飞 0
131.336 131.962 71.0 花 0
131.962 132.587 71.0 开 0
132.587 132.9 71.0 花 0
132.9 133.213 69.0 - 0
133.213 133.526 67.0 谢 0
133.526 133.838 64.0 - 1
133.895 134.208 62.0 你 0
134.208 134.521 67.0 能 0
134.521 134.833 64.0 把 0
134.833 135.146 62.0 握 0
135.146 135.459 64.0 这 0
135.459 135.772 67.0 摇 0
135.772 136.084 64.0 曳 0
136.084 136.397 67.0 多 0
136.397 136.71 69.0 姿 0
136.71 137.023 69.0 的 0
137.023 137.335 69.0 季 0
137.335 137.648 67.0 - 0
137.648 139.524 67.0 节 1
141.851 142.164 62.0 烦 0
142.164 142.477 62.0 恼 0
142.477 143.102 64.0 最 0
143.102 143.728 67.0 是 0
143.728 144.353 71.0 无 0
144.353 144.978 71.0 情 0
144.978 145.604 69.0 夜 0
145.604 146.229 67.0 - 1
146.394 146.707 62.0 笑 0
146.707 147.02 67.0 语 0
147.02 147.333 64.0 欢 0
147.333 147.645 62.0 颜 0
147.645 147.958 62.0 难 0
147.958 148.271 67.0 道 0
148.271 148.583 64.0 说 0
148.583 148.896 62.0 那 0
148.896 149.209 64.0 就 0
149.209 149.522 62.0 是 0
149.522 150.147 59.0 亲 0
150.147 151.398 59.0 热 1
151.956 152.269 62.0 温 0
152.269 152.582 62.0 存 0
152.582 153.207 64.0 未 0
153.207 153.833 67.0 必 0
153.833 154.458 71.0 就 0
154.458 155.084 71.0 是 0
155.084 155.396 71.0 体 0
155.396 155.709 69.0 - 0
155.709 156.022 67.0 贴 0
156.022 156.335 64.0 - 1
156.355 156.667 62.0 你 0
156.667 156.98 67.0 知 0
156.98 157.293 64.0 哪 0
157.293 157.606 62.0 句 0
157.606 158.231 64.0 是 0
158.231 158.856 67.0 真 0
158.856 159.169 64.0 哪 0
159.169 159.482 62.0 句 0
159.482 159.795 64.0 是 0
159.795 160.107 57.0 假 0
160.107 160.733 59.0 - 1
160.939 161.251 62.0 哪 0
161.251 161.877 64.0 一 0
161.877 162.189 67.0 句 0
162.189 162.502 67.0 是 0
162.502 163.362 71.0 情 0
163.362 165.004 69.0 丝 0
165.317 165.942 71.0 凝 0
165.942 166.255 64.0 - 0
166.255 167.506 67.0 结 1
168.764 169.389 67.0 借 0
169.389 169.702 69.0 我 0
169.702 170.327 67.0 借 0
170.327 170.64 67.0 我 0
170.64 170.875 69.0 一 0
170.875 171.266 74.0 双 0
171.266 171.891 71.0 慧 0
171.891 172.204 64.0 眼 0
172.204 173.142 67.0 吧 1
173.152 173.465 64.0 让 0
173.465 173.777 64.0 我 0
173.777 174.09 69.0 把 0
174.09 174.403 74.0 这 0
174.403 174.716 74.0 纷 0
174.716 175.028 69.0 扰 1
175.035 175.348 71.0 看 0
175.348 175.661 71.0 个 0
175.661 175.974 69.0 清 0
175.974 176.286 67.0 清 0
176.286 176.599 71.0 楚 0
176.599 176.912 71.0 楚 1
176.956 177.268 69.0 明 0
177.268 177.581 67.0 明 0
177.581 177.894 71.0 白 0
177.894 178.207 71.0 白 0
178.207 178.519 69.0 真 0
178.519 178.832 67.0 真 0
178.832 179.614 64.0 切 0
179.77 180.078 62.0 - 0
180.083 180.708 62.0 切 1
181.439 182.064 67.0 借 0
182.064 182.377 69.0 我 0
182.377 183.003 67.0 借 0
183.003 183.315 67.0 我 0
183.315 183.55 69.0 一 0
183.55 183.941 74.0 双 0
183.941 184.566 76.0 慧 0
184.566 184.879 64.0 眼 0
184.879 185.817 67.0 吧 1
185.82 186.133 64.0 让 0
186.133 186.446 64.0 我 0
186.446 186.758 69.0 把 0
186.758 187.071 74.0 这 0
187.071 187.384 74.0 纷 0
187.384 187.696 69.0 扰 1
187.697 188.01 71.0 看 0
188.01 188.323 71.0 个 0
188.323 188.636 69.0 清 0
188.636 188.948 67.0 清 0
188.948 189.261 71.0 楚 0
189.261 189.574 71.0 楚 1
189.575 189.888 69.0 明 0
189.888 190.2 67.0 明 0
190.2 190.513 71.0 白 0
190.513 190.826 71.0 白 0
190.826 191.451 69.0 真 0
191.451 192.077 69.0 真 0
193.015 193.484 71.0 切 0
193.484 194.266 64.0 - 0
194.266 195.829 67.0 切 1
196.397 197.96 74.0 哈 0
197.96 199.211 67.0 - 0
199.211 200.15 64.0 - 1
200.824 201.137 64.0 让 0
201.137 201.449 64.0 我 0
201.449 201.762 69.0 把 0
201.762 202.075 74.0 这 0
202.075 202.388 74.0 纷 0
202.388 202.7 69.0 扰 1
202.708 203.021 71.0 看 0
203.021 203.334 71.0 个 0
203.334 203.647 69.0 清 0
203.647 203.959 67.0 清 0
203.959 204.272 71.0 楚 0
204.272 204.585 71.0 楚 1
204.585 204.897 69.0 明 0
204.897 205.21 67.0 明 0
205.21 205.523 71.0 白 0
205.523 205.836 71.0 白 0
205.836 206.148 69.0 真 0
206.148 206.461 67.0 真 0
206.461 207.243 64.0 切 0
207.243 207.712 62.0 - 0
207.712 208.337 62.0 切 1
208.964 209.589 67.0 借 0
209.589 209.902 69.0 我 0
209.902 210.528 67.0 借 0
210.528 210.84 67.0 我 0
210.84 211.075 69.0 一 0
211.075 211.466 74.0 双 0
211.466 212.091 76.0 慧 0
212.091 212.404 64.0 眼 0
212.404 213.342 67.0 吧 1
213.342 213.655 64.0 让 0
213.655 213.968 64.0 我 0
213.968 214.28 69.0 把 0
214.28 214.593 74.0 这 0
214.593 214.906 74.0 纷 0
214.906 215.219 69.0 扰 1
215.219 215.531 71.0 看 0
215.531 215.844 71.0 个 0
215.844 216.157 69.0 清 0
216.157 216.469 67.0 清 0
216.469 216.782 71.0 楚 0
216.782 217.095 71.0 楚 1
217.095 217.408 69.0 明 0
217.408 217.72 67.0 明 0
217.72 218.033 71.0 白 0
218.033 218.346 71.0 白 0
218.346 218.971 69.0 真 0
218.971 219.597 69.0 真 0
220.535 221.629 71.0 切 0
221.629 222.411 64.0 - 0
222.411 227.415 67.0 切 1
