34.683 35.112 63.0 情 0
35.112 35.54 63.0 未 0
35.54 35.969 68.0 了 0
35.969 36.397 70.0 - 1
36.4 36.829 68.0 像 0
36.829 37.257 68.0 春 0
37.257 37.686 68.0 风 0
37.686 38.115 66.0 - 0
38.115 39.4 68.0 走 0
39.4 39.829 68.0 - 0
39.829 40.793 63.0 来 1
41.589 42.018 63.0 爱 0
42.018 42.446 63.0 无 0
42.446 43.303 66.0 言 1
43.305 43.734 68.0 像 0
43.734 44.163 66.0 雪 0
44.163 45.02 68.0 花 0
45.02 45.877 73.0 悄 0
45.877 46.305 73.0 悄 0
46.305 46.734 73.0 离 0
46.734 48.02 70.0 去 1
48.544 48.973 70.0 彼 0
48.973 49.401 73.0 - 0
49.401 49.83 73.0 此 0
49.83 50.259 70.0 间 0
50.259 50.687 75.0 我 0
50.687 50.901 75.0 - 0
50.901 51.116 77.0 们 1
51.152 51.58 75.0 也 0
51.58 52.009 73.0 许 0
52.009 52.437 70.0 不 0
52.437 52.866 70.0 曾 0
52.866 53.295 70.0 相 0
53.295 53.723 63.0 - 0
53.723 54.152 63.0 识 0
54.152 55.009 66.0 - 1
55.395 55.61 63.0 爱 0
55.61 56.038 65.0 - 0
56.038 56.253 65.0 的 0
56.253 56.681 68.0 呼 0
56.681 57.11 70.0 唤 0
57.11 57.538 68.0 让 1
57.569 57.784 66.0 我 0
57.784 57.998 66.0 们 0
57.998 58.426 68.0 在 0
58.426 58.855 68.0 一 0
58.855 61.426 63.0 起 1
62.255 62.683 75.0 在 0
62.683 63.54 78.0 - 0
63.54 63.969 77.0 一 0
63.969 65.255 75.0 起 0
65.683 66.112 77.0 穿 0
66.112 66.326 77.0 过 0
66.326 66.54 77.0 了 0
66.54 66.969 75.0 风 0
66.969 67.397 73.0 和 0
67.397 68.683 70.0 雨 1
69.143 69.571 73.0 在 0
69.571 70.428 75.0 一 0
70.428 70.857 73.0 起 0
70.857 71.286 66.0 走 0
71.286 71.5 66.0 来 0
71.5 71.714 66.0 了 0
71.714 72.143 68.0 新 0
72.143 72.571 73.0 天 0
72.571 75.571 70.0 地 1
75.833 76.261 75.0 这 0
76.261 77.119 78.0 - 0
77.119 77.547 75.0 份 0
77.547 78.833 75.0 情 0
79.261 79.69 75.0 希 0
79.69 79.904 77.0 望 0
79.904 80.119 77.0 了 0
80.119 80.547 75.0 人 0
80.547 80.976 73.0 - 0
80.976 82.261 70.0 间 1
82.856 83.285 65.0 这 0
83.285 83.713 65.0 份 0
83.713 84.142 68.0 爱 0
84.142 84.57 70.0 - 0
84.57 84.999 68.0 温 0
84.999 85.213 68.0 暖 0
85.213 85.427 66.0 在 0
85.427 85.856 68.0 你 0
85.856 86.285 70.0 我 0
86.285 87.142 66.0 心 0
87.142 89.285 63.0 里 1
89.715 90.144 73.0 冬 0
90.144 90.572 73.0 去 0
90.572 91.001 73.0 春 0
91.001 91.429 70.0 来 0
91.429 91.858 68.0 情 0
91.858 92.287 66.0 感 0
92.287 92.715 68.0 日 0
92.715 93.144 70.0 历 1
93.149 93.577 68.0 翻 0
93.577 94.006 66.0 过 0
94.006 94.434 68.0 一 0
94.434 94.649 68.0 页 0
94.649 94.863 70.0 又 0
94.863 95.292 66.0 一 0
95.292 96.149 63.0 页 1
96.473 96.902 63.0 写 0
96.902 97.33 66.0 满 0
97.33 97.759 66.0 爱 0
97.759 98.188 63.0 的 0
98.188 98.616 66.0 日 0
98.616 99.045 68.0 - 0
99.045 99.902 70.0 记 1
99.902 100.33 73.0 爱 0
100.33 100.759 73.0 的 0
100.759 101.188 73.0 日 0
101.188 101.616 70.0 - 0
101.616 103.116 70.0 记 1
103.257 103.686 73.0 冬 0
103.686 104.115 73.0 去 0
104.115 104.543 73.0 春 0
104.543 104.972 70.0 来 0
104.972 105.4 68.0 爱 0
105.4 105.829 66.0 的 0
105.829 106.257 68.0 脚 0
106.257 106.686 70.0 步 1
106.84 107.269 68.0 走 0
107.269 107.697 66.0 了 0
107.697 108.126 68.0 一 0
108.126 108.34 68.0 程 0
108.34 108.554 70.0 又 0
108.554 108.983 66.0 一 0
108.983 110.269 63.0 程 1
110.283 110.711 61.0 走 0
110.711 110.925 61.0 - 0
110.925 111.14 58.0 到 0
111.14 111.568 61.0 何 0
111.568 111.997 63.0 方 0
111.997 112.425 68.0 我 0
112.425 112.854 68.0 也 0
112.854 113.283 66.0 不 0
113.283 113.711 63.0 忘 0
113.711 116.283 63.0 记 1
123.903 124.331 63.0 情 0
124.331 124.76 63.0 未 0
124.76 125.189 68.0 了 0
125.189 125.617 70.0 - 1
125.712 126.141 68.0 像 0
126.141 126.569 68.0 春 0
126.569 126.998 68.0 风 0
126.998 127.426 66.0 - 0
127.426 128.712 68.0 走 0
128.712 129.141 70.0 - 0
129.141 130.105 63.0 来 1
130.797 131.226 63.0 爱 0
131.226 131.654 63.0 无 0
131.654 132.511 66.0 言 1
132.56 132.989 68.0 像 0
132.989 133.417 66.0 雪 0
133.417 134.275 68.0 花 0
134.275 135.132 73.0 悄 0
135.132 135.56 73.0 悄 0
135.56 135.989 73.0 离 0
135.989 137.275 70.0 去 1
137.693 138.122 70.0 彼 0
138.122 138.55 73.0 - 0
138.55 138.979 73.0 此 0
138.979 139.407 70.0 间 0
139.407 139.836 75.0 都 0
139.836 140.265 77.0 把 1
140.269 140.697 75.0 真 0
140.697 141.126 73.0 情 0
141.126 141.554 70.0 埋 0
141.554 141.983 70.0 在 0
141.983 142.411 70.0 心 0
142.411 142.84 63.0 - 0
142.84 143.269 63.0 底 0
143.269 144.126 66.0 - 1
144.476 144.691 63.0 爱 0
144.691 145.119 65.0 - 0
145.119 145.333 65.0 的 0
145.333 145.762 68.0 故 0
145.762 146.191 70.0 事 0
146.191 146.619 68.0 才 0
146.619 146.833 66.0 这 0
146.833 147.048 66.0 样 0
147.048 147.476 68.0 美 0
147.476 147.905 68.0 - 0
147.905 150.476 63.0 丽 1
151.319 151.748 75.0 在 0
151.748 152.605 78.0 - 0
152.605 153.034 75.0 一 0
153.034 154.319 75.0 起 0
154.748 155.177 77.0 穿 0
155.177 155.391 77.0 过 0
155.391 155.605 77.0 了 0
155.605 156.034 75.0 风 0
156.034 156.462 73.0 和 0
156.462 157.748 70.0 雨 1
158.21 158.638 73.0 在 0
158.638 159.495 75.0 一 0
159.495 159.924 73.0 起 0
159.924 160.352 66.0 走 0
160.352 160.567 66.0 来 0
160.567 160.781 66.0 了 0
160.781 161.21 68.0 新 0
161.21 161.638 73.0 天 0
161.638 164.638 70.0 地 1
164.961 165.389 75.0 这 0
165.389 166.246 78.0 - 0
166.246 166.675 75.0 份 0
166.675 167.961 75.0 情 0
168.389 168.818 75.0 希 0
168.818 169.032 77.0 望 0
169.032 169.246 77.0 了 0
169.246 169.675 75.0 人 0
169.675 170.104 73.0 - 0
170.104 171.389 70.0 间 1
171.972 172.4 65.0 这 0
172.4 172.829 65.0 份 0
172.829 173.258 68.0 爱 0
173.258 173.686 70.0 - 0
173.686 174.115 68.0 温 0
174.115 174.329 68.0 暖 1
174.352 174.566 66.0 在 0
174.566 174.995 68.0 你 0
174.995 175.423 68.0 我 0
175.423 176.281 66.0 心 0
176.281 178.423 63.0 里 1
178.842 179.271 75.0 在 0
179.271 180.128 78.0 - 0
180.128 180.556 77.0 一 0
180.556 181.842 75.0 起 0
182.271 182.699 75.0 穿 0
182.699 182.913 77.0 过 0
182.913 183.128 77.0 了 0
183.128 183.556 75.0 风 0
183.556 183.985 73.0 和 0
183.985 185.271 70.0 雨 1
185.653 186.082 73.0 在 0
186.082 186.939 75.0 一 0
186.939 187.367 73.0 起 0
187.367 187.796 66.0 走 0
187.796 188.01 66.0 来 0
188.01 188.225 66.0 了 0
188.225 188.653 68.0 新 0
188.653 189.082 73.0 天 0
189.082 192.082 70.0 地 1
192.451 192.88 75.0 这 0
192.88 193.737 78.0 - 0
193.737 194.166 75.0 份 0
194.166 195.451 75.0 情 0
195.88 196.308 75.0 希 0
196.308 196.523 77.0 望 0
196.523 196.737 77.0 了 0
196.737 197.166 75.0 人 0
197.166 197.594 73.0 - 0
197.594 198.88 70.0 间 1
199.329 199.758 65.0 这 0
199.758 200.187 65.0 份 0
200.187 200.615 68.0 爱 0
200.615 201.044 70.0 - 0
201.044 201.472 68.0 温 0
201.472 201.687 68.0 暖 1
201.717 201.931 66.0 在 0
201.931 202.359 68.0 你 0
202.359 202.788 68.0 我 0
202.788 203.658 66.0 心 0
203.658 205.832 63.0 里 1
206.219 206.648 63.0 情 0
206.648 207.076 63.0 未 0
207.076 207.505 68.0 了 0
207.505 207.934 70.0 - 1
208.017 208.445 68.0 像 0
208.445 208.874 70.0 春 0
208.874 209.302 68.0 风 0
209.302 209.731 66.0 - 0
209.731 211.017 68.0 走 0
211.017 211.445 68.0 - 0
211.445 212.409 63.0 来 1
213.038 213.467 63.0 爱 0
213.467 213.896 63.0 无 0
213.896 214.753 66.0 言 1
214.902 215.33 68.0 像 0
215.33 215.759 66.0 雪 0
215.759 216.616 68.0 花 0
216.616 217.473 73.0 悄 0
217.473 217.902 73.0 悄 0
217.902 218.33 73.0 离 0
218.33 219.616 70.0 去 1
220.047 220.475 70.0 彼 0
220.475 220.904 73.0 - 0
220.904 221.332 73.0 此 0
221.332 221.761 70.0 间 0
221.761 222.189 75.0 都 0
222.189 222.618 75.0 把 1
222.625 223.054 75.0 真 0
223.054 223.482 73.0 情 0
223.482 223.911 70.0 埋 0
223.911 224.339 70.0 在 0
224.339 224.768 70.0 心 0
224.768 225.196 63.0 - 0
225.196 225.625 63.0 底 0
225.625 226.482 66.0 - 1
226.889 227.103 63.0 爱 0
227.103 227.532 65.0 - 0
227.532 227.746 65.0 的 0
227.746 228.174 68.0 故 0
228.174 228.603 70.0 事 0
228.603 229.032 68.0 才 0
229.032 229.889 68.0 这 0
229.889 230.317 70.0 样 0
230.317 232.032 73.0 美 0
232.032 233.746 70.0 - 0
233.746 242.317 75.0 丽 1
