18.541 18.85 64.0 断 0
18.85 19.468 62.0 了 0
19.468 19.778 61.0 的 0
19.778 20.706 61.0 弦 0
21.015 21.324 64.0 再 0
21.324 21.943 62.0 怎 0
21.943 22.252 61.0 么 0
22.252 23.18 61.0 连 1
23.594 23.903 59.0 我 0
23.903 24.522 61.0 的 0
24.522 24.831 64.0 感 0
24.831 25.759 69.0 觉 0
26.068 26.378 69.0 你 0
26.378 26.996 68.0 已 0
26.996 27.305 66.0 听 0
27.305 27.924 66.0 不 0
27.924 28.233 64.0 见 1
28.48 28.789 64.0 你 0
28.789 29.407 57.0 的 0
29.407 29.717 59.0 转 0
29.717 30.645 61.0 变 0
30.954 31.263 64.0 像 0
31.263 31.882 61.0 断 0
31.882 32.191 57.0 掉 0
32.191 32.809 59.0 的 0
32.809 33.119 57.0 弦 1
33.314 33.623 57.0 再 0
33.623 34.242 56.0 怎 0
34.242 34.551 57.0 么 0
34.551 35.17 62.0 接 0
35.17 35.479 61.0 音 0
35.479 35.788 61.0 都 0
35.788 36.098 59.0 不 0
36.098 36.716 59.0 对 1
36.759 37.068 57.0 你 0
37.068 37.378 62.0 的 0
37.378 37.687 62.0 改 0
37.687 37.996 61.0 变 0
37.996 38.305 61.0 我 0
38.305 38.615 59.0 能 0
38.615 39.233 57.0 够 0
39.233 39.543 54.0 分 0
39.543 40.161 57.0 辨 1
40.596 40.906 54.0 我 0
40.906 41.215 57.0 沉 0
41.215 41.834 57.0 默 0
41.834 42.143 54.0 你 0
42.143 42.452 57.0 的 0
42.452 42.761 57.0 话 0
42.761 43.071 59.0 也 0
43.071 43.38 59.0 不 0
43.38 43.998 59.0 多 1
44.641 44.95 57.0 我 0
44.95 45.26 57.0 们 0
45.26 45.569 61.0 之 0
45.569 46.187 61.0 间 0
46.187 46.497 59.0 少 0
46.497 46.806 57.0 了 0
46.806 47.115 57.0 什 0
47.115 47.425 59.0 么 0
47.425 47.734 61.0 不 0
47.734 48.043 59.0 - 0
48.043 48.662 57.0 说 0
48.662 49.28 59.0 哎 0
49.28 49.899 61.0 哟 1
49.899 50.208 54.0 微 0
50.208 50.517 57.0 笑 0
50.517 50.827 57.0 后 0
51.136 51.445 57.0 表 0
51.445 51.754 54.0 情 0
51.754 52.064 54.0 终 0
52.064 52.373 57.0 于 0
52.373 52.682 57.0 有 0
52.682 52.992 59.0 点 0
52.992 53.301 59.0 难 0
53.301 53.61 59.0 过 1
54.351 54.66 57.0 问 0
54.66 54.97 61.0 你 0
54.97 55.279 59.0 - 0
55.279 55.897 59.0 决 0
55.897 56.207 59.0 定 0
56.207 56.516 57.0 - 0
56.516 56.825 57.0 了 0
56.825 57.134 59.0 再 0
57.134 57.444 61.0 走 0
57.444 57.753 59.0 喔 0
57.753 58.062 59.0 哦 0
58.062 58.372 57.0 - 0
58.372 58.99 59.0 耶 0
58.99 59.299 61.0 - 1
59.77 60.079 54.0 我 0
60.079 60.388 68.0 突 0
60.388 60.698 68.0 然 0
60.698 61.007 68.0 释 0
61.007 61.316 68.0 怀 0
61.316 61.625 66.0 地 0
61.625 61.935 66.0 笑 1
62.122 62.431 68.0 笑 0
62.431 62.74 68.0 声 0
62.74 63.05 68.0 盘 0
63.05 63.359 68.0 旋 0
63.359 63.668 68.0 半 0
63.668 63.978 69.0 山 0
63.978 64.287 66.0 腰 1
64.713 65.022 66.0 随 0
65.022 65.332 66.0 风 0
65.332 65.641 66.0 在 0
65.641 65.95 64.0 飘 0
65.95 66.26 64.0 摇 0
66.26 66.569 59.0 啊 0
66.569 66.878 61.0 摇 1
67.118 67.428 64.0 来 0
67.428 67.737 64.0 到 0
67.737 68.046 64.0 你 0
68.046 68.355 61.0 的 0
68.355 68.665 61.0 面 0
68.665 68.974 57.0 前 0
68.974 69.283 59.0 绕 1
69.608 69.917 54.0 你 0
69.917 70.226 68.0 泪 0
70.226 70.535 68.0 水 0
70.535 70.845 68.0 往 0
70.845 71.154 68.0 下 0
71.154 71.463 66.0 地 0
71.463 71.773 66.0 掉 1
72.022 72.331 68.0 说 0
72.331 72.64 68.0 会 0
72.64 72.95 68.0 记 0
72.95 73.259 68.0 住 0
73.259 73.568 68.0 我 0
73.568 73.878 69.0 的 0
73.878 74.187 66.0 好 1
74.56 74.869 66.0 我 0
74.869 75.179 66.0 也 0
75.179 75.488 66.0 弯 0
75.488 75.797 64.0 着 0
75.797 76.106 64.0 了 0
76.106 76.416 61.0 嘴 0
76.416 76.725 61.0 角 0
76.725 77.962 64.0 笑 0
77.962 78.271 61.0 呜 0
78.271 78.89 62.0 呜 0
78.89 79.122 61.0 呼 0
79.122 79.509 57.0 - 1
79.541 80.159 57.0 你 0
80.159 80.468 56.0 的 0
80.468 81.087 57.0 美 0
81.396 81.705 57.0 已 0
81.705 82.015 61.0 经 0
82.015 82.324 59.0 给 0
82.633 82.943 54.0 了 0
82.943 83.561 57.0 谁 1
83.921 84.231 54.0 追 0
84.231 84.54 57.0 了 0
84.54 85.159 62.0 又 0
85.159 85.468 61.0 追 0
85.468 86.086 59.0 我 0
86.396 86.705 57.0 要 0
86.705 87.014 62.0 不 0
87.014 87.633 62.0 回 0
87.942 88.251 61.0 嘿 0
88.251 88.561 61.0 嘿 0
88.561 88.87 59.0 - 0
88.87 89.179 57.0 耶 0
89.179 89.488 57.0 - 1
89.491 90.11 57.0 我 0
90.11 90.419 56.0 了 0
90.419 91.347 57.0 解 0
91.347 91.656 57.0 离 0
91.656 91.966 61.0 开 0
91.966 92.584 59.0 树 0
92.584 92.893 54.0 的 0
92.893 93.821 57.0 叶 1
93.821 94.131 54.0 属 0
94.131 94.44 57.0 于 0
94.44 94.749 62.0 地 0
94.749 95.058 62.0 上 0
95.058 95.368 61.0 的 0
95.368 95.677 59.0 世 0
95.677 95.986 59.0 界 0
95.986 96.296 57.0 - 0
96.296 96.605 57.0 凋 0
96.605 99.388 64.0 谢 1
100.125 100.434 64.0 断 0
100.434 101.053 62.0 了 0
101.053 101.362 61.0 的 0
101.362 102.29 61.0 弦 0
102.599 102.909 64.0 再 0
102.909 103.527 62.0 弹 0
103.527 103.837 61.0 一 0
103.837 104.764 61.0 遍 1
105.246 105.555 59.0 我 0
105.555 106.173 61.0 的 0
106.173 106.423 64.0 世 0
106.427 107.411 69.0 界 0
107.72 108.029 69.0 你 0
108.029 108.648 68.0 不 0
108.648 108.957 66.0 在 0
108.957 109.576 66.0 里 0
109.576 109.885 64.0 面 1
110.142 110.451 64.0 我 0
110.451 111.07 57.0 的 0
111.07 111.379 59.0 指 0
111.379 112.307 61.0 尖 0
112.616 112.926 64.0 已 0
112.926 113.544 61.0 经 0
113.544 113.853 57.0 弹 0
113.853 114.472 59.0 出 0
114.472 114.781 57.0 茧 1
115.093 115.402 57.0 还 0
115.402 116.02 56.0 是 0
116.02 116.33 57.0 无 0
116.33 116.948 64.0 法 0
116.948 117.257 61.0 留 0
117.257 117.567 61.0 你 0
117.567 117.876 57.0 在 0
117.876 118.495 57.0 我 0
118.495 118.804 54.0 身 0
118.804 119.732 59.0 边 1
119.943 120.252 64.0 断 0
120.252 120.871 62.0 了 0
120.871 121.18 61.0 的 0
121.18 122.108 61.0 弦 0
122.417 122.727 64.0 再 0
122.727 123.345 62.0 怎 0
123.345 123.654 61.0 么 0
123.654 124.582 61.0 连 1
124.947 125.257 59.0 我 0
125.257 125.875 61.0 的 0
125.875 126.185 64.0 感 0
126.185 127.112 69.0 觉 0
127.422 127.731 69.0 你 0
127.731 128.35 68.0 已 0
128.35 128.659 66.0 听 0
128.659 129.277 66.0 不 0
129.277 129.587 64.0 见 1
129.807 130.116 64.0 你 0
130.116 130.735 57.0 的 0
130.735 131.044 59.0 转 0
131.044 131.972 61.0 变 0
132.281 132.59 64.0 像 0
132.59 133.209 61.0 断 0
133.209 133.518 57.0 掉 0
133.518 134.137 59.0 的 0
134.137 134.446 57.0 弦 1
134.876 135.186 57.0 再 0
135.186 135.804 56.0 怎 0
135.804 136.113 57.0 么 0
136.113 136.732 62.0 接 0
136.732 137.041 61.0 音 0
137.041 137.351 61.0 都 0
137.351 137.66 59.0 不 0
137.66 138.278 59.0 对 1
138.288 138.598 57.0 你 0
138.598 138.907 62.0 的 0
138.907 139.216 62.0 改 0
139.216 139.526 61.0 变 0
139.526 139.835 61.0 我 0
139.835 140.144 59.0 能 0
140.144 140.763 57.0 够 0
140.763 141.072 54.0 分 0
141.072 141.69 57.0 辨 1
151.783 152.092 54.0 我 0
152.092 152.401 57.0 沉 0
152.401 153.02 57.0 默 0
153.02 153.329 54.0 你 0
153.329 153.638 57.0 的 0
153.638 153.948 57.0 话 0
153.948 154.257 59.0 也 0
154.257 154.566 59.0 不 0
154.566 155.185 59.0 多 1
155.928 156.238 57.0 我 0
156.238 156.547 57.0 们 0
156.547 156.856 61.0 之 0
156.856 157.475 61.0 间 0
157.475 157.784 59.0 少 0
157.784 158.093 57.0 了 0
158.093 158.403 57.0 什 0
158.403 158.712 59.0 么 0
158.712 159.021 61.0 不 0
159.021 159.33 59.0 - 0
159.33 159.949 57.0 说 0
159.949 160.567 59.0 哎 0
160.567 161.186 61.0 哟 1
161.204 161.513 54.0 微 0
161.513 161.823 57.0 笑 0
161.823 162.132 57.0 后 0
162.441 162.75 57.0 表 0
162.75 163.06 54.0 情 0
163.06 163.369 54.0 终 0
163.369 163.678 57.0 于 0
163.678 163.988 57.0 有 0
163.988 164.297 59.0 点 0
164.297 164.606 59.0 难 0
164.606 164.915 59.0 过 1
165.829 166.139 57.0 问 0
166.139 166.448 61.0 你 0
166.448 166.757 59.0 - 0
166.757 167.376 59.0 决 0
167.376 167.685 59.0 定 0
167.685 167.994 57.0 - 0
167.994 168.303 57.0 了 0
168.303 168.613 59.0 再 0
168.613 168.922 61.0 走 0
168.922 169.231 64.0 喔 0
169.231 169.541 61.0 哦 0
169.541 170.082 59.0 - 0
170.082 170.468 61.0 哦 0
170.468 170.778 54.0 - 1
170.948 171.257 54.0 我 0
171.257 171.567 68.0 突 0
171.567 171.876 68.0 然 0
171.876 172.185 68.0 释 0
172.185 172.494 68.0 怀 0
172.494 172.804 66.0 地 0
172.804 173.113 66.0 笑 1
173.492 173.801 68.0 笑 0
173.801 174.111 68.0 声 0
174.111 174.42 68.0 盘 0
174.42 174.729 68.0 旋 0
174.729 175.039 68.0 半 0
175.039 175.348 69.0 山 0
175.348 175.657 66.0 腰 1
175.944 176.254 66.0 随 0
176.254 176.563 66.0 风 0
176.563 176.872 66.0 在 0
176.872 177.182 64.0 飘 0
177.182 177.491 64.0 摇 0
177.491 177.8 59.0 啊 0
177.8 178.109 61.0 摇 1
178.492 178.801 64.0 来 0
178.801 179.11 64.0 到 0
179.11 179.419 64.0 你 0
179.419 179.729 61.0 的 0
179.729 180.038 61.0 面 0
180.038 180.347 59.0 前 0
180.347 180.657 59.0 绕 1
180.859 181.168 54.0 你 0
181.168 181.477 68.0 泪 0
181.477 181.787 68.0 水 0
181.787 182.096 68.0 往 0
182.096 182.405 68.0 下 0
182.405 182.715 66.0 地 0
182.715 183.024 66.0 掉 1
183.433 183.742 68.0 说 0
183.742 184.052 68.0 会 0
184.052 184.361 68.0 记 0
184.361 184.67 68.0 住 0
184.67 184.979 68.0 我 0
184.979 185.289 69.0 的 0
185.289 185.598 66.0 好 1
185.922 186.232 66.0 我 0
186.232 186.541 66.0 也 0
186.541 186.85 66.0 弯 0
186.85 187.159 64.0 着 0
187.159 187.469 64.0 了 0
187.469 187.778 59.0 嘴 0
187.778 188.087 61.0 角 0
188.087 189.324 64.0 笑 0
189.324 189.634 61.0 呜 0
189.634 190.252 62.0 呜 0
190.252 190.484 61.0 呼 0
190.484 190.871 57.0 - 1
190.873 191.491 57.0 你 0
191.491 191.801 56.0 的 0
191.801 192.419 57.0 美 0
192.728 193.038 57.0 已 0
193.038 193.347 61.0 经 0
193.347 193.656 59.0 给 0
193.966 194.275 54.0 了 0
194.275 194.893 57.0 谁 1
195.234 195.543 54.0 追 0
195.543 195.852 57.0 了 0
195.852 196.316 62.0 又 0
196.316 196.625 61.0 追 0
196.703 197.321 59.0 我 0
197.708 198.017 62.0 要 0
198.017 198.326 62.0 不 0
198.326 198.945 62.0 回 0
199.254 199.564 61.0 嘿 0
199.564 199.873 61.0 嘿 0
199.873 200.182 59.0 - 0
200.182 200.491 57.0 耶 0
200.491 200.801 57.0 - 1
200.813 201.431 57.0 我 0
201.431 201.741 56.0 了 0
201.741 202.668 57.0 解 0
202.668 202.978 57.0 离 0
202.978 203.287 61.0 开 0
203.287 203.905 59.0 树 0
203.905 204.215 61.0 的 0
204.215 204.524 59.0 叶 0
204.524 205.143 57.0 - 1
205.157 205.466 54.0 属 0
205.466 205.775 57.0 于 0
205.775 206.084 62.0 地 0
206.084 206.394 62.0 上 0
206.394 206.703 61.0 的 0
206.703 207.012 59.0 世 0
207.012 207.322 59.0 界 0
207.322 207.631 57.0 - 0
207.631 207.94 57.0 凋 0
207.94 210.724 64.0 谢 1
211.534 211.844 64.0 断 0
211.844 212.462 62.0 了 0
212.462 212.772 61.0 的 0
212.772 213.699 61.0 弦 0
214.009 214.318 64.0 再 0
214.318 214.937 62.0 弹 0
214.937 215.246 61.0 一 0
215.246 216.174 61.0 遍 1
216.455 216.764 59.0 我 0
216.764 217.383 61.0 的 0
217.383 217.648 64.0 世 0
217.659 218.62 69.0 界 0
218.929 219.238 69.0 你 0
219.238 219.857 68.0 不 0
219.857 220.166 66.0 在 0
220.166 220.785 66.0 里 0
220.785 221.094 64.0 面 1
221.452 221.762 64.0 我 0
221.762 222.38 57.0 的 0
222.38 222.689 59.0 指 0
222.689 223.617 61.0 尖 0
223.927 224.236 64.0 已 0
224.236 224.854 61.0 经 0
224.854 225.164 57.0 弹 0
225.164 225.782 59.0 出 0
225.782 226.092 57.0 茧 1
226.302 226.611 57.0 还 0
226.611 227.23 56.0 是 0
227.23 227.539 57.0 无 0
227.539 228.157 64.0 法 0
228.157 228.467 61.0 留 0
228.467 228.776 61.0 你 0
228.776 229.085 57.0 在 0
229.085 229.704 57.0 我 0
229.704 230.013 66.0 身 0
230.013 230.322 64.0 边 0
230.322 230.941 64.0 - 1
231.297 231.607 64.0 断 0
231.607 232.225 62.0 了 0
232.225 232.534 61.0 的 0
232.534 233.462 61.0 弦 0
233.771 234.081 64.0 再 0
234.081 234.699 62.0 怎 0
234.699 235.009 61.0 么 0
235.009 235.936 61.0 连 1
236.22 236.529 59.0 我 0
236.529 237.148 61.0 的 0
237.148 237.457 64.0 感 0
237.457 237.766 68.0 觉 0
237.766 238.385 69.0 - 0
238.694 239.003 69.0 你 0
239.003 239.622 71.0 已 0
239.622 239.931 68.0 听 0
239.931 240.24 66.0 不 0
240.24 240.55 64.0 - 0
240.55 240.859 64.0 见 1
241.198 241.507 64.0 你 0
241.507 242.126 57.0 的 0
242.126 242.435 59.0 转 0
242.435 243.363 61.0 变 0
243.672 243.982 64.0 像 0
243.982 244.6 61.0 断 0
244.6 244.91 57.0 掉 0
244.91 245.528 59.0 的 0
245.528 245.837 57.0 弦 1
246.152 246.461 57.0 再 0
246.461 247.079 56.0 怎 0
247.079 247.389 57.0 么 0
247.389 248.007 62.0 接 0
248.007 248.317 61.0 音 0
248.317 248.626 61.0 都 0
248.626 248.935 59.0 不 0
248.935 249.554 59.0 对 1
249.696 250.005 57.0 你 0
250.005 250.314 62.0 的 0
250.314 250.624 62.0 改 0
250.624 250.933 61.0 变 0
250.933 251.242 61.0 我 0
251.242 251.551 59.0 能 0
251.551 252.17 57.0 够 0
252.17 252.479 59.0 分 0
252.479 253.098 59.0 辨 0
253.098 254.335 57.0 - 1
