35.272 35.566 62.0 情 0
35.566 35.86 62.0 深 0
35.86 36.154 62.0 深 0
36.154 36.449 62.0 雨 0
36.449 36.743 62.0 蒙 0
36.743 37.037 64.0 - 0
37.037 37.92 59.0 蒙 1
38.138 38.433 59.0 多 0
38.433 38.727 62.0 少 0
38.727 39.168 67.0 楼 0
39.316 39.61 67.0 台 0
39.61 39.904 66.0 - 0
39.904 40.199 66.0 烟 0
40.199 40.493 62.0 雨 0
40.493 40.934 59.0 中 1
41.761 42.055 59.0 记 0
42.055 42.35 62.0 得 0
42.35 42.791 67.0 当 0
42.938 43.232 67.0 初 0
43.232 43.527 67.0 你 0
43.527 43.821 66.0 侬 0
43.821 44.115 62.0 我 0
44.115 44.557 59.0 侬 1
45.277 45.572 59.0 车 0
45.572 45.866 62.0 如 0
45.866 46.307 64.0 流 0
46.455 46.749 64.0 水 0
46.749 47.043 62.0 - 0
47.043 47.264 62.0 马 0
47.337 47.632 59.0 如 0
47.632 48.515 57.0 龙 1
48.827 49.121 59.0 尽 0
49.121 49.416 57.0 管 0
49.416 50.004 59.0 狂 0
50.004 51.181 59.0 风 0
52.064 52.8 66.0 平 0
52.8 53.388 69.0 地 0
53.388 54.713 67.0 起 1
55.621 55.915 64.0 美 0
55.915 56.209 62.0 - 0
56.209 56.503 62.0 人 0
56.503 57.092 64.0 如 0
57.092 58.711 67.0 玉 0
59.152 59.741 66.0 剑 0
59.741 60.035 67.0 如 0
60.035 62.242 69.0 红 1
63.153 63.447 62.0 啊 0
63.447 63.742 69.0 情 0
63.742 64.036 69.0 深 0
64.036 64.33 67.0 深 0
64.33 64.625 71.0 雨 0
64.625 64.919 69.0 蒙 0
64.919 65.213 67.0 蒙 1
65.317 65.612 69.0 世 0
65.612 65.906 69.0 界 0
65.906 66.2 69.0 只 0
66.2 66.347 69.0 在 0
66.494 66.789 71.0 你 0
66.789 67.377 74.0 眼 0
67.377 68.26 67.0 中 1
68.575 68.87 69.0 相 0
68.87 69.164 69.0 逢 0
69.164 69.458 69.0 不 0
69.458 69.753 69.0 晚 0
69.753 70.047 69.0 为 0
70.047 70.341 66.0 何 0
70.341 70.635 62.0 匆 0
70.635 70.93 66.0 匆 0
70.93 71.518 67.0 - 1
72.012 72.306 71.0 山 0
72.306 72.6 69.0 山 0
72.6 72.895 69.0 水 0
72.895 73.189 69.0 水 0
73.189 73.483 69.0 几 0
73.483 73.778 74.0 - 0
73.778 74.366 76.0 万 0
74.366 74.661 74.0 重 0
74.661 75.102 71.0 - 1
75.252 75.546 67.0 一 0
75.546 75.841 69.0 曲 0
75.841 76.429 71.0 高 0
76.429 76.724 71.0 歌 0
76.724 77.018 71.0 千 0
77.018 77.312 67.0 行 0
77.312 77.606 64.0 泪 1
77.645 77.94 69.0 情 0
77.94 78.234 71.0 在 0
78.234 78.528 71.0 回 0
78.528 78.823 71.0 肠 0
78.823 79.117 67.0 荡 0
79.117 79.411 64.0 气 0
79.411 81.177 69.0 中 1
82.543 82.838 62.0 啊 0
82.838 83.132 69.0 情 0
83.132 83.426 69.0 深 0
83.426 83.721 67.0 深 0
83.721 84.015 69.0 雨 0
84.015 84.309 69.0 蒙 0
84.309 84.603 67.0 蒙 1
84.631 84.926 67.0 天 0
84.926 85.22 69.0 也 0
85.22 85.514 69.0 无 0
85.514 85.661 69.0 尽 0
85.809 86.103 71.0 地 0
86.103 86.691 74.0 无 0
86.691 87.574 67.0 穷 1
87.894 88.188 69.0 高 0
88.188 88.482 69.0 楼 0
88.482 88.776 69.0 望 0
88.776 89.071 69.0 断 0
89.071 89.365 69.0 情 0
89.365 89.659 66.0 有 0
89.659 89.954 62.0 独 0
89.954 90.248 66.0 钟 0
90.248 90.837 67.0 - 1
91.407 91.701 71.0 盼 0
91.701 91.996 69.0 过 0
91.996 92.29 69.0 春 0
92.29 92.584 69.0 夏 0
92.584 92.879 69.0 和 0
92.879 93.173 74.0 - 0
93.173 93.761 76.0 秋 0
93.761 94.056 74.0 冬 0
94.056 94.497 71.0 - 1
94.759 95.054 67.0 盼 0
95.054 95.348 69.0 来 0
95.348 95.569 69.0 盼 0
95.569 95.936 71.0 - 0
95.936 96.231 71.0 去 0
96.231 96.525 71.0 盼 0
96.525 96.819 67.0 不 0
96.819 97.114 64.0 尽 1
97.122 97.342 69.0 天 0
97.342 97.71 71.0 - 0
97.71 98.299 71.0 涯 0
98.299 98.593 67.0 何 0
98.593 98.887 64.0 - 0
98.887 100.653 69.0 处 0
101.536 101.83 67.0 是 0
101.83 102.419 67.0 归 0
102.419 102.86 67.0 - 0
102.86 105.067 67.0 鸿 1
137.65 137.944 62.0 情 0
137.944 138.238 62.0 深 0
138.238 138.533 62.0 深 0
138.533 138.827 62.0 雨 0
138.827 139.121 62.0 蒙 0
139.121 139.415 64.0 - 0
139.415 140.298 59.0 蒙 1
140.619 140.913 59.0 多 0
140.913 141.207 62.0 少 0
141.207 141.649 67.0 楼 0
141.796 142.09 67.0 台 0
142.09 142.384 66.0 - 0
142.384 142.679 66.0 烟 0
142.679 142.973 62.0 雨 0
142.973 143.414 59.0 中 1
144.071 144.365 59.0 记 0
144.365 144.66 62.0 得 0
144.66 145.101 67.0 当 0
145.248 145.543 67.0 初 0
145.543 145.837 67.0 你 0
145.837 146.131 66.0 侬 0
146.131 146.425 62.0 我 0
146.425 146.867 59.0 侬 1
147.686 147.98 59.0 车 0
147.98 148.274 62.0 如 0
148.274 148.716 64.0 流 0
148.863 149.157 64.0 水 0
149.157 149.451 62.0 - 0
149.451 149.672 62.0 马 0
149.746 150.04 59.0 如 0
150.04 150.923 57.0 龙 1
151.135 151.429 59.0 尽 0
151.429 151.724 57.0 管 0
151.724 152.312 59.0 狂 0
152.312 153.489 59.0 风 0
154.372 155.108 66.0 平 0
155.108 155.697 69.0 地 0
155.697 157.021 67.0 起 1
158.037 158.331 64.0 美 0
158.331 158.625 62.0 - 0
158.625 158.92 62.0 人 0
158.92 159.508 64.0 如 0
159.508 161.127 67.0 玉 0
161.568 161.789 64.0 剑 0
161.789 162.157 66.0 - 0
162.157 162.451 67.0 如 0
162.451 164.658 69.0 红 1
165.546 165.841 62.0 啊 0
165.841 166.135 69.0 情 0
166.135 166.429 69.0 深 0
166.429 166.723 67.0 深 0
166.723 167.018 69.0 雨 0
167.018 167.312 69.0 蒙 0
167.312 167.606 67.0 蒙 1
167.607 167.902 67.0 世 0
167.902 168.196 69.0 界 0
168.196 168.49 69.0 只 0
168.49 168.637 69.0 在 0
168.785 169.079 71.0 你 0
169.079 169.667 74.0 眼 0
169.667 170.55 67.0 中 1
170.888 171.182 69.0 相 0
171.182 171.476 69.0 逢 0
171.476 171.77 69.0 不 0
171.77 172.065 69.0 晚 0
172.065 172.359 69.0 为 0
172.359 172.653 66.0 何 0
172.653 172.948 62.0 匆 0
172.948 173.242 66.0 匆 0
173.242 173.83 67.0 - 1
174.371 174.665 71.0 山 0
174.665 174.96 69.0 山 0
174.96 175.254 69.0 水 0
175.254 175.548 69.0 水 0
175.548 175.843 69.0 几 0
175.843 176.137 74.0 - 0
176.137 176.725 76.0 万 0
176.725 177.02 74.0 重 0
177.02 177.461 71.0 - 1
177.707 178.002 67.0 一 0
178.002 178.296 69.0 曲 0
178.296 178.884 71.0 高 0
178.884 179.179 71.0 歌 0
179.179 179.473 71.0 千 0
179.473 179.767 67.0 行 0
179.767 180.062 64.0 泪 1
180.093 180.387 69.0 情 0
180.387 180.681 71.0 在 0
180.681 180.975 71.0 回 0
180.975 181.27 71.0 肠 0
181.27 181.564 67.0 荡 0
181.564 181.858 64.0 气 0
181.858 183.624 69.0 中 1
185.085 185.379 62.0 啊 0
185.379 185.673 69.0 情 0
185.673 185.967 69.0 深 0
185.967 186.262 67.0 深 0
186.262 186.556 69.0 雨 0
186.556 186.85 69.0 蒙 0
186.85 187.145 67.0 蒙 1
187.174 187.468 67.0 天 0
187.468 187.762 69.0 也 0
187.762 188.056 69.0 无 0
188.056 188.204 69.0 尽 0
188.351 188.645 71.0 地 0
188.645 189.234 74.0 无 0
189.234 190.116 67.0 穷 1
190.26 190.554 69.0 高 0
190.554 190.848 69.0 楼 0
190.848 191.143 69.0 望 0
191.143 191.437 69.0 断 0
191.437 191.731 69.0 情 0
191.731 192.025 66.0 有 0
192.025 192.32 62.0 独 0
192.32 193.203 67.0 钟 1
193.825 194.12 71.0 盼 0
194.12 194.414 69.0 过 0
194.414 194.708 69.0 春 0
194.708 195.002 69.0 夏 0
195.002 195.297 69.0 和 0
195.297 195.591 74.0 - 0
195.591 196.18 76.0 秋 0
196.18 196.474 74.0 冬 0
196.474 196.915 71.0 - 1
197.023 197.318 67.0 盼 0
197.318 197.612 69.0 来 0
197.612 197.833 69.0 盼 0
197.833 198.201 71.0 - 0
198.201 198.495 71.0 去 0
198.495 198.789 71.0 盼 0
198.789 199.083 67.0 不 0
199.083 199.378 64.0 尽 1
199.431 199.651 69.0 天 0
199.651 200.019 71.0 - 0
200.019 200.608 71.0 涯 0
200.608 200.902 67.0 何 0
200.902 201.197 64.0 - 0
201.197 202.962 69.0 处 0
203.845 204.213 67.0 是 0
204.213 204.507 67.0 归 0
204.507 205.169 67.0 - 0
205.169 207.377 67.0 鸿 1
211.472 211.766 62.0 啊 0
211.766 212.06 69.0 情 0
212.06 212.355 69.0 深 0
212.355 212.649 67.0 深 0
212.649 212.943 69.0 雨 0
212.943 213.237 69.0 蒙 0
213.237 213.532 67.0 蒙 1
213.659 213.953 67.0 世 0
213.953 214.247 69.0 界 0
214.247 214.542 69.0 只 0
214.542 214.689 69.0 在 0
214.836 215.13 71.0 你 0
215.13 215.719 74.0 眼 0
215.719 216.602 67.0 中 1
216.726 217.02 69.0 相 0
217.02 217.314 69.0 逢 0
217.314 217.609 69.0 不 0
217.609 217.903 69.0 晚 0
217.903 218.197 69.0 为 0
218.197 218.492 66.0 何 0
218.492 218.786 62.0 匆 0
218.786 219.08 66.0 匆 0
219.08 219.669 67.0 - 1
220.246 220.541 71.0 山 0
220.541 220.835 69.0 山 0
220.835 221.129 69.0 水 0
221.129 221.424 69.0 水 0
221.424 221.718 69.0 几 0
221.718 222.012 74.0 - 0
222.012 222.601 76.0 万 0
222.601 222.895 74.0 重 0
222.895 223.336 71.0 - 1
223.632 223.926 67.0 一 0
223.926 224.22 69.0 曲 0
224.22 224.809 71.0 高 0
224.809 225.103 71.0 歌 0
225.103 225.397 71.0 千 0
225.397 225.692 67.0 行 0
225.692 225.986 64.0 泪 1
226.005 226.299 69.0 情 0
226.299 226.594 71.0 在 0
226.594 226.888 71.0 回 0
226.888 227.182 71.0 肠 0
227.182 227.476 67.0 荡 0
227.476 227.771 64.0 气 0
227.771 229.536 69.0 中 1
230.927 231.221 62.0 啊 0
231.221 231.515 69.0 情 0
231.515 231.81 69.0 深 0
231.81 232.104 67.0 深 0
232.104 232.398 69.0 雨 0
232.398 232.693 69.0 蒙 0
232.693 232.987 67.0 蒙 1
233.015 233.309 67.0 天 0
233.309 233.603 69.0 也 0
233.603 233.898 69.0 无 0
233.898 234.045 69.0 尽 0
234.192 234.486 71.0 地 0
234.486 235.075 74.0 无 0
235.075 235.958 67.0 穷 1
236.298 236.592 69.0 高 0
236.592 236.887 69.0 楼 0
236.887 237.181 69.0 望 0
237.181 237.475 69.0 断 0
237.475 237.77 69.0 情 0
237.77 238.064 66.0 有 0
238.064 238.358 62.0 独 0
238.358 239.241 67.0 钟 1
239.847 240.141 71.0 盼 0
240.141 240.435 69.0 过 0
240.435 240.729 69.0 春 0
240.729 241.024 69.0 夏 0
241.024 241.318 69.0 和 0
241.318 241.612 74.0 - 0
241.612 242.201 76.0 秋 0
242.201 242.495 74.0 冬 0
242.495 242.937 71.0 - 1
243.068 243.362 67.0 盼 0
243.362 243.656 69.0 来 0
243.656 243.877 69.0 盼 0
243.877 244.245 71.0 - 0
244.245 244.539 71.0 去 0
244.539 244.834 71.0 盼 0
244.834 245.128 67.0 不 0
245.128 245.422 64.0 尽 1
245.427 245.648 69.0 天 0
245.648 246.016 71.0 - 0
246.016 246.604 71.0 涯 0
246.604 246.899 67.0 何 0
246.899 247.193 64.0 - 0
247.193 248.959 69.0 处 0
249.841 250.209 67.0 是 0
250.209 250.504 67.0 归 0
250.504 251.166 67.0 - 0
251.166 253.373 67.0 鸿 1
