23.974 24.199 59.0 你 0
24.199 24.424 59.0 - 0
24.424 24.649 59.0 有 0
24.649 24.874 59.0 一 0
24.874 25.324 57.0 双 0
25.324 25.774 57.0 会 0
25.774 25.999 54.0 说 0
25.999 26.45 56.0 话 0
26.45 26.675 54.0 - 0
26.675 26.9 52.0 的 0
26.9 27.125 54.0 眼 0
27.125 27.35 52.0 - 0
27.35 28.475 52.0 - 0
31.335 31.56 52.0 睛 0
31.56 31.785 52.0 你 0
31.785 32.01 52.0 有 0
32.01 32.235 52.0 善 0
32.235 33.135 54.0 解 0
33.135 33.585 54.0 人 0
33.585 33.81 54.0 意 0
33.81 35.386 56.0 的 0
38.512 38.738 59.0 心 0
38.738 38.963 59.0 不 0
38.963 39.188 59.0 知 0
39.188 39.863 59.0 天 0
39.863 40.313 59.0 高 0
40.313 40.763 61.0 地 0
40.763 40.988 63.0 厚 0
40.988 42.564 64.0 的 0
43.945 44.395 56.0 我 0
44.395 44.62 57.0 你 0
44.62 45.07 59.0 的 0
45.07 45.52 52.0 微 0
45.745 46.195 56.0 笑 0
46.195 46.42 57.0 总 0
46.42 46.871 59.0 是 0
46.871 47.285 52.0 让 0
47.875 48.1 49.0 我 0
48.1 48.325 52.0 为 0
48.325 48.55 52.0 你 0
48.55 48.775 54.0 著 0
48.775 49.0 52.0 - 0
49.0 50.125 52.0 - 0
52.797 53.022 59.0 迷 0
53.022 53.247 59.0 你 0
53.247 53.472 59.0 有 0
53.472 53.697 59.0 一 0
53.697 54.147 57.0 双 0
54.147 54.598 57.0 深 0
54.598 55.048 54.0 情 0
55.048 55.498 54.0 的 0
55.498 56.173 56.0 眼 0
56.173 57.298 56.0 睛 0
60.057 60.282 52.0 - 0
60.282 60.507 52.0 你 0
60.507 60.732 52.0 有 0
60.732 60.957 52.0 融 0
60.957 61.407 52.0 化 0
61.407 61.632 54.0 冰 0
61.632 61.857 54.0 雪 0
62.533 62.758 52.0 的 0
62.758 64.558 59.0 魔 0
67.323 67.548 59.0 力 0
67.548 67.773 59.0 从 0
67.773 67.998 59.0 来 0
67.998 68.673 59.0 不 0
68.673 69.123 59.0 敢 0
69.123 69.573 61.0 奢 0
69.573 69.798 63.0 求 0
69.798 71.824 64.0 的 0
72.753 73.203 56.0 我 0
73.203 73.428 57.0 你 0
73.428 73.878 59.0 的 0
73.878 74.103 52.0 美 0
74.103 74.328 52.0 丽 0
74.553 75.004 56.0 总 0
75.004 75.229 57.0 是 0
75.229 75.679 59.0 让 0
75.679 75.904 52.0 - 0
75.904 76.129 52.0 我 0
76.718 76.943 49.0 躲 0
76.943 77.168 52.0 不 0
77.168 77.393 52.0 过 0
77.393 77.618 54.0 - 0
77.618 77.843 52.0 - 0
77.843 79.194 52.0 去 0
79.948 80.248 56.0 什 0
80.248 80.548 54.0 - 0
80.548 80.848 52.0 么 0
80.848 81.073 52.0 原 0
81.645 82.095 61.0 因 0
82.095 82.32 64.0 你 0
82.32 82.771 61.0 的 0
82.771 82.996 59.0 发 0
82.996 83.671 59.0 - 0
84.121 84.346 56.0 香 0
84.346 84.796 61.0 总 0
84.796 85.021 59.0 挥 0
85.021 85.696 59.0 - 0
85.696 86.146 61.0 之 0
86.146 86.371 54.0 不 0
86.371 86.822 54.0 去 0
86.993 87.293 56.0 - 0
87.293 87.593 54.0 我 0
87.593 87.893 52.0 的 0
87.893 88.343 52.0 世 0
88.793 89.243 61.0 界 0
89.243 89.468 63.0 什 0
89.468 89.918 61.0 么 0
89.918 90.143 59.0 时 0
90.143 90.594 59.0 - 0
91.189 91.414 56.0 候 0
91.414 91.639 57.0 开 0
91.639 92.089 59.0 始 0
92.089 92.314 57.0 昼 0
92.314 92.539 56.0 夜 0
92.539 92.839 57.0 难 0
92.848 93.186 57.0 分 0
93.186 93.446 57.0 翻 0
93.446 93.896 59.0 天 0
93.896 94.121 59.0 覆 0
94.121 94.346 57.0 地 0
94.346 94.797 57.0 来 0
94.826 95.051 57.0 去 0
95.051 95.276 56.0 都 0
95.276 95.726 61.0 是 0
95.726 95.951 59.0 因 0
95.951 96.401 61.0 为 0
96.401 96.626 59.0 想 0
96.626 98.426 59.0 你 0
98.849 100.649 64.0 喔 0
100.649 102.112 68.0 - 0
102.112 103.35 64.0 - 0
103.81 104.26 64.0 偷 0
104.26 104.71 63.0 偷 0
104.71 104.935 64.0 的 0
104.935 105.385 66.0 爱 0
105.385 105.61 64.0 - 0
105.61 106.025 63.0 上 0
106.049 107.174 64.0 你 0
107.292 107.742 64.0 却 0
107.742 108.192 63.0 - 0
108.192 108.417 64.0 不 0
108.417 108.867 63.0 敢 0
108.867 109.092 61.0 告 0
109.092 109.531 59.0 - 0
109.535 110.442 64.0 诉 0
110.628 111.078 61.0 你 0
111.078 111.303 61.0 因 0
111.303 111.753 59.0 为 0
111.753 111.978 64.0 我 0
111.978 112.653 64.0 知 0
113.016 113.241 61.0 道 0
113.241 113.691 61.0 我 0
113.691 113.916 63.0 给 0
113.916 114.141 64.0 不 0
114.141 114.592 64.0 到 0
114.592 114.817 63.0 你 0
114.817 115.042 61.0 要 0
115.042 115.492 64.0 的 0
115.492 115.942 63.0 东 0
115.978 116.578 59.0 西 0
116.578 117.778 64.0 喔 0
118.158 118.383 64.0 只 0
118.383 118.609 64.0 - 0
118.609 119.059 63.0 能 0
119.059 119.284 64.0 偷 0
119.284 119.734 64.0 偷 0
119.734 119.959 64.0 的 0
119.959 120.184 63.0 爱 0
120.184 121.309 64.0 上 0
121.782 122.007 64.0 你 0
122.007 122.232 64.0 只 0
122.232 122.683 63.0 能 0
122.683 122.908 64.0 偷 0
122.908 123.358 63.0 偷 0
123.358 123.583 61.0 看 0
123.583 123.808 59.0 著 0
123.808 124.933 64.0 你 0
125.21 125.66 61.0 总 0
125.66 125.885 61.0 是 0
125.885 126.335 59.0 没 0
126.335 126.56 63.0 勇 0
126.56 127.011 64.0 气 0
127.352 127.577 59.0 总 0
127.577 128.027 61.0 - 0
128.027 128.252 63.0 说 0
128.252 128.702 64.0 不 0
128.927 129.152 61.0 出 0
129.152 129.377 61.0 我 0
129.377 130.052 64.0 是 0
130.052 130.728 63.0 真 0
130.728 130.953 64.0 的 0
130.953 131.178 66.0 爱 0
131.178 134.779 64.0 上 0
164.529 164.754 59.0 你 0
164.754 164.979 59.0 你 0
164.979 165.204 59.0 有 0
165.204 165.429 59.0 一 0
165.429 165.879 57.0 双 0
165.879 166.329 57.0 深 0
166.329 166.78 54.0 情 0
166.78 167.23 54.0 的 0
167.23 167.68 56.0 眼 0
167.68 168.58 56.0 睛 0
168.58 169.03 54.0 - 0
169.03 169.48 52.0 喔 0
171.657 171.882 52.0 - 0
171.882 172.107 52.0 你 0
172.107 172.332 52.0 有 0
172.332 172.557 52.0 融 0
172.557 173.007 52.0 化 0
173.007 173.232 54.0 冰 0
173.232 173.457 54.0 雪 0
174.132 174.357 52.0 的 0
174.357 174.808 56.0 魔 0
174.808 175.483 59.0 力 0
175.483 176.383 61.0 - 0
176.383 177.058 59.0 喔 0
178.933 179.158 59.0 - 0
179.158 179.383 59.0 从 0
179.383 179.608 59.0 来 0
179.608 180.283 59.0 不 0
180.283 180.733 59.0 敢 0
180.733 181.183 61.0 奢 0
181.183 181.408 63.0 求 0
181.408 183.434 64.0 的 0
184.321 184.771 56.0 我 0
184.771 184.996 57.0 你 0
184.996 185.446 59.0 的 0
185.446 185.671 52.0 美 0
185.671 185.896 52.0 丽 0
186.121 186.572 56.0 总 0
186.572 186.797 57.0 是 0
186.797 187.247 59.0 让 0
187.247 187.472 52.0 - 0
187.472 187.697 52.0 我 0
188.258 188.483 49.0 躲 0
188.483 188.708 52.0 - 0
188.708 188.933 52.0 不 0
188.933 189.158 54.0 过 0
189.158 189.383 52.0 - 0
189.383 190.734 52.0 - 0
191.5 191.8 56.0 去 0
191.8 192.1 54.0 什 0
192.1 192.4 52.0 么 0
192.4 192.625 52.0 原 0
193.245 193.695 61.0 因 0
193.695 193.92 64.0 你 0
193.92 194.37 61.0 的 0
194.37 194.596 59.0 发 0
194.596 195.271 59.0 - 0
195.721 195.946 56.0 香 0
195.946 196.396 61.0 总 0
196.396 196.621 59.0 挥 0
196.621 197.296 59.0 - 0
197.296 197.746 61.0 之 0
197.746 197.971 54.0 不 0
197.971 198.421 54.0 - 0
198.76 199.06 56.0 去 0
199.06 199.36 54.0 我 0
199.36 199.66 52.0 的 0
199.66 200.11 52.0 世 0
200.56 201.01 61.0 界 0
201.01 201.235 63.0 什 0
201.235 201.685 61.0 么 0
201.685 201.91 59.0 时 0
201.91 202.36 59.0 候 0
202.732 202.957 56.0 开 0
202.957 203.182 57.0 - 0
203.182 203.632 59.0 始 0
203.632 203.857 57.0 昼 0
203.857 204.082 56.0 夜 0
204.082 204.382 57.0 难 0
204.418 204.718 57.0 分 0
204.718 205.018 57.0 翻 0
205.018 205.468 59.0 天 0
205.468 205.693 59.0 覆 0
205.693 205.918 57.0 地 0
205.918 206.143 57.0 来 0
206.391 206.617 57.0 去 0
206.617 206.842 59.0 都 0
206.842 207.292 61.0 是 0
207.292 207.517 59.0 因 0
207.517 207.967 61.0 为 0
207.967 208.192 59.0 想 0
208.192 209.992 59.0 - 0
210.421 211.772 64.0 你 0
211.772 213.347 64.0 喔 0
213.347 214.923 64.0 - 0
215.262 215.712 64.0 偷 0
215.712 216.162 63.0 - 0
216.162 216.387 64.0 偷 0
216.387 216.837 66.0 的 0
216.837 217.062 64.0 爱 0
217.062 217.287 63.0 - 0
217.287 218.413 64.0 上 0
218.975 219.425 64.0 你 0
219.425 219.875 63.0 却 0
219.875 220.1 64.0 不 0
220.1 220.55 63.0 敢 0
220.55 220.775 61.0 告 0
220.775 221.218 59.0 - 0
221.221 222.125 64.0 诉 0
222.244 222.695 61.0 你 0
222.695 222.92 61.0 因 0
222.92 223.37 59.0 为 0
223.37 223.595 64.0 我 0
223.595 224.27 64.0 知 0
224.664 224.889 61.0 道 0
224.889 225.339 61.0 我 0
225.339 225.564 63.0 给 0
225.564 225.789 64.0 不 0
225.789 226.239 64.0 到 0
226.239 226.464 63.0 你 0
226.464 226.69 61.0 要 0
226.69 227.14 64.0 的 0
227.14 227.59 63.0 东 0
227.597 228.197 59.0 西 0
228.197 229.397 64.0 喔 0
229.839 230.064 64.0 只 0
230.064 230.289 64.0 - 0
230.289 230.74 63.0 能 0
230.74 230.965 64.0 偷 0
230.965 231.415 64.0 偷 0
231.415 231.64 64.0 的 0
231.64 231.865 63.0 爱 0
231.865 232.99 64.0 上 0
233.352 233.577 64.0 你 0
233.577 233.802 64.0 只 0
233.802 234.252 63.0 能 0
234.252 234.477 64.0 偷 0
234.477 234.928 63.0 偷 0
234.928 235.153 61.0 看 0
235.153 235.378 59.0 - 0
235.378 236.503 64.0 著 0
236.818 237.268 61.0 你 0
237.268 237.493 61.0 总 0
237.493 237.943 59.0 是 0
237.943 238.168 63.0 没 0
238.168 238.619 64.0 勇 0
239.085 239.31 59.0 气 0
239.31 239.76 61.0 总 0
239.76 239.985 63.0 说 0
239.985 240.435 64.0 不 0
240.66 240.885 61.0 出 0
240.885 241.11 61.0 我 0
241.11 241.785 64.0 是 0
241.785 242.46 63.0 真 0
242.46 242.686 64.0 的 0
242.686 242.911 66.0 爱 0
242.911 246.511 64.0 上 0
246.512 247.413 65.0 你 0
247.863 248.313 65.0 喔 0
248.313 248.763 64.0 偷 0
248.763 248.988 65.0 偷 0
248.988 249.438 67.0 的 0
249.438 249.663 65.0 爱 0
249.663 249.888 64.0 上 0
249.888 251.014 65.0 你 0
251.376 251.826 65.0 却 0
251.826 252.276 64.0 不 0
252.276 252.501 65.0 敢 0
252.501 252.951 64.0 告 0
252.951 253.176 62.0 - 0
253.176 253.401 60.0 诉 0
253.401 254.527 65.0 你 0
254.699 255.149 62.0 因 0
255.149 255.374 62.0 - 0
255.374 255.824 60.0 为 0
255.824 256.049 65.0 我 0
256.049 256.724 65.0 知 0
256.924 257.149 62.0 道 0
257.149 257.599 62.0 我 0
257.599 257.824 64.0 给 0
257.824 258.049 65.0 不 0
258.049 258.5 65.0 到 0
258.5 258.725 64.0 你 0
258.725 258.95 62.0 要 0
258.95 259.4 65.0 的 0
259.4 259.85 64.0 东 0
260.018 260.618 60.0 西 0
260.618 261.818 65.0 喔 0
262.224 262.449 65.0 只 0
262.449 262.675 65.0 能 0
262.675 263.125 64.0 偷 0
263.125 263.35 65.0 偷 0
263.35 263.8 65.0 的 0
263.8 264.025 65.0 爱 0
264.025 264.25 64.0 上 0
264.25 265.375 65.0 你 0
265.827 266.052 65.0 只 0
266.052 266.277 65.0 能 0
266.277 266.728 64.0 偷 0
266.728 266.953 65.0 偷 0
266.953 267.403 64.0 看 0
267.403 267.628 62.0 - 0
267.628 267.853 60.0 著 0
267.853 268.978 65.0 你 0
269.212 269.662 62.0 总 0
269.662 269.887 62.0 是 0
269.887 270.337 60.0 没 0
270.337 270.562 64.0 勇 0
270.562 271.013 65.0 气 0
271.401 271.626 60.0 总 0
271.626 272.076 62.0 说 0
272.076 272.301 64.0 不 0
272.301 272.751 65.0 出 0
272.976 273.201 62.0 我 0
273.201 273.426 62.0 是 0
273.426 274.101 65.0 真 0
274.101 274.777 64.0 的 0
274.777 275.002 65.0 爱 0
275.002 275.227 67.0 上 0
275.227 279.728 65.0 你 0
