33.982 34.354 51.0 大 0
34.354 34.727 51.0 雪 0
34.727 35.1 54.0 在 0
35.1 35.473 56.0 芬 0
35.473 35.659 56.0 飞 0
35.659 36.032 58.0 - 0
36.963 37.338 56.0 寒 0
37.338 37.713 58.0 风 0
37.713 38.088 56.0 刺 0
38.088 38.463 49.0 骨 0
38.463 39.213 51.0 吹 1
40.155 40.53 58.0 那 0
40.53 40.905 63.0 也 0
40.905 41.28 63.0 比 0
41.28 41.655 63.0 不 0
41.655 42.405 63.0 上 0
42.405 42.78 61.0 你 0
42.78 43.155 58.0 给 0
43.155 43.53 56.0 我 0
43.53 43.905 58.0 的 0
43.905 44.28 63.0 伤 0
44.28 44.655 61.0 - 0
44.655 45.405 58.0 悲 1
46.14 46.515 58.0 我 0
46.515 46.89 61.0 穷 0
46.89 47.265 63.0 受 0
47.265 47.64 61.0 着 0
47.64 48.39 63.0 罪 0
48.39 48.765 61.0 还 0
48.765 49.14 58.0 要 0
49.14 49.515 56.0 装 0
49.515 49.89 58.0 做 0
49.89 50.265 63.0 无 0
50.265 50.64 61.0 所 0
50.64 51.39 58.0 畏 1
51.394 51.769 54.0 我 0
51.769 52.144 56.0 是 0
52.144 52.519 58.0 冬 0
52.519 52.894 58.0 天 0
52.894 53.269 61.0 里 0
53.269 53.644 58.0 可 0
53.644 54.019 56.0 怜 0
54.019 54.394 58.0 的 0
54.394 54.769 56.0 白 0
54.769 55.519 58.0 玫 0
55.519 56.269 51.0 瑰 1
58.13 58.505 51.0 夜 0
58.505 58.88 51.0 晚 0
58.88 59.255 54.0 那 0
59.255 59.63 56.0 么 0
59.63 59.818 56.0 黑 0
59.818 60.193 58.0 - 0
61.13 61.505 56.0 月 0
61.505 61.88 58.0 亮 0
61.88 62.255 56.0 也 0
62.255 62.63 49.0 如 0
62.63 63.38 51.0 水 1
64.021 64.396 51.0 那 0
64.396 64.771 63.0 也 0
64.771 65.146 63.0 不 0
65.146 65.521 63.0 应 0
65.521 66.271 63.0 该 0
66.271 66.646 61.0 让 0
66.646 67.021 58.0 我 0
67.021 67.396 56.0 一 0
67.396 67.771 58.0 个 0
67.771 68.146 63.0 人 0
68.146 68.521 61.0 - 0
68.521 69.271 58.0 醉 1
69.973 70.348 58.0 寂 0
70.348 70.723 61.0 寞 0
70.723 71.098 63.0 的 0
71.098 71.473 61.0 滋 0
71.473 72.223 63.0 味 0
72.223 72.598 61.0 让 0
72.598 72.973 58.0 我 0
72.973 73.348 56.0 一 0
73.348 73.723 58.0 个 0
73.723 74.098 63.0 人 0
74.098 74.473 61.0 体 0
74.473 75.223 58.0 会 1
75.226 75.601 54.0 我 0
75.601 75.976 56.0 是 0
75.976 76.351 58.0 冬 0
76.351 76.726 58.0 天 0
76.726 77.101 61.0 里 0
77.101 77.476 58.0 孤 0
77.476 77.851 56.0 单 0
77.851 78.226 58.0 的 0
78.226 78.601 61.0 白 0
78.601 78.976 61.0 玫 0
78.976 81.976 63.0 瑰 1
82.016 82.391 63.0 就 0
82.391 82.766 66.0 算 0
82.766 83.141 66.0 大 0
83.141 83.516 63.0 雪 0
83.516 84.266 66.0 飞 0
84.266 84.641 65.0 就 0
84.641 85.016 63.0 算 0
85.016 85.391 61.0 寒 0
85.391 85.766 61.0 风 0
85.766 86.141 61.0 刺 0
86.141 86.516 58.0 骨 0
86.516 87.829 61.0 吹 1
88.033 88.408 63.0 就 0
88.408 88.783 66.0 算 0
88.783 89.158 66.0 你 0
89.158 89.533 63.0 给 0
89.533 90.283 66.0 我 0
90.283 90.658 65.0 再 0
90.658 91.033 63.0 疼 0
91.033 91.408 61.0 再 0
91.408 91.783 61.0 苦 0
91.783 92.158 61.0 的 0
92.158 92.533 56.0 伤 0
92.533 93.283 58.0 悲 1
94.15 94.525 63.0 我 0
94.525 94.9 66.0 不 0
94.9 95.275 66.0 会 0
95.275 95.65 63.0 落 0
95.65 96.4 66.0 泪 0
96.4 96.775 65.0 也 0
96.775 97.15 63.0 不 0
97.15 97.525 61.0 会 0
97.525 97.9 61.0 继 0
97.9 98.275 61.0 续 0
98.275 98.65 58.0 憔 0
98.65 99.4 61.0 悴 1
99.408 99.783 58.0 我 0
99.783 100.158 61.0 是 0
100.158 100.533 63.0 冬 0
100.533 100.908 63.0 天 0
100.908 101.283 65.0 里 0
101.283 101.658 63.0 坚 0
101.658 102.033 61.0 强 0
102.033 102.408 58.0 的 0
102.408 102.783 61.0 白 0
102.783 103.158 63.0 玫 0
103.158 106.158 63.0 瑰 1
130.147 130.522 51.0 夜 0
130.522 130.897 51.0 晚 0
130.897 131.272 54.0 那 0
131.272 131.647 56.0 么 0
131.647 131.835 56.0 黑 0
131.835 132.21 58.0 - 0
133.147 133.522 56.0 月 0
133.522 133.897 58.0 亮 0
133.897 134.272 58.0 也 0
134.272 134.647 53.0 如 0
134.647 135.397 51.0 水 1
136.058 136.433 58.0 那 0
136.433 136.808 63.0 也 0
136.808 137.183 63.0 不 0
137.183 137.558 63.0 应 0
137.558 138.308 63.0 该 0
138.308 138.683 61.0 让 0
138.683 139.058 58.0 我 0
139.058 139.433 56.0 一 0
139.433 139.808 58.0 个 0
139.808 140.183 63.0 人 0
140.183 140.558 61.0 - 0
140.558 141.308 58.0 醉 1
142.055 142.43 58.0 寂 0
142.43 142.805 61.0 寞 0
142.805 143.18 63.0 的 0
143.18 143.555 61.0 滋 0
143.555 144.305 63.0 味 0
144.305 144.68 61.0 让 0
144.68 145.055 58.0 我 0
145.055 145.43 56.0 一 0
145.43 145.805 58.0 个 0
145.805 146.18 63.0 人 0
146.18 146.555 61.0 体 0
146.555 147.305 58.0 会 1
147.405 147.78 54.0 我 0
147.78 148.155 56.0 是 0
148.155 148.53 58.0 冬 0
148.53 148.905 58.0 天 0
148.905 149.28 61.0 里 0
149.28 149.655 58.0 孤 0
149.655 150.03 56.0 单 0
150.03 150.405 58.0 的 0
150.405 150.78 61.0 白 0
150.78 151.155 61.0 玫 0
151.155 154.155 63.0 瑰 1
154.162 154.537 63.0 就 0
154.537 154.912 66.0 算 0
154.912 155.287 66.0 月 0
155.287 155.662 63.0 气 0
155.662 156.412 66.0 黑 0
156.412 156.787 65.0 就 0
156.787 157.162 63.0 算 0
157.162 157.537 61.0 月 0
157.537 157.912 61.0 亮 0
157.912 158.287 61.0 还 0
158.287 158.662 58.0 在 0
158.662 159.975 61.0 睡 1
159.998 160.373 63.0 就 0
160.373 160.748 66.0 算 0
160.748 161.123 66.0 你 0
161.123 161.498 63.0 让 0
161.498 162.248 66.0 我 0
162.248 162.623 65.0 自 0
162.623 162.998 63.0 己 0
162.998 163.373 61.0 一 0
163.373 163.748 61.0 个 0
163.748 164.123 61.0 人 0
164.123 164.498 56.0 喝 0
164.498 165.248 58.0 醉 1
166.023 166.398 63.0 我 0
166.398 166.773 66.0 不 0
166.773 167.148 66.0 再 0
167.148 167.523 63.0 心 0
167.523 168.273 66.0 碎 0
168.273 168.648 65.0 也 0
168.648 169.023 63.0 不 0
169.023 169.398 61.0 会 0
169.398 169.773 61.0 继 0
169.773 170.148 61.0 续 0
170.148 170.523 58.0 枯 0
170.523 171.273 61.0 萎 1
171.293 171.668 58.0 我 0
171.668 172.043 61.0 是 0
172.043 172.418 63.0 冬 0
172.418 172.793 63.0 天 0
172.793 173.168 65.0 里 0
173.168 173.543 63.0 绽 0
173.543 173.918 61.0 放 0
173.918 174.293 58.0 的 0
174.293 174.668 61.0 白 0
174.668 175.043 63.0 玫 0
175.043 178.043 63.0 瑰 1
178.123 178.498 63.0 就 0
178.498 178.873 66.0 算 0
178.873 179.248 66.0 大 0
179.248 179.623 63.0 雪 0
179.623 180.373 66.0 飞 0
180.373 180.748 65.0 就 0
180.748 181.123 63.0 算 0
181.123 181.498 61.0 寒 0
181.498 181.873 61.0 风 0
181.873 182.248 61.0 刺 0
182.248 182.623 58.0 骨 0
182.623 183.936 61.0 吹 1
184.097 184.472 63.0 就 0
184.472 184.847 66.0 算 0
184.847 185.222 66.0 你 0
185.222 185.597 63.0 给 0
185.597 186.347 66.0 我 0
186.347 186.722 65.0 再 0
186.722 187.097 63.0 疼 0
187.097 187.472 61.0 再 0
187.472 187.847 61.0 苦 0
187.847 188.222 61.0 的 0
188.222 188.597 56.0 伤 0
188.597 189.347 58.0 悲 1
190.067 190.442 63.0 我 0
190.442 190.817 66.0 不 0
190.817 191.192 66.0 会 0
191.192 191.567 63.0 落 0
191.567 192.317 66.0 泪 0
192.317 192.692 65.0 也 0
192.692 193.067 63.0 不 0
193.067 193.442 61.0 会 0
193.442 193.817 61.0 继 0
193.817 194.192 61.0 续 0
194.192 194.567 58.0 憔 0
194.567 195.317 61.0 悴 1
195.382 195.757 58.0 我 0
195.757 196.132 61.0 是 0
196.132 196.507 63.0 冬 0
196.507 196.882 63.0 天 0
196.882 197.257 65.0 里 0
197.257 197.632 63.0 坚 0
197.632 198.007 61.0 强 0
198.007 198.382 58.0 的 0
198.382 198.757 61.0 白 0
198.757 199.132 63.0 玫 0
199.132 202.132 63.0 瑰 1
202.149 202.524 63.0 就 0
202.524 202.899 66.0 算 0
202.899 203.274 65.0 月 0
203.274 203.649 63.0 气 0
203.649 204.399 66.0 黑 0
204.399 204.774 65.0 就 0
204.774 205.149 63.0 算 0
205.149 205.524 61.0 月 0
205.524 205.899 61.0 亮 0
205.899 206.274 61.0 还 0
206.274 206.649 61.0 在 0
206.649 208.149 61.0 睡 1
208.155 208.53 63.0 就 0
208.53 208.905 66.0 算 0
208.905 209.28 66.0 你 0
209.28 209.655 63.0 让 0
209.655 210.405 66.0 我 0
210.405 210.78 65.0 自 0
210.78 211.155 63.0 己 0
211.155 211.53 61.0 一 0
211.53 211.905 61.0 个 0
211.905 212.28 61.0 人 0
212.28 212.655 61.0 喝 0
212.655 213.405 58.0 醉 1
213.971 214.346 63.0 我 0
214.346 214.721 66.0 不 0
214.721 215.096 65.0 再 0
215.096 215.471 63.0 心 0
215.471 216.221 66.0 碎 0
216.221 216.596 65.0 也 0
216.596 216.971 63.0 不 0
216.971 217.346 61.0 会 0
217.346 217.721 61.0 继 0
217.721 218.096 61.0 续 0
218.096 218.471 58.0 枯 0
218.471 219.221 61.0 萎 1
219.3 219.675 58.0 我 0
219.675 220.05 61.0 是 0
220.05 220.425 63.0 冬 0
220.425 220.8 63.0 天 0
220.8 221.175 66.0 里 0
221.175 221.55 68.0 绽 0
221.55 221.925 68.0 放 0
221.925 222.3 66.0 的 0
222.3 222.675 68.0 白 0
222.675 223.05 70.0 玫 0
223.05 223.425 63.0 - 0
223.425 224.55 63.0 瑰 1
225.241 225.616 58.0 我 0
225.616 225.991 61.0 是 0
225.991 226.366 63.0 冬 0
226.366 226.741 63.0 天 0
226.741 227.116 66.0 里 0
227.116 227.491 68.0 绽 0
227.491 227.866 68.0 放 0
227.866 228.241 66.0 的 0
228.241 228.616 68.0 白 0
228.616 228.991 70.0 玫 0
228.991 229.554 63.0 - 0
229.554 232.741 63.0 瑰 1
