25.909 26.544 59.0 多 0
26.544 26.794 57.0 一 0
26.794 27.294 59.0 秒 1
27.667 27.917 55.0 停 0
27.917 28.417 60.0 在 0
28.417 28.792 59.0 这 0
28.792 29.167 57.0 里 0
29.167 29.792 59.0 就 0
29.917 30.417 55.0 好 1
33.79 34.415 64.0 才 0
34.415 34.665 62.0 发 0
34.665 35.165 64.0 现 1
35.647 35.897 67.0 习 0
35.897 36.397 66.0 惯 0
36.397 36.647 67.0 了 0
36.647 36.897 64.0 这 0
36.897 37.397 66.0 - 0
37.397 37.897 62.0 味 0
37.897 39.147 62.0 道 1
41.928 42.553 64.0 甜 0
42.553 42.803 60.0 甜 0
42.803 43.303 59.0 的 0
43.303 43.553 60.0 思 0
43.553 44.053 57.0 - 0
44.053 45.553 57.0 念 1
45.85 46.475 66.0 涩 0
46.475 46.975 62.0 涩 0
46.975 47.475 57.0 的 0
47.475 47.975 57.0 埋 0
47.975 48.975 55.0 怨 1
49.04 49.29 55.0 回 0
49.29 49.54 57.0 忆 0
49.54 50.04 59.0 的 0
50.04 50.54 59.0 画 0
50.54 51.04 55.0 面 1
51.058 51.308 55.0 跟 0
51.308 51.558 57.0 时 0
51.558 51.808 59.0 间 0
51.808 52.558 59.0 赛 0
52.558 53.058 55.0 跑 1
53.609 53.859 52.0 总 0
53.859 54.359 52.0 赢 0
54.359 54.609 55.0 不 0
54.609 55.859 57.0 了 1
57.928 58.553 59.0 再 0
58.553 58.803 57.0 一 0
58.803 59.303 59.0 秒 1
59.66 59.91 55.0 再 0
59.91 60.66 60.0 多 0
60.66 60.91 59.0 一 0
60.91 61.285 57.0 秒 0
61.285 61.91 59.0 就 0
61.91 62.91 55.0 好 1
65.851 66.476 64.0 才 0
66.476 66.726 62.0 开 0
66.726 67.226 64.0 始 1
67.716 67.966 67.0 怀 0
67.966 68.466 66.0 念 0
68.466 68.716 67.0 和 0
68.716 69.966 69.0 你 0
70.341 70.966 66.0 争 0
70.966 71.966 62.0 吵 1
73.643 74.018 62.0 但 0
74.018 74.518 64.0 你 0
74.518 75.018 60.0 不 0
75.018 75.268 59.0 知 0
75.268 75.768 60.0 道 0
75.768 76.018 57.0 - 0
76.018 77.018 57.0 吧 1
77.873 78.498 66.0 在 0
78.498 78.748 62.0 我 0
78.748 79.248 62.0 心 0
79.248 79.748 69.0 里 0
79.748 79.998 67.0 - 0
79.998 80.998 67.0 面 1
81.386 81.636 64.0 你 0
81.636 81.886 66.0 的 0
81.886 82.386 67.0 肩 0
82.386 82.636 66.0 膀 0
82.636 83.136 67.0 是 1
83.385 83.635 64.0 我 0
83.635 83.885 66.0 最 0
83.885 84.385 67.0 坚 0
84.385 84.635 66.0 强 0
84.635 85.135 67.0 的 1
85.243 85.743 71.0 依 0
85.743 87.993 69.0 靠 1
88.969 89.469 62.0 梦 0
89.469 89.969 72.0 是 0
89.969 90.469 71.0 远 0
90.469 90.719 69.0 远 0
90.719 91.219 71.0 飞 0
91.219 91.969 74.0 翔 1
92.054 92.554 69.0 你 0
92.554 92.804 67.0 就 0
92.804 93.304 66.0 是 0
93.304 94.054 67.0 我 1
94.059 94.559 66.0 左 0
94.559 94.809 64.0 半 0
94.809 95.309 66.0 边 0
95.309 95.809 67.0 翅 0
95.809 96.684 59.0 膀 1
97.381 97.631 67.0 天 0
97.631 97.881 74.0 空 0
97.881 98.381 74.0 再 0
98.381 98.631 72.0 大 0
98.631 99.131 71.0 再 0
99.131 99.881 72.0 远 1
99.99 100.49 71.0 和 0
100.49 100.74 72.0 你 0
100.74 101.24 64.0 并 0
101.24 101.99 67.0 肩 1
102.058 102.558 67.0 我 0
102.558 102.808 66.0 也 0
102.808 103.308 67.0 勇 0
103.308 103.808 69.0 敢 0
103.808 104.933 69.0 闯 1
104.991 105.491 62.0 梦 0
105.491 105.991 72.0 是 0
105.991 106.491 71.0 远 0
106.491 106.741 69.0 远 0
106.741 107.241 71.0 飞 0
107.241 107.991 74.0 翔 1
108.045 108.545 69.0 你 0
108.545 108.795 67.0 就 0
108.795 109.295 66.0 是 0
109.295 110.045 67.0 我 1
110.046 110.546 66.0 左 0
110.546 110.796 64.0 半 0
110.796 111.296 66.0 边 0
111.296 111.796 67.0 翅 0
111.796 112.296 71.0 膀 0
112.296 113.296 71.0 - 1
113.362 113.612 69.0 感 0
113.612 113.862 71.0 觉 0
113.862 114.237 69.0 不 0
114.237 114.612 67.0 到 1
114.628 114.878 64.0 你 0
114.878 115.128 64.0 的 0
115.128 115.628 62.0 呼 0
115.628 115.878 64.0 吸 0
115.878 116.128 64.0 的 0
116.128 116.628 62.0 心 0
116.628 116.878 64.0 跳 1
117.035 117.41 64.0 和 0
117.41 117.785 66.0 我 0
117.785 118.035 67.0 一 0
118.035 118.535 64.0 起 0
118.535 119.535 62.0 - 1
119.65 119.9 71.0 我 0
119.9 120.4 72.0 宁 0
120.4 120.65 71.0 愿 0
120.65 120.9 67.0 不 0
120.9 121.4 67.0 要 1
121.474 121.724 69.0 飞 0
121.724 124.974 67.0 翔 1
143.779 144.404 59.0 再 0
144.404 144.654 57.0 一 0
144.654 145.279 59.0 秒 1
145.456 145.706 55.0 再 0
145.706 146.456 60.0 多 0
146.456 146.706 59.0 一 0
146.706 147.206 57.0 秒 0
147.206 147.956 59.0 就 0
147.956 148.956 55.0 好 1
151.845 152.47 64.0 才 0
152.47 152.72 62.0 开 0
152.72 153.22 64.0 始 1
153.798 154.048 67.0 怀 0
154.048 154.548 66.0 念 0
154.548 154.798 67.0 和 0
154.798 156.048 69.0 你 0
156.048 156.673 66.0 争 0
156.673 157.923 62.0 吵 1
159.772 160.022 62.0 但 0
160.022 160.522 64.0 你 0
160.522 161.022 60.0 不 0
161.022 161.272 59.0 知 0
161.272 161.522 60.0 道 0
161.522 162.022 57.0 - 0
162.022 163.022 57.0 吧 1
163.789 164.414 66.0 在 0
164.414 164.664 62.0 我 0
164.664 165.164 62.0 心 0
165.164 165.539 69.0 里 0
165.539 165.914 67.0 - 0
165.914 166.914 67.0 面 1
167.395 167.645 64.0 你 0
167.645 167.895 66.0 的 0
167.895 168.395 67.0 肩 0
168.395 168.645 66.0 膀 0
168.645 169.145 67.0 是 1
169.472 169.722 64.0 我 0
169.722 169.972 66.0 最 0
169.972 170.472 67.0 坚 0
170.472 170.722 66.0 强 0
170.722 171.222 67.0 的 1
171.242 171.992 71.0 依 0
171.992 174.492 69.0 靠 1
174.896 175.396 62.0 梦 0
175.396 175.896 72.0 是 0
175.896 176.396 71.0 远 0
176.396 176.646 69.0 远 0
176.646 177.146 71.0 飞 0
177.146 177.896 74.0 翔 1
178.045 178.545 69.0 你 0
178.545 178.795 67.0 就 0
178.795 179.295 66.0 是 0
179.295 180.045 67.0 我 1
180.055 180.555 66.0 左 0
180.555 180.805 64.0 半 0
180.805 181.305 66.0 边 0
181.305 181.805 67.0 翅 0
181.805 182.68 59.0 膀 1
183.555 183.805 67.0 天 0
183.805 184.055 74.0 空 0
184.055 184.555 74.0 再 0
184.555 184.805 72.0 大 0
184.805 185.305 71.0 再 0
185.305 186.055 72.0 远 1
186.057 186.557 71.0 和 0
186.557 186.807 72.0 你 0
186.807 187.307 64.0 并 0
187.307 188.057 67.0 肩 1
188.059 188.559 67.0 我 0
188.559 188.809 66.0 也 0
188.809 189.309 67.0 勇 0
189.309 189.809 69.0 敢 0
189.809 190.934 69.0 闯 1
191.01 191.51 62.0 梦 0
191.51 192.01 72.0 是 0
192.01 192.51 71.0 远 0
192.51 192.76 69.0 远 0
192.76 193.26 71.0 飞 0
193.26 194.01 74.0 翔 1
194.036 194.536 69.0 你 0
194.536 194.786 67.0 就 0
194.786 195.286 66.0 是 0
195.286 196.036 67.0 我 1
196.039 196.539 66.0 左 0
196.539 196.789 64.0 半 0
196.789 197.289 66.0 边 0
197.289 197.789 67.0 翅 0
197.789 198.289 71.0 膀 0
198.289 199.289 71.0 - 1
199.526 199.776 69.0 感 0
199.776 200.026 71.0 觉 0
200.026 200.401 69.0 不 0
200.401 200.776 67.0 到 1
200.803 201.053 64.0 你 0
201.053 201.303 64.0 的 0
201.303 201.803 62.0 呼 0
201.803 202.053 64.0 吸 0
202.053 202.303 64.0 的 0
202.303 202.803 62.0 心 0
202.803 203.053 64.0 跳 1
203.059 203.434 64.0 和 0
203.434 203.809 66.0 我 0
203.809 204.059 67.0 一 0
204.059 204.559 64.0 起 0
204.559 205.559 62.0 - 1
205.678 205.928 71.0 我 0
205.928 206.428 72.0 宁 0
206.428 206.678 71.0 愿 0
206.678 206.928 67.0 不 0
206.928 207.428 67.0 要 1
207.518 207.768 69.0 飞 0
207.768 211.018 67.0 翔 1
211.052 211.552 62.0 梦 0
211.552 212.052 72.0 是 0
212.052 212.552 71.0 远 0
212.552 212.802 69.0 远 0
212.802 213.302 71.0 飞 0
213.302 214.052 74.0 翔 1
214.053 214.553 69.0 你 0
214.553 214.803 67.0 就 0
214.803 215.303 66.0 是 0
215.303 216.053 67.0 我 1
216.054 216.554 66.0 左 0
216.554 216.804 64.0 半 0
216.804 217.304 66.0 边 0
217.304 218.054 67.0 翅 0
218.054 219.554 59.0 膀 1
219.555 219.805 64.0 天 0
219.805 220.055 74.0 空 0
220.055 220.555 74.0 再 0
220.555 220.805 72.0 大 0
220.805 221.305 71.0 再 0
221.305 222.055 72.0 远 1
222.057 222.557 71.0 和 0
222.557 222.807 72.0 你 0
222.807 223.307 64.0 并 0
223.307 224.057 67.0 肩 1
224.059 224.559 67.0 我 0
224.559 224.809 66.0 也 0
224.809 225.309 67.0 勇 0
225.309 225.809 69.0 敢 0
225.809 226.934 69.0 闯 1
227.025 227.525 62.0 梦 0
227.525 228.025 72.0 是 0
228.025 228.525 71.0 远 0
228.525 228.775 69.0 远 0
228.775 229.275 71.0 飞 0
229.275 230.025 74.0 翔 1
230.051 230.551 69.0 你 0
230.551 230.801 67.0 就 0
230.801 231.301 66.0 是 0
231.301 232.051 67.0 我 1
232.053 232.553 66.0 左 0
232.553 232.803 64.0 半 0
232.803 233.303 66.0 边 0
233.303 233.803 67.0 翅 0
233.803 234.303 71.0 膀 0
234.303 235.303 71.0 - 1
235.431 235.681 69.0 感 0
235.681 235.931 71.0 觉 0
235.931 236.306 69.0 不 0
236.306 236.681 67.0 到 1
236.772 237.022 64.0 你 0
237.022 237.272 64.0 的 0
237.272 237.772 62.0 呼 0
237.772 238.022 64.0 吸 0
238.022 238.272 64.0 的 0
238.272 238.772 62.0 心 0
238.772 239.022 64.0 跳 1
239.04 239.415 64.0 和 0
239.415 239.79 66.0 我 0
239.79 240.165 67.0 一 0
240.165 240.665 66.0 起 0
240.665 241.665 62.0 - 1
241.795 242.045 71.0 我 0
242.045 242.545 72.0 宁 0
242.545 243.045 71.0 愿 0
243.045 243.295 67.0 不 0
243.295 244.045 67.0 要 1
244.804 245.304 69.0 飞 0
245.304 247.679 67.0 翔 1
