16.006 16.542 43.0 你 0
16.542 17.077 48.0 微 0
17.077 18.505 53.0 笑 0
18.505 18.982 50.0 不 0
18.982 19.458 50.0 代 0
19.458 19.934 48.0 表 0
19.934 20.41 47.0 你 0
20.41 20.886 48.0 想 0
20.886 22.315 55.0 拥 0
22.315 22.791 53.0 - 0
22.791 23.505 53.0 抱 1
23.785 24.102 45.0 你 0
24.102 24.419 52.0 的 0
24.419 24.737 50.0 拥 0
24.737 25.689 53.0 抱 0
26.165 26.642 50.0 不 0
26.642 27.118 52.0 代 0
27.118 27.594 45.0 表 0
27.594 28.07 50.0 一 0
28.07 28.546 48.0 切 0
28.546 30.451 48.0 美 0
30.451 30.927 47.0 好 1
31.483 31.959 43.0 如 0
31.959 32.435 48.0 果 0
32.435 33.864 53.0 说 0
33.864 34.34 50.0 梦 0
34.34 34.816 50.0 想 0
34.816 35.292 48.0 是 0
35.292 35.768 47.0 一 0
35.768 36.244 48.0 个 0
36.244 37.673 59.0 气 0
37.673 38.149 57.0 - 0
38.149 38.625 57.0 泡 1
39.113 39.43 55.0 至 0
39.43 39.748 53.0 少 0
39.748 40.065 52.0 我 0
40.065 40.541 53.0 能 0
40.541 41.494 57.0 够 0
41.494 41.97 45.0 触 0
41.97 43.398 48.0 摸 0
43.398 43.875 47.0 得 0
43.875 45.779 48.0 到 1
50.512 50.988 43.0 我 0
50.988 51.465 48.0 眼 0
51.465 52.893 53.0 睛 0
52.893 53.369 50.0 看 0
53.369 53.846 50.0 不 0
53.846 54.322 48.0 见 0
54.322 54.798 47.0 你 0
54.798 55.274 48.0 的 0
55.274 57.179 55.0 需 0
57.179 57.893 53.0 要 1
58.135 58.453 45.0 你 0
58.453 58.77 52.0 的 0
58.77 59.088 50.0 耳 0
59.088 60.04 53.0 朵 0
60.516 60.992 50.0 听 0
60.992 61.469 52.0 不 0
61.469 61.945 45.0 到 0
61.945 62.421 50.0 我 0
62.421 62.897 48.0 的 0
62.897 64.802 48.0 祈 0
64.802 65.278 47.0 祷 1
65.645 66.121 43.0 如 0
66.121 66.598 48.0 果 0
66.598 68.026 53.0 说 0
68.026 68.502 50.0 天 0
68.502 68.979 50.0 气 0
68.979 69.455 48.0 都 0
69.455 69.931 47.0 难 0
69.931 70.407 48.0 以 0
70.407 72.193 59.0 预 0
72.193 72.788 57.0 告 1
73.282 73.6 55.0 爱 0
73.6 73.917 53.0 情 0
73.917 74.235 52.0 的 0
74.235 74.711 53.0 痕 0
74.711 75.663 57.0 迹 0
75.663 76.139 45.0 往 0
76.139 77.092 48.0 哪 0
77.092 78.044 47.0 里 0
78.044 79.473 48.0 找 1
79.92 80.634 60.0 我 0
80.634 81.349 62.0 要 0
81.349 81.825 62.0 对 0
81.825 82.777 57.0 你 0
83.134 83.372 62.0 多 0
83.372 83.73 64.0 - 0
83.73 84.682 62.0 好 1
84.733 85.05 59.0 你 0
85.05 85.368 60.0 要 0
85.368 85.685 60.0 爱 0
85.685 86.638 55.0 我 0
86.638 87.114 60.0 多 0
87.114 88.066 60.0 少 1
88.583 89.06 60.0 有 0
89.06 89.536 59.0 什 0
89.536 90.488 57.0 么 0
90.488 91.202 60.0 重 0
91.202 91.441 59.0 - 0
91.441 91.917 59.0 要 1
92.352 92.669 55.0 也 0
92.669 92.987 60.0 许 0
92.987 93.304 62.0 答 0
93.304 94.733 65.0 案 0
94.733 95.209 64.0 得 0
95.209 95.447 62.0 走 0
95.447 95.923 64.0 - 0
95.923 96.638 65.0 过 0
96.638 97.114 67.0 天 0
97.114 98.066 60.0 涯 0
98.423 98.9 67.0 海 0
98.9 99.971 65.0 角 1
100.096 100.572 64.0 最 0
100.572 101.048 62.0 后 0
101.048 102.001 55.0 才 0
102.001 102.953 62.0 知 0
102.953 104.858 60.0 道 1
107.556 108.032 53.0 听 0
108.032 108.508 52.0 得 0
108.508 108.985 53.0 见 0
108.985 109.461 55.0 你 0
109.461 109.937 57.0 心 0
109.937 110.413 60.0 在 0
110.413 111.842 62.0 跳 0
113.27 114.223 59.0 最 0
114.223 114.699 59.0 重 0
114.699 116.127 60.0 要 1
120.886 121.363 43.0 你 0
121.363 121.839 48.0 的 0
121.839 123.267 53.0 泪 0
123.267 123.744 52.0 不 0
123.744 124.22 50.0 代 0
124.22 124.696 48.0 表 0
124.696 125.172 47.0 我 0
125.172 125.648 48.0 的 0
125.648 127.553 55.0 烦 0
127.553 128.267 53.0 恼 1
128.636 128.954 45.0 我 0
128.954 129.271 52.0 的 0
129.271 129.589 50.0 感 0
129.589 130.541 53.0 动 0
131.017 131.494 52.0 不 0
131.494 131.97 52.0 代 0
131.97 132.446 45.0 表 0
132.446 132.922 50.0 你 0
132.922 133.398 48.0 的 0
133.398 135.303 48.0 心 0
135.303 135.779 47.0 跳 1
136.147 136.624 43.0 也 0
136.624 137.1 48.0 难 0
137.1 138.528 53.0 怪 0
138.528 139.005 50.0 亲 0
139.005 139.481 50.0 吻 0
139.481 139.957 48.0 的 0
139.957 140.433 47.0 时 0
140.433 140.909 48.0 候 0
140.909 142.457 59.0 需 0
142.457 142.695 57.0 - 0
142.695 143.29 57.0 要 1
143.832 144.149 55.0 闭 0
144.149 144.466 53.0 起 0
144.466 144.784 52.0 了 0
144.784 145.26 53.0 眼 0
145.26 146.212 57.0 睛 0
146.212 146.689 45.0 才 0
146.689 147.641 48.0 有 0
147.641 148.593 47.0 味 0
148.593 150.022 48.0 道 1
169.523 170.237 61.0 我 0
170.237 170.951 63.0 要 0
170.951 171.427 63.0 对 0
171.427 172.38 58.0 你 0
172.737 172.975 63.0 多 0
172.975 173.332 65.0 - 0
173.332 174.285 63.0 好 1
174.292 174.609 60.0 你 0
174.609 174.926 61.0 要 0
174.926 175.244 61.0 爱 0
175.244 176.196 56.0 我 0
176.196 176.672 61.0 多 0
176.672 177.625 61.0 少 1
178.045 178.521 61.0 有 0
178.521 178.997 60.0 什 0
178.997 179.95 58.0 么 0
179.95 180.664 61.0 重 0
180.664 180.902 60.0 - 0
180.902 181.378 60.0 要 1
181.807 182.124 56.0 也 0
182.124 182.441 61.0 许 0
182.441 182.759 63.0 答 0
182.759 184.188 66.0 案 0
184.188 184.664 65.0 得 0
184.664 184.902 63.0 走 0
184.902 185.378 65.0 - 0
185.378 186.092 66.0 过 0
186.092 186.568 68.0 天 0
186.568 187.521 61.0 涯 0
187.878 188.354 66.0 海 0
188.354 189.426 66.0 角 1
189.454 189.93 65.0 最 0
189.93 190.406 63.0 后 0
190.406 191.358 56.0 才 0
191.358 192.311 63.0 知 0
192.311 196.12 61.0 道 1
197.039 197.634 54.0 听 0
197.634 198.11 53.0 得 0
198.11 198.586 54.0 见 0
198.586 199.062 56.0 你 0
199.062 199.539 58.0 心 0
199.539 199.896 61.0 在 0
199.896 201.562 63.0 跳 0
202.991 203.824 60.0 最 0
203.824 204.42 60.0 重 0
204.42 207.039 61.0 要 1
