28.784 29.009 57.0 经 0
29.009 29.46 57.0 过 0
29.46 29.685 57.0 了 0
29.685 30.135 57.0 许 0
30.135 30.361 57.0 多 0
30.361 31.036 57.0 事 1
31.425 31.875 59.0 你 0
31.875 32.326 61.0 是 0
32.326 33.001 62.0 不 0
33.001 33.227 62.0 是 0
33.227 33.677 62.0 觉 0
33.677 33.902 62.0 得 0
33.902 34.578 62.0 累 1
35.944 36.17 57.0 这 0
36.17 36.62 59.0 样 0
36.62 36.845 57.0 - 0
36.845 37.07 57.0 的 0
37.07 37.521 57.0 心 0
37.521 38.197 57.0 情 1
38.574 39.024 59.0 我 0
39.024 39.475 62.0 曾 0
39.475 40.376 66.0 有 0
40.376 40.826 66.0 过 0
40.826 41.051 66.0 几 0
41.051 41.277 64.0 回 0
41.277 41.727 66.0 - 1
42.235 42.46 66.0 也 0
42.46 42.91 66.0 许 0
42.91 43.136 66.0 是 0
43.136 43.356 66.0 被 0
43.356 44.018 64.0 人 0
44.018 44.459 64.0 伤 0
44.459 44.68 63.0 了 0
44.68 45.341 64.0 心 1
45.721 45.941 62.0 也 0
45.941 46.382 64.0 许 0
46.382 46.603 64.0 是 0
46.603 46.824 64.0 无 0
46.824 47.485 62.0 人 0
47.485 47.706 62.0 可 0
47.706 48.368 61.0 了 0
48.368 48.809 59.0 解 1
49.358 49.579 66.0 现 0
49.579 50.02 66.0 在 0
50.02 50.24 66.0 的 0
50.24 50.461 66.0 你 0
50.461 50.902 64.0 - 1
50.902 51.123 64.0 我 0
51.123 51.564 64.0 想 0
51.564 51.784 64.0 一 0
51.784 52.005 62.0 定 0
52.005 52.446 64.0 - 0
52.887 53.108 59.0 很 0
53.108 53.329 59.0 疲 0
53.329 53.77 62.0 - 0
53.77 54.224 62.0 惫 1
57.363 57.588 57.0 人 0
57.588 57.814 57.0 生 0
57.814 58.039 57.0 际 0
58.039 58.264 57.0 遇 0
58.264 58.714 57.0 就 0
58.714 58.94 57.0 像 0
58.94 59.615 57.0 酒 1
60.163 60.613 59.0 有 0
60.613 61.064 61.0 的 0
61.064 61.965 62.0 苦 0
61.965 62.415 61.0 有 0
62.415 62.64 62.0 的 0
62.64 63.766 62.0 烈 1
64.662 64.888 57.0 这 0
64.888 65.338 59.0 样 0
65.338 65.563 57.0 - 0
65.563 65.788 57.0 的 0
65.788 66.239 57.0 滋 0
66.239 66.915 57.0 味 1
67.256 67.706 62.0 你 0
67.706 68.157 62.0 我 0
68.157 68.369 64.0 早 0
68.369 68.833 66.0 - 0
68.833 69.058 66.0 晚 0
69.058 69.508 66.0 要 0
69.508 69.734 66.0 体 0
69.734 70.409 66.0 会 1
70.944 71.169 66.0 也 0
71.169 71.619 66.0 许 0
71.619 71.845 66.0 那 0
71.845 72.068 66.0 伤 0
72.068 72.515 64.0 口 0
72.515 72.739 64.0 还 0
72.739 72.962 64.0 流 0
72.962 73.409 64.0 着 0
73.409 74.08 64.0 血 1
74.387 74.611 64.0 也 0
74.611 75.058 64.0 许 0
75.058 75.281 64.0 那 0
75.281 75.505 64.0 眼 0
75.505 76.175 62.0 角 0
76.175 76.399 62.0 还 0
76.399 77.07 61.0 有 0
77.07 77.964 59.0 泪 1
78.052 78.499 66.0 现 0
78.499 78.722 66.0 在 0
78.722 78.946 66.0 的 0
78.946 79.17 66.0 你 0
79.17 79.617 64.0 - 1
79.664 79.887 64.0 让 0
79.887 80.334 64.0 我 0
80.334 80.558 64.0 陪 0
80.558 81.676 64.0 你 0
81.676 81.899 59.0 喝 0
81.899 82.123 59.0 一 0
82.123 82.57 62.0 - 0
82.57 83.464 62.0 杯 1
85.123 85.57 54.0 干 0
85.57 86.018 55.0 - 0
86.018 87.361 57.0 杯 0
87.361 87.585 57.0 朋 0
87.585 88.256 57.0 友 1
88.315 88.763 54.0 就 0
88.763 89.211 52.0 让 0
89.211 89.659 50.0 那 0
89.659 90.106 55.0 一 0
90.106 90.554 50.0 切 0
90.554 91.002 55.0 成 0
91.002 91.226 59.0 流 0
91.226 91.45 59.0 水 0
91.45 91.897 62.0 - 1
91.976 92.424 59.0 把 0
92.424 92.648 62.0 那 0
92.648 93.096 64.0 往 0
93.096 93.32 64.0 事 0
93.32 93.767 66.0 - 1
93.767 94.215 66.0 把 0
94.215 94.439 66.0 那 0
94.439 94.887 66.0 往 0
94.887 95.223 66.0 事 0
95.223 95.559 67.0 - 0
95.559 96.006 66.0 当 0
96.006 96.23 64.0 作 0
96.23 96.678 62.0 一 0
96.678 96.902 62.0 场 0
96.902 97.35 64.0 - 0
97.797 98.021 59.0 宿 0
98.021 98.245 61.0 - 0
98.245 98.469 59.0 - 0
98.469 98.693 59.0 醉 0
98.693 99.141 57.0 - 1
99.467 99.915 54.0 明 0
99.915 100.363 55.0 日 0
100.363 100.811 57.0 的 0
100.811 101.258 57.0 酒 0
101.258 101.706 57.0 杯 1
101.765 101.989 59.0 莫 0
101.989 102.661 57.0 再 0
102.661 103.108 54.0 要 0
103.108 103.556 52.0 装 0
103.556 104.004 50.0 着 0
104.004 104.452 55.0 昨 0
104.452 104.9 50.0 天 0
104.9 105.123 55.0 的 0
105.123 105.571 59.0 伤 0
105.571 105.795 59.0 悲 0
105.795 106.243 62.0 - 1
106.284 106.732 59.0 请 0
106.732 107.179 62.0 与 0
107.179 107.627 64.0 我 0
107.627 107.851 64.0 举 0
107.851 108.299 66.0 起 0
108.299 108.97 57.0 杯 1
109.018 109.242 66.0 跟 0
109.242 109.914 64.0 往 0
109.914 110.138 57.0 - 0
110.138 110.809 57.0 事 0
110.809 111.033 64.0 干 0
111.033 114.391 62.0 杯 1
150.495 150.719 57.0 经 0
150.719 151.167 57.0 过 0
151.167 151.391 57.0 了 0
151.391 151.838 57.0 许 0
151.838 152.062 57.0 多 0
152.062 152.734 57.0 事 1
153.321 153.768 59.0 你 0
153.768 153.992 61.0 是 0
153.992 154.888 62.0 不 0
154.888 155.112 62.0 是 0
155.112 155.559 62.0 觉 0
155.559 155.783 62.0 得 0
155.783 156.455 62.0 累 1
157.722 157.946 57.0 这 0
157.946 158.394 59.0 样 0
158.394 158.618 57.0 - 0
158.618 158.842 57.0 的 0
158.842 159.289 57.0 心 0
159.289 159.513 57.0 情 0
159.513 159.961 59.0 - 1
160.453 160.901 62.0 我 0
160.901 161.348 62.0 曾 0
161.348 162.244 66.0 有 0
162.244 162.692 66.0 过 0
162.692 162.916 66.0 几 0
162.916 163.139 64.0 回 0
163.139 163.587 66.0 - 1
164.033 164.257 64.0 也 0
164.257 164.705 66.0 许 0
164.705 164.928 66.0 是 0
164.928 165.152 66.0 被 0
165.152 165.824 64.0 人 0
165.824 166.272 64.0 伤 0
166.272 166.496 63.0 了 0
166.496 167.167 64.0 心 1
167.62 167.844 62.0 也 0
167.844 168.292 64.0 许 0
168.292 168.516 64.0 是 0
168.516 168.739 64.0 无 0
168.739 169.411 62.0 人 0
169.411 169.635 62.0 可 0
169.635 170.083 61.0 了 0
170.083 170.53 62.0 解 1
171.235 171.459 64.0 现 0
171.459 171.907 66.0 在 0
171.907 172.131 66.0 的 0
172.131 172.355 66.0 你 0
172.355 172.802 64.0 - 1
172.804 173.028 64.0 我 0
173.028 173.476 62.0 想 0
173.476 173.7 64.0 一 0
173.7 173.924 62.0 定 0
173.924 174.371 64.0 - 0
174.819 175.043 59.0 很 0
175.043 175.491 59.0 疲 0
175.491 176.163 62.0 惫 1
179.305 179.529 57.0 人 0
179.529 179.753 57.0 生 0
179.753 179.976 57.0 际 0
179.976 180.2 57.0 遇 0
180.2 180.648 57.0 就 0
180.648 180.872 57.0 像 0
180.872 181.096 57.0 酒 0
181.096 181.544 57.0 - 1
181.838 182.286 59.0 有 0
182.286 182.51 61.0 的 0
182.51 183.629 62.0 苦 0
183.629 184.077 62.0 有 0
184.077 184.301 62.0 的 0
184.301 185.42 62.0 烈 1
186.361 186.585 57.0 这 0
186.585 187.033 59.0 样 0
187.033 187.257 57.0 - 0
187.257 187.48 57.0 的 0
187.48 187.928 57.0 滋 0
187.928 188.6 57.0 味 1
189.048 189.495 62.0 你 0
189.495 189.943 62.0 我 0
189.943 190.167 64.0 早 0
190.167 190.615 66.0 - 0
190.615 190.839 66.0 晚 0
190.839 191.286 66.0 要 0
191.286 191.51 66.0 体 0
191.51 191.734 64.0 会 0
191.734 192.182 66.0 - 1
192.616 192.84 64.0 也 0
192.84 193.287 66.0 许 0
193.287 193.511 66.0 那 0
193.511 193.735 66.0 伤 0
193.735 194.183 64.0 口 0
194.183 194.407 64.0 还 0
194.407 194.854 64.0 流 0
194.854 195.078 64.0 着 0
195.078 195.75 64.0 血 1
196.15 196.374 64.0 也 0
196.374 196.821 64.0 许 0
196.821 197.045 64.0 那 0
197.045 197.269 64.0 眼 0
197.269 197.941 62.0 角 0
197.941 198.389 62.0 还 0
198.389 198.612 62.0 有 0
198.612 199.284 62.0 泪 1
199.893 200.117 64.0 现 0
200.117 200.564 66.0 在 0
200.564 200.788 66.0 的 0
200.788 201.012 66.0 你 0
201.012 201.46 64.0 - 1
201.482 201.706 64.0 让 0
201.706 202.266 64.0 我 0
202.266 202.489 64.0 陪 0
202.489 203.497 64.0 你 0
203.497 203.795 59.0 喝 0
203.795 204.169 59.0 一 0
204.169 205.288 62.0 杯 1
207.038 207.486 54.0 干 0
207.486 207.934 55.0 - 0
207.934 209.277 57.0 杯 0
209.277 209.501 57.0 朋 0
209.501 210.172 57.0 友 1
210.185 210.297 52.0 就 0
210.297 210.633 54.0 让 0
210.633 211.081 52.0 - 0
211.081 211.529 50.0 那 0
211.529 211.976 55.0 一 0
211.976 212.424 50.0 切 0
212.424 212.872 55.0 成 0
212.872 213.096 59.0 流 0
213.096 213.32 59.0 水 0
213.32 213.767 62.0 - 1
213.767 214.215 59.0 把 0
214.215 214.439 62.0 那 0
214.439 214.887 64.0 往 0
214.887 215.111 64.0 事 0
215.111 215.558 66.0 - 1
215.56 216.008 66.0 把 0
216.008 216.232 66.0 那 0
216.232 216.68 66.0 往 0
216.68 217.016 66.0 事 0
217.016 217.352 67.0 - 0
217.352 217.799 66.0 当 0
217.799 218.023 64.0 作 0
218.023 218.471 62.0 一 0
218.471 218.695 62.0 场 0
218.695 219.143 64.0 - 0
219.59 219.814 59.0 宿 0
219.814 220.038 61.0 - 0
220.038 220.262 59.0 - 0
220.262 220.486 59.0 醉 0
220.486 220.934 57.0 - 1
221.294 221.742 54.0 明 0
221.742 222.19 55.0 日 0
222.19 222.638 57.0 的 0
222.638 223.085 57.0 酒 0
223.085 223.533 57.0 杯 1
223.556 223.78 59.0 莫 0
223.78 224.452 57.0 再 0
224.452 224.899 54.0 要 0
224.899 225.347 52.0 装 0
225.347 225.795 50.0 着 0
225.795 226.243 55.0 昨 0
226.243 226.69 50.0 天 0
226.69 226.914 55.0 的 0
226.914 227.362 59.0 伤 0
227.362 227.586 59.0 悲 0
227.586 228.034 62.0 - 1
228.046 228.494 59.0 请 0
228.494 228.941 62.0 与 0
228.941 229.389 64.0 我 0
229.389 229.613 64.0 举 0
229.613 230.061 66.0 起 0
230.061 230.732 57.0 杯 1
230.777 231.001 66.0 跟 0
231.001 231.673 64.0 往 0
231.673 231.897 57.0 - 0
231.897 232.568 57.0 事 0
232.568 232.792 64.0 干 0
232.792 234.826 62.0 杯 1
235.603 236.056 54.0 干 0
236.056 236.508 55.0 - 0
236.508 237.855 57.0 杯 0
237.855 238.08 57.0 朋 0
238.08 238.754 57.0 友 1
238.821 238.933 52.0 就 0
238.933 239.27 54.0 让 0
239.27 239.719 52.0 - 0
239.719 240.168 50.0 那 0
240.168 240.617 55.0 一 0
240.617 241.066 50.0 切 0
241.066 241.515 55.0 成 0
241.515 241.74 59.0 流 0
241.74 242.413 62.0 水 1
242.477 242.926 59.0 把 0
242.926 243.151 62.0 那 0
243.151 243.6 64.0 往 0
243.6 243.825 64.0 事 0
243.825 244.274 66.0 - 1
244.288 244.737 66.0 把 0
244.737 244.961 66.0 那 0
244.961 245.411 66.0 往 0
245.411 245.635 66.0 事 0
245.635 246.084 67.0 - 0
246.084 246.533 66.0 当 0
246.533 246.758 64.0 作 0
246.758 247.207 62.0 一 0
247.207 247.432 62.0 场 0
247.432 247.881 64.0 - 0
248.33 248.554 59.0 宿 0
248.554 248.779 61.0 - 0
248.779 249.003 59.0 - 0
249.003 249.228 59.0 醉 0
249.228 249.677 57.0 - 1
250.043 250.492 54.0 明 0
250.492 250.941 55.0 日 0
250.941 251.39 57.0 的 0
251.39 251.84 57.0 酒 0
251.84 252.289 57.0 杯 1
252.293 252.517 59.0 莫 0
252.517 253.191 57.0 再 0
253.191 253.64 54.0 要 0
253.64 254.089 52.0 装 0
254.089 254.538 50.0 着 0
254.538 254.987 55.0 昨 0
254.987 255.436 50.0 天 0
255.436 255.661 55.0 的 0
255.661 256.11 59.0 伤 0
256.11 256.335 59.0 悲 0
256.335 256.784 62.0 - 1
256.801 257.25 59.0 请 0
257.25 257.699 62.0 与 0
257.699 258.148 64.0 我 0
258.148 258.373 64.0 举 0
258.373 258.822 57.0 起 0
258.822 259.495 57.0 杯 1
259.547 259.772 66.0 跟 0
259.772 260.445 64.0 往 0
260.445 260.67 57.0 - 0
260.67 261.344 57.0 事 0
261.344 261.568 64.0 干 0
261.568 263.589 62.0 杯 1
264.403 264.852 54.0 干 0
264.852 265.302 55.0 - 0
265.302 266.643 57.0 杯 0
266.643 266.866 57.0 朋 0
266.866 267.537 57.0 友 1
267.643 267.755 52.0 就 0
267.755 268.09 54.0 让 0
268.09 268.537 52.0 - 0
268.537 268.984 50.0 那 0
268.984 269.431 55.0 一 0
269.431 269.879 50.0 切 0
269.879 270.326 55.0 成 0
270.326 270.549 59.0 流 0
270.549 270.773 59.0 水 0
270.773 271.22 62.0 - 1
271.225 271.672 59.0 把 0
271.672 271.895 62.0 那 0
271.895 272.343 64.0 往 0
272.343 272.566 64.0 事 0
272.566 273.013 66.0 - 1
273.018 273.465 66.0 把 0
273.465 273.689 66.0 那 0
273.689 274.136 66.0 往 0
274.136 274.471 66.0 事 0
274.471 274.807 67.0 - 0
274.807 275.254 66.0 当 0
275.254 275.477 64.0 作 0
275.477 275.924 62.0 一 0
275.924 276.148 62.0 场 0
276.148 276.595 64.0 - 0
277.042 277.266 59.0 宿 0
277.266 277.489 61.0 - 0
277.489 277.713 59.0 - 0
277.713 277.936 59.0 醉 0
277.936 278.383 57.0 - 1
278.793 279.24 54.0 明 0
279.24 279.688 55.0 日 0
279.688 280.135 57.0 的 0
280.135 280.582 57.0 酒 0
280.582 281.029 57.0 杯 1
281.042 281.265 59.0 莫 0
281.265 281.936 57.0 再 0
281.936 282.383 54.0 要 0
282.383 282.83 52.0 装 0
282.83 283.277 50.0 着 0
283.277 283.724 55.0 昨 0
283.724 284.172 50.0 天 0
284.172 284.395 55.0 的 0
284.395 284.842 59.0 伤 0
284.842 285.066 59.0 悲 0
285.066 285.513 62.0 - 1
285.527 285.974 59.0 请 0
285.974 286.421 62.0 与 0
286.421 286.868 64.0 我 0
286.868 287.092 64.0 举 0
287.092 287.539 57.0 起 0
287.539 288.209 57.0 杯 1
288.214 288.438 66.0 跟 0
288.438 289.109 64.0 往 0
289.109 289.332 57.0 - 0
289.332 290.003 57.0 事 0
290.003 290.226 64.0 干 0
290.226 292.238 62.0 杯 1
293.839 294.062 64.0 举 0
294.062 294.397 66.0 - 0
294.397 294.621 57.0 起 0
294.621 296.186 57.0 杯 0
296.298 296.521 66.0 跟 0
296.521 297.08 64.0 往 0
297.08 297.415 57.0 - 0
297.415 300.545 57.0 事 0
301.886 304.122 64.0 干 0
304.122 309.04 66.0 - 0
309.04 314.405 62.0 杯 1
