18.569 18.869 70.0 昨 0
18.869 19.168 70.0 夜 0
19.168 19.918 70.0 的 1
20.309 20.588 70.0 昨 0
20.588 20.879 72.0 夜 0
20.879 21.17 70.0 的 0
21.17 21.751 67.0 星 0
21.751 22.19 65.0 - 0
22.19 22.336 65.0 - 0
22.336 23.116 63.0 辰 0
23.116 23.376 55.0 已 0
23.376 23.917 63.0 坠 0
23.917 24.558 60.0 - 0
24.558 26.888 58.0 落 1
30.166 30.457 60.0 消 0
30.457 30.749 60.0 逝 0
30.749 31.04 60.0 在 0
31.04 31.623 63.0 - 0
32.205 32.496 65.0 遥 0
32.496 32.788 70.0 远 0
32.788 33.079 72.0 - 0
33.079 33.37 70.0 的 0
33.37 33.661 72.0 银 0
33.661 33.953 67.0 - 0
33.953 36.283 67.0 河 1
39.397 39.687 65.0 想 0
39.687 39.977 65.0 记 0
39.977 40.267 65.0 起 0
40.267 40.557 70.0 - 0
40.557 40.847 69.0 - 0
41.426 41.716 67.0 偏 0
41.716 42.006 67.0 又 0
42.006 42.296 65.0 已 0
42.296 42.586 67.0 - 0
42.586 42.876 65.0 忘 0
42.876 43.166 63.0 - 0
43.166 45.629 60.0 记 1
47.234 47.524 58.0 那 0
47.524 47.814 58.0 份 0
47.814 48.974 60.0 爱 0
49.553 49.843 60.0 换 0
49.843 50.133 67.0 - 0
50.133 50.423 67.0 来 0
50.423 51.003 65.0 - 0
51.003 51.292 65.0 的 0
51.292 51.582 62.0 是 0
51.582 51.872 55.0 - 0
51.872 52.162 58.0 寂 0
52.162 52.452 65.0 - 0
52.452 55.93 63.0 寞 1
57.14 57.429 59.0 爱 0
57.429 58.009 60.0 - 0
58.009 58.299 60.0 是 0
58.299 58.589 60.0 不 0
58.589 58.879 63.0 变 0
58.879 59.169 65.0 的 0
59.169 59.458 65.0 星 0
59.458 59.724 67.0 - 0
59.733 59.893 60.0 - 0
59.893 61.053 60.0 辰 1
61.85 62.14 59.0 爱 0
62.14 62.72 60.0 - 0
62.72 63.01 60.0 是 0
63.01 63.3 60.0 永 0
63.3 63.589 63.0 恒 0
63.589 63.879 65.0 的 0
63.879 64.169 65.0 星 0
64.169 64.459 67.0 - 0
64.459 64.749 66.0 - 0
64.749 66.488 67.0 辰 1
66.513 66.948 67.0 绝 0
66.948 67.382 65.0 不 0
67.382 67.672 65.0 在 0
67.672 67.962 65.0 意 0
67.962 68.542 65.0 - 0
68.542 68.832 65.0 银 0
68.832 69.701 67.0 河 0
69.701 69.991 67.0 中 0
69.991 70.571 70.0 坠 0
70.571 71.151 70.0 - 0
71.151 71.73 67.0 - 0
71.73 75.238 70.0 落 1
75.71 76.0 67.0 长 0
76.0 76.29 67.0 忆 0
76.29 76.58 70.0 - 0
76.58 76.87 70.0 着 0
76.87 77.16 70.0 那 0
77.16 77.449 67.0 - 0
77.449 77.739 65.0 份 0
77.739 78.899 67.0 情 0
79.189 79.478 65.0 那 0
79.478 79.768 67.0 - 0
79.768 80.058 63.0 份 0
80.058 80.348 65.0 - 0
80.348 83.826 60.0 爱 1
84.884 85.173 55.0 昨 0
85.173 85.463 58.0 夜 0
85.463 85.753 60.0 星 0
85.753 86.043 58.0 辰 1
86.15 86.44 60.0 今 0
86.44 86.73 63.0 夜 0
86.73 87.02 65.0 星 0
87.02 87.309 65.0 - 0
87.309 87.599 65.0 辰 0
88.179 88.469 65.0 依 0
88.469 88.759 65.0 然 0
88.759 89.049 67.0 - 0
89.049 89.338 65.0 - 0
89.338 89.628 63.0 闪 0
89.628 89.918 60.0 - 0
89.918 93.107 63.0 烁 1
111.626 111.915 70.0 今 0
111.915 112.203 70.0 夜 0
112.203 112.924 70.0 的 1
113.248 113.536 70.0 今 0
113.536 113.825 72.0 夜 0
113.825 114.113 70.0 的 0
114.113 114.69 67.0 星 0
114.69 115.123 65.0 - 0
115.123 115.267 65.0 - 0
115.267 116.133 63.0 辰 0
116.133 116.421 55.0 依 0
116.421 116.998 63.0 然 0
116.998 117.286 60.0 闪 0
117.286 117.575 63.0 - 0
117.575 119.883 58.0 烁 1
123.062 123.35 60.0 像 0
123.35 123.639 60.0 眼 0
123.639 123.927 60.0 神 0
123.927 124.504 63.0 - 0
125.081 125.369 65.0 点 0
125.369 125.658 70.0 燃 0
125.658 125.946 72.0 - 0
125.946 126.235 70.0 爱 0
126.235 126.523 72.0 - 0
126.523 126.812 67.0 - 0
126.812 127.1 67.0 的 0
127.1 129.408 67.0 火 1
132.28 132.569 65.0 想 0
132.569 132.857 65.0 得 0
132.857 133.146 65.0 到 0
133.146 133.434 70.0 - 0
133.434 133.723 68.0 - 0
134.3 134.588 67.0 偏 0
134.588 134.877 67.0 又 0
134.877 135.165 65.0 怕 0
135.165 135.453 67.0 - 0
135.453 135.742 65.0 失 0
135.742 136.03 63.0 - 0
136.03 138.482 60.0 去 1
140.178 140.47 58.0 那 0
140.47 140.761 58.0 份 0
140.761 141.926 60.0 爱 0
142.508 142.8 60.0 深 0
142.8 143.091 67.0 - 0
143.091 143.382 67.0 深 0
143.382 143.965 65.0 - 0
143.965 144.256 67.0 埋 0
144.256 144.547 62.0 在 0
144.547 144.838 55.0 - 0
144.838 145.13 58.0 心 0
145.13 145.421 65.0 - 0
145.421 148.916 63.0 窝 1
150.097 150.388 59.0 爱 0
150.388 150.971 60.0 - 0
150.971 151.262 60.0 是 0
151.262 151.553 60.0 不 0
151.553 151.845 63.0 变 0
151.845 152.136 65.0 的 0
152.136 152.427 65.0 星 0
152.427 152.864 60.0 - 0
152.864 154.029 60.0 辰 1
154.652 154.944 59.0 爱 0
154.944 155.526 60.0 - 0
155.526 155.817 60.0 是 0
155.817 156.109 60.0 永 0
156.109 156.4 63.0 恒 0
156.4 156.691 65.0 的 0
156.691 156.982 65.0 星 0
156.982 157.274 67.0 - 0
157.274 157.565 66.0 - 0
157.565 159.313 67.0 辰 1
159.339 159.775 67.0 绝 0
159.775 160.212 65.0 不 0
160.212 160.504 65.0 在 0
160.504 160.795 67.0 意 0
160.795 161.377 65.0 - 0
161.377 161.669 65.0 银 0
161.669 162.542 67.0 河 0
162.542 162.834 67.0 中 0
162.834 163.416 70.0 坠 0
163.416 163.999 72.0 - 0
163.999 164.508 67.0 - 0
164.508 167.494 70.0 落 1
168.598 168.889 67.0 长 0
168.889 169.18 67.0 忆 0
169.18 169.472 70.0 - 0
169.472 169.763 70.0 着 0
169.763 170.054 70.0 那 0
170.054 170.345 67.0 - 0
170.345 170.637 65.0 份 0
170.637 171.802 67.0 情 0
172.093 172.384 65.0 那 0
172.384 172.676 67.0 - 0
172.676 172.967 63.0 份 0
172.967 173.258 65.0 - 0
173.258 176.711 60.0 爱 1
177.811 178.103 55.0 今 0
178.103 178.394 58.0 夜 0
178.394 178.685 60.0 星 0
178.685 178.976 58.0 辰 1
179.161 179.453 60.0 今 0
179.453 179.744 63.0 夜 0
179.744 180.035 67.0 星 0
180.035 180.326 65.0 - 0
180.326 180.618 65.0 辰 0
181.2 181.491 65.0 依 0
181.491 181.783 65.0 然 0
181.783 182.074 67.0 - 0
182.074 182.365 65.0 - 0
182.365 182.656 63.0 闪 0
182.656 182.948 60.0 - 0
182.948 186.152 63.0 烁 1
