22.845 23.104 66.0 说 0
23.104 23.492 66.0 了 0
23.621 23.75 66.0 再 0
23.88 24.655 66.0 见 0
24.655 24.785 64.0 是 0
24.914 25.431 64.0 否 1
25.969 26.227 62.0 就 0
26.227 26.744 64.0 能 0
26.744 26.874 62.0 不 0
27.003 27.52 62.0 在 0
27.779 27.908 62.0 想 0
28.038 28.943 64.0 念 1
31.035 31.294 66.0 说 0
31.294 31.552 66.0 了 0
31.811 32.069 66.0 抱 0
32.069 32.328 69.0 歉 0
32.328 32.587 66.0 - 0
32.845 33.104 66.0 是 0
33.104 33.621 64.0 否 1
33.907 34.295 66.0 就 0
34.424 34.812 64.0 能 0
34.941 35.071 62.0 理 0
35.2 35.717 62.0 解 0
35.717 35.976 59.0 了 0
35.976 36.105 62.0 一 0
36.234 36.752 64.0 切 1
39.031 39.29 69.0 眼 0
39.548 39.807 71.0 泪 0
40.066 40.324 71.0 代 0
40.583 40.842 71.0 替 0
40.842 41.1 69.0 - 0
41.1 41.229 69.0 你 0
41.359 41.617 69.0 亲 0
41.747 42.005 66.0 - 0
42.135 42.393 66.0 吻 0
42.652 43.816 69.0 我 0
43.945 44.333 67.0 的 0
44.462 45.109 66.0 脸 0
45.109 46.273 64.0 - 1
47.283 47.671 66.0 我 0
47.8 48.188 66.0 的 0
48.318 48.576 66.0 世 0
48.576 48.835 71.0 界 0
48.835 49.352 66.0 - 0
49.352 49.611 66.0 忽 0
49.611 49.999 64.0 然 0
50.386 50.645 62.0 冰 0
50.645 50.904 66.0 - 0
50.904 51.292 64.0 天 0
51.421 51.55 62.0 白 0
51.68 52.585 62.0 雪 1
54.815 55.074 62.0 拇 0
55.074 55.332 61.0 指 0
55.332 55.85 62.0 之 0
55.85 56.237 69.0 间 1
57.026 57.285 62.0 还 0
57.285 57.543 61.0 残 0
57.543 58.06 62.0 留 0
58.06 58.836 64.0 你 0
58.836 59.354 62.0 的 0
59.354 59.742 64.0 昨 0
59.742 61.681 66.0 天 1
63.194 63.453 62.0 一 0
63.453 63.711 61.0 片 0
63.711 64.228 62.0 一 0
64.228 64.746 69.0 片 1
65.183 65.441 62.0 怎 0
65.441 65.7 69.0 么 0
65.7 65.959 71.0 - 0
65.959 66.217 69.0 听 0
66.217 66.735 69.0 见 0
66.735 66.993 66.0 - 0
66.993 67.51 69.0 完 0
67.51 69.191 70.0 全 1
69.422 69.551 71.0 咦 0
69.68 69.939 71.0 耶 0
69.939 70.327 73.0 - 1
70.682 70.941 74.0 七 0
70.941 71.199 73.0 月 0
71.199 71.458 74.0 七 0
71.458 71.716 73.0 日 0
71.716 72.104 71.0 晴 1
72.208 72.466 71.0 忽 0
72.466 72.725 69.0 然 0
72.725 72.983 69.0 下 0
72.983 73.242 69.0 起 0
73.242 73.501 66.0 了 0
73.501 73.759 64.0 大 0
73.759 74.406 66.0 雪 1
74.801 75.059 74.0 不 0
75.059 75.318 73.0 敢 0
75.318 75.577 74.0 睁 0
75.577 75.835 73.0 开 0
75.835 76.223 71.0 眼 1
76.272 76.53 71.0 希 0
76.53 76.789 73.0 望 0
76.789 77.047 73.0 是 0
77.047 77.306 73.0 我 0
77.306 77.565 71.0 的 0
77.565 77.823 66.0 幻 0
77.823 78.341 69.0 觉 1
78.733 78.992 66.0 我 0
78.992 79.25 67.0 站 0
79.25 79.509 67.0 在 0
79.509 79.768 66.0 地 0
79.768 80.026 64.0 球 0
80.026 80.543 62.0 边 1
80.756 81.015 66.0 眼 0
81.015 81.273 69.0 睁 0
81.273 81.532 71.0 睁 0
81.532 81.791 66.0 看 0
81.791 82.049 64.0 着 0
82.049 82.566 62.0 雪 1
82.87 83.129 62.0 覆 0
83.129 83.387 64.0 盖 0
83.387 83.646 62.0 你 0
83.646 83.775 61.0 来 0
83.905 84.163 62.0 的 0
84.163 85.456 64.0 那 0
85.456 85.974 67.0 条 0
85.974 86.103 66.0 - 0
86.232 86.879 66.0 街 1
87.129 87.387 74.0 七 0
87.387 87.646 73.0 月 0
87.646 87.904 74.0 七 0
87.904 88.163 73.0 日 0
88.163 88.422 71.0 晴 1
88.755 89.014 71.0 黑 0
89.014 89.273 69.0 夜 0
89.273 89.531 69.0 忽 0
89.531 89.79 69.0 然 0
89.79 90.048 66.0 变 0
90.048 90.307 64.0 白 0
90.307 90.824 66.0 天 1
91.3 91.558 74.0 我 0
91.558 91.817 73.0 失 0
91.817 92.075 74.0 去 0
92.075 92.334 73.0 知 0
92.334 92.593 71.0 觉 0
92.851 93.11 71.0 看 0
93.11 93.369 73.0 着 0
93.369 93.627 73.0 相 0
93.627 93.756 73.0 爱 0
93.886 94.015 71.0 的 0
94.144 94.403 66.0 极 0
94.403 94.662 66.0 限 0
94.662 94.92 69.0 - 1
95.242 95.5 66.0 我 0
95.5 95.759 67.0 望 0
95.759 96.018 67.0 着 0
96.018 96.276 66.0 地 0
96.276 96.535 64.0 平 0
96.535 96.923 62.0 线 1
97.242 97.5 66.0 天 0
97.5 97.759 69.0 空 0
97.759 98.018 71.0 无 0
98.018 98.276 64.0 际 0
98.276 98.535 64.0 无 0
98.535 98.923 62.0 边 1
99.36 99.618 62.0 听 0
99.618 99.877 62.0 不 0
99.877 100.136 62.0 见 0
100.136 100.653 61.0 你 0
100.653 101.687 62.0 道 0
101.687 103.239 59.0 别 1
121.391 123.201 71.0 嗯 0
123.201 125.528 69.0 - 1
137.708 137.966 62.0 拇 0
137.966 138.225 61.0 指 0
138.225 138.742 62.0 之 0
138.742 139.13 69.0 间 1
139.741 139.999 62.0 还 0
139.999 140.258 61.0 残 0
140.258 140.775 62.0 留 0
140.775 141.551 64.0 你 0
141.551 142.068 62.0 的 0
142.068 142.585 64.0 昨 0
142.585 144.525 66.0 天 1
145.969 146.228 62.0 一 0
146.228 146.487 61.0 片 0
146.487 147.004 62.0 一 0
147.004 147.521 69.0 片 1
147.918 148.177 62.0 怎 0
148.177 148.436 69.0 么 0
148.436 148.694 71.0 - 0
148.694 148.953 69.0 听 0
148.953 149.47 69.0 见 0
149.47 149.729 66.0 - 0
149.729 150.246 69.0 完 0
150.246 151.927 70.0 全 1
152.178 152.308 71.0 咦 0
152.437 152.696 71.0 耶 0
152.696 153.084 73.0 - 1
153.499 153.758 74.0 七 0
153.758 154.017 73.0 月 0
154.017 154.275 74.0 七 0
154.275 154.534 73.0 日 0
154.534 154.922 71.0 晴 1
154.963 155.222 71.0 忽 0
155.222 155.48 69.0 然 0
155.48 155.739 71.0 下 0
155.739 155.998 69.0 起 0
155.998 156.256 66.0 了 0
156.256 156.515 64.0 大 0
156.515 157.161 66.0 雪 1
157.562 157.821 74.0 不 0
157.821 158.08 73.0 敢 0
158.08 158.338 74.0 睁 0
158.338 158.597 73.0 开 0
158.597 158.985 71.0 眼 1
159.035 159.294 71.0 希 0
159.294 159.552 73.0 望 0
159.552 159.811 74.0 是 0
159.811 160.07 73.0 我 0
160.07 160.328 71.0 的 0
160.328 160.587 66.0 幻 0
160.587 161.104 69.0 觉 1
161.524 161.782 66.0 我 0
161.782 162.041 69.0 站 0
162.041 162.3 67.0 在 0
162.3 162.558 66.0 地 0
162.558 162.817 64.0 球 0
162.817 163.334 62.0 边 1
163.487 163.745 66.0 眼 0
163.745 164.004 69.0 睁 0
164.004 164.263 71.0 睁 0
164.263 164.521 64.0 看 0
164.521 164.78 64.0 着 0
164.78 165.297 62.0 雪 1
165.504 165.762 62.0 覆 0
165.762 166.021 64.0 盖 0
166.021 166.279 62.0 你 0
166.279 166.409 61.0 来 0
166.538 166.797 62.0 的 0
166.797 168.09 64.0 那 0
168.09 168.607 67.0 条 0
168.607 168.736 66.0 - 0
168.866 169.512 66.0 街 1
169.891 170.15 74.0 七 0
170.15 170.408 73.0 月 0
170.408 170.667 74.0 七 0
170.667 170.926 73.0 日 0
170.926 171.184 71.0 晴 1
171.429 171.688 71.0 黑 0
171.688 171.946 69.0 夜 0
171.946 172.205 71.0 忽 0
172.205 172.463 69.0 然 0
172.463 172.722 66.0 变 0
172.722 172.981 64.0 白 0
172.981 173.498 66.0 天 1
174.125 174.384 74.0 我 0
174.384 174.642 73.0 失 0
174.642 174.901 74.0 去 0
174.901 175.16 73.0 知 0
175.16 175.418 71.0 觉 0
175.677 175.935 71.0 看 0
175.935 176.194 73.0 着 0
176.194 176.453 74.0 相 0
176.453 176.582 73.0 爱 0
176.711 176.841 71.0 的 0
176.97 177.229 66.0 极 0
177.229 177.487 66.0 限 0
177.487 177.746 69.0 - 1
177.916 178.175 66.0 我 0
178.175 178.434 69.0 望 0
178.434 178.692 67.0 着 0
178.692 178.951 66.0 地 0
178.951 179.21 64.0 平 0
179.21 179.597 62.0 线 1
180.121 180.38 66.0 天 0
180.38 180.639 69.0 空 0
180.639 180.897 71.0 无 0
180.897 181.156 66.0 际 0
181.156 181.673 64.0 无 0
181.673 181.932 62.0 边 1
182.217 182.476 62.0 听 0
182.476 182.735 64.0 不 0
182.735 182.993 62.0 见 0
182.993 183.252 61.0 你 0
183.252 184.028 62.0 到 0
184.028 186.097 59.0 别 1
186.55 186.809 74.0 七 0
186.809 187.067 73.0 月 0
187.067 187.326 74.0 七 0
187.326 187.584 73.0 日 0
187.584 187.972 71.0 晴 1
188.069 188.327 71.0 忽 0
188.327 188.586 69.0 然 0
188.586 188.844 69.0 下 0
188.844 189.103 69.0 起 0
189.103 189.362 66.0 了 0
189.362 189.62 64.0 大 0
189.62 190.267 66.0 雪 1
190.576 190.834 74.0 不 0
190.834 191.093 73.0 敢 0
191.093 191.352 74.0 睁 0
191.352 191.61 73.0 开 0
191.61 191.998 71.0 眼 1
192.148 192.406 71.0 希 0
192.406 192.665 73.0 望 0
192.665 192.923 73.0 是 0
192.923 193.182 73.0 我 0
193.182 193.441 71.0 的 0
193.441 193.699 71.0 幻 0
193.699 193.958 69.0 - 0
193.958 194.217 69.0 觉 1
194.573 194.832 66.0 我 0
194.832 195.09 67.0 站 0
195.09 195.349 67.0 在 0
195.349 195.608 66.0 地 0
195.608 195.866 64.0 球 0
195.866 196.383 62.0 边 1
196.633 196.892 66.0 眼 0
196.892 197.15 69.0 睁 0
197.15 197.409 71.0 睁 0
197.409 197.668 66.0 看 0
197.668 198.185 64.0 着 0
198.185 198.443 62.0 雪 1
198.584 198.843 62.0 覆 0
198.843 199.101 62.0 盖 0
199.101 199.36 62.0 你 0
199.36 199.619 61.0 来 0
199.619 199.877 62.0 的 0
199.877 201.17 64.0 那 0
201.17 201.687 67.0 条 0
201.687 201.817 66.0 - 0
201.946 202.593 66.0 街 1
203.002 203.26 74.0 七 0
203.26 203.519 73.0 月 0
203.519 203.777 74.0 七 0
203.777 204.036 71.0 日 0
204.036 204.295 71.0 - 0
204.295 205.071 71.0 晴 0
205.329 205.846 71.0 哦 0
205.846 206.622 69.0 - 1
207.29 207.548 74.0 我 0
207.548 207.807 73.0 失 0
207.807 208.065 74.0 去 0
208.065 208.583 73.0 知 0
208.583 208.841 74.0 - 0
208.841 209.358 71.0 觉 0
209.358 210.652 73.0 哦 0
210.652 212.203 74.0 - 0
212.203 213.108 71.0 - 1
213.174 213.432 66.0 天 0
213.432 213.691 69.0 空 0
213.691 213.95 71.0 无 0
213.95 214.208 66.0 际 0
214.208 214.984 64.0 无 0
214.984 216.277 62.0 边 1
216.447 217.999 66.0 哦 0
217.999 220.585 66.0 - 1
