30.346 30.514 45.0 e 0
30.528 30.959 57.0 b 0
30.959 31.187 54.0 作 0
31.187 31.414 52.0 仍 0
31.414 31.641 52.0 然 0
31.641 31.868 52.0  0
31.868 33.005 54.0 柔 1
33.986 34.213 45.0 e 0
34.213 34.44 54.0 b 0
34.44 34.667 57.0 作 0
34.667 34.895 54.0 一 0
34.895 35.122 52.0 切 0
35.122 35.576 52.0 平 0
35.576 35.804 50.0 o 0
35.804 36.258 52.0 如 0
36.258 36.713 55.0 f 0
36.713 37.622 54.0 - 1
38.155 38.383 47.0 我 0
38.383 38.61 50.0  0
38.61 38.837 47.0 曾 0
38.837 39.292 50.0 爱 0
39.292 39.519 50.0 ^ 0
39.519 39.746 50.0 了 0
39.746 40.087 50.0 多 0
40.087 40.428 52.0 少 0
40.428 40.655 54.0  0
40.655 40.996 50.0 年 0
40.996 41.337 45.0 ^ 0
41.337 41.565 47.0 - 1
41.796 42.023 47.0 了 0
42.023 42.25 50.0 解 0
42.25 42.478 47.0  0
42.478 42.932 52.0 不 0
42.932 43.387 52.0  0
43.387 43.614 52.0 不 0
43.614 44.069 50.0 算 0
44.069 44.523 54.0 足 0
44.523 44.978 52.0  1
45.026 45.253 45.0  0
45.253 45.48 54.0 原 0
45.48 45.707 57.0  0
45.707 45.935 54.0 我 0
45.935 46.162 52.0 的 0
46.162 46.503 52.0 坦 0
46.503 46.844 50.0 - 0
46.844 47.639 54.0 白 1
48.605 48.832 45.0 e 0
48.832 49.06 54.0 以 0
49.06 49.287 57.0  0
49.287 49.514 54.0 我 0
49.514 49.741 52.0 什 0
49.741 50.196 52.0 N 0
50.196 50.537 50.0 都 0
50.537 50.878 52.0 不 0
50.878 51.332 52.0 明 0
51.332 52.469 54.0 白 1
52.708 52.935 47.0 感 0
52.935 53.162 47.0 X 0
53.162 53.39 47.0 u 0
53.39 53.844 50.0 u 0
53.844 54.299 50.0 缺 0
54.299 54.526 50.0 少 0
54.526 54.981 52.0 的 0
54.981 55.208 54.0 一 0
55.208 55.435 50.0 c 0
55.435 55.662 45.0 c 0
55.662 56.003 47.0 - 1
56.3 56.528 47.0 告 0
56.528 56.755 50.0 V 0
56.755 56.982 47.0 我 0
56.982 57.437 50.0  0
57.437 57.891 50.0 都 0
57.891 58.118 50.0 已 0
58.118 58.573 52.0  0
58.573 58.8 54.0 在 0
58.8 59.141 54.0 改 0
59.141 59.482 54.0 - 0
59.482 61.073 52.0  1
61.638 61.865 54.0  0
61.865 62.092 57.0 的 0
62.092 62.319 57.0 眼 0
62.319 62.547 57.0 睛 0
62.547 63.001 59.0 背 0
63.001 63.228 57.0 叛 0
63.228 63.456 57.0 了 0
63.456 63.91 57.0  0
63.91 64.138 54.0 的 0
64.138 64.365 54.0 心 0
64.365 64.819 57.0 - 1
65.044 65.271 57.0 e 0
65.271 65.498 57.0 假 0
65.498 65.725 59.0 b 0
65.725 65.953 62.0  0
65.953 66.18 64.0  0
66.18 66.407 64.0 介 0
66.407 66.635 66.0 意 1
66.675 66.902 66.0 我 0
66.902 67.129 66.0 的 0
67.129 67.356 64.0 痛 0
67.356 67.584 62.0 苦 0
67.584 67.811 59.0 和 0
67.811 68.265 62.0 生 0
68.265 68.72 62.0 命 1
68.72 68.947 57.0  0
68.947 69.175 57.0 介 0
69.175 69.402 59.0 意 0
69.402 69.629 62.0 我 0
69.629 69.856 59.0 的 0
69.856 70.084 61.0 眼 0
70.084 70.538 62.0 I 1
70.545 70.772 57.0  0
70.772 71.0 57.0 介 0
71.0 71.227 59.0 意 0
71.227 71.454 62.0 我 0
71.454 71.682 59.0 的 0
71.682 71.909 62.0 憔 0
71.909 72.363 59.0 悴 1
72.363 72.591 57.0  0
72.591 72.818 57.0 _ 0
72.818 73.045 59.0 我 0
73.045 73.272 62.0 一 0
73.272 73.5 64.0 切 0
73.5 73.727 64.0 不 0
73.727 73.954 66.0 愉 0
73.954 74.182 66.0 快 1
74.182 74.409 66.0 都 0
74.409 74.636 64.0 只 0
74.636 74.863 62.0 是 0
74.863 75.091 59.0  0
75.091 75.545 59.0 ` 0
75.545 76.227 57.0  1
76.227 76.454 54.0  0
76.454 76.682 57.0 的 0
76.682 76.909 57.0 眼 0
76.909 77.136 57.0 睛 0
77.136 77.591 59.0 背 0
77.591 77.818 57.0 叛 0
77.818 78.045 57.0 了 0
78.045 78.5 54.0  0
78.5 78.727 54.0 的 0
78.727 79.409 57.0 心 1
79.483 79.71 57.0  0
79.71 79.938 57.0 何 0
79.938 80.165 59.0 不 0
80.165 80.392 62.0 乾 0
80.392 80.619 64.0 脆 0
80.619 80.847 64.0  0
80.847 81.074 66.0 ^ 1
81.14 81.367 66.0 我 0
81.367 81.595 66.0  0
81.595 81.822 64.0  0
81.822 82.049 62.0 情 0
82.049 82.276 59.0 的 0
82.276 82.731 62.0 憧 0
82.731 83.185 62.0 憬 1
83.248 83.476 57.0  0
83.476 83.703 57.0 我 0
83.703 83.93 59.0 M 0
83.93 84.158 62.0 情 0
84.158 84.385 59.0 的 0
84.385 84.612 62.0 流 0
84.612 85.067 62.0 I 1
85.073 85.3 57.0 I 0
85.3 85.527 57.0 乾 0
85.527 85.754 59.0 了 0
85.754 85.982 62.0 不 0
85.982 86.209 59.0 再 0
86.209 86.436 61.0 後 0
86.436 86.891 59.0 悔 1
86.898 87.125 57.0  0
87.125 87.352 57.0 我 0
87.352 87.58 59.0 知 0
87.58 87.807 62.0 道 0
87.807 88.034 64.0  0
88.034 88.261 64.0 上 0
88.261 88.489 66.0  1
88.495 88.722 66.0 是 0
88.722 88.949 66.0 最 0
88.949 89.177 66.0 失 0
89.177 89.404 62.0  0
89.404 89.631 59.0 的 0
89.631 90.086 64.0 ` 0
90.086 92.586 62.0  1
99.513 99.74 45.0 e 0
99.74 99.968 54.0 b 0
99.968 100.195 57.0 作 0
100.195 100.422 54.0 仍 0
100.422 100.649 52.0 然 0
100.649 100.877 52.0  0
100.877 102.24 54.0 柔 1
102.975 103.43 59.0 e 0
103.43 103.657 57.0 b 0
103.657 103.884 54.0 作 0
103.884 104.112 52.0 一 0
104.112 104.339 50.0 切 0
104.339 104.793 52.0 平 0
104.793 105.021 50.0 o 0
105.021 105.475 52.0 如 0
105.475 105.93 57.0 f 0
105.93 106.839 54.0 - 1
107.2 107.428 47.0 我 0
107.428 107.655 50.0  0
107.655 107.882 47.0 曾 0
107.882 108.337 50.0 爱 0
108.337 108.564 50.0 ^ 0
108.564 108.791 50.0 了 0
108.791 109.132 50.0 多 0
109.132 109.473 52.0 少 0
109.473 109.7 54.0  0
109.7 109.928 50.0 年 0
109.928 110.155 45.0 ^ 0
110.155 110.609 47.0 - 1
110.921 111.148 47.0 了 0
111.148 111.375 50.0 解 0
111.375 111.603 47.0  0
111.603 112.057 52.0 不 0
112.057 112.512 52.0  0
112.512 112.739 52.0 不 0
112.739 113.193 50.0 算 0
113.193 113.648 54.0 足 0
113.648 114.103 52.0  1
114.17 114.397 45.0  0
114.397 114.624 54.0 原 0
114.624 114.851 57.0  0
114.851 115.079 54.0 我 0
115.079 115.306 52.0 的 0
115.306 115.647 52.0 坦 0
115.647 115.988 50.0 - 0
115.988 116.897 54.0 白 1
117.557 118.011 59.0 e 0
118.011 118.238 57.0 以 0
118.238 118.466 54.0  0
118.466 118.693 52.0 我 0
118.693 118.92 50.0 什 0
118.92 119.375 52.0 N 0
119.375 119.602 50.0 都 0
119.602 120.057 52.0 不 0
120.057 120.511 57.0 明 0
120.511 121.42 54.0 白 1
121.826 122.053 47.0 感 0
122.053 122.28 50.0 X 0
122.28 122.508 47.0 u 0
122.508 122.962 50.0 u 0
122.962 123.417 50.0 缺 0
123.417 123.758 50.0 少 0
123.758 124.099 52.0 的 0
124.099 124.326 54.0 一 0
124.326 124.553 50.0 c 0
124.553 124.78 45.0 c 0
124.78 125.121 47.0 - 1
125.5 125.727 47.0 告 0
125.727 125.955 50.0 V 0
125.955 126.182 47.0 我 0
126.182 126.637 50.0  0
126.637 127.091 50.0 都 0
127.091 127.318 50.0 已 0
127.318 127.773 52.0  0
127.773 128.0 54.0 在 0
128.0 128.341 54.0 改 0
128.341 128.682 54.0 - 0
128.682 130.273 52.0  1
130.659 130.887 54.0  0
130.887 131.114 57.0 的 0
131.114 131.341 57.0 眼 0
131.341 131.569 57.0 睛 0
131.569 132.023 59.0 背 0
132.023 132.25 57.0 叛 0
132.25 132.478 57.0 了 0
132.478 132.932 57.0  0
132.932 133.159 54.0 的 0
133.159 133.841 57.0 心 1
134.145 134.372 57.0 e 0
134.372 134.599 57.0 假 0
134.599 134.826 59.0 b 0
134.826 135.054 62.0  0
135.054 135.281 64.0  0
135.281 135.508 64.0 介 0
135.508 135.735 66.0 意 1
135.753 135.981 66.0 我 0
135.981 136.208 66.0 的 0
136.208 136.435 64.0 痛 0
136.435 136.663 62.0 苦 0
136.663 136.89 59.0 和 0
136.89 137.344 62.0 生 0
137.344 137.799 62.0 命 1
137.811 138.038 57.0  0
138.038 138.265 57.0 介 0
138.265 138.493 59.0 意 0
138.493 138.72 62.0 我 0
138.72 138.947 59.0 的 0
138.947 139.175 61.0 眼 0
139.175 139.629 62.0 I 1
139.635 139.862 57.0  0
139.862 140.09 57.0 介 0
140.09 140.317 59.0 意 0
140.317 140.544 62.0 我 0
140.544 140.771 59.0 的 0
140.771 140.999 62.0 憔 0
140.999 141.453 59.0 悴 1
141.453 141.681 57.0  0
141.681 141.908 57.0 _ 0
141.908 142.135 59.0 我 0
142.135 142.362 62.0 一 0
142.362 142.59 64.0 切 0
142.59 142.817 64.0 不 0
142.817 143.044 66.0 愉 0
143.044 143.271 66.0 快 1
143.272 143.5 66.0 都 0
143.5 143.727 64.0 只 0
143.727 143.954 62.0 是 0
143.954 144.182 59.0  0
144.182 144.636 59.0 ` 0
144.636 145.318 57.0  1
145.318 145.545 54.0  0
145.545 145.772 57.0 的 0
145.772 146.0 57.0 眼 0
146.0 146.227 57.0 睛 0
146.227 146.682 59.0 背 0
146.682 146.909 57.0 叛 0
146.909 147.136 57.0 了 0
147.136 147.591 54.0  0
147.591 147.818 54.0 的 0
147.818 148.5 57.0 心 1
148.665 148.892 57.0  0
148.892 149.12 57.0 何 0
149.12 149.347 59.0 不 0
149.347 149.574 62.0 乾 0
149.574 149.801 64.0 脆 0
149.801 150.029 64.0  0
150.029 150.256 66.0 ^ 1
150.263 150.49 66.0 我 0
150.49 150.718 66.0  0
150.718 150.945 64.0  0
150.945 151.172 62.0 情 0
151.172 151.399 59.0 的 0
151.399 151.854 62.0 憧 0
151.854 152.308 62.0 憬 1
152.335 152.563 57.0  0
152.563 152.79 57.0 我 0
152.79 153.017 59.0 M 0
153.017 153.245 62.0 情 0
153.245 153.472 59.0 的 0
153.472 153.699 62.0 流 0
153.699 154.154 62.0 I 1
154.173 154.4 57.0 I 0
154.4 154.627 57.0 乾 0
154.627 154.854 59.0 了 0
154.854 155.082 62.0 不 0
155.082 155.309 59.0 再 0
155.309 155.536 61.0 後 0
155.536 155.991 59.0 悔 1
155.991 156.218 57.0  0
156.218 156.445 57.0 我 0
156.445 156.673 59.0 知 0
156.673 156.9 62.0 道 0
156.9 157.127 64.0  0
157.127 157.354 64.0 上 0
157.354 157.582 66.0  1
157.582 157.809 66.0 是 0
157.809 158.036 66.0 最 0
158.036 158.264 66.0 失 0
158.264 158.491 62.0  0
158.491 158.718 59.0 的 0
158.718 159.173 64.0 ` 0
159.173 161.218 62.0  1
194.39 194.617 54.0  0
194.617 194.844 57.0 的 0
194.844 195.072 57.0 眼 0
195.072 195.299 57.0 睛 0
195.299 195.754 59.0 背 0
195.754 195.981 57.0 叛 0
195.981 196.208 57.0 了 0
196.208 196.663 54.0  0
196.663 196.89 54.0 的 0
196.89 197.117 54.0 心 0
197.117 197.572 57.0 - 1
197.912 198.14 57.0  0
198.14 198.367 59.0 的 0
198.367 198.594 62.0 眼 0
198.594 198.821 64.0 睛 0
198.821 199.276 66.0 背 0
199.276 199.503 66.0 叛 0
199.503 199.73 66.0 了 0
199.73 200.185 66.0  0
200.185 200.412 64.0 的 0
200.412 201.549 62.0 心 1
202.053 202.28 59.0 是 0
202.28 202.508 57.0  0
202.508 202.735 62.0 背 0
202.735 202.962 62.0 叛 0
202.962 203.19 62.0 了 0
203.19 203.871 62.0 我 0
204.326 204.553 62.0 背 0
204.553 204.78 62.0 叛 0
204.78 205.008 62.0 了 0
205.008 205.69 62.0 我 1
206.205 206.546 62.0 背 0
206.546 206.887 62.0 叛 0
206.887 207.114 62.0 了 0
207.114 207.569 62.0 我 0
207.569 207.796 64.0 的 0
207.796 208.251 66.0 感 0
208.251 208.705 64.0 - 0
208.705 211.66 64.0 情 1
212.513 212.74 54.0  0
212.74 212.967 57.0 的 0
212.967 213.195 57.0 眼 0
213.195 213.422 57.0 睛 0
213.422 213.876 59.0 背 0
213.876 214.104 57.0 叛 0
214.104 214.331 57.0 了 0
214.331 214.785 57.0  0
214.785 215.013 54.0 的 0
215.013 215.695 57.0 心 1
215.839 216.066 57.0 e 0
216.066 216.293 57.0 假 0
216.293 216.521 59.0 b 0
216.521 216.748 62.0  0
216.748 216.975 64.0  0
216.975 217.202 64.0 介 0
217.202 217.43 66.0 意 1
217.561 217.788 66.0 我 0
217.788 218.015 66.0 的 0
218.015 218.243 64.0 痛 0
218.243 218.47 62.0 苦 0
218.47 218.697 59.0 和 0
218.697 219.152 64.0 生 0
219.152 219.606 62.0 命 1
219.626 219.853 57.0  0
219.853 220.081 57.0 介 0
220.081 220.308 59.0 意 0
220.308 220.535 62.0 我 0
220.535 220.763 59.0 的 0
220.763 220.99 62.0 眼 0
220.99 221.444 62.0 I 1
221.45 221.678 57.0  0
221.678 221.905 57.0 介 0
221.905 222.132 59.0 意 0
222.132 222.359 62.0 我 0
222.359 222.587 59.0 的 0
222.587 222.814 62.0 憔 0
222.814 223.269 59.0 悴 1
223.273 223.5 57.0  0
223.5 223.727 57.0 _ 0
223.727 223.954 59.0 我 0
223.954 224.182 62.0 一 0
224.182 224.409 64.0 切 0
224.409 224.636 64.0 不 0
224.636 224.863 66.0 愉 0
224.863 225.091 66.0 快 1
225.091 225.318 66.0 都 0
225.318 225.545 64.0 只 0
225.545 226.0 62.0 是 0
226.0 226.227 59.0  0
226.227 226.682 59.0 ` 0
226.682 227.136 57.0  1
227.136 227.363 54.0  0
227.363 227.591 57.0 的 0
227.591 227.818 57.0 眼 0
227.818 228.045 57.0 睛 0
228.045 228.5 59.0 背 0
228.5 228.727 57.0 叛 0
228.727 228.954 57.0 了 0
228.954 229.409 57.0  0
229.409 229.636 54.0 的 0
229.636 230.318 57.0 心 1
230.508 230.736 57.0  0
230.736 230.963 57.0 何 0
230.963 231.19 59.0 不 0
231.19 231.417 62.0 乾 0
231.417 231.645 64.0 脆 0
231.645 231.872 64.0  0
231.872 232.099 66.0 ^ 1
232.124 232.351 66.0 我 0
232.351 232.579 66.0  0
232.579 232.806 64.0  0
232.806 233.033 62.0 情 0
233.033 233.261 59.0 的 0
233.261 233.715 62.0 憧 0
233.715 234.17 62.0 憬 1
234.179 234.406 57.0  0
234.406 234.633 57.0 我 0
234.633 234.86 59.0 M 0
234.86 235.088 62.0 情 0
235.088 235.315 59.0 的 0
235.315 235.542 61.0 流 0
235.542 235.997 62.0 I 1
235.998 236.225 57.0 I 0
236.225 236.452 57.0 乾 0
236.452 236.68 59.0 了 0
236.68 236.907 62.0 不 0
236.907 237.134 59.0 再 0
237.134 237.361 61.0 後 0
237.361 237.816 59.0 悔 1
237.818 238.045 57.0  0
238.045 238.273 57.0 我 0
238.273 238.5 59.0 知 0
238.5 238.727 62.0 道 0
238.727 238.954 64.0  0
238.954 239.182 64.0 上 0
239.182 239.409 66.0  1
239.409 239.636 66.0 是 0
239.636 239.863 66.0 最 0
239.863 240.204 64.0 失 0
240.204 240.545 62.0  0
240.545 241.227 59.0 的 0
241.454 241.909 62.0 ` 0
241.909 242.363 62.0 - 0
242.363 244.977 62.0  1
