33.317 33.548 47.0 我 0
33.548 34.009 59.0 一 0
34.009 34.471 57.0 个 0
34.471 34.932 55.0 人 0
34.932 35.278 57.0 在 0
35.278 36.778 59.0 哭 1
36.781 37.012 55.0 反 0
37.012 37.243 57.0 正 0
37.243 37.704 59.0 没 0
37.704 38.166 59.0 有 0
38.166 38.628 59.0 人 0
38.628 39.089 57.0 在 0
39.089 40.012 54.0 乎 1
40.75 40.981 47.0 把 0
40.981 41.212 56.0 眼 0
41.212 41.904 57.0 泪 0
41.904 42.366 54.0 都 0
42.366 42.827 55.0 流 0
42.827 43.75 57.0 出 1
44.264 44.495 55.0 也 0
44.495 44.726 57.0 许 0
44.726 45.187 59.0 心 0
45.187 45.533 59.0 里 0
45.533 45.995 59.0 会 0
45.995 46.456 57.0 舒 0
46.456 47.495 54.0 服 1
48.233 48.464 47.0 我 0
48.464 48.925 59.0 原 0
48.925 49.387 57.0 来 0
49.387 49.733 55.0 很 0
49.733 50.195 57.0 幸 0
50.195 51.695 59.0 福 1
51.731 51.961 55.0 无 0
51.961 52.192 57.0 奈 0
52.192 52.423 57.0 走 0
52.423 52.884 59.0 到 0
53.115 53.577 59.0 这 0
53.577 54.038 62.0 一 0
54.038 54.5 54.0 步 1
54.689 54.804 47.0 以 0
54.804 55.15 57.0 后 0
55.15 55.381 55.0 我 0
55.381 55.612 54.0 总 0
55.612 55.842 55.0 是 0
55.842 56.304 57.0 要 0
56.304 56.65 59.0 孤 0
56.65 57.689 57.0 独 1
58.996 59.227 55.0 是 0
59.227 59.457 57.0 否 0
59.457 59.804 59.0 上 0
59.804 60.034 59.0 天 0
60.034 60.265 59.0 安 0
60.265 60.496 59.0 排 0
60.496 61.073 59.0 我 0
61.073 61.419 57.0 的 0
61.419 62.342 54.0 路 1
62.768 62.998 52.0 爱 0
62.998 63.229 55.0 情 0
63.229 63.575 57.0 很 0
63.575 63.921 59.0 幸 0
63.921 64.152 57.0 福 1
64.645 64.875 52.0 有 0
64.875 65.106 55.0 时 0
65.106 65.452 57.0 也 0
65.452 65.799 59.0 很 0
65.799 66.029 57.0 苦 1
66.324 66.555 55.0 就 0
66.555 66.785 57.0 算 0
66.785 67.016 57.0 有 0
67.016 67.247 59.0 人 0
67.247 67.478 59.0 陪 0
67.478 67.708 59.0 伴 1
68.567 68.798 59.0 但 0
68.798 69.028 61.0 她 0
69.028 69.259 63.0 有 0
69.259 69.49 63.0 时 0
69.49 69.721 63.0 候 0
69.721 70.067 63.0 也 0
70.067 70.298 63.0 不 0
70.298 70.644 64.0 满 0
70.644 72.49 66.0 足 1
74.107 74.338 59.0 我 0
74.338 74.8 67.0 为 0
74.8 75.03 66.0 你 0
75.03 75.492 64.0 付 0
75.492 75.953 67.0 出 1
75.958 76.189 64.0 眼 0
76.189 76.651 66.0 泪 0
76.651 76.881 64.0 流 0
76.881 77.343 66.0 无 0
77.343 77.574 62.0 数 1
77.701 77.931 55.0 你 0
77.931 78.162 62.0 何 0
78.162 78.393 64.0 必 0
78.393 78.624 64.0 假 0
78.624 79.085 62.0 装 0
79.085 79.431 55.0 不 0
79.431 79.777 57.0 在 0
79.777 80.701 59.0 乎 1
81.088 81.319 57.0 如 0
81.319 81.55 59.0 果 0
81.55 81.78 59.0 真 0
81.78 82.011 60.0 心 0
82.011 82.242 60.0 不 0
82.242 82.473 60.0 能 0
82.473 82.819 60.0 够 1
82.925 83.271 59.0 跟 0
83.271 83.502 57.0 你 0
83.502 83.848 59.0 说 0
83.848 84.194 55.0 清 0
84.194 84.886 52.0 楚 1
84.942 85.173 64.0 难 0
85.173 85.404 67.0 道 0
85.404 85.75 66.0 我 0
85.75 86.096 66.0 就 0
86.096 86.327 66.0 这 0
86.327 86.673 66.0 样 0
86.673 87.019 64.0 认 0
87.019 88.635 66.0 输 1
88.785 89.016 59.0 我 0
89.016 89.478 67.0 为 0
89.478 89.709 66.0 你 0
89.709 90.17 64.0 付 0
90.17 90.632 67.0 出 1
90.636 90.866 64.0 我 0
90.866 91.328 66.0 一 0
91.328 91.559 64.0 个 0
91.559 92.02 66.0 人 0
92.02 92.251 62.0 哭 1
92.479 92.71 55.0 只 0
92.71 92.94 62.0 要 0
92.94 93.171 64.0 你 0
93.171 93.402 64.0 过 0
93.402 93.633 62.0 得 0
93.633 93.979 55.0 很 0
93.979 94.325 57.0 幸 0
94.325 95.479 59.0 福 1
95.969 96.2 57.0 如 0
96.2 96.431 59.0 果 0
96.431 96.662 60.0 真 0
96.662 96.892 60.0 心 0
96.892 97.123 60.0 还 0
97.123 97.354 60.0 是 1
97.403 97.749 60.0 不 0
97.749 98.095 59.0 能 0
98.095 98.326 57.0 够 0
98.326 98.672 59.0 说 0
98.672 99.018 55.0 清 0
99.018 99.711 52.0 楚 1
99.716 99.946 64.0 当 0
99.946 100.177 67.0 泪 0
100.177 100.408 64.0 流 0
100.408 100.639 66.0 干 0
100.639 100.869 66.0 以 0
100.869 102.023 66.0 后 1
102.814 102.93 59.0 我 0
102.93 103.276 66.0 认 0
103.276 103.622 64.0 - 0
103.622 105.584 64.0 输 1
140.473 140.704 47.0 我 0
140.704 141.165 59.0 原 0
141.165 141.627 57.0 来 0
141.627 141.973 55.0 很 0
141.973 142.434 57.0 幸 0
142.434 143.934 59.0 福 1
143.958 144.189 55.0 无 0
144.189 144.42 57.0 奈 0
144.42 144.651 59.0 走 0
144.651 145.112 59.0 到 0
145.343 145.804 59.0 这 0
145.804 146.266 62.0 一 0
146.266 146.728 54.0 步 1
146.953 147.184 47.0 以 0
147.184 147.415 57.0 后 0
147.415 147.646 55.0 我 0
147.646 147.876 54.0 总 0
147.876 148.107 55.0 是 0
148.107 148.569 57.0 要 0
148.569 148.915 59.0 孤 0
148.915 149.953 57.0 独 1
151.117 151.347 55.0 是 0
151.347 151.578 57.0 否 0
151.578 151.924 59.0 上 0
151.924 152.155 59.0 天 0
152.155 152.386 59.0 安 0
152.386 152.617 59.0 排 0
152.617 153.193 59.0 我 0
153.193 153.54 57.0 的 0
153.54 154.463 54.0 路 1
155.078 155.309 52.0 爱 0
155.309 155.54 55.0 情 0
155.54 155.886 57.0 很 0
155.886 156.232 59.0 幸 0
156.232 156.463 57.0 福 1
156.767 156.998 52.0 有 0
156.998 157.229 55.0 时 0
157.229 157.575 57.0 也 0
157.575 157.921 59.0 很 0
157.921 158.152 57.0 苦 1
158.784 159.014 55.0 就 0
159.014 159.245 57.0 算 0
159.245 159.476 59.0 有 0
159.476 159.707 59.0 人 0
159.707 159.937 59.0 陪 0
159.937 160.168 59.0 伴 1
160.814 161.045 59.0 但 0
161.045 161.276 61.0 她 0
161.276 161.507 63.0 有 0
161.507 161.738 63.0 时 0
161.738 161.968 63.0 候 0
161.968 162.314 63.0 也 0
162.314 162.545 63.0 不 0
162.545 162.891 64.0 满 0
162.891 164.738 66.0 足 1
166.294 166.525 59.0 我 0
166.525 166.986 67.0 为 0
166.986 167.217 66.0 你 0
167.217 167.679 64.0 付 0
167.679 168.14 67.0 出 1
168.151 168.382 64.0 眼 0
168.382 168.843 66.0 泪 0
168.843 169.074 64.0 流 0
169.074 169.536 66.0 无 0
169.536 169.766 62.0 数 1
169.958 170.189 52.0 你 0
170.189 170.42 64.0 何 0
170.42 170.651 64.0 必 0
170.651 170.881 64.0 假 0
170.881 171.112 62.0 装 0
171.112 171.458 55.0 不 0
171.458 171.804 57.0 在 0
171.804 172.958 59.0 乎 1
173.452 173.683 57.0 如 0
173.683 173.913 59.0 果 0
173.913 174.144 59.0 真 0
174.144 174.375 60.0 心 0
174.375 174.606 60.0 不 0
174.606 174.836 60.0 能 0
174.836 175.183 60.0 够 1
175.266 175.612 59.0 跟 0
175.612 175.842 57.0 你 0
175.842 176.189 59.0 说 0
176.189 176.535 55.0 清 0
176.535 177.227 52.0 楚 1
177.266 177.497 64.0 难 0
177.497 177.728 67.0 道 0
177.728 178.074 66.0 我 0
178.074 178.42 66.0 就 0
178.42 178.651 66.0 这 0
178.651 178.997 66.0 样 0
178.997 179.343 64.0 认 0
179.343 180.958 66.0 输 1
181.025 181.256 59.0 我 0
181.256 181.717 67.0 为 0
181.717 181.948 66.0 你 0
181.948 182.41 64.0 付 0
182.41 182.871 67.0 出 1
182.945 183.176 64.0 我 0
183.176 183.638 66.0 一 0
183.638 183.868 64.0 个 0
183.868 184.33 66.0 人 0
184.33 184.561 62.0 哭 1
184.744 184.975 52.0 只 0
184.975 185.206 62.0 要 0
185.206 185.437 64.0 你 0
185.437 185.668 64.0 过 0
185.668 185.898 62.0 得 0
185.898 186.244 55.0 很 0
186.244 186.591 57.0 幸 0
186.591 187.744 59.0 福 1
188.319 188.55 57.0 如 0
188.55 188.781 59.0 果 0
188.781 189.011 59.0 真 0
189.011 189.242 60.0 心 0
189.242 189.473 60.0 还 0
189.473 189.704 60.0 是 1
189.728 190.074 60.0 不 0
190.074 190.42 59.0 能 0
190.42 190.651 57.0 够 0
190.651 190.997 59.0 说 0
190.997 191.343 55.0 清 0
191.343 192.035 52.0 楚 1
192.039 192.27 64.0 当 0
192.27 192.501 67.0 泪 0
192.501 192.732 66.0 流 0
192.732 192.962 66.0 干 0
192.962 193.193 66.0 以 0
193.193 194.347 66.0 后 1
195.083 195.314 59.0 我 0
195.314 195.66 66.0 认 0
195.66 195.891 64.0 - 0
195.891 198.314 64.0 输 1
199.6 199.83 59.0 我 0
199.83 200.292 67.0 为 0
200.292 200.523 66.0 你 0
200.523 200.984 64.0 付 0
200.984 201.446 67.0 出 1
201.47 201.701 64.0 眼 0
201.701 202.162 66.0 泪 0
202.162 202.393 64.0 流 0
202.393 202.854 66.0 无 0
202.854 203.085 62.0 数 1
203.24 203.471 52.0 你 0
203.471 203.702 64.0 何 0
203.702 203.932 64.0 必 0
203.932 204.163 64.0 假 0
204.163 204.625 62.0 装 0
204.625 204.971 55.0 不 0
204.971 205.317 57.0 在 0
205.317 206.471 59.0 乎 1
206.653 206.883 57.0 如 0
206.883 207.114 59.0 果 0
207.114 207.345 60.0 真 0
207.345 207.576 60.0 心 0
207.576 207.806 60.0 不 0
207.806 208.037 60.0 能 0
208.037 208.383 60.0 够 1
208.418 208.764 59.0 跟 0
208.764 208.995 57.0 你 0
208.995 209.341 59.0 说 0
209.341 209.688 55.0 清 0
209.688 210.38 52.0 楚 1
210.454 210.685 64.0 难 0
210.685 210.915 67.0 道 0
210.915 211.262 66.0 我 0
211.262 211.608 66.0 就 0
211.608 211.838 66.0 这 0
211.838 212.185 66.0 样 0
212.185 212.531 64.0 认 0
212.531 214.146 66.0 输 1
214.349 214.58 59.0 我 0
214.58 215.041 67.0 为 0
215.041 215.272 66.0 你 0
215.272 215.734 64.0 付 0
215.734 216.195 67.0 出 1
216.267 216.498 64.0 你 0
216.498 216.959 66.0 要 0
216.959 217.19 64.0 我 0
217.19 217.652 66.0 孤 0
217.652 217.882 62.0 独 1
218.079 218.31 55.0 就 0
218.31 218.541 64.0 放 0
218.541 218.772 64.0 下 0
218.772 219.118 64.0 一 0
219.118 219.464 62.0 切 0
219.464 219.81 55.0 跟 0
219.81 220.156 57.0 你 0
220.156 221.31 59.0 赌 1
221.505 221.736 57.0 如 0
221.736 221.966 59.0 果 0
221.966 222.197 59.0 真 0
222.197 222.428 60.0 心 0
222.428 222.659 60.0 还 0
222.659 222.889 60.0 是 1
222.928 223.275 60.0 不 0
223.275 223.621 59.0 能 0
223.621 223.851 57.0 够 0
223.851 224.198 59.0 说 0
224.198 224.544 55.0 清 0
224.544 225.236 52.0 楚 1
225.247 225.478 64.0 当 0
225.478 225.709 67.0 泪 0
225.709 225.939 64.0 流 0
225.939 226.17 66.0 干 0
226.17 226.401 66.0 以 0
226.401 228.939 66.0 后 1
231.11 232.033 59.0 我 0
232.495 233.072 64.0 认 0
233.072 233.879 64.0 - 0
234.11 237.572 64.0 输 1
