5.105 5.624 59.0 曾 0
6.465 7.105 59.0 曾 0
7.111 7.433 62.0 经 0
7.675 8.073 66.0 在 0
8.078 8.396 59.0 我 0
8.401 8.718 62.0 眼 0
8.724 9.202 66.0 前 0
9.207 9.772 64.0 - 1
10.377 10.613 64.0 却 0
10.619 11.097 62.0 - 0
11.103 11.178 62.0 又 0
11.183 11.5 64.0 消 0
11.506 11.823 57.0 - 0
11.828 12.226 61.0 失 0
12.232 12.388 62.0 不 0
12.393 12.71 64.0 见 0
12.715 13.033 66.0 - 0
13.038 13.361 62.0 - 1
13.731 14.21 62.0 这 0
14.215 14.694 64.0 是 0
14.699 15.339 66.0 今 0
15.344 15.661 59.0 天 0
15.667 15.984 62.0 的 0
15.989 16.312 66.0 第 0
16.876 17.436 71.0 六 0
17.441 19.215 69.0 遍 1
19.775 20.415 62.0 电 0
20.42 20.979 64.0 影 0
20.985 21.382 66.0 里 0
21.388 21.705 59.0 的 0
21.71 22.028 62.0 配 0
22.033 22.35 64.0 乐 0
22.356 22.92 66.0 - 1
23.352 23.831 64.0 好 0
23.836 24.234 62.0 像 0
24.239 24.718 64.0 你 0
24.723 25.202 57.0 的 0
25.207 25.605 61.0 双 0
25.61 26.014 64.0 眼 1
26.501 26.899 62.0 我 0
26.904 27.221 60.0 爱 0
27.227 28.84 62.0 你 0
30.049 30.447 62.0 快 0
30.452 30.85 60.0 回 0
30.856 33.114 62.0 到 0
33.598 34.641 62.0 我 0
34.646 34.963 59.0 身 0
34.969 35.366 59.0 - 0
35.372 40.452 59.0 边 1
50.172 50.408 50.0 好 0
50.414 50.489 49.0 不 0
50.494 50.817 50.0 好 0
51.14 51.376 54.0 好 0
51.381 51.457 52.0 不 0
51.462 51.785 54.0 好 0
52.107 52.344 59.0 好 0
52.349 52.425 57.0 不 0
52.43 52.752 59.0 好 1
52.97 53.287 61.0 答 0
53.293 53.529 62.0 案 0
53.535 53.61 61.0 没 0
53.615 53.852 59.0 有 0
53.857 53.932 61.0 什 0
53.938 54.255 62.0 么 0
54.26 54.416 61.0 好 0
54.422 54.578 62.0 不 0
54.583 55.223 61.0 好 1
55.242 55.479 50.0 不 0
55.484 55.559 49.0 知 0
55.565 56.204 50.0 道 0
56.21 56.446 54.0 不 0
56.452 56.527 52.0 知 0
56.532 57.172 54.0 道 0
57.178 57.414 59.0 不 0
57.42 57.495 57.0 知 0
57.5 57.979 59.0 道 1
58.014 58.331 61.0 不 0
58.337 58.493 59.0 知 0
58.498 58.815 62.0 道 0
58.82 58.976 59.0 是 0
58.982 59.138 61.0 什 0
59.143 59.218 61.0 么 0
59.224 59.46 62.0 好 0
59.466 59.783 61.0 预 0
59.788 60.428 61.0 兆 1
60.505 60.742 50.0 好 0
60.747 60.823 49.0 不 0
60.828 61.151 50.0 好 0
61.473 61.71 54.0 好 0
61.715 61.79 52.0 不 0
61.796 62.038 54.0 好 0
62.441 62.677 59.0 好 0
62.683 62.758 57.0 不 0
62.763 62.925 59.0 好 1
63.327 63.644 61.0 答 0
63.649 63.886 62.0 答 0
63.891 63.966 61.0 答 0
63.972 64.208 59.0 答 0
64.214 64.289 61.0 答 0
64.294 64.612 62.0 答 0
64.617 64.773 61.0 答 0
64.778 65.095 62.0 答 0
65.101 65.579 61.0 答 1
65.582 65.818 50.0 不 0
65.824 65.899 49.0 知 0
65.904 66.227 50.0 道 0
66.549 66.786 54.0 不 0
66.791 66.867 52.0 知 0
66.872 67.195 54.0 道 0
67.517 67.754 59.0 不 0
67.759 67.834 57.0 知 0
67.84 68.162 59.0 道 1
68.254 68.571 61.0 不 0
68.576 68.732 59.0 知 0
68.737 69.055 62.0 道 0
69.06 69.216 59.0 是 0
69.221 69.377 61.0 什 0
69.383 69.458 61.0 么 0
69.463 69.7 62.0 好 0
69.705 70.022 61.0 预 0
70.028 70.668 61.0 兆 1
70.698 71.338 62.0 太 0
71.343 71.66 61.0 阳 0
71.666 71.983 59.0 - 0
71.988 72.305 59.0 公 0
72.311 72.628 57.0 - 0
72.633 73.273 57.0 公 0
73.279 73.596 59.0 出 0
73.601 73.918 57.0 - 0
73.924 74.241 57.0 来 0
74.246 75.854 50.0 了 1
75.906 76.546 62.0 他 0
76.551 76.869 59.0 对 0
76.874 77.191 59.0 - 0
77.197 77.514 59.0 我 0
77.519 77.836 57.0 - 0
77.842 78.482 57.0 呀 0
78.487 78.965 59.0 笑 0
78.971 79.449 61.0 呀 0
79.455 80.094 64.0 笑 0
80.1 81.062 66.0 - 1
81.139 81.778 62.0 我 0
81.784 82.101 59.0 爱 0
82.106 82.423 59.0 - 0
82.429 82.746 59.0 你 0
82.751 83.069 57.0 - 0
83.074 83.714 57.0 你 0
83.719 84.359 59.0 知 0
84.364 85.004 61.0 不 0
85.01 85.649 62.0 知 0
85.655 87.423 64.0 道 0
87.429 87.913 64.0 - 1
88.226 88.544 59.0 曾 0
88.549 88.866 61.0 经 0
88.871 89.189 66.0 在 0
89.194 89.511 59.0 我 0
89.517 89.834 61.0 眼 0
89.839 90.479 66.0 前 0
90.484 90.802 64.0 - 1
90.805 91.122 64.0 却 0
91.128 91.445 61.0 又 0
91.45 91.848 64.0 消 0
91.853 92.09 57.0 失 0
92.095 92.412 61.0 不 0
92.418 93.38 64.0 见 1
93.382 93.699 61.0 这 0
93.704 94.021 64.0 是 0
94.027 94.344 66.0 今 0
94.349 94.667 59.0 天 0
94.672 94.989 61.0 的 0
94.995 95.634 66.0 第 0
95.64 95.957 71.0 六 0
95.962 96.279 71.0 - 0
96.285 98.301 69.0 遍 1
98.58 98.897 61.0 电 0
98.902 99.22 64.0 影 0
99.225 99.542 66.0 里 0
99.548 99.865 59.0 的 0
99.87 99.945 61.0 配 0
99.951 100.833 66.0 乐 0
100.838 101.155 64.0 - 1
101.164 101.481 64.0 好 0
101.486 101.803 61.0 像 0
101.809 102.207 64.0 你 0
102.212 102.448 57.0 的 0
102.454 102.771 61.0 双 0
102.776 103.094 64.0 眼 0
103.099 103.416 62.0 - 1
103.425 103.742 62.0 我 0
103.747 104.064 60.0 - 0
104.07 104.145 60.0 爱 0
104.15 106.0 62.0 你 0
106.005 106.322 62.0 快 0
106.328 106.645 60.0 回 0
106.65 108.258 62.0 到 0
108.263 108.586 62.0 我 0
108.586 108.903 59.0 - 0
108.908 109.226 61.0 身 0
109.231 109.548 59.0 - 0
109.554 111.484 59.0 边 0
111.489 113.581 61.0 - 0
113.586 115.36 57.0 - 1
119.749 119.986 50.0 好 0
119.991 120.066 49.0 不 0
120.072 120.394 50.0 好 0
120.717 120.954 54.0 好 0
120.959 121.034 52.0 不 0
121.04 121.362 54.0 好 0
121.685 121.921 59.0 好 0
121.927 122.002 57.0 不 0
122.007 122.33 59.0 好 1
122.762 122.999 62.0 答 0
123.004 123.08 61.0 答 0
123.085 123.322 62.0 答 0
123.327 123.402 61.0 答 0
123.408 123.644 59.0 答 0
123.65 123.725 61.0 答 0
123.73 124.047 62.0 答 0
124.053 124.531 62.0 答 0
124.537 125.015 61.0 答 1
125.025 125.262 50.0 不 0
125.267 125.343 49.0 知 0
125.348 125.671 50.0 道 0
125.993 126.23 54.0 不 0
126.235 126.31 52.0 知 0
126.316 126.638 54.0 道 0
126.961 127.198 59.0 不 0
127.203 127.278 57.0 知 0
127.284 127.606 59.0 道 1
127.739 128.057 62.0 不 0
128.062 128.218 59.0 知 0
128.223 128.541 62.0 道 0
128.546 128.702 59.0 是 0
128.707 128.863 61.0 什 0
128.868 128.944 61.0 么 0
128.949 129.186 62.0 好 0
129.191 129.508 61.0 预 0
129.514 130.153 61.0 兆 1
130.155 130.795 62.0 太 0
130.8 131.117 61.0 阳 0
131.123 131.44 59.0 - 0
131.445 131.762 59.0 公 0
131.768 132.085 57.0 - 0
132.09 132.73 57.0 公 0
132.735 133.053 59.0 出 0
133.058 133.375 57.0 - 0
133.381 133.698 57.0 来 0
133.703 134.02 54.0 了 0
134.026 134.671 50.0 - 1
135.197 135.837 62.0 他 0
135.842 136.159 61.0 对 0
136.165 136.326 59.0 我 0
136.407 136.568 59.0 对 0
136.649 136.891 59.0 对 0
136.971 137.127 57.0 我 0
137.133 137.45 57.0 对 0
137.455 137.772 57.0 我 0
137.778 138.256 59.0 笑 0
138.262 138.74 61.0 呀 0
138.745 139.385 66.0 笑 0
139.391 140.353 66.0 - 1
140.367 141.007 62.0 我 0
141.013 141.33 61.0 爱 0
141.335 141.652 59.0 - 0
141.658 141.975 59.0 你 0
141.98 142.297 57.0 - 0
142.303 142.943 57.0 你 0
142.948 143.588 59.0 知 0
143.593 144.233 61.0 不 0
144.238 144.878 62.0 知 0
144.883 146.814 64.0 道 0
146.819 147.459 64.0 - 1
147.474 147.791 59.0 曾 0
147.797 148.114 62.0 经 0
148.119 148.436 66.0 在 0
148.442 148.759 59.0 我 0
148.764 149.082 62.0 眼 0
149.087 149.727 66.0 前 0
149.732 150.049 64.0 - 1
150.069 150.386 64.0 却 0
150.391 150.709 62.0 又 0
150.714 151.112 64.0 消 0
151.117 151.354 57.0 失 0
151.359 151.676 61.0 不 0
151.682 152.407 64.0 见 1
152.733 153.051 61.0 这 0
153.056 153.373 64.0 是 0
153.379 153.696 66.0 今 0
153.701 154.018 59.0 天 0
154.024 154.341 62.0 的 0
154.346 154.986 66.0 第 0
154.991 155.309 71.0 六 0
155.314 155.631 71.0 - 0
155.637 157.653 69.0 遍 1
157.787 158.104 62.0 电 0
158.109 158.426 64.0 影 0
158.432 158.749 66.0 里 0
158.754 159.072 59.0 的 0
159.077 159.152 61.0 配 0
159.158 160.039 66.0 乐 0
160.045 160.362 64.0 - 1
160.514 160.832 64.0 好 0
160.837 161.154 62.0 像 0
161.16 161.557 64.0 你 0
161.563 161.799 57.0 的 0
161.805 162.122 61.0 双 0
162.127 162.444 64.0 眼 0
162.45 162.767 62.0 - 1
162.768 163.086 62.0 我 0
163.091 163.408 60.0 爱 0
163.414 165.344 62.0 你 0
165.349 165.666 62.0 快 0
165.672 165.989 60.0 回 0
165.994 167.602 62.0 到 0
167.607 167.93 62.0 我 0
167.93 168.247 59.0 - 0
168.252 168.569 61.0 身 0
168.575 168.892 59.0 - 0
168.897 170.833 59.0 边 1
200.499 201.139 62.0 太 0
201.144 201.462 59.0 阳 0
201.467 201.784 59.0 公 0
201.79 202.429 57.0 公 0
202.435 202.757 59.0 出 0
202.838 203.075 57.0 - 0
203.08 203.478 57.0 来 0
203.483 205.01 50.0 了 1
205.034 205.674 62.0 他 0
205.68 205.997 61.0 对 0
206.002 206.319 59.0 - 0
206.325 206.642 59.0 我 0
206.647 206.965 57.0 - 0
206.97 207.61 57.0 呀 1
207.613 208.092 59.0 笑 0
208.097 208.575 57.0 呀 0
208.581 209.382 57.0 笑 0
209.387 209.764 59.0 - 0
210.194 210.834 62.0 我 0
210.839 211.156 59.0 爱 0
211.161 211.479 59.0 - 0
211.484 211.801 61.0 你 0
211.807 212.124 57.0 - 1
212.13 212.77 57.0 你 0
212.775 213.415 59.0 知 0
213.421 214.06 61.0 不 0
214.066 214.706 62.0 知 0
214.711 215.996 64.0 道 0
216.001 217.286 69.0 - 1
217.291 217.608 59.0 曾 0
217.613 217.93 62.0 经 0
217.936 218.253 66.0 在 0
218.258 218.575 59.0 我 0
218.581 218.898 62.0 眼 0
218.903 219.543 66.0 前 0
219.549 219.866 64.0 - 1
219.868 220.185 64.0 却 0
220.191 220.508 62.0 又 0
220.513 220.911 64.0 消 0
220.917 221.153 57.0 失 0
221.158 221.476 62.0 不 0
221.481 222.443 64.0 见 1
222.451 222.768 62.0 我 0
222.773 223.091 64.0 不 0
223.096 223.413 66.0 要 0
223.419 223.736 59.0 比 0
223.741 224.058 62.0 赛 0
224.064 224.703 66.0 交 0
224.709 225.349 74.0 白 0
225.354 226.155 73.0 卷 0
226.16 227.607 69.0 - 1
227.616 227.933 62.0 电 0
227.939 228.256 64.0 影 0
228.261 228.578 66.0 里 0
228.584 228.901 59.0 的 0
228.906 229.224 62.0 配 0
229.229 229.869 66.0 乐 0
229.874 230.191 64.0 - 1
230.192 230.509 69.0 好 0
230.514 230.832 64.0 像 0
230.837 231.154 64.0 你 0
231.159 231.477 61.0 的 0
231.482 231.799 66.0 双 0
231.805 232.444 62.0 眼 1
232.446 232.763 61.0 我 0
232.768 233.086 60.0 爱 0
233.091 235.021 62.0 你 0
235.026 235.344 62.0 快 0
235.349 235.666 60.0 回 0
235.672 237.602 62.0 到 1
237.616 238.175 64.0 我 0
238.181 238.417 64.0 爱 0
238.423 239.062 64.0 你 0
239.068 240.191 62.0 - 0
240.197 240.514 62.0 快 0
240.519 240.837 60.0 回 0
240.842 241.724 64.0 到 0
241.729 242.449 64.0 - 0
242.455 242.933 67.0 - 1
242.94 243.338 67.0 我 0
243.343 243.66 67.0 爱 0
243.665 244.386 62.0 你 0
244.391 245.354 62.0 - 0
245.359 245.676 62.0 快 0
245.682 245.999 60.0 回 0
246.004 247.612 62.0 到 0
247.617 248.257 62.0 我 0
248.262 248.579 62.0 身 0
248.585 248.902 59.0 - 0
248.907 251.488 59.0 边 1
