5.143 5.361 57.0 你 0
5.365 5.695 66.0 拿 0
5.81 6.028 66.0 什 0
6.087 6.584 66.0 么 0
6.81 7.028 66.0 来 0
7.087 7.528 66.0 爱 0
7.587 8.028 64.0 我 1
8.742 9.016 57.0 我 0
9.02 9.239 61.0 这 0
9.242 9.794 62.0 样 0
10.298 10.516 61.0 这 0
10.576 10.961 62.0 样 0
11.076 11.739 57.0 说 1
12.233 12.451 57.0 你 0
12.455 12.896 59.0 陪 0
12.9 13.118 62.0 着 0
13.177 13.674 62.0 我 0
14.011 14.229 57.0 又 0
14.233 14.674 59.0 离 0
14.677 14.951 62.0 开 0
15.011 15.451 62.0 我 1
15.894 16.112 57.0 让 0
16.116 16.556 59.0 我 0
16.56 16.779 62.0 没 0
16.782 16.945 59.0 有 0
17.005 17.168 62.0 了 0
17.227 17.668 62.0 所 0
17.727 18.39 57.0 有 1
19.463 19.793 57.0 你 0
19.796 20.07 66.0 拿 0
20.13 20.348 66.0 什 0
20.408 20.904 66.0 么 0
21.241 21.404 66.0 来 0
21.463 21.848 66.0 爱 0
21.963 22.626 64.0 我 1
22.943 23.161 57.0 我 0
23.165 23.383 61.0 这 0
23.443 24.05 62.0 样 0
24.665 24.939 61.0 这 0
24.943 25.383 62.0 样 0
25.387 26.106 61.0 说 1
26.612 26.831 57.0 我 0
26.834 27.275 59.0 等 0
27.279 27.497 62.0 待 0
27.557 28.164 62.0 了 0
28.39 28.608 57.0 也 0
28.612 29.053 59.0 坚 0
29.057 29.275 62.0 持 0
29.334 29.831 62.0 过 1
30.14 30.358 57.0 你 0
30.362 30.803 59.0 却 0
30.806 31.136 62.0 不 0
31.14 32.58 59.0 敢 0
33.029 33.692 61.0 说 0
33.751 34.025 62.0 出 0
34.195 36.247 62.0 口 1
37.167 37.33 57.0 我 0
37.39 37.997 66.0 总 0
38.112 38.719 64.0 是 0
38.89 39.108 62.0 一 0
39.167 39.441 61.0 个 0
39.445 40.108 59.0 人 1
40.751 40.97 57.0 吞 0
41.029 41.414 59.0 噬 0
41.418 41.581 62.0 你 0
41.696 41.859 62.0 给 0
41.918 42.414 62.0 的 0
42.751 43.192 59.0 疑 0
43.251 43.748 57.0 问 1
44.226 44.444 57.0 我 0
44.448 44.889 61.0 总 0
45.059 45.611 61.0 是 0
45.782 46.056 61.0 一 0
46.115 46.444 57.0 个 0
46.448 47.222 62.0 人 1
47.78 47.998 57.0 我 0
48.002 48.442 59.0 的 0
48.502 48.72 62.0 天 0
48.78 48.998 62.0 真 0
49.28 49.665 62.0 其 0
49.668 50.22 59.0 实 0
50.335 50.498 59.0 是 0
50.557 50.72 59.0 很 0
50.891 51.109 59.0 深 0
51.224 51.665 62.0 的 0
51.835 52.22 66.0 伤 0
52.224 53.887 64.0 痕 1
55.048 55.266 59.0 你 0
55.27 55.711 66.0 不 0
55.714 56.044 69.0 应 0
56.159 56.599 69.0 该 0
56.603 56.711 66.0 来 0
56.825 57.266 66.0 爱 0
57.27 58.266 64.0 我 1
58.503 58.722 59.0 还 0
58.725 59.833 71.0 给 0
59.837 60.055 69.0 - 0
60.059 60.277 69.0 我 0
60.503 60.944 69.0 快 0
60.948 61.833 66.0 乐 1
62.033 62.251 59.0 你 0
62.255 62.585 62.0 给 0
62.699 62.918 62.0 的 0
62.977 63.585 62.0 回 0
63.588 63.862 64.0 忆 0
63.866 64.529 66.0 那 0
64.533 64.751 64.0 么 0
64.755 65.418 62.0 多 1
65.697 65.916 62.0 快 0
65.975 66.36 59.0 乐 0
66.364 66.527 62.0 变 0
66.586 66.749 62.0 成 0
66.808 67.138 62.0 没 0
67.142 67.471 66.0 办 0
67.475 67.694 62.0 法 0
67.697 67.916 62.0 活 0
67.92 68.36 64.0 - 1
69.211 69.429 57.0 你 0
69.433 69.874 66.0 不 0
69.878 70.096 69.0 应 0
70.322 70.763 69.0 该 0
70.766 70.874 66.0 来 0
70.989 71.318 66.0 爱 0
71.433 72.54 64.0 我 1
72.795 73.014 59.0 靠 0
73.018 73.347 71.0 紧 0
73.462 73.681 71.0 我 0
73.684 73.903 69.0 又 0
73.907 74.347 71.0 放 0
74.351 74.569 69.0 开 0
74.795 75.125 69.0 了 0
75.24 76.236 66.0 我 1
76.334 76.552 59.0 如 0
76.612 76.83 62.0 果 0
77.001 77.108 62.0 换 0
77.334 77.886 62.0 作 0
78.112 78.33 64.0 是 0
78.334 79.552 62.0 我 1
79.901 80.119 59.0 会 0
80.123 80.563 62.0 义 0
80.567 80.786 59.0 无 0
80.845 81.23 59.0 反 0
81.289 81.619 57.0 顾 0
81.901 82.563 66.0 为 0
82.567 83.23 64.0 你 0
83.456 83.675 62.0 唱 0
83.845 86.341 62.0 歌 1
86.921 87.139 57.0 你 0
87.143 87.472 66.0 拿 0
87.587 87.806 66.0 什 0
87.865 88.361 66.0 么 0
88.476 88.695 66.0 来 0
88.754 89.195 64.0 爱 0
89.254 89.806 64.0 我 1
90.444 90.663 57.0 我 0
90.666 90.94 61.0 这 0
90.944 91.496 62.0 样 0
92.0 92.218 61.0 这 0
92.278 92.663 62.0 样 0
92.722 93.44 57.0 说 1
94.095 94.313 57.0 我 0
94.317 94.758 59.0 的 0
94.761 94.98 62.0 伤 0
95.039 95.535 62.0 心 0
95.873 96.091 57.0 你 0
96.095 96.535 59.0 还 0
96.539 96.758 62.0 关 0
96.817 97.313 62.0 心 1
97.675 97.894 57.0 而 0
97.898 98.116 57.0 沉 0
98.12 98.283 62.0 默 0
98.342 98.505 62.0 又 0
98.564 98.727 62.0 是 0
98.786 99.172 62.0 为 0
99.231 99.616 59.0 什 0
99.675 100.227 57.0 么 1
101.138 101.356 57.0 你 0
101.36 101.745 66.0 拿 0
101.805 102.023 66.0 什 0
102.082 102.579 66.0 么 0
102.693 102.856 66.0 来 0
102.971 103.356 66.0 爱 0
103.416 104.079 64.0 我 1
104.68 104.899 57.0 我 0
104.903 105.121 61.0 这 0
105.18 105.788 62.0 样 0
106.236 106.454 61.0 这 0
106.514 106.954 62.0 样 0
106.958 107.843 61.0 说 1
108.348 108.566 57.0 你 0
108.57 109.011 59.0 牵 0
109.015 109.233 62.0 过 0
109.292 109.9 62.0 了 0
110.126 110.344 57.0 我 0
110.348 110.789 59.0 的 0
110.792 111.011 62.0 双 0
111.07 111.566 62.0 手 1
111.922 112.14 57.0 却 0
112.144 112.584 59.0 不 0
112.588 112.807 62.0 想 0
112.866 113.196 62.0 牵 0
113.366 114.362 59.0 我 0
114.588 114.807 57.0 走 0
114.81 115.473 61.0 到 0
115.699 115.973 62.0 最 0
116.088 118.196 62.0 后 1
118.909 119.183 57.0 遗 0
119.187 119.794 66.0 憾 0
119.854 120.572 64.0 谁 0
120.576 120.961 62.0 都 0
120.965 121.239 61.0 会 0
121.298 121.905 59.0 有 1
122.195 122.413 57.0 至 0
122.417 122.636 57.0 少 0
122.639 123.08 59.0 让 0
123.084 123.525 62.0 我 0
123.528 123.969 62.0 知 0
123.973 124.302 64.0 道 0
124.417 124.858 59.0 理 0
124.862 125.413 57.0 由 1
126.026 126.244 54.0 放 0
126.248 126.911 61.0 弃 0
126.915 127.411 61.0 谁 0
127.581 127.8 61.0 都 0
127.804 128.022 57.0 会 0
128.081 128.911 62.0 有 1
129.643 129.862 57.0 可 0
129.866 130.306 59.0 为 0
130.31 130.528 62.0 什 0
130.532 130.751 62.0 么 0
130.754 131.084 62.0 你 0
131.125 131.343 59.0 连 0
131.421 131.64 62.0 借 0
131.699 132.01 59.0 口 0
132.532 132.695 62.0 都 0
132.754 133.084 66.0 没 0
133.199 133.417 64.0 - 0
133.421 135.028 64.0 有 1
136.744 136.963 57.0 你 0
136.967 137.407 66.0 不 0
137.411 137.741 69.0 应 0
137.856 138.296 69.0 该 0
138.3 138.407 66.0 来 0
138.522 138.963 66.0 爱 0
138.967 139.963 64.0 我 1
140.238 140.456 59.0 还 0
140.46 141.568 71.0 给 0
141.571 141.79 69.0 - 0
141.794 142.012 69.0 我 0
142.238 142.679 66.0 快 0
142.738 143.568 66.0 乐 1
143.81 144.028 59.0 你 0
144.032 144.361 62.0 给 0
144.476 144.695 62.0 的 0
144.698 145.361 62.0 回 0
145.365 145.584 64.0 忆 0
145.587 145.806 64.0 那 0
145.81 146.195 66.0 - 0
146.254 146.472 64.0 么 0
146.476 147.195 62.0 多 1
147.32 147.539 62.0 快 0
147.542 147.983 59.0 乐 0
147.987 148.15 62.0 变 0
148.209 148.372 62.0 成 0
148.431 148.761 62.0 没 0
148.765 149.094 66.0 办 0
149.098 149.316 62.0 法 0
149.32 149.539 62.0 活 0
149.542 149.983 64.0 - 1
150.989 151.207 57.0 你 0
151.211 151.652 66.0 不 0
151.655 151.874 69.0 应 0
152.1 152.54 69.0 该 0
152.544 152.652 66.0 来 0
152.766 153.096 66.0 爱 0
153.211 154.318 64.0 我 1
154.473 154.692 59.0 靠 0
154.695 155.025 71.0 紧 0
155.14 155.358 71.0 我 0
155.362 155.581 69.0 又 0
155.584 156.025 71.0 放 0
156.029 156.247 69.0 开 0
156.473 156.803 69.0 了 0
156.918 157.914 66.0 我 1
158.156 158.374 59.0 如 0
158.434 158.652 62.0 果 0
158.822 158.93 62.0 换 0
159.156 159.708 62.0 作 0
159.934 160.152 64.0 是 0
160.156 161.374 62.0 我 1
161.635 161.854 59.0 会 0
161.858 162.298 62.0 义 0
162.302 162.52 59.0 无 0
162.58 162.965 59.0 反 0
162.969 163.354 57.0 顾 0
163.635 164.298 66.0 为 0
164.302 164.965 64.0 你 0
165.191 165.409 62.0 唱 0
165.524 167.965 62.0 歌 1
168.759 168.978 57.0 你 0
168.982 169.422 66.0 不 0
169.426 169.756 69.0 应 0
169.871 170.311 69.0 该 0
170.315 170.422 66.0 来 0
170.537 170.978 66.0 爱 0
170.982 171.978 64.0 我 1
172.21 172.428 59.0 还 0
172.432 173.54 71.0 给 0
173.543 173.762 69.0 - 0
173.766 173.984 69.0 我 0
174.21 174.651 66.0 快 0
174.654 175.54 66.0 乐 1
175.889 176.107 59.0 你 0
176.111 176.44 62.0 给 0
176.555 176.774 62.0 的 0
176.777 177.44 62.0 回 0
177.444 177.663 64.0 忆 0
177.666 177.885 64.0 那 0
177.889 178.274 66.0 - 0
178.333 178.551 64.0 么 0
178.555 179.274 62.0 多 1
179.413 179.632 62.0 快 0
179.635 180.076 59.0 乐 0
180.08 180.243 62.0 变 0
180.302 180.465 62.0 成 0
180.524 180.854 62.0 没 0
180.858 181.187 66.0 办 0
181.191 181.409 62.0 法 0
181.413 181.632 62.0 活 0
181.635 182.076 64.0 - 1
182.915 183.133 57.0 你 0
183.137 183.578 66.0 不 0
183.581 183.8 69.0 应 0
184.026 184.466 69.0 该 0
184.47 184.578 66.0 来 0
184.692 185.022 66.0 爱 0
185.137 186.244 64.0 我 1
186.416 186.635 59.0 靠 0
186.638 186.968 71.0 紧 0
187.083 187.301 71.0 我 0
187.305 187.524 69.0 又 0
187.527 187.968 71.0 放 0
187.972 188.19 69.0 开 0
188.416 188.746 69.0 了 0
188.861 189.857 66.0 我 1
190.051 190.269 59.0 如 0
190.273 190.547 62.0 果 0
190.717 190.936 62.0 换 0
191.051 191.603 62.0 作 0
191.829 192.047 64.0 是 0
192.051 193.269 62.0 我 1
193.661 193.88 66.0 会 0
193.884 194.324 64.0 义 0
194.328 194.546 62.0 无 0
194.55 194.991 62.0 反 0
195.05 195.435 59.0 顾 0
195.661 196.324 66.0 为 0
196.328 196.991 64.0 你 0
197.217 197.435 62.0 唱 0
197.55 199.991 62.0 歌 1
212.852 213.126 57.0 你 0
213.185 213.463 66.0 拿 0
213.685 213.839 66.0 什 0
214.019 214.572 66.0 么 0
215.185 215.515 66.0 来 0
215.574 216.015 66.0 爱 0
216.074 216.682 64.0 我 1
