17.191 17.448 60.0 听 0
17.45 17.577 62.0 吧 0
17.709 17.965 64.0 新 0
18.226 18.612 64.0 征 0
18.743 19.129 62.0 程 0
19.26 19.517 62.0 号 0
19.519 19.775 64.0 角 0
19.778 20.422 60.0 吹 0
20.553 20.681 57.0 - 0
20.812 21.068 55.0 响 1
21.378 21.635 60.0 强 0
21.637 21.764 62.0 军 0
21.895 22.281 64.0 目 0
22.413 22.798 64.0 标 0
22.93 23.186 64.0 召 0
23.318 23.445 60.0 唤 0
23.447 23.704 62.0 在 0
23.706 23.833 64.0 前 0
23.964 25.126 62.0 方 1
25.391 25.648 60.0 国 0
25.65 25.906 62.0 要 0
25.908 26.036 64.0 强 0
26.426 26.941 64.0 我 0
26.943 27.07 62.0 们 0
27.46 27.717 62.0 就 0
27.719 27.975 64.0 要 0
27.977 28.622 60.0 担 0
28.753 28.88 57.0 - 0
29.012 29.268 55.0 当 1
29.529 29.786 55.0 战 0
29.788 29.915 60.0 旗 0
30.046 30.303 62.0 上 0
30.564 30.949 62.0 写 0
30.951 31.079 64.0 满 0
31.081 31.337 62.0 铁 0
31.339 31.596 55.0 血 0
31.598 31.984 62.0 荣 0
32.115 33.277 60.0 光 1
34.326 34.583 64.0 将 0
34.843 35.1 62.0 士 0
35.361 35.747 60.0 们 1
36.379 36.636 64.0 听 0
36.767 36.894 64.0 党 0
36.896 37.153 62.0 指 0
37.414 37.799 60.0 挥 1
38.372 39.017 64.0 能 0
39.148 39.275 62.0 打 0
39.407 39.792 64.0 胜 0
39.924 40.31 62.0 战 0
40.441 40.827 62.0 作 0
40.829 40.956 60.0 风 0
40.958 41.344 57.0 优 0
41.476 41.991 55.0 良 1
42.445 43.09 57.0 不 0
43.221 43.348 59.0 惧 0
43.48 43.736 60.0 强 0
43.738 43.995 57.0 敌 1
44.597 44.983 55.0 敢 0
45.114 45.371 64.0 较 0
45.632 46.147 64.0 量 1
46.588 46.715 64.0 为 0
46.847 47.232 62.0 祖 0
47.364 47.62 64.0 国 0
47.623 47.75 62.0 决 0
47.881 48.008 55.0 胜 0
48.14 48.526 62.0 疆 0
48.657 50.077 60.0 场 1
54.352 54.608 60.0 听 0
54.61 54.737 62.0 吧 0
54.869 55.125 64.0 新 0
55.386 55.772 64.0 征 0
55.903 56.289 62.0 程 0
56.421 56.677 62.0 号 0
56.679 56.936 64.0 角 0
56.938 57.582 60.0 吹 0
57.714 57.841 57.0 - 0
57.972 58.229 55.0 响 1
58.464 58.72 60.0 强 0
58.722 58.849 62.0 军 0
58.981 59.367 64.0 目 0
59.498 59.884 64.0 标 0
60.015 60.272 64.0 召 0
60.403 60.53 60.0 唤 0
60.533 60.789 62.0 在 0
60.791 60.918 64.0 前 0
61.05 62.211 62.0 方 1
62.695 62.951 60.0 国 0
62.953 63.21 62.0 要 0
63.212 63.339 64.0 强 0
63.729 64.244 64.0 我 0
64.246 64.373 62.0 们 0
64.763 65.02 62.0 就 0
65.022 65.279 64.0 要 0
65.281 65.925 60.0 担 0
66.057 66.184 57.0 - 0
66.315 66.572 55.0 当 1
66.864 67.121 55.0 战 0
67.123 67.25 60.0 旗 0
67.382 67.638 62.0 上 0
67.899 68.285 62.0 写 0
68.287 68.414 64.0 满 0
68.416 68.673 62.0 铁 0
68.675 68.931 55.0 血 0
68.933 69.319 62.0 荣 0
69.451 70.889 60.0 光 1
71.413 71.669 64.0 将 0
71.93 72.186 62.0 士 0
72.447 72.833 60.0 们 1
73.485 73.741 64.0 听 0
73.872 74.0 64.0 党 0
74.002 74.258 62.0 指 0
74.519 74.905 60.0 挥 1
75.543 76.187 64.0 能 0
76.318 76.446 62.0 打 0
76.577 76.963 64.0 胜 0
77.094 77.48 62.0 战 0
77.611 77.997 62.0 作 0
77.999 78.127 60.0 风 0
78.129 78.515 57.0 优 0
78.646 79.161 55.0 良 1
79.67 80.315 57.0 不 0
80.446 80.573 59.0 惧 0
80.705 80.961 60.0 强 0
80.964 81.22 57.0 敌 1
81.763 82.149 55.0 敢 0
82.281 82.537 64.0 较 0
82.798 83.313 64.0 量 1
83.83 83.958 64.0 为 0
84.089 84.475 62.0 祖 0
84.606 84.863 64.0 国 0
84.865 84.992 62.0 决 0
85.123 85.251 55.0 胜 0
85.382 85.768 62.0 疆 0
85.899 87.32 60.0 场 1
87.999 88.256 64.0 将 0
88.517 88.773 62.0 士 0
89.034 89.42 60.0 们 1
90.024 90.283 64.0 听 0
90.283 90.539 64.0 党 0
90.542 90.798 62.0 指 0
91.059 91.445 60.0 挥 1
92.189 92.834 64.0 能 0
92.965 93.092 62.0 打 0
93.224 93.61 64.0 胜 0
93.741 94.127 62.0 战 0
94.258 94.644 62.0 作 0
94.646 94.773 60.0 风 0
94.775 95.161 57.0 优 0
95.293 95.808 55.0 良 1
96.307 96.952 57.0 不 0
97.083 97.21 59.0 惧 0
97.342 97.598 60.0 强 0
97.6 97.857 57.0 敌 1
98.378 98.764 55.0 敢 0
98.895 99.152 64.0 较 0
99.413 99.928 64.0 量 1
100.533 100.66 64.0 为 0
100.792 101.177 62.0 祖 0
101.309 101.565 64.0 国 0
101.568 101.695 62.0 决 0
101.826 101.953 55.0 胜 0
102.085 102.471 62.0 疆 0
102.602 104.022 60.0 场 1
104.611 104.997 64.0 决 0
105.128 105.643 64.0 胜 0
105.775 106.807 64.0 疆 0
106.809 108.488 60.0 场 1
