32.944 33.171 52.0 我 0
33.171 33.398 52.0 们 0
33.398 33.625 52.0 相 0
33.625 33.853 52.0 爱 0
33.853 34.307 52.0 在 0
34.307 34.762 59.0 雨 0
34.762 35.33 55.0 季 1
36.677 36.9 54.0 留 0
36.909 37.359 54.0 下 0
37.359 37.594 54.0 了 0
37.594 37.813 54.0 爱 0
37.813 38.041 52.0 的 0
38.041 38.495 50.0 痕 0
38.495 39.177 52.0 迹 1
40.261 40.489 52.0 天 0
40.489 40.716 52.0 空 0
40.716 40.943 52.0 下 0
40.943 41.17 52.0 起 0
41.17 41.617 52.0 了 0
41.625 42.08 57.0 细 0
42.08 42.648 55.0 雨 1
43.863 44.09 57.0 那 0
44.09 44.317 57.0 是 0
44.317 44.545 57.0 想 0
44.545 44.772 57.0 你 0
44.772 45.226 57.0 的 0
45.226 45.681 62.0 泪 0
45.681 46.59 59.0 滴 1
47.534 47.989 59.0 日 0
47.989 48.443 64.0 夜 0
48.443 48.67 64.0 的 0
48.67 49.125 59.0 思 0
49.125 49.352 57.0 - 0
49.352 50.261 57.0 念 0
51.164 51.625 62.0 盼 0
51.625 52.08 59.0 望 0
52.08 52.307 57.0 你 0
52.307 52.761 57.0 出 0
52.761 52.989 59.0 - 0
52.989 53.898 52.0 现 1
54.841 55.068 52.0 念 0
55.068 55.523 57.0 你 0
55.523 55.75 57.0 的 0
55.75 55.977 57.0 心 0
56.204 56.432 55.0 还 0
56.432 56.659 57.0 在 0
56.659 57.114 59.0 原 0
57.114 57.568 57.0 点 0
57.568 57.795 55.0 守 0
57.795 58.25 59.0 着 0
58.25 58.477 52.0 - 0
58.477 59.841 52.0 你 1
62.076 62.303 52.0 虽 0
62.303 62.53 52.0 然 0
62.53 62.757 52.0 不 0
62.757 62.985 52.0 能 0
62.985 63.439 52.0 在 0
63.439 63.894 57.0 一 0
63.894 64.803 55.0 起 1
65.745 65.972 54.0 只 0
65.972 66.199 54.0 好 0
66.199 66.427 54.0 把 0
66.427 66.654 54.0 你 0
66.654 67.109 54.0 藏 0
67.109 67.563 50.0 心 0
67.563 68.245 52.0 底 1
69.361 69.589 52.0 心 0
69.589 69.816 52.0 痛 0
69.816 70.043 52.0 伤 0
70.043 70.27 52.0 疤 0
70.27 70.714 52.0 擦 0
70.725 71.179 59.0 不 0
71.179 71.861 55.0 去 1
73.018 73.245 57.0 梦 0
73.245 73.472 57.0 里 0
73.472 73.699 57.0 喊 0
73.699 73.927 57.0 你 0
73.927 74.381 57.0 的 0
74.381 74.836 62.0 名 0
74.836 75.745 59.0 字 1
76.566 77.021 59.0 我 0
77.021 77.475 64.0 不 0
77.475 77.696 64.0 愿 0
77.696 77.916 57.0 失 0
77.923 78.157 59.0 - 0
78.157 78.384 57.0 - 0
78.384 79.293 57.0 去 0
80.196 80.657 62.0 今 0
80.657 81.111 59.0 生 0
81.111 81.339 57.0 的 0
81.339 81.793 57.0 记 0
81.793 82.02 59.0 - 0
82.02 82.702 52.0 忆 1
83.91 84.137 52.0 想 0
84.137 84.591 57.0 你 0
84.591 84.819 57.0 的 0
84.819 85.046 57.0 人 0
85.273 85.501 55.0 还 0
85.501 85.728 57.0 在 0
85.728 86.182 59.0 夜 0
86.182 86.637 57.0 里 0
86.637 86.864 55.0 盼 0
86.864 87.319 59.0 着 0
87.319 87.546 52.0 - 0
87.546 88.91 52.0 你 1
90.319 90.774 67.0 当 0
90.774 91.222 69.0 流 0
91.222 92.365 71.0 星 0
92.592 92.819 71.0 划 0
92.819 93.047 71.0 过 0
93.047 93.501 71.0 苍 0
93.501 93.956 69.0 茫 0
93.956 94.183 67.0 的 0
94.183 94.637 66.0 天 0
94.637 94.865 67.0 - 0
94.865 96.683 64.0 际 1
97.593 98.041 64.0 两 0
98.041 98.502 71.0 颗 0
98.502 99.411 69.0 心 0
99.866 100.093 69.0 拉 0
100.093 100.32 67.0 开 0
100.32 100.775 69.0 遥 0
100.775 101.229 67.0 远 0
101.229 101.457 64.0 的 0
101.457 101.911 64.0 距 0
101.911 102.593 62.0 - 0
102.593 104.411 62.0 离 1
104.692 105.146 67.0 这 0
105.146 105.594 69.0 份 0
105.594 106.964 71.0 爱 0
106.964 107.192 71.0 成 0
107.192 107.419 71.0 为 0
107.419 107.874 71.0 美 0
107.874 108.328 69.0 好 0
108.328 108.555 67.0 的 0
108.555 109.01 66.0 回 0
109.01 109.692 64.0 - 0
109.692 111.055 64.0 忆 1
112.058 112.513 64.0 痛 0
112.513 112.74 69.0 苦 0
112.74 112.968 71.0 的 0
112.968 113.649 69.0 我 0
114.331 114.779 67.0 在 0
114.779 115.24 69.0 思 0
115.24 115.695 67.0 念 0
115.695 115.922 64.0 天 0
115.922 116.377 69.0 边 0
116.377 116.604 67.0 的 0
116.604 119.331 67.0 你 1
149.387 149.614 52.0 虽 0
149.614 149.842 52.0 然 0
149.842 150.069 52.0 不 0
150.069 150.296 52.0 能 0
150.296 150.751 52.0 在 0
150.751 151.205 59.0 一 0
151.205 152.114 55.0 起 1
152.868 153.095 54.0 只 0
153.095 153.322 54.0 好 0
153.322 153.549 54.0 把 0
153.549 153.777 54.0 你 0
153.777 154.231 54.0 藏 0
154.231 154.686 52.0 心 0
154.686 155.595 52.0 底 1
156.586 156.813 52.0 心 0
156.813 157.04 52.0 痛 0
157.04 157.268 52.0 伤 0
157.268 157.495 52.0 疤 0
157.495 157.936 52.0 擦 0
157.95 158.404 59.0 不 0
158.404 159.313 55.0 去 1
160.196 160.424 57.0 梦 0
160.424 160.651 57.0 里 0
160.651 160.878 57.0 喊 0
160.878 161.105 57.0 你 0
161.105 161.56 57.0 的 0
161.56 162.014 62.0 名 0
162.014 162.924 59.0 字 1
163.861 164.315 59.0 我 0
164.315 164.77 64.0 不 0
164.77 164.99 64.0 愿 0
164.99 165.211 57.0 失 0
165.218 165.451 59.0 - 0
165.451 165.679 57.0 - 0
165.679 166.588 57.0 去 0
167.49 167.951 62.0 今 0
167.951 168.406 59.0 生 0
168.406 168.633 57.0 的 0
168.633 169.088 57.0 记 0
169.088 169.315 59.0 - 0
169.315 170.224 52.0 忆 1
171.121 171.349 52.0 想 0
171.349 171.803 57.0 你 0
171.803 172.03 57.0 的 0
172.03 172.258 57.0 人 0
172.485 172.712 55.0 还 0
172.712 172.933 57.0 在 0
172.933 173.394 59.0 夜 0
173.394 173.849 57.0 里 0
173.849 174.076 55.0 盼 0
174.076 174.53 59.0 着 0
174.53 174.758 52.0 - 0
174.758 176.121 52.0 你 1
177.506 177.96 67.0 当 0
177.96 178.408 69.0 流 0
178.408 179.551 71.0 星 0
179.779 180.006 71.0 划 0
180.006 180.233 71.0 过 0
180.233 180.688 71.0 苍 0
180.688 181.142 69.0 茫 0
181.142 181.37 67.0 的 0
181.37 181.824 66.0 天 0
181.824 182.051 67.0 - 0
182.051 183.87 64.0 际 1
184.792 185.24 64.0 两 0
185.24 185.701 71.0 颗 0
185.701 186.61 69.0 心 0
187.064 187.292 69.0 拉 0
187.292 187.512 67.0 开 0
187.512 187.973 69.0 遥 0
187.973 188.428 67.0 远 0
188.428 188.655 64.0 的 0
188.655 189.11 64.0 距 0
189.11 189.792 62.0 - 0
189.792 191.61 62.0 离 1
192.067 192.522 67.0 这 0
192.522 192.97 69.0 份 0
192.97 194.34 71.0 爱 0
194.34 194.567 71.0 成 0
194.567 194.795 71.0 为 0
194.795 195.249 71.0 美 0
195.249 195.704 69.0 好 0
195.704 195.931 67.0 的 0
195.931 196.386 66.0 回 0
196.386 197.067 64.0 - 0
197.067 198.431 64.0 忆 1
199.269 199.724 64.0 痛 0
199.724 199.951 69.0 苦 0
199.951 200.178 71.0 的 0
200.178 200.86 69.0 我 0
201.542 201.996 67.0 在 0
201.996 202.451 69.0 思 0
202.451 202.905 67.0 念 0
202.905 203.133 64.0 天 0
203.133 203.587 69.0 边 0
203.587 203.815 67.0 的 0
203.815 206.315 67.0 你 1
206.571 207.025 67.0 当 0
207.025 207.473 69.0 流 0
207.473 208.616 71.0 星 0
208.844 209.071 71.0 划 0
209.071 209.298 71.0 过 0
209.298 209.753 71.0 苍 0
209.753 210.207 69.0 茫 0
210.207 210.434 67.0 的 0
210.434 210.889 66.0 天 0
210.889 211.116 67.0 - 0
211.116 212.934 64.0 际 1
213.817 214.264 64.0 两 0
214.264 214.726 71.0 颗 0
214.726 215.635 69.0 心 0
216.089 216.317 69.0 拉 0
216.317 216.537 67.0 开 0
216.537 216.998 69.0 遥 0
216.998 217.453 67.0 远 0
217.453 217.68 64.0 的 0
217.68 218.135 64.0 距 0
218.135 218.817 62.0 - 0
218.817 220.635 62.0 离 1
221.217 221.672 67.0 这 0
221.672 222.12 69.0 份 0
222.12 223.49 71.0 爱 0
223.49 223.717 71.0 成 0
223.717 223.945 71.0 为 0
223.945 224.399 71.0 美 0
224.399 224.854 69.0 好 0
224.854 225.081 67.0 的 0
225.081 225.535 66.0 回 0
225.535 226.217 64.0 - 0
226.217 227.581 64.0 忆 1
228.407 228.862 64.0 痛 0
228.862 229.089 69.0 苦 0
229.089 229.316 71.0 的 0
229.316 229.998 69.0 我 0
230.68 231.128 67.0 在 0
231.128 231.589 69.0 思 0
231.589 232.043 67.0 念 0
232.043 232.264 64.0 天 0
232.264 232.725 69.0 边 0
232.725 232.952 67.0 的 0
232.952 235.452 67.0 你 1
235.675 236.129 64.0 痛 0
236.129 236.357 69.0 苦 0
236.357 236.584 71.0 的 0
236.584 237.266 69.0 我 0
237.947 238.402 67.0 在 0
238.402 238.857 69.0 思 0
238.857 239.311 67.0 念 0
239.311 239.538 64.0 天 0
239.538 239.993 69.0 边 0
239.993 240.22 67.0 的 0
240.22 242.72 67.0 你 1
