33.742 33.992 54.0 只 0
33.992 34.242 57.0 - 0
34.242 34.492 54.0 为 0
34.492 34.742 57.0 了 0
34.742 34.992 54.0 世 0
34.992 35.242 57.0 界 0
35.242 35.492 54.0 上 0
35.492 35.992 59.0 最 0
35.992 36.242 57.0 美 0
36.242 36.742 59.0 的 0
36.742 37.242 61.0 表 0
37.588 38.338 56.0 情 0
38.338 38.588 57.0 你 0
39.088 39.588 56.0 的 0
39.588 40.088 54.0 笑 0
41.823 42.073 54.0 容 0
42.073 42.323 57.0 只 0
42.323 42.573 54.0 为 0
42.573 42.823 57.0 了 0
42.823 43.073 54.0 我 0
43.073 43.323 57.0 心 0
43.323 43.573 54.0 中 0
43.573 44.073 59.0 的 0
44.073 44.323 57.0 每 0
44.323 44.823 59.0 次 0
44.823 45.323 61.0 感 0
45.395 45.645 62.0 动 0
45.645 46.145 64.0 踏 0
46.145 46.395 61.0 - 0
46.895 47.395 59.0 上 0
47.395 47.895 59.0 旅 0
49.677 49.927 54.0 程 0
49.927 50.177 57.0 我 0
50.177 50.427 54.0 知 0
50.427 50.677 57.0 道 0
50.677 50.927 54.0 前 0
50.927 51.177 57.0 方 0
51.177 51.427 54.0 一 0
51.427 51.927 59.0 定 0
51.927 52.177 57.0 坎 0
52.177 52.677 59.0 坷 0
52.677 53.177 61.0 重 0
53.552 54.302 56.0 重 0
54.302 54.677 57.0 暴 0
55.052 55.552 56.0 雨 0
55.552 56.052 57.0 狂 0
57.664 57.914 54.0 风 0
57.914 58.164 57.0 我 0
58.164 58.414 54.0 知 0
58.414 58.664 57.0 道 0
58.664 58.914 54.0 我 0
58.914 59.164 57.0 的 0
59.164 59.414 54.0 生 0
59.414 59.914 59.0 命 0
59.914 60.164 57.0 从 0
60.164 60.664 59.0 此 0
60.664 61.164 61.0 一 0
61.424 62.174 56.0 定 0
62.174 62.424 57.0 与 0
62.924 63.424 56.0 众 0
63.424 63.924 54.0 不 0
66.45 66.95 61.0 同 0
66.95 67.45 59.0 迎 0
67.45 67.95 61.0 着 0
68.45 68.7 61.0 风 0
68.7 69.2 64.0 向 0
69.2 69.7 64.0 前 0
70.513 70.763 61.0 冲 0
70.763 71.138 64.0 我 0
71.263 71.763 66.0 要 0
71.763 72.013 64.0 做 0
72.013 72.263 64.0 我 0
72.263 72.513 64.0 自 0
72.513 72.763 61.0 己 0
72.763 73.263 64.0 的 0
73.263 73.763 59.0 英 0
74.436 74.936 52.0 雄 0
74.936 75.186 54.0 忍 0
75.186 75.561 57.0 着 0
76.436 76.936 52.0 泪 0
76.936 77.186 62.0 忍 0
77.186 77.686 64.0 着 0
78.547 78.797 64.0 痛 0
78.797 79.047 64.0 只 0
79.297 79.797 66.0 为 0
79.797 80.047 64.0 心 0
80.297 80.547 64.0 中 0
80.547 81.047 64.0 不 0
81.047 81.297 61.0 变 0
81.297 81.547 61.0 的 0
81.547 82.047 59.0 梦 0
82.525 83.025 61.0 - 0
83.025 83.525 59.0 迎 0
83.525 84.025 61.0 着 0
84.525 84.775 61.0 风 0
84.775 85.275 64.0 向 0
85.275 85.775 64.0 前 0
86.558 86.808 61.0 冲 0
86.808 87.183 64.0 我 0
87.308 87.808 66.0 要 0
87.808 88.058 64.0 超 0
88.058 88.308 64.0 越 0
88.308 88.558 64.0 自 0
88.558 88.808 61.0 己 0
88.808 89.308 64.0 才 0
89.308 89.808 59.0 激 0
90.584 91.084 52.0 动 0
91.084 91.334 54.0 每 0
91.334 91.709 57.0 滴 0
92.584 93.084 52.0 泪 0
93.084 93.334 62.0 每 0
93.334 93.834 64.0 次 0
94.512 94.762 64.0 痛 0
94.762 95.012 64.0 终 0
95.262 95.762 66.0 会 0
95.762 96.012 64.0 化 0
96.262 96.512 59.0 成 0
96.512 96.762 59.0 最 0
96.762 97.012 57.0 美 0
97.012 97.262 54.0 的 0
97.262 98.762 57.0 彩 0
115.719 115.969 54.0 虹 0
115.969 116.219 57.0 我 0
116.219 116.469 54.0 知 0
116.469 116.719 57.0 道 0
116.719 116.969 54.0 前 0
116.969 117.219 57.0 方 0
117.219 117.469 54.0 一 0
117.469 117.969 59.0 定 0
117.969 118.219 57.0 坎 0
118.219 118.719 59.0 坷 0
118.719 119.219 61.0 重 0
119.512 120.262 56.0 重 0
120.262 120.637 57.0 暴 0
121.012 121.512 56.0 雨 0
121.512 122.012 57.0 狂 0
123.748 123.998 54.0 风 0
123.998 124.248 57.0 我 0
124.248 124.498 54.0 知 0
124.498 124.748 57.0 道 0
124.748 124.998 54.0 我 0
124.998 125.248 57.0 的 0
125.248 125.498 54.0 生 0
125.498 125.998 59.0 命 0
125.998 126.248 57.0 从 0
126.248 126.748 59.0 此 0
126.748 127.248 61.0 一 0
127.542 128.292 56.0 定 0
128.292 128.542 57.0 与 0
129.042 129.542 56.0 众 0
129.542 130.042 54.0 不 0
132.388 132.888 61.0 同 0
132.888 133.388 59.0 迎 0
133.388 133.888 61.0 着 0
134.388 134.638 61.0 风 0
134.638 135.138 64.0 向 0
135.138 135.638 64.0 前 0
136.5 136.75 61.0 冲 0
136.75 137.125 64.0 我 0
137.25 137.75 66.0 要 0
137.75 138.0 64.0 做 0
138.0 138.25 64.0 我 0
138.25 138.5 64.0 自 0
138.5 138.75 61.0 己 0
138.75 139.25 64.0 的 0
139.25 139.75 61.0 英 0
140.58 141.08 52.0 雄 0
141.08 141.33 54.0 忍 0
141.33 141.705 57.0 着 0
142.58 143.08 52.0 泪 0
143.08 143.33 61.0 忍 0
143.33 143.83 64.0 着 0
144.525 144.775 64.0 痛 0
144.775 145.025 64.0 只 0
145.275 145.775 66.0 为 0
145.775 146.025 64.0 心 0
146.275 146.525 64.0 中 0
146.525 147.025 64.0 不 0
147.025 147.275 61.0 变 0
147.275 147.525 61.0 的 0
147.525 148.025 59.0 梦 0
148.448 148.948 61.0 迎 0
148.948 149.448 59.0 着 0
149.448 149.948 61.0 风 0
150.448 150.698 61.0 向 0
150.698 151.198 64.0 前 0
151.198 151.698 64.0 冲 0
152.487 152.737 61.0 我 0
152.737 153.112 64.0 要 0
153.237 153.737 66.0 超 0
153.737 153.987 64.0 越 0
153.987 154.237 64.0 自 0
154.237 154.487 64.0 己 0
154.487 154.737 61.0 才 0
154.737 155.237 64.0 激 0
155.237 155.737 61.0 动 0
156.44 156.94 52.0 每 0
156.94 157.19 54.0 - 0
157.19 157.565 57.0 滴 0
158.44 158.94 52.0 泪 0
158.94 159.19 61.0 每 0
159.19 159.69 64.0 次 0
160.486 160.736 64.0 痛 0
160.736 160.986 64.0 终 0
161.236 161.736 66.0 会 0
161.736 161.986 64.0 化 0
162.236 162.486 59.0 成 0
162.486 162.736 59.0 最 0
162.736 162.986 57.0 美 0
162.986 163.236 54.0 的 0
163.236 164.236 57.0 彩 0
164.551 165.051 61.0 虹 0
165.051 165.551 59.0 迎 0
165.551 166.051 61.0 着 0
166.551 166.801 61.0 风 0
166.801 167.301 64.0 向 0
167.301 167.801 64.0 前 0
168.559 168.809 61.0 冲 0
168.809 169.184 64.0 我 0
169.309 169.809 66.0 要 0
169.809 170.059 64.0 做 0
170.059 170.309 64.0 我 0
170.309 170.559 64.0 自 0
170.559 170.809 61.0 己 0
170.809 171.309 64.0 的 0
171.309 171.809 61.0 英 0
172.493 172.993 52.0 雄 0
172.993 173.243 54.0 忍 0
173.243 173.618 57.0 着 0
174.493 174.993 52.0 泪 0
174.993 175.243 61.0 忍 0
175.243 175.743 64.0 着 0
176.405 176.655 64.0 痛 0
176.655 176.905 64.0 只 0
177.155 177.655 66.0 为 0
177.655 177.905 64.0 心 0
178.155 178.405 64.0 中 0
178.405 178.905 64.0 不 0
178.905 179.155 61.0 变 0
179.155 179.405 61.0 的 0
179.405 179.905 59.0 梦 0
180.559 181.059 61.0 - 0
181.059 181.559 59.0 迎 0
181.559 182.059 61.0 着 0
182.559 182.809 61.0 风 0
182.809 183.309 64.0 向 0
183.309 183.809 64.0 前 0
184.428 184.678 61.0 冲 0
184.678 185.053 64.0 我 0
185.178 185.678 66.0 要 0
185.678 185.928 64.0 超 0
185.928 186.178 64.0 越 0
186.178 186.428 64.0 自 0
186.428 186.678 61.0 己 0
186.678 187.178 64.0 才 0
187.178 187.678 61.0 激 0
188.412 188.912 52.0 动 0
188.912 189.162 54.0 每 0
189.162 189.537 57.0 滴 0
190.412 190.912 52.0 泪 0
190.912 191.162 61.0 每 0
191.162 191.662 64.0 次 0
192.397 192.647 64.0 痛 0
192.647 192.897 64.0 终 0
193.147 193.647 66.0 会 0
193.647 193.897 64.0 化 0
194.147 194.397 59.0 成 0
194.397 194.647 59.0 最 0
194.647 194.897 57.0 美 0
194.897 195.147 54.0 的 0
195.147 196.147 57.0 彩 0
196.391 196.891 52.0 虹 0
196.891 197.141 54.0 每 0
197.141 197.516 57.0 滴 0
198.391 198.891 52.0 泪 0
198.891 199.141 61.0 每 0
199.141 199.641 64.0 次 0
200.439 200.689 64.0 痛 0
200.689 200.939 64.0 终 0
200.939 201.439 66.0 会 0
201.439 202.939 64.0 化 0
203.439 203.689 59.0 成 0
203.689 203.939 59.0 最 0
203.939 204.439 57.0 美 0
204.689 205.439 54.0 的 0
205.439 209.439 57.0 彩 0
