14.581 15.02 58.0 已 0
15.02 15.46 60.0 经 0
15.46 15.899 62.0 很 0
15.899 16.119 50.0 晚 0
16.119 16.791 53.0 了 1
17.771 17.997 53.0 要 0
17.997 18.43 58.0 起 0
18.43 18.863 60.0 身 0
18.863 19.295 62.0 回 0
19.295 19.512 63.0 去 0
19.512 20.172 62.0 了 1
21.101 21.323 55.0 阳 0
21.323 21.545 57.0 光 0
21.545 21.982 58.0 没 0
21.982 22.419 57.0 有 0
22.419 22.855 58.0 云 0
22.855 23.074 57.0 来 0
23.074 23.515 58.0 遮 1
23.758 24.203 57.0 黄 0
24.203 24.648 58.0 昏 0
24.648 25.093 60.0 也 0
25.093 25.972 62.0 会 0
25.972 26.411 60.0 催 0
26.411 26.631 57.0 促 0
26.631 27.302 58.0 的 1
28.475 28.7 53.0 是 0
28.7 29.14 55.0 的 0
29.14 29.359 63.0 没 0
29.359 30.018 63.0 错 1
30.242 30.462 63.0 一 0
30.462 30.901 62.0 切 0
30.901 31.34 63.0 都 0
31.34 32.219 65.0 会 0
32.219 33.537 62.0 过 0
33.537 33.976 60.0 去 0
33.976 34.837 58.0 的 1
35.504 35.719 53.0 就 0
35.719 36.176 55.0 算 0
36.176 36.405 63.0 你 0
36.405 37.091 63.0 说 0
37.32 37.549 63.0 有 0
37.549 38.404 62.0 点 0
38.404 38.832 58.0 舍 0
38.832 39.26 60.0 不 0
39.26 39.704 60.0 - 0
39.704 41.484 60.0 得 1
42.781 43.22 58.0 已 0
43.22 43.66 60.0 经 0
43.66 44.099 62.0 走 0
44.099 44.319 50.0 远 0
44.319 44.975 53.0 了 1
45.984 46.202 53.0 该 0
46.202 46.639 58.0 转 0
46.639 47.076 60.0 身 0
47.076 47.513 62.0 离 0
47.513 47.731 63.0 开 0
47.731 48.397 62.0 了 1
49.449 49.673 55.0 感 0
49.673 49.896 57.0 情 0
49.896 50.335 58.0 不 0
50.335 50.775 57.0 穿 0
50.775 51.214 58.0 人 0
51.214 51.434 57.0 字 0
51.434 51.873 58.0 拖 1
51.899 52.338 57.0 脚 0
52.338 52.777 58.0 步 0
52.777 53.217 60.0 才 0
53.217 54.095 62.0 会 0
54.095 54.535 60.0 轻 0
54.535 54.754 57.0 盈 0
54.754 55.423 58.0 呢 1
56.725 56.949 53.0 是 0
56.949 57.397 55.0 的 0
57.397 57.62 63.0 没 0
57.62 58.291 63.0 错 1
58.373 58.597 63.0 没 0
58.597 59.032 62.0 有 0
59.032 59.468 60.0 谁 0
59.468 59.904 58.0 离 0
59.904 60.339 60.0 开 0
60.339 61.242 62.0 谁 0
61.242 61.467 62.0 不 0
61.467 61.919 67.0 能 0
61.919 62.144 65.0 - 0
62.144 63.437 65.0 活 1
63.847 64.286 63.0 权 0
64.286 64.725 62.0 当 0
64.725 65.165 60.0 路 0
65.165 65.827 58.0 过 1
66.622 67.068 55.0 什 0
67.068 67.291 58.0 么 0
67.291 67.515 58.0 话 0
67.515 67.953 58.0 都 0
67.953 68.391 60.0 别 0
68.391 70.142 58.0 说 1
74.42 74.871 70.0 天 0
74.871 75.322 69.0 空 0
75.322 75.773 67.0 留 0
75.773 75.998 69.0 不 0
75.998 76.659 70.0 住 0
76.659 77.095 69.0 一 0
77.095 77.531 67.0 片 0
77.967 78.411 69.0 云 0
78.411 78.633 65.0 - 0
78.633 80.622 65.0 朵 1
81.486 81.919 67.0 雨 0
81.919 82.352 65.0 下 0
82.352 82.785 63.0 成 0
82.785 83.217 67.0 泽 0
83.217 83.663 65.0 也 0
83.663 84.109 63.0 汇 0
84.109 84.332 63.0 不 0
84.332 84.778 65.0 成 0
84.778 85.221 62.0 - 0
85.221 87.666 62.0 河 1
88.617 89.047 70.0 你 0
89.047 89.477 69.0 我 0
89.477 89.906 67.0 舍 0
89.906 90.121 69.0 不 0
90.121 90.791 70.0 得 0
90.791 91.246 69.0 那 0
91.246 91.701 65.0 首 0
92.156 93.045 62.0 老 0
93.045 93.489 65.0 情 0
93.489 93.933 67.0 - 0
93.933 95.258 67.0 歌 1
95.802 96.221 62.0 听 0
96.221 96.64 60.0 它 0
96.64 97.059 58.0 的 0
97.059 97.478 60.0 人 0
97.478 97.927 62.0 是 0
97.927 98.376 60.0 否 0
98.376 98.825 58.0 怀 0
98.825 99.274 67.0 念 0
99.274 99.714 65.0 - 0
99.714 101.932 65.0 过 1
102.736 103.173 70.0 幸 0
103.173 103.61 69.0 福 0
103.61 104.048 67.0 是 0
104.048 104.266 69.0 过 0
104.266 104.93 70.0 去 0
104.93 105.597 69.0 的 0
106.042 106.264 62.0 或 0
106.264 107.121 62.0 未 0
107.121 107.55 67.0 来 0
107.55 107.979 65.0 - 0
107.979 109.315 65.0 的 1
109.787 110.233 67.0 最 0
110.233 110.678 65.0 爱 0
110.678 111.123 63.0 是 0
111.123 111.569 67.0 曾 0
111.569 112.008 65.0 经 0
112.008 112.887 63.0 的 0
113.106 113.325 62.0 或 0
113.326 113.985 62.0 以 0
113.985 114.425 65.0 后 0
114.425 114.644 62.0 - 0
114.644 116.408 62.0 的 1
116.924 117.363 70.0 回 0
117.363 117.803 69.0 忆 0
117.803 118.242 67.0 是 0
118.242 118.462 69.0 拥 0
118.462 119.145 70.0 有 0
119.145 119.841 72.0 的 0
120.305 120.537 65.0 或 0
120.537 121.211 65.0 消 0
121.435 122.109 62.0 散 0
122.333 122.969 67.0 的 1
123.904 124.343 62.0 永 0
124.343 124.782 60.0 远 0
124.782 125.222 58.0 是 0
125.222 125.661 65.0 存 0
125.661 126.315 62.0 在 0
126.315 127.404 60.0 的 0
128.748 129.196 53.0 或 0
129.196 129.625 65.0 未 0
129.625 130.909 67.0 知 0
130.909 134.0 58.0 的 1
