16.693 16.949 48.0 我 0
16.949 17.205 50.0 化 0
17.205 17.741 52.0 尘 0
17.741 18.277 52.0 埃 0
18.813 19.348 48.0 飞 0
19.348 19.884 50.0 扬 1
20.947 21.215 47.0 追 0
21.215 21.483 48.0 寻 0
21.483 22.019 50.0 赤 0
22.019 22.555 50.0 裸 0
23.09 23.626 47.0 逆 0
23.626 24.697 48.0 翔 1
25.238 25.506 45.0 奔 0
25.506 25.774 47.0 去 0
25.774 26.31 48.0 七 0
26.31 26.845 48.0 月 0
27.381 27.649 45.0 刑 0
27.649 27.917 43.0 - 0
27.917 28.452 48.0 场 1
29.388 29.656 48.0 时 0
29.656 29.924 45.0 间 0
29.924 30.191 45.0 灼 0
30.191 30.727 47.0 - 0
30.727 31.263 47.0 烧 0
31.531 31.799 43.0 滚 0
31.799 32.334 43.0 烫 1
33.696 33.963 48.0 回 0
33.963 34.231 50.0 忆 0
34.231 35.035 52.0 撕 0
35.035 35.838 52.0 碎 0
35.838 36.24 48.0 臆 0
36.24 37.446 50.0 想 1
37.95 38.218 47.0 路 0
38.218 38.486 48.0 上 0
38.486 39.29 50.0 行 0
39.29 39.557 50.0 走 0
40.093 40.629 47.0 匆 0
40.629 41.7 48.0 忙 1
42.307 42.575 45.0 难 0
42.575 42.843 47.0 能 0
42.843 43.111 47.0 可 0
43.111 43.646 48.0 - 0
43.646 44.182 48.0 贵 0
44.45 44.986 47.0 世 0
44.986 45.521 48.0 上 1
46.616 46.884 47.0 散 0
46.884 47.151 48.0 播 0
47.151 47.419 48.0 留 0
47.419 47.955 50.0 - 0
47.955 48.491 50.0 香 0
48.759 49.294 47.0 磁 0
49.294 50.366 48.0 场 1
52.943 53.211 60.0 我 0
53.211 53.479 62.0 欲 0
53.479 53.881 67.0 乘 0
53.881 54.015 67.0 风 0
54.015 54.283 62.0 破 0
54.283 54.55 62.0 浪 0
54.55 54.818 64.0 - 1
55.059 55.327 62.0 踏 0
55.327 55.595 60.0 遍 0
55.595 55.863 62.0 黄 0
55.863 56.131 64.0 沙 0
56.131 56.398 57.0 - 0
56.398 56.666 57.0 海 0
56.666 57.202 60.0 洋 1
57.298 57.566 57.0 与 0
57.566 57.834 55.0 其 0
57.834 58.169 60.0 误 0
58.169 58.637 60.0 会 0
58.637 58.905 62.0 一 0
58.905 59.441 60.0 场 1
59.54 59.808 57.0 也 0
59.808 60.076 60.0 要 0
60.076 60.477 62.0 不 0
60.477 60.879 60.0 负 0
60.879 61.147 60.0 勇 0
61.147 61.415 62.0 往 1
61.542 61.81 60.0 我 0
61.81 62.077 62.0 愿 0
62.077 62.479 67.0 你 0
62.479 62.881 67.0 是 0
62.881 63.149 62.0 个 0
63.149 63.417 64.0 谎 1
63.698 63.965 62.0 从 0
63.965 64.233 60.0 未 0
64.233 64.501 62.0 出 0
64.501 64.769 64.0 现 0
64.769 65.037 57.0 - 0
65.037 65.305 57.0 南 0
65.305 65.84 60.0 墙 1
65.949 66.217 57.0 笑 0
66.217 66.485 55.0 是 0
66.485 66.82 60.0 神 0
66.82 67.021 60.0 的 0
67.021 67.289 57.0 伪 0
67.289 67.557 57.0 装 0
67.557 68.092 60.0 - 1
68.099 68.367 60.0 笑 0
68.367 68.635 62.0 是 0
68.635 69.037 65.0 强 0
69.037 69.439 64.0 忍 0
69.439 69.706 60.0 的 0
69.706 69.974 62.0 伤 1
70.236 70.504 60.0 就 0
70.504 70.772 62.0 让 0
70.772 71.174 67.0 我 0
71.174 71.575 67.0 走 0
71.575 71.843 62.0 向 0
71.843 72.111 64.0 你 1
72.366 72.634 62.0 走 0
72.634 72.902 60.0 向 0
72.902 73.17 62.0 你 0
73.17 73.437 57.0 - 0
73.437 73.705 57.0 的 0
73.973 74.509 60.0 床 1
74.518 74.786 57.0 就 0
74.786 75.054 55.0 让 0
75.054 75.388 60.0 我 0
75.388 75.857 57.0 看 0
75.857 76.125 57.0 见 0
76.125 76.661 60.0 你 1
76.682 76.95 62.0 看 0
76.95 77.217 60.0 见 0
77.217 77.753 65.0 你 0
77.753 78.289 60.0 的 0
78.289 78.557 62.0 伤 1
78.636 78.903 60.0 我 0
78.903 79.171 62.0 想 0
79.171 79.439 67.0 你 0
79.439 79.707 67.0 就 0
79.707 79.975 62.0 - 0
79.975 80.243 62.0 站 0
80.243 80.511 64.0 在 1
80.781 81.049 62.0 站 0
81.049 81.317 60.0 在 0
81.317 81.585 62.0 大 0
81.585 82.054 64.0 漠 0
82.121 82.389 57.0 边 0
82.389 82.924 60.0 疆 1
83.091 83.359 57.0 我 0
83.359 83.627 55.0 想 0
83.627 83.962 60.0 你 0
83.962 84.431 57.0 就 0
84.431 84.698 57.0 站 0
84.698 85.234 60.0 在 1
85.246 85.514 62.0 站 0
85.514 85.782 60.0 在 0
85.782 86.853 65.0 七 0
87.121 87.925 59.0 月 0
87.925 88.996 60.0 上 1
104.506 104.774 60.0 我 0
104.774 105.042 62.0 化 0
105.042 105.577 64.0 尘 0
105.577 106.113 64.0 埃 0
106.649 106.917 60.0 飞 0
106.917 107.72 62.0 扬 1
108.669 108.936 59.0 追 0
108.936 109.204 60.0 寻 0
109.204 110.008 62.0 赤 0
110.008 110.276 62.0 裸 0
110.811 111.079 59.0 逆 0
111.079 112.419 60.0 翔 1
113.106 113.374 57.0 奔 0
113.374 113.642 59.0 去 0
113.642 114.446 60.0 七 0
114.446 114.713 60.0 月 0
115.249 115.517 57.0 刑 0
115.517 115.785 55.0 - 0
115.785 116.321 60.0 场 1
117.224 117.492 60.0 时 0
117.492 117.76 57.0 间 0
117.76 118.028 57.0 灼 0
118.028 118.563 59.0 - 0
118.563 119.099 59.0 烧 0
119.635 119.903 55.0 滚 0
119.903 120.438 55.0 烫 1
121.536 121.804 60.0 回 0
121.804 122.071 62.0 忆 0
122.071 122.875 64.0 撕 0
122.875 123.679 64.0 碎 0
123.679 124.08 60.0 臆 0
124.08 125.286 62.0 想 1
125.905 126.173 59.0 路 0
126.173 126.441 60.0 上 0
126.441 127.245 62.0 行 0
127.245 127.513 62.0 走 0
128.048 128.316 59.0 匆 0
128.316 129.655 60.0 忙 1
130.217 130.485 57.0 难 0
130.485 130.753 59.0 能 0
130.753 131.021 59.0 可 0
131.021 131.556 60.0 - 0
131.556 132.092 60.0 贵 0
132.36 132.762 59.0 世 0
132.762 133.431 60.0 上 1
134.379 134.647 59.0 散 0
134.647 134.915 60.0 播 0
134.915 135.718 62.0 留 0
135.718 136.254 62.0 香 0
136.522 136.79 59.0 磁 0
136.79 138.129 60.0 场 1
140.883 141.151 60.0 我 0
141.151 141.419 62.0 欲 0
141.419 141.821 67.0 乘 0
141.821 141.955 67.0 风 0
141.955 142.223 62.0 破 0
142.223 142.491 62.0 浪 0
142.491 142.758 64.0 - 1
143.057 143.325 62.0 踏 0
143.325 143.593 60.0 遍 0
143.593 143.995 62.0 黄 0
143.995 144.263 64.0 沙 0
144.397 144.664 57.0 海 0
144.664 145.2 60.0 洋 1
145.232 145.5 57.0 与 0
145.5 145.768 55.0 其 0
145.768 146.103 60.0 误 0
146.103 146.571 60.0 会 0
146.571 146.839 62.0 一 0
146.839 147.375 60.0 场 1
147.384 147.652 57.0 也 0
147.652 147.92 60.0 要 0
147.92 148.321 62.0 不 0
148.321 148.723 60.0 负 0
148.723 148.991 60.0 勇 0
148.991 149.259 62.0 往 1
149.525 149.793 60.0 我 0
149.793 150.061 62.0 愿 0
150.061 150.462 67.0 你 0
150.462 150.864 67.0 是 0
150.864 151.132 62.0 个 0
151.132 151.4 64.0 谎 1
151.631 151.899 62.0 从 0
151.899 152.166 60.0 未 0
152.166 152.434 62.0 出 0
152.434 152.903 64.0 现 0
152.97 153.238 57.0 南 0
153.238 153.774 60.0 墙 1
153.809 154.076 57.0 笑 0
154.076 154.344 55.0 是 0
154.344 154.679 60.0 神 0
154.679 154.88 60.0 的 0
154.88 155.148 57.0 伪 0
155.148 155.416 57.0 装 0
155.416 155.951 60.0 - 1
155.968 156.236 60.0 笑 0
156.236 156.504 62.0 是 0
156.504 156.906 65.0 强 0
156.906 157.308 64.0 忍 0
157.308 157.576 60.0 的 0
157.576 157.843 62.0 伤 1
158.014 158.282 60.0 就 0
158.282 158.55 62.0 让 0
158.55 158.952 67.0 我 0
158.952 159.354 67.0 走 0
159.354 159.621 62.0 向 0
159.621 159.889 64.0 你 1
160.225 160.493 62.0 走 0
160.493 160.761 60.0 向 0
160.761 161.23 62.0 你 0
161.297 161.564 57.0 的 0
161.832 162.368 60.0 床 1
162.376 162.644 57.0 就 0
162.644 162.912 55.0 让 0
162.912 163.246 60.0 我 0
163.246 163.715 57.0 看 0
163.715 163.983 57.0 见 0
163.983 164.519 60.0 你 1
164.527 164.795 62.0 看 0
164.795 165.062 60.0 见 0
165.062 165.598 65.0 你 0
165.598 166.134 60.0 的 0
166.134 166.402 62.0 伤 1
166.525 166.792 60.0 我 0
166.792 167.06 62.0 想 0
167.06 167.328 67.0 你 0
167.328 167.596 67.0 就 0
167.596 167.864 62.0 - 0
167.864 168.132 62.0 站 0
168.132 168.4 64.0 在 1
168.794 169.062 62.0 站 0
169.062 169.33 60.0 在 0
169.33 169.598 62.0 大 0
169.598 169.866 64.0 漠 0
169.866 170.134 57.0 - 0
170.134 170.402 57.0 边 0
170.402 170.937 60.0 疆 1
170.95 171.218 57.0 我 0
171.218 171.486 55.0 想 0
171.486 171.821 60.0 你 0
171.821 172.223 60.0 就 0
172.29 172.557 57.0 站 0
172.557 173.093 60.0 在 1
173.103 173.371 62.0 站 0
173.371 173.639 60.0 在 0
173.639 174.71 65.0 七 0
174.978 175.782 59.0 月 0
175.782 176.853 60.0 上 1
