21.978 23.053 52.0 长 0
23.053 23.758 52.0 夜 0
23.758 24.11 50.0 - 0
24.11 24.816 47.0 漫 0
24.816 25.169 50.0 - 0
25.169 25.875 52.0 漫 0
26.228 26.934 50.0 声 0
26.934 27.641 50.0 声 0
27.641 27.994 45.0 楚 0
27.994 28.348 50.0 歌 0
28.348 29.407 47.0 残 1
30.487 31.901 45.0 草 0
31.901 32.254 43.0 长 0
32.254 32.607 45.0 处 0
32.607 33.314 50.0 月 0
33.314 33.667 52.0 碎 0
34.374 34.727 45.0 大 0
34.727 35.041 47.0 河 0
35.041 35.434 50.0 - 0
35.434 36.14 47.0 蓝 1
38.855 39.912 52.0 依 0
39.912 40.617 52.0 稀 0
40.617 40.969 50.0 - 0
40.969 41.673 47.0 旧 0
41.673 42.026 50.0 - 0
42.026 42.73 52.0 梦 0
43.083 43.787 55.0 幕 0
43.787 44.492 52.0 幕 0
44.492 44.844 55.0 总 0
44.844 45.196 57.0 纠 0
45.196 45.588 55.0 缠 0
45.588 46.26 57.0 - 1
47.351 48.414 52.0 不 0
48.414 49.123 57.0 忍 0
49.123 49.477 59.0 看 0
49.477 50.535 52.0 不 0
50.535 51.239 50.0 忍 0
51.239 51.943 52.0 - 0
51.943 53.343 52.0 看 1
55.059 55.413 55.0 挥 0
55.413 55.767 54.0 刀 0
55.767 56.472 52.0 斩 0
56.472 57.177 52.0 尽 0
57.177 57.529 50.0 万 0
57.529 57.882 52.0 古 0
57.882 58.938 47.0 愁 1
59.267 59.619 45.0 奈 0
59.619 59.971 43.0 何 0
59.971 60.679 45.0 断 0
60.679 61.033 43.0 水 0
61.033 61.387 43.0 水 0
61.387 61.742 50.0 更 0
61.742 62.096 52.0 - 0
62.096 63.156 47.0 流 1
63.542 63.895 55.0 宿 0
63.895 64.248 54.0 命 0
64.248 64.953 52.0 欲 0
64.953 65.658 52.0 催 0
65.658 66.01 50.0 英 0
66.01 66.362 52.0 雄 0
66.362 67.424 47.0 瘦 1
67.92 68.273 55.0 不 0
68.273 68.627 54.0 改 0
68.627 69.333 52.0 天 0
69.333 70.037 52.0 命 0
70.037 70.39 55.0 誓 0
70.39 70.742 52.0 不 0
70.742 74.265 59.0 休 1
74.93 75.282 52.0 再 0
75.282 75.987 59.0 歌 0
75.987 76.692 59.0 一 0
76.692 77.044 52.0 曲 0
77.044 77.398 52.0 哪 0
77.398 78.111 59.0 怕 0
78.111 78.824 59.0 风 0
78.824 79.181 52.0 急 0
79.181 79.534 50.0 雨 0
79.534 80.931 47.0 骤 0
80.931 82.699 52.0 - 1
83.329 83.683 52.0 角 0
83.683 84.387 59.0 声 0
84.387 85.092 59.0 阵 0
85.092 85.444 52.0 阵 0
85.444 85.798 52.0 相 0
85.798 86.509 57.0 思 0
86.509 86.864 57.0 写 0
86.864 87.575 62.0 满 0
87.575 91.089 59.0 袖 1
91.889 92.244 52.0 金 0
92.244 92.962 59.0 戈 0
92.962 93.679 59.0 铁 0
93.679 94.038 62.0 马 0
94.04 95.8 57.0 旧 0
96.152 96.855 50.0 烈 0
96.855 97.557 52.0 酒 0
97.557 97.908 47.0 喝 0
97.908 98.259 50.0 不 0
98.259 99.666 52.0 够 1
100.337 101.399 52.0 梦 0
101.399 102.108 57.0 里 0
102.108 102.463 59.0 - 0
102.463 103.172 52.0 见 0
103.172 103.526 52.0 你 0
103.526 104.235 50.0 在 0
104.235 104.589 52.0 桥 0
104.589 108.108 52.0 头 1
142.661 143.714 52.0 情 0
143.714 144.416 52.0 生 0
144.416 144.767 50.0 - 0
144.767 145.479 47.0 两 0
145.479 145.836 50.0 - 0
145.836 146.55 52.0 端 0
146.907 147.615 50.0 绿 0
147.615 148.32 50.0 野 0
148.32 148.673 45.0 水 0
148.673 149.026 50.0 向 0
149.026 150.084 47.0 南 1
151.15 152.56 45.0 林 0
152.56 152.912 43.0 深 0
152.912 153.265 45.0 处 0
153.265 153.97 50.0 岁 0
153.97 154.322 52.0 月 0
155.027 155.379 45.0 不 0
155.379 156.084 50.0 流 0
156.084 157.142 47.0 转 1
159.565 160.611 52.0 倩 0
160.611 161.305 52.0 影 0
161.305 161.652 50.0 - 0
161.652 162.355 47.0 青 0
162.355 162.708 50.0 - 0
162.708 163.413 52.0 衫 0
163.766 164.473 55.0 弦 0
164.473 165.18 52.0 上 0
165.18 165.534 55.0 月 0
165.534 165.887 57.0 已 0
165.887 167.302 57.0 满 1
168.143 169.201 52.0 风 0
169.201 169.906 57.0 也 0
169.906 170.258 59.0 轻 0
170.258 171.316 52.0 云 0
171.316 172.021 47.0 也 0
172.021 172.725 50.0 - 0
172.725 174.131 52.0 淡 1
175.85 176.204 55.0 藤 0
176.204 176.558 54.0 上 0
176.558 177.267 52.0 飞 0
177.267 177.977 52.0 鸟 0
177.977 178.331 50.0 来 0
178.331 178.686 52.0 又 0
178.686 179.745 47.0 走 1
180.143 180.496 45.0 晚 0
180.496 180.849 43.0 钟 0
180.849 181.549 45.0 催 0
181.549 181.899 43.0 红 0
181.899 182.598 50.0 相 0
182.598 182.947 50.0 思 0
182.947 183.301 50.0 豆 0
183.301 184.015 47.0 - 1
184.234 184.591 55.0 英 0
184.591 184.948 54.0 雄 0
184.948 185.654 52.0 做 0
185.654 186.357 52.0 刀 0
186.357 186.709 50.0 妾 0
186.709 187.061 52.0 作 0
187.061 188.112 47.0 酒 1
188.536 188.886 55.0 荡 0
188.886 189.236 54.0 尽 0
189.236 189.945 52.0 世 0
189.945 190.656 52.0 间 0
190.656 191.011 55.0 恶 0
191.011 191.367 52.0 与 0
191.367 195.258 59.0 丑 1
195.571 195.923 52.0 涤 0
195.923 196.623 59.0 净 0
196.623 197.323 59.0 苍 0
197.323 197.673 52.0 生 0
197.673 198.024 52.0 直 0
198.024 198.727 59.0 至 0
198.727 199.43 59.0 山 0
199.43 199.782 52.0 明 0
199.782 200.136 50.0 水 0
200.136 201.561 47.0 秀 0
201.561 203.324 52.0 - 1
204.089 204.442 52.0 情 0
204.442 205.152 59.0 深 0
205.152 205.861 59.0 意 0
205.861 206.216 52.0 重 0
206.216 206.568 52.0 丝 0
206.568 207.27 57.0 丝 0
207.27 207.62 57.0 不 0
207.62 208.097 62.0 能 0
208.097 208.307 59.0 - 0
208.322 211.848 59.0 露 1
212.475 212.828 52.0 金 0
212.828 213.543 59.0 戈 0
213.543 214.257 59.0 铁 0
214.257 214.614 62.0 马 0
214.629 216.38 57.0 旧 0
216.733 217.435 50.0 烈 0
217.435 218.137 52.0 酒 0
218.137 218.487 47.0 喝 0
218.487 218.838 50.0 不 0
218.838 220.248 52.0 够 1
221.003 222.066 52.0 梦 0
222.066 222.775 57.0 里 0
222.775 223.129 59.0 - 0
223.129 223.836 52.0 见 0
223.836 224.188 52.0 你 0
224.188 224.894 50.0 在 0
224.894 225.247 52.0 桥 0
225.247 228.765 52.0 头 1
229.522 229.876 52.0 深 0
229.876 230.581 59.0 情 0
230.581 231.287 59.0 不 0
231.287 231.64 52.0 死 0
231.64 231.992 52.0 终 0
231.992 232.697 59.0 有 0
232.697 233.402 59.0 重 0
233.402 233.755 52.0 逢 0
233.755 234.106 50.0 时 0
234.106 235.508 47.0 候 0
235.508 237.281 52.0 - 1
238.018 238.373 52.0 湮 0
238.373 239.083 59.0 灭 0
239.083 239.793 59.0 千 0
239.793 240.148 52.0 年 0
240.148 240.501 52.0 不 0
240.501 241.206 57.0 曾 0
241.206 241.558 57.0 放 0
241.558 241.911 62.0 开 0
241.911 242.263 59.0 - 0
242.263 246.146 59.0 手 1
246.464 246.817 52.0 再 0
246.817 247.525 59.0 看 0
247.525 248.233 59.0 你 0
248.233 248.587 62.0 眼 0
248.587 250.711 57.0 眸 0
251.401 251.744 52.0 光 0
251.744 252.429 47.0 彩 0
252.429 252.772 50.0 依 0
252.772 254.196 52.0 旧 1
254.933 255.994 52.0 续 0
255.994 256.7 57.0 写 0
256.7 257.052 59.0 那 0
257.052 258.131 52.0 万 0
258.131 258.852 50.0 世 0
258.852 259.212 52.0 千 0
259.212 263.418 52.0 秋 1
