25.294 25.59 59.0 除 0
25.592 25.888 60.0 非 0
25.89 26.186 59.0 是 0
26.188 26.782 60.0 你 0
27.082 27.377 59.0 的 0
27.38 27.675 57.0 - 0
27.678 27.973 57.0 温 0
27.976 28.569 55.0 柔 1
28.778 28.925 55.0 不 0
29.076 29.372 55.0 做 0
29.374 29.67 57.0 - 0
29.672 29.968 64.0 别 0
29.97 30.266 64.0 的 0
30.268 31.904 64.0 追 1
34.841 35.136 59.0 除 0
35.139 35.434 60.0 非 0
35.437 35.732 60.0 是 0
35.734 36.328 60.0 你 0
36.628 36.924 59.0 跟 0
36.926 37.222 57.0 - 0
37.224 37.519 57.0 我 0
37.522 38.115 55.0 走 1
38.4 38.546 55.0 没 0
38.698 38.993 55.0 有 0
38.996 39.291 57.0 - 0
39.293 39.589 64.0 别 0
39.591 39.887 64.0 的 0
39.889 41.525 64.0 等 1
43.1 43.396 60.0 我 0
43.398 43.694 62.0 的 0
43.696 43.992 64.0 黑 0
43.994 44.289 62.0 夜 0
44.292 44.587 60.0 比 0
44.59 45.481 62.0 白 0
45.484 45.779 64.0 天 0
45.93 47.418 55.0 多 1
47.987 48.282 55.0 不 0
48.285 48.58 55.0 要 0
48.583 48.878 57.0 太 0
48.881 49.474 60.0 早 0
49.477 50.219 57.0 离 0
50.37 50.666 62.0 开 0
50.668 51.262 62.0 我 0
51.264 52.155 64.0 - 1
52.606 52.901 60.0 世 0
52.903 53.199 62.0 - 0
53.201 53.497 64.0 界 0
53.499 53.795 62.0 已 0
53.797 54.093 60.0 经 0
54.095 54.986 62.0 - 0
54.989 55.284 64.0 太 0
55.287 55.88 57.0 寂 0
55.883 56.923 55.0 寞 1
57.68 57.976 64.0 我 0
57.978 58.571 67.0 - 0
58.574 58.869 65.0 不 0
58.872 59.763 64.0 要 0
59.766 60.061 65.0 这 0
60.063 60.508 64.0 样 0
60.51 61.178 62.0 过 1
61.695 61.99 69.0 让 0
61.993 62.288 64.0 我 0
62.291 62.586 69.0 一 0
62.589 63.554 69.0 次 0
64.078 64.672 67.0 爱 0
64.674 64.97 69.0 个 0
64.972 65.267 64.0 够 0
65.27 65.938 62.0 - 1
66.4 66.695 64.0 给 0
66.698 66.993 62.0 - 0
66.995 67.291 60.0 你 0
67.293 67.887 59.0 我 0
67.889 68.185 60.0 所 0
68.187 69.6 60.0 - 1
71.241 71.537 69.0 让 0
71.539 71.835 64.0 - 0
71.837 72.133 69.0 我 0
72.135 73.25 69.0 一 0
73.625 74.218 67.0 爱 0
74.22 74.516 69.0 - 0
74.518 75.559 62.0 个 1
75.858 76.153 64.0 现 0
76.156 76.451 62.0 - 0
76.454 76.749 60.0 在 0
76.752 77.345 59.0 和 0
77.347 77.643 60.0 以 0
77.645 79.058 60.0 - 1
111.093 111.388 59.0 我 0
111.391 111.686 60.0 的 0
111.689 112.282 60.0 爱 0
112.284 112.58 60.0 不 0
112.582 112.878 57.0 再 0
112.88 113.474 57.0 - 0
113.476 113.772 57.0 沉 0
113.774 114.367 55.0 默 1
114.611 114.757 55.0 听 0
114.909 115.204 55.0 见 0
115.207 115.502 57.0 你 0
115.505 115.8 64.0 呼 0
115.802 116.098 64.0 唤 0
116.1 117.736 64.0 我 1
120.682 120.978 59.0 我 0
120.98 121.275 60.0 - 0
121.278 121.871 60.0 的 0
121.874 122.169 60.0 心 0
122.172 122.467 60.0 起 0
122.47 122.765 62.0 起 0
122.767 123.063 57.0 - 0
123.065 123.361 59.0 落 0
123.363 123.659 57.0 - 0
123.661 123.957 55.0 落 1
124.242 124.389 55.0 像 0
124.54 124.835 55.0 在 0
124.838 125.133 57.0 跳 0
125.136 125.431 64.0 动 0
125.434 125.729 64.0 的 0
125.732 126.921 64.0 火 0
126.923 127.815 62.0 - 1
128.991 129.286 60.0 我 0
129.289 129.584 62.0 的 0
129.587 129.882 64.0 黑 0
129.884 130.18 62.0 夜 0
130.182 130.478 60.0 比 0
130.48 131.372 62.0 白 0
131.374 131.669 64.0 天 0
131.672 132.265 57.0 多 0
132.268 133.308 55.0 - 1
133.706 134.002 55.0 不 0
134.004 134.3 55.0 要 0
134.302 134.598 57.0 太 0
134.6 135.193 60.0 早 0
135.196 135.938 57.0 离 0
136.09 136.385 62.0 开 0
136.388 136.981 62.0 我 0
136.983 137.875 64.0 - 1
138.46 138.755 60.0 世 0
138.758 139.053 62.0 界 0
139.056 139.351 64.0 已 0
139.354 139.649 62.0 经 0
139.652 139.947 60.0 - 0
139.95 140.841 62.0 太 0
140.843 141.139 64.0 寂 0
141.141 141.735 57.0 寞 0
141.737 142.777 55.0 - 1
143.602 143.898 64.0 我 0
143.9 144.494 67.0 不 0
144.496 144.792 65.0 要 0
144.794 145.685 64.0 这 0
145.688 145.983 65.0 样 0
145.986 146.43 64.0 过 0
146.433 147.101 62.0 - 1
147.512 147.808 69.0 让 0
147.81 148.106 64.0 我 0
148.108 148.404 69.0 一 0
148.406 149.372 69.0 次 0
149.896 150.489 67.0 爱 0
150.492 150.787 69.0 个 0
150.789 151.085 64.0 够 0
151.087 151.755 62.0 - 1
152.268 152.563 64.0 给 0
152.566 152.861 62.0 你 0
152.864 153.159 60.0 我 0
153.162 153.755 59.0 所 0
153.758 154.053 60.0 - 0
154.055 155.468 60.0 有 1
156.958 157.253 69.0 让 0
157.256 157.551 64.0 - 0
157.553 157.849 69.0 我 0
157.851 158.966 69.0 一 0
159.341 159.934 67.0 爱 0
159.937 160.232 69.0 - 0
160.235 161.275 62.0 个 1
161.636 161.932 64.0 现 0
161.934 162.23 62.0 - 0
162.232 162.528 60.0 在 0
162.53 163.123 59.0 和 0
163.126 163.421 60.0 以 0
163.424 164.836 60.0 - 1
166.437 166.732 69.0 让 0
166.735 167.03 64.0 - 0
167.033 167.328 69.0 我 0
167.331 167.626 69.0 一 0
167.629 167.924 67.0 次 0
167.926 168.222 60.0 - 0
168.82 169.414 67.0 爱 0
169.416 169.711 69.0 - 0
169.714 170.009 64.0 个 0
170.012 170.68 62.0 够 1
171.22 171.515 64.0 给 0
171.517 171.813 62.0 - 0
171.815 172.111 60.0 你 0
172.113 172.707 59.0 我 0
172.709 173.005 60.0 所 0
173.007 174.42 60.0 - 1
176.082 176.378 67.0 让 0
176.38 176.676 64.0 我 0
176.678 176.973 69.0 一 0
176.976 178.091 69.0 次 0
178.465 179.059 67.0 爱 0
179.061 179.357 69.0 个 0
179.359 180.399 62.0 够 1
180.78 181.075 64.0 现 0
181.078 181.373 62.0 - 0
181.376 181.671 60.0 在 0
181.674 182.267 59.0 和 0
182.269 182.565 60.0 以 0
182.567 183.98 60.0 - 1
204.653 204.948 69.0 让 0
204.951 205.246 64.0 - 0
205.249 205.544 72.0 我 0
205.547 206.512 69.0 一 0
207.036 207.63 67.0 爱 0
207.632 207.928 69.0 - 0
207.93 208.225 64.0 个 0
208.228 208.896 62.0 够 1
209.345 209.64 64.0 给 0
209.643 209.938 62.0 - 0
209.94 210.236 60.0 你 0
210.238 210.832 59.0 我 0
210.834 211.13 60.0 所 0
211.132 212.545 60.0 - 1
214.11 214.406 69.0 让 0
214.408 214.704 64.0 - 0
214.706 215.001 69.0 我 0
215.004 216.119 69.0 一 0
216.494 217.087 67.0 爱 0
217.089 217.385 69.0 - 0
217.387 218.427 62.0 个 1
219.013 219.308 64.0 现 0
219.311 219.606 62.0 在 0
219.609 219.904 60.0 和 0
219.907 220.5 59.0 以 0
220.502 220.798 60.0 - 0
220.8 222.213 60.0 后 1
223.613 223.909 69.0 让 0
223.911 224.207 64.0 - 0
224.209 224.505 69.0 我 0
224.507 224.803 69.0 一 0
224.805 225.101 67.0 次 0
225.103 225.398 60.0 - 0
225.997 226.59 67.0 爱 0
226.593 226.888 69.0 - 0
226.891 227.186 64.0 个 0
227.188 227.856 62.0 够 1
228.483 228.779 64.0 给 0
228.781 229.076 62.0 - 0
229.079 229.374 60.0 你 0
229.377 229.97 59.0 我 0
229.973 230.268 60.0 所 0
230.271 231.683 60.0 - 1
233.22 233.515 69.0 让 0
233.518 233.813 64.0 - 0
233.816 234.111 69.0 我 0
234.113 234.558 67.0 一 0
234.56 235.228 69.0 次 0
235.603 236.196 67.0 爱 0
236.199 236.494 69.0 - 0
236.497 237.537 62.0 个 1
237.954 238.25 64.0 现 0
238.252 238.548 62.0 - 0
238.55 238.846 60.0 在 0
238.848 239.441 59.0 和 0
239.444 239.739 60.0 以 0
239.742 241.154 60.0 - 0
