22.315 22.503 57.0 人 0
22.569 22.757 57.0 生 0
22.823 23.075 57.0 本 0
23.077 23.266 59.0 来 0
23.332 23.52 61.0 就 0
23.586 23.774 61.0 是 0
23.84 23.965 59.0 一 0
24.094 24.537 59.0 出 0
24.603 25.109 57.0 戏 1
25.803 26.055 69.0 恩 0
26.057 26.309 66.0 恩 0
26.311 26.5 64.0 怨 0
26.566 27.072 64.0 怨 0
27.074 27.263 66.0 又 0
27.328 27.517 61.0 何 0
27.583 27.771 61.0 必 0
27.837 28.089 61.0 太 0
28.091 28.534 66.0 在 0
28.6 29.551 64.0 意 1
30.412 30.664 62.0 名 0
30.666 31.173 64.0 - 0
31.175 31.363 66.0 和 0
31.429 31.872 69.0 利 0
31.938 32.253 69.0 啊 0
32.446 32.571 59.0 什 0
32.7 32.889 54.0 么 0
32.955 33.397 57.0 东 0
33.463 33.906 59.0 西 1
34.452 34.609 59.0 生 0
34.706 34.895 59.0 不 0
34.96 35.213 59.0 带 0
35.215 35.34 61.0 来 0
35.469 35.594 61.0 死 0
35.723 35.912 64.0 不 0
35.977 36.484 54.0 带 0
36.486 38.073 61.0 去 1
38.542 38.73 57.0 世 0
38.796 38.985 57.0 事 0
39.05 39.302 57.0 难 0
39.305 39.493 59.0 料 0
39.559 39.747 61.0 人 0
39.813 40.002 61.0 间 0
40.067 40.256 59.0 的 0
40.321 40.764 59.0 悲 0
40.83 41.336 57.0 喜 1
42.084 42.336 69.0 今 0
42.338 42.59 66.0 生 0
42.593 42.781 64.0 无 0
42.847 43.29 64.0 缘 0
43.355 43.607 66.0 来 0
43.61 43.989 61.0 生 0
44.118 44.37 64.0 再 0
44.372 44.624 66.0 - 0
44.627 45.832 64.0 聚 1
46.707 46.96 62.0 爱 0
46.962 47.468 64.0 - 0
47.47 47.659 66.0 与 0
47.724 48.167 69.0 恨 0
48.233 48.549 69.0 哪 0
48.741 48.866 59.0 什 0
48.996 49.184 54.0 么 0
49.25 49.693 57.0 玩 0
49.758 50.201 59.0 意 1
50.722 50.879 59.0 船 0
50.976 51.165 59.0 到 0
51.231 51.483 59.0 桥 0
51.485 51.61 61.0 头 0
51.739 52.182 64.0 自 0
52.248 52.69 54.0 然 0
52.756 53.898 57.0 行 1
54.63 54.818 64.0 且 0
54.884 55.136 64.0 挥 0
55.138 55.581 66.0 - 0
55.647 55.835 64.0 挥 0
55.901 56.153 64.0 袖 0
56.155 56.471 66.0 - 0
56.918 57.424 61.0 莫 0
57.426 57.679 66.0 回 0
57.681 58.06 66.0 头 0
58.062 58.505 64.0 - 1
58.898 59.086 69.0 饮 0
59.152 59.341 69.0 酒 0
59.406 59.658 66.0 作 0
59.661 59.786 64.0 乐 0
59.915 60.358 61.0 是 0
60.423 60.866 59.0 时 0
60.932 62.01 61.0 候 1
62.617 62.869 59.0 那 0
62.872 63.124 61.0 千 0
63.126 63.378 59.0 金 0
63.38 63.632 61.0 虽 0
63.889 64.586 61.0 好 1
64.956 65.208 66.0 快 0
65.21 65.462 64.0 乐 0
65.464 65.716 66.0 难 0
65.718 65.907 64.0 找 0
65.972 66.479 64.0 我 0
66.735 67.051 64.0 潇 0
67.053 67.242 66.0 洒 0
67.244 67.369 69.0 走 0
67.498 67.941 69.0 过 0
68.006 68.195 69.0 条 0
68.261 68.449 69.0 条 0
68.515 68.831 66.0 大 0
69.023 70.038 64.0 道 1
70.728 70.98 66.0 我 0
70.982 71.234 69.0 得 0
71.236 71.489 61.0 - 0
71.491 71.743 61.0 意 0
71.745 71.997 66.0 的 0
71.999 72.251 64.0 笑 0
72.253 72.633 64.0 - 1
72.938 73.19 66.0 又 0
73.192 73.635 69.0 得 0
73.701 73.953 61.0 意 0
73.955 74.207 66.0 的 0
74.209 74.843 64.0 笑 1
75.086 75.275 69.0 笑 0
75.34 75.529 69.0 看 0
75.594 75.847 66.0 红 0
75.849 75.974 64.0 尘 0
76.103 76.355 61.0 人 0
76.357 76.609 59.0 - 0
76.611 76.864 59.0 不 0
77.12 78.325 61.0 老 1
78.977 79.229 59.0 我 0
79.231 79.483 61.0 得 0
79.485 79.737 54.0 - 0
79.739 79.991 54.0 意 0
79.994 80.246 61.0 的 0
80.248 80.818 59.0 笑 1
80.948 81.201 61.0 又 0
81.203 81.455 64.0 得 0
81.457 81.709 54.0 - 0
81.711 81.963 54.0 意 0
81.965 82.218 61.0 的 0
82.22 82.917 59.0 笑 1
83.286 83.474 59.0 求 0
83.54 83.665 59.0 得 0
83.794 84.046 59.0 一 0
84.048 84.237 61.0 生 0
84.303 84.809 64.0 乐 0
84.811 85.19 66.0 逍 0
85.32 86.97 64.0 遥 1
87.135 87.387 66.0 我 0
87.389 87.642 69.0 得 0
87.644 87.896 61.0 - 0
87.898 88.15 61.0 意 0
88.152 88.404 66.0 的 0
88.406 88.658 64.0 笑 0
88.661 89.04 64.0 - 1
89.187 89.439 66.0 又 0
89.441 89.884 69.0 得 0
89.95 90.202 61.0 意 0
90.204 90.456 66.0 的 0
90.458 91.092 64.0 笑 1
91.324 91.513 69.0 把 0
91.578 91.767 69.0 酒 0
91.833 92.085 66.0 当 0
92.087 92.212 64.0 个 0
92.341 92.593 61.0 纯 0
92.595 92.848 59.0 - 0
92.85 93.102 59.0 镜 0
93.358 94.564 61.0 照 1
95.227 95.479 59.0 我 0
95.481 95.733 61.0 得 0
95.735 95.987 54.0 - 0
95.989 96.242 54.0 意 0
96.244 96.496 61.0 的 0
96.498 97.068 59.0 笑 1
97.223 97.475 61.0 又 0
97.477 97.729 64.0 得 0
97.731 97.983 54.0 - 0
97.985 98.238 54.0 意 0
98.24 98.492 61.0 的 0
98.494 99.191 59.0 笑 1
99.475 99.663 59.0 求 0
99.729 99.854 59.0 得 0
99.983 100.235 59.0 一 0
100.238 100.426 61.0 生 0
100.492 100.998 64.0 乐 0
101.0 101.443 66.0 逍 0
101.509 102.905 69.0 遥 1
144.372 144.56 57.0 人 0
144.626 144.814 57.0 生 0
144.88 145.132 57.0 本 0
145.134 145.323 59.0 来 0
145.389 145.577 61.0 就 0
145.643 145.831 61.0 是 0
145.897 146.022 59.0 一 0
146.151 146.594 59.0 出 0
146.66 147.166 57.0 戏 1
147.874 148.126 69.0 恩 0
148.128 148.38 66.0 恩 0
148.382 148.571 64.0 怨 0
148.637 149.143 64.0 怨 0
149.145 149.334 66.0 又 0
149.399 149.588 61.0 何 0
149.654 149.842 61.0 必 0
149.908 150.16 61.0 太 0
150.162 150.605 66.0 在 0
150.671 151.622 64.0 意 1
152.45 152.702 62.0 名 0
152.704 153.211 64.0 - 0
153.213 153.401 66.0 和 0
153.467 153.846 69.0 利 0
153.976 154.291 69.0 啊 0
154.484 154.609 59.0 什 0
154.738 154.927 54.0 么 0
154.993 155.435 57.0 东 0
155.501 155.944 59.0 西 1
156.582 156.739 59.0 生 0
156.836 157.025 59.0 不 0
157.09 157.343 59.0 带 0
157.345 157.47 61.0 来 0
157.599 157.724 61.0 死 0
157.853 158.042 64.0 不 0
158.107 158.614 54.0 带 0
158.616 160.203 61.0 去 1
160.544 160.732 57.0 世 0
160.798 160.987 57.0 事 0
161.052 161.304 57.0 难 0
161.307 161.495 59.0 料 0
161.561 161.749 61.0 人 0
161.815 162.004 61.0 间 0
162.069 162.258 59.0 的 0
162.323 162.766 59.0 悲 0
162.832 163.338 57.0 喜 1
164.15 164.402 69.0 今 0
164.404 164.656 66.0 生 0
164.659 164.847 64.0 无 0
164.913 165.356 64.0 缘 0
165.421 165.673 66.0 来 0
165.676 166.055 61.0 生 0
166.184 166.436 64.0 再 0
166.438 166.69 66.0 - 0
166.693 167.898 64.0 聚 1
168.784 169.037 62.0 爱 0
169.039 169.545 64.0 - 0
169.547 169.736 66.0 与 0
169.801 170.244 69.0 恨 0
170.31 170.626 69.0 哪 0
170.818 170.943 59.0 什 0
171.073 171.261 54.0 么 0
171.327 171.77 57.0 玩 0
171.835 172.278 59.0 意 1
172.858 173.015 59.0 船 0
173.112 173.301 59.0 到 0
173.367 173.619 59.0 桥 0
173.621 173.746 61.0 头 0
173.875 174.318 64.0 自 0
174.384 174.826 54.0 然 0
174.892 176.034 57.0 行 1
176.497 176.685 64.0 且 0
176.751 177.003 64.0 挥 0
177.005 177.448 66.0 - 0
177.514 177.702 64.0 挥 0
177.768 178.02 64.0 袖 0
178.022 178.338 66.0 - 0
178.785 179.291 61.0 莫 0
179.293 179.546 66.0 回 0
179.548 179.927 66.0 头 0
179.929 180.372 64.0 - 1
180.911 181.099 69.0 饮 0
181.165 181.354 69.0 酒 0
181.419 181.671 66.0 作 0
181.674 181.799 64.0 乐 0
181.928 182.371 61.0 是 0
182.436 182.879 59.0 时 0
182.945 184.023 61.0 候 1
184.651 184.903 59.0 那 0
184.906 185.158 61.0 千 0
185.16 185.412 59.0 金 0
185.414 185.666 61.0 虽 0
185.923 186.62 61.0 好 1
186.988 187.24 66.0 快 0
187.242 187.494 64.0 乐 0
187.496 187.939 66.0 难 0
188.004 188.511 64.0 找 0
188.767 188.956 64.0 我 0
189.021 189.274 66.0 潇 0
189.276 189.401 69.0 洒 0
189.53 189.718 69.0 走 0
189.784 189.973 69.0 过 0
190.038 190.227 69.0 条 0
190.293 190.481 69.0 条 0
190.547 190.863 66.0 大 0
191.055 192.07 64.0 道 1
192.759 193.011 66.0 我 0
193.013 193.265 69.0 得 0
193.267 193.52 61.0 - 0
193.522 193.774 61.0 意 0
193.776 194.028 66.0 的 0
194.03 194.282 64.0 笑 0
194.284 194.664 64.0 - 1
194.968 195.22 66.0 又 0
195.222 195.665 69.0 得 0
195.731 195.983 61.0 意 0
195.985 196.237 66.0 的 0
196.239 196.873 64.0 笑 1
197.251 197.44 69.0 笑 0
197.505 197.694 69.0 看 0
197.759 198.012 66.0 红 0
198.014 198.139 64.0 尘 0
198.268 198.52 61.0 人 0
198.522 198.774 59.0 - 0
198.776 199.029 59.0 不 0
199.285 200.49 61.0 老 1
201.033 201.285 59.0 我 0
201.287 201.539 61.0 得 0
201.541 201.793 54.0 - 0
201.795 202.047 54.0 意 0
202.05 202.302 61.0 的 0
202.304 202.874 59.0 笑 1
202.987 203.24 61.0 又 0
203.242 203.494 64.0 得 0
203.496 203.748 54.0 - 0
203.75 204.002 54.0 意 0
204.004 204.257 61.0 的 0
204.259 204.956 59.0 笑 1
205.377 205.565 59.0 求 0
205.631 205.756 59.0 得 0
205.885 206.137 59.0 一 0
206.139 206.328 61.0 生 0
206.394 206.9 64.0 乐 0
206.902 207.281 66.0 逍 0
207.411 209.061 64.0 遥 1
209.15 209.402 66.0 我 0
209.404 209.657 69.0 得 0
209.659 209.911 61.0 - 0
209.913 210.165 61.0 意 0
210.167 210.419 66.0 的 0
210.421 210.673 64.0 笑 0
210.676 211.055 64.0 - 1
211.102 211.354 66.0 又 0
211.356 211.799 69.0 得 0
211.865 212.117 61.0 意 0
212.119 212.371 66.0 的 0
212.373 213.007 64.0 笑 1
213.503 213.692 69.0 把 0
213.757 213.946 69.0 酒 0
214.012 214.264 66.0 当 0
214.266 214.391 64.0 个 0
214.52 214.772 61.0 纯 0
214.774 215.027 59.0 - 0
215.029 215.281 59.0 镜 0
215.537 216.743 61.0 照 1
217.195 217.447 59.0 我 0
217.449 217.701 61.0 得 0
217.703 217.955 54.0 - 0
217.957 218.21 54.0 意 0
218.212 218.464 61.0 的 0
218.466 219.036 59.0 笑 1
219.352 219.604 61.0 又 0
219.606 219.858 64.0 得 0
219.86 220.112 54.0 - 0
220.114 220.367 54.0 意 0
220.369 220.621 61.0 的 0
220.623 221.32 59.0 笑 1
221.655 221.843 59.0 求 0
221.909 222.034 59.0 得 0
222.163 222.415 59.0 一 0
222.418 222.606 61.0 生 0
222.672 223.178 64.0 乐 0
223.18 223.623 66.0 逍 0
223.689 225.085 69.0 遥 1
