22.715 23.021 61.0 会 0
23.024 23.331 58.0 在 0
23.333 23.64 63.0 何 0
23.642 23.949 58.0 处 0
24.029 24.336 56.0 见 0
24.338 24.722 54.0 到 0
24.725 26.578 51.0 你 1
27.724 28.031 61.0 莫 0
28.033 28.34 58.0 非 0
28.343 28.649 63.0 前 0
28.652 28.959 58.0 尘 0
28.961 29.345 56.0 已 0
29.348 29.654 54.0 注 0
29.657 31.665 58.0 定 1
32.581 32.888 61.0 飞 0
32.891 33.197 58.0 过 0
33.2 33.584 63.0 时 0
33.587 33.893 58.0 空 0
33.896 34.28 56.0 的 0
34.283 34.589 54.0 距 0
34.592 36.6 56.0 离 0
36.602 37.218 51.0 - 1
37.529 37.836 56.0 却 0
37.838 38.145 54.0 囿 0
38.147 38.454 56.0 于 0
38.457 38.841 54.0 刀 0
38.843 39.305 56.0 剑 0
39.307 39.923 54.0 光 0
39.926 41.779 53.0 影 1
42.488 42.795 61.0 三 0
42.798 43.104 58.0 月 0
43.107 43.414 63.0 春 0
43.416 43.723 58.0 花 0
43.725 44.032 56.0 渐 0
44.035 44.419 54.0 次 0
44.421 46.274 51.0 醒 1
47.489 47.796 61.0 迢 0
47.798 48.105 58.0 迢 0
48.107 48.414 63.0 年 0
48.417 48.723 58.0 华 0
48.726 49.11 56.0 谁 0
49.113 49.419 54.0 老 0
49.422 51.352 58.0 去 0
51.432 51.893 54.0 - 1
52.363 52.67 61.0 是 0
52.673 52.979 58.0 劫 0
52.982 53.289 63.0 是 0
53.291 53.598 58.0 缘 0
53.6 53.907 56.0 随 0
53.91 54.216 54.0 我 0
54.219 56.072 56.0 心 1
57.276 57.582 56.0 除 0
57.585 57.892 54.0 了 0
57.894 58.201 56.0 你 0
58.204 58.51 54.0 万 0
58.513 58.82 56.0 敌 0
58.822 59.129 54.0 不 0
59.131 60.985 54.0 侵 1
62.345 62.807 58.0 当 0
62.964 63.27 58.0 恩 0
63.273 63.58 56.0 怨 0
63.582 63.889 58.0 各 0
63.892 64.198 61.0 一 0
64.201 64.817 63.0 半 1
65.161 65.467 63.0 我 0
65.47 66.086 63.0 怎 0
66.089 66.395 54.0 么 0
66.398 66.859 58.0 圈 0
67.016 67.478 56.0 揽 1
67.552 67.859 56.0 看 0
67.861 68.168 56.0 灯 0
68.17 68.477 54.0 笼 0
68.48 68.786 56.0 血 0
68.789 69.096 58.0 红 0
69.098 69.714 61.0 染 1
70.083 70.39 61.0 寻 0
70.392 70.854 61.0 仇 0
71.011 71.318 49.0 已 0
71.32 71.782 56.0 太 0
71.939 72.246 54.0 晚 1
72.51 72.817 54.0 月 0
72.82 73.126 54.0 下 0
73.129 73.436 53.0 门 0
73.438 73.745 54.0 童 0
73.748 74.054 56.0 喟 0
74.057 74.827 58.0 叹 0
74.985 76.065 56.0 - 1
76.576 77.037 58.0 昨 0
77.195 77.733 58.0 夜 0
77.813 78.197 58.0 太 0
78.277 78.661 56.0 平 0
78.741 78.97 54.0 长 0
79.05 81.522 58.0 安 1
82.354 82.661 58.0 当 0
82.664 82.97 58.0 天 0
82.973 83.28 56.0 上 0
83.282 83.589 58.0 星 0
83.591 83.898 61.0 河 0
83.901 84.517 63.0 转 1
84.931 85.237 63.0 我 0
85.24 85.856 63.0 命 0
85.858 86.165 54.0 已 0
86.168 86.629 58.0 定 0
86.786 87.248 56.0 盘 1
87.433 87.739 56.0 待 0
87.742 88.049 56.0 绝 0
88.051 88.358 54.0 笔 0
88.361 88.667 56.0 墨 0
88.67 88.977 58.0 痕 0
88.979 89.595 61.0 干 1
89.85 90.157 61.0 宿 0
90.159 90.621 61.0 敌 0
90.778 91.085 49.0 已 0
91.087 91.548 56.0 来 0
91.706 92.012 54.0 犯 1
92.368 92.675 54.0 我 0
92.678 92.984 54.0 借 0
92.987 93.293 53.0 你 0
93.296 93.603 54.0 的 0
93.605 93.912 56.0 孤 0
93.915 94.685 58.0 单 0
94.765 95.845 56.0 - 1
96.377 96.838 58.0 今 0
96.995 97.534 58.0 生 0
97.614 98.075 49.0 恐 0
98.078 98.539 54.0 怕 0
98.542 98.848 56.0 难 0
98.851 101.477 54.0 还 1
124.179 124.486 61.0 缠 0
124.488 124.795 58.0 扰 0
124.797 125.104 63.0 孤 0
125.107 125.413 58.0 岛 0
125.493 125.8 56.0 的 0
125.803 126.032 54.0 雪 0
126.035 126.96 54.0 雨 0
126.962 128.893 51.0 - 1
129.18 129.487 61.0 飘 0
129.49 129.796 58.0 飘 0
129.799 130.106 63.0 洒 0
130.108 130.415 58.0 洒 0
130.417 130.801 56.0 谁 0
130.804 131.033 54.0 来 0
131.036 132.58 58.0 停 0
132.582 133.817 49.0 - 1
134.112 134.419 61.0 摘 0
134.421 134.728 58.0 取 0
134.73 135.037 63.0 一 0
135.04 135.346 58.0 颗 0
135.349 135.656 56.0 海 0
135.658 135.965 54.0 上 0
135.967 136.583 58.0 星 0
136.586 137.821 56.0 - 1
138.943 139.25 56.0 陪 0
139.253 139.559 54.0 我 0
139.562 139.869 56.0 终 0
139.871 140.178 54.0 夜 0
140.18 140.487 56.0 不 0
140.49 140.796 54.0 孤 0
140.799 142.265 53.0 寂 0
142.268 142.652 58.0 哦 0
142.655 143.348 58.0 - 1
144.024 144.33 61.0 灵 0
144.333 144.64 58.0 柩 0
144.642 144.949 63.0 长 0
144.952 145.258 58.0 埋 0
145.261 145.568 56.0 深 0
145.57 145.877 54.0 谷 0
145.879 147.732 51.0 底 1
148.903 149.21 61.0 没 0
149.212 149.519 58.0 有 0
149.522 149.828 63.0 永 0
149.831 150.138 58.0 远 0
150.14 150.447 56.0 的 0
150.45 150.756 54.0 秘 0
150.759 152.767 58.0 密 1
153.756 154.062 61.0 染 0
154.065 154.372 58.0 指 0
154.374 154.681 63.0 江 0
154.683 154.99 58.0 湖 0
154.993 155.299 56.0 结 0
155.302 155.609 54.0 悲 0
155.611 157.464 56.0 局 1
158.779 159.086 56.0 无 0
159.088 159.395 54.0 人 0
159.398 159.704 56.0 逃 0
159.707 160.014 54.0 得 0
160.016 160.323 56.0 过 0
160.325 160.632 54.0 宿 0
160.635 162.488 54.0 命 1
163.709 164.17 58.0 当 0
164.327 164.634 58.0 恩 0
164.636 164.943 56.0 怨 0
164.946 165.252 58.0 各 0
165.255 165.562 61.0 一 0
165.564 166.18 63.0 半 1
166.428 166.735 63.0 我 0
166.737 167.353 63.0 怎 0
167.356 167.663 54.0 么 0
167.665 168.127 58.0 圈 0
168.284 168.745 56.0 揽 1
169.025 169.332 56.0 看 0
169.335 169.641 56.0 灯 0
169.644 169.951 54.0 笼 0
169.953 170.26 56.0 血 0
170.262 170.569 58.0 红 0
170.572 171.188 61.0 染 1
171.506 171.812 61.0 寻 0
171.815 172.276 61.0 仇 0
172.433 172.74 49.0 已 0
172.743 173.204 56.0 太 0
173.361 173.668 54.0 晚 1
173.978 174.284 54.0 月 0
174.287 174.594 54.0 下 0
174.596 174.903 53.0 门 0
174.906 175.212 54.0 童 0
175.215 175.522 56.0 喟 0
175.524 176.295 58.0 叹 0
176.452 177.532 56.0 - 1
178.029 178.491 58.0 昨 0
178.648 179.187 58.0 夜 0
179.266 179.651 58.0 太 0
179.73 180.114 56.0 平 0
180.194 180.424 54.0 长 0
180.504 182.975 58.0 安 1
183.912 184.218 58.0 当 0
184.221 184.528 58.0 天 0
184.53 184.837 56.0 上 0
184.839 185.146 58.0 星 0
185.149 185.455 61.0 河 0
185.458 186.074 63.0 转 1
186.243 186.55 63.0 我 0
186.552 187.168 63.0 命 0
187.171 187.477 54.0 已 0
187.48 187.941 58.0 定 0
188.099 188.56 56.0 盘 1
188.801 189.108 56.0 待 0
189.11 189.417 56.0 绝 0
189.42 189.726 54.0 笔 0
189.729 190.036 56.0 墨 0
190.038 190.345 58.0 痕 0
190.348 190.963 61.0 干 1
191.156 191.463 61.0 宿 0
191.466 191.927 61.0 敌 0
192.084 192.391 49.0 已 0
192.393 192.855 56.0 来 0
193.012 193.319 54.0 犯 1
193.653 193.959 54.0 我 0
193.962 194.269 54.0 借 0
194.271 194.578 53.0 你 0
194.58 194.887 54.0 的 0
194.89 195.196 56.0 孤 0
195.199 195.97 58.0 单 0
196.049 197.129 56.0 - 1
197.677 198.139 58.0 今 0
198.296 198.834 58.0 生 0
198.914 199.376 49.0 恐 0
199.378 199.84 54.0 怕 0
199.842 200.149 56.0 难 0
200.151 202.778 54.0 还 1
205.882 206.344 58.0 当 0
206.501 206.808 58.0 恩 0
206.81 207.117 56.0 怨 0
207.12 207.426 58.0 各 0
207.429 207.658 61.0 一 0
207.738 208.354 63.0 半 1
208.528 208.835 63.0 我 0
208.837 209.453 63.0 怎 0
209.456 209.762 65.0 么 0
209.765 210.381 66.0 圈 0
210.384 210.768 65.0 揽 1
211.14 211.292 65.0 看 0
211.449 211.756 65.0 灯 0
211.759 212.065 63.0 笼 0
212.068 212.375 65.0 血 0
212.377 212.684 63.0 红 0
212.687 213.303 61.0 染 1
213.53 213.837 61.0 寻 0
213.84 214.301 61.0 仇 0
214.458 214.765 56.0 已 0
214.768 215.074 56.0 太 0
215.077 215.383 58.0 - 0
215.386 215.693 54.0 晚 1
215.912 216.218 54.0 月 0
216.221 216.528 54.0 下 0
216.53 216.837 53.0 门 0
216.839 217.146 54.0 童 0
217.149 217.455 56.0 喟 0
217.458 218.229 58.0 叹 0
218.386 219.002 54.0 - 0
219.004 219.466 56.0 - 1
219.923 220.694 63.0 昨 0
220.851 221.158 61.0 夜 0
221.16 221.622 61.0 太 0
221.624 221.931 58.0 平 0
222.088 222.395 56.0 长 0
222.397 223.941 58.0 安 0
223.944 224.56 61.0 哦 0
224.562 225.333 63.0 - 0
225.336 225.72 61.0 - 1
225.818 226.124 58.0 当 0
226.127 226.434 58.0 天 0
226.436 226.743 56.0 上 0
226.745 227.052 58.0 星 0
227.055 227.361 61.0 河 0
227.364 227.98 63.0 转 1
228.366 228.672 63.0 我 0
228.675 229.291 63.0 命 0
229.294 229.6 54.0 已 0
229.603 230.064 58.0 定 0
230.221 230.683 56.0 盘 1
230.885 231.192 56.0 待 0
231.194 231.501 56.0 绝 0
231.504 231.81 54.0 笔 0
231.813 232.12 56.0 墨 0
232.122 232.429 63.0 痕 0
232.431 233.047 61.0 干 1
233.22 233.527 61.0 宿 0
233.53 234.145 61.0 敌 0
234.148 234.455 58.0 已 0
234.457 235.073 56.0 来 0
235.076 235.383 54.0 犯 1
235.706 236.013 54.0 我 0
236.016 236.322 54.0 借 0
236.325 236.632 53.0 你 0
236.634 236.941 54.0 的 0
236.944 237.25 56.0 孤 0
237.253 238.178 58.0 单 0
238.181 239.261 56.0 - 1
239.739 240.2 58.0 今 0
240.358 240.896 58.0 生 0
240.976 241.438 49.0 恐 0
241.44 241.901 54.0 怕 0
241.904 242.211 56.0 难 0
242.213 244.84 54.0 还 1
