19.364 20.021 58.0 我 0
20.245 20.682 67.0 不 0
20.685 21.122 65.0 - 0
21.126 22.113 63.0 想 0
22.888 23.435 65.0 说 0
23.769 24.206 65.0 再 0
24.21 24.646 60.0 - 0
24.65 25.527 58.0 见 1
26.51 26.947 67.0 相 0
26.951 27.388 65.0 - 0
27.391 27.828 70.0 见 0
27.832 28.159 72.0 - 0
28.272 28.709 72.0 时 0
28.713 29.15 65.0 - 0
29.153 29.7 67.0 难 0
30.034 30.471 68.0 别 0
30.475 30.912 67.0 - 0
30.915 31.132 65.0 亦 0
31.136 31.573 63.0 - 0
31.797 33.114 65.0 难 1
33.568 34.445 58.0 我 0
34.449 34.886 67.0 不 0
34.889 35.326 65.0 - 0
35.33 36.758 63.0 想 0
37.092 37.749 65.0 说 0
37.973 38.41 65.0 再 0
38.413 38.85 60.0 - 0
38.854 39.731 58.0 见 1
40.481 40.918 67.0 泪 0
40.922 41.359 65.0 - 0
41.362 41.799 70.0 光 0
41.803 42.129 72.0 中 0
42.243 42.68 72.0 看 0
42.684 43.121 65.0 - 0
43.124 43.671 67.0 到 0
44.005 44.442 68.0 你 0
44.446 44.883 67.0 - 0
44.886 45.103 65.0 的 0
45.107 45.764 65.0 笑 0
45.767 46.975 63.0 脸 1
47.69 48.348 58.0 我 0
48.572 49.009 67.0 不 0
49.013 49.451 65.0 - 0
49.454 50.443 63.0 想 0
51.219 51.767 65.0 说 0
52.101 52.539 65.0 再 0
52.543 52.98 58.0 - 0
52.984 53.862 58.0 见 1
54.63 55.068 67.0 心 0
55.072 55.509 65.0 里 0
55.513 55.95 70.0 还 0
55.954 56.281 72.0 有 0
56.395 56.833 72.0 多 0
56.836 57.274 63.0 - 0
57.277 57.825 67.0 少 0
58.16 58.597 68.0 话 0
58.601 59.038 67.0 语 0
59.042 59.369 65.0 没 0
59.373 59.7 63.0 说 0
59.925 61.244 65.0 完 1
61.727 62.606 58.0 我 0
62.61 63.047 67.0 不 0
63.051 63.488 65.0 - 0
63.492 64.922 63.0 想 0
65.257 65.915 65.0 说 0
66.139 66.576 65.0 再 0
66.58 67.018 60.0 - 0
67.021 67.9 58.0 见 1
68.841 69.279 67.0 要 0
69.282 69.72 65.0 - 0
69.723 70.161 70.0 把 0
70.165 70.492 72.0 - 0
70.606 71.043 72.0 时 0
71.047 71.484 63.0 - 0
71.488 72.036 67.0 光 0
72.37 72.808 68.0 留 0
72.812 73.249 67.0 住 0
73.253 73.47 65.0 在 0
73.473 74.131 65.0 今 0
74.135 75.345 63.0 天 1
75.843 76.06 70.0 一 0
76.063 76.391 70.0 生 0
76.505 76.722 70.0 中 0
76.725 77.163 70.0 能 0
77.166 77.604 67.0 有 0
77.608 78.045 72.0 几 0
78.049 78.155 70.0 - 0
78.269 79.038 70.0 个 0
79.372 79.699 63.0 这 0
79.813 80.141 63.0 样 0
80.255 80.472 63.0 的 0
80.53 80.968 70.0 夜 0
80.972 81.133 65.0 - 0
81.192 82.512 67.0 晚 1
82.887 83.104 70.0 一 0
83.107 83.434 70.0 辈 0
83.548 83.655 70.0 子 0
83.769 84.207 70.0 能 0
84.21 84.648 67.0 有 0
84.651 85.089 72.0 几 0
85.093 85.309 70.0 - 0
85.313 85.971 70.0 次 0
86.416 86.854 70.0 不 0
86.857 87.295 67.0 想 0
87.298 87.626 65.0 说 0
87.629 88.177 63.0 再 0
88.181 89.39 65.0 见 1
89.904 90.12 68.0 一 0
90.124 90.451 70.0 生 0
90.565 90.782 70.0 中 0
90.786 91.223 70.0 能 0
91.227 91.665 67.0 有 0
91.668 92.106 72.0 几 0
92.109 92.547 67.0 - 0
92.551 92.988 63.0 个 0
93.433 93.87 68.0 这 0
93.874 94.312 67.0 样 0
94.315 94.532 65.0 的 0
94.536 94.973 63.0 夜 0
94.977 95.194 60.0 - 0
95.198 96.076 60.0 晚 1
96.988 97.867 58.0 一 0
97.871 98.308 63.0 辈 0
98.312 98.749 63.0 子 0
98.753 98.97 65.0 能 0
98.974 99.191 63.0 有 0
99.194 99.632 65.0 几 0
99.635 100.073 65.0 次 0
100.518 100.955 70.0 不 0
100.959 101.396 67.0 想 0
101.4 101.617 65.0 说 0
101.731 102.279 65.0 再 0
102.282 103.713 63.0 见 1
125.215 125.873 58.0 我 0
126.097 126.534 67.0 不 0
126.538 126.976 65.0 - 0
126.979 127.968 63.0 想 0
128.744 129.292 65.0 说 0
129.626 130.064 65.0 再 0
130.068 130.505 58.0 - 0
130.509 131.387 58.0 见 1
132.232 132.67 67.0 心 0
132.674 133.111 65.0 里 0
133.115 133.552 70.0 还 0
133.556 133.883 72.0 有 0
133.997 134.435 72.0 多 0
134.438 134.876 63.0 - 0
134.88 135.427 67.0 少 0
135.762 136.199 68.0 话 0
136.203 136.641 67.0 语 0
136.644 136.971 65.0 没 0
136.975 137.302 63.0 说 0
137.527 138.846 65.0 完 1
139.387 140.266 58.0 我 0
140.27 140.707 67.0 不 0
140.711 141.148 65.0 - 0
141.152 142.582 63.0 想 0
142.917 143.575 65.0 说 0
143.799 144.237 65.0 再 0
144.24 144.678 60.0 - 0
144.681 145.56 58.0 见 1
146.321 146.759 67.0 要 0
146.762 147.2 65.0 - 0
147.203 147.641 70.0 把 0
147.645 147.972 72.0 - 0
148.086 148.523 72.0 时 0
148.527 148.964 63.0 - 0
148.968 149.516 67.0 光 0
149.851 150.288 68.0 留 0
150.292 150.729 67.0 住 0
150.733 150.95 65.0 在 0
150.953 151.612 65.0 今 0
151.615 152.825 63.0 天 1
153.446 153.663 68.0 一 0
153.667 153.994 70.0 生 0
154.108 154.325 70.0 中 0
154.328 154.766 70.0 能 0
154.769 155.207 67.0 有 0
155.211 155.648 72.0 几 0
155.652 155.758 70.0 - 0
155.872 156.641 70.0 个 0
156.975 157.303 63.0 这 0
157.417 157.744 63.0 样 0
157.858 158.075 63.0 的 0
158.133 158.571 70.0 夜 0
158.575 158.736 65.0 - 0
158.795 160.115 67.0 晚 1
160.615 160.832 70.0 一 0
160.835 161.163 70.0 辈 0
161.277 161.383 70.0 子 0
161.497 161.935 70.0 能 0
161.938 162.376 67.0 有 0
162.379 162.817 72.0 几 0
162.821 163.038 70.0 - 0
163.041 163.699 70.0 次 0
164.144 164.471 70.0 不 0
164.585 165.023 67.0 想 0
165.027 165.354 65.0 说 0
165.357 165.905 63.0 再 0
165.909 167.118 65.0 见 1
167.64 167.857 70.0 一 0
167.86 168.187 70.0 生 0
168.301 168.518 70.0 中 0
168.522 168.959 70.0 能 0
168.963 169.401 67.0 有 0
169.404 169.842 72.0 几 0
169.845 170.283 67.0 - 0
170.287 170.724 63.0 个 0
171.169 171.607 68.0 这 0
171.61 172.048 67.0 样 0
172.051 172.268 65.0 的 0
172.272 172.709 63.0 夜 0
172.713 172.93 60.0 - 0
172.934 173.812 60.0 晚 1
174.666 175.545 58.0 一 0
175.549 175.986 63.0 辈 0
175.99 176.427 63.0 子 0
176.431 176.648 65.0 能 0
176.652 176.869 63.0 有 0
176.872 177.31 65.0 几 0
177.313 177.751 65.0 次 0
178.196 178.633 70.0 不 0
178.637 179.075 67.0 想 0
179.078 179.295 65.0 说 0
179.409 179.957 65.0 再 0
179.961 181.391 63.0 见 1
181.632 181.849 68.0 一 0
181.853 182.18 70.0 生 0
182.294 182.511 70.0 中 0
182.515 182.952 70.0 能 0
182.956 183.393 67.0 有 0
183.397 183.834 72.0 几 0
183.838 183.945 70.0 - 0
184.059 184.827 70.0 个 0
185.162 185.489 63.0 这 0
185.603 185.93 63.0 样 0
186.044 186.261 63.0 的 0
186.32 186.757 70.0 夜 0
186.761 186.923 65.0 - 0
186.982 188.301 67.0 晚 1
188.819 189.036 68.0 一 0
189.04 189.367 70.0 辈 0
189.481 189.587 70.0 子 0
189.701 190.139 70.0 能 0
190.143 190.58 67.0 有 0
190.584 191.021 72.0 几 0
191.025 191.242 70.0 - 0
191.246 191.904 70.0 次 0
192.348 192.676 70.0 不 0
192.79 193.227 67.0 想 0
193.231 193.558 65.0 说 0
193.562 194.11 63.0 再 0
194.113 195.323 65.0 见 1
195.843 196.06 68.0 一 0
196.063 196.391 70.0 生 0
196.505 196.722 70.0 中 0
196.725 197.163 70.0 能 0
197.166 197.604 67.0 有 0
197.608 198.045 72.0 几 0
198.049 198.486 67.0 - 0
198.49 198.927 63.0 个 0
199.372 199.81 68.0 这 0
199.813 200.251 67.0 样 0
200.255 200.472 65.0 的 0
200.475 200.913 63.0 夜 0
200.916 201.133 60.0 - 0
201.137 202.016 60.0 晚 1
202.819 203.697 58.0 一 0
203.701 204.139 63.0 辈 0
204.142 204.58 63.0 子 0
204.583 204.8 65.0 能 0
204.804 205.021 63.0 有 0
205.025 205.462 65.0 几 0
205.466 205.903 65.0 次 0
206.348 206.786 70.0 不 0
206.789 207.227 67.0 想 0
207.23 207.447 65.0 说 0
207.561 208.109 65.0 再 0
208.113 209.543 63.0 见 1
209.93 210.808 58.0 一 0
210.812 211.249 63.0 辈 0
211.253 211.691 63.0 子 0
211.694 211.911 65.0 能 0
211.915 212.132 63.0 有 0
212.135 212.573 65.0 几 0
212.577 213.345 65.0 次 0
213.459 213.896 70.0 不 0
213.9 215.11 67.0 想 0
215.224 216.433 65.0 说 0
216.988 217.757 65.0 再 0
217.76 218.97 63.0 见 1
