25.74 26.066 52.0 故 0
26.066 26.392 52.0 事 0
26.392 26.718 52.0 开 0
26.718 27.045 52.0 始 0
27.045 27.697 52.0 在 0
27.697 28.023 50.0 最 0
28.023 28.349 50.0 初 0
28.349 28.675 50.0 的 0
28.675 29.001 50.0 那 0
29.001 29.327 48.0 个 0
29.327 29.653 48.0 梦 0
29.653 30.305 52.0 中 1
30.999 31.325 52.0 满 0
31.325 31.651 52.0 天 0
31.651 32.303 52.0 星 0
32.303 32.955 52.0 光 0
32.955 33.281 50.0 只 0
33.281 33.607 50.0 因 0
33.607 33.933 52.0 我 0
33.933 34.259 50.0 而 0
34.259 34.912 48.0 闪 0
34.912 35.238 48.0 烁 1
35.652 35.978 60.0 我 0
35.978 36.304 60.0 看 0
36.304 36.63 60.0 到 0
36.63 36.956 60.0 平 0
36.956 37.282 59.0 凡 0
37.282 37.608 59.0 的 0
37.608 37.934 59.0 我 0
37.934 38.26 57.0 - 0
38.26 38.587 57.0 也 0
38.587 38.913 57.0 会 1
38.935 39.587 55.0 有 0
39.587 40.239 57.0 一 0
40.239 41.217 52.0 刻 0
42.196 42.522 43.0 不 0
42.522 42.848 52.0 普 0
42.848 43.337 50.0 通 1
46.642 46.968 52.0 前 0
46.968 47.294 52.0 方 0
47.294 47.62 52.0 是 0
47.62 47.946 52.0 未 0
47.946 48.598 52.0 知 1
48.642 49.294 50.0 迎 0
49.294 49.621 50.0 面 0
49.621 49.947 50.0 是 0
49.947 50.599 48.0 海 0
50.599 51.251 52.0 风 1
51.809 52.135 52.0 塞 0
52.135 52.461 52.0 壬 0
52.461 52.787 52.0 的 0
52.787 53.113 52.0 歌 0
53.113 53.766 52.0 会 0
53.766 54.418 50.0 诱 0
54.418 54.744 50.0 人 0
54.744 55.07 50.0 忘 0
55.07 55.396 50.0 记 0
55.396 55.722 48.0 初 0
55.722 56.048 48.0 衷 1
56.416 56.742 60.0 他 0
56.742 57.069 60.0 们 0
57.069 57.395 60.0 说 0
57.395 57.721 60.0 每 0
57.721 58.047 59.0 一 0
58.047 58.373 59.0 个 0
58.373 58.699 59.0 风 0
58.699 59.025 57.0 - 0
59.025 59.677 57.0 浪 1
59.704 60.356 55.0 都 0
60.356 61.009 57.0 能 0
61.009 62.313 52.0 够 0
62.965 63.291 52.0 淹 0
63.291 63.617 52.0 没 0
63.617 65.248 50.0 我 1
66.299 66.625 60.0 可 0
66.625 66.951 67.0 我 0
66.951 67.277 69.0 - 0
67.277 67.929 69.0 会 0
67.929 68.255 69.0 像 0
68.255 68.582 69.0 奥 0
68.582 68.908 69.0 德 0
68.908 69.234 67.0 休 0
69.234 69.56 64.0 斯 0
69.56 70.212 64.0 一 0
70.212 70.538 64.0 样 1
70.75 70.913 52.0 朝 0
70.913 71.076 52.0 着 0
71.076 71.402 64.0 心 0
71.402 71.728 62.0 中 0
72.218 72.381 55.0 的 0
72.381 72.707 64.0 方 0
72.707 73.033 62.0 向 1
74.138 74.301 57.0 哪 0
74.301 74.627 62.0 怕 0
74.627 74.953 62.0 众 0
74.953 75.279 62.0 神 0
75.279 75.442 62.0 会 0
75.442 75.605 60.0 在 0
75.605 75.932 62.0 彼 0
75.932 76.258 64.0 岸 0
76.258 76.584 60.0 阻 0
76.584 77.073 57.0 挡 1
77.396 77.722 57.0 当 0
77.722 78.048 69.0 我 0
78.048 78.374 69.0 需 0
78.374 79.026 69.0 要 0
79.026 79.352 69.0 独 0
79.352 79.679 67.0 - 0
79.679 80.331 64.0 自 0
80.331 80.657 64.0 站 0
80.657 80.983 64.0 在 1
81.673 81.999 64.0 远 0
81.999 82.651 62.0 方 0
82.814 82.977 55.0 的 0
82.977 83.303 64.0 沙 0
83.303 83.956 62.0 场 1
84.605 84.768 55.0 武 0
84.768 85.094 62.0 器 0
85.094 85.257 62.0 就 0
85.257 85.746 62.0 是 0
85.746 85.909 62.0 握 0
85.909 86.072 60.0 紧 0
86.072 86.398 62.0 我 0
86.398 86.724 64.0 的 0
86.724 87.051 57.0 梦 0
87.051 87.703 57.0 想 1
88.41 88.573 57.0 而 0
88.573 88.736 57.0 我 0
88.736 89.062 62.0 受 0
89.062 89.388 64.0 过 0
89.388 89.714 60.0 的 0
89.714 90.366 57.0 伤 1
91.032 91.195 52.0 都 0
91.195 91.358 52.0 是 0
91.358 91.684 62.0 我 0
91.684 92.01 64.0 的 0
92.01 92.336 59.0 勋 0
92.336 93.966 59.0 章 1
96.313 96.639 43.0 是 0
96.639 96.965 52.0 谁 0
96.965 97.291 52.0 说 0
97.291 97.617 52.0 伟 0
97.617 97.943 52.0 大 0
98.269 98.922 50.0 才 0
98.922 99.248 48.0 值 0
99.248 99.574 50.0 得 0
99.574 99.9 48.0 被 0
99.9 100.226 50.0 歌 0
100.226 100.878 52.0 颂 1
101.194 101.52 52.0 乘 0
101.52 101.846 52.0 风 0
101.846 102.173 52.0 破 0
102.173 102.499 52.0 浪 0
102.499 102.825 52.0 后 0
102.825 103.477 52.0 也 0
103.477 103.803 50.0 不 0
103.803 104.129 50.0 会 0
104.455 104.781 50.0 一 0
104.781 105.107 48.0 定 0
105.107 105.433 50.0 成 0
105.433 105.759 48.0 功 1
105.972 106.298 60.0 生 0
106.298 106.624 60.0 命 0
106.624 106.95 60.0 只 0
106.95 107.276 60.0 能 0
107.276 107.602 59.0 向 0
107.602 107.928 59.0 前 1
107.969 108.295 59.0 坚 0
108.295 108.621 57.0 - 0
108.621 108.947 57.0 定 0
108.947 109.273 57.0 信 0
109.273 109.6 55.0 念 0
109.6 110.17 55.0 的 0
110.17 110.252 55.0 - 0
110.252 110.578 57.0 人 0
110.578 111.882 52.0 都 0
112.534 112.86 55.0 是 0
112.86 113.186 55.0 英 0
113.186 114.491 59.0 雄 1
115.735 116.061 60.0 可 0
116.061 116.713 69.0 我 0
116.713 117.366 69.0 会 0
117.366 117.692 69.0 像 0
117.692 118.018 69.0 奥 0
118.018 118.344 69.0 德 0
118.344 118.67 67.0 休 0
118.67 118.996 64.0 斯 0
118.996 119.648 64.0 一 0
119.648 119.974 64.0 样 1
120.433 120.596 52.0 朝 0
120.596 120.759 52.0 着 0
120.759 121.086 64.0 心 0
121.086 121.412 62.0 中 0
121.89 122.053 55.0 的 0
122.064 122.39 64.0 方 0
122.39 122.716 62.0 向 1
123.872 124.035 57.0 哪 0
124.035 124.361 62.0 怕 0
124.361 124.688 62.0 众 0
124.688 125.014 62.0 神 0
125.014 125.177 62.0 会 0
125.177 125.34 60.0 在 0
125.34 125.666 62.0 彼 0
125.666 125.992 64.0 岸 0
125.992 126.318 60.0 阻 0
126.318 126.807 57.0 挡 1
126.887 127.213 57.0 当 0
127.213 127.539 69.0 我 0
127.539 127.865 69.0 需 0
127.865 128.518 69.0 要 0
128.518 128.844 67.0 独 0
128.844 129.17 67.0 - 0
129.17 129.822 64.0 自 0
129.822 130.148 64.0 站 0
130.148 130.474 64.0 在 1
131.067 131.393 64.0 远 0
131.393 132.046 62.0 方 0
132.209 132.372 55.0 的 0
132.372 132.698 64.0 沙 0
132.698 133.35 62.0 场 1
134.289 134.452 55.0 武 0
134.452 134.778 62.0 器 0
134.778 134.941 62.0 就 0
134.941 135.43 62.0 是 0
135.43 135.593 62.0 握 0
135.593 135.756 60.0 紧 0
135.756 136.083 62.0 我 0
136.083 136.409 64.0 的 0
136.409 136.735 60.0 梦 0
136.735 137.387 57.0 想 1
137.98 138.143 57.0 而 0
138.143 138.306 57.0 我 0
138.306 138.632 62.0 受 0
138.632 138.958 64.0 过 0
138.958 139.284 60.0 的 0
139.284 139.937 57.0 伤 1
140.497 140.66 57.0 都 0
140.66 140.823 57.0 是 0
140.823 141.149 62.0 我 0
141.149 141.475 64.0 的 0
141.475 141.801 59.0 勋 0
141.801 143.105 59.0 章 1
144.673 144.836 52.0 武 0
144.836 145.162 59.0 器 0
145.162 145.325 59.0 就 0
145.325 145.814 59.0 是 0
145.814 145.977 59.0 握 0
145.977 146.14 59.0 紧 0
146.14 146.466 60.0 我 0
146.466 146.792 59.0 的 0
146.792 147.119 55.0 梦 0
147.119 147.771 57.0 想 1
148.328 148.491 57.0 而 0
148.491 148.654 57.0 我 0
148.654 148.98 62.0 受 0
148.98 149.306 64.0 过 0
149.306 149.632 60.0 的 0
149.632 150.284 57.0 伤 1
151.111 151.274 57.0 都 0
151.274 151.437 57.0 是 0
151.437 151.763 62.0 我 0
151.763 152.089 64.0 的 0
152.089 152.415 59.0 成 0
152.415 154.045 59.0 长 1
154.637 154.963 64.0 哦 0
154.963 155.289 67.0 - 0
155.289 155.941 69.0 我 0
155.941 156.593 69.0 会 0
156.593 156.919 69.0 像 0
156.919 157.245 69.0 奥 0
157.245 157.571 69.0 德 0
157.571 157.897 67.0 休 0
157.897 158.223 64.0 斯 0
158.223 158.876 64.0 一 0
158.876 159.202 64.0 样 1
159.522 159.685 52.0 朝 0
159.685 159.848 52.0 着 0
159.848 160.174 64.0 心 0
160.174 160.5 62.0 中 0
160.989 161.152 55.0 的 0
161.152 161.478 64.0 方 0
161.478 161.804 62.0 向 1
163.032 163.195 57.0 哪 0
163.195 163.521 62.0 怕 0
163.521 163.847 62.0 众 0
163.847 164.173 62.0 神 0
164.173 164.336 62.0 会 0
164.336 164.499 60.0 在 0
164.499 164.825 62.0 彼 0
164.825 165.151 64.0 岸 0
165.151 165.477 60.0 阻 0
165.477 165.967 57.0 挡 1
165.974 166.3 57.0 当 0
166.3 166.626 69.0 我 0
166.626 166.952 69.0 需 0
166.952 167.604 69.0 要 0
167.604 167.93 69.0 独 0
167.93 168.256 67.0 - 0
168.256 168.908 64.0 自 0
168.908 169.234 64.0 站 0
169.234 169.561 64.0 在 1
170.268 170.594 64.0 远 0
170.594 171.246 62.0 方 0
171.409 171.572 55.0 的 0
171.572 171.898 64.0 沙 0
171.898 172.55 62.0 场 1
173.275 173.438 55.0 武 0
173.438 173.764 62.0 器 0
173.764 173.927 62.0 就 0
173.927 174.416 62.0 是 0
174.416 174.579 62.0 握 0
174.579 174.742 62.0 紧 0
174.742 175.068 64.0 我 0
175.068 175.394 67.0 的 0
175.394 175.72 64.0 梦 0
175.72 176.372 69.0 想 1
177.198 177.361 64.0 而 0
177.361 177.524 64.0 我 0
177.524 177.85 64.0 受 0
177.85 178.176 67.0 过 0
178.176 178.502 64.0 的 0
178.502 179.154 69.0 伤 1
179.752 179.915 64.0 都 0
179.915 180.078 64.0 是 0
180.078 180.404 69.0 我 0
180.404 180.731 67.0 的 0
180.731 181.057 67.0 勋 0
181.057 181.383 67.0 章 1
183.811 183.974 59.0 武 0
183.974 184.3 67.0 器 0
184.3 184.464 67.0 就 0
184.464 184.953 67.0 是 0
184.953 185.116 67.0 握 0
185.116 185.279 67.0 紧 0
185.279 185.605 72.0 我 0
185.605 185.931 71.0 的 0
185.931 186.257 67.0 梦 0
186.257 186.909 69.0 想 1
187.468 187.631 64.0 而 0
187.631 187.794 64.0 我 0
187.794 188.121 64.0 受 0
188.121 188.447 67.0 过 0
188.447 188.773 64.0 的 0
188.773 189.425 69.0 伤 1
190.138 190.301 64.0 都 0
190.301 190.464 64.0 是 0
190.464 190.79 69.0 我 0
190.79 191.116 67.0 的 0
191.116 191.442 67.0 成 0
191.442 191.768 67.0 长 1
194.156 194.319 52.0 不 0
194.319 194.645 62.0 管 0
194.645 194.808 62.0 明 0
194.808 195.297 62.0 天 0
195.297 195.46 62.0 的 0
195.46 195.624 60.0 路 0
195.624 195.95 62.0 有 0
195.95 196.276 64.0 多 0
196.276 196.602 55.0 漫 0
196.602 197.254 57.0 长 1
198.216 198.379 52.0 我 0
198.379 198.705 62.0 再 0
198.705 199.031 64.0 次 0
199.031 199.357 60.0 启 0
199.357 200.01 57.0 航 1
200.606 200.769 50.0 带 0
200.769 200.932 50.0 着 0
200.932 201.258 60.0 我 0
201.258 201.584 59.0 的 0
201.584 201.91 59.0 勋 0
201.91 202.562 59.0 章 1
