17.327 17.583 62.0 听 0
17.583 17.839 59.0 见 0
17.839 18.096 62.0 吗 0
18.352 18.609 62.0 不 0
18.609 18.865 59.0 要 0
18.865 19.121 62.0 就 0
19.378 19.634 62.0 开 0
19.634 19.891 59.0 门 0
19.891 20.147 62.0 别 0
20.147 20.403 59.0 再 0
20.403 20.66 62.0 放 0
20.66 20.916 62.0 狗 1
21.125 21.381 59.0 我 0
21.381 21.637 61.0 说 0
21.637 21.894 59.0 了 0
21.894 22.15 61.0 no 0
22.407 22.663 61.0 就 0
22.663 22.92 59.0 是 0
22.92 23.176 61.0 no 0
23.432 23.689 61.0 别 0
23.689 23.945 59.0 再 0
23.945 24.202 62.0 对 0
24.202 24.458 59.0 我 0
24.458 24.714 62.0 放 0
24.714 25.227 64.0 电 1
25.506 25.762 62.0 我 0
25.762 26.018 59.0 说 0
26.018 26.275 62.0 a 0
26.531 26.788 62.0 你 0
26.788 27.044 59.0 说 0
27.044 27.301 62.0 嘿 0
27.557 27.813 62.0 问 0
27.813 28.07 59.0 你 0
28.07 28.326 61.0 要 0
28.326 28.451 59.0 不 0
28.452 28.57 59.0 要 0
28.583 28.839 61.0 baby 0
28.839 29.095 61.0 - 1
29.243 29.499 62.0 你 0
29.499 29.756 62.0 说 0
29.756 30.012 64.0 oh 0
30.012 30.525 66.0 no 0
30.525 31.55 66.0 oh 0
32.063 32.576 66.0 no 0
32.576 33.345 66.0 oh 0
33.345 34.115 71.0 - 1
34.221 34.477 66.0 那 0
34.733 34.99 66.0 那 0
35.246 35.503 66.0 那 0
35.503 35.759 59.0 你 0
35.759 36.015 59.0 你 0
36.015 36.272 66.0 要 0
36.272 36.528 66.0 要 0
36.528 36.785 66.0 要 0
36.785 37.041 66.0 要 0
37.041 37.169 59.0 说 0
37.169 37.554 59.0 什 0
37.554 38.067 66.0 么 1
38.158 38.415 64.0 你 0
38.671 38.927 64.0 你 0
39.184 39.44 64.0 你 0
39.44 39.697 62.0 笑 0
39.697 39.953 64.0 我 0
39.953 40.209 62.0 变 0
40.209 40.466 64.0 变 0
40.466 40.722 64.0 变 0
40.722 40.979 64.0 变 0
40.979 41.107 62.0 大 0
41.107 41.492 64.0 魔 0
41.492 41.748 62.0 头 1
41.932 42.188 62.0 你 0
42.188 42.445 64.0 说 0
42.445 42.637 64.0 我 0
42.637 42.958 66.0 - 0
42.958 43.214 69.0 的 0
43.214 43.727 66.0 眼 0
43.727 44.24 64.0 睛 1
44.504 45.017 66.0 我 0
45.017 45.273 69.0 的 0
45.273 45.786 66.0 美 0
45.786 46.042 64.0 丽 0
46.299 46.555 59.0 是 0
46.555 47.068 66.0 爱 0
47.068 47.325 64.0 我 0
47.325 47.837 64.0 的 0
47.837 48.35 62.0 唯 0
48.35 48.863 61.0 一 0
48.863 49.376 59.0 - 1
49.504 49.761 59.0 我 0
49.761 50.017 61.0 的 0
50.017 50.273 62.0 世 0
50.273 50.53 64.0 界 0
50.53 50.786 66.0 就 0
50.786 51.043 64.0 - 0
51.043 51.299 66.0 算 0
51.299 51.556 64.0 你 0
51.556 51.812 66.0 要 0
51.812 52.068 64.0 走 0
52.068 52.325 66.0 进 0
52.325 52.581 64.0 也 0
52.581 52.838 66.0 没 0
52.838 53.094 64.0 有 0
53.094 53.35 69.0 意 0
53.35 53.607 64.0 义 1
53.904 54.161 64.0 就 0
54.161 54.417 64.0 算 0
54.417 54.673 62.0 能 0
54.673 55.186 64.0 在 0
55.186 55.443 64.0 一 0
55.443 55.699 62.0 起 0
55.699 55.955 64.0 也 0
55.955 56.212 62.0 一 0
56.212 56.468 64.0 样 0
56.468 56.725 62.0 要 0
56.725 56.981 64.0 对 0
56.981 57.238 62.0 我 0
57.238 57.494 69.0 放 0
57.494 57.75 62.0 弃 1
58.048 58.304 62.0 就 0
58.304 58.561 62.0 算 0
58.561 58.817 59.0 你 0
58.817 59.073 66.0 也 0
59.073 59.33 66.0 有 0
59.33 59.586 66.0 秘 0
59.586 59.714 64.0 密 0
59.714 60.099 66.0 武 0
60.099 60.355 64.0 器 0
60.868 61.125 66.0 就 0
61.125 61.381 66.0 算 0
61.381 61.638 66.0 你 0
61.638 61.766 64.0 能 0
61.766 62.15 66.0 靠 0
62.15 62.407 64.0 近 1
62.935 63.447 71.0 没 0
63.447 63.704 69.0 有 0
63.704 64.217 66.0 回 0
64.217 64.729 69.0 应 1
64.956 65.212 71.0 我 0
65.212 65.469 69.0 要 0
65.469 65.725 69.0 走 0
65.725 65.982 66.0 进 1
65.986 66.242 64.0 你 0
66.242 66.498 62.0 的 0
66.498 66.755 59.0 世 0
66.755 67.011 62.0 界 0
67.011 67.268 66.0 就 0
67.268 67.524 64.0 - 0
67.524 67.78 66.0 算 0
67.78 68.037 64.0 我 0
68.037 68.293 66.0 要 0
68.293 68.55 64.0 走 0
68.55 68.806 66.0 进 0
68.806 69.062 64.0 也 0
69.062 69.319 66.0 没 0
69.319 69.575 64.0 有 0
69.575 69.832 69.0 意 0
69.832 70.088 64.0 义 1
70.268 70.525 64.0 就 0
70.525 70.781 64.0 算 0
70.781 71.038 62.0 能 0
71.038 71.551 64.0 在 0
71.551 71.807 64.0 一 0
71.807 72.063 62.0 起 0
72.063 72.32 64.0 也 0
72.32 72.576 62.0 一 0
72.576 72.833 64.0 样 0
72.833 73.089 62.0 要 0
73.089 73.345 64.0 对 0
73.345 73.602 62.0 你 0
73.602 73.858 69.0 放 0
73.858 74.115 62.0 弃 1
74.497 74.753 62.0 就 0
74.753 75.01 62.0 算 0
75.01 75.266 59.0 我 0
75.266 75.523 66.0 也 0
75.523 75.779 66.0 有 0
75.779 76.036 66.0 秘 0
76.036 76.164 64.0 密 0
76.164 76.548 66.0 武 0
76.548 76.805 71.0 器 0
77.061 77.189 71.0 就 0
77.189 77.318 71.0 算 0
77.318 77.574 73.0 你 0
77.574 77.83 73.0 能 0
77.83 78.087 73.0 靠 0
78.087 78.343 74.0 近 1
78.347 78.732 73.0 没 0
78.732 79.116 71.0 有 0
79.116 79.373 70.0 回 0
79.373 80.911 71.0 应 1
91.175 91.431 62.0 说 0
91.431 91.688 59.0 什 0
91.688 91.944 62.0 么 0
92.2 92.457 62.0 做 0
92.457 92.713 59.0 什 0
92.713 92.97 62.0 么 0
93.226 93.482 62.0 感 0
93.482 93.739 59.0 觉 0
93.739 93.995 62.0 不 0
93.995 94.252 59.0 会 0
94.252 94.508 62.0 从 0
94.508 94.764 62.0 头 1
94.992 95.248 59.0 我 0
95.248 95.505 61.0 说 0
95.505 95.761 59.0 了 0
95.761 96.018 61.0 走 0
96.274 96.53 61.0 还 0
96.53 96.787 59.0 不 0
96.787 97.043 61.0 走 0
97.3 97.556 61.0 不 0
97.556 97.812 59.0 要 0
97.812 98.069 62.0 等 0
98.069 98.325 59.0 我 0
98.325 98.582 62.0 叛 0
98.582 99.094 66.0 变 1
99.303 99.559 62.0 天 0
99.559 99.816 59.0 再 0
99.816 100.072 62.0 黑 0
100.329 100.585 62.0 地 0
100.585 100.841 59.0 再 0
100.841 101.098 62.0 坠 0
101.354 101.611 62.0 说 0
101.611 101.867 59.0 我 0
101.867 102.123 61.0 不 0
102.123 102.38 59.0 会 0
102.38 102.636 61.0 崩 0
102.636 102.893 61.0 溃 1
103.089 103.345 62.0 别 0
103.345 103.602 62.0 说 0
103.602 103.858 64.0 oh 0
103.858 104.371 66.0 no 0
104.371 104.756 69.0 oh 0
104.756 105.397 66.0 - 0
105.91 106.422 66.0 no 0
106.422 107.192 66.0 oh 0
107.192 107.961 71.0 - 1
108.052 108.308 66.0 那 0
108.565 108.821 66.0 那 0
109.077 109.334 66.0 那 0
109.334 109.59 59.0 你 0
109.59 109.847 59.0 你 0
109.847 110.103 66.0 要 0
110.103 110.36 66.0 要 0
110.36 110.616 66.0 要 0
110.616 110.872 66.0 要 0
110.872 111.001 59.0 说 0
111.001 111.385 59.0 什 0
111.385 111.898 66.0 么 1
112.17 112.427 64.0 你 0
112.683 112.94 64.0 你 0
113.196 113.452 64.0 你 0
113.452 113.709 62.0 笑 0
113.709 113.965 64.0 我 0
113.965 114.222 62.0 变 0
114.222 114.478 64.0 变 0
114.478 114.734 64.0 变 0
114.734 114.991 64.0 变 0
114.991 115.119 62.0 大 0
115.119 115.504 64.0 魔 0
115.504 115.76 62.0 头 1
115.792 116.049 62.0 看 0
116.049 116.305 64.0 着 0
116.305 116.818 66.0 我 0
116.818 117.074 69.0 的 0
117.074 117.587 66.0 眼 0
117.587 118.1 64.0 睛 1
118.197 118.71 66.0 小 0
118.71 118.966 69.0 心 0
118.966 119.479 66.0 呼 0
119.479 119.736 64.0 吸 1
120.011 120.268 59.0 不 0
120.268 120.78 66.0 是 0
120.78 121.037 64.0 你 0
121.037 121.293 64.0 的 0
121.293 121.55 62.0 - 0
121.55 122.062 62.0 甜 0
122.062 122.575 61.0 心 0
122.575 123.088 59.0 - 1
123.412 123.669 59.0 我 0
123.669 123.925 61.0 的 0
123.925 124.182 62.0 世 0
124.182 124.438 64.0 界 0
124.438 124.695 66.0 就 0
124.695 124.951 64.0 - 0
124.951 125.207 66.0 算 0
125.207 125.464 64.0 你 0
125.464 125.72 66.0 要 0
125.72 125.977 64.0 走 0
125.977 126.233 66.0 进 0
126.233 126.489 64.0 也 0
126.489 126.746 66.0 没 0
126.746 127.002 64.0 有 0
127.002 127.259 66.0 意 0
127.259 127.515 64.0 义 1
127.816 128.073 64.0 就 0
128.073 128.329 64.0 算 0
128.329 128.586 62.0 能 0
128.586 129.098 64.0 在 0
129.098 129.355 64.0 一 0
129.355 129.611 62.0 起 0
129.611 129.868 64.0 也 0
129.868 130.124 62.0 一 0
130.124 130.381 64.0 样 0
130.381 130.637 62.0 要 0
130.637 130.893 64.0 对 0
130.893 131.15 62.0 我 0
131.15 131.406 69.0 放 0
131.406 131.663 62.0 弃 1
131.809 132.065 62.0 就 0
132.065 132.322 62.0 算 0
132.322 132.578 59.0 你 0
132.578 132.835 66.0 也 0
132.835 133.091 66.0 有 0
133.091 133.347 66.0 秘 0
133.347 133.476 64.0 密 0
133.476 133.86 66.0 武 0
133.86 134.117 64.0 器 0
134.63 134.886 66.0 就 0
134.886 135.142 66.0 算 0
135.142 135.399 66.0 你 0
135.399 135.527 64.0 能 0
135.527 135.912 66.0 靠 0
135.912 136.168 64.0 近 1
136.815 137.328 71.0 没 0
137.328 137.584 69.0 有 0
137.584 138.097 66.0 回 0
138.097 138.61 69.0 应 1
138.721 138.977 71.0 我 0
138.977 139.234 69.0 要 0
139.234 139.49 69.0 走 0
139.49 139.747 66.0 进 1
139.794 140.05 64.0 你 0
140.05 140.307 62.0 的 0
140.307 140.563 59.0 世 0
140.563 140.819 62.0 界 0
140.819 141.076 66.0 就 0
141.076 141.332 64.0 - 0
141.332 141.589 66.0 算 0
141.589 141.845 64.0 我 0
141.845 142.101 66.0 要 0
142.101 142.358 64.0 走 0
142.358 142.614 66.0 进 0
142.614 142.871 64.0 也 0
142.871 143.127 66.0 没 0
143.127 143.383 64.0 有 0
143.383 143.64 69.0 意 0
143.64 143.896 64.0 义 1
144.199 144.455 64.0 就 0
144.455 144.712 64.0 算 0
144.712 144.968 62.0 能 0
144.968 145.481 64.0 在 0
145.481 145.737 64.0 一 0
145.737 145.994 62.0 起 0
145.994 146.25 64.0 也 0
146.25 146.506 62.0 一 0
146.506 146.763 64.0 样 0
146.763 147.019 62.0 要 0
147.019 147.276 64.0 对 0
147.276 147.532 62.0 你 0
147.532 147.788 69.0 放 0
147.788 148.045 62.0 弃 1
148.177 148.434 62.0 就 0
148.434 148.69 62.0 算 0
148.69 148.947 59.0 我 0
148.947 149.203 66.0 也 0
149.203 149.459 66.0 有 0
149.459 149.716 66.0 秘 0
149.716 149.844 64.0 密 0
149.844 150.229 66.0 武 0
150.229 150.485 71.0 器 0
150.741 150.87 71.0 就 0
150.87 150.998 71.0 算 0
150.998 151.254 73.0 你 0
151.254 151.511 73.0 能 0
151.511 151.767 73.0 靠 0
151.767 152.023 74.0 近 1
152.025 152.41 73.0 没 0
152.41 152.795 71.0 有 0
152.795 153.051 70.0 回 0
153.051 154.59 71.0 应 1
156.28 156.536 59.0 我 0
156.536 156.793 61.0 的 0
156.793 157.049 62.0 世 0
157.049 157.306 64.0 界 0
157.306 157.818 66.0 就 0
157.818 158.075 66.0 算 0
158.075 158.331 64.0 你 0
158.331 158.588 66.0 要 0
158.588 158.844 64.0 走 0
158.844 159.101 66.0 进 0
159.101 159.357 64.0 也 0
159.357 159.613 66.0 没 0
159.613 159.87 64.0 有 0
159.87 160.126 69.0 意 0
160.126 160.383 64.0 义 1
160.638 160.894 64.0 就 0
160.894 161.151 64.0 算 0
161.151 161.407 62.0 能 0
161.407 161.92 64.0 在 0
161.92 162.176 64.0 一 0
162.176 162.433 62.0 起 0
162.433 162.689 64.0 也 0
162.689 162.946 62.0 一 0
162.946 163.202 64.0 样 0
163.202 163.458 62.0 要 0
163.458 163.715 64.0 对 0
163.715 163.971 62.0 我 0
163.971 164.228 69.0 放 0
164.228 164.484 62.0 弃 1
164.567 164.823 62.0 就 0
164.823 165.079 62.0 算 0
165.079 165.336 59.0 你 0
165.336 165.592 66.0 也 0
165.592 165.849 66.0 有 0
165.849 166.105 66.0 秘 0
166.105 166.233 64.0 密 0
166.233 166.618 66.0 武 0
166.618 166.874 64.0 器 0
167.387 167.643 66.0 就 0
167.643 167.9 66.0 算 0
167.9 168.156 66.0 你 0
168.156 168.284 64.0 能 0
168.284 168.669 66.0 靠 0
168.669 168.926 64.0 近 1
169.557 170.07 71.0 没 0
170.07 170.327 69.0 有 0
170.327 170.839 66.0 回 0
170.839 171.352 69.0 应 1
171.681 171.937 71.0 我 0
171.937 172.193 69.0 要 0
172.193 172.45 69.0 走 0
172.45 172.706 66.0 进 1
172.711 172.968 64.0 你 0
172.968 173.224 62.0 的 0
173.224 173.48 59.0 世 0
173.48 173.737 62.0 界 0
173.737 173.993 66.0 就 0
173.993 174.25 64.0 - 0
174.25 174.506 66.0 算 0
174.506 174.763 64.0 我 0
174.763 175.019 66.0 要 0
175.019 175.275 64.0 走 0
175.275 175.532 66.0 进 0
175.532 175.788 64.0 也 0
175.788 176.045 66.0 没 0
176.045 176.301 64.0 有 0
176.301 176.557 69.0 意 0
176.557 176.814 64.0 义 1
176.94 177.197 64.0 就 0
177.197 177.453 64.0 算 0
177.453 177.709 62.0 能 0
177.709 178.222 64.0 在 0
178.222 178.479 64.0 一 0
178.479 178.735 62.0 起 0
178.735 178.992 64.0 也 0
178.992 179.248 62.0 一 0
179.248 179.504 64.0 样 0
179.504 179.761 62.0 要 0
179.761 180.017 64.0 对 0
180.017 180.274 62.0 你 0
180.274 180.53 69.0 放 0
180.53 180.786 62.0 弃 1
181.13 181.386 62.0 就 0
181.386 181.643 62.0 算 0
181.643 181.899 59.0 我 0
181.899 182.155 66.0 也 0
182.155 182.412 66.0 有 0
182.412 182.668 66.0 秘 0
182.668 182.796 64.0 密 0
182.796 183.181 66.0 武 0
183.181 183.438 71.0 器 0
183.694 183.822 71.0 就 0
183.822 183.95 71.0 算 0
183.95 184.207 73.0 你 0
184.207 184.463 73.0 能 0
184.463 184.72 73.0 靠 0
184.72 184.976 74.0 近 1
184.984 185.369 73.0 没 0
185.369 185.753 71.0 有 0
185.753 186.01 70.0 回 0
186.01 187.548 71.0 应 1
