28.317 28.707 51.0 男:我 0
28.707 29.096 53.0 已 0
29.096 29.486 56.0 恋 0
29.486 29.876 58.0 上 0
29.876 30.265 60.0 你 0
30.265 30.655 63.0 的 0
30.655 31.044 56.0 气 0
31.044 31.434 53.0 - 0
31.434 33.382 51.0 息 1
34.55 34.939 53.0 我 0
34.939 35.329 56.0 已 0
35.329 35.719 56.0 爱 0
35.719 36.108 53.0 上 0
36.108 36.498 65.0 你 0
36.498 36.888 63.0 的 0
36.888 37.277 63.0 美 0
37.277 37.667 58.0 - 0
37.667 39.615 60.0 丽 1
40.714 41.103 60.0 白 0
41.103 41.493 60.0 天 0
41.493 41.882 58.0 想 0
41.882 42.272 60.0 着 0
42.272 43.441 63.0 你 1
43.836 44.226 58.0 夜 0
44.226 44.616 58.0 里 0
44.616 45.005 58.0 梦 0
45.005 45.395 56.0 到 0
45.395 46.174 53.0 你 1
46.881 47.271 58.0 爱 0
47.271 47.661 58.0 上 0
47.661 48.05 58.0 你 0
48.05 48.44 60.0 我 0
48.44 48.829 58.0 情 0
48.829 49.219 60.0 非 0
49.219 49.609 55.0 得 0
49.609 49.998 53.0 - 0
49.998 51.557 51.0 已 1
53.168 53.558 51.0 女:窗 0
53.558 53.947 53.0 外 0
53.947 54.337 56.0 的 0
54.337 54.727 58.0 雨 0
54.727 55.116 60.0 淅 0
55.116 55.506 63.0 淅 0
55.506 55.895 51.0 沥 0
55.895 56.285 53.0 - 0
56.285 58.233 56.0 沥 1
59.532 59.921 56.0 依 0
59.921 60.311 56.0 稀 0
60.311 60.701 56.0 看 0
60.701 61.09 53.0 到 0
61.09 61.48 65.0 你 0
61.48 61.87 63.0 的 0
61.87 62.259 63.0 身 0
62.259 62.649 58.0 - 0
62.649 64.597 60.0 影 1
65.753 66.142 60.0 翻 0
66.142 66.532 63.0 看 0
66.532 66.921 58.0 着 0
66.921 67.311 60.0 手 0
67.311 67.701 60.0 机 0
67.701 68.48 63.0 - 1
68.798 69.187 58.0 找 0
69.187 69.577 60.0 你 0
69.577 69.966 58.0 的 0
69.966 70.356 56.0 讯 0
70.356 71.33 53.0 息 1
71.817 72.207 58.0 心 0
72.207 72.597 58.0 中 0
72.597 72.986 58.0 的 0
72.986 73.376 60.0 爱 0
73.376 73.765 58.0 情 0
73.765 74.155 60.0 不 0
74.155 74.545 51.0 自 0
74.545 74.934 53.0 - 0
74.934 77.272 56.0 已 1
78.06 78.45 63.0 合:想 0
78.45 79.229 63.0 你 0
79.229 79.619 65.0 的 0
79.619 80.013 65.0 滋 0
80.013 80.398 68.0 - 0
80.398 81.177 68.0 味 1
81.285 81.675 65.0 男:就 0
81.675 82.064 65.0 是 0
82.064 82.454 68.0 很 0
82.454 82.843 60.0 甜 0
82.843 83.231 60.0 蜜 0
83.231 84.012 63.0 - 1
84.446 84.836 63.0 女:快 0
84.836 85.615 63.0 乐 0
85.615 86.004 65.0 和 0
86.004 86.397 65.0 悲 0
86.397 86.784 68.0 - 0
86.784 87.173 68.0 伤 1
87.588 87.977 60.0 都 0
87.977 88.367 60.0 是 0
88.367 88.757 60.0 为 0
88.757 89.146 63.0 了 0
89.146 90.315 58.0 你 1
90.562 91.146 58.0 男:在 0
91.146 91.341 56.0 我 0
91.341 91.731 58.0 的 0
91.731 92.12 60.0 心 0
92.12 92.506 60.0 里 0
92.506 93.289 63.0 - 1
93.806 94.195 58.0 你 0
94.195 94.585 60.0 就 0
94.585 94.974 58.0 是 0
94.974 95.364 56.0 唯 0
95.364 96.143 53.0 一 1
96.883 97.075 56.0 今 0
97.078 97.465 58.0 - 0
97.465 97.66 58.0 生 0
97.66 98.049 58.0 只 0
98.049 98.439 60.0 想 0
98.439 98.828 58.0 和 0
98.828 99.218 56.0 - 0
99.218 99.608 53.0 你 1
100.053 100.443 65.0 女:永 0
100.443 100.833 65.0 远 0
100.833 101.222 65.0 不 0
101.222 101.612 60.0 分 0
101.612 101.997 60.0 离 0
101.997 102.781 63.0 - 1
102.989 103.379 63.0 合:想 0
103.379 104.158 63.0 你 0
104.158 104.548 65.0 的 0
104.548 104.936 65.0 感 0
104.936 105.327 68.0 - 0
105.327 106.106 68.0 觉 1
106.232 106.622 65.0 男:目 0
106.622 107.011 65.0 眩 0
107.011 107.401 68.0 又 0
107.401 107.791 60.0 神 0
107.791 108.179 60.0 迷 0
108.179 108.959 63.0 - 1
109.408 109.798 63.0 女:亲 0
109.798 110.577 63.0 爱 0
110.577 110.966 65.0 的 0
110.966 111.355 65.0 宝 0
111.355 111.746 68.0 - 0
111.746 112.135 68.0 贝 1
112.399 112.788 60.0 可 0
112.788 113.178 60.0 知 0
113.178 113.568 60.0 我 0
113.568 113.957 63.0 想 0
113.957 115.126 58.0 你 1
115.498 116.082 58.0 男:爱 0
116.082 116.277 56.0 你 0
116.277 116.667 58.0 的 0
116.667 117.056 60.0 所 0
117.056 117.445 60.0 有 0
117.445 118.225 63.0 - 1
118.623 119.012 58.0 无 0
119.012 119.402 60.0 人 0
119.402 119.791 58.0 能 0
119.791 120.181 56.0 代 0
120.181 121.155 53.0 替 1
121.741 122.326 51.0 合:我 0
122.326 122.521 53.0 的 0
122.521 122.91 56.0 心 0
122.91 123.3 58.0 儿 0
123.3 123.69 60.0 砰 0
123.69 124.079 60.0 砰 0
124.079 124.469 58.0 地 0
124.469 124.858 56.0 跳 1
124.867 125.257 58.0 都 0
125.257 125.647 58.0 是 0
125.647 126.036 58.0 为 0
126.039 126.426 58.0 了 0
126.426 128.763 56.0 你 1
154.578 154.967 51.0 男:窗 0
154.967 155.357 53.0 外 0
155.357 155.747 56.0 的 0
155.747 156.136 58.0 雨 0
156.136 156.526 60.0 淅 0
156.526 156.915 63.0 淅 0
156.915 157.305 51.0 沥 0
157.305 157.695 53.0 - 0
157.695 159.643 56.0 沥 1
160.659 161.049 56.0 依 0
161.049 161.439 56.0 稀 0
161.439 161.828 56.0 看 0
161.828 162.218 53.0 到 0
162.218 162.608 65.0 你 0
162.608 162.997 65.0 的 0
162.997 163.387 63.0 身 0
163.387 163.776 58.0 - 0
163.776 165.724 60.0 影 1
166.982 167.372 60.0 女:翻 0
167.372 167.761 60.0 看 0
167.761 168.151 58.0 着 0
168.151 168.541 60.0 手 0
168.541 168.929 60.0 机 0
168.929 169.71 63.0 - 1
170.041 170.431 58.0 找 0
170.431 170.82 60.0 你 0
170.82 171.21 58.0 的 0
171.21 171.6 56.0 讯 0
171.6 172.574 53.0 息 1
173.182 173.572 58.0 心 0
173.572 173.961 58.0 中 0
173.961 174.351 58.0 的 0
174.351 174.74 60.0 爱 0
174.74 175.13 58.0 情 0
175.13 175.52 60.0 不 0
175.52 175.909 51.0 自 0
175.909 176.299 53.0 - 0
176.299 178.247 56.0 已 1
179.396 179.785 63.0 合:想 0
179.785 180.565 63.0 你 0
180.565 180.954 65.0 的 0
180.954 181.733 68.0 滋 0
181.733 182.513 68.0 味 1
182.552 182.941 65.0 男:就 0
182.941 183.331 65.0 是 0
183.331 183.72 68.0 很 0
183.72 184.11 60.0 甜 0
184.113 184.498 60.0 蜜 0
184.498 185.279 63.0 - 1
185.677 186.066 63.0 女:快 0
186.066 186.845 63.0 乐 0
186.845 187.235 65.0 和 0
187.235 187.619 65.0 悲 0
187.619 188.014 68.0 - 0
188.014 188.404 68.0 伤 1
188.778 189.168 60.0 都 0
189.168 189.558 60.0 是 0
189.558 189.947 60.0 为 0
189.947 190.337 63.0 了 0
190.337 191.506 58.0 你 1
191.966 192.551 58.0 男:在 0
192.551 192.746 56.0 我 0
192.746 193.135 58.0 的 0
193.135 193.525 60.0 心 0
193.525 194.694 63.0 里 1
195.04 195.43 58.0 你 0
195.43 195.819 60.0 就 0
195.819 196.209 58.0 是 0
196.209 196.599 56.0 唯 0
196.599 197.378 53.0 一 1
198.072 198.656 58.0 今 0
198.656 198.851 58.0 生 0
198.851 199.241 58.0 只 0
199.241 199.63 60.0 想 0
199.63 200.02 58.0 和 0
200.02 200.41 56.0 - 0
200.41 200.799 53.0 你 1
201.296 201.686 65.0 女:永 0
201.686 202.075 68.0 远 0
202.075 202.465 65.0 不 0
202.465 202.854 60.0 分 0
202.854 203.244 60.0 离 0
203.244 204.023 63.0 - 1
204.299 204.688 63.0 合:想 0
204.688 205.468 63.0 你 0
205.468 205.857 65.0 的 0
205.857 206.246 65.0 感 0
206.246 206.636 68.0 - 0
206.636 207.416 68.0 觉 1
207.485 207.874 65.0 男:目 0
207.874 208.264 65.0 眩 0
208.264 208.654 68.0 又 0
208.654 209.043 60.0 神 0
209.043 209.43 60.0 迷 0
209.43 210.212 63.0 - 1
210.668 211.057 63.0 女:亲 0
211.057 211.836 63.0 爱 0
211.836 212.226 65.0 的 0
212.226 212.621 65.0 宝 0
212.621 213.005 68.0 - 0
213.005 213.395 68.0 贝 1
213.707 214.097 60.0 可 0
214.097 214.487 60.0 知 0
214.487 214.876 60.0 我 0
214.876 215.266 63.0 想 0
215.266 216.435 58.0 你 1
216.906 217.098 56.0 男:爱 0
217.098 217.491 58.0 - 0
217.491 217.686 56.0 你 0
217.686 218.075 58.0 的 0
218.075 218.465 60.0 所 0
218.465 218.854 60.0 有 0
218.854 219.634 63.0 - 1
219.964 220.354 58.0 无 0
220.354 220.743 60.0 人 0
220.743 221.133 58.0 能 0
221.133 221.523 56.0 代 0
221.523 222.497 53.0 替 1
223.062 223.647 51.0 合:我 0
223.647 223.841 53.0 的 0
223.841 224.231 56.0 心 0
224.231 224.621 58.0 儿 0
224.621 225.01 60.0 砰 0
225.01 225.4 63.0 砰 0
225.4 225.789 58.0 地 0
225.789 226.179 56.0 跳 1
226.223 226.613 58.0 都 0
226.613 227.002 58.0 是 0
227.002 227.392 58.0 为 0
227.392 227.781 60.0 了 0
227.781 229.729 56.0 你 1
230.811 231.201 63.0 合:想 0
231.201 231.98 63.0 你 0
231.98 232.37 65.0 的 0
232.37 233.149 68.0 滋 0
233.149 233.928 68.0 味 1
233.931 234.321 65.0 男:就 0
234.321 234.71 65.0 是 0
234.71 235.1 68.0 很 0
235.1 235.49 60.0 甜 0
235.49 235.881 60.0 蜜 0
235.881 236.658 63.0 - 1
237.111 237.501 63.0 女:快 0
237.501 238.28 63.0 乐 0
238.28 238.669 65.0 和 0
238.669 239.061 65.0 悲 0
239.061 239.449 68.0 - 0
239.449 239.838 68.0 伤 1
240.176 240.566 60.0 都 0
240.566 240.955 60.0 是 0
240.955 241.345 60.0 为 0
241.345 241.734 63.0 了 0
241.734 242.903 58.0 你 1
243.265 243.849 58.0 男:在 0
243.849 244.044 56.0 我 0
244.044 244.434 58.0 的 0
244.434 244.823 60.0 心 0
244.823 245.211 60.0 里 0
245.216 245.992 63.0 - 1
246.485 246.874 58.0 你 0
246.874 247.264 60.0 就 0
247.264 247.654 58.0 是 0
247.654 248.043 56.0 唯 0
248.043 248.822 53.0 一 1
249.583 250.167 58.0 今 0
250.167 250.362 58.0 生 0
250.362 250.751 58.0 只 0
250.751 251.141 60.0 想 0
251.141 251.531 58.0 和 0
251.531 251.92 56.0 - 0
251.92 252.31 53.0 你 1
252.678 253.068 65.0 女:永 0
253.068 253.458 68.0 远 0
253.458 253.847 65.0 不 0
253.847 254.237 60.0 分 0
254.237 254.628 60.0 离 0
254.628 255.406 63.0 - 1
255.901 256.291 63.0 合:想 0
256.291 257.07 63.0 你 0
257.07 257.46 65.0 的 0
257.46 257.85 65.0 感 0
257.85 258.239 68.0 - 0
258.239 259.018 68.0 觉 1
259.018 259.408 65.0 男:目 0
259.408 259.797 65.0 眩 0
259.797 260.187 68.0 又 0
260.187 260.577 60.0 神 0
260.577 260.964 60.0 迷 0
260.964 261.745 63.0 - 1
261.952 262.342 63.0 女:亲 0
262.342 263.121 63.0 爱 0
263.121 263.511 65.0 的 0
263.511 263.896 65.0 宝 0
263.896 264.29 68.0 - 0
264.29 264.679 68.0 贝 1
265.224 265.614 60.0 可 0
265.614 266.003 60.0 知 0
266.003 266.393 60.0 我 0
266.393 266.782 63.0 想 0
266.782 267.951 58.0 你 1
268.281 268.476 56.0 男:爱 0
268.476 268.865 58.0 - 0
268.865 269.06 56.0 你 0
269.06 269.45 58.0 的 0
269.45 269.839 60.0 所 0
269.839 270.23 60.0 有 0
270.23 271.008 63.0 - 1
271.357 271.746 58.0 无 0
271.746 272.136 60.0 人 0
272.136 272.526 58.0 能 0
272.526 272.915 56.0 代 0
272.915 273.889 53.0 替 1
274.603 275.187 51.0 合:我 0
275.187 275.382 53.0 的 0
275.382 275.771 56.0 心 0
275.771 276.161 58.0 儿 0
276.161 276.551 60.0 砰 0
276.551 276.94 60.0 砰 0
276.94 277.33 58.0 地 0
277.33 277.719 56.0 跳 1
277.72 278.11 58.0 都 0
278.11 278.5 58.0 是 0
278.5 278.889 58.0 为 0
278.889 279.279 60.0 了 0
279.279 281.617 56.0 你 1
282.215 282.678 51.0 我 0
282.678 283.142 53.0 的 0
283.142 283.605 56.0 心 0
283.605 284.068 58.0 儿 0
284.068 284.529 60.0 砰 0
284.529 284.989 63.0 砰 0
284.989 285.45 58.0 地 0
285.45 285.911 56.0 跳 1
285.986 286.446 58.0 都 0
286.446 288.503 58.0 是 0
289.179 289.964 58.0 为 0
289.964 291.038 60.0 了 0
291.038 293.201 56.0 你 1
