16.637 16.864 56.0 我 0
16.864 18.216 56.0 来 0
18.216 18.666 58.0 自 0
18.666 19.117 60.0 偶 0
19.117 19.567 63.0 然 0
20.243 20.468 60.0 像 0
20.468 21.801 68.0 一 0
21.801 22.245 67.0 颗 0
22.245 22.693 65.0 尘 0
22.693 23.588 63.0 土 1
24.336 24.781 65.0 有 0
24.781 25.226 65.0 谁 0
25.226 25.67 63.0 看 0
25.67 26.115 63.0 出 0
26.56 26.783 56.0 我 0
26.783 27.227 58.0 的 0
27.227 27.45 60.0 脆 0
27.45 27.901 58.0 - 0
27.901 30.151 58.0 弱 1
30.824 31.048 56.0 来 0
31.048 32.394 56.0 我 0
32.394 32.843 58.0 自 0
32.843 33.292 60.0 何 0
33.292 33.965 63.0 方 0
34.413 34.638 60.0 我 0
34.638 35.981 68.0 情 0
35.981 36.429 70.0 归 0
36.429 36.877 68.0 何 0
36.877 37.548 63.0 处 1
37.922 38.37 60.0 谁 0
38.37 39.26 58.0 在 0
39.704 39.927 58.0 下 0
39.927 40.373 65.0 一 0
40.373 41.269 63.0 刻 0
41.941 42.161 58.0 呼 0
42.161 42.602 60.0 唤 0
42.602 44.614 56.0 我 1
45.462 45.91 58.0 天 0
45.91 46.806 58.0 地 0
46.806 47.254 56.0 虽 0
47.254 48.148 58.0 宽 0
48.595 48.819 56.0 这 0
48.819 49.043 58.0 条 0
49.043 49.937 60.0 路 0
49.937 50.384 60.0 却 0
50.384 50.832 58.0 难 0
50.832 51.726 60.0 走 1
52.397 52.621 56.0 我 0
52.621 53.068 58.0 看 0
53.068 53.515 58.0 遍 0
53.515 53.963 58.0 这 0
53.963 54.186 56.0 人 0
54.186 54.857 58.0 间 0
55.304 55.528 63.0 坎 0
55.528 55.975 65.0 - 0
55.975 56.199 63.0 坷 0
56.199 56.646 63.0 辛 0
56.646 58.894 60.0 苦 1
59.724 59.946 60.0 我 0
59.946 60.39 63.0 还 0
60.39 60.613 63.0 有 0
60.613 61.057 63.0 多 0
61.057 61.279 60.0 少 0
61.279 62.628 63.0 爱 0
63.305 63.527 60.0 我 0
63.527 63.97 68.0 还 0
63.97 64.192 68.0 有 0
64.192 64.636 68.0 多 0
64.636 65.079 60.0 少 0
65.079 66.21 65.0 泪 1
66.909 67.35 65.0 要 0
67.35 67.792 65.0 苍 0
67.792 68.233 65.0 天 0
68.233 68.675 63.0 知 0
68.675 69.126 65.0 道 0
69.351 69.577 65.0 我 0
69.577 70.028 68.0 不 0
70.028 70.479 65.0 认 0
70.479 73.177 70.0 输 1
74.2 74.644 63.0 感 0
74.644 75.533 72.0 恩 0
75.533 75.755 70.0 的 0
75.755 76.866 72.0 心 0
77.754 78.205 60.0 感 0
78.205 79.105 68.0 谢 0
79.105 79.555 67.0 有 0
79.555 80.456 65.0 你 1
81.238 81.685 65.0 伴 0
81.685 82.579 70.0 我 0
82.579 83.026 68.0 一 0
83.026 83.921 70.0 生 0
84.368 84.591 65.0 让 0
84.591 84.815 68.0 我 0
84.815 85.263 70.0 有 0
85.263 85.488 70.0 勇 0
85.488 85.712 70.0 气 0
85.712 86.16 70.0 作 0
86.16 86.384 68.0 我 0
86.384 86.608 70.0 自 0
86.608 87.057 72.0 - 0
87.057 87.954 70.0 己 1
88.446 88.89 63.0 感 0
88.89 89.779 72.0 恩 0
89.779 90.224 70.0 的 0
90.224 91.362 72.0 心 0
92.044 92.49 60.0 感 0
92.49 93.381 68.0 谢 0
93.381 93.827 67.0 命 0
93.827 94.729 65.0 运 1
95.334 95.56 63.0 花 0
95.56 96.007 65.0 开 0
96.007 96.231 68.0 花 0
96.231 96.902 68.0 落 0
97.126 97.349 70.0 我 0
97.349 97.799 70.0 一 0
97.799 98.697 70.0 样 0
98.697 98.922 68.0 会 0
98.922 99.589 67.0 珍 0
99.589 101.806 68.0 惜 1
131.138 131.362 56.0 我 0
131.362 132.707 56.0 来 0
132.707 133.155 58.0 自 0
133.155 133.604 58.0 偶 0
133.604 134.276 63.0 然 0
134.725 134.949 60.0 像 0
134.949 136.294 68.0 一 0
136.294 136.743 67.0 颗 0
136.743 137.191 65.0 尘 0
137.191 138.088 63.0 土 1
138.96 139.408 65.0 有 0
139.408 139.856 65.0 谁 0
139.856 140.305 63.0 看 0
140.305 140.753 63.0 出 0
141.202 141.426 56.0 我 0
141.426 141.874 58.0 的 0
141.874 142.098 60.0 脆 0
142.098 142.547 58.0 - 0
142.547 144.34 58.0 弱 1
145.453 145.677 56.0 我 0
145.677 147.017 56.0 来 0
147.017 147.463 58.0 自 0
147.463 147.91 60.0 何 0
147.91 148.58 63.0 方 0
149.026 149.249 60.0 我 0
149.249 150.595 68.0 情 0
150.595 151.043 70.0 归 0
151.043 151.491 68.0 何 0
151.491 152.164 63.0 处 1
152.43 152.879 60.0 谁 0
152.879 153.769 58.0 在 0
154.215 154.437 58.0 下 0
154.437 154.885 65.0 一 0
154.885 155.785 63.0 刻 0
156.46 156.685 58.0 呼 0
156.685 157.133 60.0 唤 0
157.133 159.151 56.0 我 1
160.037 160.485 58.0 天 0
160.485 161.381 58.0 地 0
161.381 161.829 56.0 虽 0
161.829 162.725 58.0 宽 0
163.173 163.397 56.0 这 0
163.397 163.621 58.0 条 0
163.621 164.517 60.0 路 0
164.517 164.965 60.0 却 0
164.965 165.189 58.0 难 0
165.189 166.309 60.0 走 1
166.968 167.192 56.0 我 0
167.192 167.64 58.0 看 0
167.64 168.088 58.0 遍 0
168.088 168.537 58.0 这 0
168.537 168.761 56.0 人 0
168.761 169.434 58.0 间 0
169.882 170.106 63.0 坎 0
170.106 170.554 65.0 - 0
170.554 170.779 63.0 坷 0
170.779 171.224 63.0 辛 0
171.224 173.452 60.0 苦 1
174.314 174.538 60.0 我 0
174.538 174.987 63.0 还 0
174.987 175.211 63.0 有 0
175.211 175.659 63.0 多 0
175.659 175.883 60.0 少 0
175.883 177.004 63.0 爱 0
177.901 178.126 60.0 我 0
178.126 178.576 68.0 还 0
178.576 178.8 68.0 有 0
178.8 179.25 68.0 多 0
179.25 179.7 60.0 少 0
179.7 181.062 65.0 泪 1
181.68 182.124 65.0 要 0
182.124 182.568 65.0 苍 0
182.568 183.011 65.0 天 0
183.011 183.233 63.0 知 0
183.233 183.902 65.0 道 0
184.126 184.349 65.0 我 0
184.349 184.797 68.0 不 0
184.797 185.244 65.0 认 0
185.244 187.921 70.0 输 1
188.767 189.214 63.0 感 0
189.214 190.108 72.0 恩 0
190.108 190.332 70.0 的 0
190.332 191.463 72.0 心 0
192.371 192.817 60.0 感 0
192.817 193.71 68.0 谢 0
193.71 193.933 67.0 有 0
193.933 195.048 65.0 你 1
195.842 196.291 65.0 伴 0
196.291 197.187 70.0 我 0
197.187 197.636 68.0 一 0
197.636 198.533 70.0 生 0
198.981 199.205 65.0 让 0
199.205 199.429 68.0 我 0
199.429 199.874 70.0 有 0
199.874 200.096 70.0 勇 0
200.096 200.318 70.0 气 0
200.318 200.762 70.0 作 0
200.762 200.984 68.0 我 0
200.984 201.206 70.0 自 0
201.206 201.659 72.0 - 0
201.659 202.563 70.0 己 1
203.049 203.501 63.0 感 0
203.501 204.406 72.0 恩 0
204.406 204.632 70.0 的 0
204.632 205.739 72.0 心 0
206.62 207.068 60.0 感 0
207.068 207.965 68.0 谢 0
207.965 208.413 67.0 命 0
208.413 209.31 65.0 运 1
210.091 210.315 63.0 花 0
210.315 210.763 65.0 开 0
210.763 210.987 68.0 花 0
210.987 211.436 68.0 落 0
211.884 212.108 70.0 我 0
212.108 212.557 72.0 一 0
212.557 213.454 70.0 样 0
213.454 213.902 68.0 会 0
213.902 214.354 67.0 珍 0
214.354 216.616 68.0 惜 1
217.56 217.997 63.0 感 0
217.997 218.872 72.0 恩 0
218.872 219.09 70.0 的 0
219.09 220.211 72.0 心 0
221.112 221.56 60.0 感 0
221.56 222.456 68.0 谢 0
222.456 222.904 67.0 有 0
222.904 223.8 65.0 你 1
224.557 225.008 65.0 伴 0
225.008 225.909 70.0 我 0
225.909 226.36 68.0 一 0
226.36 227.252 70.0 生 0
227.698 227.921 65.0 让 0
227.921 228.144 68.0 我 0
228.144 228.591 70.0 有 0
228.591 228.814 70.0 勇 0
228.814 229.038 70.0 气 0
229.038 229.484 70.0 作 0
229.484 229.708 68.0 我 0
229.708 230.379 72.0 自 0
230.379 231.275 70.0 己 1
231.823 232.27 63.0 感 0
232.27 233.166 72.0 恩 0
233.166 233.39 70.0 的 0
233.39 234.508 72.0 心 0
235.403 235.851 60.0 感 0
235.851 236.749 68.0 谢 0
236.749 237.198 67.0 命 0
237.198 238.087 65.0 运 1
238.678 238.9 63.0 花 0
238.9 239.355 65.0 开 0
239.355 239.583 68.0 花 0
239.583 240.265 68.0 落 0
240.493 240.72 70.0 我 0
240.72 241.161 72.0 一 0
241.161 242.043 70.0 样 0
242.043 242.484 68.0 会 0
242.484 242.945 67.0 珍 0
242.945 245.208 68.0 惜 1
