21.815 22.072 54.0 芙 0
22.072 22.328 56.0 - 0
22.328 22.584 59.0 蓉 0
22.584 22.834 59.0 城 0
22.834 23.084 56.0 三 0
23.084 23.334 59.0 月 0
23.334 23.584 56.0 雨 0
23.584 24.084 59.0 纷 0
24.103 24.353 59.0 纷 0
24.353 24.603 56.0 四 0
24.603 24.853 59.0 月 0
24.853 25.103 61.0 绣 0
25.103 25.603 61.0 花 0
25.794 26.044 54.0 针 0
26.044 26.294 56.0 羽 0
26.294 26.544 59.0 毛 0
26.544 26.794 59.0 扇 0
26.794 27.044 56.0 遥 0
27.044 27.294 59.0 指 0
27.294 27.544 56.0 千 0
27.544 28.044 59.0 军 0
28.044 28.294 59.0 阵 0
28.294 28.544 56.0 锦 0
28.544 28.794 61.0 缎 0
28.794 29.044 63.0 裁 0
29.044 29.544 63.0 几 0
29.865 30.115 54.0 寸 0
30.115 30.365 56.0 看 0
30.365 30.615 59.0 铁 0
30.615 30.865 66.0 马 0
30.865 31.115 63.0 踏 0
31.115 31.365 61.0 冰 0
31.371 31.621 63.0 河 0
31.621 31.871 61.0 丝 0
31.871 32.121 59.0 线 0
32.121 32.371 56.0 缝 0
32.371 32.621 59.0 韶 0
32.621 32.871 56.0 华 0
32.871 33.121 54.0 红 0
33.121 33.371 51.0 尘 0
33.371 33.621 54.0 千 0
33.621 33.871 47.0 帐 0
34.505 34.755 59.0 灯 0
34.755 35.005 56.0 山 0
35.005 35.255 59.0 水 0
35.255 35.505 56.0 一 0
35.505 35.755 59.0 程 0
35.755 36.005 66.0 风 0
36.005 36.255 63.0 雪 0
36.255 36.505 59.0 再 0
36.505 37.505 61.0 一 0
37.844 38.094 54.0 程 0
38.094 38.344 56.0 红 0
38.344 38.594 59.0 烛 0
38.594 38.844 59.0 枕 0
38.844 39.094 56.0 五 0
39.094 39.344 59.0 月 0
39.344 39.594 56.0 花 0
39.594 40.094 59.0 叶 0
40.105 40.355 59.0 深 0
40.355 40.605 56.0 六 0
40.605 40.855 59.0 月 0
40.855 41.105 61.0 杏 0
41.105 41.605 61.0 花 0
41.818 42.068 54.0 村 0
42.068 42.318 56.0 红 0
42.318 42.568 59.0 酥 0
42.568 42.818 59.0 手 0
42.818 43.068 56.0 青 0
43.068 43.318 59.0 丝 0
43.318 43.568 56.0 万 0
43.568 44.068 59.0 千 0
44.098 44.348 59.0 根 0
44.348 44.598 56.0 姻 0
44.598 44.848 61.0 缘 0
44.848 45.098 63.0 多 0
45.098 45.598 63.0 一 0
45.757 46.007 54.0 分 0
46.007 46.257 56.0 等 0
46.257 46.507 59.0 残 0
46.507 46.757 66.0 阳 0
46.757 47.007 63.0 照 0
47.007 47.257 61.0 孤 0
47.384 47.634 63.0 影 0
47.634 47.884 61.0 牡 0
47.884 48.134 59.0 丹 0
48.134 48.384 56.0 染 0
48.384 48.634 59.0 铜 0
48.634 48.884 56.0 樽 0
48.884 49.134 54.0 满 0
49.134 49.384 51.0 城 0
49.384 49.634 54.0 牧 0
49.634 50.134 59.0 笛 0
50.458 50.708 59.0 声 0
50.708 50.958 56.0 伊 0
50.958 51.208 59.0 人 0
51.208 51.458 61.0 倚 0
51.458 51.708 61.0 门 0
51.708 51.958 61.0 望 0
51.958 52.208 63.0 君 0
52.208 52.708 66.0 踏 0
52.708 53.458 66.0 归 0
53.806 54.056 59.0 程 0
54.056 54.306 59.0 君 0
54.306 54.556 61.0 可 0
54.556 54.806 63.0 见 0
54.806 55.056 61.0 刺 0
55.056 55.306 63.0 绣 0
55.306 55.556 61.0 每 0
55.556 56.056 63.0 一 0
56.132 56.382 63.0 针 0
56.382 56.632 61.0 有 0
56.632 56.882 63.0 人 0
56.882 57.382 68.0 为 0
57.382 57.632 66.0 你 0
57.793 58.043 59.0 疼 0
58.043 58.293 59.0 君 0
58.293 58.543 61.0 可 0
58.543 58.793 63.0 见 0
58.793 59.043 61.0 牡 0
59.043 59.293 63.0 丹 0
59.293 59.543 61.0 开 0
59.543 60.043 63.0 一 0
60.089 60.339 63.0 生 0
60.339 60.589 61.0 有 0
60.589 60.839 63.0 人 0
60.839 61.339 70.0 为 0
61.339 61.964 66.0 你 0
62.248 62.748 68.0 等 0
62.748 62.998 66.0 江 0
62.998 63.248 66.0 河 0
63.248 63.498 64.0 入 0
63.498 64.123 64.0 海 0
64.248 64.748 66.0 奔 0
64.748 64.998 64.0 万 0
64.998 65.248 64.0 物 0
65.248 65.498 63.0 为 0
65.498 66.373 63.0 谁 0
66.596 66.846 63.0 春 0
66.846 67.096 63.0 明 0
67.096 67.346 59.0 月 0
67.346 67.596 56.0 照 0
67.596 68.096 68.0 不 0
68.096 68.346 66.0 尽 0
68.346 68.596 59.0 离 0
68.596 69.596 61.0 别 0
69.808 70.058 59.0 人 0
70.058 70.308 59.0 君 0
70.308 70.558 61.0 可 0
70.558 70.808 63.0 见 0
70.808 71.058 61.0 刺 0
71.058 71.308 63.0 绣 0
71.308 71.558 61.0 又 0
71.558 72.058 63.0 一 0
72.132 72.382 63.0 针 0
72.382 72.632 61.0 有 0
72.632 72.882 63.0 人 0
72.882 73.382 68.0 为 0
73.382 73.632 66.0 你 0
73.824 74.074 68.0 疼 0
74.074 74.324 68.0 君 0
74.324 74.574 70.0 可 0
74.574 74.824 71.0 见 0
74.824 75.074 70.0 夏 0
75.074 75.324 71.0 雨 0
75.324 75.574 70.0 秋 0
75.574 75.824 71.0 风 0
75.824 76.324 73.0 有 0
76.324 76.574 63.0 人 0
76.613 77.113 63.0 - 0
77.113 77.363 68.0 为 0
77.363 78.113 66.0 你 0
78.208 78.708 68.0 等 0
78.708 78.958 66.0 翠 0
78.958 79.208 66.0 竹 0
79.208 79.458 64.0 泣 0
79.458 80.083 64.0 墨 0
80.208 80.708 66.0 痕 0
80.708 80.958 64.0 锦 0
80.958 81.208 64.0 书 0
81.208 81.458 63.0 画 0
81.458 82.333 63.0 不 0
82.532 82.782 63.0 成 0
82.782 83.032 63.0 情 0
83.032 83.282 59.0 针 0
83.282 83.532 56.0 意 0
83.532 84.032 59.0 线 0
84.032 84.282 61.0 绣 0
84.282 84.782 63.0 不 0
84.782 85.532 61.0 尽 0
85.552 85.927 59.0 鸳 0
85.927 86.427 61.0 鸯 0
86.427 89.427 59.0 枕 0
90.004 90.504 63.0 此 0
90.504 91.004 71.0 - 0
91.004 91.504 70.0 生 0
91.504 92.004 68.0 笑 0
92.004 92.504 66.0 傲 0
92.504 93.004 66.0 风 0
93.004 93.504 63.0 月 0
93.504 94.004 63.0 瘦 0
94.004 94.504 59.0 如 0
94.504 95.504 59.0 - 0
95.604 96.104 59.0 刀 0
96.104 96.604 66.0 催 0
96.604 97.104 63.0 人 0
97.104 98.104 63.0 老 0
98.109 98.609 63.0 来 0
98.609 99.109 71.0 - 0
99.109 99.609 70.0 世 0
99.609 100.109 68.0 与 0
100.109 100.609 66.0 君 0
100.609 101.109 66.0 暮 0
101.109 101.609 63.0 暮 0
101.609 102.109 63.0 又 0
102.109 102.609 59.0 朝 0
102.609 103.609 59.0 - 0
103.626 104.126 59.0 朝 0
104.126 104.626 59.0 多 0
104.626 105.126 59.0 逍 0
105.126 106.626 59.0 - 0
107.754 108.004 54.0 遥 0
108.004 108.254 56.0 芙 0
108.254 108.504 59.0 蓉 0
108.504 108.754 59.0 城 0
108.754 109.004 56.0 三 0
109.004 109.254 59.0 月 0
109.254 109.504 56.0 雨 0
109.504 110.004 59.0 纷 0
110.119 110.369 59.0 纷 0
110.369 110.619 56.0 四 0
110.619 110.869 59.0 月 0
110.869 111.119 61.0 绣 0
111.119 111.619 61.0 花 0
111.758 112.008 54.0 针 0
112.008 112.258 56.0 羽 0
112.258 112.508 59.0 毛 0
112.508 112.758 59.0 扇 0
112.758 113.008 56.0 遥 0
113.008 113.258 59.0 指 0
113.258 113.508 56.0 千 0
113.508 114.008 59.0 军 0
114.077 114.327 59.0 阵 0
114.327 114.577 56.0 锦 0
114.577 114.827 61.0 缎 0
114.827 115.077 63.0 裁 0
115.077 115.577 63.0 几 0
115.746 115.996 54.0 寸 0
115.996 116.246 56.0 看 0
116.246 116.496 59.0 铁 0
116.496 116.746 66.0 马 0
116.746 116.996 63.0 踏 0
116.996 117.246 61.0 冰 0
117.288 117.538 63.0 河 0
117.538 117.788 61.0 丝 0
117.788 118.038 59.0 线 0
118.038 118.288 56.0 缝 0
118.288 118.538 59.0 韶 0
118.538 118.788 56.0 华 0
118.788 119.038 54.0 红 0
119.038 119.288 51.0 尘 0
119.288 119.538 54.0 千 0
119.538 119.788 47.0 帐 0
120.633 120.883 59.0 灯 0
120.883 121.133 56.0 山 0
121.133 121.383 59.0 水 0
121.383 121.633 56.0 一 0
121.633 121.883 59.0 程 0
121.883 122.133 66.0 风 0
122.133 122.383 63.0 雪 0
122.383 122.633 59.0 再 0
122.633 123.633 61.0 一 0
123.855 124.105 54.0 程 0
124.105 124.355 56.0 红 0
124.355 124.605 59.0 烛 0
124.605 124.855 59.0 枕 0
124.855 125.105 56.0 五 0
125.105 125.355 59.0 月 0
125.355 125.605 56.0 花 0
125.605 126.105 59.0 叶 0
126.112 126.362 59.0 深 0
126.362 126.612 56.0 六 0
126.612 126.862 59.0 月 0
126.862 127.112 61.0 杏 0
127.112 127.612 61.0 花 0
127.765 128.015 54.0 村 0
128.015 128.265 56.0 红 0
128.265 128.515 59.0 酥 0
128.515 128.765 59.0 手 0
128.765 129.015 56.0 青 0
129.015 129.265 59.0 丝 0
129.265 129.515 56.0 万 0
129.515 130.015 59.0 千 0
130.019 130.269 59.0 根 0
130.269 130.519 56.0 姻 0
130.519 130.769 61.0 缘 0
130.769 131.019 63.0 多 0
131.019 131.519 63.0 一 0
131.845 132.095 54.0 分 0
132.095 132.345 56.0 等 0
132.345 132.595 59.0 残 0
132.595 132.845 66.0 阳 0
132.845 133.095 63.0 照 0
133.095 133.345 61.0 孤 0
133.37 133.62 63.0 影 0
133.62 133.87 61.0 牡 0
133.87 134.12 59.0 丹 0
134.12 134.37 56.0 染 0
134.37 134.62 59.0 铜 0
134.62 134.87 56.0 樽 0
134.87 135.12 54.0 满 0
135.12 135.37 51.0 城 0
135.37 135.62 54.0 牧 0
135.62 136.12 59.0 笛 0
136.446 136.696 59.0 声 0
136.696 136.946 56.0 伊 0
136.946 137.196 59.0 人 0
137.196 137.446 61.0 倚 0
137.446 137.696 61.0 门 0
137.696 137.946 61.0 望 0
137.946 138.196 63.0 君 0
138.196 138.696 66.0 踏 0
138.696 140.446 66.0 归 0
141.765 142.015 59.0 程 0
142.015 142.265 59.0 君 0
142.265 142.515 61.0 可 0
142.515 142.765 63.0 见 0
142.765 143.015 61.0 刺 0
143.015 143.265 63.0 绣 0
143.265 143.515 61.0 每 0
143.515 144.015 63.0 一 0
144.033 144.283 63.0 针 0
144.283 144.533 61.0 有 0
144.533 144.783 63.0 人 0
144.783 145.283 68.0 为 0
145.283 145.533 66.0 你 0
145.754 146.004 59.0 疼 0
146.004 146.254 59.0 君 0
146.254 146.504 61.0 可 0
146.504 146.754 63.0 见 0
146.754 147.004 61.0 牡 0
147.004 147.254 63.0 丹 0
147.254 147.504 61.0 开 0
147.504 148.004 63.0 一 0
148.081 148.331 63.0 生 0
148.331 148.581 61.0 有 0
148.581 148.831 63.0 人 0
148.831 149.331 70.0 为 0
149.331 149.956 66.0 你 0
150.234 150.734 68.0 等 0
150.734 150.984 66.0 江 0
150.984 151.234 66.0 河 0
151.234 151.484 64.0 入 0
151.484 152.109 64.0 海 0
152.234 152.734 66.0 奔 0
152.734 152.984 64.0 万 0
152.984 153.234 64.0 物 0
153.234 153.484 63.0 为 0
153.484 154.359 63.0 谁 0
154.464 154.714 63.0 春 0
154.714 154.964 63.0 明 0
154.964 155.214 59.0 月 0
155.214 155.464 56.0 照 0
155.464 155.964 68.0 不 0
155.964 156.214 66.0 尽 0
156.214 156.464 59.0 离 0
156.464 157.464 61.0 别 0
157.787 158.037 59.0 人 0
158.037 158.287 59.0 君 0
158.287 158.537 61.0 可 0
158.537 158.787 63.0 见 0
158.787 159.037 61.0 刺 0
159.037 159.287 63.0 绣 0
159.287 159.537 61.0 又 0
159.537 160.037 63.0 一 0
160.082 160.332 63.0 针 0
160.332 160.582 61.0 有 0
160.582 160.832 63.0 人 0
160.832 161.332 68.0 为 0
161.332 161.582 66.0 你 0
161.803 162.053 68.0 疼 0
162.053 162.303 68.0 君 0
162.303 162.553 70.0 可 0
162.553 162.803 71.0 见 0
162.803 163.053 70.0 夏 0
163.053 163.303 71.0 雨 0
163.303 163.553 70.0 秋 0
163.553 163.803 71.0 风 0
163.803 164.303 73.0 有 0
164.303 164.553 63.0 人 0
164.629 165.129 63.0 - 0
165.129 165.379 68.0 为 0
165.379 166.129 66.0 你 0
166.236 166.736 68.0 等 0
166.736 166.986 66.0 翠 0
166.986 167.236 66.0 竹 0
167.236 167.486 64.0 泣 0
167.486 168.111 64.0 墨 0
168.236 168.736 66.0 痕 0
168.736 168.986 64.0 锦 0
168.986 169.236 64.0 书 0
169.236 169.486 63.0 画 0
169.486 170.361 63.0 不 0
170.6 170.85 63.0 成 0
170.85 171.1 63.0 情 0
171.1 171.35 59.0 针 0
171.35 171.6 56.0 意 0
171.6 172.1 59.0 线 0
172.1 172.475 61.0 绣 0
172.475 172.85 63.0 不 0
172.85 173.6 61.0 尽 0
173.634 174.009 59.0 鸳 0
174.009 174.509 61.0 鸯 0
174.509 177.509 59.0 枕 0
195.805 196.055 59.0 绕 0
196.055 196.305 59.0 - 0
196.305 196.555 61.0 指 0
196.555 196.805 63.0 柔 0
196.805 197.055 61.0 破 0
197.055 197.305 63.0 锦 0
197.305 197.555 61.0 千 0
197.555 198.055 63.0 万 0
198.098 198.348 63.0 针 0
198.348 198.598 61.0 杜 0
198.598 198.848 63.0 鹃 0
198.848 199.348 68.0 啼 0
199.348 199.598 66.0 血 0
199.739 199.989 59.0 声 0
199.989 200.239 59.0 芙 0
200.239 200.489 61.0 蓉 0
200.489 200.739 63.0 花 0
200.739 200.989 61.0 蜀 0
200.989 201.239 63.0 国 0
201.239 201.489 61.0 尽 0
201.489 201.989 63.0 缤 0
202.094 202.344 63.0 纷 0
202.344 202.594 61.0 转 0
202.594 202.844 63.0 眼 0
202.844 203.344 70.0 尘 0
203.344 203.969 66.0 归 0
204.336 204.836 68.0 尘 0
204.836 205.086 66.0 战 0
205.086 205.336 66.0 歌 0
205.336 205.586 64.0 送 0
205.586 206.211 64.0 离 0
206.336 206.836 66.0 人 0
206.836 207.086 64.0 行 0
207.086 207.336 64.0 人 0
207.336 207.586 63.0 欲 0
207.586 208.461 63.0 断 0
208.529 208.779 63.0 魂 0
208.779 209.029 63.0 浓 0
209.029 209.279 59.0 情 0
209.279 209.529 56.0 蜜 0
209.529 210.029 59.0 意 0
210.029 210.529 68.0 此 0
210.529 210.779 59.0 话 0
210.779 211.279 59.0 - 0
211.279 211.779 61.0 当 0
211.78 212.03 59.0 真 0
212.03 212.28 59.0 君 0
212.28 212.53 61.0 可 0
212.53 212.78 63.0 见 0
212.78 213.03 61.0 刺 0
213.03 213.28 63.0 绣 0
213.28 213.53 61.0 每 0
213.53 214.03 63.0 一 0
214.106 214.356 63.0 针 0
214.356 214.606 61.0 有 0
214.606 214.856 63.0 人 0
214.856 215.356 68.0 为 0
215.356 215.606 66.0 你 0
215.883 216.133 59.0 疼 0
216.133 216.383 59.0 君 0
216.383 216.633 61.0 可 0
216.633 216.883 63.0 见 0
216.883 217.133 61.0 牡 0
217.133 217.383 63.0 丹 0
217.383 217.633 61.0 开 0
217.633 218.133 63.0 一 0
218.135 218.385 63.0 生 0
218.385 218.635 61.0 有 0
218.635 218.885 63.0 人 0
218.885 219.385 70.0 为 0
219.385 220.135 66.0 你 0
220.311 220.811 68.0 等 0
220.811 221.061 66.0 江 0
221.061 221.311 66.0 河 0
221.311 221.561 64.0 入 0
221.561 222.186 64.0 海 0
222.311 222.811 66.0 奔 0
222.811 223.061 64.0 万 0
223.061 223.311 64.0 物 0
223.311 223.561 63.0 为 0
223.561 224.436 63.0 谁 0
224.451 224.701 63.0 春 0
224.701 224.951 63.0 明 0
224.951 225.201 59.0 月 0
225.201 225.451 56.0 照 0
225.451 225.951 68.0 不 0
225.951 226.201 66.0 尽 0
226.201 226.451 59.0 离 0
226.451 227.451 61.0 别 0
227.793 228.043 59.0 人 0
228.043 228.293 59.0 君 0
228.293 228.543 61.0 可 0
228.543 228.793 63.0 见 0
228.793 229.043 61.0 刺 0
229.043 229.293 63.0 绣 0
229.293 229.543 61.0 又 0
229.543 230.043 63.0 一 0
230.082 230.332 63.0 针 0
230.332 230.582 61.0 有 0
230.582 230.832 63.0 人 0
230.832 231.332 68.0 为 0
231.332 231.582 66.0 你 0
231.84 232.09 68.0 疼 0
232.09 232.34 68.0 君 0
232.34 232.59 70.0 可 0
232.59 232.84 71.0 见 0
232.84 233.09 70.0 夏 0
233.09 233.34 71.0 雨 0
233.34 233.59 70.0 秋 0
233.59 233.84 71.0 风 0
233.84 234.34 73.0 有 0
234.34 234.59 63.0 人 0
234.635 235.01 63.0 为 0
235.01 235.385 68.0 你 0
235.385 236.135 66.0 等 0
236.488 236.738 68.0 翠 0
236.738 236.988 66.0 - 0
236.988 237.238 66.0 竹 0
237.238 237.488 64.0 泣 0
237.488 238.113 64.0 墨 0
238.238 238.738 66.0 痕 0
238.738 238.988 64.0 锦 0
238.988 239.238 64.0 书 0
239.238 239.488 63.0 画 0
239.488 240.363 63.0 不 0
240.602 240.852 63.0 成 0
240.852 241.102 63.0 情 0
241.102 241.352 59.0 针 0
241.352 241.602 56.0 意 0
241.602 242.102 59.0 线 0
242.102 242.477 61.0 绣 0
242.477 242.852 63.0 不 0
242.852 243.602 61.0 尽 0
243.602 243.977 59.0 鸳 0
243.977 244.477 61.0 鸯 0
244.477 247.477 59.0 枕 0
260.408 260.783 68.0 翠 0
260.783 261.033 66.0 竹 0
261.033 261.283 66.0 泣 0
261.283 261.658 64.0 墨 0
261.658 262.533 64.0 痕 0
262.533 263.033 66.0 锦 0
263.033 263.408 64.0 书 0
263.408 263.658 64.0 画 0
263.658 264.033 63.0 不 0
264.033 264.658 63.0 成 0
264.849 265.224 64.0 情 0
265.224 265.474 63.0 - 0
265.474 265.724 59.0 针 0
265.724 266.099 56.0 意 0
266.099 266.849 59.0 线 0
266.849 267.474 63.0 绣 0
267.474 268.974 61.0 不 0
270.224 270.724 59.0 尽 0
270.724 271.599 61.0 鸳 0
271.599 273.099 61.0 鸯 0
273.099 275.474 59.0 枕 0
