26.542 26.672 63.0 当 0
26.672 26.801 65.0 我 0
26.801 27.204 65.0 伫 0
27.204 27.406 67.0 立 0
27.406 27.809 67.0 在 0
27.809 28.011 65.0 窗 0
28.011 28.817 67.0 前 1
29.929 30.131 63.0 你 0
30.131 30.534 65.0 越 0
30.534 30.736 63.0 走 0
30.736 31.139 62.0 越 0
31.139 32.147 60.0 远 1
32.877 33.079 65.0 我 0
33.079 33.281 67.0 的 0
33.281 33.684 68.0 每 0
33.684 33.885 68.0 一 0
33.885 34.289 68.0 次 0
34.289 34.49 67.0 心 0
34.49 35.297 68.0 跳 1
36.442 36.643 67.0 你 0
36.643 37.047 67.0 是 0
37.047 37.45 67.0 否 0
37.45 37.853 65.0 听 0
37.853 38.66 65.0 见 1
39.441 39.643 63.0 当 0
39.643 39.844 65.0 我 0
39.844 40.247 65.0 徘 0
40.247 40.449 67.0 徊 0
40.449 40.852 67.0 在 0
40.852 41.054 65.0 深 0
41.054 41.86 67.0 夜 1
42.736 42.938 63.0 你 0
42.938 43.341 63.0 在 0
43.341 43.543 63.0 我 0
43.543 43.946 62.0 心 0
43.946 44.954 60.0 田 1
45.775 45.976 65.0 你 0
45.976 46.178 67.0 的 0
46.178 46.581 68.0 每 0
46.581 46.783 68.0 一 0
46.783 47.186 68.0 句 0
47.186 47.388 67.0 誓 0
47.388 48.228 68.0 言 1
49.29 49.492 67.0 回 0
49.492 49.895 68.0 荡 0
49.895 50.298 67.0 在 0
50.298 50.701 65.0 耳 0
50.701 51.911 65.0 边 1
53.142 53.545 58.0 隐 0
53.545 53.948 58.0 隐 0
53.948 54.351 65.0 约 0
54.351 55.158 67.0 约 0
56.368 56.771 60.0 闪 0
56.771 57.174 60.0 动 0
57.174 57.376 67.0 的 0
57.376 57.577 67.0 双 0
57.577 57.779 68.0 - 0
57.779 57.98 67.0 - 0
57.98 58.585 67.0 眼 1
58.616 59.02 67.0 藏 0
59.02 59.221 70.0 着 0
59.221 59.624 68.0 你 0
59.624 60.431 68.0 的 0
60.431 60.834 67.0 羞 0
60.834 61.64 65.0 怯 1
61.69 62.093 65.0 加 0
62.093 62.295 68.0 深 0
62.295 62.497 68.0 我 0
62.497 62.9 70.0 - 0
62.9 63.303 68.0 的 0
63.303 63.706 67.0 思 0
63.807 64.21 67.0 念 0
64.21 65.017 65.0 - 1
66.01 66.413 63.0 两 0
66.413 66.816 65.0 颗 0
66.816 67.018 63.0 心 0
67.018 67.623 58.0 的 0
67.623 67.824 67.0 交 0
67.824 68.429 67.0 界 1
69.222 69.625 67.0 你 0
69.625 70.028 65.0 一 0
70.028 70.23 65.0 定 0
70.23 70.835 60.0 会 0
70.835 71.036 68.0 看 0
71.036 72.044 68.0 见 1
72.528 72.931 65.0 只 0
72.931 73.334 63.0 要 0
73.334 73.536 63.0 你 0
73.536 73.737 63.0 愿 0
73.737 74.14 62.0 - 0
74.14 74.544 60.0 意 0
74.544 74.745 62.0 走 0
74.745 75.35 63.0 向 0
75.35 78.173 70.0 前 1
78.865 79.268 66.0 天 0
79.268 79.672 67.0 天 0
79.672 79.873 68.0 想 0
79.873 80.881 70.0 你 1
81.072 81.374 68.0 天 0
81.374 81.677 67.0 天 0
81.677 82.08 70.0 问 0
82.08 82.483 68.0 - 0
82.483 82.886 68.0 自 0
82.886 84.096 60.0 己 1
85.449 85.852 68.0 到 0
85.852 86.255 68.0 什 0
86.255 86.457 67.0 么 0
86.457 86.86 67.0 时 0
86.86 87.062 68.0 - 0
87.062 87.465 65.0 候 0
87.465 87.667 65.0 - 0
87.667 87.868 63.0 才 0
87.868 88.271 63.0 能 0
88.271 89.078 65.0 告 0
89.078 89.481 67.0 诉 0
89.481 91.094 67.0 你 1
91.845 92.249 67.0 天 0
92.249 92.652 67.0 天 0
92.652 93.055 68.0 想 0
93.055 93.862 70.0 你 1
93.899 94.302 68.0 天 0
94.302 94.705 67.0 天 0
94.705 94.907 70.0 守 0
94.907 95.31 72.0 - 0
95.31 95.713 70.0 住 0
95.713 95.963 68.0 一 0
96.015 96.217 67.0 颗 0
96.217 97.528 68.0 心 1
98.174 98.376 68.0 把 0
98.376 98.577 67.0 我 0
98.577 98.98 60.0 最 0
98.98 99.384 63.0 好 0
99.384 99.787 67.0 的 0
99.787 100.493 65.0 爱 0
100.493 100.795 63.0 留 0
100.795 101.097 62.0 给 0
101.097 104.222 63.0 你 1
120.011 120.213 63.0 当 0
120.213 120.414 65.0 我 0
120.414 120.818 65.0 伫 0
120.818 121.019 67.0 立 0
121.019 121.423 67.0 在 0
121.423 121.624 65.0 窗 0
121.624 122.431 67.0 前 1
123.439 123.64 63.0 你 0
123.64 124.044 63.0 越 0
124.044 124.245 63.0 走 0
124.245 124.648 62.0 越 0
124.648 125.656 60.0 远 1
126.396 126.597 65.0 我 0
126.597 126.799 67.0 的 0
126.799 127.202 67.0 每 0
127.202 127.404 68.0 一 0
127.404 127.807 68.0 次 0
127.807 128.009 67.0 心 0
128.009 128.815 68.0 跳 1
130.004 130.206 67.0 你 0
130.206 130.609 67.0 是 0
130.609 131.012 67.0 否 0
131.012 131.416 65.0 听 0
131.416 132.222 65.0 见 1
133.032 133.234 63.0 当 0
133.234 133.436 65.0 我 0
133.436 133.839 67.0 徘 0
133.839 134.041 67.0 徊 0
134.041 134.444 67.0 在 0
134.444 134.645 65.0 深 0
134.645 135.452 67.0 夜 1
136.439 136.641 63.0 你 0
136.641 137.044 65.0 在 0
137.044 137.245 63.0 我 0
137.245 137.649 62.0 心 0
137.649 138.657 60.0 田 1
139.312 139.514 65.0 你 0
139.514 139.715 67.0 的 0
139.715 140.119 67.0 每 0
140.119 140.32 68.0 一 0
140.32 140.723 68.0 句 0
140.723 140.925 67.0 誓 0
140.925 141.765 68.0 言 1
142.872 143.073 67.0 回 0
143.073 143.476 67.0 荡 0
143.476 143.88 67.0 在 0
143.88 144.283 63.0 耳 0
144.283 145.492 65.0 边 1
146.623 147.026 58.0 隐 0
147.026 147.43 58.0 隐 0
147.43 147.833 67.0 约 0
147.833 148.639 67.0 约 0
149.849 150.252 60.0 闪 0
150.252 150.655 60.0 动 0
150.655 150.857 67.0 的 0
150.857 151.059 67.0 双 0
151.059 151.26 68.0 - 0
151.26 151.462 67.0 - 0
151.462 152.067 67.0 眼 1
152.194 152.597 68.0 藏 0
152.597 152.799 70.0 着 0
152.799 153.202 70.0 你 0
153.202 154.008 68.0 的 0
154.008 154.411 68.0 羞 0
154.411 155.218 65.0 怯 1
155.434 155.636 65.0 加 0
155.636 155.837 68.0 深 0
155.837 156.039 68.0 我 0
156.039 156.442 70.0 - 0
156.442 156.845 68.0 的 0
156.845 157.249 67.0 思 0
157.349 157.753 67.0 念 0
157.753 158.559 65.0 - 1
159.532 159.936 63.0 两 0
159.936 160.339 63.0 颗 0
160.339 160.54 63.0 心 0
160.54 161.145 58.0 的 0
161.145 161.347 67.0 交 0
161.347 161.952 67.0 界 1
162.776 163.179 65.0 你 0
163.179 163.583 65.0 一 0
163.583 163.784 65.0 定 0
163.784 164.389 60.0 会 0
164.389 164.591 68.0 看 0
164.591 165.599 68.0 见 1
165.951 166.354 63.0 只 0
166.354 166.757 65.0 要 0
166.757 166.959 63.0 你 0
166.959 167.161 63.0 愿 0
167.161 167.564 62.0 - 0
167.564 167.967 60.0 意 0
167.967 168.169 62.0 走 0
168.169 168.774 63.0 向 0
168.774 171.596 70.0 前 1
172.405 172.808 67.0 天 0
172.808 173.211 67.0 天 0
173.211 173.413 68.0 想 0
173.413 174.421 70.0 你 1
174.615 174.918 68.0 天 0
174.918 175.22 67.0 天 0
175.22 175.623 68.0 问 0
175.623 176.027 68.0 - 0
176.027 176.43 68.0 自 0
176.43 177.64 60.0 己 1
178.818 179.221 67.0 到 0
179.221 179.625 68.0 什 0
179.625 179.826 67.0 么 0
179.826 180.23 67.0 时 0
180.23 180.431 67.0 - 0
180.431 180.834 65.0 候 0
180.834 181.238 65.0 才 0
181.238 181.641 63.0 能 0
181.641 182.447 65.0 告 0
182.447 182.851 67.0 诉 0
182.851 184.463 67.0 你 1
185.335 185.738 67.0 天 0
185.738 186.141 67.0 天 0
186.141 186.545 68.0 想 0
186.545 187.351 70.0 你 1
187.634 187.835 68.0 天 0
187.835 188.238 67.0 天 0
188.238 188.44 70.0 守 0
188.44 188.843 72.0 - 0
188.843 189.247 70.0 住 0
189.247 189.497 68.0 一 0
189.549 189.751 67.0 颗 0
189.751 191.061 68.0 心 1
191.807 192.009 68.0 把 0
192.009 192.211 67.0 我 0
192.211 192.614 60.0 最 0
192.614 192.816 63.0 好 0
192.816 193.017 65.0 的 0
193.017 193.219 67.0 - 0
193.219 193.42 65.0 - 0
193.42 194.025 65.0 爱 0
194.025 194.328 63.0 留 0
194.328 194.63 62.0 给 0
194.63 197.654 63.0 你 1
198.311 198.714 66.0 天 0
198.714 199.118 67.0 天 0
199.118 199.319 68.0 想 0
199.319 200.327 70.0 你 1
200.378 200.781 68.0 天 0
200.781 201.185 67.0 天 0
201.185 201.588 70.0 问 0
201.588 201.991 68.0 - 0
201.991 202.394 68.0 自 0
202.394 203.604 60.0 己 1
204.762 205.165 68.0 到 0
205.165 205.568 68.0 什 0
205.568 205.77 67.0 么 0
205.77 206.173 67.0 时 0
206.173 206.375 68.0 - 0
206.375 206.778 65.0 候 0
206.778 207.181 63.0 才 0
207.181 207.584 63.0 能 0
207.584 208.391 65.0 告 0
208.391 208.794 70.0 诉 0
208.794 210.407 67.0 你 1
211.1 211.504 67.0 天 0
211.504 211.907 67.0 天 0
211.907 212.209 68.0 想 0
212.209 213.016 70.0 你 1
213.271 213.674 68.0 天 0
213.674 213.977 67.0 天 0
213.977 214.179 70.0 守 0
214.179 214.582 72.0 - 0
214.582 214.985 70.0 住 0
214.985 215.235 68.0 一 0
215.287 215.489 67.0 颗 0
215.489 216.799 68.0 心 1
217.718 217.92 68.0 把 0
217.92 218.121 67.0 我 0
218.121 218.524 60.0 最 0
218.524 218.726 63.0 好 0
218.726 218.928 65.0 的 0
218.928 219.129 67.0 - 0
219.129 219.331 65.0 - 0
219.331 219.734 65.0 爱 0
219.734 219.936 63.0 - 0
219.936 220.238 63.0 留 0
220.238 220.541 62.0 给 0
220.541 223.565 63.0 你 1
223.996 224.399 67.0 天 0
224.399 224.802 67.0 天 0
224.802 225.104 68.0 想 0
225.104 225.911 70.0 你 1
226.108 226.512 68.0 天 0
226.512 226.814 67.0 天 0
226.814 227.016 70.0 守 0
227.016 227.419 72.0 - 0
227.419 227.822 70.0 住 0
227.822 228.073 68.0 一 0
228.125 228.326 67.0 颗 0
228.326 229.637 68.0 心 1
230.55 230.752 68.0 把 0
230.752 231.021 67.0 我 0
231.054 231.457 60.0 最 0
231.457 231.861 63.0 好 0
231.861 232.062 65.0 的 0
232.062 232.465 67.0 - 0
232.465 233.675 65.0 爱 0
233.675 233.978 63.0 留 0
233.978 235.389 62.0 给 0
235.49 239.925 63.0 你 1
