15.792 16.251 53.0 会 0
16.251 16.713 53.0 不 0
16.713 17.174 53.0 会 0
17.174 17.636 53.0 有 0
17.636 18.097 53.0 一 0
18.097 18.559 50.0 天 0
18.559 19.02 50.0 四 0
19.02 19.482 50.0 季 0
19.482 19.943 50.0 全 0
19.943 20.405 58.0 变 0
20.405 20.867 58.0 成 0
20.867 21.097 57.0 夏 0
21.097 22.251 58.0 天 0
23.25 23.712 58.0 是 0
23.712 24.173 58.0 - 0
24.173 24.635 58.0 不 0
24.635 25.096 58.0 是 0
25.096 25.558 58.0 这 0
25.558 26.019 53.0 样 0
26.019 26.481 53.0 你 0
26.481 26.943 50.0 才 0
26.943 27.404 51.0 会 0
27.404 27.866 62.0 相 0
27.866 28.327 62.0 信 0
28.327 28.558 58.0 有 0
28.558 29.712 60.0 永 0
30.092 30.323 60.0 远 0
30.323 30.554 62.0 看 0
30.554 31.015 58.0 你 0
31.015 31.477 57.0 靠 0
31.477 31.938 53.0 着 0
31.938 32.169 50.0 我 0
32.169 33.323 53.0 的 0
33.785 34.015 60.0 肩 0
34.015 34.246 62.0 刚 0
34.246 34.708 58.0 刚 0
34.708 35.169 58.0 睡 0
35.169 35.631 58.0 着 0
35.631 35.862 57.0 的 0
35.862 37.015 58.0 侧 0
37.651 37.882 60.0 脸 0
37.882 38.112 62.0 爱 0
38.112 38.574 58.0 仍 0
38.574 39.036 60.0 不 0
39.036 39.497 58.0 断 0
39.497 39.959 58.0 在 0
39.959 40.42 55.0 我 0
40.42 40.882 58.0 心 0
40.882 41.574 62.0 里 0
41.574 41.805 60.0 蔓 0
41.805 43.651 60.0 延 0
43.983 44.445 53.0 爱 0
44.445 44.907 62.0 - 0
44.907 45.368 60.0 上 0
45.368 45.83 60.0 你 0
45.83 46.291 62.0 第 0
46.291 46.753 62.0 一 0
46.753 46.983 60.0 个 0
46.983 47.676 62.0 夏 0
47.76 47.991 60.0 天 0
47.991 48.221 63.0 你 0
48.221 48.683 62.0 就 0
48.683 49.144 57.0 问 0
49.144 49.606 58.0 我 0
49.606 50.067 60.0 爱 0
50.067 50.529 60.0 会 0
50.529 50.76 57.0 不 0
50.76 50.991 58.0 会 0
51.371 51.833 55.0 变 0
51.833 52.294 65.0 如 0
52.294 52.756 62.0 果 0
52.756 53.217 62.0 你 0
53.217 53.679 62.0 想 0
53.679 53.986 63.0 要 0
53.986 54.294 62.0 去 0
54.294 55.063 63.0 冒 0
55.155 55.386 62.0 险 0
55.386 55.617 65.0 我 0
55.617 56.078 63.0 会 0
56.078 56.54 55.0 不 0
56.54 57.002 62.0 会 0
57.002 57.463 63.0 给 0
57.463 57.925 62.0 你 0
57.925 58.155 58.0 一 0
58.155 58.386 60.0 片 0
58.719 59.18 57.0 天 0
59.18 60.103 69.0 你 0
60.103 60.565 64.0 说 0
60.565 61.949 65.0 爱 0
61.949 62.411 62.0 情 0
62.411 62.642 65.0 也 0
62.642 63.103 65.0 许 0
63.103 63.796 69.0 没 0
63.796 64.257 70.0 有 0
64.257 64.488 69.0 想 0
64.488 64.949 67.0 像 0
64.949 65.411 65.0 的 0
65.411 65.873 62.0 永 0
65.873 66.565 58.0 远 0
67.095 67.326 60.0 - 0
67.326 67.557 62.0 才 0
67.557 68.018 62.0 会 0
68.018 68.249 62.0 有 0
68.249 68.48 62.0 人 0
68.48 68.942 63.0 忙 0
68.942 69.403 62.0 着 0
69.403 70.326 63.0 说 0
70.326 71.018 65.0 再 0
71.018 71.249 60.0 - 0
71.249 73.557 60.0 见 0
73.63 74.091 53.0 爱 0
74.091 74.553 63.0 上 0
74.553 75.015 60.0 你 0
75.015 75.476 60.0 第 0
75.476 75.938 60.0 一 0
75.938 76.399 62.0 个 0
76.399 76.63 60.0 夏 0
76.63 77.322 62.0 天 0
77.345 77.576 60.0 我 0
77.576 77.807 63.0 就 0
77.807 78.268 62.0 想 0
78.268 78.73 57.0 给 0
78.73 79.191 58.0 你 0
79.191 79.653 60.0 整 0
79.653 80.114 60.0 个 0
80.114 80.345 57.0 世 0
80.345 81.038 58.0 界 0
81.04 81.501 55.0 想 0
81.501 81.963 63.0 带 0
81.963 82.424 62.0 你 0
82.424 82.886 62.0 一 0
82.886 83.347 63.0 起 0
83.347 83.655 63.0 去 0
83.655 83.963 62.0 冒 0
83.963 84.732 63.0 险 0
84.733 84.964 62.0 想 0
84.964 85.194 65.0 跟 0
85.194 85.656 63.0 你 0
85.656 86.117 55.0 一 0
86.117 86.579 62.0 起 0
86.579 87.041 62.0 接 0
87.041 87.502 62.0 受 0
87.502 87.733 58.0 考 0
87.733 88.425 60.0 验 0
88.426 88.888 57.0 我 0
88.888 89.58 69.0 的 0
89.58 89.811 64.0 - 0
89.811 90.272 64.0 爱 0
90.272 91.657 65.0 情 0
91.657 92.118 62.0 并 0
92.118 92.349 65.0 没 0
92.349 92.811 65.0 有 0
92.811 93.503 69.0 你 0
93.503 93.965 69.0 想 0
93.965 94.195 69.0 像 0
94.195 94.657 67.0 的 0
94.657 95.118 65.0 善 0
95.118 95.58 62.0 变 0
95.58 96.272 58.0 - 0
96.701 96.932 60.0 只 0
96.932 97.162 62.0 是 0
97.162 97.624 62.0 全 0
97.624 97.855 62.0 都 0
97.855 98.085 62.0 放 0
98.085 98.547 63.0 - 0
98.547 99.009 55.0 在 0
99.009 99.932 62.0 心 0
99.932 100.855 60.0 里 0
100.855 104.547 58.0 面 0
115.52 115.981 53.0 你 0
115.981 116.443 53.0 - 0
116.443 116.905 53.0 不 0
116.905 117.366 53.0 需 0
117.366 117.828 53.0 要 0
117.828 118.289 50.0 再 0
118.289 118.751 51.0 跟 0
118.751 119.212 50.0 别 0
119.212 119.674 50.0 人 0
119.674 120.135 57.0 去 0
120.135 120.597 58.0 争 0
120.597 120.828 57.0 奇 0
120.828 121.981 58.0 斗 0
122.857 123.318 58.0 艳 0
123.318 123.78 58.0 在 0
123.78 124.241 58.0 我 0
124.241 124.703 58.0 心 0
124.703 125.164 53.0 里 0
125.164 125.626 53.0 你 0
125.626 126.087 53.0 永 0
126.087 126.549 50.0 远 0
126.549 127.01 51.0 是 0
127.01 127.472 60.0 最 0
127.472 127.933 62.0 美 0
127.933 128.164 58.0 的 0
128.164 129.318 60.0 夏 0
129.907 130.137 60.0 天 0
130.137 130.368 62.0 不 0
130.368 130.83 60.0 管 0
130.83 131.291 57.0 季 0
131.291 131.753 53.0 节 0
131.753 131.984 50.0 怎 0
131.984 133.137 53.0 麽 0
133.599 133.83 60.0 变 0
133.83 134.06 62.0 我 0
134.06 134.522 58.0 都 0
134.522 134.984 58.0 会 0
134.984 135.445 58.0 在 0
135.445 135.676 57.0 你 0
135.676 136.368 58.0 身 0
137.314 137.545 60.0 边 0
137.545 137.776 62.0 爱 0
137.776 138.237 58.0 你 0
138.237 138.699 60.0 听 0
138.699 139.16 60.0 你 0
139.16 139.622 58.0 把 0
139.622 140.083 55.0 你 0
140.083 140.545 58.0 给 0
140.545 141.237 62.0 宠 0
141.237 141.468 60.0 上 0
141.468 143.314 60.0 天 0
143.647 144.108 53.0 爱 0
144.108 144.57 62.0 - 0
144.57 145.031 60.0 上 0
145.031 145.493 60.0 你 0
145.493 145.954 60.0 第 0
145.954 146.416 62.0 一 0
146.416 146.647 60.0 个 0
146.647 147.339 62.0 夏 0
147.436 147.667 60.0 天 0
147.667 147.898 63.0 你 0
147.898 148.359 57.0 就 0
148.359 148.821 57.0 问 0
148.821 149.282 60.0 我 0
149.282 149.744 60.0 爱 0
149.744 150.205 60.0 会 0
150.205 150.436 57.0 不 0
150.436 150.667 58.0 会 0
151.175 151.637 55.0 变 0
151.637 152.098 63.0 如 0
152.098 152.56 62.0 果 0
152.56 153.022 62.0 你 0
153.022 153.483 63.0 想 0
153.483 153.791 63.0 要 0
153.791 154.098 62.0 去 0
154.098 154.868 63.0 冒 0
154.876 155.106 62.0 险 0
155.106 155.337 65.0 我 0
155.337 155.799 63.0 会 0
155.799 156.26 55.0 不 0
156.26 156.722 62.0 会 0
156.722 157.183 62.0 给 0
157.183 157.645 62.0 你 0
157.645 157.876 58.0 一 0
157.876 158.106 60.0 片 0
158.457 158.919 57.0 天 0
158.919 159.611 69.0 你 0
159.611 159.842 64.0 说 0
159.842 160.303 64.0 爱 0
160.303 161.688 65.0 情 0
161.688 162.149 62.0 也 0
162.149 162.38 65.0 许 0
162.38 162.842 65.0 没 0
162.842 163.534 69.0 有 0
163.534 163.995 69.0 想 0
163.995 164.226 69.0 像 0
164.226 164.688 67.0 的 0
164.688 165.149 65.0 永 0
165.149 165.611 60.0 远 0
165.611 166.303 58.0 - 0
166.742 166.972 60.0 才 0
166.972 167.203 62.0 - 0
167.203 167.665 62.0 会 0
167.665 167.896 62.0 有 0
167.896 168.126 62.0 人 0
168.126 168.588 63.0 忙 0
168.588 169.049 62.0 - 0
169.049 169.972 63.0 着 0
169.972 170.665 65.0 说 0
170.665 170.896 60.0 再 0
170.896 173.203 60.0 - 0
173.343 173.805 53.0 见 0
173.805 174.266 62.0 爱 0
174.266 174.728 60.0 上 0
174.728 175.189 60.0 你 0
175.189 175.651 60.0 第 0
175.651 176.112 62.0 一 0
176.112 176.343 60.0 个 0
176.343 177.036 62.0 夏 0
177.038 177.268 60.0 天 0
177.268 177.499 63.0 我 0
177.499 177.961 62.0 就 0
177.961 178.422 57.0 想 0
178.422 178.884 58.0 给 0
178.884 179.345 60.0 你 0
179.345 179.653 60.0 整 0
179.691 180.038 62.0 个 0
180.038 180.268 62.0 世 0
180.268 180.73 58.0 界 0
180.733 181.194 55.0 想 0
181.194 181.656 63.0 - 0
181.656 182.117 62.0 带 0
182.117 182.579 62.0 你 0
182.579 183.041 62.0 一 0
183.041 183.348 63.0 起 0
183.348 183.656 62.0 去 0
183.656 184.425 63.0 冒 0
184.426 184.657 62.0 险 0
184.657 184.888 65.0 想 0
184.888 185.349 63.0 跟 0
185.349 185.811 55.0 你 0
185.811 186.272 60.0 一 0
186.272 186.734 62.0 起 0
186.734 187.195 62.0 接 0
187.195 187.426 58.0 受 0
187.426 187.888 60.0 考 0
188.118 188.58 57.0 验 0
188.58 189.272 69.0 也 0
189.272 189.503 64.0 许 0
189.503 189.965 64.0 爱 0
189.965 191.349 65.0 情 0
191.349 191.811 62.0 比 0
191.811 192.042 65.0 你 0
192.042 192.503 67.0 想 0
192.503 193.195 69.0 像 0
193.195 193.657 69.0 中 0
193.657 193.888 69.0 的 0
193.888 194.349 67.0 还 0
194.349 194.811 65.0 要 0
194.811 195.272 60.0 远 0
195.272 195.965 58.0 - 0
196.3 196.531 60.0 只 0
196.531 196.762 62.0 要 0
196.762 197.223 63.0 你 0
197.223 197.454 62.0 愿 0
197.454 197.685 62.0 意 0
197.685 198.146 63.0 - 0
198.146 198.608 55.0 在 0
198.608 199.531 62.0 我 0
199.531 200.223 60.0 身 0
200.223 200.454 58.0 - 0
200.454 204.146 58.0 边 0
213.807 214.268 53.0 爱 0
214.268 214.73 62.0 上 0
214.73 215.191 60.0 你 0
215.191 215.653 60.0 第 0
215.653 216.114 60.0 一 0
216.114 216.576 62.0 个 0
216.576 216.807 60.0 夏 0
216.807 217.499 62.0 天 0
217.611 217.842 60.0 我 0
217.842 218.072 63.0 - 0
218.072 218.534 62.0 就 0
218.534 218.996 57.0 想 0
218.996 219.457 60.0 给 0
219.457 219.919 60.0 你 0
219.919 220.149 60.0 整 0
220.149 220.611 62.0 个 0
220.611 220.842 58.0 世 0
220.842 221.303 58.0 - 0
221.315 221.777 55.0 界 0
221.777 222.238 63.0 想 0
222.238 222.7 62.0 带 0
222.7 223.161 62.0 你 0
223.161 223.623 62.0 一 0
223.623 223.931 63.0 起 0
223.931 224.238 62.0 去 0
224.238 225.008 63.0 冒 0
225.02 225.25 62.0 险 0
225.25 225.481 65.0 想 0
225.481 225.943 63.0 跟 0
225.943 226.404 55.0 你 0
226.404 226.866 60.0 一 0
226.866 227.327 63.0 起 0
227.327 227.789 62.0 接 0
227.789 228.02 58.0 受 0
228.02 228.25 60.0 考 0
228.598 229.059 57.0 验 0
229.059 229.982 69.0 也 0
229.982 230.444 64.0 许 0
230.444 231.829 65.0 爱 0
231.829 232.29 62.0 情 0
232.29 232.521 65.0 比 0
232.521 232.982 65.0 你 0
232.982 233.675 69.0 想 0
233.675 234.136 69.0 像 0
234.136 234.367 69.0 中 0
234.367 234.829 65.0 的 0
234.829 235.29 65.0 还 0
235.29 235.752 62.0 要 0
235.752 236.444 58.0 远 0
236.927 237.157 60.0 - 0
237.157 237.388 62.0 只 0
237.388 237.85 62.0 要 0
237.85 238.08 62.0 你 0
238.08 238.311 62.0 愿 0
238.311 238.773 63.0 意 0
238.773 239.234 55.0 在 0
239.234 240.157 62.0 我 0
240.157 240.85 60.0 身 0
240.85 241.08 58.0 - 0
241.08 243.85 58.0 边 0
244.278 244.509 60.0 我 0
244.509 244.74 62.0 会 0
244.74 245.201 63.0 陪 0
245.201 245.432 62.0 你 0
245.432 246.124 63.0 一 0
246.124 246.586 63.0 直 0
246.586 247.74 58.0 到 0
247.74 249.355 60.0 永 0
249.355 251.201 58.0 - 0
251.201 254.894 58.0 远 0
