7.161 7.486 67.0 吹 0
7.596 7.812 62.0 个 0
8.031 8.355 58.0 泡 0
8.466 8.79 55.0 泡 0
8.9 9.116 54.0 你 0
9.19 9.333 55.0 还 0
9.335 9.551 57.0 没 0
9.553 9.877 62.0 到 1
10.031 10.193 62.0 真 0
10.249 10.356 63.0 希 0
10.466 10.573 62.0 望 0
10.684 10.899 65.0 天 0
11.118 11.443 65.0 突 0
11.553 11.841 65.0 然 0
11.843 11.986 62.0 下 0
11.988 12.204 62.0 冰 0
12.205 12.747 60.0 雹 1
13.445 13.66 60.0 救 0
13.662 13.878 62.0 护 0
13.88 14.095 60.0 车 0
14.097 14.421 67.0 哇 0
14.532 14.747 67.0 哇 0
14.822 14.965 65.0 的 0
14.966 15.182 67.0 赶 0
15.184 15.508 65.0 到 1
15.941 16.265 62.0 我 0
16.376 16.664 62.0 当 0
16.666 16.809 60.0 街 0
16.811 17.026 62.0 晕 0
17.028 17.461 60.0 倒 1
17.694 18.018 58.0 好 0
18.129 18.345 58.0 把 0
18.346 18.562 55.0 你 0
18.564 18.997 60.0 吓 0
18.999 19.214 62.0 一 0
19.216 19.649 57.0 跳 1
21.096 21.421 67.0 咬 0
21.531 21.747 62.0 咬 0
21.966 22.29 58.0 嚼 0
22.401 22.725 55.0 嚼 0
22.836 23.051 54.0 橘 0
23.125 23.269 55.0 子 0
23.27 23.486 57.0 昧 0
23.488 23.812 62.0 道 1
24.037 24.252 62.0 爱 0
24.254 24.469 63.0 情 0
24.544 24.651 62.0 像 0
24.689 24.904 65.0 口 0
25.123 25.448 65.0 香 0
25.558 25.846 65.0 糖 0
25.848 25.991 62.0 该 0
25.993 26.209 62.0 吐 0
26.21 26.752 60.0 掉 1
27.487 27.702 60.0 你 0
27.704 27.92 62.0 喜 0
27.922 28.137 60.0 欢 0
28.139 28.463 67.0 东 0
28.574 28.789 67.0 搞 0
28.864 29.007 65.0 西 0
29.009 29.224 67.0 搞 0
29.226 29.55 65.0 搞 1
29.739 30.063 62.0 我 0
30.174 30.462 62.0 把 0
30.464 30.607 60.0 你 0
30.609 30.824 62.0 休 0
30.826 31.259 60.0 掉 1
31.562 31.85 58.0 你 0
31.852 31.995 60.0 没 0
31.997 32.285 62.0 什 0
32.287 32.43 58.0 么 0
32.432 32.81 57.0 大 0
32.867 33.191 62.0 不 0
33.301 33.734 55.0 了 1
34.959 35.338 65.0 忘 0
35.394 35.61 65.0 记 0
35.829 36.117 65.0 你 0
36.119 36.262 67.0 比 0
36.264 36.552 62.0 爱 0
36.554 36.697 63.0 你 0
36.699 37.023 65.0 还 0
37.133 37.349 67.0 容 0
37.351 38.001 65.0 易 1
38.218 38.434 65.0 既 0
38.436 38.651 70.0 然 0
38.871 39.195 70.0 爱 0
39.305 39.521 69.0 没 0
39.595 39.702 70.0 有 0
39.74 40.028 69.0 天 0
40.03 40.934 62.0 理 1
41.491 41.598 62.0 我 0
41.636 41.852 63.0 不 0
41.854 42.033 65.0 想 0
42.071 42.395 67.0 再 0
42.506 42.721 67.0 吵 0
42.796 42.903 65.0 来 0
42.941 43.047 67.0 吵 0
43.158 43.482 70.0 去 1
43.71 43.926 65.0 再 0
44.145 44.361 65.0 骗 0
44.435 44.542 62.0 来 0
44.58 44.795 65.0 骗 0
44.797 45.23 70.0 去 1
45.423 45.748 63.0 算 0
45.858 46.182 65.0 我 0
46.293 46.617 67.0 倒 0
46.728 47.052 70.0 楣 0
47.162 47.487 69.0 总 0
47.597 47.704 70.0 可 0
47.815 48.465 72.0 以 1
49.011 49.389 65.0 失 0
49.445 49.661 65.0 去 0
49.88 50.168 65.0 你 0
50.17 50.313 67.0 比 0
50.315 50.603 62.0 留 0
50.605 50.748 63.0 你 0
50.75 51.074 65.0 还 0
51.184 51.4 67.0 容 0
51.402 52.052 65.0 易 1
52.229 52.445 65.0 虽 0
52.447 52.662 70.0 然 0
52.882 53.206 70.0 说 0
53.316 53.532 69.0 比 0
53.606 53.713 70.0 较 0
53.751 54.945 62.0 lonely 1
55.374 55.481 62.0 我 0
55.519 55.735 63.0 可 0
55.809 55.952 65.0 以 0
55.954 56.278 67.0 嚼 0
56.389 56.604 67.0 嚼 0
56.679 56.786 65.0 口 0
56.824 56.931 67.0 香 0
57.041 57.365 70.0 糖 1
57.693 57.909 65.0 回 0
58.128 58.344 65.0 到 0
58.418 58.525 62.0 大 0
58.563 58.778 65.0 街 0
58.78 59.213 70.0 上 1
59.426 59.751 63.0 随 0
59.861 60.185 65.0 心 0
60.296 60.62 67.0 所 0
60.731 61.055 70.0 欲 0
61.165 61.49 69.0 的 0
62.035 62.323 62.0 去 0
62.687 62.903 70.0 流 0
62.905 63.265 67.0 浪 1
76.727 77.051 67.0 吹 0
77.161 77.377 62.0 个 0
77.596 77.92 58.0 泡 0
78.031 78.355 55.0 泡 0
78.466 78.681 54.0 你 0
78.756 78.899 55.0 还 0
78.901 79.116 57.0 没 0
79.118 79.37 62.0 到 1
79.521 79.736 62.0 真 0
79.738 79.954 63.0 希 0
79.956 80.099 62.0 望 0
80.173 80.388 65.0 天 0
80.608 80.932 65.0 突 0
81.042 81.331 65.0 然 0
81.332 81.475 62.0 下 0
81.477 81.693 62.0 冰 0
81.695 82.236 60.0 雹 1
83.094 83.31 60.0 救 0
83.311 83.527 62.0 护 0
83.529 83.744 60.0 车 0
83.746 84.07 67.0 哇 0
84.181 84.397 67.0 哇 0
84.471 84.614 65.0 的 0
84.616 84.831 67.0 赶 0
84.833 85.157 65.0 到 1
85.51 85.835 62.0 我 0
85.945 86.233 62.0 当 0
86.235 86.378 60.0 街 0
86.38 86.595 62.0 晕 0
86.597 87.03 60.0 倒 1
87.156 87.481 58.0 好 0
87.591 87.807 58.0 把 0
87.809 88.024 55.0 你 0
88.026 88.459 60.0 吓 0
88.461 88.676 62.0 一 0
88.678 89.111 57.0 跳 1
90.622 90.946 67.0 咬 0
91.056 91.272 62.0 咬 0
91.491 91.816 58.0 嚼 0
91.926 92.25 55.0 嚼 0
92.361 92.576 54.0 橘 0
92.651 92.794 55.0 子 0
92.796 93.011 57.0 昧 0
93.013 93.337 62.0 道 1
93.56 93.775 62.0 爱 0
93.777 93.993 63.0 情 0
94.067 94.174 62.0 像 0
94.212 94.428 65.0 口 0
94.647 94.971 65.0 香 0
95.082 95.37 65.0 糖 0
95.371 95.515 62.0 该 0
95.516 95.732 62.0 吐 0
95.734 96.275 60.0 掉 1
97.056 97.272 60.0 你 0
97.273 97.489 62.0 喜 0
97.491 97.706 60.0 欢 0
97.708 98.033 67.0 东 0
98.143 98.359 67.0 搞 0
98.433 98.576 65.0 西 0
98.578 98.793 67.0 搞 0
98.795 99.119 65.0 搞 1
99.379 99.704 62.0 我 0
99.814 100.102 62.0 把 0
100.104 100.247 60.0 你 0
100.249 100.465 62.0 休 0
100.466 100.899 60.0 掉 1
101.015 101.304 58.0 你 0
101.305 101.448 60.0 没 0
101.45 101.738 62.0 什 0
101.74 101.883 58.0 么 0
101.885 102.264 57.0 大 0
102.32 102.644 62.0 不 0
102.755 103.188 55.0 了 1
104.547 104.925 65.0 忘 0
104.982 105.197 65.0 记 0
105.416 105.704 65.0 你 0
105.706 105.849 67.0 比 0
105.851 106.139 62.0 爱 0
106.141 106.284 63.0 你 0
106.286 106.61 65.0 还 0
106.721 106.936 67.0 容 0
106.938 107.588 65.0 易 1
107.87 108.085 65.0 既 0
108.087 108.303 70.0 然 0
108.522 108.846 70.0 爱 0
108.957 109.172 69.0 没 0
109.246 109.353 70.0 有 0
109.391 109.679 69.0 天 0
109.681 110.585 62.0 理 1
110.976 111.082 62.0 我 0
111.121 111.336 63.0 不 0
111.338 111.517 65.0 想 0
111.555 111.88 67.0 再 0
111.99 112.206 67.0 吵 0
112.28 112.387 65.0 来 0
112.425 112.532 67.0 吵 0
112.642 112.967 70.0 去 1
113.232 113.448 65.0 再 0
113.667 113.883 65.0 骗 0
113.957 114.064 62.0 来 0
114.102 114.318 65.0 骗 0
114.319 114.752 70.0 去 1
114.988 115.312 63.0 算 0
115.422 115.747 65.0 我 0
115.857 116.181 67.0 倒 0
116.292 116.616 70.0 楣 0
116.727 117.051 69.0 总 0
117.161 117.268 70.0 可 0
117.379 118.029 72.0 以 1
118.421 118.799 65.0 失 0
118.856 119.071 65.0 去 0
119.29 119.578 65.0 你 0
119.58 119.723 67.0 比 0
119.725 120.013 62.0 留 0
120.015 120.158 63.0 你 0
120.16 120.484 65.0 还 0
120.595 120.81 67.0 容 0
120.812 121.462 65.0 易 1
121.795 122.01 65.0 虽 0
122.012 122.228 70.0 然 0
122.447 122.771 70.0 说 0
122.882 123.097 69.0 比 0
123.171 123.278 70.0 较 0
123.316 124.51 62.0 lonely 1
124.84 124.947 62.0 我 0
124.985 125.2 63.0 可 0
125.274 125.381 65.0 以 0
125.419 125.744 67.0 嚼 0
125.854 126.07 67.0 嚼 0
126.144 126.251 65.0 口 0
126.289 126.396 67.0 香 0
126.506 126.831 70.0 糖 1
127.285 127.501 65.0 回 0
127.72 127.936 65.0 到 0
128.01 128.117 62.0 大 0
128.155 128.371 65.0 街 0
128.372 128.805 70.0 上 1
128.949 129.273 63.0 随 0
129.383 129.708 65.0 心 0
129.818 130.142 67.0 所 0
130.253 130.577 70.0 欲 0
130.688 131.012 69.0 的 0
131.557 131.845 62.0 去 0
132.209 132.425 70.0 流 0
132.427 132.787 67.0 浪 1
135.049 135.608 62.0 我 0
135.646 135.916 63.0 爱 0
135.918 136.568 65.0 你 0
136.788 137.438 65.0 我 0
137.44 137.873 67.0 想 0
137.875 138.471 58.0 你 1
138.599 139.032 58.0 眼 0
139.034 139.467 60.0 睁 0
139.468 139.793 62.0 睁 0
139.903 140.227 62.0 看 0
140.338 140.717 62.0 你 0
140.773 141.061 69.0 消 0
141.063 141.713 70.0 失 1
141.747 141.962 70.0 我 0
141.964 142.252 69.0 却 0
142.254 142.397 70.0 更 0
142.399 142.614 69.0 不 0
142.616 143.484 67.0 想 0
143.703 143.991 65.0 沉 0
143.993 144.136 67.0 溺 0
144.138 144.426 65.0 下 0
144.428 145.006 63.0 去 1
145.47 145.831 63.0 为 0
145.905 146.266 62.0 了 0
146.34 146.7 60.0 爱 0
146.775 147.135 62.0 可 0
147.209 147.57 63.0 怜 0
147.644 148.005 67.0 兮 0
148.079 148.295 65.0 兮 0
148.514 148.874 67.0 没 0
148.949 149.237 70.0 骨 0
149.383 149.671 72.0 气 1
149.764 150.143 65.0 忘 0
150.199 150.415 65.0 记 0
150.634 150.922 65.0 你 0
150.924 151.067 67.0 比 0
151.069 151.357 62.0 爱 0
151.358 151.502 63.0 你 0
151.503 151.828 65.0 还 0
151.938 152.154 67.0 容 0
152.155 152.806 65.0 易 1
152.971 153.187 65.0 既 0
153.188 153.549 70.0 然 0
153.623 153.948 70.0 爱 0
154.058 154.274 69.0 没 0
154.348 154.455 70.0 有 0
154.493 154.781 69.0 天 0
154.783 155.687 62.0 理 1
156.166 156.273 62.0 我 0
156.311 156.527 63.0 不 0
156.528 156.708 65.0 想 0
156.746 157.07 67.0 再 0
157.18 157.396 67.0 吵 0
157.47 157.577 65.0 来 0
157.615 157.722 67.0 吵 0
157.833 158.157 70.0 去 1
158.54 158.755 65.0 再 0
158.975 159.19 65.0 骗 0
159.264 159.371 62.0 来 0
159.409 159.625 65.0 骗 0
159.627 160.06 70.0 去 1
160.303 160.627 63.0 算 0
160.738 161.062 65.0 我 0
161.173 161.497 67.0 倒 0
161.607 161.932 70.0 楣 0
162.042 162.366 69.0 总 0
162.477 162.584 70.0 可 0
162.694 163.345 72.0 以 1
163.81 164.189 65.0 失 0
164.245 164.461 65.0 去 0
164.68 164.968 65.0 你 0
164.97 165.113 67.0 比 0
165.115 165.403 62.0 留 0
165.404 165.548 63.0 你 0
165.549 165.874 65.0 还 0
165.984 166.2 67.0 容 0
166.202 166.852 65.0 易 1
166.969 167.185 65.0 虽 0
167.187 167.402 70.0 然 0
167.621 167.946 70.0 说 0
168.056 168.272 69.0 比 0
168.346 168.453 70.0 较 0
168.491 169.685 62.0 lonely 1
170.17 170.277 62.0 我 0
170.315 170.531 63.0 可 0
170.605 170.712 65.0 以 0
170.75 171.074 67.0 嚼 0
171.185 171.4 67.0 嚼 0
171.474 171.581 65.0 口 0
171.619 171.726 67.0 香 0
171.837 172.161 70.0 糖 1
172.334 172.549 65.0 回 0
172.769 172.984 65.0 到 0
173.059 173.165 62.0 大 0
173.203 173.419 65.0 街 0
173.421 173.854 70.0 上 1
174.217 174.541 63.0 随 0
174.652 174.976 65.0 心 0
175.087 175.411 67.0 所 0
175.521 175.846 70.0 欲 0
175.956 176.28 69.0 的 0
176.826 177.114 62.0 去 0
177.478 177.693 70.0 流 0
177.695 178.056 67.0 浪 1
