16.419 17.097 64.0 一 0
17.101 17.324 61.0 - 0
17.328 17.779 59.0 棵 0
18.01 18.233 59.0 呀 0
18.237 18.688 59.0 小 0
18.691 19.142 56.0 白 0
19.146 19.71 52.0 杨 0
20.055 20.733 56.0 长 0
20.736 20.96 59.0 在 0
20.964 21.414 64.0 哨 0
21.418 21.869 61.0 所 0
21.873 23.346 59.0 旁 1
23.789 24.239 64.0 根 0
24.243 24.694 59.0 儿 0
24.698 25.375 61.0 深 0
25.379 25.603 64.0 - 0
25.606 26.057 61.0 干 0
26.061 26.512 61.0 儿 0
26.515 26.739 59.0 壮 0
26.743 27.08 56.0 - 0
27.424 27.648 57.0 守 0
27.652 28.102 59.0 望 0
28.106 28.33 61.0 着 0
28.333 28.784 59.0 北 0
28.788 29.239 54.0 - 0
29.242 30.602 54.0 疆 1
31.069 31.747 56.0 微 0
31.751 31.974 59.0 - 0
31.978 32.429 61.0 风 0
32.433 32.883 59.0 - 0
32.887 33.338 54.0 吹 0
33.342 34.133 52.0 - 0
34.251 34.474 52.0 吹 0
34.478 34.701 54.0 得 0
34.705 35.269 56.0 绿 0
35.387 35.61 59.0 叶 0
35.614 36.065 64.0 沙 0
36.068 36.519 61.0 沙 0
36.523 36.86 61.0 响 0
36.977 37.428 61.0 罗 0
37.432 37.655 59.0 喂 0
37.659 37.996 56.0 - 1
38.206 38.543 64.0 太 0
38.547 38.884 61.0 - 0
38.888 39.111 59.0 - 0
39.115 39.793 61.0 阳 0
39.796 40.02 64.0 - 0
40.024 40.474 61.0 照 0
40.478 40.815 59.0 - 0
40.819 40.929 56.0 - 0
40.933 41.383 54.0 得 0
41.842 42.52 59.0 树 0
42.523 42.747 61.0 叶 0
42.751 43.201 59.0 闪 0
43.205 43.656 54.0 银 0
43.66 44.11 54.0 光 0
44.114 44.906 52.0 - 1
45.637 46.997 68.0 来 0
47.001 47.224 66.0 来 0
47.228 47.452 64.0 来 0
47.455 48.815 66.0 来 0
48.819 49.156 68.0 来 0
49.273 49.951 56.0 来 0
49.955 50.178 59.0 来 0
50.182 50.519 64.0 来 0
50.523 50.633 66.0 来 0
50.637 50.974 61.0 来 0
50.978 51.087 59.0 来 0
51.091 52.604 59.0 来 0
52.909 53.36 64.0 小 0
53.364 53.814 61.0 白 0
53.818 54.496 61.0 杨 0
54.5 54.723 61.0 - 0
54.727 55.178 61.0 小 0
55.181 55.632 59.0 白 0
55.636 55.859 59.0 杨 0
55.863 56.2 56.0 - 1
56.427 56.65 57.0 它 0
56.654 57.105 59.0 - 0
57.109 57.332 61.0 长 0
57.336 57.673 59.0 我 0
57.79 58.127 56.0 也 0
58.245 59.604 54.0 长 0
59.608 59.832 56.0 - 0
60.063 60.4 59.0 同 0
60.404 60.513 59.0 我 0
60.517 60.741 59.0 一 0
60.744 60.968 61.0 起 0
60.972 61.422 59.0 守 0
61.426 61.877 54.0 边 0
61.881 62.331 54.0 防 0
62.335 63.013 52.0 - 1
78.21 78.888 64.0 当 0
78.892 79.115 61.0 - 0
79.119 79.57 59.0 初 0
79.801 80.024 59.0 呀 0
80.028 80.479 59.0 离 0
80.482 80.933 56.0 家 0
80.937 81.501 52.0 乡 0
81.846 82.524 56.0 告 0
82.528 82.751 59.0 别 0
82.755 83.206 64.0 杨 0
83.209 83.66 61.0 树 0
83.664 85.137 59.0 庄 1
85.537 85.874 64.0 妈 0
85.878 86.215 61.0 - 0
86.218 86.442 59.0 - 0
86.446 87.124 61.0 妈 0
87.127 87.351 64.0 - 0
87.355 87.805 61.0 送 0
87.809 88.26 59.0 树 0
88.264 88.487 59.0 苗 0
88.491 88.828 56.0 - 0
89.172 89.396 56.0 对 0
89.4 89.85 59.0 - 0
89.854 90.078 61.0 我 0
90.081 90.532 59.0 轻 0
90.536 90.987 54.0 轻 0
90.99 92.35 54.0 讲 1
92.751 93.429 56.0 带 0
93.433 93.656 59.0 - 0
93.66 94.111 61.0 着 0
94.115 94.565 59.0 - 0
94.569 95.02 54.0 它 0
95.024 95.815 52.0 - 0
95.933 96.156 52.0 亲 0
96.16 96.383 54.0 人 0
96.387 96.951 56.0 嘱 0
97.069 97.292 59.0 托 0
97.296 97.747 64.0 记 0
97.751 98.201 61.0 心 0
98.205 98.542 61.0 上 0
98.659 99.11 61.0 罗 0
99.114 99.337 59.0 喂 0
99.341 99.678 56.0 - 1
100.008 100.459 64.0 载 0
100.462 100.913 61.0 下 0
100.917 101.595 61.0 它 0
101.599 101.822 64.0 - 0
101.826 102.277 61.0 就 0
102.28 102.731 59.0 - 0
102.735 103.185 54.0 当 0
103.644 104.322 59.0 故 0
104.325 104.549 61.0 乡 0
104.553 105.003 59.0 在 0
105.007 105.458 54.0 身 0
105.462 105.912 54.0 旁 0
105.916 106.821 52.0 - 1
107.238 108.597 68.0 来 0
108.601 108.824 66.0 来 0
108.828 109.052 64.0 来 0
109.055 110.415 66.0 来 0
110.419 110.756 68.0 来 0
110.873 111.551 56.0 来 0
111.555 111.779 59.0 来 0
111.782 112.119 64.0 来 0
112.123 112.233 66.0 来 0
112.237 112.574 61.0 来 0
112.578 112.687 59.0 来 0
112.691 114.165 59.0 来 0
114.509 114.96 64.0 小 0
114.964 115.414 61.0 白 0
115.418 116.096 61.0 杨 0
116.1 116.323 61.0 - 0
116.327 116.778 61.0 小 0
116.782 117.232 59.0 白 0
117.236 117.459 59.0 杨 0
117.463 117.8 56.0 - 1
118.171 118.394 57.0 也 0
118.398 118.849 59.0 - 0
118.853 119.076 61.0 穿 0
119.08 119.417 59.0 绿 0
119.534 119.871 56.0 军 0
119.989 121.349 54.0 装 0
121.352 121.576 56.0 - 0
121.807 122.03 57.0 同 0
122.034 122.257 59.0 我 0
122.261 122.485 59.0 一 0
122.489 122.712 61.0 起 0
122.716 123.166 59.0 守 0
123.17 123.621 54.0 边 0
123.625 124.075 54.0 防 0
124.079 124.757 52.0 - 1
125.434 126.793 68.0 来 0
126.797 127.02 66.0 来 0
127.024 127.248 64.0 来 0
127.252 128.611 66.0 来 0
128.615 128.952 68.0 来 0
129.069 129.747 56.0 来 0
129.751 129.975 59.0 来 0
129.978 130.315 64.0 来 0
130.319 130.429 66.0 来 0
130.433 130.77 61.0 来 0
130.774 130.884 59.0 来 0
130.887 132.361 59.0 来 0
132.705 133.156 64.0 小 0
133.16 133.61 61.0 白 0
133.614 134.292 61.0 杨 0
134.296 134.519 61.0 - 0
134.523 134.974 61.0 小 0
134.978 135.428 59.0 白 0
135.432 135.656 59.0 杨 0
135.659 135.996 56.0 - 1
136.3 136.523 57.0 同 0
136.527 136.751 59.0 我 0
136.755 136.978 59.0 一 0
136.982 137.205 61.0 起 0
137.209 137.546 59.0 守 0
137.663 138.001 56.0 边 0
138.118 139.478 54.0 防 0
139.481 139.705 56.0 - 0
139.936 141.409 66.0 一 0
141.413 141.977 68.0 起 0
141.981 142.773 59.0 守 0
142.89 143.909 66.0 边 0
144.026 144.931 61.0 - 0
145.39 148.34 64.0 防 1
