25.439 25.814 60.0 太 0
25.814 26.189 60.0 阳 0
26.189 26.564 60.0 出 0
26.564 26.752 60.0 来 0
26.752 26.939 58.0 我 0
26.939 27.314 56.0 爬 0
27.314 27.689 63.0 山 0
27.689 28.439 63.0 坡 0
28.613 28.988 63.0 爬 0
28.988 29.176 65.0 到 0
29.176 29.363 63.0 了 0
29.363 29.738 65.0 山 0
29.738 29.926 65.0 顶 0
29.926 30.113 63.0 我 0
30.113 30.488 56.0 想 0
30.488 30.863 63.0 唱 0
30.863 31.613 58.0 歌 0
31.614 31.989 60.0 歌 0
31.989 32.364 60.0 声 0
32.364 32.739 60.0 飘 0
32.739 32.927 60.0 给 0
32.927 33.114 58.0 我 0
33.114 33.489 63.0 妹 0
33.489 33.864 60.0 妹 0
33.864 34.239 56.0 听 0
34.239 34.614 56.0 啊 0
34.615 34.99 58.0 听 0
34.99 35.178 58.0 到 0
35.178 35.365 56.0 我 0
35.365 35.74 58.0 歌 0
35.74 35.928 58.0 声 0
35.928 36.115 56.0 她 0
36.115 36.49 56.0 笑 0
36.49 36.865 56.0 呵 0
36.865 37.615 51.0 呵 0
37.627 38.002 60.0 春 0
38.002 38.377 60.0 天 0
38.377 38.752 60.0 里 0
38.752 38.94 60.0 那 0
38.94 39.127 58.0 个 0
39.127 39.502 56.0 百 0
39.502 39.877 63.0 花 0
39.877 40.627 63.0 鲜 0
40.627 41.002 63.0 我 0
41.002 41.19 65.0 和 0
41.19 41.377 63.0 那 0
41.377 41.752 65.0 妹 0
41.752 41.94 65.0 妹 0
41.94 42.127 63.0 呀 0
42.127 42.502 56.0 把 0
42.502 42.877 63.0 手 0
42.877 43.627 58.0 牵 0
43.629 44.004 60.0 游 0
44.004 44.192 60.0 到 0
44.192 44.379 58.0 了 0
44.379 44.754 60.0 山 0
44.754 44.942 60.0 顶 0
44.942 45.129 58.0 我 0
45.129 45.504 63.0 走 0
45.504 45.879 60.0 一 0
45.879 46.254 56.0 遍 0
46.254 46.629 56.0 啊 0
46.63 47.005 56.0 看 0
47.005 47.193 58.0 到 0
47.193 47.38 56.0 了 0
47.38 47.755 56.0 满 0
47.755 47.943 58.0 山 0
47.943 48.13 56.0 的 0
48.13 48.505 53.0 红 0
48.505 48.88 56.0 牡 0
48.88 49.63 56.0 鹃 0
61.419 61.61 68.0 我 0
61.61 61.985 68.0 嘴 0
61.985 62.173 70.0 里 0
62.173 62.36 68.0 头 0
62.36 62.736 68.0 笑 0
62.736 62.923 70.0 的 0
62.923 63.111 68.0 是 0
63.111 63.299 68.0 呦 0
63.299 63.486 68.0 啊 0
63.486 63.674 68.0 呦 0
63.674 63.861 65.0 啊 0
63.861 64.237 68.0 呦 0
64.286 64.474 63.0 我 0
64.474 64.849 63.0 - 0
64.849 65.037 65.0 心 0
65.037 65.224 63.0 里 0
65.224 65.6 63.0 头 0
65.6 65.787 65.0 美 0
65.787 65.975 63.0 的 0
65.975 66.162 68.0 是 0
66.162 66.35 65.0 啷 0
66.35 66.538 68.0 个 0
66.538 66.725 65.0 里 0
66.725 67.101 63.0 个 0
67.567 67.942 65.0 啷 0
67.942 68.13 65.0 妹 0
68.13 68.317 63.0 妹 0
68.317 68.505 65.0 她 0
68.505 68.692 65.0 不 0
68.692 68.88 65.0 说 0
68.88 69.068 63.0 话 0
69.068 69.255 65.0 只 0
69.255 69.443 65.0 看 0
69.443 69.631 65.0 着 0
69.631 69.818 63.0 我 0
69.818 70.193 61.0 来 0
70.193 70.569 61.0 笑 0
70.643 70.83 63.0 啊 0
70.83 71.018 63.0 我 0
71.018 71.205 63.0 知 0
71.205 71.393 60.0 道 0
71.393 71.768 63.0 她 0
71.768 71.956 63.0 等 0
71.956 72.144 60.0 我 0
72.144 72.519 63.0 的 0
72.519 72.894 63.0 大 0
72.894 73.269 63.0 花 0
73.424 73.612 68.0 轿 0
73.612 73.987 70.0 我 0
73.987 74.174 70.0 嘴 0
74.174 74.362 68.0 里 0
74.362 74.737 68.0 头 0
74.737 74.925 70.0 笑 0
74.925 75.112 68.0 的 0
75.112 75.3 68.0 是 0
75.3 75.488 68.0 呦 0
75.488 75.675 68.0 啊 0
75.675 75.863 65.0 呦 0
75.863 76.238 68.0 啊 0
76.419 76.606 63.0 呦 0
76.606 76.982 63.0 我 0
76.982 77.169 65.0 心 0
77.169 77.357 63.0 里 0
77.357 77.732 65.0 头 0
77.732 77.92 65.0 美 0
77.92 78.107 63.0 的 0
78.107 78.295 68.0 是 0
78.295 78.483 65.0 啷 0
78.483 78.67 68.0 个 0
78.67 78.858 65.0 里 0
78.858 79.233 63.0 个 0
79.509 79.885 63.0 啷 0
79.885 80.072 65.0 妹 0
80.072 80.26 63.0 妹 0
80.26 80.447 65.0 她 0
80.447 80.635 65.0 不 0
80.635 80.823 65.0 说 0
80.823 81.01 63.0 话 0
81.01 81.198 65.0 只 0
81.198 81.385 65.0 看 0
81.385 81.573 65.0 着 0
81.573 81.761 63.0 我 0
81.761 82.136 61.0 来 0
82.136 82.511 61.0 笑 0
82.626 82.814 63.0 啊 0
82.814 83.001 63.0 我 0
83.001 83.189 63.0 知 0
83.189 83.377 60.0 道 0
83.377 83.752 63.0 她 0
83.752 83.939 63.0 等 0
83.939 84.127 63.0 我 0
84.127 84.502 63.0 来 0
84.502 84.878 60.0 抱 0
84.878 85.253 56.0 一 0
85.581 85.956 68.0 抱 0
85.956 86.331 65.0 抱 0
86.331 86.707 61.0 一 0
86.707 86.894 61.0 抱 0
86.894 87.082 61.0 那 0
87.082 87.457 68.0 个 0
87.457 87.832 65.0 抱 0
87.832 88.583 61.0 一 0
88.611 88.799 63.0 抱 0
88.799 88.986 61.0 抱 0
88.986 89.174 63.0 着 0
89.174 89.361 61.0 那 0
89.361 89.737 63.0 个 0
89.737 89.924 63.0 月 0
89.924 90.112 61.0 亮 0
90.112 90.487 63.0 她 0
90.487 90.675 63.0 笑 0
90.675 90.862 61.0 弯 0
90.862 91.331 63.0 了 0
91.499 91.874 65.0 腰 0
91.874 92.249 65.0 抱 0
92.249 92.624 61.0 一 0
92.624 92.812 61.0 抱 0
92.812 93.0 61.0 那 0
93.0 93.375 65.0 个 0
93.375 93.75 65.0 抱 0
93.75 94.501 61.0 一 0
94.623 94.81 63.0 抱 0
94.81 94.998 61.0 抱 0
94.998 95.186 63.0 着 0
95.186 95.373 61.0 我 0
95.373 95.748 63.0 那 0
95.748 95.936 63.0 妹 0
95.936 96.124 61.0 妹 0
96.124 96.499 65.0 她 0
96.499 96.874 65.0 上 0
96.874 97.625 68.0 花 0
121.622 121.997 60.0 轿 0
121.997 122.372 58.0 太 0
122.372 122.747 60.0 阳 0
122.747 122.935 60.0 出 0
122.935 123.122 58.0 来 0
123.122 123.498 56.0 我 0
123.498 123.873 63.0 爬 0
123.873 124.623 63.0 山 0
124.65 125.026 63.0 坡 0
125.026 125.213 65.0 爬 0
125.213 125.401 63.0 到 0
125.401 125.776 65.0 了 0
125.776 125.964 65.0 山 0
125.964 126.151 63.0 顶 0
126.151 126.527 56.0 我 0
126.527 126.902 60.0 想 0
126.902 127.652 58.0 唱 0
127.666 128.042 60.0 歌 0
128.042 128.417 58.0 歌 0
128.417 128.792 60.0 声 0
128.792 128.98 60.0 飘 0
128.98 129.167 58.0 给 0
129.167 129.542 63.0 我 0
129.542 129.918 60.0 妹 0
129.918 130.293 56.0 妹 0
130.293 130.668 56.0 听 0
130.702 131.077 58.0 呀 0
131.077 131.265 58.0 听 0
131.265 131.453 56.0 到 0
131.453 131.828 58.0 我 0
131.828 132.015 58.0 歌 0
132.015 132.203 56.0 声 0
132.203 132.578 56.0 她 0
132.578 132.954 56.0 笑 0
132.954 133.704 51.0 呵 0
133.705 134.08 60.0 呵 0
134.08 134.456 60.0 春 0
134.456 134.831 60.0 天 0
134.831 135.018 60.0 里 0
135.018 135.206 58.0 那 0
135.206 135.581 56.0 个 0
135.581 135.956 63.0 百 0
135.956 136.707 63.0 花 0
136.708 137.083 63.0 鲜 0
137.083 137.271 65.0 我 0
137.271 137.458 63.0 和 0
137.458 137.834 65.0 那 0
137.834 138.021 65.0 妹 0
138.021 138.209 63.0 妹 0
138.209 138.584 56.0 呀 0
138.584 138.959 63.0 把 0
138.959 139.71 58.0 手 0
139.71 140.085 60.0 牵 0
140.085 140.273 60.0 游 0
140.273 140.46 58.0 到 0
140.46 140.835 60.0 了 0
140.835 141.023 60.0 山 0
141.023 141.211 58.0 顶 0
141.211 141.586 60.0 我 0
141.586 141.961 60.0 走 0
141.961 142.336 56.0 一 0
142.336 142.712 56.0 遍 0
142.713 143.088 58.0 啊 0
143.088 143.276 58.0 看 0
143.276 143.463 56.0 到 0
143.463 143.838 56.0 了 0
143.838 144.026 58.0 满 0
144.026 144.214 56.0 山 0
144.214 144.589 56.0 的 0
144.589 144.964 53.0 红 0
144.964 145.715 56.0 牡 0
157.531 157.719 68.0 鹃 0
157.719 158.094 68.0 我 0
158.094 158.282 70.0 嘴 0
158.282 158.47 68.0 里 0
158.47 158.845 70.0 头 0
158.845 159.032 70.0 笑 0
159.032 159.22 68.0 的 0
159.22 159.408 68.0 是 0
159.408 159.595 68.0 呦 0
159.595 159.783 68.0 啊 0
159.783 159.97 65.0 呦 0
159.97 160.346 68.0 啊 0
160.389 160.577 63.0 呦 0
160.577 160.952 63.0 我 0
160.952 161.14 65.0 心 0
161.14 161.327 63.0 里 0
161.327 161.703 63.0 头 0
161.703 161.89 65.0 美 0
161.89 162.078 63.0 的 0
162.078 162.265 68.0 是 0
162.265 162.453 65.0 啷 0
162.453 162.641 68.0 个 0
162.641 162.828 65.0 里 0
162.828 163.204 63.0 个 0
163.694 164.069 65.0 啷 0
164.069 164.257 65.0 妹 0
164.257 164.444 63.0 妹 0
164.444 164.632 65.0 她 0
164.632 164.82 65.0 不 0
164.82 165.007 65.0 说 0
165.007 165.195 63.0 话 0
165.195 165.382 65.0 只 0
165.382 165.57 65.0 看 0
165.57 165.758 65.0 着 0
165.758 165.945 63.0 我 0
165.945 166.32 61.0 来 0
166.32 166.696 61.0 笑 0
166.715 166.902 63.0 啊 0
166.902 167.09 63.0 我 0
167.09 167.278 63.0 知 0
167.278 167.465 60.0 道 0
167.465 167.84 63.0 她 0
167.84 168.028 63.0 等 0
168.028 168.216 60.0 我 0
168.216 168.591 63.0 的 0
168.591 168.966 63.0 大 0
168.966 169.341 63.0 花 0
169.454 169.642 68.0 轿 0
169.642 170.017 70.0 我 0
170.017 170.204 70.0 嘴 0
170.204 170.392 68.0 里 0
170.392 170.767 68.0 头 0
170.767 170.955 70.0 笑 0
170.955 171.142 68.0 的 0
171.142 171.33 68.0 是 0
171.33 171.518 68.0 呦 0
171.518 171.705 68.0 啊 0
171.705 171.893 65.0 呦 0
171.893 172.268 68.0 啊 0
172.537 172.724 63.0 呦 0
172.724 173.1 63.0 我 0
173.1 173.287 65.0 心 0
173.287 173.475 63.0 里 0
173.475 173.85 63.0 头 0
173.85 174.038 65.0 美 0
174.038 174.225 63.0 的 0
174.225 174.413 68.0 是 0
174.413 174.601 65.0 啷 0
174.601 174.788 68.0 个 0
174.788 174.976 65.0 里 0
174.976 175.351 63.0 个 0
175.607 175.983 63.0 啷 0
175.983 176.17 65.0 妹 0
176.17 176.358 63.0 妹 0
176.358 176.545 65.0 她 0
176.545 176.733 65.0 不 0
176.733 176.921 65.0 说 0
176.921 177.108 63.0 话 0
177.108 177.296 65.0 只 0
177.296 177.483 65.0 看 0
177.483 177.671 65.0 着 0
177.671 177.859 63.0 我 0
177.859 178.234 61.0 来 0
178.234 178.609 61.0 笑 0
178.62 178.808 63.0 啊 0
178.808 178.995 63.0 我 0
178.995 179.183 63.0 知 0
179.183 179.371 60.0 道 0
179.371 179.746 63.0 她 0
179.746 179.934 63.0 等 0
179.934 180.121 63.0 我 0
180.121 180.496 63.0 来 0
180.496 180.872 60.0 抱 0
180.872 181.247 56.0 一 0
181.718 182.093 68.0 抱 0
182.093 182.469 65.0 抱 0
182.469 182.844 61.0 一 0
182.844 183.031 61.0 抱 0
183.031 183.219 61.0 那 0
183.219 183.594 68.0 个 0
183.594 183.969 65.0 抱 0
183.969 184.72 61.0 一 0
184.73 184.918 63.0 抱 0
184.918 185.105 61.0 抱 0
185.105 185.293 63.0 着 0
185.293 185.48 61.0 那 0
185.48 185.856 63.0 个 0
185.856 186.043 63.0 月 0
186.043 186.231 61.0 亮 0
186.231 186.606 63.0 她 0
186.606 186.794 63.0 笑 0
186.794 186.981 61.0 弯 0
186.981 187.45 63.0 了 0
187.577 187.952 65.0 腰 0
187.952 188.327 65.0 抱 0
188.327 188.703 61.0 一 0
188.703 188.89 61.0 抱 0
188.89 189.078 61.0 那 0
189.078 189.453 65.0 个 0
189.453 189.828 65.0 抱 0
189.828 190.579 61.0 一 0
190.706 190.893 63.0 抱 0
190.893 191.081 61.0 抱 0
191.081 191.269 63.0 着 0
191.269 191.456 61.0 我 0
191.456 191.831 63.0 那 0
191.831 192.019 63.0 妹 0
192.019 192.207 61.0 妹 0
192.207 192.582 65.0 她 0
192.582 192.957 65.0 上 0
192.957 193.708 68.0 花 0
193.74 194.115 65.0 轿 0
194.115 194.49 63.0 抱 0
194.49 194.865 61.0 一 0
194.865 195.053 61.0 抱 0
195.053 195.241 61.0 那 0
195.241 195.616 65.0 个 0
195.616 195.991 63.0 抱 0
195.991 196.741 61.0 一 0
196.743 196.931 63.0 抱 0
196.931 197.119 61.0 抱 0
197.119 197.306 63.0 着 0
197.306 197.494 61.0 那 0
197.494 197.869 63.0 个 0
197.869 198.057 63.0 月 0
198.057 198.244 61.0 亮 0
198.244 198.62 63.0 她 0
198.62 198.807 63.0 笑 0
198.807 198.995 61.0 弯 0
198.995 199.464 63.0 了 0
199.643 200.019 68.0 腰 0
200.019 200.394 63.0 抱 0
200.394 200.769 61.0 一 0
200.769 200.957 61.0 抱 0
200.957 201.144 61.0 那 0
201.144 201.519 68.0 个 0
201.519 201.895 65.0 抱 0
201.895 202.645 61.0 一 0
202.745 202.933 63.0 抱 0
202.933 203.12 61.0 抱 0
203.12 203.308 63.0 着 0
203.308 203.496 61.0 我 0
203.496 203.871 61.0 那 0
203.871 204.059 63.0 妹 0
204.059 204.246 61.0 妹 0
204.246 204.621 68.0 呀 0
204.621 204.997 68.0 上 0
204.997 211.469 68.0 花 0
