15.451 16.048 60.0 相 0
16.051 16.248 57.0 遇 0
16.251 16.648 60.0 在 0
16.651 17.048 57.0 人 0
17.051 17.548 60.0 海 1
17.904 18.301 60.0 聚 0
18.304 18.701 67.0 散 0
18.704 19.101 65.0 在 0
19.304 19.501 55.0 重 0
19.504 19.901 57.0 逢 0
19.904 20.301 62.0 之 0
20.304 21.401 60.0 外 1
21.853 22.35 62.0 醒 0
22.453 22.65 60.0 来 0
22.653 22.95 62.0 的 0
23.053 23.35 62.0 窗 0
23.453 23.85 60.0 台 1
24.401 24.798 53.0 等 0
24.801 25.198 57.0 着 0
25.201 25.798 55.0 月 0
25.801 25.998 53.0 光 0
26.001 26.398 50.0 洒 0
26.401 26.698 57.0 下 0
26.801 27.998 55.0 来 1
28.4 28.897 60.0 不 0
29.0 29.197 57.0 用 0
29.2 29.497 60.0 太 0
29.6 29.997 57.0 伤 0
30.0 30.397 60.0 怀 1
30.801 31.198 60.0 相 0
31.201 31.598 67.0 信 0
31.601 32.198 65.0 缘 0
32.201 32.398 67.0 分 0
32.401 32.698 69.0 依 0
32.801 33.198 57.0 然 0
33.201 33.798 60.0 在 1
33.911 34.308 60.0 让 0
34.311 34.708 62.0 时 0
34.711 35.308 65.0 钟 0
35.311 35.508 62.0 它 0
35.511 35.908 60.0 慢 0
35.911 36.308 62.0 慢 0
36.311 36.708 67.0 摇 0
36.711 37.108 65.0 - 1
37.18 37.577 60.0 滴 0
37.58 37.777 62.0 滴 0
37.98 38.477 69.0 嗒 0
38.58 38.777 67.0 嗒 0
38.78 39.177 65.0 等 0
39.18 39.577 62.0 你 0
39.58 39.977 62.0 来 0
39.98 40.777 65.0 - 1
41.165 41.362 60.0 看 0
41.365 41.762 57.0 - 0
41.765 41.962 57.0 云 0
41.965 42.362 60.0 水 0
42.365 42.762 57.0 漂 0
42.765 43.262 60.0 流 1
43.616 44.013 60.0 看 0
44.016 44.413 67.0 着 0
44.416 44.813 65.0 落 0
45.016 45.213 57.0 叶 0
45.216 45.613 57.0 被 0
45.616 46.016 60.0 带 0
46.016 47.113 60.0 走 1
47.529 47.926 62.0 泪 0
48.129 48.326 60.0 湿 0
48.329 48.729 62.0 的 0
48.729 49.026 62.0 枕 0
49.129 49.526 60.0 头 1
49.926 50.323 53.0 枕 0
50.326 50.723 57.0 干 0
50.726 51.323 55.0 潮 0
51.326 51.523 53.0 湿 0
51.526 51.923 50.0 的 0
51.926 52.323 57.0 温 0
52.326 53.023 55.0 柔 1
53.103 53.5 55.0 等 0
53.503 53.9 57.0 到 0
53.903 54.4 60.0 下 0
54.503 54.7 57.0 一 0
54.703 55.0 60.0 个 0
55.103 55.5 57.0 春 0
55.503 55.9 60.0 秋 1
56.261 56.658 60.0 等 0
56.661 57.058 67.0 到 0
57.061 57.658 65.0 秋 0
57.661 57.858 67.0 叶 0
57.861 58.058 69.0 被 0
58.261 58.658 65.0 红 0
58.661 59.258 64.0 透 1
59.563 59.96 65.0 让 0
60.163 60.36 64.0 那 0
60.363 60.96 62.0 指 0
60.963 61.16 60.0 针 0
61.163 61.56 65.0 慢 0
61.563 61.96 62.0 慢 0
61.963 62.56 60.0 走 1
62.679 63.076 65.0 停 0
63.079 63.376 64.0 在 0
63.479 63.976 62.0 花 0
64.079 64.276 60.0 开 0
64.279 64.676 62.0 的 0
64.679 65.076 65.0 时 0
65.079 65.776 67.0 候 1
65.919 66.116 69.0 不 0
66.119 66.316 67.0 是 0
66.319 66.516 65.0 因 0
66.519 66.716 67.0 为 0
66.719 67.316 69.0 寂 0
67.319 67.516 67.0 寞 0
67.519 67.916 65.0 才 0
67.919 68.216 72.0 想 0
68.319 68.716 67.0 你 1
69.167 69.364 69.0 只 0
69.367 69.564 67.0 是 0
69.567 69.764 65.0 因 0
69.767 69.964 67.0 为 0
69.967 70.564 65.0 想 0
70.567 70.764 64.0 你 0
70.767 71.164 62.0 才 0
71.167 71.464 69.0 寂 0
71.567 72.164 64.0 寞 1
72.308 72.905 65.0 当 0
72.908 73.105 64.0 泪 0
73.108 73.705 62.0 落 0
73.708 73.905 60.0 下 0
73.908 74.305 74.0 的 0
74.308 74.705 74.0 时 0
74.708 75.205 72.0 候 1
75.549 75.846 69.0 所 0
75.949 76.346 69.0 有 0
76.349 76.946 70.0 风 0
76.949 77.146 69.0 景 0
77.149 77.546 65.0 都 0
77.549 77.946 62.0 沉 0
77.949 78.346 67.0 默 1
78.762 78.959 69.0 因 0
78.962 79.159 67.0 为 0
79.162 79.359 65.0 有 0
79.362 79.559 67.0 你 0
79.562 80.159 69.0 爱 0
80.162 80.359 67.0 所 0
80.362 80.759 65.0 以 0
80.762 81.162 67.0 宽 0
81.162 81.559 67.0 容 1
81.915 82.112 69.0 因 0
82.115 82.312 67.0 为 0
82.315 82.512 65.0 思 0
82.515 82.712 67.0 念 0
82.715 83.312 65.0 时 0
83.315 83.512 64.0 光 0
83.515 83.912 62.0 走 0
83.915 84.312 65.0 得 0
84.315 84.712 72.0 匆 0
84.715 85.112 69.0 匆 1
85.114 85.611 69.0 月 0
85.714 85.911 67.0 光 0
85.914 86.311 65.0 轻 0
86.314 86.711 62.0 轻 0
86.714 87.311 69.0 把 0
87.314 87.511 67.0 梦 0
87.514 87.911 65.0 偷 0
87.914 88.411 60.0 走 1
88.839 89.036 62.0 所 0
89.039 89.236 64.0 有 0
89.239 89.636 65.0 无 0
89.639 90.036 62.0 眠 0
90.039 90.236 65.0 的 0
90.239 90.636 69.0 夜 0
90.839 91.336 72.0 想 0
91.439 91.636 69.0 你 0
91.639 92.036 65.0 够 0
92.039 92.336 62.0 不 0
92.439 94.536 65.0 够 1
105.151 105.348 60.0 看 0
105.351 105.748 57.0 - 0
105.751 105.948 57.0 云 0
105.951 106.348 60.0 水 0
106.351 106.748 57.0 漂 0
106.751 107.248 60.0 流 1
107.581 107.978 60.0 看 0
107.981 108.378 67.0 着 0
108.381 108.778 65.0 落 0
108.981 109.178 57.0 叶 0
109.181 109.578 57.0 被 0
109.581 109.878 62.0 带 0
109.981 111.078 60.0 走 1
111.564 111.961 62.0 泪 0
112.164 112.361 60.0 湿 0
112.364 112.661 62.0 的 0
112.764 113.164 65.0 枕 0
113.164 113.561 60.0 头 1
113.852 114.249 53.0 枕 0
114.252 114.649 57.0 干 0
114.652 115.249 55.0 潮 0
115.252 115.449 53.0 湿 0
115.452 115.849 57.0 的 0
115.852 116.249 57.0 温 0
116.252 116.949 55.0 柔 1
117.208 117.605 55.0 等 0
117.608 118.005 57.0 到 0
118.008 118.505 60.0 下 0
118.608 118.805 57.0 一 0
118.808 119.105 60.0 个 0
119.208 119.605 57.0 春 0
119.608 120.005 60.0 秋 1
120.432 120.829 60.0 等 0
120.832 121.229 67.0 到 0
121.232 121.829 65.0 秋 0
121.832 122.029 67.0 叶 0
122.032 122.229 69.0 被 0
122.432 122.829 65.0 红 0
122.832 123.429 64.0 透 1
123.568 123.965 65.0 让 0
124.168 124.365 64.0 那 0
124.368 124.965 62.0 指 0
124.968 125.165 60.0 针 0
125.168 125.565 65.0 慢 0
125.568 125.965 62.0 慢 0
125.968 126.565 60.0 走 1
126.812 127.209 65.0 停 0
127.212 127.509 64.0 在 0
127.612 128.109 62.0 花 0
128.212 128.409 60.0 开 0
128.412 128.809 62.0 的 0
128.812 129.209 65.0 时 0
129.212 129.909 67.0 候 1
129.934 130.131 69.0 不 0
130.134 130.331 67.0 是 0
130.334 130.531 65.0 因 0
130.534 130.731 67.0 为 0
130.734 131.331 69.0 寂 0
131.334 131.531 67.0 寞 0
131.534 131.931 65.0 才 0
131.934 132.334 72.0 想 0
132.334 132.731 67.0 你 1
133.124 133.321 69.0 只 0
133.324 133.521 67.0 是 0
133.524 133.721 65.0 因 0
133.724 133.921 67.0 为 0
133.924 134.521 65.0 想 0
134.524 134.721 64.0 你 0
134.724 135.121 62.0 才 0
135.124 135.421 69.0 寂 0
135.524 136.121 64.0 寞 1
136.365 136.962 65.0 当 0
136.965 137.162 64.0 泪 0
137.165 137.762 62.0 落 0
137.765 137.962 60.0 下 0
137.965 138.362 74.0 的 0
138.365 138.762 74.0 时 0
138.765 139.262 72.0 候 1
139.541 139.838 69.0 所 0
139.941 140.338 69.0 有 0
140.341 140.938 70.0 风 0
140.941 141.138 69.0 景 0
141.141 141.538 65.0 都 0
141.541 141.938 62.0 沉 0
141.941 142.338 67.0 默 1
142.828 143.025 69.0 因 0
143.028 143.225 67.0 为 0
143.228 143.425 65.0 有 0
143.428 143.625 67.0 你 0
143.628 144.225 69.0 爱 0
144.228 144.425 67.0 所 0
144.428 144.825 65.0 以 0
144.828 145.125 72.0 宽 0
145.228 145.625 67.0 容 1
145.979 146.176 69.0 因 0
146.179 146.376 67.0 为 0
146.379 146.576 65.0 思 0
146.579 146.776 67.0 念 0
146.779 147.376 65.0 时 0
147.379 147.576 64.0 光 0
147.579 147.976 62.0 走 0
147.979 148.376 65.0 得 0
148.379 148.776 72.0 匆 0
148.779 149.176 69.0 匆 1
149.211 149.708 69.0 月 0
149.811 150.008 67.0 光 0
150.011 150.408 65.0 轻 0
150.411 150.808 62.0 轻 0
150.811 151.408 69.0 把 0
151.411 151.608 67.0 梦 0
151.611 152.008 65.0 偷 0
152.011 152.508 60.0 走 1
152.745 152.942 62.0 所 0
152.945 153.142 64.0 有 0
153.145 153.542 65.0 无 0
153.545 153.942 62.0 眠 0
153.945 154.142 65.0 的 0
154.145 154.542 69.0 夜 0
154.745 155.242 72.0 想 0
155.345 155.542 69.0 你 0
155.545 155.942 65.0 够 0
155.945 156.242 62.0 不 0
156.345 158.442 65.0 够 1
168.347 168.544 69.0 不 0
168.547 168.744 67.0 是 0
168.747 168.944 65.0 因 0
168.947 169.144 67.0 为 0
169.147 169.744 69.0 寂 0
169.747 169.944 67.0 寞 0
169.947 170.344 65.0 才 0
170.347 170.644 72.0 想 0
170.747 171.144 67.0 你 1
171.603 171.8 69.0 只 0
171.803 172.0 67.0 是 0
172.003 172.2 65.0 因 0
172.203 172.4 67.0 为 0
172.403 173.0 65.0 想 0
173.003 173.2 64.0 你 0
173.203 173.6 62.0 才 0
173.603 173.9 69.0 寂 0
174.003 174.6 64.0 寞 1
174.825 175.422 65.0 当 0
175.425 175.622 64.0 泪 0
175.625 176.222 62.0 落 0
176.225 176.422 60.0 下 0
176.425 176.822 74.0 的 0
176.825 177.222 74.0 时 0
177.225 177.722 72.0 候 1
177.954 178.251 69.0 所 0
178.354 178.751 69.0 有 0
178.754 179.351 70.0 风 0
179.354 179.551 69.0 景 0
179.554 179.951 65.0 都 0
179.954 180.351 62.0 沉 0
180.354 180.751 67.0 默 1
181.167 181.364 69.0 因 0
181.367 181.564 67.0 为 0
181.567 181.764 65.0 有 0
181.767 181.964 67.0 你 0
181.967 182.564 69.0 爱 0
182.567 182.764 67.0 所 0
182.767 183.164 65.0 以 0
183.167 183.464 72.0 宽 0
183.567 183.964 67.0 容 1
184.29 184.487 69.0 因 0
184.49 184.687 67.0 为 0
184.69 184.887 65.0 思 0
184.89 185.087 67.0 念 0
185.09 185.687 65.0 时 0
185.69 185.887 64.0 光 0
185.89 186.287 62.0 走 0
186.29 186.687 65.0 得 0
186.69 187.087 72.0 匆 0
187.09 187.487 69.0 匆 1
187.488 187.985 69.0 月 0
188.088 188.285 67.0 光 0
188.288 188.685 65.0 轻 0
188.688 189.085 62.0 轻 0
189.088 189.685 69.0 把 0
189.688 189.885 67.0 梦 0
189.888 190.285 65.0 偷 0
190.288 190.785 60.0 走 1
191.189 191.386 62.0 所 0
191.389 191.586 64.0 有 0
191.589 191.986 65.0 无 0
191.989 192.386 62.0 眠 0
192.389 192.586 65.0 的 0
192.589 192.986 69.0 夜 0
193.189 193.586 72.0 想 0
193.589 193.986 69.0 你 0
193.989 194.386 65.0 够 0
194.389 194.686 62.0 不 0
194.789 196.886 65.0 够 1
197.21 197.407 70.0 不 0
197.41 197.607 68.0 是 0
197.61 197.807 66.0 因 0
197.81 198.007 68.0 为 0
198.01 198.607 70.0 寂 0
198.61 198.807 68.0 寞 0
198.81 199.207 66.0 才 0
199.21 199.507 73.0 想 0
199.61 200.007 68.0 你 1
200.398 200.595 70.0 只 0
200.598 200.795 68.0 是 0
200.798 200.995 66.0 因 0
200.998 201.195 68.0 为 0
201.198 201.795 66.0 想 0
201.798 201.995 65.0 你 0
201.998 202.395 63.0 才 0
202.398 202.695 70.0 寂 0
202.798 203.395 65.0 寞 1
203.641 204.238 66.0 当 0
204.241 204.438 65.0 泪 0
204.441 205.038 63.0 落 0
205.041 205.238 61.0 下 0
205.241 205.638 75.0 的 0
205.641 206.038 75.0 时 0
206.041 206.538 73.0 候 1
206.724 207.021 70.0 所 0
207.124 207.521 70.0 有 0
207.524 208.121 71.0 风 0
208.124 208.321 70.0 景 0
208.324 208.721 66.0 都 0
208.724 209.121 63.0 沉 0
209.124 209.521 68.0 默 1
210.016 210.213 70.0 因 0
210.216 210.413 68.0 为 0
210.416 210.613 66.0 有 0
210.616 210.813 68.0 你 0
210.816 211.413 70.0 爱 0
211.416 211.613 68.0 所 0
211.616 212.013 66.0 以 0
212.016 212.313 73.0 宽 0
212.416 212.813 68.0 容 1
213.118 213.315 70.0 因 0
213.318 213.515 68.0 为 0
213.518 213.715 66.0 思 0
213.718 213.915 68.0 念 0
213.918 214.515 66.0 时 0
214.518 214.715 65.0 光 0
214.718 215.115 63.0 走 0
215.118 215.515 66.0 得 0
215.518 215.915 73.0 匆 0
215.918 216.315 70.0 匆 1
216.436 216.933 70.0 月 0
217.036 217.233 68.0 光 0
217.236 217.633 66.0 轻 0
217.636 218.033 63.0 轻 0
218.036 218.633 70.0 把 0
218.636 218.833 68.0 梦 0
218.836 219.233 66.0 偷 0
219.236 219.733 61.0 走 1
219.869 220.066 63.0 所 0
220.069 220.266 65.0 有 0
220.269 220.666 66.0 无 0
220.669 221.066 63.0 眠 0
221.069 221.266 66.0 的 0
221.269 221.666 70.0 夜 0
221.869 222.266 73.0 想 0
222.269 222.666 70.0 你 0
222.669 223.066 66.0 够 0
223.069 223.366 63.0 不 0
223.469 225.566 66.0 够 1
226.251 226.448 63.0 所 0
226.451 226.648 65.0 有 0
226.651 227.148 66.0 无 0
227.151 227.548 63.0 眠 0
227.601 227.798 66.0 的 0
227.801 228.298 70.0 夜 0
228.451 228.948 73.0 想 0
229.051 231.348 70.0 你 0
231.951 232.248 66.0 够 0
232.251 232.548 63.0 - 0
232.551 233.048 63.0 不 0
233.051 234.248 66.0 够 1
