13.413 13.616 64.0 如 0
13.616 13.819 66.0 果 0
13.819 14.021 64.0 我 0
14.021 14.63 66.0 说 1
14.709 14.911 62.0 爱 0
14.911 15.114 62.0 我 0
15.114 15.317 64.0 没 0
15.317 15.519 66.0 有 0
15.519 15.722 64.0 如 0
15.722 16.33 66.0 果 1
16.733 17.138 64.0 错 0
17.138 17.341 62.0 过 0
17.341 17.949 64.0 就 0
17.949 18.152 62.0 过 1
18.152 18.76 66.0 你 0
18.76 18.962 66.0 是 0
18.962 19.165 67.0 不 0
19.165 19.368 66.0 是 0
19.368 19.57 64.0 会 0
19.57 19.773 62.0 难 0
19.773 19.976 62.0 过 1
20.088 20.29 68.0 若 0
20.29 20.493 69.0 如 0
20.493 20.696 69.0 果 0
20.696 20.898 69.0 拿 0
20.898 21.101 62.0 来 0
21.101 21.304 62.0 当 0
21.304 21.838 67.0 藉 0
21.912 22.621 66.0 口 1
22.688 22.89 64.0 那 0
22.89 23.093 62.0 爱 0
23.093 23.498 61.0 是 0
23.498 23.701 61.0 不 0
23.701 23.904 61.0 是 0
23.904 24.107 61.0 有 0
24.107 24.309 61.0 一 0
24.309 24.715 62.0 点 0
24.715 25.931 62.0 弱 1
26.268 26.471 64.0 如 0
26.471 26.674 66.0 果 0
26.674 26.876 64.0 我 0
26.876 27.282 66.0 说 1
27.452 27.655 62.0 爱 0
27.655 27.857 62.0 我 0
27.857 28.263 71.0 没 0
28.263 28.668 69.0 有 0
28.668 29.073 69.0 如 0
29.073 29.378 66.0 果 0
29.378 29.682 64.0 - 1
29.685 29.887 64.0 真 0
29.887 30.09 62.0 的 0
30.09 30.293 64.0 爱 0
30.293 30.495 62.0 我 0
30.495 30.901 64.0 就 0
30.901 31.103 57.0 放 0
31.103 31.509 67.0 手 0
31.509 31.712 69.0 一 0
31.712 32.522 66.0 搏 1
32.863 33.066 62.0 还 0
33.066 33.268 61.0 想 0
33.268 33.471 62.0 什 0
33.471 33.674 61.0 么 0
33.674 34.282 62.0 还 0
34.282 34.687 67.0 怕 0
34.687 34.89 69.0 什 0
34.89 35.701 66.0 么 1
36.04 36.445 61.0 快 0
36.445 36.648 61.0 牵 0
36.648 36.851 61.0 起 0
36.851 37.256 61.0 我 0
37.256 37.662 62.0 的 0
37.662 38.472 62.0 手 1
38.561 38.967 57.0 有 0
38.967 39.372 62.0 人 0
39.372 40.183 62.0 说 1
40.221 40.424 62.0 世 0
40.424 40.627 62.0 界 0
40.627 40.829 62.0 上 0
40.829 41.032 62.0 最 0
41.032 41.235 61.0 遥 0
41.235 41.437 61.0 远 0
41.437 41.64 61.0 的 0
41.64 41.843 59.0 距 0
41.843 42.248 61.0 离 0
42.248 42.654 62.0 不 0
42.654 43.059 62.0 是 1
43.082 43.285 57.0 生 0
43.285 43.487 59.0 与 0
43.487 43.893 62.0 死 1
43.91 44.113 62.0 而 0
44.113 44.316 62.0 是 0
44.316 44.519 57.0 我 0
44.519 44.721 57.0 就 0
44.721 44.924 62.0 站 0
44.924 45.127 62.0 在 0
45.127 45.329 57.0 你 0
45.329 45.532 57.0 面 0
45.532 45.735 62.0 前 1
45.817 46.153 62.0 你 0
46.222 46.628 66.0 却 0
46.628 47.033 66.0 不 0
47.033 47.438 62.0 知 0
47.844 48.249 61.0 道 0
48.249 49.06 62.0 我 0
49.465 49.871 61.0 爱 0
49.871 50.276 62.0 你 0
50.276 51.087 59.0 - 1
51.574 51.98 57.0 我 0
51.98 52.385 62.0 常 0
52.385 53.196 62.0 说 1
53.208 53.411 62.0 如 0
53.411 53.614 62.0 果 0
53.614 53.816 62.0 人 0
53.816 54.019 62.0 类 0
54.019 54.222 61.0 连 0
54.222 54.424 61.0 爱 0
54.424 54.627 61.0 一 0
54.627 54.83 59.0 个 0
54.83 55.235 61.0 人 1
55.25 55.656 62.0 都 0
55.656 56.061 62.0 被 0
56.061 56.264 62.0 自 0
56.264 56.466 57.0 己 0
56.466 56.872 62.0 绑 0
56.872 57.48 57.0 住 1
57.48 57.683 66.0 那 0
57.683 57.885 66.0 世 0
57.885 58.088 64.0 界 0
58.088 58.291 64.0 末 0
58.291 58.493 62.0 日 0
58.493 58.696 62.0 已 0
58.696 58.899 66.0 来 0
58.899 59.71 66.0 到 1
59.71 59.912 62.0 不 0
59.912 60.115 64.0 需 0
60.115 60.52 66.0 要 0
60.52 60.926 66.0 等 0
60.926 61.331 62.0 到 0
61.331 61.534 62.0 地 0
61.534 61.737 64.0 球 0
61.737 62.142 66.0 毁 0
62.142 62.547 66.0 灭 0
62.547 62.953 62.0 掉 1
63.332 63.535 62.0 的 0
63.535 63.94 61.0 那 0
63.94 64.143 62.0 - 0
64.143 64.954 62.0 天 1
65.358 65.561 64.0 如 0
65.561 65.764 66.0 果 0
65.764 65.966 64.0 我 0
65.966 66.574 66.0 说 1
66.584 66.787 62.0 爱 0
66.787 66.99 62.0 我 0
66.99 67.193 64.0 没 0
67.193 67.395 66.0 有 0
67.395 67.598 64.0 如 0
67.598 68.206 66.0 果 1
68.525 68.93 64.0 错 0
68.93 69.133 62.0 过 0
69.133 69.741 64.0 就 0
69.741 69.943 62.0 过 1
69.966 70.575 66.0 你 0
70.575 70.777 66.0 是 0
70.777 70.98 67.0 不 0
70.98 71.183 66.0 是 0
71.183 71.385 64.0 会 0
71.385 71.588 62.0 难 0
71.588 71.791 62.0 过 1
71.925 72.128 68.0 若 0
72.128 72.331 69.0 如 0
72.331 72.534 69.0 果 0
72.534 72.736 69.0 拿 0
72.736 72.939 62.0 来 0
72.939 73.142 62.0 当 0
73.142 73.675 67.0 藉 0
73.75 74.459 66.0 口 1
74.543 74.745 64.0 那 0
74.745 74.948 62.0 爱 0
74.948 75.353 61.0 是 0
75.353 75.556 61.0 不 0
75.556 75.759 61.0 是 0
75.759 75.962 61.0 有 0
75.962 76.164 61.0 一 0
76.164 76.57 62.0 点 0
76.57 77.786 62.0 弱 1
78.288 78.491 64.0 如 0
78.491 78.694 66.0 果 0
78.694 78.896 64.0 我 0
78.896 79.302 66.0 说 1
79.302 79.504 62.0 爱 0
79.504 79.707 62.0 我 0
79.707 80.113 71.0 没 0
80.113 80.518 69.0 有 0
80.518 80.923 69.0 如 0
80.923 81.227 66.0 果 0
81.227 81.531 64.0 - 1
81.59 81.793 64.0 真 0
81.793 81.996 62.0 的 0
81.996 82.199 64.0 爱 0
82.199 82.401 62.0 我 0
82.401 82.807 64.0 就 0
82.807 83.009 57.0 放 0
83.009 83.415 67.0 手 0
83.415 83.618 69.0 一 0
83.618 84.428 66.0 搏 1
84.845 85.047 62.0 还 0
85.047 85.25 61.0 想 0
85.25 85.453 62.0 什 0
85.453 85.656 61.0 么 0
85.656 86.264 62.0 还 0
86.264 86.669 67.0 怕 0
86.669 86.872 69.0 什 0
86.872 87.683 66.0 么 1
87.889 88.294 61.0 快 0
88.294 88.497 61.0 牵 0
88.497 88.7 61.0 起 0
88.7 89.105 61.0 我 0
89.105 89.511 62.0 的 0
89.511 90.321 62.0 手 1
91.158 91.361 62.0 如 0
91.361 91.766 62.0 果 0
91.766 91.969 62.0 如 0
91.969 92.172 62.0 果 1
92.328 92.429 59.0 没 0
92.429 92.53 59.0 有 0
92.53 92.733 62.0 如 0
92.733 92.936 64.0 果 0
92.936 93.139 64.0 如 0
93.139 93.544 62.0 果 0
93.544 93.747 64.0 如 0
93.747 94.152 62.0 果 1
94.162 94.365 66.0 最 0
94.365 94.567 66.0 后 0
94.567 94.77 64.0 变 0
94.77 94.973 62.0 成 0
94.973 95.176 62.0 路 0
95.176 95.378 62.0 过 0
95.378 95.784 59.0 - 1
95.791 95.993 57.0 我 0
95.993 96.196 59.0 也 0
96.196 96.399 62.0 不 0
96.399 96.601 59.0 能 0
96.601 97.007 64.0 接 0
97.007 97.412 64.0 受 1
97.683 97.885 62.0 错 0
97.885 98.291 62.0 过 0
98.291 98.494 64.0 错 0
98.494 98.696 62.0 过 1
98.761 98.863 59.0 不 0
98.863 98.964 59.0 想 0
98.964 99.167 62.0 错 0
99.167 99.369 64.0 过 0
99.369 99.572 62.0 错 0
99.572 99.977 62.0 过 0
99.977 100.18 62.0 错 0
100.18 100.586 62.0 过 1
100.621 100.823 64.0 我 0
100.823 101.026 66.0 比 0
101.026 101.229 64.0 你 0
101.229 101.431 62.0 更 0
101.431 101.634 62.0 难 0
101.634 101.837 64.0 过 0
101.837 102.242 59.0 - 1
102.277 102.379 57.0 我 0
102.379 102.48 59.0 不 0
102.48 102.683 62.0 会 0
102.683 102.885 62.0 一 0
102.885 103.088 59.0 错 0
103.088 103.493 64.0 再 0
103.493 103.899 64.0 错 1
106.65 107.055 59.0 我 0
107.055 107.46 62.0 常 0
107.46 108.271 62.0 说 1
108.31 108.513 61.0 如 0
108.513 108.716 62.0 果 0
108.716 108.918 62.0 人 0
108.918 109.121 62.0 类 0
109.121 109.324 61.0 连 0
109.324 109.526 61.0 爱 0
109.526 109.729 61.0 一 0
109.729 109.932 59.0 个 0
109.932 110.337 61.0 人 1
110.372 110.778 62.0 都 0
110.778 111.183 62.0 被 0
111.183 111.386 62.0 自 0
111.386 111.588 57.0 己 0
111.588 111.994 62.0 绑 0
111.994 112.602 57.0 住 1
112.609 112.812 66.0 那 0
112.812 113.014 66.0 世 0
113.014 113.217 64.0 界 0
113.217 113.42 64.0 末 0
113.42 113.623 62.0 日 0
113.623 113.825 62.0 已 0
113.825 114.028 64.0 来 0
114.028 114.839 66.0 到 1
114.844 115.046 62.0 不 0
115.046 115.249 64.0 需 0
115.249 115.655 66.0 要 0
115.655 116.06 66.0 等 0
116.06 116.465 62.0 到 0
116.465 116.668 62.0 地 0
116.668 116.871 64.0 球 0
116.871 117.276 66.0 毁 0
117.276 117.682 66.0 灭 0
117.682 118.087 62.0 掉 1
118.315 118.518 62.0 的 0
118.518 118.923 61.0 那 0
118.923 119.126 62.0 - 0
119.126 120.342 62.0 天 1
122.046 122.451 59.0 别 0
122.451 122.857 61.0 怕 0
122.857 123.262 62.0 太 0
123.262 123.668 64.0 快 0
123.668 124.884 59.0 乐 0
124.884 126.505 57.0 - 1
128.585 128.99 59.0 别 0
128.99 129.395 61.0 怕 0
129.395 129.801 62.0 失 0
129.801 130.206 64.0 去 0
130.206 131.828 64.0 我 0
131.828 133.044 69.0 - 0
133.044 133.449 67.0 - 1
133.485 133.688 64.0 如 0
133.688 133.891 66.0 果 0
133.891 134.093 64.0 我 0
134.093 134.702 66.0 说 1
134.708 134.91 62.0 爱 0
134.91 135.113 62.0 我 0
135.113 135.316 64.0 没 0
135.316 135.518 66.0 有 0
135.518 135.721 64.0 如 0
135.721 136.329 66.0 果 1
136.571 136.976 64.0 错 0
136.976 137.179 62.0 过 0
137.179 137.787 64.0 就 0
137.787 137.99 62.0 过 1
138.005 138.613 66.0 你 0
138.613 138.815 66.0 是 0
138.815 139.018 67.0 不 0
139.018 139.221 66.0 是 0
139.221 139.423 64.0 会 0
139.423 139.626 62.0 难 0
139.626 139.829 62.0 过 1
140.114 140.316 68.0 若 0
140.316 140.519 69.0 如 0
140.519 140.722 69.0 果 0
140.722 140.924 69.0 拿 0
140.924 141.127 62.0 来 0
141.127 141.33 62.0 当 0
141.33 141.864 67.0 藉 0
141.938 142.647 66.0 口 1
142.784 142.986 64.0 那 0
142.986 143.189 62.0 爱 0
143.189 143.595 61.0 是 0
143.595 143.797 61.0 不 0
143.797 144.0 61.0 是 0
144.0 144.203 61.0 有 0
144.203 144.405 61.0 一 0
144.405 144.811 62.0 点 0
144.811 146.027 62.0 弱 1
146.437 146.64 64.0 如 0
146.64 146.843 66.0 果 0
146.843 147.045 64.0 我 0
147.045 147.451 66.0 说 1
147.477 147.68 62.0 爱 0
147.68 147.882 62.0 我 0
147.882 148.288 71.0 没 0
148.288 148.693 69.0 有 0
148.693 149.099 69.0 如 0
149.099 149.403 66.0 果 0
149.403 149.707 64.0 - 1
149.71 149.912 64.0 真 0
149.912 150.115 62.0 的 0
150.115 150.318 64.0 爱 0
150.318 150.52 62.0 我 0
150.52 150.926 64.0 就 0
150.926 151.129 57.0 放 0
151.129 151.534 67.0 手 0
151.534 151.737 69.0 一 0
151.737 152.547 66.0 搏 1
152.757 152.96 62.0 还 0
152.96 153.162 61.0 想 0
153.162 153.365 62.0 什 0
153.365 153.568 61.0 么 0
153.568 154.176 62.0 还 0
154.176 154.581 67.0 怕 0
154.581 154.784 69.0 什 0
154.784 155.595 66.0 么 1
156.012 156.418 61.0 快 0
156.418 156.62 61.0 牵 0
156.62 156.823 61.0 起 0
156.823 157.228 61.0 我 0
157.228 157.634 62.0 的 0
157.634 158.445 62.0 手 1
172.709 172.911 74.0 嗒 0
172.911 173.52 74.0 啦 0
173.52 173.722 70.0 嗒 0
173.722 174.33 70.0 啦 0
174.33 174.533 67.0 嗒 0
174.533 175.141 67.0 啦 0
175.141 175.344 63.0 嗒 0
175.344 175.952 63.0 啦 1
176.006 176.209 70.0 嗒 0
176.209 176.817 70.0 啦 0
176.817 177.019 67.0 嗒 0
177.019 177.628 67.0 啦 0
177.628 177.83 63.0 嗒 0
177.83 178.438 63.0 啦 0
178.438 178.641 58.0 嗒 0
178.641 179.655 58.0 啦 1
182.108 182.513 70.0 快 0
182.513 182.716 70.0 牵 0
182.716 182.919 70.0 起 0
182.919 183.324 70.0 我 0
183.324 183.527 67.0 的 0
183.527 185.351 70.0 手 1
185.355 185.558 65.0 如 0
185.558 185.761 67.0 果 0
185.761 185.963 65.0 我 0
185.963 186.369 67.0 说 1
186.389 186.592 63.0 爱 0
186.592 186.794 63.0 我 0
186.794 187.2 65.0 没 0
187.2 187.402 67.0 有 0
187.402 187.605 65.0 如 0
187.605 188.213 67.0 果 1
188.457 188.862 65.0 错 0
188.862 189.065 63.0 过 0
189.065 189.673 65.0 就 0
189.673 189.875 63.0 过 1
190.028 190.637 67.0 你 0
190.637 190.839 67.0 是 0
190.839 191.042 68.0 不 0
191.042 191.245 67.0 是 0
191.245 191.447 65.0 会 0
191.447 191.65 63.0 难 0
191.65 191.853 63.0 过 1
191.975 192.178 69.0 若 0
192.178 192.381 70.0 如 0
192.381 192.584 70.0 果 0
192.584 192.786 70.0 拿 0
192.786 192.989 63.0 来 0
192.989 193.192 63.0 当 0
193.192 193.725 68.0 藉 0
193.8 194.509 67.0 口 1
194.554 194.756 65.0 那 0
194.756 194.959 63.0 爱 0
194.959 195.364 62.0 是 0
195.364 195.567 62.0 不 0
195.567 195.77 62.0 是 0
195.77 195.973 62.0 有 0
195.973 196.175 62.0 一 0
196.175 196.581 60.0 点 0
196.581 197.797 63.0 弱 1
198.224 198.427 65.0 如 0
198.427 198.63 67.0 果 0
198.63 198.832 65.0 我 0
198.832 199.238 67.0 说 1
199.288 199.49 63.0 爱 0
199.49 199.693 63.0 我 0
199.693 200.099 72.0 没 0
200.099 200.504 70.0 有 0
200.504 200.909 70.0 如 0
200.909 201.213 67.0 果 0
201.213 201.518 65.0 - 1
201.52 201.722 65.0 真 0
201.722 201.925 63.0 的 0
201.925 202.128 65.0 爱 0
202.128 202.33 63.0 我 0
202.33 202.736 65.0 就 0
202.736 202.938 58.0 放 0
202.938 203.344 68.0 手 0
203.344 203.547 70.0 一 0
203.547 203.952 67.0 搏 0
203.952 204.357 63.0 - 1
204.774 204.976 63.0 还 0
204.976 205.179 62.0 想 0
205.179 205.382 63.0 什 0
205.382 205.585 62.0 么 0
205.585 206.193 63.0 还 0
206.193 206.598 70.0 怕 0
206.598 206.801 65.0 什 0
206.801 207.612 67.0 么 1
207.907 208.312 62.0 快 0
208.312 208.515 62.0 牵 0
208.515 208.718 62.0 起 0
208.718 209.123 62.0 我 0
209.123 209.529 70.0 的 0
209.529 210.542 70.0 手 1
210.712 211.32 65.0 喔 0
211.32 212.536 67.0 - 1
213.674 214.079 75.0 哈 0
214.079 214.383 74.0 啊 0
214.383 215.498 70.0 啊 0
215.498 217.728 70.0 - 1
217.835 218.038 69.0 若 0
218.038 218.241 70.0 如 0
218.241 218.444 70.0 果 0
218.444 218.646 70.0 拿 0
218.646 218.849 70.0 来 0
218.849 219.052 70.0 当 0
219.052 219.66 72.0 藉 0
219.66 220.369 70.0 口 1
220.623 220.825 70.0 那 0
220.825 221.231 75.0 是 0
221.231 221.433 74.0 不 0
221.433 221.636 74.0 是 0
221.636 221.839 70.0 有 0
221.839 222.041 70.0 一 0
222.041 222.244 67.0 点 0
222.447 223.866 67.0 弱 1
224.269 225.891 63.0 哼 1
226.606 226.91 63.0 没 0
226.91 227.316 65.0 有 0
227.316 227.721 65.0 如 0
227.721 228.633 67.0 果 0
228.633 228.937 68.0 呜 0
228.937 229.343 67.0 喔 0
229.343 229.545 68.0 呜 0
229.545 230.356 67.0 喔 1
230.66 230.862 63.0 还 0
230.862 231.065 62.0 想 0
231.065 231.268 63.0 什 0
231.268 231.471 62.0 么 0
231.471 232.079 63.0 还 0
232.079 232.484 70.0 怕 0
232.484 232.687 65.0 什 0
232.687 233.498 67.0 么 1
233.957 234.362 62.0 快 0
234.362 234.565 62.0 牵 0
234.565 234.768 62.0 起 0
234.768 235.173 62.0 我 0
235.173 235.579 70.0 的 0
235.579 242.876 70.0 手 1
243.921 244.124 69.0 若 0
244.124 244.327 70.0 如 0
244.327 244.529 70.0 果 0
244.529 244.732 70.0 拿 0
244.732 244.935 63.0 来 0
244.935 245.138 63.0 当 0
245.138 245.671 68.0 藉 0
245.746 246.455 67.0 口 1
246.52 246.722 65.0 那 0
246.722 246.925 63.0 爱 0
246.925 247.33 62.0 是 0
247.33 247.533 62.0 不 0
247.533 247.736 62.0 是 0
247.736 247.938 62.0 有 0
247.938 248.141 62.0 一 0
248.141 248.547 63.0 点 0
248.547 249.763 63.0 弱 1
250.053 250.256 65.0 如 0
250.256 250.459 67.0 果 0
250.459 250.661 65.0 我 0
250.661 251.067 67.0 说 1
251.143 251.345 63.0 爱 0
251.345 251.548 63.0 我 0
251.548 251.954 72.0 没 0
251.954 252.359 70.0 有 0
252.359 252.764 70.0 如 0
252.764 253.068 67.0 果 0
253.068 253.372 65.0 - 1
253.422 253.625 65.0 真 0
253.625 253.828 63.0 的 0
253.828 254.031 65.0 爱 0
254.031 254.233 63.0 我 0
254.233 254.639 65.0 就 0
254.639 254.841 58.0 放 0
254.841 255.247 68.0 手 0
255.247 255.449 70.0 一 0
255.449 255.855 67.0 搏 0
255.855 256.26 65.0 - 1
256.627 256.829 63.0 还 0
256.829 257.032 62.0 想 0
257.032 257.235 63.0 什 0
257.235 257.437 62.0 么 0
257.437 258.046 63.0 还 0
258.046 258.451 68.0 怕 0
258.451 258.654 70.0 什 0
258.654 259.465 67.0 么 1
259.977 260.382 62.0 快 0
260.382 260.585 62.0 牵 0
260.585 260.788 62.0 起 0
260.788 261.193 62.0 我 0
261.193 261.599 63.0 的 0
261.599 262.409 63.0 手 1
263.092 263.295 65.0 如 0
263.295 263.498 67.0 果 0
263.498 263.7 65.0 我 0
263.7 264.308 67.0 说 1
264.345 264.548 63.0 爱 0
264.548 264.751 63.0 我 0
264.751 264.953 65.0 没 0
264.953 265.156 67.0 有 0
265.156 265.359 65.0 如 0
265.359 265.967 67.0 果 1
