26.118 26.574 56.0 一 0
26.574 27.03 56.0 生 0
27.03 27.486 63.0 飘 0
27.486 27.942 61.0 泊 0
27.942 28.397 59.0 摆 0
28.397 29.309 58.0 渡 0
29.309 29.765 54.0 临 0
29.765 30.221 54.0 岸 0
30.221 30.677 51.0 却 0
30.677 31.133 54.0 孤 0
31.133 32.045 56.0 独 1
33.454 33.91 63.0 问 0
33.91 34.393 63.0 天 0
34.393 34.877 66.0 地 0
34.877 35.339 68.0 向 0
35.339 35.8 66.0 谁 0
35.8 36.262 61.0 倾 0
36.262 38.598 63.0 诉 1
39.615 40.077 63.0 千 0
40.077 40.538 66.0 载 0
40.538 41.0 68.0 历 0
41.0 41.461 66.0 史 0
41.461 41.923 68.0 我 0
41.923 42.384 63.0 回 0
42.384 43.307 61.0 顾 1
43.78 44.011 59.0 恩 0
44.011 44.241 61.0 怨 0
44.241 44.703 63.0 情 0
44.703 45.164 61.0 仇 0
45.164 45.857 63.0 怎 0
45.857 46.549 54.0 堪 0
46.549 47.011 56.0 数 1
47.443 47.674 61.0 帝 0
47.674 48.135 61.0 王 0
48.135 48.828 59.0 家 0
49.289 49.52 61.0 终 0
49.52 49.751 59.0 究 0
49.751 50.212 61.0 是 0
50.212 50.674 63.0 不 0
50.674 51.135 54.0 归 0
51.135 53.443 56.0 路 1
55.734 56.176 56.0 玄 0
56.176 56.617 56.0 武 0
56.617 57.058 63.0 兵 0
57.058 57.499 61.0 变 0
57.499 57.94 59.0 沧 0
57.94 58.823 58.0 桑 0
58.823 59.264 54.0 马 0
59.264 59.705 54.0 蹄 0
59.705 60.146 51.0 声 0
60.146 60.587 54.0 声 0
60.587 61.47 56.0 乱 1
62.684 63.125 63.0 这 0
63.125 63.567 63.0 祸 0
63.567 64.008 66.0 起 0
64.008 64.449 68.0 萧 0
64.449 64.89 66.0 墙 0
64.89 65.331 63.0 不 0
65.331 65.773 61.0 忍 0
65.773 67.537 63.0 看 1
68.438 68.879 63.0 深 0
68.879 69.32 66.0 闺 0
69.32 69.761 68.0 漫 0
69.761 70.202 66.0 长 0
70.202 70.643 68.0 谁 0
70.643 71.085 63.0 轻 0
71.085 71.967 61.0 叹 1
72.379 72.6 59.0 恩 0
72.6 72.82 61.0 怨 0
72.82 73.262 63.0 情 0
73.262 73.703 61.0 仇 0
73.703 74.144 61.0 我 0
74.144 74.585 66.0 独 0
74.585 75.026 56.0 伤 1
76.02 76.24 56.0 我 0
76.24 76.461 54.0 到 0
76.461 77.343 56.0 底 0
77.784 78.005 56.0 守 0
78.005 78.225 54.0 的 0
78.225 78.667 56.0 是 0
78.667 78.887 61.0 谁 0
78.887 79.328 61.0 的 0
79.328 79.99 59.0 江 0
79.99 83.078 63.0 山 1
84.41 84.864 68.0 无 0
84.864 85.319 70.0 言 0
85.319 85.747 71.0 立 0
85.747 86.176 70.0 下 0
86.176 86.604 68.0 无 0
86.604 87.033 66.0 字 0
87.033 87.462 66.0 碑 0
87.462 87.89 63.0 眼 0
87.89 88.319 66.0 带 0
88.319 88.747 68.0 着 0
88.747 90.033 68.0 泪 1
91.278 91.706 68.0 当 0
91.706 92.135 70.0 初 0
92.135 92.563 71.0 那 0
92.563 92.992 70.0 个 0
92.992 93.421 66.0 轻 0
93.421 93.849 66.0 唤 0
93.849 94.278 66.0 媚 0
94.278 94.706 63.0 娘 0
94.706 95.135 61.0 的 0
95.135 96.849 63.0 谁 1
98.263 98.691 68.0 是 0
98.691 99.12 70.0 我 0
99.12 99.549 71.0 永 0
99.549 99.977 70.0 世 0
99.977 100.406 66.0 的 0
100.406 100.834 66.0 霜 0
100.834 102.12 70.0 雪 1
102.387 102.815 63.0 不 0
102.815 103.244 61.0 舍 0
103.244 103.672 63.0 的 0
103.672 104.101 68.0 一 0
104.101 104.958 68.0 切 1
105.384 105.598 68.0 盛 0
105.598 105.812 70.0 世 0
105.812 106.241 71.0 大 0
106.241 106.669 68.0 唐 0
106.669 107.124 71.0 我 0
107.124 107.366 73.0 退 0
107.366 107.629 73.0 - 0
107.629 110.322 73.0 位 0
112.087 113.241 63.0 心 0
113.241 114.312 66.0 无 0
114.312 118.762 68.0 悔 1
132.688 132.901 66.0 无 0
132.901 133.327 68.0 - 0
133.462 133.732 68.0 言 0
133.732 134.137 70.0 - 0
134.137 134.554 71.0 立 0
134.554 134.971 70.0 无 0
134.971 135.387 68.0 字 0
135.387 135.804 66.0 碑 0
135.804 136.221 63.0 眼 0
136.221 136.637 66.0 带 0
136.637 137.471 68.0 泪 1
138.196 138.658 68.0 功 0
138.658 139.119 70.0 过 0
139.119 139.536 71.0 随 0
139.536 139.952 70.0 人 0
139.952 140.369 68.0 是 0
140.369 140.786 66.0 非 0
140.786 141.202 63.0 我 0
141.202 141.619 61.0 无 0
141.619 142.905 63.0 愧 1
143.398 143.827 68.0 史 0
143.827 144.256 70.0 册 0
144.256 144.65 71.0 任 0
144.65 145.045 70.0 由 0
145.045 145.44 66.0 它 0
145.44 146.229 70.0 写 0
146.427 146.624 61.0 不 0
146.624 147.224 63.0 求 0
147.224 147.691 66.0 了 0
147.691 148.624 68.0 解 1
149.06 149.46 71.0 如 0
149.46 149.86 68.0 真 0
149.86 150.26 75.0 的 0
150.26 150.66 73.0 再 0
150.66 151.055 71.0 世 0
151.055 151.449 70.0 轮 0
151.449 152.913 68.0 回 1
153.646 154.007 71.0 愿 0
154.007 154.368 68.0 来 0
154.368 154.73 75.0 生 0
154.73 155.091 73.0 落 0
155.091 155.453 71.0 户 0
155.453 155.814 70.0 山 0
155.814 157.243 68.0 水 1
157.907 158.307 71.0 寻 0
158.307 158.707 68.0 常 0
158.707 159.107 75.0 布 0
159.107 159.507 73.0 衣 0
159.507 159.948 71.0 家 0
159.948 160.389 68.0 有 0
160.389 161.112 71.0 你 0
161.112 164.727 73.0 陪 1
166.125 166.848 63.0 平 0
166.848 167.661 71.0 凡 0
167.661 167.932 70.0 的 0
167.932 168.384 68.0 心 0
168.384 169.739 66.0 碎 0
170.823 172.179 63.0 爱 0
172.179 173.444 66.0 过 0
173.444 177.691 68.0 谁 1
