26.711 27.092 47.0 尘 0
27.095 27.477 52.0 封 0
27.48 27.861 55.0 在 0
27.864 28.246 54.0 星 0
28.249 28.534 52.0 蕴 0
28.634 29.015 52.0 重 0
29.018 29.4 50.0 明 0
29.403 30.361 52.0 的 0
30.557 30.938 50.0 魂 0
30.941 32.284 52.0 魄 1
32.738 33.12 47.0 叫 0
33.123 33.504 52.0 醒 0
33.508 33.889 55.0 了 0
33.892 34.274 54.0 恍 0
34.277 34.658 52.0 惚 0
34.661 35.043 54.0 梦 0
35.046 35.427 52.0 魇 0
35.431 36.389 54.0 的 0
36.585 36.966 55.0 无 0
36.969 38.12 54.0 措 1
38.869 39.635 52.0 揭 0
39.638 40.02 55.0 开 0
40.023 40.404 57.0 这 0
40.6 41.174 52.0 宿 0
41.177 41.558 55.0 命 0
41.562 42.712 54.0 的 0
42.715 43.097 52.0 脉 0
43.1 44.058 50.0 络 1
44.637 45.019 52.0 逃 0
45.022 45.211 59.0 不 0
45.214 46.365 59.0 开 0
46.753 46.942 54.0 这 0
46.945 47.327 54.0 一 0
47.33 47.711 55.0 世 0
47.714 48.096 54.0 的 0
48.099 48.288 52.0 寂 0
48.291 50.019 52.0 寞 1
50.422 50.611 50.0 往 0
50.614 50.803 55.0 后 0
50.806 51.188 57.0 是 0
51.191 51.38 59.0 阴 0
51.383 51.765 52.0 霾 1
52.102 52.291 52.0 往 0
52.294 52.484 55.0 前 0
52.487 52.868 57.0 是 0
52.871 53.06 59.0 山 0
53.064 53.637 52.0 隘 1
53.671 53.86 55.0 想 0
53.863 54.245 57.0 逃 0
54.248 54.629 55.0 也 0
54.632 55.014 57.0 逃 0
55.017 55.206 55.0 不 0
55.209 56.168 59.0 开 1
56.706 56.895 52.0 命 0
56.898 57.087 55.0 运 0
57.09 57.343 57.0 再 0
57.347 57.6 59.0 主 0
57.603 57.984 52.0 宰 1
58.095 58.284 52.0 执 0
58.287 58.476 55.0 着 0
58.48 58.861 57.0 的 0
58.864 59.246 55.0 心 0
59.249 59.63 57.0 也 0
59.633 60.015 55.0 不 0
60.018 60.784 57.0 会 0
60.787 61.169 62.0 更 0
61.172 61.361 59.0 - 0
61.364 62.13 59.0 改 1
62.881 63.071 64.0 哪 0
63.074 63.263 66.0 管 0
63.266 64.032 67.0 桑 0
64.035 64.321 59.0 - 0
64.42 64.994 59.0 田 1
65.025 65.407 64.0 哪 0
65.41 65.791 67.0 管 0
65.794 66.56 69.0 沧 0
66.564 71.176 66.0 海 1
71.992 72.374 59.0 听 0
72.377 73.527 67.0 琴 0
73.531 73.912 69.0 声 0
73.915 74.489 66.0 潇 0
74.492 74.874 64.0 潇 0
74.877 75.066 62.0 - 1
75.142 75.524 62.0 该 0
75.527 75.812 64.0 忘 0
75.911 76.197 64.0 的 0
76.296 76.677 64.0 忘 0
76.681 76.87 67.0 不 0
76.873 78.024 62.0 掉 1
78.181 78.562 59.0 红 0
78.566 79.909 57.0 尘 0
80.104 80.486 57.0 困 0
80.489 80.678 59.0 住 0
80.681 81.062 62.0 我 0
81.066 81.255 57.0 - 0
81.258 81.639 57.0 年 0
81.643 83.755 59.0 少 1
84.293 84.674 59.0 原 0
84.677 84.963 67.0 谅 0
85.062 85.251 67.0 我 0
85.254 85.828 67.0 藏 0
85.831 86.213 69.0 在 0
86.216 86.597 66.0 心 0
86.601 86.79 64.0 里 0
86.793 87.174 64.0 燎 0
87.177 87.367 62.0 - 0
87.37 87.751 62.0 燎 0
87.754 88.328 64.0 的 0
88.331 88.809 71.0 狂 0
88.908 90.251 71.0 傲 1
90.519 90.9 59.0 去 0
90.903 91.862 57.0 战 0
92.057 92.439 59.0 面 0
92.442 92.823 67.0 对 0
92.826 93.208 66.0 天 0
93.211 93.592 64.0 地 0
93.596 93.785 62.0 荡 0
93.788 96.381 64.0 浩 1
96.665 97.046 59.0 人 0
97.049 97.431 67.0 生 0
97.434 97.623 67.0 也 0
97.626 98.2 67.0 潇 0
98.203 98.584 69.0 潇 1
98.607 98.988 66.0 魂 0
98.991 99.18 64.0 牵 0
99.184 99.565 64.0 梦 0
99.568 99.757 62.0 - 0
99.76 100.142 62.0 绕 1
100.18 100.465 64.0 像 0
100.565 100.754 64.0 烈 0
100.757 101.138 64.0 焰 0
101.142 101.715 67.0 燃 0
101.719 102.869 62.0 烧 1
102.879 103.261 59.0 前 0
103.264 104.415 57.0 尘 0
104.418 104.799 57.0 看 0
104.802 105.184 57.0 浮 0
105.187 105.376 59.0 沉 0
105.379 106.145 62.0 走 0
106.149 106.338 57.0 一 0
106.341 108.453 59.0 遭 1
108.881 109.263 59.0 用 0
109.266 109.551 67.0 冷 0
109.65 109.84 67.0 的 0
109.843 110.417 67.0 锋 0
110.42 110.801 69.0 刃 0
110.804 111.186 66.0 琴 0
111.189 111.378 64.0 的 0
111.381 111.763 64.0 寂 0
111.766 111.955 62.0 - 0
111.958 112.34 62.0 寥 1
112.384 112.765 64.0 写 0
112.768 113.15 66.0 往 0
113.153 113.534 67.0 事 0
113.538 113.919 72.0 今 0
113.922 115.073 71.0 朝 1
115.088 115.47 62.0 孤 0
115.473 116.527 64.0 剑 0
116.627 117.008 71.0 指 0
117.011 117.97 69.0 尖 0
118.165 118.931 62.0 谈 0
118.934 121.816 64.0 笑 1
134.346 134.727 47.0 人 0
134.73 135.112 52.0 心 0
135.115 135.497 55.0 间 0
135.5 135.881 54.0 有 0
135.884 136.17 52.0 没 0
136.269 136.65 52.0 有 0
136.654 137.035 50.0 一 0
137.038 137.997 52.0 种 0
138.192 138.573 50.0 解 0
138.577 139.92 52.0 药 1
140.478 140.859 47.0 能 0
140.862 141.244 52.0 覆 0
141.247 141.628 55.0 盖 0
141.632 142.013 54.0 是 0
142.016 142.398 52.0 非 0
142.401 142.782 54.0 恩 0
142.785 143.167 52.0 仇 0
143.17 144.128 54.0 的 0
144.324 144.705 55.0 喧 0
144.708 145.859 54.0 嚣 1
146.619 147.385 52.0 屠 0
147.388 147.769 55.0 俘 0
147.772 148.154 57.0 了 0
148.349 148.923 52.0 焚 0
148.926 149.019 54.0 - 0
149.022 149.404 55.0 寂 0
149.407 150.462 54.0 的 0
150.465 150.846 52.0 剑 0
150.849 151.808 50.0 鞘 1
152.354 152.735 52.0 斩 0
152.738 152.928 59.0 不 0
152.931 154.081 59.0 断 0
154.469 154.658 54.0 这 0
154.661 155.043 54.0 一 0
155.046 155.428 55.0 生 0
155.431 155.812 54.0 的 0
155.815 156.004 52.0 桀 0
156.008 157.735 52.0 骜 1
158.22 158.409 50.0 往 0
158.412 158.601 55.0 后 0
158.605 158.986 57.0 是 0
158.989 159.178 59.0 阴 0
159.182 159.563 52.0 霾 1
159.792 159.982 52.0 往 0
159.985 160.174 55.0 前 0
160.177 160.559 57.0 是 0
160.562 160.751 59.0 山 0
160.754 161.328 52.0 隘 1
161.362 161.551 55.0 想 0
161.555 161.936 57.0 逃 0
161.939 162.321 55.0 也 0
162.324 162.705 57.0 逃 0
162.708 162.898 55.0 不 0
162.901 163.859 59.0 开 1
164.385 164.574 52.0 命 0
164.577 164.766 55.0 运 0
164.77 165.023 57.0 再 0
165.026 165.279 59.0 主 0
165.282 165.664 52.0 宰 1
165.878 166.067 52.0 执 0
166.071 166.26 55.0 着 0
166.263 166.644 57.0 的 0
166.648 167.029 55.0 心 0
167.032 167.414 57.0 也 0
167.417 167.798 55.0 不 0
167.801 168.567 57.0 会 0
168.571 168.952 62.0 更 0
168.955 169.144 59.0 - 0
169.148 169.914 59.0 改 1
170.458 170.647 64.0 哪 0
170.65 170.839 66.0 管 0
170.842 171.608 67.0 桑 0
171.612 171.897 59.0 - 0
171.996 172.57 59.0 田 1
172.831 173.213 64.0 哪 0
173.216 173.597 67.0 管 0
173.601 174.367 69.0 沧 0
174.37 178.982 66.0 海 1
179.758 180.139 59.0 听 0
180.142 181.293 67.0 琴 0
181.296 181.677 69.0 声 0
181.681 182.254 66.0 潇 0
182.258 182.639 64.0 潇 0
182.642 182.831 62.0 - 1
182.845 183.227 62.0 该 0
183.23 183.515 64.0 忘 0
183.615 183.9 64.0 的 0
183.999 184.381 64.0 忘 0
184.384 184.573 67.0 不 0
184.576 185.727 62.0 掉 1
185.847 186.229 59.0 红 0
186.232 187.575 57.0 尘 0
187.77 188.152 57.0 困 0
188.155 188.536 59.0 住 0
188.54 188.921 62.0 我 0
188.924 189.306 57.0 年 0
189.309 191.421 59.0 少 1
192.044 192.426 59.0 原 0
192.429 192.714 67.0 谅 0
192.813 193.003 67.0 我 0
193.006 193.579 67.0 藏 0
193.583 193.964 67.0 在 0
193.967 194.349 66.0 心 0
194.352 194.541 64.0 里 0
194.544 194.926 64.0 燎 0
194.929 195.118 62.0 - 0
195.121 195.503 62.0 燎 0
195.506 196.079 64.0 的 0
196.083 196.56 71.0 狂 0
196.66 198.003 71.0 傲 1
198.126 198.507 59.0 去 0
198.511 199.469 57.0 战 0
199.665 200.046 59.0 面 0
200.049 200.431 67.0 对 0
200.434 200.815 66.0 天 0
200.818 201.2 64.0 地 0
201.203 201.392 62.0 荡 0
201.395 203.988 64.0 浩 1
204.288 204.669 59.0 人 0
204.673 205.054 67.0 生 0
205.057 205.246 67.0 也 0
205.249 205.823 67.0 潇 0
205.826 206.208 69.0 潇 1
206.324 206.705 66.0 魂 0
206.709 206.898 64.0 牵 0
206.901 207.282 64.0 梦 0
207.286 207.475 62.0 - 0
207.478 207.859 62.0 绕 1
207.866 208.152 64.0 像 0
208.251 208.44 64.0 烈 0
208.443 208.825 64.0 焰 0
208.828 209.402 67.0 燃 0
209.405 210.556 62.0 烧 1
210.558 210.939 59.0 前 0
210.942 212.093 57.0 尘 0
212.096 212.478 57.0 看 0
212.481 212.862 57.0 浮 0
212.865 213.247 59.0 沉 0
213.25 213.824 62.0 走 0
213.827 214.016 57.0 一 0
214.019 216.131 59.0 遭 1
216.631 217.012 59.0 用 0
217.015 217.3 67.0 冷 0
217.4 217.589 67.0 的 0
217.592 218.166 67.0 锋 0
218.169 218.55 69.0 刃 0
218.554 218.935 66.0 琴 0
218.938 219.127 64.0 的 0
219.131 219.512 64.0 寂 0
219.515 219.704 62.0 - 0
219.708 220.089 62.0 寥 1
220.135 220.517 64.0 写 0
220.52 220.901 66.0 往 0
220.904 221.286 67.0 事 0
221.289 221.67 72.0 今 0
221.674 222.824 71.0 朝 1
222.868 223.25 62.0 孤 0
223.253 224.308 64.0 剑 0
224.407 224.788 71.0 指 0
224.792 225.75 69.0 尖 0
225.945 226.711 62.0 谈 0
226.715 229.596 64.0 笑 1
