18.359 18.488 49.0 我 0
18.617 18.858 58.0 一 0
18.867 19.108 56.0 个 0
19.117 19.358 56.0 人 0
19.367 19.858 61.0 喝 0
19.867 20.117 58.0 酒 1
20.635 20.876 58.0 一 0
20.885 21.126 56.0 个 0
21.135 21.376 56.0 人 0
21.385 21.876 61.0 踱 0
21.885 22.139 58.0 步 1
22.546 22.787 58.0 一 0
22.796 23.037 56.0 个 0
23.046 23.287 56.0 人 0
23.296 23.787 61.0 面 0
23.796 24.05 58.0 对 0
24.296 24.537 66.0 这 0
24.546 24.787 65.0 世 0
24.796 25.037 66.0 界 0
25.046 25.287 65.0 的 0
25.296 25.787 61.0 残 0
25.796 26.05 58.0 酷 1
26.34 26.581 58.0 我 0
26.59 26.831 56.0 把 0
26.84 27.081 56.0 手 0
27.09 27.331 56.0 插 0
27.34 27.581 54.0 在 0
27.59 27.831 56.0 兜 0
27.84 28.094 51.0 里 1
28.234 28.725 56.0 握 0
28.734 28.975 56.0 紧 0
28.984 29.225 56.0 拳 0
29.234 29.488 54.0 头 1
30.25 30.491 54.0 挥 0
30.5 30.741 56.0 向 0
30.75 30.991 54.0 那 0
31.0 31.241 56.0 无 0
31.25 31.491 54.0 情 0
31.5 31.75 54.0 的 0
32.0 32.25 58.0 夜 0
32.375 33.125 56.0 空 1
34.566 35.057 61.0 无 0
35.066 35.307 58.0 数 0
35.316 35.557 58.0 过 0
35.566 36.066 58.0 往 0
36.316 36.557 56.0 的 0
36.566 36.807 61.0 岁 0
36.816 37.191 58.0 月 1
37.858 38.099 58.0 有 0
38.108 38.349 61.0 温 0
38.358 38.599 58.0 暖 0
38.608 39.099 65.0 的 0
39.108 39.349 66.0 跋 0
39.358 39.858 66.0 涉 0
40.108 40.349 65.0 也 0
40.358 40.599 66.0 有 0
40.608 40.849 65.0 冰 0
40.858 41.099 66.0 冷 0
41.108 41.349 65.0 的 0
41.358 41.849 61.0 苟 0
41.858 42.108 58.0 且 1
42.392 42.633 58.0 在 0
42.642 42.883 56.0 回 0
42.892 43.133 56.0 忆 0
43.142 43.383 56.0 的 0
43.392 43.633 54.0 滚 0
43.642 44.133 56.0 烫 0
44.142 44.392 51.0 中 0
46.392 47.273 63.0 归 0
47.273 48.133 61.0 去 0
48.246 48.488 54.0 来 0
48.496 49.496 56.0 兮 1
50.124 50.365 56.0 现 0
50.374 50.615 58.0 实 0
50.624 51.115 56.0 狠 0
51.124 51.365 59.0 狠 0
51.374 51.761 59.0 击 0
51.78 52.249 59.0 打 0
52.374 52.615 59.0 着 0
52.624 52.865 58.0 我 0
52.874 53.115 59.0 的 0
53.124 53.365 58.0 胸 0
53.374 53.624 56.0 口 1
53.765 54.006 56.0 我 0
54.015 54.256 54.0 想 0
54.265 54.506 56.0 说 0
54.515 54.756 56.0 眼 0
54.765 55.006 58.0 前 0
55.015 55.256 58.0 的 0
55.265 55.506 58.0 我 0
55.515 56.006 58.0 到 0
56.015 56.381 58.0 底 0
56.39 56.756 56.0 是 0
56.765 57.265 54.0 谁 1
57.988 58.229 54.0 面 0
58.238 58.479 54.0 目 0
58.488 58.729 61.0 全 0
58.738 59.229 63.0 非 0
59.238 59.738 63.0 了 1
60.104 60.345 54.0 没 0
60.354 60.595 56.0 了 0
60.604 61.095 58.0 最 0
61.104 61.345 56.0 初 0
61.354 62.104 56.0 的 0
62.604 63.595 54.0 样 0
63.604 63.845 54.0 子 0
63.854 64.854 54.0 了 1
82.476 82.967 61.0 无 0
82.976 83.217 58.0 数 0
83.226 83.467 58.0 过 0
83.476 83.967 58.0 往 0
83.976 84.342 56.0 的 0
84.351 84.717 61.0 岁 0
84.726 85.226 58.0 月 1
85.721 85.962 58.0 有 0
85.971 86.212 61.0 温 0
86.221 86.462 58.0 暖 0
86.471 86.962 63.0 的 0
86.971 87.212 66.0 溶 0
87.221 87.721 66.0 解 0
87.971 88.212 65.0 也 0
88.221 88.462 66.0 有 0
88.471 88.712 65.0 冰 0
88.721 88.962 66.0 冷 0
88.971 89.212 65.0 的 0
89.221 89.712 61.0 苟 0
89.721 89.971 58.0 且 1
90.283 90.524 58.0 在 0
90.533 90.774 56.0 回 0
90.783 91.024 56.0 忆 0
91.033 91.274 56.0 的 0
91.283 91.524 54.0 滚 0
91.533 91.899 56.0 烫 0
91.908 92.158 51.0 中 0
94.533 94.774 61.0 归 0
94.783 95.149 63.0 - 0
95.158 96.024 61.0 去 0
96.033 96.524 58.0 来 0
96.533 98.802 61.0 兮 1
100.15 100.391 61.0 现 0
100.4 100.641 61.0 实 0
100.65 100.891 70.0 狠 0
100.9 101.391 70.0 狠 0
101.4 101.891 70.0 击 0
101.9 102.391 68.0 打 0
102.4 102.641 66.0 着 0
102.65 102.891 68.0 我 0
102.9 103.141 68.0 的 0
103.15 103.391 70.0 伤 0
103.4 103.65 68.0 口 1
103.751 103.992 68.0 我 0
104.001 104.242 68.0 想 0
104.251 104.492 66.0 问 0
104.501 104.742 65.0 眼 0
104.751 104.992 66.0 前 0
105.001 105.242 66.0 的 0
105.251 105.492 63.0 人 0
105.501 105.742 63.0 到 0
105.751 105.992 63.0 底 0
106.001 106.242 66.0 是 0
106.251 107.251 70.0 谁 1
108.008 108.249 61.0 面 0
108.258 108.499 63.0 目 0
108.508 108.999 66.0 全 0
109.008 109.249 66.0 非 0
109.258 109.508 66.0 了 1
110.097 110.338 63.0 没 0
110.347 110.588 61.0 了 0
110.597 110.838 70.0 最 0
110.847 111.088 70.0 初 0
111.097 111.338 70.0 的 0
111.347 111.838 68.0 样 0
111.847 112.088 66.0 子 1
112.13 112.371 68.0 尽 0
112.38 112.621 66.0 管 0
112.63 112.871 68.0 看 0
112.88 113.121 66.0 起 0
113.13 113.38 68.0 来 0
113.63 113.871 66.0 我 0
113.88 114.121 66.0 很 0
114.13 114.371 68.0 富 0
114.38 115.38 68.0 有 1
115.642 116.133 73.0 于 0
116.142 116.383 71.0 是 0
116.392 116.633 71.0 我 0
116.642 116.883 70.0 一 0
116.892 117.133 68.0 个 0
117.142 117.383 68.0 人 0
117.392 117.883 73.0 喝 0
117.892 118.392 70.0 酒 1
118.485 118.726 68.0 一 0
118.735 118.976 68.0 个 0
118.985 119.226 68.0 人 0
119.235 119.704 73.0 唱 0
119.735 120.235 70.0 歌 1
120.588 120.829 70.0 一 0
120.838 121.079 68.0 个 0
121.088 121.329 68.0 人 0
121.338 121.829 73.0 面 0
121.838 122.079 70.0 对 0
122.088 122.329 68.0 这 0
122.338 122.579 66.0 无 0
122.588 122.829 68.0 聊 0
122.838 123.079 66.0 的 0
123.088 123.329 68.0 生 0
123.338 123.838 70.0 活 1
124.094 124.335 61.0 一 0
124.344 124.585 61.0 个 0
124.594 124.835 63.0 人 0
124.844 125.335 66.0 买 0
125.344 125.585 66.0 来 0
125.594 125.835 66.0 面 0
125.844 126.094 66.0 具 1
126.389 126.63 61.0 假 0
126.639 126.88 68.0 装 0
126.889 127.13 70.0 着 0
127.139 127.38 68.0 强 0
127.389 127.63 68.0 悍 0
127.639 128.139 66.0 - 1
128.513 128.754 68.0 笑 0
128.763 129.004 66.0 着 0
129.013 129.254 68.0 跳 0
129.263 129.504 66.0 进 0
129.513 129.879 70.0 人 0
129.888 130.254 70.0 海 0
130.263 131.013 68.0 里 1
131.491 131.982 73.0 于 0
131.991 132.232 71.0 是 0
132.241 132.482 71.0 我 0
132.491 132.732 70.0 一 0
132.741 132.982 68.0 个 0
132.991 133.232 68.0 人 0
133.241 133.732 73.0 喝 0
133.741 134.241 70.0 酒 1
134.458 134.699 70.0 一 0
134.708 134.949 68.0 个 0
134.958 135.199 68.0 人 0
135.208 135.677 73.0 唱 0
135.708 136.208 70.0 歌 1
136.596 136.837 70.0 一 0
136.846 137.087 68.0 个 0
137.096 137.337 68.0 人 0
137.346 137.837 73.0 面 0
137.846 138.087 70.0 对 0
138.096 138.337 68.0 这 0
138.346 138.587 66.0 无 0
138.596 138.837 68.0 聊 0
138.846 139.087 66.0 的 0
139.096 139.337 68.0 生 0
139.346 139.846 70.0 活 1
140.035 140.276 61.0 一 0
140.285 140.526 61.0 个 0
140.535 140.776 63.0 人 0
140.785 141.276 66.0 买 0
141.285 141.526 66.0 来 0
141.535 141.776 66.0 面 0
141.785 142.035 66.0 具 1
142.375 142.616 61.0 假 0
142.625 142.866 68.0 装 0
142.875 143.116 70.0 着 0
143.125 143.366 68.0 强 0
143.375 143.616 68.0 悍 0
143.625 144.125 66.0 - 1
144.58 144.821 66.0 笑 0
144.83 145.071 66.0 着 0
145.08 145.321 68.0 跳 0
145.33 145.571 66.0 进 0
145.58 146.071 68.0 人 0
146.08 146.571 68.0 海 0
146.58 150.205 66.0 里 1
190.331 190.572 68.0 一 0
190.581 190.822 68.0 个 0
190.831 191.072 68.0 人 0
191.081 191.322 68.0 买 0
191.331 191.572 66.0 来 0
191.581 191.822 68.0 面 0
191.831 192.081 63.0 具 1
192.265 192.506 61.0 假 0
192.515 192.756 68.0 装 0
192.765 193.006 70.0 着 0
193.015 193.256 70.0 强 0
193.265 193.765 66.0 悍 1
194.614 194.855 68.0 笑 0
194.864 195.105 66.0 着 0
195.114 195.355 68.0 跳 0
195.364 195.605 66.0 进 0
195.614 195.855 68.0 人 0
195.864 196.355 70.0 海 0
196.364 197.114 68.0 里 1
197.457 198.073 73.0 于 0
198.082 198.323 71.0 是 0
198.332 198.573 71.0 我 0
198.582 198.823 70.0 一 0
198.832 199.073 68.0 个 0
199.082 199.323 68.0 人 0
199.332 199.823 73.0 喝 0
199.832 200.332 70.0 酒 1
200.631 200.872 70.0 一 0
200.881 201.122 68.0 个 0
201.131 201.372 68.0 人 0
201.381 201.85 73.0 唱 0
201.881 202.381 70.0 歌 1
202.572 202.813 70.0 一 0
202.822 203.063 68.0 个 0
203.072 203.313 68.0 人 0
203.322 203.813 73.0 面 0
203.822 204.313 70.0 对 0
204.322 204.563 78.0 这 0
204.572 204.813 77.0 无 0
204.822 205.313 78.0 聊 0
205.322 205.563 77.0 的 0
205.572 205.813 73.0 生 0
205.822 206.072 70.0 活 1
206.323 206.564 70.0 一 0
206.573 206.814 68.0 个 0
206.823 207.064 68.0 人 0
207.073 207.314 68.0 买 0
207.323 207.564 66.0 来 0
207.573 207.814 68.0 面 0
207.823 208.073 63.0 具 1
208.354 208.595 61.0 假 0
208.604 208.845 68.0 装 0
208.854 209.095 70.0 着 0
209.104 209.345 68.0 强 0
209.354 209.595 68.0 悍 0
209.604 210.104 66.0 - 1
210.587 210.828 68.0 笑 0
210.837 211.078 66.0 着 0
211.087 211.328 68.0 跳 0
211.337 211.578 66.0 进 0
211.587 211.828 70.0 人 0
211.837 212.328 70.0 海 0
212.337 213.337 68.0 里 1
213.611 214.102 73.0 于 0
214.111 214.352 71.0 是 0
214.361 214.602 71.0 我 0
214.611 214.852 70.0 一 0
214.861 215.102 68.0 个 0
215.111 215.352 68.0 人 0
215.361 215.852 73.0 喝 0
215.861 216.361 70.0 酒 1
216.507 216.748 70.0 一 0
216.757 216.998 68.0 个 0
217.007 217.248 68.0 人 0
217.257 217.726 73.0 唱 0
217.757 218.257 70.0 歌 1
218.613 218.854 70.0 一 0
218.863 219.104 68.0 个 0
219.113 219.354 68.0 人 0
219.363 219.854 73.0 面 0
219.863 220.354 70.0 对 0
220.363 220.604 78.0 这 0
220.613 220.854 77.0 无 0
220.863 221.354 78.0 聊 0
221.363 221.604 77.0 的 0
221.613 221.854 73.0 生 0
221.863 222.113 70.0 活 1
222.332 222.573 70.0 一 0
222.582 222.823 70.0 个 0
222.832 223.073 68.0 人 0
223.082 223.323 68.0 买 0
223.332 223.573 66.0 来 0
223.582 223.823 68.0 面 0
223.832 224.082 63.0 具 1
224.34 224.581 61.0 假 0
224.59 224.831 68.0 装 0
224.84 225.081 70.0 着 0
225.09 225.331 68.0 强 0
225.34 225.581 68.0 悍 0
225.59 226.09 66.0 - 1
226.562 226.803 68.0 笑 0
226.812 227.053 66.0 着 0
227.062 227.303 68.0 跳 0
227.312 227.553 66.0 进 0
227.562 228.053 68.0 人 0
228.062 228.428 68.0 海 0
228.437 231.562 66.0 里 1
232.759 233.125 70.0 一 0
233.134 233.5 68.0 个 0
233.509 233.75 66.0 人 0
233.759 234.125 68.0 买 0
234.134 234.5 66.0 来 0
234.509 234.875 68.0 面 0
234.884 235.384 63.0 具 1
235.598 235.964 61.0 假 0
235.973 236.339 70.0 装 0
236.348 236.589 70.0 着 0
236.598 236.964 68.0 强 0
236.973 237.848 66.0 悍 1
238.884 239.375 68.0 笑 0
239.384 239.75 66.0 着 0
239.759 240.25 68.0 跳 0
240.259 240.75 66.0 进 0
240.759 241.134 68.0 人 0
241.259 243.134 68.0 海 0
244.509 250.511 66.0 里 1
