18.106 18.356 69.0 她 0
18.356 18.606 69.0 在 0
18.606 18.857 69.0 世 0
18.857 19.107 69.0 界 0
19.107 19.357 67.0 上 0
19.357 19.607 65.0 最 0
19.607 19.858 67.0 后 0
19.858 20.108 67.0 的 0
20.108 20.358 69.0 照 0
20.358 20.859 67.0 片 1
21.312 21.562 64.0 我 0
21.562 22.063 65.0 吓 0
22.063 22.313 64.0 一 0
22.313 22.814 65.0 跳 0
22.814 23.064 62.0 那 0
23.064 23.314 62.0 么 0
23.314 23.564 62.0 像 0
23.564 24.065 64.0 我 0
24.065 24.315 60.0 的 0
24.315 25.066 57.0 脸 1
25.339 25.589 57.0 然 0
25.589 26.089 58.0 后 0
26.089 26.34 57.0 我 0
26.34 26.84 58.0 才 0
26.84 27.087 67.0 发 0
27.087 27.34 69.0 - 0
27.34 27.591 67.0 - 0
27.591 28.091 67.0 现 1
28.482 28.733 62.0 思 0
28.733 28.983 64.0 你 0
28.983 29.233 65.0 无 0
29.233 29.483 67.0 名 0
29.483 29.984 65.0 指 0
29.984 30.234 64.0 长 0
30.234 30.734 65.0 情 0
30.734 30.985 67.0 的 0
30.985 31.485 69.0 曲 0
31.485 32.236 64.0 线 1
34.005 34.255 69.0 一 0
34.255 34.505 69.0 段 0
34.505 34.754 69.0 感 0
34.754 35.004 69.0 情 0
35.004 35.254 67.0 能 0
35.254 35.504 65.0 有 0
35.504 35.753 67.0 几 0
35.753 36.003 67.0 个 0
36.003 36.253 69.0 十 0
36.253 36.752 67.0 年 1
37.174 37.424 64.0 感 0
37.424 37.676 65.0 谢 0
37.676 37.928 64.0 你 0
37.928 38.18 65.0 让 0
38.18 38.432 64.0 我 0
38.432 38.684 65.0 快 0
38.684 38.936 64.0 乐 0
38.936 39.188 65.0 过 0
39.188 39.44 67.0 的 0
39.44 39.939 69.0 每 0
39.939 40.189 64.0 一 0
40.189 40.938 64.0 天 1
41.617 42.12 62.0 站 0
42.12 42.372 58.0 在 0
42.372 42.876 62.0 你 0
42.876 43.123 67.0 身 0
43.123 43.379 69.0 - 0
43.379 43.631 67.0 - 0
43.631 44.13 67.0 边 1
44.643 44.893 64.0 活 0
44.893 45.142 64.0 在 0
45.142 45.392 65.0 她 0
45.392 45.642 67.0 影 0
45.642 45.892 65.0 子 0
45.892 46.141 64.0 里 0
46.141 47.14 65.0 面 1
49.26 49.51 60.0 是 0
49.51 49.76 62.0 错 0
49.76 50.011 69.0 误 0
50.011 50.261 69.0 的 0
50.261 50.512 62.0 时 0
50.512 51.013 69.0 间 1
51.305 51.555 62.0 没 0
51.555 51.806 64.0 对 0
51.806 52.056 65.0 错 0
52.056 52.307 64.0 的 0
52.307 52.557 62.0 迷 0
52.557 53.058 60.0 恋 1
53.6 53.851 58.0 为 0
53.851 54.101 57.0 了 0
54.101 54.352 58.0 回 0
54.352 54.602 57.0 忆 0
54.602 54.853 58.0 我 0
54.853 55.103 60.0 把 0
55.103 55.354 62.0 感 0
55.354 55.604 65.0 情 0
55.604 56.104 69.0 当 0
56.104 56.354 64.0 实 0
56.354 57.103 64.0 验 1
57.368 57.617 60.0 你 0
57.617 57.867 62.0 对 0
57.867 58.117 69.0 她 0
58.117 58.367 69.0 的 0
58.367 58.616 62.0 想 0
58.616 58.866 69.0 念 1
59.086 59.336 69.0 化 0
59.336 59.585 70.0 成 0
59.585 60.085 72.0 对 0
60.085 60.584 69.0 我 0
60.584 61.084 65.0 的 0
61.084 61.583 62.0 缠 0
61.583 62.087 70.0 绵 1
62.314 62.566 70.0 我 0
62.566 62.818 70.0 为 0
62.818 63.07 70.0 我 0
63.07 63.322 70.0 们 0
63.322 63.574 70.0 可 0
63.574 64.323 69.0 怜 1
64.526 65.025 65.0 说 0
65.025 65.525 62.0 再 0
65.525 66.489 62.0 见 0
66.489 66.972 65.0 不 0
66.972 67.454 67.0 再 0
67.454 68.429 67.0 见 1
69.042 69.529 62.0 生 0
69.529 70.015 60.0 离 0
70.015 70.501 57.0 让 0
70.501 70.987 60.0 我 0
70.987 71.473 64.0 眷 0
71.473 72.68 62.0 恋 1
73.343 73.83 58.0 死 0
73.83 74.318 55.0 别 0
74.318 74.806 58.0 却 0
74.806 75.293 62.0 抢 0
75.293 75.772 60.0 走 0
75.772 76.251 62.0 你 0
76.251 76.73 57.0 的 0
76.73 77.208 55.0 思 0
77.208 79.156 57.0 念 1
80.195 80.678 65.0 不 0
80.678 81.161 64.0 再 0
81.161 82.125 62.0 见 0
82.125 82.607 65.0 又 0
82.607 83.089 67.0 再 0
83.089 84.053 67.0 见 1
84.506 84.988 60.0 红 0
84.988 85.473 61.0 玫 0
85.473 85.959 70.0 瑰 0
85.959 86.445 69.0 一 0
86.445 86.93 67.0 双 0
86.93 88.387 65.0 眼 1
88.825 89.308 65.0 牺 0
89.308 89.791 62.0 牲 0
89.791 90.274 65.0 自 0
90.274 90.757 69.0 己 0
90.757 91.24 67.0 陪 0
91.24 91.723 69.0 你 0
91.723 92.206 64.0 想 0
92.206 92.689 60.0 当 0
92.689 94.657 62.0 年 1
113.12 113.37 67.0 两 0
113.37 113.621 69.0 个 0
113.621 113.871 69.0 世 0
113.871 114.121 69.0 界 0
114.121 114.371 67.0 的 0
114.371 114.621 65.0 人 0
114.621 114.871 67.0 藕 0
114.871 115.121 67.0 断 0
115.121 115.371 69.0 丝 0
115.371 115.871 67.0 连 1
116.501 116.752 64.0 起 0
116.752 117.004 65.0 初 0
117.004 117.256 64.0 一 0
117.256 117.508 65.0 定 0
117.508 117.761 64.0 是 0
117.761 118.013 65.0 命 0
118.013 118.265 64.0 运 0
118.265 118.518 65.0 好 0
118.518 118.77 67.0 心 0
118.77 119.269 69.0 的 0
119.269 119.518 64.0 哄 0
119.518 120.267 64.0 骗 1
120.743 121.242 62.0 在 0
121.242 121.491 58.0 你 0
121.491 121.99 62.0 的 0
121.99 122.242 67.0 身 0
122.242 122.489 69.0 - 0
122.489 122.739 67.0 - 0
122.739 123.239 67.0 边 1
123.609 123.859 64.0 受 0
123.859 124.109 64.0 够 0
124.109 124.359 65.0 耳 0
124.359 124.61 67.0 语 0
124.61 124.86 65.0 的 0
124.86 125.11 64.0 流 0
125.11 127.11 65.0 言 1
128.364 128.614 60.0 是 0
128.614 128.864 62.0 错 0
128.864 129.114 69.0 误 0
129.114 129.364 69.0 的 0
129.364 129.614 62.0 时 0
129.614 130.114 69.0 间 1
130.383 130.634 62.0 没 0
130.634 130.884 64.0 对 0
130.884 131.134 65.0 错 0
131.134 131.384 64.0 的 0
131.384 131.634 62.0 迷 0
131.634 132.134 60.0 恋 1
132.702 132.952 58.0 为 0
132.952 133.202 57.0 了 0
133.202 133.452 58.0 回 0
133.452 133.703 57.0 忆 0
133.703 133.953 58.0 我 0
133.953 134.203 60.0 把 0
134.203 134.453 62.0 感 0
134.453 134.703 65.0 情 0
134.703 135.203 69.0 当 0
135.203 135.453 64.0 实 0
135.453 136.203 64.0 验 1
136.499 136.749 60.0 你 0
136.749 136.999 62.0 对 0
136.999 137.249 69.0 她 0
137.249 137.499 69.0 的 0
137.499 137.749 62.0 想 0
137.749 137.999 69.0 念 1
138.139 138.389 69.0 化 0
138.389 138.639 70.0 成 0
138.639 139.139 72.0 对 0
139.139 139.64 69.0 我 0
139.64 140.14 65.0 的 0
140.14 140.64 62.0 缠 0
140.64 141.144 70.0 绵 1
141.53 141.782 70.0 我 0
141.782 142.034 70.0 为 0
142.034 142.286 70.0 我 0
142.286 142.538 72.0 们 0
142.538 142.79 70.0 可 0
142.79 143.048 69.0 - 0
143.048 145.135 69.0 怜 1
145.817 146.369 65.0 说 0
146.369 146.636 64.0 再 0
146.636 146.921 62.0 - 0
146.921 147.92 62.0 见 0
147.92 148.42 65.0 不 0
148.42 148.92 67.0 再 0
148.92 149.919 67.0 见 1
150.374 150.874 62.0 生 0
150.874 151.373 60.0 离 0
151.373 151.873 57.0 让 0
151.873 152.373 60.0 你 0
152.373 152.866 62.0 眷 0
152.872 154.123 62.0 恋 1
155.01 155.519 58.0 死 0
155.519 156.028 55.0 别 0
156.028 156.538 58.0 却 0
156.538 157.047 62.0 抢 0
157.047 157.541 60.0 走 0
157.541 157.788 62.0 你 0
157.788 158.529 57.0 的 0
158.529 159.023 55.0 思 0
159.023 161.487 57.0 念 1
161.871 162.378 67.0 说 0
162.378 162.623 66.0 再 0
162.623 162.885 64.0 - 0
162.885 163.868 64.0 见 0
163.868 164.36 67.0 不 0
164.36 164.852 69.0 再 0
164.852 165.822 69.0 见 1
166.306 166.791 64.0 生 0
166.791 167.28 62.0 命 0
167.28 167.769 59.0 是 0
167.769 168.258 62.0 场 0
168.258 168.747 64.0 消 0
168.747 169.966 64.0 谴 1
170.852 171.344 60.0 快 0
171.344 171.835 57.0 乐 0
171.835 172.327 60.0 过 0
172.327 172.819 64.0 的 0
172.819 173.307 62.0 人 0
173.307 173.795 64.0 不 0
173.795 174.283 59.0 用 0
174.283 174.771 57.0 道 0
174.771 176.727 59.0 歉 1
177.695 178.18 67.0 不 0
178.18 178.664 66.0 再 0
178.664 179.644 64.0 见 0
179.644 180.134 67.0 又 0
180.134 180.624 69.0 再 0
180.624 181.604 69.0 见 1
181.92 182.41 62.0 红 0
182.41 182.897 63.0 玫 0
182.897 183.383 72.0 瑰 0
183.383 183.869 71.0 一 0
183.869 184.356 69.0 双 0
184.356 185.818 67.0 眼 1
186.424 186.912 67.0 牺 0
186.912 187.401 64.0 牲 0
187.401 187.889 67.0 自 0
187.889 188.377 71.0 己 0
188.377 188.865 69.0 陪 0
188.865 189.353 71.0 你 0
189.353 189.842 66.0 想 0
189.842 190.33 62.0 当 0
190.33 192.399 64.0 年 1
194.678 195.232 67.0 爱 0
195.232 195.785 64.0 你 0
195.785 196.339 67.0 更 0
196.339 196.893 71.0 让 0
196.893 197.469 69.0 你 0
197.469 198.045 71.0 迷 0
198.045 198.621 66.0 恋 0
198.621 199.197 62.0 从 0
199.197 201.968 64.0 前 1
