28.866 29.25 55.0 过 0
29.25 29.635 55.0 完 0
29.635 30.02 57.0 整 0
30.02 30.404 58.0 个 0
30.404 30.789 55.0 夏 0
30.789 32.327 62.0 天 1
34.938 35.322 60.0 忧 0
35.322 35.707 60.0 伤 0
35.707 36.092 62.0 并 0
36.092 36.476 62.0 没 0
36.476 36.861 60.0 有 0
36.861 37.245 58.0 好 0
37.245 37.63 53.0 一 0
37.63 38.784 55.0 些 1
41.133 41.517 53.0 开 0
41.517 41.902 53.0 车 0
41.902 42.286 55.0 行 0
42.286 42.671 55.0 驶 0
42.671 43.056 53.0 在 0
43.056 43.825 58.0 公 0
43.825 44.402 58.0 路 0
44.594 45.267 58.0 无 0
45.267 45.652 58.0 际 0
45.652 46.517 58.0 无 0
46.517 46.902 60.0 边 1
47.228 47.613 58.0 有 0
47.613 47.998 60.0 离 0
47.998 48.382 58.0 开 0
48.382 48.767 60.0 自 0
48.767 49.151 58.0 己 0
49.151 49.536 58.0 的 0
49.536 49.921 53.0 感 0
49.921 51.075 55.0 觉 1
53.46 53.845 55.0 唱 0
53.845 54.229 55.0 不 0
54.229 54.614 57.0 完 0
54.614 54.999 58.0 一 0
54.999 55.383 55.0 首 0
55.383 58.076 62.0 歌 1
59.589 59.974 60.0 疲 0
59.974 60.358 60.0 倦 0
60.358 60.743 62.0 还 0
60.743 61.128 62.0 剩 0
61.128 61.512 60.0 下 0
61.512 61.897 58.0 黑 0
61.897 62.281 53.0 眼 0
62.281 63.435 55.0 圈 1
65.714 66.099 53.0 感 0
66.099 66.483 53.0 情 0
66.483 66.868 55.0 的 0
66.868 67.252 55.0 世 0
67.252 67.637 53.0 界 0
67.637 68.406 58.0 伤 0
68.406 68.983 58.0 害 0
69.175 69.752 58.0 在 0
69.945 70.329 58.0 所 0
70.329 70.906 58.0 难 0
71.099 71.483 60.0 免 1
71.849 72.233 58.0 黄 0
72.233 72.618 60.0 昏 0
72.618 73.003 58.0 再 0
73.003 73.387 60.0 美 0
73.387 73.772 58.0 终 0
73.772 74.156 58.0 要 0
74.156 74.541 53.0 黑 0
74.541 75.695 55.0 夜 1
78.51 78.895 58.0 依 0
78.895 79.279 58.0 然 0
79.279 79.664 60.0 记 0
79.664 80.049 60.0 得 1
80.065 80.449 62.0 从 0
80.449 80.834 62.0 你 0
80.834 81.219 62.0 口 0
81.219 81.603 62.0 中 0
81.603 81.988 62.0 说 0
81.988 82.372 62.0 出 0
82.372 82.757 62.0 再 0
82.757 83.142 65.0 见 0
83.142 83.526 67.0 坚 0
83.526 83.911 65.0 决 0
83.911 84.296 65.0 如 0
84.296 84.68 60.0 铁 1
84.937 85.321 60.0 昏 0
85.321 85.706 62.0 暗 0
85.706 86.091 65.0 中 0
86.091 86.475 67.0 有 0
86.475 86.86 67.0 种 0
86.86 87.244 67.0 烈 0
87.244 87.629 67.0 日 0
87.629 88.014 67.0 灼 0
88.014 88.398 65.0 身 0
88.398 88.783 65.0 的 0
88.783 89.168 60.0 错 0
89.168 89.937 62.0 觉 1
90.42 90.805 62.0 黄 0
90.805 91.19 60.0 昏 0
91.19 91.574 62.0 的 0
91.574 91.959 65.0 地 0
91.959 92.343 62.0 平 0
92.343 93.113 55.0 线 1
93.347 93.732 55.0 划 0
93.732 94.117 55.0 出 0
94.117 94.501 58.0 一 0
94.501 94.886 58.0 句 0
94.886 95.27 55.0 离 0
95.27 96.04 53.0 别 1
96.594 96.979 53.0 爱 0
96.979 97.363 53.0 情 0
97.363 97.748 50.0 进 0
97.748 98.133 50.0 入 0
98.133 98.806 53.0 永 0
98.902 101.979 55.0 夜 1
103.016 103.4 58.0 依 0
103.4 103.785 58.0 然 0
103.785 104.17 60.0 记 0
104.17 104.554 60.0 得 1
104.667 105.052 62.0 从 0
105.052 105.436 62.0 你 0
105.436 105.821 62.0 眼 0
105.821 106.206 62.0 中 0
106.206 106.59 62.0 滑 0
106.59 106.975 62.0 落 0
106.975 107.359 62.0 的 0
107.359 107.744 65.0 泪 0
107.744 108.129 67.0 伤 0
108.129 108.513 65.0 心 0
108.513 108.898 65.0 欲 0
108.898 109.283 60.0 绝 1
109.619 110.004 60.0 混 0
110.004 110.388 62.0 乱 0
110.388 110.773 65.0 中 0
110.773 111.158 67.0 有 0
111.158 111.542 67.0 种 0
111.542 111.927 67.0 热 0
111.927 112.311 67.0 泪 0
112.311 112.696 67.0 烧 0
112.696 113.081 65.0 伤 0
113.081 113.465 65.0 的 0
113.465 113.688 60.0 错 0
113.85 114.619 62.0 觉 1
114.96 115.344 62.0 黄 0
115.344 115.729 60.0 昏 0
115.729 116.114 62.0 的 0
116.114 116.498 65.0 地 0
116.498 116.883 62.0 平 0
116.883 117.844 55.0 线 1
118.054 118.438 55.0 割 0
118.438 118.823 55.0 断 0
118.823 119.208 58.0 幸 0
119.208 119.592 58.0 福 0
119.592 119.977 55.0 喜 0
119.977 120.361 53.0 - 0
120.361 120.746 53.0 悦 1
121.161 121.545 53.0 相 0
121.545 121.93 53.0 爱 0
121.93 122.314 50.0 已 0
122.314 122.699 50.0 经 0
122.699 123.084 58.0 幻 0
123.084 123.468 55.0 - 0
123.468 127.314 55.0 灭 1
139.633 140.018 55.0 唱 0
140.018 140.402 55.0 不 0
140.402 140.787 57.0 完 0
140.787 141.172 58.0 一 0
141.172 141.556 55.0 首 0
141.556 144.249 62.0 歌 1
145.665 146.05 60.0 疲 0
146.05 146.434 60.0 倦 0
146.434 146.819 62.0 还 0
146.819 147.203 62.0 剩 0
147.203 147.588 60.0 下 0
147.588 147.973 58.0 黑 0
147.973 148.357 53.0 眼 0
148.357 149.511 55.0 圈 1
151.867 152.251 53.0 感 0
152.251 152.636 53.0 情 0
152.636 153.021 55.0 的 0
153.021 153.405 55.0 世 0
153.405 153.79 53.0 界 0
153.79 154.559 58.0 伤 0
154.559 155.136 58.0 害 0
155.328 155.905 58.0 在 0
156.098 156.482 58.0 所 0
156.482 157.059 58.0 难 0
157.251 157.636 60.0 免 1
157.961 158.345 58.0 黄 0
158.345 158.73 60.0 昏 0
158.73 159.115 58.0 再 0
159.115 159.499 60.0 美 0
159.499 159.884 58.0 终 0
159.884 160.268 58.0 要 0
160.268 160.653 53.0 黑 0
160.653 161.807 55.0 夜 1
164.545 164.93 58.0 依 0
164.93 165.314 58.0 然 0
165.314 165.699 60.0 记 0
165.699 166.084 60.0 得 1
166.127 166.511 62.0 从 0
166.511 166.896 62.0 你 0
166.896 167.28 62.0 口 0
167.28 167.665 62.0 中 0
167.665 168.05 62.0 说 0
168.05 168.434 62.0 出 0
168.434 168.819 62.0 再 0
168.819 169.204 65.0 见 0
169.204 169.588 67.0 坚 0
169.588 169.973 65.0 决 0
169.973 170.357 65.0 如 0
170.357 170.742 60.0 铁 1
171.047 171.431 60.0 昏 0
171.431 171.816 62.0 暗 0
171.816 172.2 65.0 中 0
172.2 172.585 67.0 有 0
172.585 172.97 67.0 种 0
172.97 173.354 67.0 烈 0
173.354 173.739 67.0 日 0
173.739 174.124 67.0 灼 0
174.124 174.508 65.0 身 0
174.508 174.893 65.0 的 0
174.893 175.277 60.0 错 0
175.277 176.047 62.0 觉 1
176.553 176.938 62.0 黄 0
176.938 177.322 60.0 昏 0
177.322 177.707 62.0 的 0
177.707 178.092 65.0 地 0
178.092 178.476 62.0 平 0
178.476 179.246 55.0 线 1
179.591 179.976 55.0 划 0
179.976 180.36 55.0 出 0
180.36 180.745 58.0 一 0
180.745 181.13 58.0 句 0
181.13 181.514 55.0 离 0
181.514 182.283 53.0 别 1
182.56 182.945 53.0 爱 0
182.945 183.329 53.0 情 0
183.329 183.714 50.0 进 0
183.714 184.099 50.0 入 0
184.099 184.772 53.0 永 0
184.868 187.945 55.0 夜 1
189.254 189.638 58.0 依 0
189.638 190.023 58.0 然 0
190.023 190.407 60.0 记 0
190.407 190.792 60.0 得 1
190.818 191.203 62.0 从 0
191.203 191.587 62.0 你 0
191.587 191.972 62.0 眼 0
191.972 192.356 62.0 中 0
192.356 192.741 62.0 滑 0
192.741 193.126 62.0 落 0
193.126 193.51 62.0 的 0
193.51 193.895 65.0 泪 0
193.895 194.28 67.0 伤 0
194.28 194.664 65.0 心 0
194.664 195.049 65.0 欲 0
195.049 195.433 60.0 绝 1
195.659 196.044 60.0 混 0
196.044 196.428 62.0 乱 0
196.428 196.813 65.0 中 0
196.813 197.197 67.0 有 0
197.197 197.582 67.0 种 0
197.582 197.967 67.0 热 0
197.967 198.351 67.0 泪 0
198.351 198.736 67.0 烧 0
198.736 199.121 65.0 伤 0
199.121 199.505 65.0 的 0
199.505 199.728 60.0 错 0
199.89 200.659 62.0 觉 1
201.089 201.473 62.0 黄 0
201.473 201.858 60.0 昏 0
201.858 202.242 62.0 的 0
202.242 202.627 65.0 地 0
202.627 203.012 62.0 平 0
203.012 203.973 55.0 线 1
204.215 204.599 55.0 割 0
204.599 204.984 55.0 断 0
204.984 205.368 58.0 幸 0
205.368 205.753 58.0 福 0
205.753 206.138 55.0 喜 0
206.138 206.522 53.0 - 0
206.522 206.907 53.0 悦 1
207.331 207.716 53.0 相 0
207.716 208.101 53.0 爱 0
208.101 208.485 50.0 已 0
208.485 208.87 50.0 经 0
208.87 209.255 58.0 幻 0
209.255 209.639 55.0 - 0
209.639 213.485 55.0 灭 1
238.454 238.839 58.0 依 0
238.839 239.224 58.0 然 0
239.224 239.608 60.0 记 0
239.608 239.993 60.0 得 1
240.022 240.406 62.0 从 0
240.406 240.791 62.0 你 0
240.791 241.176 62.0 口 0
241.176 241.56 62.0 中 0
241.56 241.945 62.0 说 0
241.945 242.329 62.0 出 0
242.329 242.714 62.0 再 0
242.714 243.099 65.0 见 0
243.099 243.483 67.0 坚 0
243.483 243.868 65.0 决 0
243.868 244.253 65.0 如 0
244.253 244.637 60.0 铁 1
245.034 245.418 60.0 昏 0
245.418 245.803 62.0 暗 0
245.803 246.188 65.0 中 0
246.188 246.572 67.0 有 0
246.572 246.957 67.0 种 0
246.957 247.341 67.0 烈 0
247.341 247.726 67.0 日 0
247.726 248.111 67.0 灼 0
248.111 248.495 65.0 身 0
248.784 248.976 65.0 的 0
248.976 249.168 60.0 错 0
249.265 250.034 62.0 觉 1
250.31 250.695 62.0 黄 0
250.695 251.08 60.0 昏 0
251.08 251.464 62.0 的 0
251.464 251.849 65.0 地 0
251.849 252.233 62.0 平 0
252.233 253.003 55.0 线 1
253.372 253.757 55.0 划 0
253.757 254.142 55.0 出 0
254.142 254.526 58.0 一 0
254.526 254.911 58.0 句 0
254.911 255.295 55.0 离 0
255.295 256.065 53.0 别 1
256.442 256.827 53.0 爱 0
256.827 257.211 53.0 情 0
257.211 257.596 50.0 进 0
257.596 257.981 50.0 入 0
257.981 258.654 53.0 永 0
258.75 260.288 55.0 夜 0
260.288 261.442 57.0 - 0
261.442 261.827 55.0 - 1
262.972 263.356 58.0 依 0
263.356 263.741 58.0 然 0
263.741 264.126 60.0 记 0
264.126 264.51 60.0 得 1
264.617 265.002 62.0 从 0
265.002 265.386 62.0 你 0
265.386 265.771 62.0 眼 0
265.771 266.156 62.0 中 0
266.156 266.54 62.0 滑 0
266.54 266.925 62.0 落 0
266.925 267.309 62.0 的 0
267.309 267.694 65.0 泪 0
267.694 268.079 67.0 伤 0
268.079 268.463 65.0 心 0
268.463 268.848 67.0 欲 0
268.848 269.233 60.0 绝 1
269.659 270.044 60.0 混 0
270.044 270.428 62.0 乱 0
270.428 270.813 65.0 中 0
270.813 271.198 67.0 有 0
271.198 271.582 67.0 种 0
271.582 271.967 67.0 热 0
271.967 272.351 67.0 泪 0
272.351 272.736 67.0 烧 0
272.736 273.121 65.0 伤 0
273.121 273.505 65.0 的 0
273.505 273.728 60.0 错 0
273.89 274.275 65.0 觉 0
274.275 274.659 62.0 - 1
274.918 275.302 62.0 黄 0
275.302 275.687 60.0 昏 0
275.687 276.072 62.0 的 0
276.072 276.456 65.0 地 0
276.456 276.841 62.0 平 0
276.841 277.802 55.0 线 1
278.116 278.5 55.0 割 0
278.5 278.885 55.0 断 0
278.885 279.27 58.0 幸 0
279.27 279.654 58.0 福 0
279.654 280.039 55.0 喜 0
280.039 280.423 53.0 - 0
280.423 280.808 53.0 悦 1
281.135 281.519 53.0 相 0
281.519 281.904 53.0 爱 0
281.904 282.288 50.0 已 0
282.288 282.673 50.0 经 0
282.673 283.058 58.0 幻 0
283.058 283.442 55.0 - 0
283.442 287.288 55.0 灭 1
