36.638 37.277 57.0 当 0
37.277 37.6 54.0 你 0
37.6 37.923 52.0 老 0
37.923 38.89 54.0 了 0
40.503 41.148 50.0 头 0
41.148 41.471 52.0 发 0
41.471 41.794 57.0 白 0
41.794 42.761 54.0 了 0
45.019 45.342 50.0 睡 0
45.342 46.31 47.0 意 0
48.251 48.89 57.0 昏 0
48.89 50.503 52.0 沉 1
52.089 52.734 57.0 当 0
52.734 53.057 54.0 你 0
53.057 53.379 52.0 老 0
53.379 54.67 54.0 了 0
55.96 56.605 50.0 走 0
56.605 56.928 52.0 不 0
56.928 57.25 54.0 动 0
57.25 58.541 54.0 了 1
59.848 60.171 50.0 炉 0
60.171 60.493 50.0 火 0
60.493 60.816 50.0 旁 0
60.816 61.138 50.0 打 0
61.138 62.429 47.0 盹 0
63.719 64.042 45.0 回 0
64.042 64.364 47.0 忆 0
64.364 65.009 57.0 青 0
65.009 66.622 52.0 春 1
68.485 69.136 59.0 多 0
69.136 69.458 59.0 少 0
69.458 70.104 59.0 人 0
70.104 70.426 62.0 曾 0
70.426 71.071 61.0 爱 0
71.071 71.394 62.0 你 0
71.399 72.039 61.0 青 0
72.039 72.362 57.0 春 0
72.362 72.684 55.0 欢 0
73.007 73.329 55.0 畅 0
73.329 73.975 55.0 的 0
73.98 74.297 59.0 时 0
74.297 75.265 57.0 辰 1
75.978 76.301 45.0 爱 0
76.301 76.623 55.0 慕 0
76.946 77.268 55.0 你 0
77.268 77.914 55.0 的 0
77.914 78.236 54.0 美 0
78.236 78.881 52.0 丽 1
79.23 79.552 52.0 假 0
79.552 79.875 50.0 意 0
79.875 80.198 52.0 或 0
80.198 80.52 54.0 真 0
80.526 82.133 57.0 心 1
84.007 84.658 59.0 只 0
84.658 84.98 59.0 有 0
84.98 85.626 59.0 一 0
85.626 85.948 62.0 个 0
85.948 86.593 61.0 人 0
86.593 86.916 62.0 还 0
86.921 87.561 61.0 爱 0
87.561 87.884 57.0 你 0
87.884 88.206 55.0 虔 0
88.529 88.851 55.0 诚 0
88.851 89.496 55.0 的 0
89.496 89.819 59.0 灵 0
89.819 90.787 57.0 魂 1
91.411 91.734 47.0 爱 0
91.734 92.056 55.0 你 0
92.379 92.701 55.0 苍 0
92.701 93.346 55.0 老 0
93.346 93.669 54.0 的 0
93.669 93.992 52.0 脸 0
94.314 94.637 52.0 上 0
94.637 95.282 52.0 的 0
95.282 95.605 50.0 皱 0
95.605 96.572 50.0 纹 1
98.637 99.282 57.0 当 0
99.282 99.604 54.0 你 0
99.604 99.927 52.0 老 0
99.927 100.895 54.0 了 0
102.508 103.153 50.0 眼 0
103.153 103.475 52.0 眉 0
103.475 103.798 57.0 低 0
103.798 104.766 54.0 垂 1
106.99 107.312 50.0 灯 0
107.312 108.28 47.0 火 0
108.915 109.248 57.0 昏 0
109.248 110.216 57.0 黄 0
110.861 111.183 52.0 不 0
111.183 113.441 57.0 定 1
114.154 114.799 57.0 风 0
114.799 115.121 54.0 吹 0
115.121 115.444 52.0 过 0
115.444 116.734 54.0 来 0
118.025 118.67 50.0 你 0
118.67 118.992 52.0 的 0
118.992 119.315 57.0 消 0
119.315 120.605 54.0 息 1
122.504 122.826 50.0 这 0
122.826 124.439 47.0 就 0
124.445 124.762 59.0 是 0
124.762 125.729 57.0 我 0
125.729 126.052 52.0 心 0
126.052 126.375 50.0 里 0
126.375 126.697 47.0 的 0
126.697 128.955 50.0 歌 1
160.539 161.184 57.0 当 0
161.184 161.507 54.0 你 0
161.507 161.83 52.0 老 0
161.83 162.797 54.0 了 0
164.41 165.055 50.0 头 0
165.055 165.378 52.0 发 0
165.378 165.7 57.0 白 0
165.7 166.668 54.0 了 0
168.926 169.249 50.0 睡 0
169.249 170.217 47.0 意 0
172.152 172.797 57.0 昏 0
172.797 174.41 52.0 沉 1
176.095 176.74 57.0 当 0
176.74 177.063 54.0 你 0
177.063 177.385 52.0 老 0
177.385 178.676 54.0 了 0
179.966 180.611 50.0 走 0
180.611 180.934 52.0 不 0
180.934 181.256 57.0 动 0
181.256 182.547 54.0 了 1
183.765 184.088 50.0 炉 0
184.088 184.41 50.0 火 0
184.41 184.733 50.0 旁 0
184.733 185.055 50.0 打 0
185.055 186.346 47.0 盹 0
187.636 187.959 45.0 回 0
187.959 188.281 47.0 忆 0
188.281 188.926 57.0 青 0
188.926 190.539 52.0 春 1
192.376 193.021 59.0 多 0
193.021 193.343 59.0 少 0
193.343 193.989 59.0 人 0
193.989 194.311 62.0 曾 0
194.311 194.956 61.0 爱 0
194.956 195.279 62.0 你 0
195.279 195.924 61.0 青 0
195.924 196.247 57.0 春 0
196.247 196.569 55.0 欢 0
196.892 197.214 55.0 畅 0
197.214 197.86 55.0 的 0
197.86 198.182 59.0 时 0
198.182 199.15 57.0 辰 1
199.899 200.222 45.0 爱 0
200.222 200.544 55.0 慕 0
200.867 201.189 55.0 你 0
201.189 201.834 55.0 的 0
201.834 202.157 54.0 美 0
202.157 202.802 52.0 丽 1
203.183 203.505 52.0 假 0
203.505 203.828 50.0 意 0
203.828 204.151 52.0 或 0
204.151 204.473 54.0 真 0
204.473 206.086 57.0 心 1
207.927 208.572 59.0 只 0
208.572 208.894 59.0 有 0
208.894 209.539 59.0 一 0
209.539 209.862 62.0 个 0
209.862 210.507 61.0 人 0
210.507 210.83 62.0 还 0
210.83 211.475 61.0 爱 0
211.475 211.797 57.0 你 0
211.797 212.12 55.0 虔 0
212.443 212.765 55.0 诚 0
212.765 213.41 55.0 的 0
213.41 213.733 59.0 灵 0
213.733 214.701 57.0 魂 1
215.345 215.667 45.0 爱 0
215.667 215.99 55.0 你 0
216.313 216.635 55.0 苍 0
216.635 217.28 55.0 老 0
217.28 217.603 54.0 的 0
217.603 217.926 52.0 脸 0
218.248 218.571 52.0 上 0
218.571 219.216 52.0 的 0
219.216 219.538 52.0 皱 0
219.538 220.506 50.0 纹 1
222.478 223.123 57.0 当 0
223.123 223.445 54.0 我 0
223.445 223.768 52.0 老 0
223.768 224.736 54.0 了 0
226.349 226.994 50.0 眼 0
226.994 227.316 52.0 眉 0
227.316 227.639 57.0 低 0
227.639 228.607 54.0 垂 1
230.746 231.068 50.0 灯 0
231.068 232.036 47.0 火 0
232.681 233.004 59.0 昏 0
233.004 233.972 57.0 黄 0
234.617 234.939 52.0 不 0
234.939 237.197 57.0 定 1
238.022 238.667 57.0 风 0
238.667 238.989 54.0 吹 0
238.989 239.312 52.0 过 0
239.312 240.602 54.0 来 0
241.892 242.538 50.0 你 0
242.538 242.86 52.0 的 0
242.86 243.183 57.0 消 0
243.183 244.473 54.0 息 1
246.282 246.604 50.0 这 0
246.604 248.217 47.0 就 0
248.217 248.54 59.0 是 0
248.54 249.507 57.0 我 0
249.507 249.83 52.0 心 0
249.83 250.153 50.0 里 0
250.153 250.475 47.0 的 0
250.475 252.733 50.0 歌 1
253.491 254.137 57.0 当 0
254.137 254.459 54.0 我 0
254.459 254.782 52.0 老 0
254.782 256.072 54.0 了 0
257.362 258.007 50.0 我 0
258.007 258.33 52.0 真 0
258.33 258.653 57.0 希 0
258.653 259.943 54.0 望 1
261.703 262.026 50.0 这 0
262.026 263.639 47.0 首 0
263.639 263.962 59.0 歌 0
263.962 264.929 57.0 是 0
264.929 265.252 52.0 唱 0
265.252 265.574 50.0 给 0
265.574 265.897 47.0 你 0
265.897 268.155 50.0 的 1
