35.694 36.097 57.0 不 0
36.099 37.585 59.0 要 1
37.895 38.163 57.0 把 0
38.165 38.434 59.0 脸 0
38.436 38.704 59.0 藏 0
38.707 38.975 57.0 在 0
38.977 39.516 59.0 月 0
39.518 39.922 62.0 光 0
40.059 40.598 57.0 背 0
40.6 41.951 59.0 后 1
42.263 42.531 57.0 有 0
42.533 42.801 59.0 谁 0
42.804 43.072 59.0 在 0
43.074 43.342 57.0 意 0
43.345 43.613 59.0 我 0
43.615 43.884 62.0 们 0
43.886 44.154 64.0 的 0
44.156 44.425 66.0 生 0
44.427 45.777 67.0 活 1
46.189 46.457 64.0 坐 0
46.459 46.727 64.0 在 0
46.73 46.998 62.0 安 0
47.0 47.269 62.0 静 0
47.271 47.539 59.0 角 0
47.541 48.351 62.0 落 1
48.664 48.933 64.0 该 0
48.935 49.136 67.0 为 0
49.206 49.406 67.0 这 0
49.476 49.677 67.0 一 0
49.747 50.015 67.0 刻 0
50.085 50.556 64.0 找 0
50.626 51.029 62.0 个 0
51.032 51.435 59.0 解 0
51.437 52.653 57.0 脱 1
57.278 57.681 57.0 不 0
57.684 58.899 59.0 要 1
59.383 59.651 57.0 你 0
59.654 59.854 59.0 眼 0
59.924 60.192 59.0 里 0
60.195 60.463 57.0 伪 0
60.465 60.869 59.0 装 0
61.006 61.41 62.0 的 0
61.547 61.883 57.0 内 0
61.953 63.101 59.0 疚 1
63.773 64.041 57.0 该 0
64.043 64.244 59.0 是 0
64.314 64.582 59.0 自 0
64.584 64.853 57.0 己 0
64.855 65.123 59.0 幸 0
65.125 65.394 62.0 福 0
65.396 65.664 64.0 的 0
65.666 65.935 66.0 时 0
65.937 67.423 67.0 候 1
67.861 68.129 64.0 静 0
68.131 68.4 64.0 静 0
68.402 68.602 62.0 地 0
68.672 68.941 62.0 想 0
68.943 69.211 64.0 一 0
69.213 69.887 62.0 想 1
70.313 70.581 64.0 谁 0
70.583 70.784 67.0 会 0
70.854 71.122 67.0 追 0
71.124 71.392 67.0 求 0
71.395 71.663 67.0 刻 0
71.801 72.204 67.0 意 0
72.206 72.542 69.0 的 0
72.544 72.948 64.0 温 0
72.95 74.707 62.0 柔 1
75.387 75.655 62.0 你 0
75.657 76.129 67.0 伤 0
76.131 76.467 69.0 害 0
76.469 76.67 67.0 了 0
76.739 77.008 67.0 我 0
77.01 77.414 62.0 - 1
77.613 77.881 62.0 还 0
77.884 78.287 67.0 一 0
78.289 78.693 69.0 笑 0
78.695 78.964 67.0 而 0
78.966 79.505 71.0 过 1
79.671 79.94 62.0 你 0
79.942 80.21 67.0 爱 0
80.212 80.413 69.0 的 0
80.483 80.684 69.0 贪 0
80.754 81.022 67.0 婪 0
81.024 81.495 74.0 我 0
81.565 81.833 71.0 爱 0
81.903 82.375 71.0 的 0
82.444 82.848 69.0 懦 0
82.985 83.795 71.0 弱 1
84.068 84.269 71.0 眼 0
84.339 84.674 71.0 泪 0
84.677 85.013 67.0 - 0
85.15 85.418 67.0 流 0
85.421 86.23 67.0 过 1
86.444 86.712 62.0 回 0
86.714 86.983 64.0 忆 0
86.985 87.253 67.0 是 0
87.255 87.524 64.0 多 0
87.526 87.997 69.0 余 0
88.067 88.471 67.0 的 1
88.747 89.015 62.0 只 0
89.018 89.286 64.0 怪 0
89.288 89.557 67.0 自 0
89.559 89.827 64.0 己 1
89.872 90.141 74.0 爱 0
90.143 90.411 71.0 - 0
90.413 90.614 71.0 你 0
90.684 91.223 71.0 所 0
91.225 91.493 69.0 有 0
91.496 91.764 67.0 的 0
91.766 92.034 67.0 错 0
92.037 92.575 69.0 - 1
92.817 93.086 62.0 你 0
93.088 93.491 67.0 伤 0
93.494 93.897 69.0 害 0
93.899 94.032 67.0 了 0
94.17 94.438 67.0 我 0
94.44 94.844 62.0 - 1
94.914 95.182 62.0 还 0
95.184 95.588 67.0 一 0
95.59 95.993 69.0 笑 0
95.996 96.264 67.0 而 0
96.266 96.805 71.0 过 1
97.04 97.308 62.0 你 0
97.31 97.579 67.0 爱 0
97.581 97.782 69.0 的 0
97.851 98.12 69.0 贪 0
98.122 98.39 67.0 婪 0
98.393 98.661 74.0 我 0
98.663 98.931 71.0 - 0
98.934 99.27 71.0 爱 0
99.339 99.743 71.0 的 0
99.813 100.284 69.0 懦 0
100.354 101.163 71.0 弱 1
101.393 101.662 71.0 眼 0
101.664 102.0 71.0 泪 0
102.002 102.406 67.0 - 0
102.476 102.744 67.0 流 0
102.746 103.014 69.0 过 0
103.017 103.556 67.0 - 1
103.923 104.192 62.0 回 0
104.194 104.462 64.0 忆 0
104.464 104.733 67.0 是 0
104.735 105.003 64.0 多 0
105.005 105.409 69.0 余 0
105.547 105.95 67.0 的 1
105.952 106.22 62.0 刻 0
106.222 106.49 64.0 骨 0
106.493 106.761 67.0 铭 0
106.763 107.032 64.0 心 1
107.15 107.621 74.0 就 0
107.691 107.892 71.0 这 0
107.961 108.23 71.0 样 0
108.232 108.5 69.0 - 0
108.502 108.771 69.0 的 0
108.841 109.244 67.0 被 0
109.246 110.056 69.0 你 0
110.396 110.867 71.0 一 0
110.87 111.273 69.0 笑 0
111.343 112.017 71.0 而 0
112.019 115.399 67.0 过 1
120.078 120.481 57.0 不 0
120.483 121.699 59.0 要 1
122.202 122.47 57.0 你 0
122.472 122.673 59.0 眼 0
122.743 123.011 59.0 里 0
123.014 123.282 57.0 伪 0
123.284 123.823 59.0 装 0
123.825 124.229 62.0 的 0
124.231 124.77 64.0 内 0
124.772 125.92 59.0 疚 1
126.526 126.794 57.0 该 0
126.796 126.997 59.0 是 0
127.067 127.335 59.0 自 0
127.337 127.605 57.0 己 0
127.608 127.876 59.0 幸 0
127.878 128.147 62.0 福 0
128.149 128.417 64.0 的 0
128.419 128.958 66.0 时 0
128.96 130.176 67.0 候 1
130.566 130.834 64.0 静 0
130.836 131.104 64.0 静 0
131.107 131.307 62.0 地 0
131.377 131.646 62.0 想 0
131.648 131.916 64.0 一 0
131.918 132.592 62.0 想 1
133.097 133.366 64.0 谁 0
133.368 133.569 67.0 会 0
133.639 133.907 67.0 追 0
133.909 134.177 67.0 求 0
134.18 134.448 67.0 刻 0
134.585 134.989 67.0 意 0
134.991 135.327 69.0 的 0
135.329 135.801 62.0 温 0
135.803 137.559 62.0 柔 1
138.152 138.42 62.0 你 0
138.422 138.893 67.0 伤 0
138.896 139.232 69.0 害 0
139.234 139.435 67.0 了 0
139.504 139.773 67.0 我 0
139.775 140.179 62.0 - 1
140.354 140.622 62.0 还 0
140.625 141.028 67.0 一 0
141.03 141.434 69.0 笑 0
141.436 141.704 67.0 而 0
141.707 142.246 71.0 过 1
142.636 142.905 62.0 你 0
142.907 143.175 67.0 爱 0
143.177 143.378 69.0 的 0
143.448 143.649 69.0 贪 0
143.718 143.987 67.0 婪 0
143.989 144.46 74.0 我 0
144.53 144.798 71.0 爱 0
144.868 145.339 71.0 的 0
145.409 145.813 69.0 懦 0
145.95 146.76 71.0 弱 1
146.766 146.967 71.0 眼 0
147.036 147.372 71.0 泪 0
147.375 147.778 67.0 - 0
147.848 148.116 67.0 流 0
148.119 148.387 69.0 过 0
148.389 148.928 67.0 - 1
149.227 149.495 62.0 回 0
149.497 149.766 64.0 忆 0
149.768 150.036 67.0 是 0
150.038 150.307 64.0 多 0
150.309 150.78 67.0 余 0
150.85 151.254 67.0 的 1
151.427 151.695 62.0 只 0
151.698 151.966 64.0 怪 0
151.968 152.236 67.0 自 0
152.239 152.507 64.0 己 1
152.599 152.868 74.0 爱 0
152.87 153.138 71.0 - 0
153.14 153.341 71.0 你 0
153.411 153.95 71.0 所 0
153.952 154.22 69.0 有 0
154.222 154.491 67.0 的 0
154.493 154.761 67.0 错 0
154.764 155.302 69.0 - 1
155.51 155.778 62.0 你 0
155.781 156.184 67.0 伤 0
156.187 156.59 69.0 害 0
156.592 156.725 67.0 了 0
156.863 157.131 67.0 我 0
157.133 157.537 62.0 - 1
157.651 157.92 62.0 还 0
157.922 158.326 67.0 一 0
158.328 158.731 69.0 笑 0
158.734 159.002 67.0 而 0
159.004 159.543 71.0 过 1
159.87 160.138 62.0 你 0
160.14 160.409 67.0 爱 0
160.411 160.612 69.0 的 0
160.681 160.95 69.0 贪 0
160.952 161.22 67.0 婪 0
161.222 161.491 74.0 我 0
161.493 161.761 71.0 - 0
161.764 162.099 71.0 爱 0
162.169 162.573 71.0 的 0
162.643 163.114 69.0 懦 0
163.184 163.993 71.0 弱 1
164.211 164.48 71.0 眼 0
164.482 164.818 71.0 泪 0
164.82 165.224 67.0 - 0
165.294 165.562 67.0 流 0
165.564 165.832 69.0 过 0
165.835 166.373 67.0 - 1
166.639 166.908 62.0 回 0
166.91 167.178 64.0 忆 0
167.18 167.449 67.0 是 0
167.451 167.719 64.0 多 0
167.721 168.193 69.0 余 0
168.262 168.666 67.0 的 1
168.792 169.06 62.0 刻 0
169.062 169.33 64.0 骨 0
169.333 169.601 67.0 铭 0
169.603 169.871 64.0 心 1
169.899 170.37 74.0 就 0
170.44 170.64 71.0 这 0
170.71 171.249 71.0 样 0
171.251 171.52 69.0 的 0
171.59 171.993 67.0 被 0
171.995 172.805 69.0 你 0
173.145 173.413 71.0 一 0
173.416 173.684 69.0 - 0
173.686 174.022 69.0 笑 0
174.092 174.563 71.0 而 0
174.566 176.389 67.0 过 0
176.595 178.283 67.0 - 0
178.285 178.554 64.0 - 1
179.034 179.235 67.0 心 0
179.305 179.505 67.0 碎 0
179.575 180.046 67.0 千 0
180.116 180.317 65.0 百 0
180.387 181.467 67.0 遍 1
181.846 182.182 67.0 任 0
182.252 182.588 69.0 谁 0
182.658 182.926 70.0 也 0
182.929 183.467 70.0 无 0
183.47 183.67 65.0 - 0
183.74 184.55 65.0 法 0
184.552 184.82 62.0 承 0
184.822 186.24 65.0 担 0
186.378 187.323 65.0 - 1
187.813 188.014 67.0 想 0
188.084 188.284 67.0 安 0
188.354 188.69 67.0 慰 0
188.76 189.164 69.0 自 0
189.166 189.975 67.0 己 1
190.344 190.68 67.0 没 0
190.749 191.018 69.0 有 0
191.088 191.356 70.0 语 0
191.426 195.211 72.0 言 0
195.484 197.849 74.0 - 1
198.812 199.081 63.0 你 0
199.083 199.554 68.0 伤 0
199.556 199.892 70.0 害 0
199.894 200.095 68.0 了 0
200.165 200.433 68.0 我 0
200.436 200.839 63.0 - 1
201.029 201.297 63.0 还 0
201.299 201.703 68.0 一 0
201.705 202.109 70.0 笑 0
202.111 202.379 68.0 而 0
202.381 202.92 72.0 过 1
203.139 203.407 63.0 你 0
203.409 203.678 68.0 爱 0
203.68 203.881 70.0 的 0
203.951 204.151 70.0 贪 0
204.221 204.489 68.0 婪 0
204.492 204.963 75.0 我 0
205.033 205.436 72.0 爱 0
205.439 205.91 72.0 的 0
205.912 206.316 70.0 懦 0
206.453 207.262 72.0 弱 1
207.525 207.725 72.0 眼 0
207.795 208.131 72.0 泪 0
208.133 208.537 68.0 - 0
208.607 208.875 68.0 流 0
208.877 209.146 70.0 过 0
209.148 209.687 68.0 - 1
209.834 210.103 63.0 回 0
210.105 210.373 65.0 忆 0
210.375 210.644 68.0 是 0
210.646 210.914 65.0 多 0
210.917 211.388 70.0 余 0
211.458 211.861 68.0 的 1
212.04 212.308 63.0 只 0
212.31 212.579 65.0 怪 0
212.581 212.849 68.0 自 0
212.851 213.12 65.0 己 1
213.122 213.39 75.0 爱 0
213.392 213.661 72.0 - 0
213.663 213.999 72.0 你 0
214.001 214.472 72.0 所 0
214.475 214.743 70.0 有 0
214.745 215.013 68.0 的 0
215.016 215.419 72.0 错 0
215.421 215.96 70.0 - 1
216.068 216.336 63.0 你 0
216.338 216.742 68.0 伤 0
216.744 217.148 70.0 害 0
217.15 217.351 68.0 了 0
217.42 217.689 68.0 我 0
217.691 218.095 63.0 - 1
218.358 218.626 63.0 还 0
218.629 219.032 68.0 一 0
219.034 219.438 70.0 笑 0
219.44 219.709 68.0 而 0
219.711 220.25 72.0 过 1
220.488 220.757 63.0 你 0
220.759 221.027 68.0 爱 0
221.029 221.23 70.0 的 0
221.3 221.568 70.0 贪 0
221.571 221.839 68.0 婪 0
221.841 222.38 75.0 我 0
222.382 222.65 77.0 爱 0
222.653 223.192 72.0 的 0
223.194 223.665 70.0 懦 0
223.735 224.544 72.0 弱 1
224.776 225.044 72.0 眼 0
225.047 225.382 72.0 泪 0
225.385 225.788 68.0 - 0
225.858 226.126 68.0 流 0
226.129 226.397 70.0 过 0
226.399 226.938 68.0 - 1
227.119 227.387 63.0 回 0
227.389 227.658 65.0 忆 0
227.66 227.928 68.0 是 0
227.93 228.199 65.0 多 0
228.201 228.672 70.0 余 0
228.742 229.146 68.0 的 1
229.295 229.563 63.0 刻 0
229.566 229.834 65.0 骨 0
229.836 230.105 68.0 铭 0
230.107 230.375 65.0 心 1
230.544 231.016 75.0 就 0
231.085 231.286 72.0 这 0
231.356 231.624 72.0 样 0
231.626 231.895 70.0 - 0
231.897 232.165 70.0 的 0
232.168 232.436 68.0 被 0
232.438 234.194 70.0 你 0
234.467 236.156 63.0 - 0
236.496 236.832 72.0 一 0
236.902 237.17 70.0 笑 0
237.24 237.779 72.0 而 0
237.917 241.025 68.0 过 1
244.465 244.804 63.0 刻 0
244.804 245.139 65.0 骨 0
245.142 245.478 68.0 铭 0
245.547 246.492 70.0 心 0
246.494 248.183 68.0 - 0
248.185 248.589 63.0 - 1
249.938 250.41 72.0 就 0
250.412 250.748 72.0 被 0
250.818 251.627 72.0 你 0
251.968 252.506 70.0 一 0
252.509 252.777 68.0 笑 0
252.779 253.047 65.0 - 0
253.05 253.927 65.0 而 0
253.997 259.067 68.0 过 1
