49.978 50.603 64.0 你 0
50.603 50.915 64.0 入 0
50.915 51.227 66.0 - 0
51.227 51.539 66.0 学 0
51.539 52.164 69.0 - 0
52.164 52.476 68.0 的 0
52.476 53.101 66.0 新 0
53.101 53.413 61.0 书 0
53.413 53.725 59.0 - 0
53.725 54.662 57.0 包 0
54.974 55.599 61.0 有 0
55.599 56.224 71.0 人 0
56.224 56.536 69.0 给 0
56.536 56.848 68.0 - 0
56.848 57.16 66.0 你 0
57.16 57.473 61.0 - 0
57.473 59.346 64.0 拿 1
59.909 60.533 64.0 你 0
60.533 60.846 64.0 雨 0
60.846 61.158 66.0 - 0
61.158 62.095 69.0 中 0
62.095 62.407 68.0 的 0
62.407 63.032 66.0 花 0
63.032 63.344 64.0 折 0
63.344 63.656 66.0 - 0
63.656 64.593 61.0 伞 0
64.905 65.53 54.0 有 0
65.53 66.154 66.0 人 0
66.154 66.466 66.0 给 0
66.466 66.779 64.0 - 0
66.779 67.091 64.0 你 0
67.091 67.403 61.0 - 0
67.403 69.277 59.0 打 1
69.909 70.534 61.0 你 0
70.534 70.846 61.0 爱 0
70.846 71.159 59.0 - 0
71.159 71.783 64.0 吃 0
71.783 72.095 64.0 的 0
72.095 72.408 61.0 那 0
72.408 73.032 59.0 三 0
73.032 73.344 61.0 鲜 0
73.344 73.657 59.0 - 0
73.657 74.281 57.0 馅 0
74.594 74.906 59.0 他 0
74.906 75.843 61.0 有 0
75.843 76.155 64.0 人 0
76.155 76.467 68.0 给 0
76.467 76.779 66.0 - 0
76.779 77.404 64.0 你 0
77.404 79.278 66.0 包 1
80.011 80.636 69.0 你 0
80.636 80.948 69.0 委 0
80.948 81.26 66.0 - 0
81.26 82.197 69.0 屈 0
82.197 82.509 69.0 的 0
82.509 83.134 66.0 泪 0
83.134 83.758 64.0 - 0
83.758 85.008 59.0 花 0
85.008 85.632 54.0 有 0
85.632 86.257 66.0 人 0
86.257 86.569 64.0 给 0
86.569 86.881 61.0 - 0
86.881 87.193 61.0 你 0
87.193 87.506 59.0 - 0
87.506 88.755 57.0 擦 1
89.285 89.598 69.0 啊 0
89.598 89.91 71.0 - 0
89.91 90.222 71.0 这 0
90.222 90.847 73.0 个 0
90.847 91.159 73.0 人 0
91.159 91.784 71.0 就 0
91.784 92.096 73.0 是 0
92.096 92.408 71.0 - 0
92.408 94.282 69.0 娘 1
94.358 94.67 66.0 啊 0
94.67 94.982 69.0 - 0
94.982 95.295 71.0 这 0
95.295 95.919 71.0 个 0
95.919 96.231 71.0 人 0
96.231 96.544 71.0 就 0
96.544 96.856 68.0 - 0
96.856 97.168 66.0 是 0
97.168 97.48 68.0 - 0
97.48 99.354 64.0 妈 1
99.892 100.204 66.0 这 0
100.204 100.828 69.0 - 0
100.828 101.141 66.0 - 0
101.141 101.765 69.0 个 0
101.765 101.999 69.0 人 0
101.999 102.39 66.0 给 0
102.39 103.014 64.0 了 0
103.014 103.327 66.0 我 0
103.327 103.639 64.0 生 0
103.639 104.888 61.0 - 0
104.92 105.857 66.0 命 1
105.857 106.169 69.0 给 0
106.169 106.481 73.0 我 0
106.481 106.794 71.0 一 0
106.794 107.418 69.0 - 0
107.418 108.98 71.0 个 1
109.207 109.519 69.0 啊 0
109.519 109.831 71.0 - 0
109.831 110.144 71.0 不 0
110.144 110.768 73.0 管 0
110.768 111.08 73.0 你 0
111.08 111.705 71.0 走 0
111.705 112.017 73.0 多 0
112.017 112.33 71.0 - 0
112.33 113.579 69.0 远 1
114.272 114.584 66.0 不 0
114.584 114.897 69.0 - 0
114.897 115.834 71.0 - 0
115.834 116.146 71.0 论 0
116.146 116.458 71.0 你 0
116.458 116.77 68.0 在 0
116.77 117.083 66.0 - 0
117.083 117.395 66.0 干 0
117.395 119.269 64.0 - 1
119.918 120.543 69.0 到 0
120.543 120.855 69.0 什 0
120.855 121.167 66.0 么 0
121.167 121.792 69.0 时 0
121.792 122.026 69.0 候 0
122.026 122.416 66.0 也 0
122.416 123.041 64.0 离 0
123.041 123.353 66.0 不 0
123.353 123.665 64.0 - 0
123.665 124.914 61.0 开 0
124.914 125.539 66.0 咱 0
125.539 126.164 73.0 - 0
126.164 126.788 73.0 的 0
126.788 127.413 66.0 - 0
127.413 129.911 69.0 妈 1
154.892 155.517 64.0 你 0
155.517 155.829 64.0 身 0
155.829 156.141 66.0 - 0
156.141 157.077 69.0 在 0
157.077 157.389 68.0 那 0
157.389 158.013 66.0 他 0
158.013 158.325 61.0 乡 0
158.325 158.637 59.0 - 0
158.637 159.573 57.0 住 0
159.885 160.509 61.0 有 0
160.509 161.133 71.0 人 0
161.133 161.445 69.0 在 0
161.445 161.757 68.0 - 0
161.757 162.069 66.0 牵 0
162.069 162.381 61.0 - 0
162.381 164.253 64.0 挂 1
164.79 165.414 64.0 你 0
165.414 165.726 64.0 回 0
165.726 166.038 66.0 - 0
166.038 166.974 69.0 到 0
166.974 167.286 68.0 那 0
167.286 167.91 66.0 家 0
167.91 168.222 64.0 里 0
168.222 168.534 66.0 - 0
168.534 169.47 61.0 边 0
169.782 170.406 54.0 有 0
170.406 171.03 66.0 人 0
171.03 171.342 66.0 沏 0
171.342 171.654 64.0 - 0
171.654 171.966 64.0 热 0
171.966 172.278 61.0 - 0
172.278 174.15 59.0 茶 1
174.845 175.469 61.0 你 0
175.469 175.781 61.0 躺 0
175.781 176.093 59.0 - 0
176.093 177.029 64.0 在 0
177.029 177.341 61.0 那 0
177.341 177.965 59.0 病 0
177.965 178.277 61.0 床 0
178.277 178.589 59.0 - 0
178.589 179.213 57.0 上 0
179.525 179.837 59.0 他 0
179.837 180.774 61.0 有 0
180.774 181.086 64.0 人 0
181.086 181.398 68.0 掉 0
181.398 181.71 66.0 - 0
181.71 182.334 64.0 眼 0
182.334 184.206 66.0 泪 1
184.821 185.445 69.0 你 0
185.445 185.757 69.0 露 0
185.757 186.069 66.0 - 0
186.069 187.005 69.0 出 0
187.005 187.317 69.0 那 0
187.317 187.941 66.0 笑 0
187.941 188.253 64.0 容 0
188.253 188.565 61.0 - 0
188.565 189.813 59.0 时 0
189.813 190.437 54.0 有 0
190.437 191.061 66.0 人 0
191.061 191.373 64.0 乐 0
191.373 191.685 61.0 - 0
191.685 191.997 61.0 开 0
191.997 192.309 59.0 - 0
192.309 193.557 57.0 花 1
194.149 194.461 69.0 啊 0
194.461 194.773 71.0 - 0
194.773 195.085 71.0 这 0
195.085 195.709 73.0 个 0
195.709 196.021 73.0 人 0
196.021 196.645 71.0 就 0
196.645 196.957 73.0 是 0
196.957 197.269 71.0 - 0
197.269 199.141 69.0 娘 1
199.245 199.557 66.0 啊 0
199.557 199.869 69.0 - 0
199.869 200.181 69.0 这 0
200.181 200.805 71.0 个 0
200.805 201.117 71.0 人 0
201.117 201.429 71.0 就 0
201.429 201.741 68.0 - 0
201.741 202.053 66.0 是 0
202.053 202.365 68.0 - 0
202.365 204.237 64.0 妈 1
204.682 204.994 66.0 这 0
204.994 205.619 69.0 - 0
205.619 205.931 66.0 - 0
205.931 206.555 69.0 个 0
206.555 206.789 69.0 人 0
206.789 207.179 66.0 给 0
207.179 207.803 64.0 了 0
207.803 208.115 66.0 我 0
208.115 208.427 64.0 生 0
208.427 209.675 61.0 - 0
209.73 210.666 66.0 命 1
210.666 210.978 69.0 给 0
210.978 211.29 73.0 我 0
211.29 211.602 71.0 一 0
211.602 212.226 69.0 - 0
212.226 213.786 71.0 个 1
214.219 214.531 69.0 啊 0
214.531 214.843 71.0 - 0
214.843 215.155 71.0 不 0
215.155 215.779 73.0 管 0
215.779 216.091 73.0 你 0
216.091 216.715 71.0 多 0
216.715 217.027 73.0 富 0
217.027 217.339 71.0 - 0
217.339 218.587 69.0 有 1
219.186 219.498 66.0 不 0
219.498 219.81 69.0 - 0
219.81 220.746 71.0 论 0
220.746 221.058 71.0 你 0
221.058 221.37 71.0 官 0
221.37 221.682 68.0 - 0
221.682 221.994 66.0 多 0
221.994 222.306 66.0 - 0
222.306 224.178 64.0 大 1
224.787 225.411 69.0 到 0
225.411 225.723 69.0 什 0
225.723 226.035 66.0 么 0
226.035 226.659 69.0 时 0
226.659 226.893 69.0 候 0
226.893 227.283 66.0 也 0
227.283 227.907 64.0 离 0
227.907 228.219 66.0 不 0
228.219 228.531 64.0 - 0
228.531 229.779 61.0 开 0
229.779 230.404 66.0 咱 0
230.404 231.028 73.0 - 0
231.028 231.652 73.0 的 0
231.652 232.276 69.0 - 0
232.276 233.836 69.0 妈 1
233.999 234.311 69.0 啊 0
234.311 234.623 71.0 - 0
234.623 234.935 71.0 - 0
234.935 235.559 73.0 这 0
235.559 235.871 73.0 个 0
235.871 236.495 71.0 人 0
236.495 236.807 73.0 就 0
236.807 237.119 71.0 是 0
237.119 238.991 69.0 - 1
239.118 239.43 66.0 啊 0
239.43 239.742 69.0 - 0
239.742 240.054 69.0 - 0
240.054 240.678 71.0 这 0
240.678 240.99 71.0 个 0
240.99 241.302 71.0 人 0
241.302 241.614 68.0 就 0
241.614 241.926 66.0 - 0
241.926 242.238 68.0 是 0
242.238 244.11 64.0 - 1
244.796 245.108 66.0 这 0
245.108 245.732 69.0 - 0
245.732 246.044 66.0 个 0
246.044 246.668 69.0 人 0
246.668 246.902 69.0 给 0
246.902 247.292 66.0 了 0
247.292 247.916 64.0 我 0
247.916 248.228 66.0 生 0
248.228 248.54 64.0 - 0
248.54 249.788 61.0 命 1
249.792 250.728 66.0 给 0
250.728 251.04 69.0 我 0
251.04 251.352 73.0 一 0
251.352 251.664 71.0 - 0
251.664 252.288 69.0 个 0
252.288 253.848 71.0 家 1
253.978 254.29 69.0 啊 0
254.29 254.602 71.0 - 0
254.602 254.914 71.0 - 0
254.914 255.539 73.0 不 0
255.539 255.851 73.0 管 0
255.851 256.475 71.0 你 0
256.475 256.787 73.0 多 0
256.787 257.099 71.0 富 0
257.099 258.347 69.0 - 1
259.083 259.395 66.0 不 0
259.395 259.707 69.0 - 0
259.707 260.643 71.0 论 0
260.643 260.955 71.0 你 0
260.955 261.267 71.0 官 0
261.267 261.579 68.0 - 0
261.579 261.891 66.0 多 0
261.891 262.203 66.0 - 0
262.203 264.075 64.0 大 1
264.73 265.354 69.0 到 0
265.354 265.666 69.0 什 0
265.666 265.978 66.0 么 0
265.978 266.602 69.0 时 0
266.602 266.836 69.0 候 0
266.836 267.226 66.0 也 0
267.226 267.85 64.0 不 0
267.85 268.162 66.0 能 0
268.162 268.474 64.0 - 0
268.474 269.722 61.0 忘 0
269.722 270.346 66.0 咱 0
270.346 270.97 73.0 - 0
270.97 271.906 73.0 的 0
271.906 273.466 66.0 - 0
274.402 279.082 69.0 妈 1
