17.853 18.165 60.0 抓 0
18.165 18.478 60.0 不 0
18.478 18.79 60.0 住 0
18.79 19.103 60.0 爱 0
19.103 19.415 58.0 情 0
19.415 19.728 56.0 的 0
19.728 20.04 56.0 我 0
20.04 20.665 53.0 - 1
20.849 21.161 60.0 总 0
21.161 21.474 63.0 是 0
21.474 21.786 63.0 眼 0
21.786 22.099 65.0 睁 0
22.099 22.411 65.0 睁 0
22.411 22.724 63.0 看 0
22.724 23.036 65.0 它 0
23.036 23.349 65.0 溜 0
23.349 23.661 63.0 - 0
23.661 24.599 60.0 走 1
25.186 25.498 63.0 世 0
25.498 25.811 65.0 界 0
25.811 26.123 65.0 上 0
26.123 26.436 65.0 幸 0
26.436 26.748 63.0 福 0
26.748 27.061 60.0 的 0
27.061 27.373 60.0 人 0
27.373 27.686 63.0 到 0
27.686 27.998 63.0 处 0
27.998 28.311 60.0 有 0
28.311 28.623 58.0 - 1
28.727 29.04 58.0 为 0
29.04 29.352 56.0 何 0
29.352 29.665 56.0 不 0
29.665 29.977 56.0 能 0
29.977 30.29 55.0 算 0
30.29 30.602 56.0 我 0
30.602 31.227 55.0 一 0
31.227 32.165 53.0 个 1
32.698 33.01 60.0 为 0
33.01 33.323 60.0 了 0
33.323 33.635 60.0 爱 0
33.635 33.948 60.0 孤 0
33.948 34.26 58.0 军 0
34.26 34.573 56.0 奋 0
34.573 34.885 56.0 斗 0
34.885 35.51 53.0 - 1
35.877 36.189 60.0 早 0
36.189 36.502 63.0 就 0
36.502 36.814 65.0 吃 0
36.814 37.283 65.0 够 0
37.283 37.439 63.0 了 0
37.439 37.752 63.0 爱 0
37.752 38.064 65.0 情 0
38.064 38.377 63.0 的 0
38.377 38.689 65.0 - 0
38.689 39.627 60.0 苦 1
40.175 40.487 65.0 在 0
40.487 40.8 65.0 爱 0
40.8 41.112 65.0 中 0
41.112 41.425 65.0 失 0
41.425 41.737 63.0 落 0
41.737 42.05 60.0 的 0
42.05 42.362 63.0 人 0
42.362 42.675 63.0 到 0
42.675 42.987 63.0 处 0
42.987 43.3 60.0 有 0
43.3 43.612 58.0 - 1
43.773 44.086 58.0 而 0
44.086 44.398 56.0 我 0
44.398 44.711 56.0 只 0
44.711 45.023 56.0 是 0
45.023 45.336 55.0 其 0
45.336 45.648 56.0 中 0
45.648 46.273 55.0 一 0
46.273 47.211 53.0 个 1
47.79 48.415 68.0 爱 0
48.415 48.727 68.0 要 0
48.727 49.04 67.0 越 0
49.04 49.352 68.0 挫 0
49.352 49.665 67.0 越 0
49.665 49.977 68.0 - 0
49.977 50.915 65.0 勇 1
51.601 52.226 65.0 爱 0
52.226 52.538 65.0 要 0
52.538 52.851 63.0 肯 0
52.851 53.163 65.0 定 0
53.163 53.476 63.0 执 0
53.476 53.788 65.0 - 0
53.788 54.726 60.0 着 1
55.199 55.511 58.0 每 0
55.511 55.824 58.0 一 0
55.824 56.136 58.0 个 0
56.136 56.449 58.0 单 0
56.449 56.761 56.0 身 0
56.761 57.074 58.0 的 0
57.074 57.386 60.0 人 0
57.386 57.699 60.0 得 0
57.699 58.011 60.0 看 0
58.011 58.324 65.0 透 1
58.631 58.944 60.0 想 0
58.944 59.569 68.0 爱 0
59.569 59.881 68.0 就 0
59.881 60.194 68.0 别 0
60.194 60.506 70.0 怕 0
60.506 60.819 68.0 伤 0
60.819 61.131 70.0 - 0
61.131 64.256 67.0 痛 1
65.639 65.952 60.0 找 0
65.952 66.264 65.0 一 0
66.264 66.577 67.0 个 0
66.577 66.889 67.0 最 0
66.889 67.202 68.0 爱 0
67.202 67.514 68.0 的 0
67.514 67.827 68.0 深 0
67.827 68.139 67.0 爱 0
68.139 68.452 65.0 的 0
68.452 68.764 65.0 想 0
68.764 69.077 67.0 爱 0
69.077 69.389 67.0 的 0
69.389 69.702 67.0 亲 0
69.702 70.014 65.0 爱 0
70.014 70.327 63.0 的 0
70.327 70.639 63.0 人 1
70.87 71.182 65.0 来 0
71.182 71.495 63.0 告 0
71.495 71.807 60.0 别 0
71.807 72.432 63.0 单 0
72.432 73.057 65.0 身 1
73.344 73.656 65.0 一 0
73.656 73.969 67.0 个 0
73.969 74.281 68.0 多 0
74.281 74.594 68.0 情 0
74.594 74.906 68.0 的 0
74.906 75.219 68.0 痴 0
75.219 75.531 67.0 情 0
75.531 75.844 65.0 的 0
75.844 76.156 65.0 绝 0
76.156 76.625 67.0 情 0
76.625 76.781 67.0 的 0
76.781 77.094 67.0 无 0
77.094 77.562 65.0 情 0
77.562 77.719 63.0 的 0
77.719 78.187 65.0 人 1
78.414 78.726 65.0 来 0
78.726 79.039 63.0 给 0
79.039 79.351 65.0 我 0
79.351 79.664 68.0 伤 0
79.664 80.914 65.0 痕 1
81.549 81.861 68.0 孤 0
81.861 82.174 70.0 单 0
82.174 82.486 70.0 的 0
82.486 82.799 70.0 人 0
82.799 83.111 68.0 那 0
83.111 83.424 65.0 么 0
83.424 84.674 65.0 多 1
85.2 85.512 68.0 快 0
85.512 85.825 70.0 乐 0
85.825 86.137 70.0 的 0
86.137 86.45 72.0 没 0
86.45 86.762 70.0 有 0
86.762 87.075 65.0 几 0
87.075 87.387 68.0 个 0
87.387 88.012 65.0 - 1
88.418 88.73 65.0 不 0
88.73 89.043 67.0 要 0
89.043 89.355 68.0 爱 0
89.355 89.668 68.0 过 0
89.668 89.98 68.0 了 0
89.98 90.293 68.0 错 0
90.293 90.605 67.0 过 0
90.605 90.918 65.0 了 0
90.918 91.23 67.0 留 0
91.23 91.543 67.0 下 0
91.543 91.855 67.0 了 0
91.855 92.168 67.0 单 0
92.168 92.48 65.0 身 0
92.48 92.793 63.0 的 0
92.793 93.105 65.0 我 1
93.339 93.651 65.0 独 0
93.651 93.964 63.0 自 0
93.964 94.276 60.0 唱 0
94.276 94.901 63.0 情 0
94.901 97.714 65.0 歌 1
111.569 111.881 60.0 为 0
111.881 112.194 60.0 了 0
112.194 112.506 60.0 爱 0
112.506 112.819 60.0 孤 0
112.819 113.131 58.0 军 0
113.131 113.444 56.0 奋 0
113.444 113.756 56.0 斗 0
113.756 114.38 53.0 - 1
114.588 114.9 60.0 早 0
114.9 115.212 63.0 就 0
115.212 115.524 63.0 吃 0
115.524 115.993 65.0 够 0
115.993 116.149 63.0 了 0
116.149 116.462 63.0 爱 0
116.462 116.774 65.0 情 0
116.774 117.087 63.0 的 0
117.087 117.399 65.0 - 0
117.399 118.337 60.0 苦 1
118.963 119.275 65.0 在 0
119.275 119.588 65.0 爱 0
119.588 119.9 65.0 中 0
119.9 120.213 65.0 失 0
120.213 120.525 63.0 落 0
120.525 120.838 60.0 的 0
120.838 121.15 63.0 人 0
121.15 121.463 63.0 到 0
121.463 121.775 65.0 处 0
121.775 122.088 60.0 有 0
122.088 122.4 58.0 - 1
122.429 122.742 58.0 而 0
122.742 123.054 56.0 我 0
123.054 123.367 56.0 不 0
123.367 123.679 56.0 是 0
123.679 123.992 55.0 最 0
123.992 124.304 56.0 后 0
124.304 124.929 55.0 一 0
124.929 125.867 53.0 个 1
126.47 126.782 67.0 爱 0
126.782 127.095 68.0 - 0
127.095 127.407 68.0 要 0
127.407 127.72 70.0 越 0
127.72 128.032 68.0 挫 0
128.032 128.345 67.0 越 0
128.345 128.657 65.0 - 0
128.657 129.595 65.0 勇 1
130.171 130.796 65.0 爱 0
130.796 131.108 65.0 要 0
131.108 131.421 63.0 肯 0
131.421 131.733 65.0 定 0
131.733 132.046 63.0 执 0
132.046 132.358 65.0 - 0
132.358 132.67 58.0 着 0
132.67 133.294 60.0 - 1
134.005 134.317 58.0 每 0
134.317 134.63 58.0 一 0
134.63 134.942 58.0 个 0
134.942 135.255 58.0 单 0
135.255 135.567 56.0 身 0
135.567 135.88 58.0 的 0
135.88 136.192 60.0 人 0
136.192 136.505 60.0 得 0
136.505 136.817 60.0 看 0
136.817 137.13 65.0 透 1
137.554 137.867 60.0 想 0
137.867 138.492 68.0 爱 0
138.492 138.804 68.0 就 0
138.804 139.117 68.0 别 0
139.117 139.429 70.0 怕 0
139.429 139.742 68.0 伤 0
139.742 140.054 70.0 - 0
140.054 143.492 67.0 痛 1
144.284 144.597 60.0 找 0
144.597 144.909 65.0 一 0
144.909 145.222 67.0 个 0
145.222 145.534 67.0 最 0
145.534 145.847 68.0 爱 0
145.847 146.159 68.0 的 0
146.159 146.472 68.0 深 0
146.472 146.784 67.0 爱 0
146.784 147.097 65.0 的 0
147.097 147.409 67.0 想 0
147.409 147.722 67.0 爱 0
147.722 148.034 67.0 的 0
148.034 148.347 67.0 亲 0
148.347 148.659 65.0 爱 0
148.659 148.972 63.0 的 0
148.972 149.284 63.0 人 1
149.655 149.967 65.0 来 0
149.967 150.28 63.0 告 0
150.28 150.592 60.0 别 0
150.592 151.217 63.0 单 0
151.217 151.842 65.0 身 1
152.218 152.53 65.0 一 0
152.53 152.843 67.0 个 0
152.843 153.155 68.0 多 0
153.155 153.468 68.0 情 0
153.468 153.78 68.0 的 0
153.78 154.093 68.0 痴 0
154.093 154.405 67.0 情 0
154.405 154.718 65.0 的 0
154.718 155.03 67.0 绝 0
155.03 155.499 67.0 情 0
155.499 155.655 67.0 的 0
155.655 155.968 67.0 无 0
155.968 156.436 65.0 情 0
156.436 156.593 63.0 的 0
156.593 157.218 65.0 人 1
157.225 157.537 65.0 来 0
157.537 157.85 63.0 给 0
157.85 158.162 65.0 我 0
158.162 158.475 68.0 伤 0
158.475 159.725 65.0 痕 1
160.281 160.593 70.0 孤 0
160.593 160.906 70.0 单 0
160.906 161.218 70.0 的 0
161.218 161.531 70.0 人 0
161.531 161.843 68.0 那 0
161.843 162.156 65.0 么 0
162.156 163.406 65.0 多 1
164.056 164.368 70.0 快 0
164.368 164.681 70.0 乐 0
164.681 164.993 70.0 的 0
164.993 165.306 72.0 没 0
165.306 165.618 70.0 有 0
165.618 165.931 65.0 几 0
165.931 166.243 68.0 个 0
166.243 166.868 65.0 - 1
167.1 167.412 65.0 不 0
167.412 167.725 67.0 要 0
167.725 168.037 68.0 爱 0
168.037 168.35 68.0 过 0
168.35 168.662 68.0 了 0
168.662 168.975 68.0 错 0
168.975 169.287 67.0 过 0
169.287 169.6 65.0 了 0
169.6 169.912 67.0 留 0
169.912 170.225 67.0 下 0
170.225 170.537 67.0 了 0
170.537 170.85 67.0 单 0
170.85 171.162 65.0 身 0
171.162 171.475 63.0 的 0
171.475 171.787 63.0 我 1
172.181 172.493 65.0 独 0
172.493 172.806 63.0 自 0
172.806 173.118 65.0 唱 0
173.118 173.743 68.0 情 0
173.743 176.556 65.0 歌 0
177.181 179.056 67.0 哈 0
179.056 180.931 60.0 - 1
191.434 193.934 68.0 哈 0
193.934 199.559 72.0 - 1
202.365 202.678 61.0 找 0
202.678 202.99 66.0 一 0
202.99 203.303 68.0 个 0
203.303 203.615 69.0 最 0
203.615 203.928 69.0 爱 0
203.928 204.24 69.0 的 0
204.24 204.553 69.0 深 0
204.553 204.865 68.0 爱 0
204.865 205.178 66.0 的 0
205.178 205.49 68.0 想 0
205.49 205.803 68.0 爱 0
205.803 206.115 68.0 的 0
206.115 206.428 68.0 亲 0
206.428 206.74 66.0 爱 0
206.74 207.053 64.0 的 0
207.053 207.678 66.0 人 1
207.73 208.042 66.0 来 0
208.042 208.355 64.0 告 0
208.355 208.667 61.0 别 0
208.667 209.292 64.0 单 0
209.292 209.917 66.0 身 1
210.251 210.563 66.0 一 0
210.563 210.876 68.0 个 0
210.876 211.188 69.0 多 0
211.188 211.501 69.0 情 0
211.501 211.813 69.0 的 0
211.813 212.126 69.0 痴 0
212.126 212.438 68.0 情 0
212.438 212.751 66.0 的 0
212.751 213.063 66.0 绝 0
213.063 213.532 68.0 情 0
213.532 213.688 68.0 的 0
213.688 214.001 68.0 无 0
214.001 214.469 66.0 情 0
214.469 214.626 64.0 的 0
214.626 215.094 66.0 人 1
215.356 215.668 66.0 来 0
215.668 215.981 64.0 给 0
215.981 216.293 66.0 我 0
216.293 216.606 71.0 伤 0
216.606 216.918 69.0 - 0
216.918 218.168 66.0 痕 1
218.314 218.626 71.0 伤 0
218.626 218.939 71.0 心 0
218.939 219.251 71.0 的 0
219.251 219.564 71.0 人 0
219.564 219.876 69.0 那 0
219.876 220.189 66.0 么 0
220.189 221.439 66.0 多 1
222.147 222.459 71.0 我 0
222.459 222.772 71.0 应 0
222.772 223.084 71.0 该 0
223.084 223.397 73.0 勇 0
223.397 224.022 71.0 - 0
224.022 224.334 71.0 敢 0
224.334 224.647 66.0 地 0
224.647 224.959 69.0 过 0
224.959 225.272 66.0 - 1
225.355 225.667 66.0 不 0
225.667 225.98 68.0 要 0
225.98 226.292 69.0 爱 0
226.292 226.605 69.0 过 0
226.605 226.917 69.0 了 0
226.917 227.23 69.0 错 0
227.23 227.542 68.0 过 0
227.542 227.855 66.0 了 0
227.855 228.167 68.0 留 0
228.167 228.48 68.0 下 0
228.48 228.792 68.0 了 0
228.792 229.105 68.0 单 0
229.105 229.417 66.0 身 0
229.417 229.73 64.0 的 0
229.73 230.12 66.0 我 1
230.211 230.523 66.0 独 0
230.523 230.836 64.0 自 0
230.836 231.148 66.0 唱 0
231.148 231.771 69.0 情 0
231.771 232.391 66.0 歌 1
232.759 233.069 66.0 这 0
233.069 233.38 68.0 首 0
233.38 233.693 69.0 真 0
233.693 234.007 69.0 心 0
234.007 234.321 69.0 的 0
234.321 234.634 69.0 痴 0
234.634 234.948 68.0 心 0
234.948 235.262 66.0 的 0
235.262 235.574 68.0 伤 0
235.574 235.887 68.0 心 0
235.887 236.199 68.0 的 1
236.276 236.589 68.0 单 0
236.589 236.901 66.0 身 0
236.901 237.214 64.0 情 0
237.214 237.526 66.0 歌 0
237.839 238.151 66.0 谁 0
238.151 238.464 64.0 与 0
238.464 238.776 66.0 我 0
238.776 239.089 69.0 来 0
239.089 239.714 69.0 - 0
239.714 242.839 66.0 合 1
244.08 247.205 71.0 啊 0
247.205 254.08 66.0 - 1
