24.249 24.636 55.0 看 0
24.64 25.025 53.0 住 0
25.029 25.65 52.0 时 0
25.654 26.484 60.0 间 1
26.58 26.994 60.0 别 0
26.997 27.202 60.0 - 0
27.205 27.827 60.0 让 0
27.83 28.244 55.0 它 0
28.247 28.66 55.0 再 0
28.664 29.077 57.0 流 0
29.08 30.327 57.0 - 1
30.739 31.152 59.0 从 0
31.156 31.569 60.0 - 0
31.572 32.819 59.0 前 1
33.379 33.792 62.0 太 0
33.796 34.209 62.0 适 0
34.212 34.626 64.0 应 0
34.629 35.042 65.0 悲 0
35.046 36.709 64.0 伤 1
37.394 37.599 60.0 你 0
37.602 38.015 62.0 - 0
38.019 38.224 64.0 的 0
38.227 38.64 64.0 出 0
38.644 39.057 64.0 现 0
39.06 39.474 64.0 在 0
39.477 39.89 65.0 无 0
39.894 41.14 62.0 意 1
41.466 41.671 59.0 却 0
41.674 42.088 62.0 - 0
42.091 42.504 62.0 深 0
42.508 42.921 62.0 深 0
42.924 43.338 64.0 撼 0
43.341 44.796 61.0 动 1
44.896 45.309 65.0 一 0
45.312 45.726 64.0 - 0
45.729 45.934 62.0 起 0
45.937 46.559 60.0 走 0
46.562 46.976 60.0 着 0
46.979 47.392 57.0 没 0
47.396 47.601 59.0 说 0
47.604 48.226 60.0 什 1
48.315 48.728 60.0 心 0
48.732 49.145 60.0 - 0
49.148 49.562 60.0 是 0
49.565 49.978 59.0 满 0
49.982 50.812 55.0 足 1
50.874 51.287 55.0 这 0
51.291 51.704 52.0 - 0
51.707 52.121 52.0 个 0
52.124 52.537 60.0 世 0
52.541 53.371 60.0 - 0
53.382 53.795 60.0 界 1
53.799 54.212 59.0 随 0
54.215 54.629 57.0 时 0
54.632 55.045 55.0 都 0
55.049 55.879 55.0 要 0
55.882 57.129 57.0 崩 1
57.382 57.795 59.0 我 0
57.798 58.212 60.0 - 0
58.215 59.253 59.0 没 1
59.926 60.339 62.0 其 0
60.342 60.756 62.0 - 0
60.759 61.172 64.0 它 0
61.176 61.589 65.0 的 0
61.592 63.256 64.0 愿 1
64.129 64.543 60.0 假 0
64.546 64.751 62.0 如 0
64.754 64.959 64.0 明 0
64.963 65.376 64.0 天 0
65.379 65.793 64.0 将 0
65.796 66.209 64.0 消 0
66.213 66.626 65.0 失 0
66.629 67.876 62.0 了 1
68.027 68.232 60.0 趁 0
68.235 68.648 69.0 - 0
68.652 69.065 67.0 现 0
69.068 69.482 64.0 在 0
69.485 69.898 62.0 我 0
69.902 71.148 61.0 爱 1
71.599 72.013 65.0 只 0
72.016 72.429 64.0 - 0
72.433 72.638 62.0 想 0
72.641 73.054 60.0 记 0
73.266 73.679 67.0 被 0
73.683 74.096 64.0 - 0
74.099 74.304 62.0 你 0
74.308 74.929 60.0 抱 0
75.012 75.425 68.0 着 1
75.428 75.842 67.0 温 0
75.845 76.258 65.0 热 0
76.262 76.675 67.0 的 0
76.678 78.342 67.0 感 1
78.718 78.923 55.0 Lo 0
78.926 79.131 55.0 - 0
79.134 79.548 60.0 ve's 0
79.551 79.964 62.0 beau 0
79.968 81.631 64.0 ti 1
82.079 82.492 62.0 so 0
82.496 83.742 65.0 - 0
83.746 83.951 64.0 beau 0
83.954 84.159 62.0 - 0
84.162 85.409 60.0 ti 1
85.483 85.897 60.0 我 0
85.9 86.313 65.0 - 0
86.317 86.73 67.0 失 0
86.733 87.98 69.0 去 1
88.218 88.84 71.0 更 0
88.843 89.048 69.0 - 0
89.051 89.881 67.0 珍 0
89.885 90.298 65.0 惜 0
90.301 91.756 67.0 拥 1
92.798 93.212 67.0 多 0
93.215 93.628 65.0 - 0
93.632 94.045 67.0 庆 0
94.048 94.462 65.0 幸 0
94.465 94.878 64.0 我 0
94.882 95.92 62.0 是 1
96.165 96.578 69.0 被 0
96.581 96.995 67.0 - 0
96.998 97.411 69.0 你 0
97.415 97.828 67.0 疼 0
97.831 98.245 65.0 爱 0
98.248 99.495 64.0 的 0
99.547 99.752 62.0 我 1
99.755 99.96 64.0 紧 0
99.964 100.377 65.0 紧 0
100.38 100.794 64.0 牵 0
100.797 101.21 62.0 住 0
101.214 101.627 60.0 的 0
101.675 102.089 67.0 手 1
102.092 102.505 64.0 不 0
102.509 102.922 62.0 要 0
102.925 103.339 60.0 放 0
103.395 103.808 68.0 手 1
103.812 104.225 67.0 永 0
104.228 104.433 65.0 远 0
104.437 105.058 67.0 守 0
105.062 105.475 67.0 护 0
105.484 105.689 55.0 我 1
105.693 105.898 55.0 ve's 0
105.901 106.314 60.0 - 0
106.318 106.731 62.0 ti 0
106.734 108.398 64.0 - 1
108.787 109.2 62.0 so 0
109.203 110.45 65.0 beau 0
110.453 110.658 64.0 - 0
110.662 110.867 62.0 ti 0
110.87 112.117 60.0 ful 1
112.142 112.555 60.0 我 0
112.559 112.972 65.0 很 0
112.975 113.389 67.0 快 0
113.392 114.639 69.0 乐 1
114.995 115.408 71.0 你 0
115.411 115.825 69.0 会 0
115.828 116.658 67.0 了 0
116.661 117.075 65.0 解 0
117.078 118.533 67.0 我 1
119.473 119.886 67.0 我 0
119.89 120.303 65.0 - 0
120.306 120.72 67.0 不 0
120.723 121.136 65.0 会 0
121.14 121.553 64.0 再 0
121.556 122.595 62.0 哭 1
122.939 123.353 69.0 是 0
123.356 123.769 67.0 因 0
123.773 124.186 69.0 为 0
124.189 124.603 67.0 我 0
124.606 125.019 65.0 相 0
125.023 126.269 64.0 信 1
126.293 126.498 62.0 我 0
126.501 126.706 64.0 们 0
126.709 127.123 65.0 勇 0
127.126 127.539 64.0 敢 0
127.543 127.956 62.0 的 0
127.959 128.164 60.0 爱 0
128.168 128.581 60.0 着 1
128.678 128.883 55.0 每 0
128.886 129.299 60.0 - 0
129.303 129.924 62.0 秒 0
129.979 130.392 65.0 钟 1
130.395 130.809 64.0 都 0
130.812 131.225 62.0 能 0
131.229 131.642 60.0 证 0
131.645 132.059 60.0 明 0
132.062 132.475 59.0 一 0
132.479 132.892 57.0 生 0
132.895 133.309 59.0 的 0
133.312 134.975 60.0 美 1
135.75 136.163 55.0 这 0
136.167 136.58 53.0 - 0
136.583 136.997 52.0 个 0
137.0 137.413 60.0 世 0
137.417 138.038 60.0 - 1
138.229 138.642 60.0 随 0
138.646 139.059 60.0 - 0
139.062 139.684 60.0 时 0
139.687 140.101 55.0 都 0
140.104 140.726 55.0 要 0
140.729 141.976 57.0 崩 1
142.384 142.797 59.0 我 0
142.8 143.214 60.0 - 0
143.217 144.464 59.0 没 1
144.937 145.35 62.0 其 0
145.353 145.767 62.0 - 0
145.77 146.183 64.0 它 0
146.187 146.6 65.0 的 0
146.603 148.267 64.0 愿 1
149.216 149.421 60.0 假 0
149.425 149.838 62.0 如 0
149.841 150.046 64.0 明 0
150.05 150.463 64.0 天 0
150.466 150.88 64.0 将 0
150.883 151.296 64.0 消 0
151.3 151.713 65.0 失 0
151.716 152.963 62.0 了 1
153.025 153.23 59.0 趁 0
153.233 153.646 69.0 - 0
153.65 154.063 67.0 现 0
154.066 154.688 64.0 在 0
154.691 155.105 62.0 我 0
155.108 156.355 61.0 爱 1
156.736 157.15 65.0 只 0
157.153 157.566 64.0 想 0
157.57 157.775 62.0 记 0
157.778 158.4 60.0 得 0
158.403 158.816 67.0 被 0
158.82 159.233 64.0 你 0
159.236 159.441 62.0 抱 0
159.445 160.066 60.0 着 1
160.074 160.487 68.0 温 0
160.49 160.904 67.0 热 0
160.907 161.32 65.0 的 0
161.324 161.737 67.0 感 0
161.74 163.404 67.0 受 1
163.7 163.905 55.0 Lo 0
163.908 164.113 55.0 - 0
164.116 164.53 60.0 ve's 0
164.533 164.946 62.0 beau 0
164.95 166.613 64.0 ti 1
167.039 167.452 62.0 so 0
167.456 168.702 65.0 beau 0
168.706 168.911 64.0 - 0
168.914 169.119 62.0 ti 0
169.122 170.369 60.0 ful 1
170.468 170.882 60.0 我 0
170.885 171.298 65.0 失 0
171.302 171.715 67.0 去 0
171.718 172.965 69.0 过 1
173.29 173.703 71.0 更 0
173.707 174.12 69.0 - 0
174.123 174.953 67.0 珍 0
174.957 175.37 65.0 惜 0
175.373 176.828 67.0 拥 1
177.934 178.348 67.0 多 0
178.351 178.764 65.0 - 0
178.768 179.181 67.0 庆 0
179.184 179.598 65.0 幸 0
179.601 180.014 64.0 我 0
180.018 181.056 62.0 是 1
181.174 181.587 69.0 被 0
181.59 182.004 67.0 - 0
182.007 182.42 69.0 你 0
182.424 182.837 67.0 疼 0
182.84 183.254 65.0 爱 0
183.257 184.504 64.0 的 0
184.574 184.779 62.0 我 1
184.782 184.987 64.0 紧 0
184.991 185.404 65.0 紧 0
185.407 185.821 64.0 牵 0
185.824 186.029 62.0 住 0
186.032 186.654 60.0 的 1
186.729 187.143 67.0 不 0
187.146 187.559 64.0 要 0
187.563 187.768 62.0 放 0
187.771 188.393 60.0 手 1
188.395 188.808 68.0 永 0
188.812 189.225 67.0 远 0
189.228 189.433 65.0 守 0
189.437 190.058 67.0 护 0
190.062 190.475 67.0 我 1
191.549 193.213 72.0 啊 0
193.216 194.879 71.0 - 0
194.883 196.546 60.0 - 1
217.125 217.33 55.0 Lo 0
217.333 217.538 55.0 ve's 0
217.542 217.955 60.0 beau 0
217.958 218.372 62.0 ti 0
218.375 220.038 64.0 ful 1
220.383 220.797 62.0 so 0
220.8 222.047 65.0 - 0
222.05 222.255 64.0 beau 0
222.258 222.463 62.0 - 0
222.467 223.713 60.0 ti 1
223.822 224.235 60.0 我 0
224.238 224.652 65.0 失 0
224.655 225.068 67.0 去 0
225.072 226.318 69.0 过 1
226.605 227.019 71.0 更 0
227.022 227.435 69.0 - 0
227.439 227.852 67.0 珍 0
227.855 228.269 65.0 惜 0
228.272 230.144 67.0 拥 1
231.314 231.727 67.0 多 0
231.73 232.144 65.0 庆 0
232.147 232.56 67.0 幸 0
232.564 232.977 65.0 我 0
232.98 233.394 64.0 是 0
233.397 234.435 62.0 我 1
234.502 234.915 69.0 被 0
234.919 235.332 67.0 - 0
235.335 235.749 69.0 你 0
235.752 236.165 67.0 疼 0
236.169 236.582 65.0 爱 0
236.585 237.832 64.0 的 0
237.847 238.052 62.0 我 1
238.056 238.261 64.0 紧 0
238.264 238.677 65.0 紧 0
238.681 239.094 64.0 牵 0
239.097 239.302 62.0 住 0
239.306 239.927 60.0 的 0
240.025 240.438 67.0 手 1
240.441 240.855 64.0 不 0
240.858 241.063 62.0 要 0
241.066 241.688 60.0 放 0
241.712 242.126 68.0 手 1
242.129 242.542 67.0 永 0
242.546 242.959 65.0 远 0
242.962 243.376 67.0 守 0
243.379 243.792 67.0 护 1
244.208 245.455 72.0 Love's 0
245.458 246.288 74.0 beau 0
246.292 246.705 67.0 ti 0
246.708 248.372 68.0 ful 1
248.754 249.375 69.0 so 0
249.379 250.0 64.0 beau 0
250.004 250.417 62.0 ti 0
250.42 252.084 60.0 ful 1
253.268 253.89 71.0 你 0
253.893 254.098 72.0 - 0
254.101 254.515 74.0 会 0
254.518 255.348 76.0 了 0
255.351 257.431 67.0 解 1
257.835 258.249 67.0 我 0
258.252 258.665 65.0 - 0
258.669 259.082 67.0 不 0
259.085 259.499 65.0 会 0
259.502 259.915 64.0 再 0
259.919 260.957 62.0 哭 1
261.295 261.708 69.0 是 0
261.711 262.125 67.0 因 0
262.128 262.541 69.0 为 0
262.545 262.958 67.0 我 0
262.961 263.375 65.0 相 0
263.378 264.625 64.0 信 1
264.656 264.861 62.0 我 0
264.864 265.069 64.0 们 0
265.073 265.486 65.0 勇 0
265.489 265.903 64.0 敢 0
265.906 266.319 65.0 的 0
266.323 266.736 67.0 爱 0
266.739 267.153 67.0 着 1
267.168 267.373 60.0 每 0
267.377 267.582 62.0 - 0
267.585 267.79 64.0 秒 1
268.239 268.652 65.0 都 0
268.656 269.069 64.0 - 0
269.072 269.277 62.0 能 0
269.281 269.694 60.0 证 0
269.906 270.319 60.0 一 0
270.322 270.736 59.0 - 0
270.739 270.944 57.0 生 0
270.947 271.569 59.0 的 0
271.572 273.236 60.0 美 1
273.779 274.192 67.0 Lo 0
274.195 274.609 62.0 ves 0
274.82 275.025 62.0 be 0
275.029 275.234 62.0 au 0
275.237 275.442 60.0 ti 0
275.445 277.525 64.0 ful 1
277.817 278.231 62.0 so 0
278.234 279.064 65.0 - 0
279.067 279.481 67.0 - 0
279.484 279.897 74.0 beau 0
279.901 283.231 72.0 ti 0
