21.142 21.401 54.0 萨 0
21.401 21.659 56.0 日 0
21.659 22.176 56.0 朗 0
22.176 22.694 63.0 花 0
22.694 23.211 63.0 开 0
23.211 23.728 58.0 一 0
23.728 23.987 54.0 朵 0
23.987 24.763 56.0 朵 1
25.3 25.558 56.0 那 0
25.558 25.817 61.0 - 0
25.817 26.076 61.0 是 0
26.076 26.334 56.0 草 0
26.334 26.593 66.0 原 0
26.593 26.852 66.0 燃 0
26.852 27.11 63.0 - 0
27.11 27.369 61.0 烧 0
27.369 28.921 63.0 的 1
29.558 29.816 63.0 是 0
29.816 30.334 68.0 - 0
30.334 30.592 66.0 谁 0
30.592 31.11 68.0 在 0
31.11 31.497 63.0 马 0
31.497 31.627 63.0 背 0
31.627 32.144 63.0 上 0
32.144 32.403 56.0 唱 0
32.403 32.661 59.0 情 0
32.661 33.178 61.0 - 1
33.688 33.946 61.0 点 0
33.946 34.464 61.0 - 0
34.464 34.722 63.0 燃 0
34.722 35.239 66.0 了 0
35.239 35.757 66.0 心 0
35.757 36.533 58.0 中 0
36.533 36.791 54.0 爱 0
36.791 37.308 56.0 的 1
37.838 38.096 56.0 红 0
38.096 38.613 56.0 红 0
38.613 38.872 56.0 的 0
38.872 39.389 63.0 篝 0
39.389 39.907 63.0 火 0
39.907 40.424 58.0 一 0
40.424 40.682 54.0 朵 0
40.682 41.458 56.0 朵 1
41.938 42.196 56.0 那 0
42.196 42.455 61.0 是 0
42.455 42.713 61.0 恋 0
42.713 42.972 56.0 人 0
42.972 43.231 68.0 深 0
43.231 43.489 66.0 - 0
43.489 43.748 63.0 情 0
43.748 44.007 61.0 的 0
44.007 45.558 63.0 火 1
45.985 46.244 63.0 柔 0
46.244 46.761 68.0 - 0
46.761 47.02 66.0 柔 0
47.02 47.537 68.0 的 0
47.537 47.783 63.0 叫 0
47.799 48.054 63.0 一 0
48.054 48.306 63.0 声 0
48.306 48.572 56.0 好 0
48.572 48.83 56.0 - 0
48.83 49.089 59.0 哥 0
49.089 49.606 61.0 - 1
50.251 50.51 61.0 羞 0
50.51 51.027 61.0 得 0
51.027 51.286 63.0 那 0
51.286 51.803 66.0 月 0
51.803 52.32 66.0 亮 0
52.32 52.57 59.0 云 0
52.57 53.096 58.0 - 0
53.096 53.355 54.0 后 0
53.355 54.389 56.0 躲 1
58.472 58.99 68.0 火 0
58.99 59.377 68.0 - 0
59.377 59.507 63.0 火 0
59.507 59.765 68.0 的 0
59.765 60.541 71.0 眼 0
60.541 60.8 66.0 神 0
60.8 61.058 68.0 火 0
61.058 61.317 63.0 - 0
61.317 61.576 66.0 火 0
61.576 62.352 68.0 的 1
62.558 63.075 61.0 火 0
63.075 63.463 61.0 火 0
63.463 63.593 63.0 的 0
63.593 63.851 66.0 情 0
63.851 64.11 68.0 - 0
64.11 64.627 70.0 歌 0
64.627 64.886 68.0 唱 0
64.886 65.144 66.0 - 0
65.144 65.403 63.0 天 0
65.403 65.662 61.0 - 0
65.662 66.179 63.0 籁 1
66.771 67.288 68.0 快 0
67.288 67.547 68.0 - 0
67.547 67.806 63.0 乐 0
67.806 68.064 68.0 - 0
68.064 68.581 71.0 装 0
68.581 68.84 71.0 满 0
68.84 69.091 71.0 了 0
69.091 69.357 68.0 银 0
69.357 69.616 68.0 - 0
69.616 69.875 71.0 酒 0
69.875 70.65 73.0 - 1
70.888 71.147 73.0 绵 0
71.147 71.276 73.0 - 0
71.276 71.405 73.0 绵 0
71.405 71.664 73.0 的 0
71.664 71.923 75.0 情 0
71.923 72.181 66.0 意 0
72.181 72.44 63.0 醉 0
72.44 72.698 66.0 在 0
72.698 72.957 68.0 心 0
72.957 74.509 68.0 窝 1
74.946 75.463 68.0 火 0
75.463 75.851 68.0 - 0
75.851 75.98 63.0 火 0
75.98 76.239 68.0 的 0
76.239 77.015 71.0 草 0
77.015 77.274 66.0 原 0
77.274 77.532 68.0 火 0
77.532 77.791 63.0 - 0
77.791 78.049 66.0 火 0
78.049 78.825 68.0 的 1
79.211 79.728 61.0 火 0
79.728 80.116 61.0 火 0
80.116 80.245 63.0 的 0
80.245 80.504 66.0 喜 0
80.504 80.763 68.0 - 0
80.763 81.28 70.0 讯 0
81.28 81.539 68.0 传 0
81.539 81.797 66.0 - 0
81.797 82.056 63.0 的 0
82.056 82.314 61.0 - 0
82.314 82.832 63.0 快 1
83.372 83.889 68.0 幸 0
83.889 84.148 68.0 - 0
84.148 84.406 63.0 福 0
84.406 84.665 68.0 - 0
84.665 85.182 71.0 装 0
85.182 85.441 71.0 满 0
85.441 85.705 71.0 了 0
85.705 85.958 68.0 勒 0
85.958 86.217 68.0 - 0
86.217 86.475 71.0 勒 0
86.475 87.251 73.0 - 1
87.466 87.724 72.0 红 0
87.724 87.854 73.0 红 0
87.854 87.983 73.0 的 0
87.983 88.242 73.0 日 0
88.242 88.5 75.0 子 0
88.5 88.759 66.0 火 0
88.759 89.017 63.0 - 0
89.017 89.276 66.0 火 0
89.276 89.535 68.0 的 0
89.535 91.086 68.0 过 1
108.012 108.271 54.0 萨 0
108.271 108.53 56.0 - 0
108.53 109.047 56.0 日 0
109.047 109.564 63.0 朗 0
109.564 110.081 63.0 花 0
110.081 110.599 58.0 开 0
110.599 110.857 54.0 一 0
110.857 111.633 56.0 朵 1
112.296 112.555 56.0 那 0
112.555 112.814 61.0 是 0
112.814 113.072 61.0 草 0
113.072 113.331 56.0 原 0
113.331 113.589 66.0 燃 0
113.589 113.848 66.0 - 0
113.848 114.107 63.0 烧 0
114.107 114.365 61.0 的 0
114.365 115.917 63.0 火 1
116.291 116.55 63.0 是 0
116.55 117.067 68.0 - 0
117.067 117.326 66.0 谁 0
117.326 117.843 68.0 在 0
117.843 118.231 63.0 马 0
118.231 118.36 63.0 背 0
118.36 118.877 63.0 上 0
118.877 119.136 56.0 唱 0
119.136 119.395 59.0 情 0
119.395 119.912 61.0 - 1
120.501 120.76 61.0 点 0
120.76 121.277 61.0 - 0
121.277 121.536 63.0 燃 0
121.536 122.053 66.0 了 0
122.053 122.57 66.0 心 0
122.57 123.346 58.0 中 0
123.346 123.605 54.0 爱 0
123.605 124.122 56.0 的 1
124.723 124.982 56.0 红 0
124.982 125.499 56.0 红 0
125.499 125.758 56.0 的 0
125.758 126.275 63.0 篝 0
126.275 126.792 63.0 火 0
126.792 127.309 58.0 一 0
127.309 127.568 54.0 朵 0
127.568 128.344 56.0 朵 1
128.85 129.109 56.0 那 0
129.109 129.367 61.0 是 0
129.367 129.626 61.0 恋 0
129.626 129.885 56.0 人 0
129.885 130.143 68.0 深 0
130.143 130.402 66.0 - 0
130.402 130.66 63.0 情 0
130.66 130.919 61.0 的 0
130.919 132.471 63.0 火 1
132.927 133.186 63.0 柔 0
133.186 133.703 68.0 - 0
133.703 133.961 66.0 柔 0
133.961 134.479 68.0 的 0
134.479 134.738 63.0 叫 0
134.741 134.996 63.0 一 0
134.996 135.513 63.0 声 0
135.513 135.772 56.0 好 0
135.772 136.03 59.0 哥 0
136.03 136.548 61.0 - 1
136.977 137.236 61.0 羞 0
137.236 137.753 61.0 - 0
137.753 138.011 63.0 得 0
138.011 138.529 66.0 那 0
138.529 139.046 66.0 月 0
139.046 139.822 58.0 亮 0
139.822 140.08 54.0 云 0
140.08 141.115 56.0 后 1
145.308 145.825 68.0 火 0
145.825 146.213 68.0 - 0
146.213 146.342 63.0 火 0
146.342 146.601 68.0 的 0
146.601 147.377 71.0 眼 0
147.377 147.635 66.0 神 0
147.635 147.894 68.0 火 0
147.894 148.153 63.0 - 0
148.153 148.411 66.0 火 0
148.411 149.187 68.0 的 1
149.553 150.07 61.0 火 0
150.07 150.458 61.0 火 0
150.458 150.587 63.0 的 0
150.587 150.846 66.0 情 0
150.846 151.104 68.0 - 0
151.104 151.622 70.0 歌 0
151.622 151.88 66.0 唱 0
151.88 152.139 66.0 - 0
152.139 152.398 63.0 天 0
152.398 152.656 61.0 - 0
152.656 153.173 63.0 籁 1
153.704 153.902 66.0 快 0
153.902 154.221 68.0 - 0
154.221 154.479 68.0 乐 0
154.479 154.738 63.0 - 0
154.738 154.997 68.0 装 0
154.997 155.514 71.0 满 0
155.514 155.773 71.0 了 0
155.773 156.29 71.0 银 0
156.29 156.548 68.0 酒 0
156.548 156.807 71.0 - 0
156.807 157.583 73.0 杯 1
157.826 158.084 71.0 绵 0
158.084 158.213 73.0 绵 0
158.213 158.343 73.0 的 0
158.343 158.601 73.0 情 0
158.601 158.86 75.0 意 0
158.86 159.119 66.0 醉 0
159.119 159.377 63.0 在 0
159.377 159.636 66.0 心 0
159.636 159.895 68.0 窝 0
159.895 161.446 68.0 窝 1
161.935 162.453 68.0 火 0
162.453 162.841 68.0 - 0
162.841 162.97 63.0 火 0
162.97 163.229 68.0 的 0
163.229 164.004 71.0 草 0
164.004 164.263 66.0 原 0
164.263 164.522 66.0 火 0
164.522 164.78 63.0 - 0
164.78 165.039 66.0 火 0
165.039 165.815 68.0 的 1
165.954 166.472 61.0 火 0
166.472 166.86 61.0 - 0
166.86 166.989 63.0 火 0
166.989 167.248 66.0 的 0
167.248 167.506 68.0 喜 0
167.506 168.023 70.0 - 0
168.023 168.282 68.0 讯 0
168.282 168.541 66.0 传 0
168.541 168.799 63.0 - 0
168.799 169.058 61.0 的 0
169.058 169.575 63.0 - 1
170.207 170.725 68.0 幸 0
170.725 170.983 68.0 福 0
170.983 171.242 63.0 - 0
171.242 171.5 68.0 装 0
171.5 172.018 71.0 满 0
172.018 172.276 71.0 了 0
172.276 172.528 71.0 勒 0
172.528 172.794 68.0 - 0
172.794 173.052 68.0 勒 0
173.052 173.311 71.0 - 0
173.311 174.087 73.0 车 1
174.377 174.636 73.0 红 0
174.636 174.765 73.0 红 0
174.765 174.895 73.0 的 0
174.895 175.153 73.0 日 0
175.153 175.412 75.0 子 0
175.412 175.67 66.0 火 0
175.67 175.929 63.0 - 0
175.929 176.188 66.0 火 0
176.188 176.446 68.0 的 0
176.446 177.998 68.0 过 1
178.366 178.883 68.0 火 0
178.883 179.271 68.0 火 0
179.271 179.401 63.0 的 0
179.401 179.659 68.0 眼 0
179.659 180.435 71.0 神 0
180.435 180.694 66.0 火 0
180.694 180.952 68.0 - 0
180.952 181.211 63.0 火 0
181.211 181.47 66.0 的 0
181.47 182.246 68.0 爱 1
182.538 183.055 61.0 火 0
183.055 183.443 61.0 - 0
183.443 183.573 63.0 火 0
183.573 183.831 66.0 - 0
183.831 184.09 68.0 情 0
184.09 184.607 70.0 - 0
184.607 184.866 68.0 歌 0
184.866 185.124 66.0 唱 0
185.124 185.383 63.0 - 0
185.383 185.642 61.0 天 0
185.642 186.159 63.0 - 1
186.75 187.267 68.0 快 0
187.267 187.526 68.0 乐 0
187.526 187.785 63.0 - 0
187.785 188.043 68.0 装 0
188.043 188.56 71.0 满 0
188.56 188.819 71.0 了 0
188.819 189.074 71.0 银 0
189.074 189.336 68.0 - 0
189.336 189.595 68.0 酒 0
189.595 189.853 71.0 - 0
189.853 190.629 73.0 杯 1
190.953 191.212 73.0 绵 0
191.212 191.341 73.0 绵 0
191.341 191.47 73.0 的 0
191.47 191.729 73.0 情 0
191.729 191.987 75.0 意 0
191.987 192.246 66.0 醉 0
192.246 192.505 63.0 在 0
192.505 192.763 66.0 心 0
192.763 193.022 68.0 窝 0
193.022 194.574 68.0 窝 1
195.036 195.553 68.0 火 0
195.553 195.941 68.0 火 0
195.941 196.07 63.0 的 0
196.07 196.329 68.0 草 0
196.329 197.105 71.0 原 0
197.105 197.363 66.0 火 0
197.363 197.622 68.0 - 0
197.622 197.881 63.0 火 0
197.881 198.139 66.0 的 0
198.139 198.915 68.0 爱 1
199.208 199.725 61.0 火 0
199.725 200.113 61.0 火 0
200.113 200.242 63.0 喜 0
200.242 200.501 66.0 - 0
200.501 200.76 68.0 - 0
200.76 201.277 70.0 讯 0
201.277 201.535 68.0 传 0
201.535 201.794 66.0 - 0
201.794 202.053 63.0 的 0
202.053 202.311 61.0 - 0
202.311 202.829 63.0 快 1
203.338 203.855 68.0 幸 0
203.855 204.114 68.0 - 0
204.114 204.372 63.0 福 0
204.372 204.631 68.0 - 0
204.631 205.148 71.0 装 0
205.148 205.407 71.0 满 0
205.407 205.652 71.0 了 0
205.652 205.924 68.0 勒 0
205.924 206.183 68.0 - 0
206.183 206.441 71.0 勒 0
206.441 207.217 73.0 - 1
207.517 207.775 71.0 红 0
207.775 207.905 73.0 红 0
207.905 208.034 73.0 的 0
208.034 208.293 73.0 日 0
208.293 208.551 75.0 子 0
208.551 208.81 63.0 火 0
208.81 209.068 63.0 - 0
209.068 209.327 66.0 火 0
209.327 209.586 68.0 的 0
209.586 211.137 68.0 过 1
