22.608 22.837 59.0 如 0
22.839 23.068 59.0 - 0
23.069 23.414 66.0 果 0
23.416 23.76 64.0 因 0
23.762 23.991 62.0 为 0
23.993 24.51 64.0 寂 1
26.35 26.579 61.0 请 0
26.581 26.81 61.0 - 0
26.812 27.098 61.0 别 0
27.119 27.444 59.0 来 0
27.504 27.733 57.0 找 0
27.735 28.137 59.0 - 1
30.025 30.253 59.0 只 0
30.255 30.484 59.0 - 0
30.486 30.773 66.0 因 0
30.832 31.176 71.0 很 0
31.178 31.407 66.0 - 0
31.409 31.811 64.0 脆 1
33.711 33.882 69.0 也 0
33.942 34.113 69.0 - 0
34.172 34.459 69.0 怕 0
34.519 34.805 71.0 迷 0
34.865 35.094 73.0 失 0
35.095 35.382 66.0 自 1
37.814 38.1 66.0 别 0
38.16 38.504 64.0 - 0
38.506 38.735 62.0 再 0
38.737 39.196 64.0 难 1
41.039 41.211 61.0 至 0
41.27 41.441 61.0 少 0
41.501 41.788 61.0 曾 0
41.905 42.153 57.0 经 0
42.193 42.307 57.0 拥 0
42.424 43.23 59.0 有 1
45.21 45.555 66.0 我 0
45.614 45.958 71.0 - 0
45.96 46.362 66.0 会 0
46.364 47.401 64.0 记 1
48.568 48.797 61.0 你 0
48.799 48.912 61.0 我 0
49.03 49.374 61.0 - 0
49.376 49.72 62.0 的 0
49.722 50.182 67.0 快 0
50.183 51.797 66.0 乐 1
52.278 52.68 54.0 离 0
52.74 53.2 62.0 开 0
53.201 53.661 61.0 我 1
53.667 53.896 62.0 心 0
53.898 54.127 62.0 - 0
54.129 54.357 59.0 会 0
54.359 54.588 62.0 很 0
54.59 54.819 62.0 痛 0
54.821 55.05 62.0 心 0
55.052 55.28 59.0 会 0
55.282 55.454 62.0 很 0
55.513 55.742 64.0 一 0
55.744 55.973 64.0 - 0
55.975 56.204 62.0 痛 0
56.205 56.896 64.0 再 1
57.249 57.42 69.0 你 0
57.48 57.651 69.0 - 0
57.711 57.882 69.0 会 0
57.942 58.113 64.0 难 0
58.172 58.344 69.0 过 0
58.403 58.574 69.0 你 0
58.634 58.863 69.0 会 0
58.865 59.036 64.0 脆 0
59.095 59.267 66.0 弱 0
59.326 59.555 64.0 忍 0
59.557 59.728 62.0 受 0
59.788 60.594 66.0 折 1
60.962 61.421 67.0 爱 0
61.423 61.537 64.0 - 0
61.654 62.402 64.0 我 0
62.808 63.44 69.0 爱 0
63.5 64.248 62.0 - 1
64.368 64.597 59.0 就 0
64.599 64.828 67.0 - 0
64.83 65.059 66.0 不 0
65.06 65.289 64.0 要 0
65.291 65.52 62.0 给 0
65.522 65.751 61.0 我 0
65.753 65.982 62.0 随 0
65.984 66.212 61.0 便 0
66.214 67.078 66.0 承 1
67.271 67.5 54.0 离 0
67.502 67.962 62.0 开 0
67.964 68.423 61.0 你 1
68.452 68.681 62.0 心 0
68.683 68.912 62.0 会 0
68.914 69.143 59.0 很 0
69.145 69.373 62.0 痛 0
69.375 69.604 62.0 心 0
69.606 69.835 62.0 会 0
69.837 70.066 59.0 很 0
70.068 70.239 62.0 痛 0
70.298 70.527 64.0 一 0
70.529 70.758 64.0 痛 0
70.76 70.989 62.0 再 0
70.991 71.681 64.0 痛 1
72.037 72.208 69.0 也 0
72.267 72.438 69.0 - 0
72.498 72.669 69.0 会 0
72.729 72.9 64.0 难 0
72.96 73.131 69.0 过 0
73.19 73.362 69.0 也 0
73.421 73.65 69.0 会 0
73.652 73.823 64.0 脆 0
73.883 74.054 66.0 弱 0
74.113 74.342 64.0 忍 0
74.344 74.515 62.0 受 0
74.575 75.381 66.0 折 1
75.683 76.315 67.0 爱 0
76.375 77.123 64.0 你 0
77.529 77.989 69.0 爱 0
77.99 78.162 66.0 - 0
78.221 78.969 62.0 你 1
79.194 79.423 59.0 就 0
79.425 79.654 67.0 - 0
79.656 79.885 66.0 把 0
79.887 80.115 64.0 你 0
80.117 80.577 61.0 留 0
80.579 80.808 62.0 在 0
80.81 81.039 61.0 记 0
81.04 81.904 59.0 忆 1
103.968 104.196 59.0 如 0
104.198 104.427 59.0 果 0
104.429 104.773 66.0 因 0
104.775 105.12 64.0 为 0
105.121 105.35 62.0 寂 0
105.352 106.793 64.0 寞 1
107.55 107.779 61.0 请 0
107.781 108.01 61.0 - 0
108.011 108.298 61.0 别 0
108.319 108.644 59.0 再 0
108.704 108.933 57.0 来 0
108.935 109.336 59.0 找 1
111.321 111.55 59.0 只 0
111.552 111.781 59.0 因 0
111.783 112.069 66.0 心 0
112.129 112.473 71.0 很 0
112.475 112.704 66.0 脆 0
112.706 113.915 64.0 弱 1
114.959 115.13 69.0 也 0
115.189 115.36 69.0 怕 0
115.42 115.707 69.0 迷 0
115.766 116.053 71.0 失 0
116.112 116.341 73.0 自 0
116.343 116.63 66.0 我 1
119.061 119.348 66.0 别 0
119.408 119.752 64.0 - 0
119.754 119.983 62.0 再 0
119.984 120.444 64.0 难 1
122.439 122.61 61.0 至 0
122.67 122.841 61.0 曾 0
122.901 123.187 61.0 - 0
123.305 123.553 57.0 经 0
123.593 123.706 57.0 有 0
123.824 124.63 59.0 - 1
126.415 126.759 66.0 我 0
126.819 127.163 71.0 - 0
127.165 127.567 66.0 会 0
127.569 128.605 64.0 记 1
129.736 129.965 61.0 你 0
129.967 130.08 61.0 - 0
130.197 130.542 61.0 我 0
130.543 130.888 62.0 - 0
130.89 131.349 67.0 的 0
131.351 132.965 66.0 快 1
133.455 133.857 54.0 离 0
133.917 134.376 62.0 - 0
134.378 134.838 61.0 开 0
134.852 135.081 62.0 我 1
135.082 135.311 62.0 心 0
135.313 135.542 59.0 会 0
135.544 135.773 62.0 很 0
135.775 136.004 62.0 痛 0
136.006 136.234 62.0 心 0
136.236 136.465 59.0 会 0
136.467 136.638 62.0 很 0
136.698 136.927 64.0 一 0
136.929 137.157 64.0 - 0
137.159 137.388 62.0 痛 0
137.39 138.081 64.0 再 1
138.475 138.646 69.0 你 0
138.706 138.877 69.0 - 0
138.937 139.108 69.0 会 0
139.167 139.338 64.0 难 0
139.398 139.569 69.0 过 0
139.629 139.8 69.0 你 0
139.86 140.088 69.0 会 0
140.09 140.262 64.0 脆 0
140.321 140.492 66.0 弱 0
140.552 140.781 64.0 忍 0
140.783 140.954 62.0 受 0
141.013 141.819 66.0 折 1
142.249 142.709 67.0 爱 0
142.711 142.824 64.0 - 0
142.942 143.69 64.0 我 0
144.095 144.728 69.0 爱 0
144.788 145.536 62.0 我 1
145.584 145.813 59.0 就 0
145.815 146.043 67.0 - 0
146.045 146.274 66.0 不 0
146.276 146.505 64.0 要 0
146.507 146.736 62.0 给 0
146.738 146.966 61.0 我 0
146.968 147.197 62.0 随 0
147.199 147.428 61.0 便 0
147.43 148.293 66.0 承 1
148.44 148.669 54.0 离 0
148.671 149.13 62.0 - 0
149.132 149.592 61.0 开 1
149.677 149.906 62.0 心 0
149.908 150.136 62.0 会 0
150.138 150.367 59.0 很 0
150.369 150.598 62.0 痛 0
150.6 150.829 62.0 心 0
150.831 151.06 62.0 会 0
151.061 151.29 59.0 很 0
151.292 151.463 62.0 痛 0
151.523 151.752 64.0 一 0
151.754 151.983 64.0 痛 0
151.985 152.213 62.0 再 0
152.215 152.906 64.0 痛 1
153.224 153.395 69.0 也 0
153.455 153.626 69.0 - 0
153.686 153.857 69.0 会 0
153.916 154.088 64.0 难 0
154.147 154.318 69.0 过 0
154.378 154.549 69.0 也 0
154.609 154.838 69.0 会 0
154.84 155.011 64.0 脆 0
155.07 155.241 66.0 弱 0
155.301 155.53 64.0 忍 0
155.532 155.703 62.0 受 0
155.763 156.568 66.0 折 1
156.996 157.629 67.0 爱 0
157.689 158.437 64.0 你 0
158.843 159.302 69.0 爱 0
159.304 159.475 66.0 - 0
159.535 160.283 62.0 你 1
160.339 160.568 59.0 就 0
160.57 160.799 67.0 - 0
160.801 161.029 66.0 把 0
161.031 161.26 64.0 你 0
161.262 161.722 61.0 留 0
161.724 161.952 62.0 在 0
161.954 162.183 61.0 记 0
162.185 163.049 59.0 忆 1
164.263 164.492 62.0 心 0
164.494 164.723 62.0 - 0
164.725 164.953 59.0 会 0
164.955 165.184 62.0 很 0
165.186 165.415 62.0 痛 0
165.417 165.646 62.0 心 0
165.648 165.877 59.0 会 0
165.878 166.05 62.0 很 0
166.109 166.338 64.0 痛 0
166.34 166.569 64.0 一 0
166.571 166.8 62.0 痛 0
166.802 167.492 64.0 再 1
168.102 168.274 69.0 你 0
168.333 168.504 69.0 会 0
168.564 168.735 69.0 难 0
168.795 168.966 64.0 过 0
169.025 169.197 69.0 你 0
169.256 169.427 69.0 会 0
169.487 169.716 69.0 脆 0
169.718 169.889 64.0 弱 0
169.949 170.12 66.0 忍 0
170.179 170.408 64.0 受 0
170.41 170.581 62.0 折 0
170.641 171.447 66.0 磨 1
171.803 172.435 67.0 爱 0
172.495 173.243 64.0 我 0
173.649 174.108 69.0 爱 0
174.341 175.089 62.0 我 1
175.283 175.512 59.0 就 0
175.514 175.743 67.0 - 0
175.745 175.974 66.0 不 0
175.976 176.204 64.0 要 0
176.206 176.435 62.0 给 0
176.437 176.666 61.0 我 0
176.668 176.897 62.0 随 0
176.899 177.127 61.0 便 0
177.129 177.993 66.0 承 1
178.034 178.263 54.0 离 0
178.265 178.725 62.0 - 0
178.727 179.186 61.0 开 0
179.192 179.421 62.0 你 1
179.423 179.652 62.0 心 0
179.654 179.883 59.0 会 0
179.885 180.113 62.0 很 0
180.115 180.344 62.0 痛 0
180.346 180.575 62.0 心 0
180.577 180.806 59.0 会 0
180.808 180.979 62.0 很 0
181.038 181.267 64.0 一 0
181.269 181.498 64.0 - 0
181.5 181.729 62.0 痛 0
181.731 182.421 64.0 再 1
182.737 182.908 69.0 也 0
182.967 183.139 69.0 - 0
183.198 183.369 69.0 会 0
183.429 183.6 64.0 难 0
183.66 183.831 69.0 过 0
183.89 184.062 69.0 也 0
184.121 184.35 69.0 会 0
184.352 184.523 64.0 脆 0
184.583 184.754 66.0 弱 0
184.814 185.042 64.0 忍 0
185.044 185.215 62.0 受 0
185.275 186.081 66.0 折 1
186.583 187.216 67.0 爱 0
187.275 188.023 64.0 你 0
188.429 188.889 69.0 爱 0
188.891 189.062 66.0 - 0
189.121 189.869 62.0 你 1
190.018 190.247 59.0 就 0
190.249 190.478 67.0 把 0
190.48 190.709 66.0 你 0
190.711 190.94 64.0 留 0
190.942 191.401 61.0 在 0
191.403 191.632 62.0 记 0
191.634 191.863 61.0 忆 0
191.865 192.728 59.0 里 1
193.972 194.604 67.0 爱 0
194.664 195.412 64.0 你 0
195.818 196.277 69.0 爱 0
196.279 196.45 66.0 - 0
196.51 197.258 62.0 你 1
197.264 197.493 59.0 就 0
197.495 197.724 67.0 - 0
197.726 197.954 66.0 把 0
197.956 198.185 64.0 你 0
198.187 198.647 61.0 留 0
198.649 198.878 62.0 在 0
198.879 199.108 61.0 记 0
199.11 199.974 59.0 忆 0
