24.373 24.711 61.0 久 0
24.713 25.052 61.0 别 0
25.054 25.392 61.0 的 0
25.395 25.733 61.0 人 0
25.736 26.415 61.0 谁 0
26.418 26.756 63.0 不 0
26.759 27.097 65.0 - 0
27.1 27.438 63.0 盼 0
27.441 28.12 61.0 - 0
28.123 28.461 58.0 重 0
28.463 29.483 56.0 逢 1
29.793 30.131 65.0 重 0
30.134 30.472 68.0 逢 0
30.475 30.813 68.0 就 0
30.816 31.154 68.0 怕 0
31.157 31.495 68.0 日 0
31.498 31.836 65.0 - 0
31.839 32.177 70.0 匆 0
32.179 32.518 72.0 - 0
32.52 34.819 68.0 匆 1
35.159 35.497 65.0 忙 0
35.5 35.838 68.0 不 0
35.84 36.179 68.0 完 0
36.181 36.519 68.0 的 0
36.522 37.031 68.0 旧 0
37.204 37.542 70.0 情 0
37.545 37.883 72.0 - 0
37.886 38.224 70.0 续 0
38.227 38.565 68.0 不 0
38.568 38.906 68.0 完 0
38.909 39.247 70.0 的 0
39.25 39.929 61.0 梦 1
40.691 41.029 61.0 快 0
41.032 41.37 63.0 刀 0
41.373 41.711 63.0 难 0
41.714 42.052 65.0 断 0
42.055 42.393 68.0 藕 0
42.396 42.734 65.0 - 0
42.737 43.075 63.0 丝 0
43.078 43.416 61.0 - 0
43.418 45.717 63.0 情 1
46.032 46.37 61.0 你 0
46.373 46.711 61.0 可 0
46.714 47.052 61.0 记 0
47.054 47.393 61.0 得 0
47.395 48.074 61.0 那 0
48.077 48.415 63.0 个 0
48.418 48.756 65.0 - 0
48.759 49.097 63.0 霜 0
49.1 49.779 61.0 - 0
49.782 50.12 58.0 冷 0
50.123 51.143 56.0 日 1
51.49 51.828 65.0 你 0
51.831 52.169 68.0 可 0
52.172 52.51 68.0 记 0
52.513 52.851 68.0 得 0
52.854 53.192 68.0 那 0
53.195 53.533 65.0 阵 0
53.536 53.874 70.0 木 0
53.877 54.215 72.0 鱼 0
54.218 56.516 68.0 声 1
56.993 57.331 65.0 情 0
57.334 57.672 68.0 侣 0
57.675 58.013 68.0 走 0
58.016 58.354 70.0 - 0
58.356 59.035 70.0 尽 0
59.038 59.717 70.0 - 0
59.72 60.058 70.0 天 0
60.061 60.399 68.0 - 0
60.402 60.74 68.0 涯 0
60.743 61.081 70.0 - 0
61.084 61.933 61.0 路 1
62.47 62.808 63.0 双 0
62.811 63.149 63.0 眸 0
63.152 63.49 63.0 痴 0
63.493 63.831 65.0 痴 0
63.834 64.172 63.0 伴 0
64.175 64.513 61.0 - 0
64.516 64.854 61.0 孤 0
64.857 65.195 58.0 - 0
65.198 66.899 61.0 灯 0
67.925 72.013 61.0 噜 0
72.016 78.32 61.0 - 1
78.856 79.535 68.0 久 0
79.538 79.876 68.0 别 0
79.879 80.217 70.0 的 0
80.22 80.813 73.0 人 0
80.901 81.325 73.0 - 0
81.583 81.921 70.0 盼 0
81.924 82.262 68.0 - 0
82.265 82.603 68.0 重 0
82.606 82.944 70.0 - 0
82.947 83.882 61.0 逢 1
84.336 84.674 65.0 重 0
84.676 84.844 68.0 逢 0
85.017 85.355 68.0 就 0
85.358 85.696 70.0 怕 0
85.699 86.208 73.0 日 0
86.381 86.719 70.0 匆 0
86.722 87.06 68.0 - 0
87.063 89.105 68.0 匆 1
89.815 90.153 68.0 情 0
90.156 90.324 68.0 丝 0
90.497 90.835 68.0 正 0
90.838 91.091 70.0 - 0
91.179 91.858 73.0 像 0
91.861 92.369 73.0 - 0
92.542 92.88 70.0 藕 0
92.883 93.221 68.0 丝 0
93.224 93.392 68.0 织 0
93.565 93.903 68.0 缆 0
93.906 94.841 61.0 绳 1
95.287 95.625 63.0 拴 0
95.628 95.88 63.0 住 0
95.968 96.307 63.0 日 0
96.309 96.477 65.0 光 0
96.65 96.988 65.0 和 0
96.991 97.244 65.0 - 0
97.332 97.67 63.0 月 0
97.673 97.841 61.0 - 0
98.014 100.568 63.0 影 1
100.664 101.343 68.0 久 0
101.346 101.684 68.0 别 0
101.687 102.025 70.0 的 0
102.028 102.622 73.0 人 0
102.71 103.133 73.0 - 0
103.391 103.73 70.0 盼 0
103.732 104.07 68.0 - 0
104.073 104.411 68.0 重 0
104.414 104.752 70.0 - 0
104.755 105.69 61.0 逢 1
106.065 106.403 65.0 重 0
106.406 106.573 68.0 逢 0
106.747 107.085 68.0 就 0
107.087 107.425 70.0 怕 0
107.428 107.937 73.0 日 0
108.11 108.448 70.0 匆 0
108.451 108.789 68.0 - 0
108.792 110.835 68.0 匆 1
111.525 111.863 68.0 情 0
111.866 112.034 68.0 丝 0
112.207 112.545 68.0 正 0
112.548 112.801 70.0 - 0
112.889 113.568 73.0 像 0
113.571 114.079 73.0 - 0
114.253 114.591 70.0 藕 0
114.593 114.931 68.0 丝 0
114.934 115.102 68.0 织 0
115.275 115.613 68.0 缆 0
115.616 116.551 61.0 绳 1
117.058 117.396 63.0 拴 0
117.399 117.652 63.0 住 0
117.74 118.078 63.0 日 0
118.081 118.248 65.0 光 0
118.421 118.759 63.0 和 0
118.762 118.93 61.0 - 0
119.103 119.441 61.0 月 0
119.444 119.612 58.0 - 0
119.785 122.595 61.0 影 1
144.203 144.541 61.0 怎 0
144.543 144.881 61.0 能 0
144.884 145.222 61.0 忘 0
145.225 145.563 61.0 记 0
145.566 146.245 61.0 夏 0
146.248 146.586 63.0 夜 0
146.589 146.927 65.0 - 0
146.93 147.268 63.0 听 0
147.271 147.95 61.0 - 0
147.953 148.291 58.0 蝉 0
148.293 149.313 56.0 鸣 1
149.648 149.986 65.0 怎 0
149.989 150.327 68.0 能 0
150.33 150.668 68.0 忘 0
150.671 151.009 68.0 记 0
151.012 151.35 68.0 冬 0
151.353 151.691 65.0 晨 0
151.694 152.032 70.0 踏 0
152.034 152.372 72.0 雪 0
152.375 154.674 68.0 行 1
155.249 155.587 65.0 雪 0
155.59 155.928 68.0 一 0
155.93 156.268 68.0 样 0
156.271 156.609 68.0 的 0
156.612 157.121 68.0 童 0
157.294 157.632 70.0 心 0
157.635 157.973 73.0 - 0
157.976 158.314 70.0 虹 0
158.317 158.655 68.0 一 0
158.658 158.996 68.0 样 0
158.999 159.337 70.0 的 0
159.34 160.018 61.0 梦 1
160.681 161.019 61.0 怎 0
161.022 161.36 63.0 知 0
161.363 161.701 63.0 情 0
161.704 162.042 65.0 海 0
162.045 162.383 68.0 浪 0
162.386 162.724 65.0 - 0
162.727 163.065 63.0 难 0
163.068 163.406 61.0 - 0
163.408 165.707 63.0 平 1
166.192 166.53 61.0 你 0
166.533 166.871 61.0 可 0
166.874 167.212 61.0 知 0
167.214 167.552 61.0 那 0
167.555 168.234 61.0 岁 0
168.237 168.575 63.0 月 0
168.578 168.916 65.0 - 0
168.919 169.257 63.0 摧 0
169.26 169.939 61.0 - 0
169.942 170.28 58.0 人 0
170.283 171.302 56.0 老 1
171.633 171.971 65.0 熬 0
171.974 172.312 68.0 了 0
172.315 172.653 68.0 多 0
172.656 172.994 68.0 少 0
172.997 173.335 68.0 日 0
173.338 173.676 65.0 昏 0
173.679 174.017 70.0 月 0
174.02 174.358 72.0 朦 0
174.361 176.659 68.0 胧 1
176.973 177.311 65.0 寻 0
177.314 177.652 68.0 情 0
177.655 177.993 68.0 不 0
177.996 178.334 70.0 - 0
178.336 179.015 73.0 认 0
179.018 179.697 70.0 - 0
179.7 180.038 70.0 林 0
180.041 180.379 68.0 - 0
180.382 180.72 68.0 荫 0
180.723 181.061 70.0 - 0
181.064 181.913 61.0 路 1
182.543 182.881 63.0 叙 0
182.884 183.222 63.0 旧 0
183.225 183.563 63.0 难 0
183.566 183.904 65.0 找 0
183.907 184.245 63.0 鸳 0
184.248 184.586 61.0 - 0
184.589 184.927 61.0 鸯 0
184.93 185.268 58.0 - 0
185.271 186.972 61.0 亭 0
187.998 192.086 61.0 噜 0
192.089 198.393 61.0 - 1
198.77 199.452 68.0 久 0
199.455 199.793 68.0 别 0
199.796 200.134 70.0 的 0
200.136 200.73 73.0 人 0
200.818 201.242 73.0 - 0
201.5 201.838 70.0 盼 0
201.841 202.179 68.0 - 0
202.182 202.52 68.0 重 0
202.523 202.861 70.0 - 0
202.864 203.798 61.0 逢 1
204.346 204.684 65.0 重 0
204.687 204.855 68.0 逢 0
205.028 205.366 68.0 就 0
205.369 205.707 70.0 怕 0
205.707 206.218 73.0 日 0
206.392 206.73 70.0 匆 0
206.733 207.071 70.0 - 0
207.074 209.116 68.0 匆 1
209.653 209.991 68.0 一 0
209.994 210.161 68.0 次 0
210.335 210.673 68.0 次 0
210.676 210.928 70.0 离 0
211.017 212.207 73.0 别 0
212.38 212.718 70.0 一 0
212.721 213.059 68.0 次 0
213.062 213.23 68.0 次 0
213.403 213.741 70.0 重 0
213.744 214.678 61.0 逢 1
215.243 215.581 63.0 路 0
215.584 215.837 63.0 也 0
215.925 216.263 63.0 漫 0
216.266 216.434 65.0 漫 0
216.604 216.945 68.0 雾 0
216.948 217.201 65.0 也 0
217.289 217.627 63.0 朦 0
217.63 217.797 61.0 - 0
217.971 220.525 63.0 朦 1
220.732 221.414 68.0 久 0
221.417 221.755 68.0 别 0
221.758 222.096 70.0 的 0
222.099 222.692 73.0 人 0
222.78 223.204 73.0 - 0
223.462 223.8 70.0 盼 0
223.803 224.141 68.0 - 0
224.144 224.482 68.0 重 0
224.485 224.823 70.0 - 0
224.826 225.761 61.0 逢 1
226.171 226.509 65.0 重 0
226.511 226.679 68.0 逢 0
226.852 227.19 68.0 就 0
227.193 227.531 70.0 怕 0
227.534 228.043 73.0 日 0
228.216 228.554 70.0 匆 0
228.557 228.895 70.0 - 0
228.898 230.94 68.0 匆 1
231.566 231.904 68.0 情 0
231.907 232.075 68.0 丝 0
232.248 232.586 68.0 正 0
232.589 232.842 70.0 - 0
232.93 233.609 73.0 像 0
233.612 234.12 73.0 - 0
234.293 234.631 70.0 藕 0
234.634 234.972 68.0 丝 0
234.975 235.143 68.0 织 0
235.316 235.654 68.0 缆 0
235.657 236.592 61.0 绳 1
237.03 237.368 63.0 雾 0
237.371 237.623 63.0 也 0
237.711 238.049 63.0 朦 0
238.052 238.22 65.0 朦 0
238.393 238.731 63.0 泪 0
238.734 238.902 61.0 也 0
239.075 239.413 61.0 朦 0
239.416 239.584 58.0 - 0
239.757 242.311 61.0 朦 1
242.477 242.815 61.0 雾 0
242.818 243.071 63.0 也 0
243.159 243.582 63.0 朦 0
243.585 244.009 65.0 朦 0
244.011 244.435 63.0 泪 0
244.523 244.776 61.0 也 0
244.864 245.372 61.0 朦 0
245.375 246.224 58.0 - 0
246.568 248.867 61.0 朦 1
