27.473 27.901 56.0 蓝 0
27.901 28.33 56.0 天 0
28.758 29.187 59.0 有 0
29.187 29.615 63.0 多 0
29.615 30.473 63.0 高 1
30.945 31.159 63.0 问 0
31.159 31.374 63.0 一 0
31.374 31.588 63.0 问 0
31.588 31.802 66.0 天 0
31.802 32.231 68.0 上 0
32.231 32.659 68.0 的 0
32.659 33.945 63.0 云 0
34.374 34.481 66.0 - 1
34.512 34.94 68.0 河 0
34.94 36.119 56.0 水 0
36.119 36.333 63.0 有 0
36.333 36.762 61.0 多 0
36.762 37.405 61.0 长 1
37.75 37.965 61.0 看 0
37.965 38.179 61.0 一 0
38.179 38.393 61.0 看 0
38.393 38.607 63.0 河 0
38.607 39.036 61.0 边 0
39.036 39.465 56.0 的 0
39.465 40.75 66.0 沙 1
41.216 41.644 63.0 远 0
41.644 42.287 68.0 方 0
42.287 42.502 63.0 - 0
42.502 42.93 63.0 的 0
42.93 43.359 68.0 爱 0
43.359 44.216 71.0 人 1
44.223 44.651 68.0 你 0
44.651 44.866 66.0 是 0
44.866 45.08 66.0 否 0
45.08 45.294 66.0 能 0
45.294 45.509 68.0 够 0
45.509 45.937 68.0 听 0
45.937 46.366 70.0 - 0
46.366 47.651 63.0 到 1
48.106 48.32 63.0 这 0
48.32 48.749 68.0 爱 0
48.749 48.963 71.0 的 0
48.963 49.392 66.0 思 0
49.392 49.82 66.0 念 0
49.82 50.035 63.0 流 0
50.035 50.463 68.0 淌 0
50.463 50.677 71.0 的 0
50.677 51.106 68.0 歌 0
51.106 51.535 63.0 - 0
51.535 53.249 61.0 谣 1
54.89 55.319 63.0 我 0
55.319 56.176 63.0 多 0
56.176 56.604 56.0 想 0
56.604 57.033 59.0 让 0
57.033 57.89 63.0 它 1
58.35 58.564 63.0 夜 0
58.564 58.778 63.0 夜 0
58.778 58.993 63.0 荡 0
58.993 59.207 66.0 漾 0
59.207 59.635 66.0 在 0
59.635 59.85 68.0 你 0
59.85 60.064 70.0 的 0
60.064 60.493 66.0 身 0
60.493 61.35 63.0 旁 1
61.847 62.062 68.0 让 0
62.062 62.49 68.0 它 0
62.49 62.704 68.0 的 0
62.704 63.133 68.0 舞 0
63.133 63.562 63.0 步 0
63.562 63.99 66.0 踩 0
63.99 64.419 71.0 着 0
64.419 64.847 73.0 月 0
64.847 65.276 75.0 - 0
65.276 68.276 73.0 光 1
68.673 68.888 73.0 把 0
68.888 69.316 75.0 我 0
69.316 69.531 66.0 的 0
69.531 69.959 66.0 梦 0
69.959 70.388 66.0 从 0
70.388 70.816 66.0 天 0
70.816 71.245 63.0 涯 1
72.152 72.366 63.0 牵 0
72.366 72.581 66.0 到 0
72.581 72.795 66.0 你 0
72.795 73.009 63.0 的 0
73.009 73.438 68.0 身 0
73.438 73.866 73.0 - 0
73.866 76.438 68.0 旁 1
96.03 96.459 56.0 蓝 0
96.459 96.887 56.0 天 0
97.316 97.744 59.0 有 0
97.744 98.173 63.0 多 0
98.173 99.03 63.0 蓝 1
99.453 99.667 63.0 问 0
99.667 99.881 63.0 一 0
99.881 100.095 63.0 问 0
100.095 100.31 66.0 无 0
100.31 100.738 68.0 边 0
100.738 101.167 68.0 的 0
101.167 101.595 66.0 海 0
101.595 102.453 63.0 - 1
102.913 103.342 68.0 河 0
103.342 103.77 68.0 水 0
104.199 104.627 56.0 有 0
104.627 105.056 63.0 多 0
105.056 105.913 61.0 清 1
106.361 106.575 61.0 看 0
106.575 106.789 61.0 一 0
106.789 107.004 61.0 看 0
107.004 107.218 63.0 眼 0
107.218 107.646 61.0 中 0
107.646 108.075 56.0 的 0
108.075 109.361 66.0 泪 1
109.851 110.28 63.0 远 0
110.28 110.923 68.0 方 0
110.923 111.137 63.0 - 0
111.137 111.566 63.0 的 0
111.566 111.994 71.0 爱 0
111.994 112.851 71.0 人 1
112.885 113.314 68.0 你 0
113.314 113.528 66.0 是 0
113.528 113.742 66.0 否 0
113.742 113.957 66.0 能 0
113.957 114.171 68.0 够 0
114.171 114.6 70.0 听 0
114.6 115.028 68.0 - 0
115.028 116.314 63.0 到 1
116.728 116.943 63.0 这 0
116.943 117.371 68.0 爱 0
117.371 117.586 71.0 的 0
117.586 118.014 68.0 思 0
118.014 118.443 63.0 念 0
118.443 118.657 63.0 流 0
118.657 119.086 68.0 淌 0
119.086 119.3 71.0 的 0
119.3 119.728 68.0 歌 0
119.728 120.157 66.0 - 0
120.157 121.871 61.0 谣 1
123.582 124.01 61.0 我 0
124.01 124.867 63.0 多 0
124.867 125.296 56.0 想 0
125.296 125.724 59.0 让 0
125.724 126.582 63.0 它 1
126.967 127.181 63.0 夜 0
127.181 127.396 63.0 夜 0
127.396 127.61 63.0 荡 0
127.61 127.824 66.0 漾 0
127.824 128.253 66.0 在 0
128.253 128.467 68.0 你 0
128.467 128.681 70.0 的 0
128.681 129.11 66.0 身 0
129.11 129.967 63.0 旁 1
130.378 130.592 68.0 让 0
130.592 131.021 68.0 它 0
131.021 131.235 71.0 的 0
131.235 131.663 68.0 舞 0
131.663 132.092 66.0 步 0
132.092 132.521 68.0 踩 0
132.521 132.949 71.0 着 0
132.949 133.378 73.0 月 0
133.378 133.806 75.0 - 0
133.806 136.806 73.0 光 1
137.347 137.561 73.0 把 0
137.561 137.99 75.0 我 0
137.99 138.204 66.0 的 0
138.204 138.633 66.0 梦 0
138.633 139.061 66.0 从 0
139.061 139.49 66.0 天 0
139.49 139.918 63.0 涯 1
140.591 140.806 63.0 牵 0
140.806 141.02 66.0 到 0
141.02 141.234 66.0 你 0
141.234 141.449 63.0 的 0
141.449 141.877 66.0 身 0
141.877 142.306 71.0 - 0
142.306 144.02 68.0 旁 1
144.05 144.264 66.0 远 0
144.264 144.693 68.0 - 0
144.693 144.907 66.0 方 0
144.907 145.121 68.0 - 0
145.121 145.336 63.0 - 0
145.336 145.764 63.0 的 0
145.764 146.193 71.0 爱 0
146.193 147.05 71.0 人 1
147.11 147.539 73.0 你 0
147.539 147.753 70.0 是 0
147.753 147.967 70.0 否 0
147.967 148.181 70.0 能 0
148.181 148.396 68.0 够 0
148.396 148.824 66.0 听 0
148.824 149.467 70.0 - 0
149.467 149.681 63.0 - 0
149.681 150.539 63.0 到 1
150.903 151.117 63.0 这 0
151.117 151.546 68.0 爱 0
151.546 151.76 71.0 的 0
151.76 152.189 68.0 思 0
152.189 152.617 66.0 念 0
152.617 152.832 63.0 流 0
152.832 153.26 68.0 淌 0
153.26 153.475 71.0 的 0
153.475 153.903 68.0 歌 0
153.903 154.332 63.0 - 0
154.332 156.367 61.0 谣 1
157.897 158.326 61.0 我 0
158.326 159.183 63.0 多 0
159.183 159.612 56.0 想 0
159.612 160.04 59.0 让 0
160.04 160.897 63.0 它 1
161.196 161.41 63.0 夜 0
161.41 161.624 63.0 夜 0
161.624 161.839 63.0 荡 0
161.839 162.053 66.0 漾 0
162.053 162.482 68.0 在 0
162.482 162.696 68.0 你 0
162.696 162.91 70.0 的 0
162.91 163.339 66.0 身 0
163.339 164.196 63.0 旁 1
164.708 164.923 68.0 让 0
164.923 165.351 68.0 它 0
165.351 165.566 71.0 的 0
165.566 165.994 68.0 舞 0
165.994 166.423 66.0 步 0
166.423 166.851 66.0 踩 0
166.851 167.28 71.0 着 0
167.28 167.708 73.0 月 0
167.708 168.137 75.0 - 0
168.137 171.137 73.0 光 1
171.468 171.682 73.0 把 0
171.682 172.11 75.0 我 0
172.11 172.325 66.0 的 0
172.325 172.753 66.0 梦 0
172.753 173.182 66.0 从 0
173.182 173.61 66.0 天 0
173.61 174.039 63.0 涯 1
174.893 175.107 63.0 牵 0
175.107 175.322 66.0 到 0
175.322 175.536 66.0 你 0
175.536 175.75 63.0 的 0
175.75 176.179 66.0 身 0
176.179 176.607 73.0 - 0
176.607 178.322 68.0 旁 1
178.326 178.754 66.0 牵 0
178.754 179.183 66.0 到 0
179.183 179.611 66.0 你 0
179.611 180.04 63.0 的 0
180.04 181.111 66.0 身 0
181.111 183.469 75.0 - 0
183.897 188.183 68.0 旁 1
