6.63 7.255 45.0 两 0
7.258 7.434 47.0 个 0
7.437 7.793 45.0 黄 0
7.796 8.152 47.0 鹂 0
8.155 8.527 45.0 鸣 0
8.53 8.905 54.0 翠 0
8.905 9.277 50.0 柳 1
9.776 10.148 42.0 你 0
10.151 10.523 50.0 还 0
10.526 10.898 50.0 没 0
10.901 11.273 47.0 有 0
11.276 11.648 42.0 女 0
11.652 12.024 47.0 朋 0
12.027 12.399 45.0 友 1
12.646 13.206 45.0 雌 0
13.209 13.393 47.0 雄 0
13.396 13.768 45.0 双 0
13.771 14.143 47.0 兔 0
14.146 14.518 50.0 傍 0
14.521 14.893 57.0 地 0
14.896 15.268 57.0 走 1
15.79 15.978 57.0 你 0
15.978 16.35 59.0 - 0
16.353 16.537 57.0 还 0
16.54 16.912 54.0 没 0
16.915 17.287 50.0 有 0
17.29 17.662 52.0 男 0
17.665 18.037 52.0 朋 0
18.04 18.412 52.0 友 1
18.827 19.387 45.0 一 0
19.39 19.574 47.0 江 0
19.577 19.949 45.0 春 0
19.952 20.324 47.0 风 0
20.327 20.699 45.0 向 0
20.702 21.074 54.0 东 0
21.077 21.449 50.0 流 1
21.704 22.079 42.0 你 0
22.082 22.456 50.0 还 0
22.459 22.832 50.0 没 0
22.835 23.209 47.0 有 0
23.212 23.585 42.0 男 0
23.588 23.962 47.0 朋 0
23.965 24.338 45.0 友 1
24.67 25.232 45.0 问 0
25.235 25.42 47.0 君 0
25.423 25.796 45.0 能 0
25.8 26.173 47.0 有 0
26.176 26.549 50.0 几 0
26.553 26.926 57.0 多 0
26.929 27.302 57.0 愁 1
27.807 28.366 59.0 你 0
28.37 28.554 57.0 还 0
28.557 28.929 54.0 没 0
28.932 29.307 50.0 有 0
29.307 29.679 52.0 女 0
29.682 30.054 52.0 朋 0
30.057 30.429 50.0 友 1
30.692 30.876 52.0 抽 0
30.88 31.251 54.0 - 0
31.255 31.439 54.0 刀 0
31.442 31.814 54.0 断 0
31.817 32.189 54.0 水 0
32.192 32.564 52.0 水 0
32.567 32.939 47.0 更 0
32.942 33.314 45.0 流 1
33.759 34.131 42.0 你 0
34.134 34.506 50.0 还 0
34.509 34.881 50.0 没 0
34.884 35.256 47.0 有 0
35.259 35.631 42.0 男 0
35.634 36.006 47.0 朋 0
36.009 36.381 45.0 友 1
36.844 37.028 52.0 举 0
37.032 37.403 54.0 - 0
37.407 37.591 54.0 杯 0
37.594 37.966 54.0 消 0
37.969 38.341 54.0 愁 0
38.344 38.716 57.0 愁 0
38.719 39.091 57.0 更 0
39.094 39.841 59.0 愁 1
39.852 40.411 59.0 你 0
40.415 40.599 57.0 还 0
40.602 40.974 54.0 没 0
40.977 41.349 50.0 有 0
41.352 41.724 52.0 女 0
41.727 42.099 52.0 朋 0
42.102 42.474 50.0 友 1
42.746 42.93 52.0 路 0
42.934 43.305 54.0 - 0
43.309 43.493 54.0 见 0
43.496 43.868 54.0 不 0
43.871 44.246 54.0 平 0
44.246 44.434 54.0 一 0
44.434 44.993 47.0 声 0
44.996 45.368 50.0 吼 1
45.434 45.806 50.0 啊 0
45.809 46.181 42.0 你 0
46.184 46.556 50.0 还 0
46.559 46.931 50.0 没 0
46.934 47.306 47.0 有 0
47.309 47.681 42.0 女 0
47.684 48.056 47.0 朋 0
48.059 48.431 45.0 友 1
48.783 48.967 52.0 此 0
48.971 49.342 54.0 - 0
49.346 49.53 54.0 曲 0
49.533 49.905 54.0 只 0
49.908 50.28 54.0 应 0
50.283 50.655 57.0 天 0
50.658 51.03 57.0 上 0
51.033 51.78 59.0 有 1
51.822 52.381 59.0 你 0
52.385 52.569 57.0 还 0
52.572 52.944 54.0 没 0
52.947 53.319 50.0 有 0
53.322 53.694 52.0 男 0
53.697 54.069 52.0 朋 0
54.072 54.444 50.0 友 1
54.802 54.986 58.0 我 0
54.99 55.361 59.0 - 0
55.365 55.549 57.0 也 0
55.552 55.924 54.0 是 0
55.927 56.299 50.0 条 1
56.314 57.811 52.0 单 1
57.839 58.398 53.0 身 0
58.402 59.336 54.0 - 1
59.341 60.838 50.0 狗 1
