27.465 27.67 56.0 走 0
27.67 27.875 59.0 在 0
27.875 28.286 61.0 彷 0
28.286 28.697 61.0 徨 0
28.697 28.903 61.0 的 0
28.903 29.519 59.0 路 0
29.524 30.341 61.0 上 0
30.677 30.883 61.0 我 0
30.883 31.088 64.0 - 0
31.088 31.499 61.0 的 0
31.499 31.91 59.0 心 0
31.91 32.317 56.0 情 0
32.321 32.732 54.0 暗 0
32.732 33.554 56.0 自 0
33.972 34.177 56.0 伤 0
34.177 34.383 59.0 多 0
34.383 34.794 54.0 少 0
34.794 35.205 54.0 快 0
35.205 35.41 54.0 乐 0
35.41 35.616 52.0 的 0
35.616 36.027 54.0 往 0
36.027 36.849 56.0 - 0
37.254 37.459 56.0 事 0
37.459 37.665 59.0 都 0
37.665 38.075 61.0 随 0
38.075 38.486 64.0 风 0
38.486 38.897 63.0 儿 0
38.897 39.308 59.0 去 0
39.308 40.336 61.0 远 0
41.105 41.516 66.0 方 0
41.516 41.927 66.0 说 0
41.927 42.133 66.0 好 0
42.133 42.338 64.0 不 0
42.338 42.749 66.0 悲 0
42.753 43.571 68.0 伤 0
43.996 44.201 68.0 为 0
44.201 44.407 66.0 - 0
44.407 44.818 64.0 何 0
44.818 45.229 64.0 泪 0
45.229 45.434 64.0 红 0
45.434 46.051 66.0 了 0
46.051 46.873 61.0 眼 0
47.174 47.585 68.0 眶 0
47.585 48.817 66.0 只 0
48.817 49.228 64.0 因 0
49.228 49.639 61.0 对 0
50.05 50.461 59.0 你 0
50.461 50.872 64.0 情 0
50.872 51.283 61.0 太 0
51.283 52.516 61.0 - 0
53.718 53.923 64.0 深 0
53.923 54.129 66.0 曾 0
54.129 54.54 68.0 经 0
54.54 54.951 68.0 相 0
54.951 55.148 68.0 爱 0
55.148 55.348 66.0 到 0
55.357 55.566 68.0 放 0
55.571 55.773 66.0 - 0
55.773 57.006 66.0 - 0
57.021 57.226 66.0 弃 0
57.226 57.432 68.0 如 0
57.432 57.842 64.0 果 0
57.842 58.048 61.0 继 0
58.048 58.253 61.0 续 0
58.253 58.459 61.0 也 0
58.459 58.664 61.0 没 0
58.664 58.87 59.0 有 0
58.87 59.897 61.0 意 0
60.334 60.54 64.0 义 0
60.54 60.745 66.0 曾 0
60.745 61.156 68.0 经 0
61.156 61.362 68.0 迷 0
61.362 61.567 68.0 失 0
61.567 61.773 68.0 了 0
61.778 61.976 66.0 我 0
61.976 62.187 68.0 自 0
62.191 62.389 66.0 - 0
62.389 63.211 66.0 - 0
63.686 63.891 66.0 己 0
63.891 64.097 68.0 我 0
64.097 64.508 64.0 会 0
64.508 64.919 61.0 离 0
64.919 65.124 64.0 开 0
65.124 65.741 66.0 你 0
65.745 66.563 68.0 远 0
66.933 67.138 64.0 去 0
67.138 67.344 66.0 走 0
67.344 67.96 68.0 到 0
67.96 68.576 71.0 海 0
68.582 69.398 68.0 角 0
69.398 70.015 66.0 天 0
70.183 70.389 66.0 边 0
70.389 70.594 68.0 刻 0
70.594 71.005 64.0 骨 0
71.005 71.416 61.0 铭 0
71.416 71.827 61.0 心 0
71.827 72.033 61.0 这 0
72.033 72.238 59.0 份 0
72.238 72.649 59.0 真 0
72.649 73.471 56.0 - 0
73.856 74.267 54.0 情 0
74.267 74.678 54.0 含 0
74.678 74.883 54.0 泪 0
74.883 75.294 52.0 默 0
75.294 75.705 54.0 默 0
75.705 76.322 56.0 哭 0
76.868 77.073 56.0 泣 0
77.073 77.279 59.0 下 0
77.279 78.1 61.0 定 0
78.1 79.333 64.0 决 0
79.744 79.95 63.0 心 0
79.95 80.361 61.0 忘 0
80.361 80.566 59.0 记 0
80.566 83.238 61.0 你 0
112.88 113.086 56.0 走 0
113.086 113.291 59.0 - 0
113.291 113.702 61.0 在 0
113.702 114.113 61.0 彷 0
114.113 114.319 61.0 徨 0
114.319 114.935 59.0 的 0
114.935 115.757 61.0 路 0
116.262 116.468 61.0 上 0
116.468 116.673 64.0 我 0
116.673 117.084 61.0 的 0
117.084 117.495 59.0 心 0
117.495 117.906 56.0 情 0
117.906 118.317 54.0 暗 0
118.317 119.139 56.0 自 0
119.625 119.83 56.0 伤 0
119.83 120.036 59.0 多 0
120.036 120.447 54.0 少 0
120.447 120.858 54.0 快 0
120.858 121.063 54.0 乐 0
121.063 121.269 52.0 的 0
121.269 121.68 54.0 往 0
121.68 122.501 56.0 事 0
122.867 123.073 56.0 都 0
123.073 123.278 59.0 随 0
123.278 123.689 61.0 风 0
123.689 124.1 64.0 儿 0
124.1 124.511 63.0 去 0
124.511 124.922 59.0 远 0
124.922 125.95 61.0 方 0
126.519 126.93 66.0 说 0
126.93 127.341 66.0 - 0
127.341 127.546 66.0 好 0
127.546 127.752 64.0 不 0
127.752 128.163 66.0 悲 0
128.167 128.985 68.0 伤 0
129.385 129.59 68.0 - 0
129.59 129.796 66.0 为 0
129.796 130.207 64.0 何 0
130.207 130.618 64.0 泪 0
130.618 130.823 64.0 红 0
130.823 131.44 66.0 了 0
131.44 132.261 61.0 眼 0
132.63 133.041 68.0 眶 0
133.041 134.274 66.0 只 0
134.274 134.685 64.0 因 0
134.685 135.096 61.0 对 0
135.507 135.918 59.0 你 0
135.923 136.329 64.0 情 0
136.329 136.74 61.0 太 0
136.74 137.973 61.0 - 0
139.231 139.436 64.0 深 0
139.436 139.642 66.0 曾 0
139.642 140.053 68.0 经 0
140.053 140.464 68.0 相 0
140.464 140.669 68.0 爱 0
140.669 141.074 68.0 到 0
141.083 141.286 66.0 放 0
141.286 142.313 66.0 - 0
142.51 142.716 66.0 弃 0
142.716 142.921 68.0 如 0
142.921 143.332 64.0 果 0
143.332 143.538 61.0 继 0
143.538 143.743 61.0 续 0
143.743 143.949 61.0 也 0
143.949 144.154 61.0 没 0
144.154 144.36 59.0 有 0
144.36 145.387 61.0 意 0
145.746 145.952 64.0 义 0
145.952 146.157 66.0 曾 0
146.161 146.568 68.0 经 0
146.568 146.773 68.0 迷 0
146.773 146.979 68.0 失 0
146.979 147.184 68.0 了 0
147.184 147.801 68.0 我 0
147.801 148.623 66.0 自 0
149.228 149.433 66.0 己 0
149.433 149.639 68.0 我 0
149.639 150.05 64.0 会 0
150.05 150.461 61.0 离 0
150.461 150.666 64.0 开 0
150.666 151.283 66.0 你 0
151.283 152.104 68.0 远 0
152.342 152.548 64.0 去 0
152.548 152.753 66.0 走 0
152.753 153.37 68.0 到 0
153.37 153.986 71.0 海 0
153.986 154.808 68.0 角 0
154.808 155.425 66.0 天 0
155.692 155.898 66.0 边 0
155.898 156.103 68.0 刻 0
156.103 156.514 64.0 骨 0
156.514 156.925 61.0 铭 0
156.925 157.336 61.0 心 0
157.336 157.541 61.0 这 0
157.541 157.747 59.0 份 0
157.747 158.158 59.0 真 0
158.158 159.185 56.0 - 0
159.325 159.736 54.0 情 0
159.736 160.147 54.0 含 0
160.147 160.352 54.0 泪 0
160.352 160.763 52.0 默 0
160.763 161.174 54.0 默 0
161.174 161.79 56.0 哭 0
162.316 162.522 56.0 泣 0
162.522 162.727 59.0 下 0
162.727 163.549 61.0 定 0
163.549 164.782 64.0 决 0
165.193 165.399 63.0 心 0
165.399 165.81 61.0 忘 0
165.81 166.015 59.0 记 0
166.015 168.686 61.0 你 0
172.233 172.439 64.0 曾 0
172.439 172.644 66.0 经 0
172.65 173.055 66.0 相 0
173.055 173.467 68.0 爱 0
173.467 173.672 68.0 到 0
173.672 174.083 68.0 放 0
174.083 174.289 66.0 - 0
174.289 175.111 66.0 弃 0
175.441 175.646 66.0 如 0
175.646 175.852 68.0 果 0
175.852 176.263 64.0 继 0
176.263 176.469 61.0 续 0
176.469 176.674 61.0 也 0
176.674 176.88 61.0 没 0
176.88 177.085 61.0 有 0
177.085 177.291 59.0 意 0
177.291 178.318 61.0 义 0
178.719 178.925 64.0 曾 0
178.925 179.13 66.0 - 0
179.13 179.541 68.0 经 0
179.541 179.747 68.0 迷 0
179.747 179.952 68.0 失 0
179.952 180.158 68.0 了 0
180.158 180.568 68.0 我 0
180.568 180.77 66.0 自 0
180.774 181.596 66.0 - 0
182.068 182.273 66.0 己 0
182.273 182.479 68.0 我 0
182.479 182.89 64.0 会 0
182.89 183.301 61.0 离 0
183.301 183.506 64.0 开 0
183.506 184.123 66.0 你 0
184.123 184.945 68.0 远 0
185.269 185.474 64.0 去 0
185.474 185.679 66.0 走 0
185.679 186.296 68.0 到 0
186.296 186.912 71.0 海 0
186.912 187.734 68.0 角 0
187.734 188.351 66.0 天 0
188.548 188.754 66.0 边 0
188.754 188.959 68.0 刻 0
188.959 189.37 64.0 骨 0
189.37 189.781 61.0 铭 0
189.781 190.192 61.0 心 0
190.192 190.397 61.0 这 0
190.397 190.603 59.0 份 0
190.603 191.014 59.0 真 0
191.014 192.041 56.0 - 0
192.322 192.733 54.0 情 0
192.733 193.144 54.0 含 0
193.144 193.349 54.0 泪 0
193.349 193.76 52.0 默 0
193.76 194.171 54.0 默 0
194.171 194.788 56.0 哭 0
195.153 195.358 56.0 泣 0
195.358 195.563 59.0 下 0
195.563 196.385 61.0 定 0
196.385 197.618 64.0 决 0
198.029 198.235 63.0 心 0
198.235 198.646 61.0 忘 0
198.646 198.851 59.0 记 0
198.851 202.139 61.0 你 0
