8.039 8.231 58.0 我 0
8.234 8.642 58.0 头 0
8.703 9.053 58.0 上 0
9.172 9.639 58.0 有 0
9.641 9.874 67.0 犄 0
9.876 10.401 63.0 角 1
11.737 11.97 58.0 我 0
11.972 12.321 58.0 身 0
12.441 12.791 58.0 后 0
12.91 13.377 58.0 有 0
13.379 13.611 60.0 尾 0
13.613 14.374 58.0 巴 1
15.726 16.135 58.0 谁 0
16.196 16.604 58.0 也 0
16.665 17.073 58.0 不 0
17.134 17.366 70.0 知 0
17.368 17.836 67.0 道 1
19.008 19.241 65.0 我 0
19.243 19.475 63.0 有 0
19.477 19.827 65.0 多 0
19.947 20.296 65.0 少 0
20.416 20.824 65.0 秘 0
20.885 21.352 63.0 - 0
21.354 22.231 65.0 密 1
23.009 23.241 58.0 我 0
23.243 23.593 58.0 头 0
23.712 24.121 58.0 上 0
24.182 24.59 58.0 有 0
24.651 24.883 67.0 犄 0
24.885 25.294 63.0 角 1
26.737 26.911 58.0 我 0
26.971 27.262 58.0 身 0
27.44 27.732 58.0 后 0
27.909 28.201 58.0 有 0
28.379 28.611 60.0 尾 0
28.613 29.315 58.0 巴 1
30.787 31.137 58.0 谁 0
31.256 31.548 58.0 也 0
31.725 32.017 58.0 不 0
32.195 32.427 70.0 知 0
32.429 33.014 67.0 道 1
34.078 34.311 65.0 我 0
34.313 34.487 63.0 有 0
34.547 34.838 65.0 多 0
35.016 35.307 65.0 少 1
35.471 35.938 65.0 秘 0
35.94 36.408 60.0 - 0
36.41 37.756 63.0 密 1
38.377 38.61 67.0 我 0
38.641 38.815 68.0 是 0
38.817 38.991 70.0 一 0
39.051 39.225 70.0 条 0
39.286 39.519 70.0 小 0
39.521 39.753 72.0 青 0
39.755 40.164 70.0 龙 1
42.015 42.306 63.0 我 0
42.308 42.423 65.0 有 0
42.455 42.57 67.0 许 0
42.689 42.805 67.0 多 0
42.924 43.156 67.0 小 0
43.158 43.391 70.0 秘 0
43.393 43.86 67.0 密 1
45.759 46.05 67.0 我 0
46.052 46.197 68.0 是 0
46.228 46.402 70.0 一 0
46.463 46.607 70.0 条 0
46.697 46.871 70.0 小 0
46.932 47.164 72.0 青 0
47.166 47.575 70.0 龙 1
49.589 49.821 63.0 我 0
49.882 49.997 65.0 有 0
50.029 50.203 67.0 许 0
50.263 50.437 67.0 多 0
50.498 50.73 67.0 小 0
50.732 50.965 70.0 秘 0
50.967 51.61 67.0 密 1
53.25 53.453 60.0 我 0
53.484 53.893 60.0 有 0
53.953 54.186 62.0 - 0
54.188 54.567 63.0 许 0
54.657 54.831 72.0 多 0
54.892 55.066 72.0 的 0
55.126 55.593 70.0 秘 0
55.595 56.062 68.0 - 0
56.064 56.649 65.0 密 1
57.088 57.379 67.0 就 0
57.41 57.496 68.0 不 0
57.527 57.76 70.0 告 0
57.762 57.995 72.0 诉 0
57.997 58.522 70.0 你 1
59.014 59.335 63.0 就 0
59.337 59.452 65.0 不 0
59.454 59.687 67.0 告 0
59.688 59.921 70.0 诉 0
59.923 60.39 67.0 你 1
60.836 61.068 60.0 就 0
61.07 61.537 60.0 不 0
61.539 61.772 63.0 - 0
61.774 62.241 62.0 告 0
62.243 62.71 60.0 诉 0
62.712 63.648 63.0 你 1
66.186 66.36 58.0 我 0
66.362 66.771 58.0 头 0
66.831 67.181 58.0 上 0
67.3 67.767 58.0 有 0
67.769 68.002 67.0 犄 0
68.004 68.53 63.0 角 1
69.924 70.157 58.0 我 0
70.159 70.509 58.0 身 0
70.628 70.978 58.0 后 0
71.097 71.564 58.0 有 0
71.566 71.799 60.0 尾 0
71.801 72.561 58.0 巴 1
73.97 74.378 58.0 谁 0
74.439 74.847 58.0 也 0
74.908 75.317 58.0 不 0
75.377 75.61 70.0 知 0
75.612 76.079 67.0 道 1
77.172 77.404 65.0 我 0
77.406 77.639 63.0 有 0
77.641 77.991 65.0 多 0
78.11 78.46 65.0 少 0
78.579 78.988 65.0 秘 0
79.048 79.515 60.0 - 0
79.517 80.395 65.0 密 1
81.291 81.524 58.0 我 0
81.526 81.876 58.0 头 0
81.995 82.403 58.0 上 0
82.464 82.872 58.0 有 0
82.933 83.166 67.0 犄 0
83.168 83.576 63.0 角 1
84.959 85.133 58.0 我 0
85.194 85.485 58.0 身 0
85.663 85.954 58.0 后 0
86.132 86.423 58.0 有 0
86.601 86.834 60.0 尾 0
86.836 87.537 58.0 巴 1
88.889 89.238 58.0 谁 0
89.358 89.649 58.0 也 0
89.827 90.118 58.0 不 0
90.296 90.529 70.0 知 0
90.53 91.115 67.0 道 1
92.218 92.451 65.0 我 0
92.453 92.627 63.0 有 0
92.687 92.979 65.0 多 0
93.157 93.448 65.0 少 1
93.62 94.087 65.0 秘 0
94.089 94.556 62.0 - 0
94.558 95.905 63.0 密 1
96.497 96.818 67.0 我 0
96.82 96.965 68.0 是 0
96.967 97.111 70.0 一 0
97.172 97.375 70.0 条 0
97.406 97.61 70.0 小 0
97.641 97.844 72.0 青 0
97.875 98.313 70.0 龙 1
100.184 100.476 63.0 我 0
100.478 100.652 65.0 有 0
100.653 100.769 67.0 许 0
100.888 101.003 67.0 多 0
101.123 101.355 67.0 小 0
101.357 101.59 70.0 秘 0
101.592 102.059 67.0 密 1
103.967 104.259 67.0 我 0
104.319 104.434 68.0 是 0
104.436 104.61 70.0 一 0
104.671 104.816 70.0 条 0
104.906 105.079 70.0 小 0
105.14 105.373 72.0 青 0
105.375 105.783 70.0 龙 1
107.758 107.991 63.0 我 0
108.051 108.167 65.0 有 0
108.227 108.401 67.0 许 0
108.462 108.636 67.0 多 0
108.696 108.929 67.0 小 0
108.931 109.164 70.0 秘 0
109.166 109.809 67.0 密 1
111.442 111.645 60.0 我 0
111.677 112.085 60.0 有 0
112.146 112.378 62.0 - 0
112.38 112.76 63.0 许 0
112.849 113.023 72.0 多 0
113.084 113.258 72.0 的 0
113.319 113.786 70.0 秘 0
113.788 114.255 67.0 - 0
114.257 114.841 65.0 密 1
115.277 115.568 67.0 就 0
115.6 115.715 68.0 不 0
115.717 115.949 70.0 告 0
115.951 116.184 72.0 诉 0
116.186 116.712 70.0 你 1
117.178 117.498 63.0 就 0
117.5 117.615 65.0 不 0
117.617 117.85 67.0 告 0
117.852 118.084 70.0 诉 0
118.086 118.554 67.0 你 1
118.936 119.169 60.0 就 0
119.171 119.638 60.0 不 0
119.64 119.872 63.0 - 0
119.874 120.341 62.0 告 0
120.343 120.81 60.0 诉 0
120.812 121.749 63.0 你 1
