27.748 27.977 58.0 莫 0
27.977 28.435 58.0 - 0
28.435 28.664 58.0 名 0
28.664 29.122 58.0 我 0
29.122 29.351 55.0 就 0
29.351 29.58 56.0 喜 0
29.58 30.267 58.0 欢 0
31.253 31.558 55.0 你 0
31.558 31.863 55.0 深 0
31.863 32.169 55.0 深 0
32.169 32.474 67.0 地 0
32.474 32.779 67.0 爱 0
32.779 33.085 65.0 上 0
33.085 33.543 63.0 了 0
34.812 35.041 60.0 你 0
35.041 35.499 67.0 没 0
35.499 35.728 68.0 有 0
35.728 36.186 60.0 理 0
36.873 37.102 67.0 由 0
37.102 37.789 68.0 没 0
37.789 38.476 60.0 有 0
38.476 38.705 63.0 原 0
38.705 39.621 65.0 - 0
42.167 42.47 58.0 因 0
42.47 42.773 58.0 莫 0
42.773 43.076 58.0 名 0
43.076 43.379 58.0 我 0
43.379 43.682 55.0 就 0
43.682 43.985 56.0 喜 0
43.985 44.44 58.0 欢 0
45.864 46.167 55.0 你 0
46.167 46.47 55.0 深 0
46.47 46.773 55.0 深 0
46.773 47.076 67.0 地 0
47.076 47.379 67.0 爱 0
47.379 47.682 65.0 上 0
47.682 48.137 63.0 了 0
49.319 49.547 60.0 你 0
49.547 49.85 67.0 从 0
49.85 50.153 68.0 见 0
50.153 50.456 60.0 到 0
51.137 51.365 60.0 你 0
51.365 52.047 67.0 的 0
52.047 52.274 68.0 那 0
52.274 52.956 60.0 一 0
52.956 53.183 63.0 天 0
53.183 54.092 65.0 起 0
60.154 60.382 58.0 你 0
60.382 60.685 67.0 - 0
60.685 60.836 65.0 知 0
60.836 61.139 67.0 道 0
61.139 61.291 65.0 我 0
61.291 61.404 65.0 在 0
61.404 61.745 67.0 等 0
61.745 62.654 67.0 你 0
63.772 63.999 58.0 吗 0
63.999 64.302 65.0 你 0
64.302 64.454 63.0 如 0
64.454 64.757 65.0 果 0
64.757 64.908 63.0 真 0
64.908 65.363 62.0 的 0
65.363 65.59 55.0 在 0
65.59 66.272 60.0 乎 0
67.39 67.617 60.0 我 0
67.617 67.92 67.0 又 0
67.92 68.072 67.0 怎 0
68.072 68.375 67.0 会 0
68.375 68.526 67.0 让 0
68.526 68.981 67.0 无 0
68.981 69.208 67.0 尽 0
69.208 69.89 67.0 的 0
69.89 70.345 68.0 夜 0
70.345 70.572 60.0 陪 0
70.572 71.026 63.0 我 0
71.026 71.69 65.0 度 0
74.645 74.872 58.0 过 0
74.872 75.175 67.0 你 0
75.175 75.326 67.0 知 0
75.326 75.629 67.0 道 0
75.629 75.837 67.0 我 0
75.837 76.291 67.0 在 0
76.291 76.574 58.0 等 0
76.574 77.142 67.0 你 0
78.38 78.607 58.0 吗 0
78.607 78.909 65.0 你 0
78.909 79.061 63.0 如 0
79.061 79.363 65.0 果 0
79.363 79.514 63.0 真 0
79.514 79.798 63.0 的 0
79.798 80.195 63.0 在 0
80.195 80.876 60.0 乎 0
81.948 82.175 60.0 我 0
82.175 82.401 67.0 又 0
82.401 82.628 67.0 怎 0
82.628 82.855 67.0 会 0
82.855 83.082 67.0 让 0
83.082 83.536 67.0 握 0
83.536 83.763 67.0 花 0
83.763 84.444 67.0 的 0
84.444 84.898 68.0 手 0
84.898 85.124 60.0 在 0
85.124 85.578 63.0 风 0
85.578 86.032 67.0 中 0
86.032 86.259 65.0 颤 0
86.259 86.94 65.0 - 0
89.46 89.687 58.0 抖 0
89.687 90.14 58.0 莫 0
90.367 90.594 58.0 名 0
90.594 90.821 56.0 我 0
90.821 91.048 55.0 就 0
91.048 91.275 56.0 喜 0
91.275 91.729 58.0 欢 0
92.952 93.406 55.0 你 0
93.406 93.633 55.0 深 0
93.633 93.86 55.0 深 0
93.86 94.314 67.0 地 0
94.314 94.768 65.0 爱 0
94.768 95.221 63.0 上 0
96.314 96.541 60.0 你 0
96.541 96.995 67.0 在 0
96.995 97.222 68.0 黑 0
97.222 97.675 60.0 夜 0
98.356 98.81 67.0 里 0
98.81 99.264 68.0 倾 0
99.264 99.718 68.0 听 0
99.718 100.171 67.0 你 0
100.171 100.625 65.0 的 0
100.625 101.987 63.0 声 0
102.851 103.588 58.0 音 0
103.758 103.985 67.0 你 0
103.985 104.212 67.0 知 0
104.212 104.439 67.0 道 0
104.439 104.666 67.0 我 0
104.666 105.177 67.0 在 0
105.177 105.403 58.0 等 0
105.403 106.538 67.0 你 0
107.154 107.608 58.0 吗 0
107.608 107.835 65.0 你 0
107.835 108.061 65.0 如 0
108.061 108.288 65.0 果 0
108.288 108.515 63.0 真 0
108.515 108.969 62.0 的 0
108.969 109.196 55.0 在 0
109.196 109.877 60.0 乎 0
110.963 111.19 60.0 我 0
111.19 111.417 67.0 又 0
111.417 111.644 67.0 怎 0
111.644 111.871 67.0 会 0
111.871 112.098 67.0 让 0
112.098 112.552 67.0 无 0
112.552 112.779 67.0 尽 0
112.779 113.459 67.0 的 0
113.459 113.913 68.0 夜 0
113.913 114.14 60.0 陪 0
114.14 114.594 63.0 我 0
114.594 115.275 65.0 度 0
117.92 118.373 58.0 过 0
118.373 118.6 67.0 你 0
118.6 118.827 67.0 知 0
118.827 119.054 67.0 道 0
119.054 119.281 68.0 我 0
119.281 119.735 67.0 在 0
119.735 119.962 58.0 等 0
119.962 120.643 67.0 你 0
121.642 122.096 58.0 吗 0
122.096 122.323 65.0 你 0
122.323 122.55 65.0 如 0
122.55 122.777 65.0 果 0
122.777 123.004 63.0 真 0
123.004 123.457 62.0 的 0
123.457 123.684 62.0 在 0
123.684 124.365 60.0 乎 0
125.378 125.605 60.0 我 0
125.605 125.831 67.0 又 0
125.831 126.058 67.0 怎 0
126.058 126.285 67.0 会 0
126.285 126.512 67.0 让 0
126.512 126.966 67.0 握 0
126.966 127.193 67.0 花 0
127.193 127.874 67.0 的 0
127.874 128.328 68.0 手 0
128.328 128.554 60.0 在 0
128.554 129.235 63.0 风 0
129.235 129.689 67.0 中 0
129.689 129.916 65.0 颤 0
129.916 130.597 65.0 - 0
132.887 133.114 58.0 抖 0
133.114 133.567 58.0 莫 0
133.794 134.021 58.0 名 0
134.021 134.248 56.0 我 0
134.248 134.475 55.0 就 0
134.475 134.702 56.0 喜 0
134.702 135.156 58.0 欢 0
136.604 137.058 55.0 你 0
137.058 137.285 55.0 深 0
137.285 137.512 55.0 深 0
137.512 137.966 67.0 地 0
137.966 138.42 65.0 爱 0
138.42 139.129 63.0 上 0
140.0 140.236 60.0 你 0
140.236 140.709 67.0 在 0
140.709 140.955 68.0 黑 0
140.955 141.446 60.0 夜 0
142.184 142.676 67.0 里 0
142.676 143.168 68.0 倾 0
143.168 143.66 68.0 听 0
143.66 144.152 67.0 你 0
144.152 145.137 63.0 的 0
145.137 146.121 63.0 声 0
