26.742 27.142 66.0 不 0
27.142 27.542 64.0 - 0
27.542 27.942 66.0 知 0
27.942 28.342 57.0 在 0
28.342 29.142 59.0 哪 1
29.982 30.382 59.0 见 0
30.382 30.782 57.0 过 0
30.782 31.182 59.0 你 0
31.182 31.582 66.0 身 0
31.582 32.382 64.0 影 1
33.471 33.671 66.0 深 0
33.671 33.871 64.0 深 0
33.871 34.271 66.0 把 0
34.271 34.671 69.0 你 0
34.671 35.071 71.0 记 0
35.071 35.471 66.0 - 0
35.471 35.871 62.0 在 0
35.871 36.271 59.0 - 0
36.271 37.871 64.0 心 1
39.946 40.146 66.0 你 0
40.146 40.346 64.0 - 0
40.346 40.746 66.0 的 0
40.746 41.146 69.0 笑 0
41.146 42.346 69.0 - 1
43.166 43.366 66.0 你 0
43.366 43.566 66.0 的 0
43.566 43.966 64.0 温 0
43.966 44.366 66.0 - 0
44.366 44.766 59.0 柔 1
45.122 45.522 59.0 让 0
45.522 45.922 66.0 - 0
45.922 47.122 64.0 我 0
47.122 47.522 59.0 依 0
47.522 48.322 62.0 然 0
48.322 48.722 59.0 难 0
48.722 49.122 62.0 忘 0
49.122 50.722 57.0 - 1
52.252 52.652 69.0 茫 0
52.652 53.052 71.0 - 0
53.052 53.452 74.0 茫 0
53.452 53.852 71.0 人 0
53.852 54.252 69.0 海 0
54.252 54.652 66.0 寻 0
54.652 55.052 62.0 - 0
55.052 55.452 59.0 找 0
55.452 57.052 64.0 - 1
58.695 59.095 64.0 渴 0
59.095 59.495 66.0 望 0
59.495 59.895 69.0 再 0
59.895 60.295 74.0 见 0
60.295 60.695 71.0 你 0
60.695 61.095 69.0 那 0
61.095 61.495 69.0 身 0
61.495 61.895 66.0 - 0
61.895 63.495 64.0 影 1
65.455 65.655 64.0 再 0
65.655 65.855 66.0 - 0
65.855 66.255 69.0 见 0
66.255 66.655 66.0 你 0
66.655 67.055 64.0 那 0
67.055 67.455 66.0 笑 0
67.455 68.255 69.0 - 1
68.714 68.914 64.0 再 0
68.914 69.114 66.0 见 0
69.114 69.514 69.0 你 0
69.514 69.914 66.0 那 0
69.914 70.314 64.0 温 0
70.314 70.714 66.0 - 0
70.714 71.514 59.0 柔 1
71.908 72.108 59.0 再 0
72.108 72.308 62.0 - 0
72.308 72.708 64.0 见 0
72.708 73.108 66.0 你 0
73.108 73.508 64.0 那 0
73.508 73.908 59.0 美 0
73.908 74.308 61.0 丽 0
74.308 74.708 59.0 笑 0
74.708 76.308 57.0 - 1
103.535 103.935 66.0 就 0
103.935 104.335 64.0 是 0
104.335 104.735 66.0 在 0
104.735 105.135 57.0 这 0
105.135 105.935 59.0 里 1
106.617 107.017 59.0 见 0
107.017 107.417 57.0 - 0
107.417 107.817 59.0 过 0
107.817 108.217 66.0 你 0
108.217 109.017 64.0 身 1
110.342 110.542 66.0 如 0
110.542 110.742 64.0 今 0
110.742 111.142 66.0 的 0
111.142 111.542 69.0 你 0
111.542 111.942 71.0 在 0
111.942 112.342 66.0 - 0
112.342 112.742 62.0 哪 0
112.742 113.142 59.0 - 0
113.142 114.742 64.0 里 1
116.633 116.833 66.0 你 0
116.833 117.033 64.0 的 0
117.033 117.433 66.0 温 0
117.433 117.833 69.0 - 0
117.833 119.033 69.0 存 1
119.897 120.097 66.0 你 0
120.097 120.297 66.0 的 0
120.297 120.697 64.0 深 0
120.697 121.097 66.0 - 0
121.097 121.497 59.0 情 1
121.823 122.223 59.0 让 0
122.223 122.623 66.0 - 0
122.623 123.823 64.0 我 0
123.823 124.223 59.0 依 0
124.223 125.023 62.0 然 0
125.023 125.423 59.0 难 0
125.423 125.823 62.0 忘 0
125.823 127.423 57.0 - 1
129.169 129.569 69.0 茫 0
129.569 129.969 71.0 茫 0
129.969 130.369 74.0 人 0
130.369 130.769 71.0 海 0
130.769 131.169 69.0 寻 0
131.169 131.569 66.0 - 0
131.569 131.969 62.0 找 0
131.969 132.369 59.0 - 0
132.369 133.969 64.0 你 1
135.466 135.866 64.0 渴 0
135.866 136.266 66.0 望 0
136.266 136.666 69.0 再 0
136.666 137.066 74.0 见 0
137.066 137.466 71.0 你 0
137.466 137.866 69.0 那 0
137.866 138.266 69.0 身 0
138.266 138.666 66.0 - 0
138.666 140.266 64.0 影 1
142.284 142.484 64.0 再 0
142.484 142.684 66.0 - 0
142.684 143.084 69.0 见 0
143.084 143.484 66.0 你 0
143.484 143.884 64.0 那 0
143.884 144.284 66.0 温 0
144.284 145.084 69.0 - 1
145.56 145.76 64.0 再 0
145.76 145.96 66.0 见 0
145.96 146.36 69.0 你 0
146.36 146.76 66.0 那 0
146.76 147.16 64.0 深 0
147.16 147.56 66.0 - 0
147.56 148.36 59.0 情 1
148.638 148.838 59.0 期 0
148.838 149.038 62.0 待 0
149.038 149.438 64.0 和 0
149.438 149.838 66.0 你 0
149.838 150.238 64.0 再 0
150.238 150.638 59.0 次 0
150.638 151.038 61.0 相 0
151.038 151.438 59.0 - 0
151.438 153.038 57.0 遇 1
154.68 155.48 66.0 嗯 0
155.48 156.28 66.0 - 0
156.28 157.08 59.0 - 0
157.88 159.08 59.0 嗯 0
159.08 160.68 64.0 - 1
161.169 162.769 66.0 嗯 0
162.769 164.369 71.0 - 0
164.369 166.369 64.0 - 1
167.957 168.157 64.0 再 0
168.157 168.357 66.0 - 0
168.357 168.757 69.0 见 0
168.757 169.157 66.0 你 0
169.157 169.557 64.0 那 0
169.557 169.957 66.0 温 0
169.957 170.757 69.0 - 1
171.214 171.414 64.0 再 0
171.414 171.614 66.0 见 0
171.614 172.014 69.0 你 0
172.014 172.414 66.0 的 0
172.414 172.814 64.0 深 0
172.814 173.214 66.0 - 0
173.214 174.014 59.0 情 1
174.312 174.512 66.0 再 0
174.512 174.712 69.0 - 0
174.712 175.112 71.0 见 0
175.112 175.512 74.0 你 0
175.512 176.312 73.0 的 0
176.312 176.912 71.0 深 0
176.912 177.112 71.0 - 0
177.112 179.112 69.0 - 1
179.996 180.196 59.0 期 0
180.196 180.396 62.0 待 0
180.396 181.196 64.0 和 0
181.596 181.996 64.0 你 0
181.996 182.396 64.0 再 0
182.396 182.796 62.0 次 0
182.796 183.196 57.0 相 0
183.196 183.596 59.0 - 0
183.596 185.996 62.0 遇 1
