33.839 34.198 43.0 香 0
34.198 34.557 45.0 烟 0
34.557 35.271 48.0 请 0
35.628 35.985 50.0 再 0
35.985 36.343 50.0 为 0
36.343 36.7 50.0 我 0
36.7 37.057 52.0 点 0
37.057 37.414 60.0 一 0
37.414 38.843 57.0 颗 1
39.41 39.767 57.0 火 0
39.767 40.124 55.0 车 0
40.124 40.838 52.0 上 0
41.196 41.553 45.0 的 0
41.553 41.91 48.0 情 0
41.91 42.267 45.0 侣 0
42.267 42.624 48.0 也 0
42.624 42.981 50.0 不 0
42.981 44.39 50.0 多 1
45.226 45.6 43.0 你 0
45.6 45.975 45.0 推 0
45.975 47.031 48.0 荐 0
47.031 47.383 50.0 的 0
47.383 47.734 52.0 歌 0
47.734 48.086 57.0 我 0
48.086 48.438 60.0 都 0
48.438 48.79 59.0 听 0
48.79 50.218 57.0 过 1
50.958 51.316 55.0 听 0
51.316 51.673 57.0 过 0
51.673 52.387 55.0 后 0
52.743 53.1 50.0 和 0
53.1 53.457 50.0 你 0
53.457 53.814 43.0 一 0
53.814 54.171 48.0 样 0
54.171 54.528 50.0 寂 0
54.528 56.328 48.0 寞 1
56.568 56.928 57.0 忘 0
56.928 57.288 59.0 不 0
57.288 58.352 57.0 了 0
58.352 58.706 55.0 红 0
58.706 59.061 55.0 色 0
59.061 59.416 55.0 背 0
59.416 59.77 52.0 心 0
59.77 60.125 55.0 的 0
60.125 61.568 55.0 你 1
62.446 62.807 52.0 抹 0
62.807 63.168 55.0 不 0
63.168 64.223 57.0 去 0
64.223 64.574 60.0 我 0
64.574 64.926 57.0 多 0
64.926 65.277 55.0 情 0
65.277 65.629 52.0 的 0
65.629 65.98 52.0 思 0
65.98 67.426 52.0 绪 1
68.181 68.543 59.0 我 0
68.543 68.904 59.0 无 0
68.904 69.969 57.0 法 0
69.969 70.324 57.0 拉 0
70.324 70.679 57.0 近 0
71.034 71.389 52.0 你 0
71.389 71.744 55.0 我 0
71.744 72.81 57.0 的 0
72.81 73.165 60.0 距 0
73.165 73.52 57.0 离 1
73.855 74.21 52.0 这 0
74.21 74.565 55.0 距 0
74.565 74.925 55.0 离 0
74.925 75.284 57.0 - 0
75.644 76.003 60.0 就 0
76.003 76.363 60.0 像 0
76.363 76.722 57.0 飞 0
76.722 77.082 48.0 鸟 0
77.082 77.442 50.0 和 0
77.442 78.862 50.0 ~ 1
79.432 79.788 43.0 时 0
79.788 80.143 45.0 间 0
80.143 80.857 48.0 请 0
81.214 81.571 50.0 你 0
81.571 81.928 52.0 快 0
81.928 82.286 50.0 一 0
82.286 82.643 52.0 点 0
82.643 83.0 60.0 的 0
83.0 84.444 57.0 过 1
85.176 85.537 55.0 e 0
85.537 85.898 55.0 让 0
85.898 86.606 52.0 我 0
86.961 87.315 45.0 一 0
87.315 87.669 48.0 个 0
87.669 88.023 45.0 人 0
88.023 88.377 48.0 守 0
88.377 88.731 50.0 日 0
88.731 90.172 50.0 落 1
90.923 91.283 43.0 我 0
91.283 91.644 45.0 想 0
91.644 92.355 48.0 过 0
92.71 93.066 50.0 平 0
93.066 93.421 52.0 常 0
93.421 93.777 57.0 人 0
93.777 94.132 60.0 的 0
94.132 94.488 59.0 生 0
94.488 95.907 57.0 活 1
96.697 97.052 57.0 欲 0
97.052 97.407 55.0 望 0
97.407 98.127 52.0 请 0
98.488 98.848 45.0 放 0
98.848 99.208 48.0 过 0
99.208 99.569 45.0 脆 0
99.569 99.929 48.0 弱 0
99.929 100.289 48.0 的 0
100.289 101.689 48.0 我 1
125.183 125.535 43.0 想 0
125.535 125.887 45.0 念 0
125.887 126.609 48.0 你 0
126.97 127.331 50.0 的 0
127.331 127.693 50.0 我 0
127.693 128.054 50.0 却 0
128.054 128.415 52.0 ] 0
128.415 128.776 57.0 话 0
128.776 130.211 57.0 说 1
131.057 131.416 57.0 想 0
131.416 131.775 55.0 着 0
131.775 132.48 52.0 想 0
132.833 133.186 45.0 着 0
133.186 133.539 48.0 就 0
133.539 133.891 45.0 要 0
133.891 134.244 50.0 到 0
134.244 134.597 50.0 站 0
134.597 135.824 50.0 了 1
136.742 137.1 43.0 我 0
137.1 137.458 45.0 的 0
137.458 138.53 48.0 耳 0
138.53 138.887 50.0 旁 0
138.887 139.244 52.0 还 0
139.244 139.601 57.0 在 0
139.601 139.959 60.0 回 0
139.959 140.316 59.0 荡 0
140.316 141.747 57.0 着 1
142.333 142.69 55.0 那 0
142.69 143.048 55.0 一 0
143.048 143.757 52.0 首 0
144.112 144.466 45.0 八 0
144.466 144.82 48.0 十 0
144.82 145.175 45.0 年 0
145.175 145.529 48.0 代 0
145.529 145.884 48.0 的 0
145.884 147.313 48.0 歌 1
148.112 148.469 59.0 我 0
148.469 148.827 59.0 知 0
148.827 149.899 57.0 道 0
149.899 150.256 55.0 我 0
150.256 150.613 55.0 的 0
150.613 150.971 55.0 故 0
150.971 151.328 52.0 事 0
151.328 151.686 55.0 太 0
151.686 152.755 55.0 多 1
153.876 154.232 52.0 我 0
154.232 154.589 55.0 知 0
154.589 155.66 57.0 道 0
155.66 156.017 57.0 我 0
156.017 156.374 57.0 只 0
156.374 156.731 55.0 停 0
156.731 157.089 52.0 留 0
157.089 157.446 55.0 片 0
157.446 158.904 52.0 刻 1
159.506 159.871 59.0 e 0
159.871 160.236 59.0 在 0
160.236 161.283 57.0 拥 0
161.283 161.632 57.0 挤 0
161.632 161.982 57.0 的 0
162.331 162.68 52.0 人 0
162.68 163.029 55.0 群 0
163.029 164.101 57.0 找 0
164.101 164.458 60.0 寻 0
164.458 164.815 57.0 我 1
165.222 165.579 52.0 感 0
165.579 165.936 55.0 谢 0
165.936 166.293 55.0 你 0
166.293 166.651 57.0 - 0
167.008 167.365 60.0 成 0
167.365 167.722 60.0 为 0
167.722 168.079 57.0 我 0
168.079 168.436 55.0 的 0
168.436 168.793 57.0 过 0
168.793 170.926 55.0 客 1
171.015 171.37 57.0 忘 0
171.37 171.726 59.0 不 0
171.726 172.454 57.0 了 0
172.454 172.818 57.0 暮 0
172.818 173.182 55.0 色 0
173.182 173.546 55.0 中 0
173.546 173.91 55.0 回 0
173.91 174.275 52.0 眸 0
174.275 174.639 50.0 的 0
174.639 176.052 52.0 你 1
176.744 177.097 52.0 躲 0
177.097 177.45 55.0 不 0
177.45 178.522 57.0 掉 0
178.522 178.879 60.0 命 0
178.879 179.236 57.0 运 0
179.236 179.593 55.0 下 0
179.593 179.95 52.0 过 0
179.95 180.307 52.0 的 0
180.307 181.733 52.0 雨 1
182.335 182.691 59.0 我 0
182.691 183.048 59.0 无 0
183.048 184.113 57.0 法 0
184.113 184.468 60.0 追 0
184.468 184.823 57.0 寻 0
185.178 185.533 52.0 你 0
185.533 185.888 55.0 的 0
185.888 186.971 57.0 足 0
186.971 187.332 57.0 - 0
187.332 187.693 57.0 E 1
188.17 188.532 52.0 就 0
188.532 188.893 55.0 让 0
188.893 189.247 55.0 我 0
189.247 189.601 57.0 - 0
189.955 190.31 60.0 在 0
190.31 190.664 60.0 孤 0
190.664 191.018 57.0 独 0
191.018 191.372 55.0 中 0
191.372 191.726 52.0 远 0
191.726 194.611 55.0 去 1
196.574 196.93 43.0 有 0
196.93 197.285 45.0 ] 0
197.285 197.994 48.0 有 0
198.349 198.703 50.0 你 0
198.703 199.058 52.0 还 0
199.058 199.413 50.0 是 0
199.413 199.767 52.0 那 0
199.767 200.122 60.0 个 0
200.122 201.582 57.0 我 1
202.457 202.822 57.0 有 0
202.822 203.187 55.0 ] 0
203.187 203.881 52.0 有 0
204.228 204.575 45.0 你 0
204.575 204.923 48.0 还 0
204.923 205.27 45.0 一 0
205.27 205.617 48.0 样 0
205.617 205.964 52.0 的 0
205.964 207.393 50.0 过 1
208.053 208.41 43.0 你 0
208.41 208.767 45.0 一 0
208.767 209.481 48.0 定 0
209.481 209.839 48.0 要 0
209.839 210.196 50.0 像 0
210.196 210.553 52.0 晨 0
210.553 210.91 48.0 曦 0
210.91 211.267 59.0 一 0
211.267 211.624 59.0 样 0
211.624 212.697 57.0 活 1
213.859 214.217 55.0 不 0
214.217 214.575 55.0 必 0
214.575 215.3 52.0 在 0
215.663 216.026 45.0 意 0
216.026 216.389 48.0 我 0
216.389 216.752 45.0 的 0
216.752 217.115 48.0 哀 0
217.115 217.478 50.0 与 0
217.478 219.266 48.0 乐 1
