1.371 1.594 52.0 脚 0
1.594 1.817 53.0 踏 0
1.817 2.259 55.0 车 0
2.259 2.479 55.0 的 0
2.479 2.7 55.0 后 0
2.921 3.142 52.0 座 0
3.164 3.385 52.0 和 0
3.385 3.606 53.0 - 0
3.606 4.047 55.0 你 0
4.047 4.268 55.0 干 0
4.268 4.489 55.0 净 0
4.93 5.151 53.0 的 0
5.151 5.811 52.0 衣 0
8.388 8.607 52.0 裳 0
8.607 8.827 53.0 那 0
8.827 9.048 55.0 些 0
9.048 9.268 55.0 时 0
9.268 9.489 55.0 光 0
9.489 9.71 55.0 漫 0
10.007 10.448 52.0 长 0
10.448 10.669 53.0 仿 0
10.669 10.889 55.0 佛 0
10.889 11.11 55.0 夏 0
11.11 11.551 55.0 天 0
11.551 11.993 55.0 永 0
11.993 12.214 53.0 远 0
12.214 12.876 52.0 晴 0
15.414 15.635 48.0 朗 0
15.635 15.855 50.0 香 0
15.855 16.295 52.0 樟 0
16.295 16.735 48.0 花 0
16.735 17.175 48.0 开 0
17.175 17.395 50.0 满 0
17.395 18.055 50.0 路 0
18.943 19.163 48.0 旁 0
19.163 19.383 50.0 被 0
19.383 19.823 52.0 下 0
19.823 20.263 55.0 课 0
20.263 20.703 59.0 铃 0
20.703 20.923 55.0 声 0
20.923 21.595 52.0 轻 0
22.069 22.521 50.0 敲 0
22.521 22.747 48.0 弹 0
22.747 23.414 45.0 奏 0
25.401 25.622 43.0 着 0
25.622 26.064 50.0 青 0
26.064 26.284 48.0 涩 0
26.284 27.37 44.0 乐 0
29.588 29.805 52.0 章 0
29.805 30.021 53.0 你 0
30.021 30.251 55.0 总 0
30.251 30.48 55.0 爱 0
30.48 30.71 55.0 把 0
30.71 30.939 55.0 书 0
31.085 31.544 52.0 包 0
31.544 31.773 53.0 丢 0
31.773 31.993 55.0 过 0
31.993 32.213 55.0 爬 0
32.213 32.652 55.0 满 0
32.652 33.092 55.0 藤 0
33.092 33.312 53.0 蔓 0
33.312 33.972 52.0 的 0
36.715 36.935 52.0 墙 0
36.935 37.155 53.0 一 0
37.155 37.375 55.0 起 0
37.375 37.595 55.0 谈 0
37.595 37.815 55.0 天 0
37.815 38.035 55.0 说 0
38.176 38.616 52.0 地 0
38.616 38.836 53.0 直 0
38.836 39.276 55.0 到 0
39.276 39.496 55.0 把 0
39.496 39.716 55.0 路 0
39.716 39.936 55.0 灯 0
39.936 40.156 55.0 全 0
40.156 40.376 57.0 部 0
40.376 41.036 52.0 点 0
43.682 43.904 52.0 亮 0
43.904 44.125 55.0 落 0
44.125 44.569 57.0 叶 0
44.569 45.012 48.0 翻 0
45.012 45.233 48.0 飞 0
45.233 45.676 50.0 过 0
45.676 46.784 50.0 画 0
47.276 47.498 48.0 卷 0
47.498 47.719 50.0 摊 0
47.719 48.157 52.0 开 0
48.157 48.594 55.0 时 0
48.594 49.031 59.0 间 0
49.031 49.25 60.0 的 0
49.25 49.69 60.0 手 0
50.189 50.411 52.0 掌 0
50.411 50.854 62.0 你 0
50.854 51.076 60.0 笑 0
51.076 53.055 57.0 起 0
53.714 53.934 50.0 来 0
53.934 54.373 62.0 乌 0
54.373 54.593 60.0 云 0
54.593 56.571 62.0 散 0
57.201 57.422 55.0 开 0
57.422 57.864 67.0 故 0
57.864 58.085 64.0 事 0
58.085 58.528 64.0 的 0
58.528 58.751 62.0 发 0
58.751 58.973 64.0 展 0
58.973 59.195 62.0 有 0
59.195 59.418 64.0 很 0
59.418 59.863 62.0 多 0
59.863 60.305 64.0 意 0
60.621 60.84 55.0 外 0
60.84 61.28 67.0 有 0
61.28 61.5 62.0 你 0
61.5 61.941 62.0 在 0
61.941 62.163 60.0 的 0
62.163 62.384 62.0 结 0
62.384 62.606 60.0 果 0
62.606 62.827 62.0 总 0
62.827 63.27 60.0 不 0
63.27 63.713 62.0 太 0
64.273 64.494 55.0 坏 0
64.494 64.937 67.0 那 0
64.937 65.159 64.0 些 0
65.159 65.596 64.0 女 0
65.596 65.813 62.0 孩 0
65.813 66.029 64.0 教 0
66.029 66.245 62.0 会 0
66.245 66.534 64.0 我 0
66.534 66.822 62.0 关 0
66.822 67.111 64.0 于 0
67.542 67.985 62.0 爱 0
67.985 68.206 60.0 远 0
68.206 68.649 62.0 去 0
68.649 70.641 64.0 人 0
71.33 71.552 55.0 海 0
71.552 71.994 67.0 稚 0
71.994 72.216 64.0 气 0
72.216 72.659 64.0 的 0
72.659 72.88 62.0 少 0
72.88 73.101 64.0 年 0
73.101 73.323 62.0 幻 0
73.323 73.544 64.0 想 0
73.544 73.987 62.0 着 0
73.987 74.429 64.0 未 0
74.882 75.104 55.0 来 0
75.104 75.546 67.0 一 0
75.546 75.768 62.0 尘 0
75.768 76.21 62.0 不 0
76.21 76.432 60.0 染 0
76.432 76.653 62.0 纯 0
76.653 76.875 60.0 白 0
76.875 77.096 62.0 色 0
77.096 77.539 60.0 的 0
77.539 77.98 62.0 年 0
78.305 78.525 55.0 代 0
78.525 78.965 67.0 那 0
78.965 79.185 64.0 个 0
79.185 79.626 64.0 陪 0
79.626 79.847 62.0 伴 0
79.847 80.069 64.0 我 0
80.069 80.29 62.0 成 0
80.29 80.512 64.0 长 0
80.512 80.954 62.0 的 0
80.954 81.176 64.0 男 0
81.677 82.118 60.0 孩 0
82.118 82.411 62.0 还 0
82.411 82.705 60.0 好 0
82.705 82.998 57.0 有 0
82.998 84.32 60.0 你 0
114.387 114.608 52.0 在 0
114.608 114.828 53.0 你 0
114.828 115.049 55.0 总 0
115.049 115.27 55.0 爱 0
115.27 115.49 55.0 把 0
115.49 115.711 55.0 书 0
115.902 116.343 52.0 包 0
116.343 116.564 53.0 丢 0
116.564 116.785 55.0 过 0
116.785 117.005 55.0 爬 0
117.005 117.446 55.0 满 0
117.446 117.887 55.0 藤 0
117.887 118.108 53.0 蔓 0
118.108 118.77 52.0 的 0
121.371 121.591 52.0 墙 0
121.591 121.812 53.0 一 0
121.812 122.032 53.0 起 0
122.032 122.253 55.0 谈 0
122.253 122.473 55.0 天 0
122.473 122.694 55.0 说 0
122.805 123.246 52.0 地 0
123.246 123.466 53.0 直 0
123.466 123.687 55.0 到 0
123.687 123.907 55.0 把 0
123.907 124.349 55.0 路 0
124.349 124.569 55.0 灯 0
124.569 124.79 55.0 全 0
124.79 125.01 55.0 部 0
125.01 125.672 52.0 点 0
128.407 128.628 52.0 亮 0
128.628 128.848 55.0 落 0
128.848 129.289 57.0 叶 0
129.289 129.73 48.0 翻 0
129.73 129.951 48.0 飞 0
129.951 130.392 50.0 过 0
130.392 131.274 50.0 画 0
131.976 132.197 48.0 卷 0
132.197 132.417 50.0 摊 0
132.417 132.858 52.0 开 0
132.858 133.3 55.0 时 0
133.3 133.741 59.0 间 0
133.741 133.961 60.0 的 0
133.961 134.402 60.0 手 0
134.715 134.935 52.0 掌 0
134.935 135.376 62.0 你 0
135.376 135.597 60.0 笑 0
135.597 137.582 57.0 起 0
138.244 138.464 50.0 来 0
138.464 138.905 62.0 乌 0
138.905 139.126 60.0 云 0
139.126 141.111 62.0 散 0
141.928 142.148 55.0 开 0
142.148 142.59 67.0 故 0
142.59 142.81 64.0 事 0
142.81 143.252 64.0 的 0
143.252 143.473 62.0 发 0
143.473 143.694 64.0 展 0
143.694 143.915 62.0 有 0
143.915 144.136 64.0 很 0
144.136 144.579 62.0 多 0
144.579 145.021 64.0 意 0
145.379 145.6 55.0 外 0
145.6 146.042 67.0 有 0
146.042 146.264 62.0 你 0
146.264 146.705 62.0 在 0
146.705 146.925 60.0 的 0
146.925 147.145 62.0 结 0
147.145 147.365 60.0 果 0
147.365 147.585 62.0 总 0
147.585 148.025 60.0 不 0
148.025 148.465 62.0 太 0
148.917 149.137 55.0 坏 0
149.137 149.577 67.0 那 0
149.577 149.797 64.0 些 0
149.797 150.238 64.0 女 0
150.238 150.458 62.0 孩 0
150.458 150.679 64.0 教 0
150.679 150.9 62.0 会 0
150.9 151.194 64.0 我 0
151.194 151.488 62.0 关 0
151.488 151.782 64.0 于 0
152.215 152.656 62.0 爱 0
152.656 152.877 60.0 远 0
152.877 153.318 62.0 去 0
153.318 155.303 64.0 人 0
156.006 156.226 55.0 海 0
156.226 156.667 67.0 稚 0
156.667 156.888 64.0 气 0
156.888 157.329 64.0 的 0
157.329 157.55 62.0 少 0
157.55 157.771 64.0 年 0
157.771 157.992 62.0 幻 0
157.992 158.213 64.0 想 0
158.213 158.654 62.0 着 0
158.654 159.096 64.0 未 0
159.475 159.696 55.0 来 0
159.696 160.138 67.0 一 0
160.138 160.359 62.0 尘 0
160.359 160.8 62.0 不 0
160.8 161.021 60.0 染 0
161.021 161.242 62.0 纯 0
161.242 161.463 60.0 白 0
161.463 161.683 62.0 色 0
161.683 162.125 60.0 的 0
162.125 162.566 62.0 年 0
163.039 163.26 55.0 代 0
163.26 163.701 67.0 那 0
163.701 163.922 64.0 个 0
163.922 164.363 64.0 陪 0
164.363 164.584 62.0 伴 0
164.584 164.804 64.0 我 0
164.804 165.025 62.0 成 0
165.025 165.245 64.0 长 0
165.245 165.686 62.0 的 0
165.686 165.907 64.0 男 0
166.397 166.838 60.0 孩 0
166.838 167.279 62.0 还 0
167.279 167.5 60.0 好 0
167.5 167.938 57.0 有 0
167.938 169.023 60.0 你 0
170.068 170.285 55.0 在 0
170.285 170.719 67.0 故 0
170.719 170.937 64.0 事 0
170.937 171.376 64.0 的 0
171.376 171.599 62.0 发 0
171.599 171.822 64.0 展 0
171.822 172.045 62.0 有 0
172.045 172.267 64.0 很 0
172.267 172.713 62.0 多 0
172.713 173.158 64.0 意 0
173.54 173.763 55.0 外 0
173.763 174.208 67.0 有 0
174.208 174.431 62.0 你 0
174.431 174.875 62.0 在 0
174.875 175.097 60.0 的 0
175.097 175.318 62.0 结 0
175.318 175.54 60.0 果 0
175.54 175.762 62.0 总 0
175.762 176.205 60.0 不 0
176.205 176.648 62.0 太 0
177.258 177.48 55.0 坏 0
177.48 177.923 67.0 那 0
177.923 178.144 64.0 些 0
178.144 178.585 64.0 女 0
178.585 178.804 62.0 孩 0
178.804 179.023 64.0 教 0
179.023 179.242 62.0 会 0
179.242 179.534 64.0 我 0
179.534 179.826 62.0 关 0
179.826 180.117 64.0 于 0
180.373 180.818 62.0 爱 0
180.818 181.041 60.0 远 0
181.041 181.486 62.0 去 0
181.486 183.49 64.0 人 0
184.203 184.421 55.0 海 0
184.421 184.857 67.0 稚 0
184.857 185.076 64.0 气 0
185.076 185.516 64.0 的 0
185.516 185.738 62.0 少 0
185.738 185.959 64.0 年 0
185.959 186.181 62.0 幻 0
186.181 186.403 64.0 想 0
186.403 186.847 62.0 着 0
186.847 187.29 64.0 未 0
187.747 187.968 55.0 来 0
187.968 188.412 67.0 一 0
188.412 188.634 69.0 尘 0
188.634 189.075 62.0 不 0
189.075 189.295 60.0 染 0
189.295 189.515 62.0 纯 0
189.515 189.735 60.0 白 0
189.735 189.954 62.0 色 0
189.954 190.394 67.0 的 0
190.394 190.833 67.0 年 0
191.333 191.552 55.0 代 0
191.552 191.992 67.0 那 0
191.992 192.212 64.0 个 0
192.212 192.651 64.0 陪 0
192.651 192.871 62.0 伴 0
192.871 193.09 64.0 我 0
193.09 193.31 62.0 成 0
193.31 193.53 64.0 长 0
193.53 193.969 62.0 的 0
193.969 194.189 64.0 男 0
194.536 194.97 60.0 孩 0
194.97 195.405 62.0 还 0
195.405 195.622 60.0 好 0
195.622 196.061 57.0 有 0
196.061 197.616 60.0 你 0
199.081 199.303 52.0 在 0
199.303 199.525 53.0 脚 0
199.525 199.976 55.0 踏 0
199.976 200.201 55.0 车 0
200.201 200.427 55.0 的 0
200.652 200.877 52.0 后 0
200.881 201.106 52.0 座 0
201.106 201.332 53.0 和 0
201.332 201.782 55.0 你 0
201.782 202.007 55.0 干 0
202.007 202.233 55.0 净 0
202.683 202.909 53.0 的 0
202.909 204.01 52.0 衣 0
206.162 206.381 52.0 裳 0
206.381 206.6 53.0 那 0
206.6 206.819 55.0 些 0
206.819 207.038 55.0 时 0
207.038 207.256 55.0 光 0
207.256 207.475 55.0 漫 0
207.882 208.101 52.0 长 0
208.101 208.32 53.0 仿 0
208.32 208.539 55.0 佛 0
208.539 208.758 55.0 夏 0
208.758 208.977 55.0 天 0
208.977 209.196 55.0 永 0
209.634 209.853 53.0 远 0
209.853 210.947 52.0 晴 0
