17.724 18.219 52.0 雪 0
18.219 18.467 57.0 让 0
18.467 18.714 57.0 我 0
18.714 19.202 59.0 - 0
19.202 19.446 57.0 有 0
19.446 19.934 59.0 点 0
19.934 20.178 59.0 快 0
20.178 20.666 61.0 - 0
20.666 21.64 57.0 乐 1
23.647 23.89 57.0 那 0
23.89 24.134 59.0 片 0
24.134 24.621 61.0 白 0
24.621 25.109 54.0 色 1
26.423 26.667 57.0 和 0
26.667 27.155 57.0 伸 0
27.155 27.399 52.0 向 0
27.399 27.887 57.0 远 0
27.887 28.618 64.0 方 0
28.618 29.106 62.0 浅 0
29.106 29.594 61.0 浅 0
29.838 30.082 59.0 的 0
30.082 30.326 57.0 车 0
30.326 31.301 59.0 辙 1
33.31 33.797 52.0 如 0
33.797 34.041 57.0 果 0
34.041 34.285 57.0 这 0
34.285 34.773 59.0 - 0
34.773 35.017 57.0 时 0
35.017 35.505 59.0 候 0
35.505 35.992 64.0 飘 0
35.992 36.236 61.0 - 0
36.236 36.724 61.0 落 1
37.884 38.128 59.0 钢 0
38.128 38.372 61.0 琴 0
38.372 38.859 62.0 单 0
38.859 39.103 61.0 纯 0
39.103 39.591 59.0 的 0
39.591 39.835 57.0 - 0
39.835 40.323 57.0 音 0
40.323 40.567 64.0 色 0
40.567 41.055 66.0 - 1
41.84 42.084 57.0 我 0
42.084 42.552 64.0 会 0
42.552 42.787 57.0 对 0
42.787 43.255 56.0 自 0
43.255 43.489 62.0 己 0
43.489 43.723 64.0 - 0
43.723 43.958 62.0 - 0
43.958 44.452 62.0 说 1
45.008 45.503 61.0 冬 0
45.503 45.997 62.0 天 0
45.997 46.738 61.0 快 0
46.738 46.986 62.0 - 0
46.986 47.727 59.0 乐 0
47.727 48.462 57.0 - 1
48.5 48.744 57.0 我 0
48.744 48.988 56.0 喜 0
48.988 49.476 57.0 欢 0
49.72 49.963 56.0 没 0
49.963 50.451 57.0 有 0
50.451 50.695 56.0 字 0
50.695 51.183 57.0 的 0
51.183 51.915 64.0 窗 1
52.382 52.626 56.0 透 0
52.626 52.87 54.0 过 0
52.87 53.358 56.0 它 0
53.602 53.846 54.0 天 0
53.846 54.334 56.0 空 0
54.334 54.578 54.0 很 0
54.578 55.065 56.0 晴 0
55.065 55.797 64.0 朗 1
55.848 56.336 64.0 树 0
56.336 56.58 62.0 梢 0
56.58 57.068 62.0 上 0
57.799 58.287 62.0 残 0
58.287 58.775 61.0 留 0
58.775 59.263 59.0 一 0
59.263 59.507 57.0 点 0
59.507 59.994 59.0 月 0
59.994 61.458 61.0 光 0
61.458 61.702 59.0 - 0
61.702 61.946 59.0 耶 0
61.946 62.433 57.0 - 1
64.035 64.279 57.0 我 0
64.279 64.523 56.0 喜 0
64.523 65.01 57.0 欢 1
65.239 65.483 56.0 关 0
65.483 65.971 57.0 灯 0
65.971 66.215 56.0 的 0
66.215 66.703 57.0 惆 0
66.703 67.191 64.0 怅 1
68.072 68.316 56.0 我 0
68.316 68.56 54.0 独 0
68.56 69.048 56.0 自 1
69.146 69.39 54.0 听 0
69.39 69.877 56.0 日 0
69.877 70.121 52.0 子 0
70.121 70.609 56.0 回 0
70.609 71.341 64.0 荡 1
71.422 71.91 64.0 黑 0
71.91 72.154 62.0 夜 0
72.154 72.641 62.0 里 1
73.321 73.809 62.0 凝 0
73.809 74.297 61.0 视 0
74.297 74.785 59.0 一 0
74.785 75.272 57.0 点 0
75.272 76.492 61.0 忧 0
76.492 76.98 62.0 - 0
76.98 77.955 59.0 伤 1
78.297 78.785 61.0 习 0
78.785 79.029 62.0 惯 0
79.029 80.736 64.0 你 1
80.739 80.983 64.0 就 0
80.983 81.471 64.0 把 0
81.471 81.715 62.0 - 0
81.715 81.959 62.0 我 0
81.959 82.69 61.0 当 0
82.69 82.934 62.0 作 0
82.934 84.154 64.0 你 1
84.745 84.988 64.0 我 0
84.988 85.476 62.0 们 0
85.476 85.72 62.0 就 0
85.72 86.208 61.0 在 0
86.208 86.452 59.0 - 0
86.452 86.696 59.0 一 0
86.696 87.671 57.0 起 1
88.508 88.752 57.0 呼 0
88.752 89.24 66.0 吸 0
89.24 89.971 64.0 - 0
90.947 91.435 62.0 安 0
91.435 91.679 61.0 静 0
91.679 92.41 59.0 而 0
92.41 92.654 57.0 整 0
92.654 93.386 59.0 齐 1
93.795 94.283 61.0 习 0
94.283 94.527 62.0 惯 0
94.527 96.234 64.0 你 1
96.295 96.539 64.0 就 0
96.539 97.027 64.0 把 0
97.027 97.271 62.0 - 0
97.271 97.514 62.0 我 0
97.514 98.246 61.0 当 0
98.246 98.49 62.0 作 0
98.49 99.71 64.0 你 1
100.502 100.746 64.0 所 0
100.746 101.234 64.0 以 0
101.234 101.722 64.0 我 0
101.722 102.21 62.0 唱 0
102.21 102.697 61.0 歌 0
102.697 103.185 62.0 或 0
103.185 103.673 61.0 是 0
103.673 104.161 57.0 沉 0
104.161 104.649 54.0 默 1
106.001 106.245 59.0 都 0
106.245 106.489 61.0 是 0
106.489 106.977 62.0 在 0
106.977 107.464 61.0 对 0
107.464 107.952 59.0 你 0
107.952 108.44 57.0 诉 0
108.44 108.684 57.0 说 0
108.684 109.172 59.0 - 1
109.555 110.042 61.0 冬 0
110.042 110.53 61.0 天 0
110.53 110.774 59.0 快 0
110.774 111.262 57.0 - 0
111.262 113.457 57.0 乐 1
126.981 127.468 52.0 雪 0
127.468 127.712 57.0 让 0
127.712 128.444 59.0 我 0
128.444 128.688 57.0 有 0
128.688 129.176 59.0 点 0
129.176 129.42 59.0 快 0
129.42 129.664 61.0 - 0
129.664 129.907 59.0 - 0
129.907 130.883 57.0 乐 1
132.936 133.18 57.0 那 0
133.18 133.424 59.0 片 0
133.424 133.912 61.0 白 0
133.912 134.4 54.0 色 1
135.502 135.746 57.0 和 0
135.746 136.234 57.0 伸 0
136.234 136.478 52.0 向 0
136.478 136.966 57.0 远 0
136.966 137.697 64.0 方 0
137.697 138.185 62.0 浅 0
138.185 138.673 61.0 浅 0
138.917 139.161 59.0 的 0
139.161 139.405 57.0 车 0
139.405 140.38 59.0 辙 1
142.732 143.22 52.0 如 0
143.22 143.464 57.0 果 0
143.464 143.708 57.0 这 0
143.708 144.196 59.0 - 0
144.196 144.44 57.0 时 0
144.44 144.928 59.0 候 0
144.928 145.415 64.0 飘 0
145.415 145.659 61.0 - 0
145.659 146.147 61.0 落 1
147.099 147.343 59.0 钢 0
147.343 147.586 61.0 琴 0
147.586 148.074 62.0 单 0
148.074 148.318 61.0 纯 0
148.318 148.806 59.0 的 0
148.806 149.05 57.0 - 0
149.05 149.538 57.0 音 0
149.538 149.782 64.0 色 0
149.782 150.269 66.0 - 1
151.096 151.34 57.0 我 0
151.34 151.828 64.0 会 0
151.828 152.072 57.0 对 0
152.072 152.559 56.0 自 0
152.559 152.803 62.0 己 0
152.803 153.047 64.0 - 0
153.047 153.291 62.0 - 0
153.291 153.779 62.0 说 1
154.433 154.921 61.0 冬 0
154.921 155.408 62.0 天 0
155.408 156.14 61.0 快 0
156.14 156.384 62.0 - 0
156.384 157.116 59.0 乐 0
157.116 157.847 57.0 - 1
157.858 158.102 57.0 我 0
158.102 158.346 56.0 喜 0
158.346 158.834 57.0 欢 0
159.078 159.322 56.0 没 0
159.322 159.81 57.0 有 0
159.81 160.053 56.0 字 0
160.053 160.541 57.0 的 0
160.541 161.273 64.0 窗 1
161.579 161.823 56.0 透 0
161.823 162.067 54.0 过 0
162.067 162.554 56.0 它 0
162.798 163.042 54.0 天 0
163.042 163.53 56.0 空 0
163.53 163.774 54.0 很 0
163.774 164.262 56.0 晴 0
164.262 164.993 64.0 朗 1
165.137 165.625 64.0 树 0
165.625 165.869 62.0 梢 0
165.869 166.357 62.0 上 0
167.089 167.576 62.0 残 0
167.576 168.064 61.0 留 0
168.064 168.552 59.0 一 0
168.552 168.796 57.0 点 0
168.796 169.284 59.0 月 0
169.284 170.747 61.0 光 0
170.747 170.991 59.0 - 0
170.991 171.235 59.0 耶 0
171.235 171.723 57.0 - 1
173.282 173.526 57.0 我 0
173.526 173.77 56.0 喜 0
173.77 174.258 57.0 欢 1
174.661 174.905 56.0 关 0
174.905 175.392 57.0 灯 0
175.392 175.636 56.0 的 0
175.636 176.124 57.0 惆 0
176.124 176.612 64.0 怅 1
177.234 177.477 56.0 我 0
177.477 177.721 54.0 独 0
177.721 178.209 56.0 自 1
178.449 178.693 54.0 听 0
178.693 179.181 56.0 日 0
179.181 179.425 52.0 子 0
179.425 179.912 56.0 回 0
179.912 180.644 64.0 荡 1
180.774 181.262 64.0 黑 0
181.262 181.506 62.0 夜 0
181.506 181.994 62.0 里 1
182.688 183.176 62.0 凝 0
183.176 183.664 61.0 视 0
183.664 184.152 59.0 一 0
184.152 184.64 57.0 点 0
184.64 185.859 61.0 忧 0
185.859 186.347 62.0 - 0
186.347 187.323 59.0 伤 1
187.501 187.989 61.0 习 0
187.989 188.233 62.0 惯 0
188.233 189.94 64.0 你 1
190.017 190.261 64.0 就 0
190.261 190.749 64.0 把 0
190.749 190.993 62.0 - 0
190.993 191.237 62.0 我 0
191.237 191.969 61.0 当 0
191.969 192.213 62.0 作 0
192.213 193.432 64.0 你 1
194.115 194.359 64.0 我 0
194.359 194.847 62.0 们 0
194.847 195.09 62.0 就 0
195.09 195.578 61.0 在 0
195.578 195.822 59.0 - 0
195.822 196.066 59.0 一 0
196.066 197.042 57.0 起 1
197.712 197.956 57.0 呼 0
197.956 198.444 66.0 吸 0
198.444 199.42 64.0 - 0
200.151 200.639 62.0 安 0
200.639 200.883 61.0 静 0
200.883 201.615 59.0 而 0
201.615 201.859 57.0 整 0
201.859 202.59 59.0 齐 1
203.048 203.536 61.0 习 0
203.536 203.78 62.0 惯 0
203.78 205.487 64.0 你 1
205.635 205.879 64.0 就 0
205.879 206.367 64.0 把 0
206.367 206.611 62.0 - 0
206.611 206.855 62.0 我 0
206.855 207.586 61.0 当 0
207.586 207.83 62.0 作 0
207.83 209.05 64.0 你 1
209.808 210.051 64.0 所 0
210.051 210.539 64.0 以 0
210.539 211.027 64.0 我 0
211.027 211.515 62.0 唱 0
211.515 212.003 61.0 歌 0
212.003 212.491 62.0 或 0
212.491 212.978 57.0 是 0
212.978 213.466 57.0 沉 0
213.466 213.954 54.0 默 1
215.357 215.601 59.0 都 0
215.601 215.845 61.0 是 0
215.845 216.333 62.0 在 0
216.333 216.577 61.0 对 0
216.577 217.065 59.0 你 0
217.065 217.309 57.0 - 0
217.309 217.552 57.0 诉 0
217.552 217.796 57.0 说 0
217.796 218.04 59.0 - 0
218.04 218.284 61.0 - 1
218.701 219.189 61.0 习 0
219.189 219.433 62.0 惯 0
219.433 221.14 64.0 你 1
221.175 221.419 64.0 就 0
221.419 221.907 64.0 把 0
221.907 222.151 62.0 - 0
222.151 222.395 62.0 我 0
222.395 223.126 61.0 当 0
223.126 223.37 62.0 作 0
223.37 224.59 64.0 你 1
225.34 225.584 64.0 我 0
225.584 226.072 62.0 们 0
226.072 226.316 62.0 就 0
226.316 226.804 61.0 在 0
226.804 227.048 62.0 一 0
227.048 227.292 64.0 - 0
227.292 227.535 62.0 - 0
227.535 228.023 62.0 起 1
229.068 229.312 57.0 呼 0
229.312 229.8 66.0 吸 0
229.8 230.287 64.0 - 0
230.287 230.531 66.0 - 0
231.507 231.995 62.0 安 0
231.995 232.239 61.0 静 0
232.239 232.97 59.0 而 0
232.97 233.214 57.0 整 0
233.214 233.946 59.0 齐 1
234.255 234.743 61.0 习 0
234.743 234.986 62.0 惯 0
234.986 236.694 64.0 你 1
236.715 236.959 64.0 就 0
236.959 237.446 64.0 把 0
237.446 237.69 62.0 - 0
237.69 237.934 62.0 我 0
237.934 238.666 61.0 当 0
238.666 238.91 62.0 作 0
238.91 240.129 64.0 你 1
240.951 241.195 64.0 所 0
241.195 241.683 64.0 以 0
241.683 242.171 64.0 我 0
242.171 242.658 62.0 唱 0
242.658 243.146 61.0 歌 0
243.146 243.634 62.0 或 0
243.634 244.122 57.0 是 0
244.122 244.61 57.0 沉 0
244.61 245.097 54.0 默 1
246.497 246.741 59.0 都 0
246.741 246.985 61.0 是 0
246.985 247.472 62.0 在 0
247.472 247.96 61.0 对 0
247.96 248.448 59.0 你 0
248.448 248.936 57.0 诉 0
248.936 250.155 59.0 说 1
251.864 252.229 61.0 Merry 0
252.229 253.073 61.0 - 0
253.073 255.189 57.0 christmas 1
