18.434 18.674 55.0 手 0
18.674 18.914 55.0 中 0
18.914 19.154 55.0 一 0
19.154 19.394 57.0 把 0
19.394 19.634 58.0 小 0
19.634 19.874 63.0 猎 0
19.874 20.354 62.0 枪 0
20.354 20.714 60.0 嗵 0
20.714 20.834 58.0 的 0
20.834 21.074 57.0 一 0
21.074 21.314 58.0 声 0
21.326 21.794 60.0 响 0
22.314 22.554 53.0 圆 0
22.554 22.794 53.0 圆 0
22.794 23.034 53.0 惊 0
23.034 23.274 55.0 恐 0
23.274 23.514 57.0 的 0
23.526 23.754 60.0 眼 0
23.754 23.994 60.0 睛 0
24.234 24.594 58.0 睡 0
24.594 24.714 60.0 不 0
24.714 24.954 62.0 醒 0
24.954 25.194 63.0 的 0
25.194 25.674 62.0 样 0
26.043 26.283 55.0 听 0
26.283 26.523 55.0 - 0
26.523 26.763 55.0 说 0
26.763 27.003 57.0 什 0
27.003 27.243 58.0 么 0
27.243 27.483 62.0 倒 0
27.483 27.723 62.0 霉 0
27.723 27.963 62.0 的 0
27.963 28.203 60.0 事 0
28.203 28.443 58.0 都 0
28.443 28.683 57.0 让 0
28.683 28.923 58.0 你 0
28.923 29.403 60.0 遇 0
29.958 30.198 53.0 上 0
30.198 30.438 53.0 听 0
30.438 30.678 53.0 说 0
30.678 30.918 55.0 你 0
30.918 31.398 60.0 的 0
31.398 31.638 60.0 名 0
31.638 31.878 62.0 字 0
31.878 32.358 60.0 叫 0
32.37 32.838 62.0 光 0
32.838 33.318 55.0 头 0
33.818 34.058 55.0 强 0
34.058 34.298 55.0 一 0
34.298 34.538 55.0 顶 0
34.538 34.778 57.0 黄 0
34.778 35.018 58.0 色 0
35.018 35.258 62.0 安 0
35.258 35.738 62.0 全 0
35.738 35.978 60.0 帽 0
35.978 36.218 58.0 电 0
36.218 36.458 57.0 锯 0
36.458 36.698 58.0 在 0
36.698 37.178 60.0 手 0
37.614 37.974 53.0 上 0
37.974 38.094 53.0 对 0
38.094 38.334 53.0 着 0
38.334 38.574 55.0 天 0
38.574 38.814 57.0 空 0
38.814 39.054 60.0 大 0
39.054 39.294 60.0 声 0
39.534 39.894 58.0 喊 0
39.894 40.014 60.0 我 0
40.014 40.254 62.0 是 0
40.254 40.494 63.0 森 0
40.506 40.974 62.0 林 0
41.384 41.624 55.0 王 0
41.624 41.864 55.0 遇 0
41.864 42.104 55.0 到 0
42.104 42.344 57.0 天 0
42.344 42.584 58.0 大 0
42.584 42.824 62.0 的 0
42.824 43.064 62.0 事 0
43.064 43.304 62.0 都 0
43.304 43.544 60.0 是 0
43.544 43.784 58.0 自 0
43.784 44.024 57.0 己 0
44.024 44.264 58.0 一 0
44.276 44.744 60.0 人 0
45.267 45.507 53.0 扛 0
45.507 45.747 53.0 熊 0
45.747 45.987 53.0 大 0
45.987 46.227 55.0 熊 0
46.227 46.467 57.0 二 0
46.467 46.707 60.0 永 0
46.707 46.947 60.0 远 0
47.187 47.667 57.0 在 0
47.679 48.147 65.0 你 0
48.147 48.627 63.0 的 0
48.639 49.107 62.0 身 0
49.221 49.701 55.0 旁 0
49.701 50.181 55.0 光 0
50.181 50.901 55.0 头 0
50.901 51.141 58.0 强 0
51.141 51.621 62.0 呀 0
51.621 52.101 60.0 光 0
52.101 52.581 55.0 头 0
52.966 53.206 55.0 强 0
53.206 53.446 58.0 你 0
53.458 53.926 58.0 的 0
53.926 54.166 58.0 头 0
54.166 54.406 58.0 真 0
54.406 54.646 55.0 的 0
54.646 54.886 58.0 有 0
54.886 55.366 65.0 点 0
55.366 55.846 62.0 光 0
55.846 56.326 62.0 光 0
56.8 57.28 55.0 光 0
57.28 57.76 55.0 光 0
57.76 58.48 55.0 头 0
58.48 58.72 58.0 强 0
58.72 59.2 65.0 呀 0
59.2 59.68 65.0 光 0
59.68 60.16 60.0 头 0
60.427 60.667 60.0 强 0
60.667 60.907 55.0 你 0
60.907 61.147 62.0 长 0
61.147 61.387 60.0 得 0
61.387 61.627 58.0 有 0
61.627 62.107 60.0 点 0
62.107 62.347 62.0 太 0
62.347 64.027 65.0 紧 0
64.389 64.869 55.0 张 0
64.869 65.349 55.0 光 0
65.349 66.069 55.0 头 0
66.069 66.309 58.0 强 0
66.309 66.789 62.0 呀 0
66.789 67.269 60.0 光 0
67.269 67.749 55.0 头 0
68.354 68.594 55.0 强 0
68.594 68.834 58.0 你 0
68.846 69.314 58.0 的 0
69.314 69.554 58.0 头 0
69.554 69.794 58.0 真 0
69.794 70.034 55.0 的 0
70.034 70.274 58.0 有 0
70.274 70.754 65.0 点 0
70.754 71.234 62.0 光 0
71.234 71.714 62.0 光 0
72.085 72.565 55.0 光 0
72.565 73.045 55.0 光 0
73.045 73.765 55.0 头 0
73.765 74.005 58.0 强 0
74.005 74.485 65.0 呀 0
74.485 74.965 65.0 光 0
74.965 75.445 60.0 头 0
75.989 76.229 55.0 强 0
76.229 76.469 62.0 拍 0
76.469 76.709 60.0 拍 0
76.709 76.949 58.0 屁 0
76.949 77.189 60.0 股 0
77.189 77.429 62.0 站 0
77.441 77.909 65.0 起 0
77.909 78.149 60.0 来 0
78.149 78.389 62.0 从 0
78.389 78.869 58.0 不 0
78.869 79.589 55.0 忧 0
95.115 95.355 55.0 伤 0
95.355 95.595 55.0 手 0
95.595 95.835 55.0 中 0
95.835 96.075 57.0 一 0
96.075 96.315 58.0 把 0
96.315 96.555 63.0 小 0
96.555 97.035 62.0 猎 0
97.035 97.395 60.0 枪 0
97.395 97.515 58.0 嗵 0
97.515 97.755 57.0 的 0
97.755 97.995 58.0 一 0
98.007 98.475 60.0 声 0
99.101 99.341 53.0 响 0
99.341 99.581 53.0 圆 0
99.581 99.821 53.0 圆 0
99.821 100.061 55.0 惊 0
100.061 100.301 57.0 恐 0
100.313 100.541 58.0 的 0
100.541 100.781 60.0 眼 0
101.021 101.381 58.0 睛 0
101.381 101.501 60.0 睡 0
101.501 101.741 62.0 不 0
101.741 101.981 63.0 醒 0
101.981 102.461 62.0 的 0
102.838 103.078 55.0 样 0
103.078 103.318 55.0 听 0
103.318 103.558 55.0 说 0
103.558 103.798 57.0 什 0
103.798 104.038 58.0 么 0
104.038 104.278 62.0 倒 0
104.278 104.518 62.0 霉 0
104.518 104.758 62.0 的 0
104.758 104.998 60.0 事 0
104.998 105.238 58.0 都 0
105.238 105.478 57.0 让 0
105.478 105.718 58.0 你 0
105.718 106.198 60.0 遇 0
106.696 106.936 53.0 上 0
106.936 107.176 53.0 听 0
107.176 107.416 53.0 说 0
107.416 107.656 55.0 你 0
107.656 108.136 60.0 的 0
108.136 108.376 60.0 名 0
108.376 108.616 62.0 字 0
108.616 109.108 60.0 叫 0
109.108 109.576 62.0 光 0
109.576 110.056 55.0 头 0
110.612 110.852 55.0 强 0
110.852 111.092 55.0 一 0
111.092 111.332 55.0 顶 0
111.332 111.572 57.0 黄 0
111.572 111.812 58.0 色 0
111.812 112.052 62.0 安 0
112.052 112.532 62.0 全 0
112.532 112.772 60.0 帽 0
112.772 113.012 58.0 电 0
113.012 113.252 57.0 锯 0
113.252 113.492 58.0 在 0
113.492 113.972 60.0 手 0
114.33 114.69 53.0 上 0
114.69 114.81 53.0 对 0
114.81 115.05 53.0 着 0
115.05 115.29 55.0 天 0
115.29 115.53 57.0 空 0
115.53 115.77 60.0 大 0
115.77 116.01 60.0 声 0
116.25 116.61 58.0 喊 0
116.61 116.73 60.0 我 0
116.73 116.97 62.0 是 0
116.97 117.21 63.0 森 0
117.222 117.69 62.0 林 0
118.212 118.452 55.0 王 0
118.452 118.692 55.0 遇 0
118.692 118.932 55.0 到 0
118.932 119.172 57.0 天 0
119.172 119.412 58.0 大 0
119.412 119.652 62.0 的 0
119.652 119.892 62.0 事 0
119.892 120.132 62.0 都 0
120.132 120.372 60.0 是 0
120.372 120.612 58.0 自 0
120.612 120.852 57.0 己 0
120.852 121.092 58.0 一 0
121.104 121.572 60.0 人 0
122.141 122.381 53.0 扛 0
122.381 122.621 53.0 熊 0
122.621 122.861 53.0 大 0
122.861 123.101 55.0 熊 0
123.101 123.341 57.0 二 0
123.341 123.581 60.0 永 0
123.581 123.821 60.0 远 0
124.061 124.541 57.0 在 0
124.541 125.021 65.0 你 0
125.021 125.501 63.0 的 0
125.513 125.981 62.0 身 0
126.005 126.485 55.0 旁 0
126.485 126.965 55.0 光 0
126.965 127.685 55.0 头 0
127.685 127.925 58.0 强 0
127.925 128.405 62.0 呀 0
128.405 128.885 60.0 光 0
128.885 129.365 55.0 头 0
129.866 130.106 55.0 强 0
130.106 130.346 58.0 你 0
130.358 130.826 58.0 的 0
130.826 131.066 58.0 头 0
131.066 131.306 58.0 真 0
131.306 131.546 55.0 的 0
131.546 131.786 58.0 有 0
131.786 132.266 65.0 点 0
132.266 132.746 62.0 光 0
132.746 133.226 62.0 光 0
133.604 134.084 55.0 光 0
134.084 134.564 55.0 光 0
134.564 135.284 55.0 头 0
135.284 135.524 58.0 强 0
135.524 136.004 65.0 呀 0
136.004 136.484 65.0 光 0
136.484 136.964 60.0 头 0
137.288 137.528 60.0 强 0
137.528 137.768 55.0 你 0
137.768 138.008 62.0 长 0
138.008 138.248 60.0 得 0
138.248 138.488 58.0 有 0
138.488 138.968 60.0 点 0
138.968 139.208 62.0 太 0
139.208 140.888 65.0 紧 0
141.321 141.801 55.0 张 0
141.801 142.281 55.0 光 0
142.281 143.001 55.0 头 0
143.001 143.241 58.0 强 0
143.241 143.721 62.0 呀 0
143.721 144.201 60.0 光 0
144.201 144.681 55.0 头 0
145.03 145.27 55.0 强 0
145.27 145.51 58.0 你 0
145.522 145.99 58.0 的 0
145.99 146.23 58.0 头 0
146.23 146.47 58.0 真 0
146.47 146.71 55.0 的 0
146.71 146.95 58.0 有 0
146.95 147.43 65.0 点 0
147.43 147.91 62.0 光 0
147.91 148.39 62.0 光 0
148.96 149.44 55.0 光 0
149.44 149.92 55.0 光 0
149.92 150.64 55.0 头 0
150.64 150.88 58.0 强 0
150.88 151.36 65.0 呀 0
151.36 151.84 65.0 光 0
151.84 152.32 60.0 头 0
152.716 152.956 55.0 强 0
152.956 153.196 62.0 拍 0
153.196 153.436 60.0 拍 0
153.436 153.676 58.0 屁 0
153.676 153.916 60.0 股 0
153.916 154.156 62.0 站 0
154.168 154.636 65.0 起 0
154.636 154.876 60.0 来 0
154.876 155.116 62.0 从 0
155.116 155.596 58.0 不 0
155.596 156.316 55.0 忧 0
172.076 172.556 55.0 伤 0
172.556 173.036 55.0 光 0
173.036 173.756 55.0 头 0
173.756 173.996 58.0 强 0
173.996 174.476 62.0 呀 0
174.476 174.956 60.0 光 0
174.956 175.436 55.0 头 0
175.845 176.085 55.0 强 0
176.085 176.325 58.0 你 0
176.337 176.805 58.0 的 0
176.805 177.045 58.0 头 0
177.045 177.285 58.0 真 0
177.285 177.525 55.0 的 0
177.525 177.765 58.0 有 0
177.765 178.245 65.0 点 0
178.245 178.725 62.0 光 0
178.725 179.205 62.0 光 0
179.726 180.206 55.0 光 0
180.206 180.686 55.0 光 0
180.686 181.406 55.0 头 0
181.406 181.646 58.0 强 0
181.646 182.126 65.0 呀 0
182.126 182.606 65.0 光 0
182.606 183.086 60.0 头 0
183.255 183.495 60.0 强 0
183.495 183.735 55.0 你 0
183.735 183.975 62.0 长 0
183.975 184.215 60.0 得 0
184.215 184.455 58.0 有 0
184.455 184.935 60.0 点 0
184.935 185.175 62.0 太 0
185.175 186.855 65.0 紧 0
187.271 187.751 55.0 张 0
187.751 188.231 55.0 光 0
188.231 188.951 55.0 头 0
188.951 189.191 58.0 强 0
189.191 189.671 62.0 呀 0
189.671 190.151 60.0 光 0
190.151 190.631 55.0 头 0
191.232 191.472 55.0 强 0
191.472 191.712 58.0 你 0
191.724 192.192 58.0 的 0
192.192 192.432 58.0 头 0
192.432 192.672 58.0 真 0
192.672 192.912 55.0 的 0
192.912 193.152 58.0 有 0
193.152 193.632 65.0 点 0
193.632 194.112 62.0 光 0
194.112 194.592 62.0 光 0
195.045 195.525 55.0 光 0
195.525 196.005 55.0 光 0
196.005 196.725 55.0 头 0
196.725 196.965 58.0 强 0
196.965 197.445 65.0 呀 0
197.445 197.925 65.0 光 0
197.925 198.405 60.0 头 0
198.981 199.221 55.0 强 0
199.221 199.461 62.0 拍 0
199.461 199.701 60.0 拍 0
199.701 199.941 58.0 屁 0
199.941 200.181 60.0 股 0
200.181 200.421 62.0 站 0
200.433 200.901 65.0 起 0
200.901 201.141 62.0 来 0
201.141 201.381 60.0 从 0
201.381 201.861 62.0 不 0
201.873 202.821 67.0 忧 0
