17.743 18.314 53.0 那 0
18.314 18.86 62.0 天 0
18.86 19.132 62.0 你 0
19.132 19.405 62.0 找 0
19.405 19.678 62.0 我 0
19.678 19.951 60.0 - 0
19.951 20.223 58.0 谈 0
20.223 21.041 60.0 心 1
21.323 21.596 60.0 阳 0
21.596 22.141 62.0 光 0
22.141 22.414 60.0 下 0
22.414 22.96 60.0 看 0
22.96 23.232 58.0 到 0
23.232 23.505 58.0 你 0
23.505 23.778 58.0 羞 0
23.778 24.05 58.0 涩 0
24.05 24.323 57.0 的 0
24.323 24.596 55.0 表 0
24.596 25.414 53.0 情 1
25.601 25.874 53.0 并 0
25.874 26.146 55.0 没 0
26.146 26.419 53.0 有 0
26.419 26.692 55.0 太 0
26.692 27.783 58.0 多 0
27.783 28.055 53.0 太 0
28.055 28.328 53.0 多 0
28.328 28.601 55.0 的 0
28.601 28.874 60.0 话 0
28.874 29.692 58.0 语 1
29.903 30.176 53.0 可 0
30.176 30.449 63.0 我 0
30.449 30.722 62.0 已 0
30.722 30.994 63.0 经 0
30.994 31.267 62.0 意 0
31.267 31.54 58.0 识 0
31.54 32.085 53.0 到 0
32.085 32.631 62.0 这 0
32.631 32.903 65.0 段 0
32.903 33.176 58.0 感 0
33.176 34.54 60.0 情 1
35.236 35.782 53.0 我 0
35.782 36.327 62.0 们 0
36.327 36.6 62.0 一 0
36.6 36.873 62.0 起 0
36.873 37.145 60.0 坐 0
37.145 37.418 60.0 在 0
37.418 37.691 60.0 咖 0
37.691 37.964 58.0 啡 0
37.964 38.509 60.0 厅 1
38.703 38.975 60.0 我 0
38.975 39.521 62.0 们 0
39.521 39.794 60.0 一 0
39.794 40.339 60.0 起 0
40.339 40.612 58.0 吃 0
40.612 40.885 58.0 你 0
40.885 41.157 58.0 爱 0
41.157 41.43 58.0 吃 0
41.43 41.703 57.0 的 0
41.703 41.975 55.0 冰 0
41.975 42.248 53.0 淇 0
42.248 42.521 55.0 - 0
42.521 42.93 53.0 淋 1
43.001 43.274 53.0 我 0
43.274 43.547 55.0 们 0
43.547 43.82 53.0 是 0
43.82 44.092 55.0 对 0
44.092 44.91 58.0 方 0
45.183 45.456 53.0 最 0
45.456 45.729 53.0 美 0
45.729 46.001 53.0 的 0
46.001 46.274 60.0 记 0
46.274 47.092 58.0 忆 1
47.375 47.648 53.0 你 0
47.648 47.92 63.0 挽 0
47.92 48.193 62.0 着 0
48.193 48.466 63.0 我 0
48.466 48.739 62.0 的 0
48.739 49.011 58.0 手 0
49.011 49.557 53.0 臂 1
49.612 49.885 53.0 幸 0
49.885 50.157 63.0 福 0
50.157 50.43 62.0 的 0
50.43 50.703 63.0 走 0
50.703 50.975 62.0 在 0
50.975 51.521 58.0 人 0
51.521 51.794 60.0 群 0
51.794 52.885 60.0 里 0
52.885 54.794 58.0 - 1
56.205 56.478 65.0 就 0
56.478 56.751 65.0 在 0
56.751 57.023 58.0 - 0
57.023 57.569 58.0 一 0
57.569 58.114 65.0 起 0
58.114 58.387 65.0 谁 0
58.387 58.66 65.0 让 0
58.66 58.933 65.0 我 0
58.933 59.205 67.0 们 0
59.205 59.478 60.0 相 0
59.478 60.296 60.0 遇 1
60.57 60.843 53.0 以 0
60.843 61.115 60.0 后 0
61.115 61.388 62.0 - 0
61.388 61.661 60.0 的 0
61.661 61.934 60.0 日 0
61.934 62.206 58.0 - 0
62.206 62.479 58.0 子 0
62.479 62.752 58.0 我 0
62.752 63.024 55.0 们 0
63.024 63.297 58.0 一 0
63.297 63.57 60.0 起 0
63.57 63.843 62.0 相 0
63.843 64.934 62.0 依 1
65.19 65.463 60.0 我 0
65.463 65.736 60.0 会 0
65.736 66.008 60.0 宠 0
66.008 66.281 58.0 着 0
66.281 67.372 55.0 你 0
67.372 67.645 62.0 我 0
67.645 67.918 60.0 会 0
67.918 68.19 60.0 纵 0
68.19 68.463 58.0 容 0
68.463 69.554 60.0 你 1
69.64 69.913 62.0 谁 0
69.913 70.185 60.0 要 0
70.185 70.458 60.0 欺 0
70.458 70.731 58.0 负 0
70.731 71.276 60.0 你 0
71.276 71.549 60.0 我 0
71.549 71.822 62.0 就 0
71.822 72.094 63.0 站 0
72.094 72.367 62.0 出 0
72.367 72.64 63.0 保 0
72.64 72.913 63.0 护 0
72.913 73.185 65.0 - 0
73.185 73.731 60.0 你 1
73.733 74.006 65.0 就 0
74.006 74.278 65.0 在 0
74.278 74.551 63.0 - 0
74.551 74.824 63.0 一 0
74.824 75.096 62.0 - 0
75.096 75.642 62.0 起 0
75.642 75.915 62.0 一 0
75.915 76.187 62.0 生 0
76.187 76.46 62.0 相 0
76.46 76.733 63.0 守 0
76.733 77.006 65.0 不 0
77.006 77.551 65.0 弃 0
77.551 78.028 67.0 - 1
78.065 78.338 58.0 就 0
78.338 78.884 58.0 在 0
78.884 79.429 60.0 一 0
79.429 79.975 62.0 起 0
79.975 80.247 62.0 谁 0
80.247 80.52 60.0 都 0
80.52 80.793 62.0 不 0
80.793 81.065 60.0 许 0
81.065 81.338 62.0 说 0
81.338 81.611 63.0 分 0
81.611 81.884 62.0 - 0
81.884 82.702 62.0 离 1
82.702 82.975 60.0 这 0
82.975 83.247 62.0 - 0
83.247 83.52 60.0 段 0
83.52 83.793 58.0 恋 0
83.793 84.611 55.0 情 0
84.611 84.884 62.0 是 0
84.884 85.429 62.0 上 0
85.429 85.702 60.0 天 0
85.702 85.975 58.0 给 0
85.975 86.793 60.0 予 1
87.088 87.361 62.0 会 0
87.361 87.634 60.0 - 0
87.634 87.907 60.0 让 0
87.907 88.179 58.0 我 0
88.179 88.725 60.0 们 0
88.725 88.998 60.0 成 0
88.998 89.27 62.0 为 0
89.27 89.543 63.0 这 0
89.543 89.816 62.0 个 0
89.816 90.088 63.0 世 0
90.088 90.634 65.0 界 0
90.634 92.543 60.0 上 1
93.178 93.451 53.0 最 0
93.451 93.724 53.0 美 0
93.724 93.996 58.0 的 0
93.996 94.405 60.0 情 0
94.405 96.178 58.0 侣 1
98.795 99.067 53.0 你 0
99.067 99.613 62.0 笑 0
99.886 100.158 62.0 我 0
100.158 100.431 62.0 陪 0
100.431 100.704 60.0 着 0
100.704 100.977 58.0 你 0
100.977 101.795 60.0 笑 1
101.929 102.202 60.0 你 0
102.202 102.748 62.0 哭 0
102.748 103.02 60.0 我 0
103.02 103.566 60.0 就 0
103.566 103.839 58.0 在 0
103.839 104.111 58.0 你 0
104.111 104.384 58.0 身 0
104.384 104.657 58.0 边 0
104.657 104.929 57.0 逗 0
104.929 105.202 55.0 你 0
105.202 105.475 53.0 开 0
105.475 105.748 55.0 - 0
105.748 106.02 53.0 心 1
106.312 106.585 53.0 如 0
106.585 106.858 55.0 果 0
106.858 107.13 53.0 你 0
107.13 107.403 55.0 生 0
107.403 108.153 58.0 气 0
108.767 109.312 58.0 不 0
109.312 109.585 55.0 理 0
109.585 109.858 53.0 我 1
110.644 110.916 53.0 我 0
110.916 111.189 55.0 就 0
111.189 111.462 53.0 - 0
111.462 111.735 53.0 会 0
111.735 111.939 62.0 厚 0
112.007 112.28 58.0 - 0
112.28 112.553 58.0 着 0
112.553 112.826 58.0 脸 0
112.826 113.098 55.0 皮 0
113.098 113.371 62.0 向 0
113.371 113.644 60.0 你 0
113.644 113.917 58.0 贴 0
113.917 115.28 60.0 近 1
115.877 116.422 53.0 在 0
116.422 116.968 62.0 这 0
116.968 117.24 62.0 我 0
117.24 117.513 62.0 们 0
117.513 117.786 62.0 共 0
117.786 118.058 60.0 同 0
118.058 118.331 58.0 呼 0
118.331 118.604 60.0 吸 1
119.5 119.773 60.0 不 0
119.773 120.318 62.0 管 0
120.318 120.591 60.0 未 0
120.591 121.136 60.0 来 0
121.136 121.409 58.0 怎 0
121.409 121.682 58.0 样 0
121.682 121.955 58.0 都 0
121.955 122.227 58.0 无 0
122.227 122.5 57.0 所 0
122.5 122.773 55.0 畏 0
122.773 123.318 53.0 惧 1
123.742 124.014 53.0 一 0
124.014 124.287 55.0 辈 0
124.287 124.56 53.0 子 0
124.56 124.833 55.0 都 0
124.833 125.651 58.0 说 0
126.196 126.742 53.0 我 0
126.742 127.014 60.0 爱 0
127.014 127.833 58.0 你 1
128.218 128.491 53.0 让 0
128.491 128.764 63.0 整 0
128.764 129.037 62.0 个 0
129.037 129.309 63.0 城 0
129.309 129.582 62.0 市 1
129.6 129.873 58.0 聆 0
129.873 130.418 53.0 听 0
130.418 130.691 53.0 着 0
130.691 130.964 63.0 我 0
130.964 131.236 62.0 们 0
131.236 131.509 63.0 幸 0
131.509 131.782 62.0 福 0
131.782 132.191 58.0 的 0
132.191 132.6 60.0 声 0
132.6 133.691 60.0 音 0
133.691 134.509 58.0 - 1
134.751 135.024 65.0 就 0
135.024 135.296 65.0 在 0
135.296 135.569 58.0 - 0
135.569 136.114 58.0 一 0
136.114 136.251 63.0 - 0
136.251 136.66 65.0 起 0
136.66 136.933 65.0 谁 0
136.933 137.205 65.0 让 0
137.205 137.478 65.0 我 0
137.478 137.751 67.0 们 0
137.751 138.024 62.0 相 0
138.024 138.842 60.0 遇 1
139.17 139.443 53.0 以 0
139.443 139.716 60.0 后 0
139.716 139.989 62.0 - 0
139.989 140.261 60.0 的 0
140.261 140.534 61.0 日 0
140.534 140.807 58.0 - 0
140.807 141.08 58.0 子 0
141.08 141.352 58.0 我 0
141.352 141.625 55.0 们 0
141.625 141.898 58.0 一 0
141.898 142.17 60.0 起 0
142.17 142.443 62.0 相 0
142.443 143.534 62.0 依 1
143.683 143.956 62.0 我 0
143.956 144.228 60.0 会 0
144.228 144.501 60.0 宠 0
144.501 144.774 58.0 着 0
144.774 145.865 55.0 你 0
145.865 146.137 60.0 我 0
146.137 146.41 60.0 会 0
146.41 146.683 60.0 纵 0
146.683 146.956 58.0 容 0
146.956 148.046 60.0 你 1
148.1 148.373 60.0 谁 0
148.373 148.646 60.0 要 0
148.646 148.919 60.0 欺 0
148.919 149.191 58.0 负 0
149.191 149.737 60.0 你 0
149.737 150.01 60.0 我 0
150.01 150.282 62.0 就 0
150.282 150.555 63.0 站 0
150.555 150.828 62.0 出 0
150.828 151.1 63.0 保 0
151.1 151.373 63.0 护 0
151.373 151.646 65.0 - 0
151.646 152.191 60.0 你 1
152.227 152.5 65.0 就 0
152.5 152.773 65.0 在 0
152.773 153.046 63.0 - 0
153.046 153.318 63.0 一 0
153.318 153.591 62.0 - 0
153.591 154.136 62.0 起 0
154.136 154.409 62.0 一 0
154.409 154.682 62.0 生 0
154.682 154.955 62.0 相 0
154.955 155.227 63.0 守 0
155.227 155.5 65.0 不 0
155.5 156.046 65.0 弃 0
156.046 156.523 67.0 - 1
156.54 156.813 58.0 就 0
156.813 157.358 58.0 在 0
157.358 157.904 60.0 一 0
157.904 158.449 62.0 起 0
158.449 158.722 62.0 谁 0
158.722 158.995 60.0 都 0
158.995 159.267 62.0 不 0
159.267 159.54 60.0 许 0
159.54 159.813 62.0 说 0
159.813 160.085 63.0 分 0
160.085 160.358 62.0 - 0
160.358 161.176 62.0 离 1
161.258 161.531 60.0 这 0
161.531 161.804 62.0 - 0
161.804 162.077 60.0 段 0
162.077 162.349 58.0 恋 0
162.349 163.167 55.0 情 0
163.167 163.44 62.0 是 0
163.44 163.986 62.0 上 0
163.986 164.258 60.0 天 0
164.258 164.531 58.0 给 0
164.531 165.349 60.0 予 1
165.522 165.795 62.0 会 0
165.795 166.067 60.0 - 0
166.067 166.34 60.0 让 0
166.34 166.613 58.0 我 0
166.613 167.158 60.0 们 0
167.158 167.431 60.0 成 0
167.431 167.704 62.0 为 0
167.704 167.977 63.0 这 0
167.977 168.249 62.0 个 0
168.249 168.522 63.0 世 0
168.522 169.067 65.0 界 0
169.067 170.977 60.0 上 1
171.881 172.153 53.0 最 0
172.153 172.426 53.0 美 0
172.426 172.699 58.0 的 0
172.699 173.108 60.0 情 0
173.108 174.881 58.0 侣 1
176.404 176.677 65.0 在 0
176.677 176.95 58.0 - 0
176.95 177.495 58.0 一 0
177.495 178.04 65.0 起 0
178.04 178.313 65.0 谁 0
178.313 178.586 65.0 让 0
178.586 178.859 65.0 我 0
178.859 179.131 67.0 们 0
179.131 179.404 60.0 相 0
179.404 180.222 60.0 遇 1
180.485 180.758 53.0 以 0
180.758 181.03 60.0 后 0
181.03 181.303 62.0 - 0
181.303 181.576 60.0 的 0
181.576 181.849 60.0 日 0
181.849 182.121 58.0 - 0
182.121 182.394 58.0 子 0
182.394 182.667 58.0 我 0
182.667 182.94 55.0 们 0
182.94 183.212 58.0 一 0
183.212 183.485 60.0 起 0
183.485 183.758 62.0 相 0
183.758 184.849 62.0 依 1
185.266 185.539 60.0 我 0
185.539 185.812 60.0 会 0
185.812 186.085 60.0 宠 0
186.085 186.357 58.0 着 0
186.357 187.448 55.0 你 0
187.448 187.721 60.0 我 0
187.721 187.994 60.0 会 0
187.994 188.266 60.0 纵 0
188.266 188.539 58.0 容 0
188.539 189.63 60.0 你 1
189.643 189.916 62.0 谁 0
189.916 190.188 60.0 要 0
190.188 190.461 60.0 欺 0
190.461 190.734 58.0 负 0
190.734 191.279 60.0 你 0
191.279 191.552 60.0 我 0
191.552 191.825 62.0 就 0
191.825 192.098 63.0 站 0
192.098 192.37 62.0 出 0
192.37 192.643 63.0 保 0
192.643 192.916 63.0 护 0
192.916 193.188 65.0 - 0
193.188 193.734 60.0 你 1
193.735 194.008 65.0 就 0
194.008 194.28 65.0 在 0
194.28 194.553 63.0 - 0
194.553 194.826 63.0 一 0
194.826 195.099 62.0 - 0
195.099 195.644 62.0 起 0
195.644 195.917 62.0 一 0
195.917 196.189 62.0 生 0
196.189 196.462 62.0 相 0
196.462 196.735 63.0 守 0
196.735 197.008 65.0 不 0
197.008 197.553 65.0 弃 0
197.553 198.03 67.0 - 1
198.036 198.308 58.0 就 0
198.308 198.854 58.0 在 0
198.854 199.399 60.0 一 0
199.399 199.945 62.0 起 0
199.945 200.217 62.0 谁 0
200.217 200.49 60.0 都 0
200.49 200.763 62.0 不 0
200.763 201.036 60.0 许 0
201.036 201.308 62.0 说 0
201.308 201.581 63.0 分 0
201.581 201.854 62.0 - 0
201.854 202.672 62.0 离 1
202.694 202.967 60.0 这 0
202.967 203.239 62.0 - 0
203.239 203.512 60.0 段 0
203.512 203.785 58.0 恋 0
203.785 204.603 55.0 情 0
204.603 204.876 62.0 是 0
204.876 205.148 60.0 上 0
205.148 205.421 60.0 天 0
205.421 205.694 60.0 给 0
205.694 206.785 60.0 予 1
206.977 207.249 62.0 会 0
207.249 207.522 60.0 - 0
207.522 207.795 60.0 让 0
207.795 208.067 58.0 我 0
208.067 208.613 60.0 们 0
208.613 208.886 60.0 成 0
208.886 209.158 62.0 为 0
209.158 209.431 63.0 这 0
209.431 209.704 62.0 个 0
209.704 209.977 63.0 世 0
209.977 210.522 65.0 界 0
210.522 212.431 60.0 上 1
213.315 213.588 53.0 最 0
213.588 213.861 53.0 美 0
213.861 214.133 58.0 的 0
214.133 214.474 60.0 情 0
214.474 216.315 58.0 侣 1
217.987 218.328 62.0 会 0
218.328 218.6 60.0 让 0
218.6 218.873 58.0 我 0
218.873 219.35 60.0 们 0
219.623 219.964 60.0 成 0
219.964 220.305 62.0 为 0
220.305 220.578 63.0 这 0
220.578 220.85 62.0 个 0
220.85 221.191 63.0 世 0
221.191 221.396 63.0 界 0
221.396 221.737 65.0 - 0
221.737 222.896 60.0 上 1
224.266 224.539 53.0 最 0
224.539 224.812 55.0 美 0
224.812 225.153 58.0 的 0
225.153 225.562 60.0 情 0
225.562 227.812 58.0 侣 1
