35.373 35.667 55.0 窗 0
35.667 36.255 57.0 - 0
36.255 36.549 50.0 外 0
36.549 37.137 53.0 细 0
37.137 37.431 55.0 雨 0
37.431 37.726 57.0 - 0
37.726 38.314 53.0 淅 0
38.314 38.608 55.0 淅 0
38.608 38.902 53.0 沥 0
38.902 39.49 50.0 沥 0
40.089 40.384 50.0 敲 0
40.384 40.678 62.0 打 0
40.678 40.972 62.0 寂 0
40.972 41.266 60.0 寞 0
41.266 41.854 55.0 溅 0
41.854 42.148 53.0 起 0
42.148 42.442 55.0 回 0
42.442 42.737 55.0 忆 0
42.737 43.325 57.0 - 0
44.641 44.935 55.0 想 0
44.935 45.524 57.0 - 0
45.524 45.818 65.0 - 0
45.818 46.406 62.0 起 0
46.406 46.994 60.0 那 0
46.994 47.288 60.0 些 0
47.288 47.583 62.0 美 0
47.583 47.877 50.0 - 0
47.877 48.171 57.0 好 0
48.171 48.465 55.0 过 0
49.359 49.653 55.0 去 0
49.653 49.947 57.0 你 0
49.947 50.242 55.0 的 0
50.242 50.536 53.0 面 0
50.536 51.124 60.0 容 0
51.124 51.418 57.0 渐 0
51.418 51.712 55.0 渐 0
51.712 52.889 57.0 清 0
54.172 54.466 55.0 晰 0
54.466 55.054 57.0 在 0
55.054 55.349 50.0 这 0
55.349 55.937 53.0 拥 0
55.937 56.231 55.0 挤 0
56.231 56.525 57.0 的 0
56.525 57.113 53.0 城 0
57.113 57.407 55.0 市 0
57.407 57.702 53.0 - 0
57.702 58.29 50.0 里 0
58.876 59.17 50.0 遍 0
59.17 59.464 62.0 寻 0
59.464 59.758 62.0 不 0
59.758 60.052 60.0 到 0
60.052 60.641 55.0 哪 0
60.641 60.935 53.0 个 0
60.935 61.229 55.0 是 0
61.229 61.523 55.0 你 0
61.523 62.111 57.0 - 0
63.467 64.349 57.0 多 0
64.349 64.643 65.0 - 0
64.643 65.232 62.0 情 0
65.232 65.82 60.0 自 0
65.82 66.408 50.0 古 0
66.408 66.702 53.0 伤 0
66.702 66.996 57.0 别 0
66.996 67.585 55.0 - 0
68.201 68.495 55.0 离 0
68.495 68.789 57.0 点 0
68.789 69.083 55.0 点 0
69.083 69.377 57.0 滴 0
69.377 69.671 58.0 滴 0
69.671 69.965 60.0 化 0
69.965 70.26 50.0 - 0
70.26 70.848 48.0 作 0
70.848 71.73 50.0 叹 0
72.938 73.82 62.0 息 0
73.82 74.114 57.0 天 0
74.114 74.408 65.0 在 0
74.408 74.702 62.0 下 0
74.702 75.144 62.0 - 0
75.291 75.879 60.0 雨 0
75.879 76.173 53.0 我 0
76.173 76.467 57.0 在 0
76.467 77.055 57.0 想 0
77.643 77.937 55.0 你 0
77.937 78.231 55.0 不 0
78.231 78.525 55.0 知 0
78.525 78.819 57.0 道 0
78.819 79.113 55.0 你 0
79.113 79.407 53.0 是 0
79.407 79.701 53.0 否 0
79.701 79.995 55.0 有 0
79.995 81.172 57.0 感 0
82.333 83.216 62.0 应 0
83.216 83.51 57.0 出 0
83.51 84.098 55.0 门 0
84.098 84.686 57.0 在 0
84.686 85.275 60.0 外 0
85.275 85.569 57.0 都 0
85.569 85.863 60.0 不 0
85.863 86.157 60.0 容 0
86.157 86.451 62.0 易 0
87.112 87.406 62.0 - 0
87.406 87.701 62.0 千 0
87.701 87.995 62.0 万 0
87.995 88.289 65.0 小 0
88.289 88.877 64.0 心 0
88.877 89.171 62.0 保 0
89.171 89.465 60.0 重 0
89.465 90.936 60.0 自 0
91.746 92.04 60.0 己 0
92.04 92.629 62.0 天 0
92.629 92.923 57.0 - 0
92.923 93.511 65.0 在 0
93.511 93.952 62.0 下 0
94.099 94.687 60.0 雨 0
94.687 94.981 53.0 我 0
94.981 95.276 60.0 在 0
95.276 95.864 57.0 想 0
96.121 96.415 53.0 你 0
96.415 96.709 55.0 你 0
96.709 97.003 55.0 是 0
97.003 97.297 55.0 否 0
97.297 97.592 57.0 知 0
97.592 98.18 55.0 道 0
98.18 98.474 53.0 我 0
98.474 98.768 55.0 的 0
98.768 99.944 57.0 情 0
101.145 101.439 60.0 意 0
101.439 102.027 62.0 也 0
102.027 102.321 57.0 - 0
102.321 102.91 55.0 许 0
102.91 103.498 57.0 有 0
103.498 104.086 60.0 人 0
104.086 104.38 57.0 把 0
104.38 104.674 60.0 我 0
104.674 104.968 60.0 代 0
104.968 105.263 62.0 替 0
105.834 106.128 62.0 - 0
106.128 106.422 62.0 我 0
106.422 106.716 62.0 会 0
106.716 107.01 65.0 永 0
107.01 107.304 64.0 远 0
107.304 107.893 62.0 祝 0
107.893 108.187 60.0 - 0
108.26 109.951 62.0 福 0
129.328 130.211 57.0 你 0
130.211 130.505 50.0 窗 0
130.505 131.093 53.0 外 0
131.093 131.387 55.0 细 0
131.387 131.681 57.0 雨 0
131.681 132.269 53.0 - 0
132.269 132.563 55.0 淅 0
132.563 132.858 53.0 淅 0
132.858 133.446 50.0 沥 0
134.129 134.423 50.0 沥 0
134.423 134.717 62.0 敲 0
134.717 135.011 62.0 打 0
135.011 135.306 60.0 寂 0
135.306 135.894 55.0 寞 0
135.894 136.188 53.0 溅 0
136.188 136.482 55.0 起 0
136.482 137.364 57.0 回 0
138.757 139.639 57.0 忆 0
139.639 139.933 65.0 想 0
139.933 140.522 62.0 起 0
140.522 141.11 60.0 那 0
141.11 141.698 62.0 些 0
141.698 141.992 50.0 美 0
141.992 142.286 57.0 好 0
142.286 142.58 55.0 过 0
143.454 143.748 55.0 去 0
143.748 144.042 57.0 你 0
144.042 144.336 55.0 的 0
144.336 144.63 53.0 面 0
144.63 145.219 60.0 容 0
145.219 145.513 57.0 渐 0
145.513 146.101 55.0 渐 0
146.101 146.983 57.0 清 0
148.237 148.531 55.0 晰 0
148.531 149.119 57.0 在 0
149.119 149.413 50.0 这 0
149.413 150.001 53.0 拥 0
150.001 150.296 55.0 挤 0
150.296 150.59 57.0 的 0
150.59 151.178 53.0 城 0
151.178 151.472 55.0 市 0
151.472 151.766 53.0 - 0
151.766 152.354 50.0 里 0
152.906 153.2 50.0 遍 0
153.2 153.494 62.0 寻 0
153.494 153.788 62.0 不 0
153.788 154.082 60.0 到 0
154.082 154.67 55.0 哪 0
154.67 154.964 53.0 个 0
154.964 155.259 55.0 是 0
155.259 155.553 55.0 你 0
155.553 156.141 57.0 - 0
157.642 158.525 57.0 多 0
158.525 158.819 65.0 情 0
158.819 159.407 62.0 自 0
159.407 159.995 60.0 古 0
159.995 160.584 50.0 伤 0
160.584 160.878 53.0 别 0
160.878 161.172 57.0 - 0
161.172 161.76 55.0 离 0
162.433 162.727 55.0 点 0
162.727 163.022 57.0 点 0
163.022 163.316 55.0 滴 0
163.316 163.61 57.0 滴 0
163.61 164.198 65.0 化 0
164.198 164.492 64.0 作 0
164.492 165.08 60.0 叹 0
165.08 166.257 62.0 息 0
167.046 167.929 62.0 天 0
167.929 168.223 57.0 在 0
168.223 168.517 65.0 下 0
168.517 168.811 62.0 - 0
168.811 169.252 62.0 雨 0
169.399 169.987 60.0 我 0
169.987 170.282 53.0 在 0
170.282 170.576 60.0 想 0
170.576 171.164 57.0 你 0
171.861 172.155 55.0 不 0
172.155 172.449 55.0 知 0
172.449 172.743 55.0 道 0
172.743 173.038 57.0 你 0
173.038 173.332 55.0 是 0
173.332 173.626 53.0 否 0
173.626 173.92 53.0 有 0
173.92 174.214 55.0 感 0
174.214 175.391 57.0 应 0
176.494 176.788 60.0 出 0
176.788 177.376 62.0 - 0
177.376 177.67 57.0 门 0
177.67 178.259 55.0 在 0
178.259 178.553 55.0 外 0
178.553 178.847 57.0 - 0
178.847 179.435 60.0 都 0
179.435 179.729 57.0 不 0
179.729 180.023 60.0 容 0
180.023 180.612 62.0 易 0
181.115 181.409 62.0 千 0
181.409 181.703 62.0 - 0
181.703 181.997 62.0 万 0
181.997 182.291 65.0 小 0
182.291 182.88 64.0 心 0
182.88 183.174 62.0 保 0
183.174 183.468 60.0 重 0
183.468 184.938 60.0 自 0
185.971 186.265 60.0 己 0
186.265 186.853 62.0 天 0
186.853 187.147 57.0 在 0
187.147 187.441 65.0 下 0
187.441 187.735 62.0 - 0
187.735 188.177 62.0 雨 0
188.324 188.912 60.0 我 0
188.912 189.206 53.0 在 0
189.206 189.5 60.0 想 0
189.5 190.088 57.0 你 0
190.344 190.638 53.0 你 0
190.638 190.932 55.0 是 0
190.932 191.226 55.0 否 0
191.226 191.52 55.0 知 0
191.52 191.814 57.0 道 0
191.814 192.402 55.0 我 0
192.402 192.696 53.0 的 0
192.696 192.991 55.0 情 0
192.991 194.167 57.0 意 0
195.3 196.182 62.0 也 0
196.182 196.476 57.0 许 0
196.476 197.064 55.0 有 0
197.064 197.652 57.0 人 0
197.652 198.241 60.0 把 0
198.241 198.535 57.0 我 0
198.535 198.829 60.0 代 0
198.829 199.123 60.0 替 0
199.123 199.417 62.0 - 0
200.066 200.361 62.0 我 0
200.361 200.655 62.0 会 0
200.655 200.949 62.0 永 0
200.949 201.243 65.0 远 0
201.243 201.537 64.0 祝 0
201.537 202.125 62.0 - 0
202.125 202.419 60.0 福 0
202.419 204.184 62.0 你 0
204.694 205.577 62.0 天 0
205.577 205.871 57.0 - 0
205.871 206.165 65.0 在 0
206.165 206.606 62.0 下 0
207.047 207.635 60.0 雨 0
207.635 207.93 53.0 我 0
207.93 208.224 60.0 在 0
208.224 208.518 55.0 想 0
208.518 208.812 57.0 你 0
209.453 209.747 55.0 - 0
209.747 210.041 55.0 不 0
210.041 210.336 55.0 知 0
210.336 210.63 57.0 道 0
210.63 210.924 55.0 你 0
210.924 211.218 53.0 是 0
211.218 211.512 53.0 否 0
211.512 212.1 60.0 有 0
212.1 212.688 57.0 感 0
214.032 214.326 60.0 应 0
214.326 214.914 62.0 出 0
214.914 215.209 57.0 - 0
215.209 215.797 55.0 门 0
215.797 216.385 57.0 在 0
216.385 216.973 60.0 外 0
216.973 217.267 57.0 都 0
217.267 217.561 60.0 不 0
217.561 218.15 62.0 容 0
218.917 219.211 62.0 易 0
219.211 219.505 62.0 千 0
219.505 219.799 62.0 万 0
219.799 220.093 65.0 小 0
220.093 220.535 64.0 心 0
220.535 220.976 62.0 保 0
220.976 221.27 60.0 重 0
221.27 223.035 60.0 自 0
223.474 223.768 60.0 己 0
223.768 224.356 62.0 天 0
224.356 224.65 57.0 - 0
224.65 224.944 65.0 在 0
224.944 225.239 65.0 下 0
225.239 225.68 62.0 - 0
225.827 226.415 60.0 雨 0
226.415 226.709 53.0 我 0
226.709 227.003 60.0 在 0
227.003 227.591 57.0 想 0
227.844 228.138 53.0 你 0
228.138 228.432 55.0 你 0
228.432 228.726 55.0 是 0
228.726 229.02 55.0 否 0
229.02 229.314 57.0 知 0
229.314 229.608 55.0 道 0
229.608 229.902 53.0 我 0
230.197 230.491 58.0 的 0
230.491 230.785 60.0 情 0
230.785 231.667 57.0 - 0
232.9 233.194 60.0 意 0
233.194 233.782 62.0 也 0
233.782 234.076 57.0 - 0
234.076 234.664 55.0 许 0
234.664 235.253 57.0 有 0
235.253 235.841 60.0 人 0
235.841 236.135 57.0 把 0
236.135 236.429 60.0 我 0
236.429 237.017 62.0 代 0
237.638 237.933 62.0 替 0
237.933 238.227 62.0 我 0
238.227 238.521 62.0 会 0
238.521 238.815 65.0 永 0
238.815 239.109 64.0 远 0
239.109 239.697 62.0 祝 0
239.697 239.991 60.0 - 0
239.991 241.756 62.0 福 0
242.301 242.595 62.0 你 0
242.595 242.89 62.0 我 0
242.89 243.184 62.0 会 0
243.184 243.478 65.0 永 0
243.478 243.772 64.0 远 0
243.772 244.36 62.0 祝 0
244.36 245.684 60.0 - 0
247.007 250.537 62.0 福 0
