29.837 30.05 50.0 爱 0
30.061 30.498 53.0 过 0
30.509 30.721 57.0 的 0
30.733 31.393 58.0 人 0
32.524 32.736 60.0 我 0
32.757 33.184 57.0 已 0
33.195 33.632 55.0 不 0
33.643 33.856 53.0 再 0
33.858 34.072 53.0 拥 0
34.081 34.527 55.0 - 0
34.539 35.199 50.0 有 1
36.952 37.165 50.0 许 0
37.176 37.613 53.0 多 0
37.624 37.837 57.0 故 0
37.848 38.508 58.0 事 0
39.639 39.852 60.0 有 0
39.863 40.299 55.0 伤 0
40.31 40.738 53.0 心 0
40.758 40.971 53.0 的 0
40.982 41.419 60.0 理 0
41.43 42.09 62.0 由 1
42.947 43.16 58.0 这 0
43.171 43.384 60.0 一 0
43.395 43.831 60.0 次 0
43.833 44.279 60.0 我 0
44.29 44.503 60.0 的 0
44.514 44.951 58.0 爱 0
44.962 45.622 60.0 情 0
46.529 46.742 57.0 等 0
46.753 46.966 58.0 不 0
46.977 47.413 58.0 到 0
47.415 47.861 58.0 天 0
47.872 48.309 57.0 长 0
48.32 48.533 53.0 地 0
48.544 49.204 55.0 久 1
50.402 50.615 50.0 错 0
50.626 51.063 51.0 过 0
51.074 51.286 58.0 的 0
51.298 51.734 58.0 人 0
52.193 52.406 60.0 是 0
52.417 52.854 55.0 否 0
52.865 53.301 55.0 可 0
53.313 53.525 53.0 以 0
53.536 53.973 55.0 回 0
53.984 55.092 57.0 首 1
58.485 58.697 50.0 爱 0
58.699 59.145 53.0 过 0
59.156 59.369 57.0 的 0
59.38 60.041 58.0 心 0
61.171 61.384 60.0 没 0
61.395 61.832 55.0 有 0
61.843 62.28 55.0 任 0
62.291 62.503 53.0 何 0
62.515 63.175 55.0 请 0
63.186 63.847 50.0 求 1
65.686 65.899 50.0 许 0
65.901 66.346 53.0 多 0
66.358 66.57 57.0 故 0
66.581 67.242 58.0 事 0
68.373 68.585 60.0 有 0
68.596 69.033 55.0 伤 0
69.044 69.481 55.0 心 0
69.492 69.705 53.0 的 0
69.716 70.152 60.0 理 0
70.164 70.824 62.0 由 1
71.664 71.876 58.0 这 0
71.888 72.1 60.0 一 0
72.111 72.548 60.0 次 0
72.559 72.996 60.0 我 0
73.007 73.22 60.0 的 0
73.231 73.667 58.0 爱 0
73.679 74.339 60.0 情 0
75.246 75.459 57.0 等 0
75.47 75.682 58.0 不 0
75.694 76.13 58.0 到 0
76.141 76.578 58.0 天 0
76.589 77.026 57.0 长 0
77.037 77.25 53.0 地 0
77.261 77.921 55.0 久 1
78.991 79.203 50.0 走 0
79.215 79.651 51.0 过 0
79.662 79.875 58.0 的 0
79.886 80.323 58.0 路 0
80.782 80.995 60.0 再 0
81.006 81.442 55.0 也 0
81.453 81.89 55.0 不 0
81.901 82.114 55.0 能 0
82.125 82.562 53.0 停 0
82.573 83.457 55.0 留 1
85.661 85.874 58.0 一 0
85.885 86.098 58.0 千 0
86.109 86.322 60.0 个 0
86.333 86.769 60.0 伤 0
86.781 87.217 62.0 心 0
87.228 87.441 60.0 的 0
87.452 87.889 58.0 理 0
87.9 88.56 60.0 由 1
89.384 89.597 60.0 一 0
89.608 89.821 60.0 千 0
89.832 90.045 62.0 个 0
90.056 90.493 62.0 伤 0
90.504 90.931 62.0 心 0
90.951 91.164 62.0 的 0
91.175 91.612 60.0 理 0
91.623 92.284 62.0 由 1
93.182 93.395 62.0 最 0
93.406 93.619 63.0 后 0
93.639 94.067 63.0 我 0
94.078 94.514 65.0 的 0
94.526 94.738 63.0 爱 0
94.749 95.186 62.0 情 0
95.207 95.432 65.0 在 0
95.432 95.652 67.0 - 0
95.652 95.858 65.0 - 0
95.869 96.305 65.0 故 0
96.317 96.753 63.0 事 0
96.764 97.201 58.0 里 0
97.212 98.32 58.0 慢 0
98.332 98.544 60.0 慢 0
98.555 98.973 60.0 陈 0
99.003 99.664 60.0 旧 1
100.027 100.239 58.0 一 0
100.25 100.463 58.0 千 0
100.474 100.687 60.0 个 0
100.698 101.135 60.0 伤 0
101.146 101.573 62.0 心 0
101.594 101.806 60.0 的 0
101.818 102.254 58.0 理 0
102.265 102.926 60.0 由 1
103.606 103.818 60.0 一 0
103.83 104.042 60.0 千 0
104.053 104.266 62.0 个 0
104.287 104.714 63.0 伤 0
104.725 105.162 63.0 心 0
105.173 105.385 62.0 的 0
105.397 105.833 60.0 理 0
105.844 106.505 62.0 由 1
107.476 107.688 62.0 最 0
107.699 107.912 63.0 后 0
107.914 108.36 63.0 在 0
108.39 108.808 65.0 别 0
108.828 109.041 63.0 人 0
109.043 109.479 62.0 的 0
109.481 109.716 65.0 故 0
109.726 109.946 67.0 - 0
109.946 110.151 65.0 - 0
110.162 110.608 65.0 事 0
110.61 111.058 63.0 里 0
111.058 111.494 62.0 我 0
111.517 113.509 58.0 被 0
114.192 114.629 55.0 遗 0
114.64 115.076 55.0 - 0
115.088 115.972 55.0 忘 1
115.981 117.108 58.0 啊 0
117.108 118.88 58.0 - 0
118.892 119.552 53.0 - 0
122.25 124.035 55.0 啊 0
124.052 125.608 58.0 - 0
125.608 126.716 57.0 - 0
126.727 128.955 65.0 哦 1
131.807 132.019 50.0 爱 0
132.03 132.467 55.0 过 0
132.478 132.691 57.0 的 0
132.702 133.363 58.0 心 0
134.493 134.706 60.0 没 0
134.717 135.154 57.0 有 0
135.165 135.601 55.0 任 0
135.613 135.825 53.0 何 0
135.836 136.497 55.0 请 0
136.508 137.169 50.0 求 1
138.983 139.195 50.0 许 0
139.207 139.643 55.0 多 0
139.654 139.867 57.0 故 0
139.878 140.539 58.0 事 0
141.669 141.882 60.0 有 0
141.884 142.33 55.0 伤 0
142.341 142.778 55.0 心 0
142.789 143.001 53.0 的 0
143.013 143.449 60.0 理 0
143.46 144.121 62.0 由 1
144.974 145.186 58.0 这 0
145.197 145.41 60.0 一 0
145.421 145.85 60.0 次 0
145.85 146.306 60.0 我 0
146.317 146.53 60.0 的 0
146.541 146.977 58.0 爱 0
146.988 147.649 60.0 情 0
148.556 148.768 57.0 等 0
148.78 148.992 58.0 不 0
149.003 149.44 60.0 到 0
149.451 149.888 60.0 天 0
149.899 150.112 57.0 长 0
150.123 150.559 53.0 地 0
150.571 151.231 55.0 久 1
152.416 152.628 50.0 走 0
152.639 153.076 51.0 过 0
153.087 153.3 58.0 的 0
153.311 153.748 58.0 路 0
154.207 154.419 60.0 再 0
154.431 154.867 55.0 也 0
154.878 155.315 55.0 不 0
155.326 155.539 55.0 能 0
155.55 155.986 53.0 停 0
155.998 156.882 55.0 留 1
159.141 159.354 58.0 一 0
159.365 159.578 58.0 千 0
159.589 159.801 60.0 个 0
159.813 160.249 60.0 伤 0
160.26 160.697 62.0 心 0
160.708 160.921 60.0 的 0
160.932 161.369 58.0 理 0
161.38 162.04 60.0 由 1
162.66 162.873 60.0 一 0
162.884 163.097 60.0 千 0
163.108 163.321 62.0 个 0
163.332 163.768 62.0 伤 0
163.779 164.216 63.0 心 0
164.227 164.44 62.0 的 0
164.451 164.888 60.0 理 0
164.899 165.559 62.0 由 1
166.487 166.7 62.0 最 0
166.711 166.916 63.0 后 0
166.916 167.371 63.0 我 0
167.383 167.819 65.0 的 0
167.83 168.043 63.0 爱 0
168.054 168.491 62.0 情 0
168.493 168.722 65.0 在 0
168.731 169.162 67.0 - 0
169.174 169.61 65.0 故 0
169.621 170.058 63.0 事 0
170.069 170.506 62.0 里 0
170.517 171.625 58.0 慢 0
171.636 171.849 60.0 慢 0
171.86 172.297 62.0 陈 0
172.308 172.968 60.0 旧 1
173.461 173.674 58.0 一 0
173.685 173.898 58.0 千 0
173.909 174.122 60.0 个 0
174.133 174.57 60.0 伤 0
174.581 175.017 62.0 心 0
175.029 175.241 60.0 的 0
175.252 175.689 58.0 理 0
175.7 176.361 60.0 由 1
177.086 177.299 60.0 一 0
177.31 177.523 60.0 千 0
177.534 177.747 62.0 个 0
177.758 178.195 62.0 伤 0
178.206 178.642 63.0 心 0
178.654 178.866 62.0 的 0
178.877 179.314 60.0 理 0
179.325 179.986 62.0 由 1
180.839 181.052 62.0 最 0
181.063 181.276 63.0 后 0
181.287 181.724 63.0 在 0
181.735 182.172 65.0 别 0
182.183 182.395 63.0 人 0
182.407 182.843 62.0 的 0
182.854 183.515 67.0 故 0
183.526 183.963 65.0 事 0
183.974 184.41 63.0 里 0
184.422 184.858 62.0 我 0
184.869 187.545 58.0 被 0
187.556 187.992 57.0 遗 0
188.004 188.44 55.0 - 0
188.451 189.336 55.0 忘 1
212.856 213.069 58.0 一 0
213.08 213.293 58.0 千 0
213.304 213.517 60.0 个 0
213.528 213.965 62.0 伤 0
213.976 214.412 62.0 心 0
214.423 214.636 60.0 的 0
214.647 215.084 58.0 理 0
215.095 215.756 60.0 由 1
216.434 216.647 60.0 一 0
216.658 216.871 60.0 千 0
216.882 217.095 62.0 个 0
217.106 217.543 63.0 伤 0
217.554 217.99 63.0 心 0
218.002 218.214 62.0 的 0
218.225 218.662 60.0 理 0
218.673 219.334 62.0 由 1
220.129 220.565 62.0 最 0
220.576 220.789 63.0 后 0
220.8 221.237 65.0 我 0
221.248 221.684 65.0 的 0
221.696 221.908 63.0 爱 0
221.92 222.356 62.0 情 0
222.367 223.028 67.0 在 0
223.039 223.476 65.0 故 0
223.487 223.923 63.0 事 0
223.934 224.371 62.0 里 0
224.382 225.49 58.0 慢 0
225.502 225.714 60.0 慢 0
225.726 226.162 62.0 陈 0
226.173 226.834 60.0 旧 1
227.264 227.476 58.0 一 0
227.488 227.7 58.0 千 0
227.711 227.924 60.0 个 0
227.935 228.372 62.0 伤 0
228.383 228.82 62.0 心 0
228.831 229.044 60.0 的 0
229.055 229.491 58.0 理 0
229.502 230.163 60.0 由 1
230.902 231.114 60.0 一 0
231.126 231.338 60.0 千 0
231.35 231.562 62.0 个 0
231.573 232.01 63.0 伤 0
232.021 232.458 63.0 心 0
232.469 232.682 62.0 的 0
232.693 233.129 60.0 理 0
233.141 233.801 62.0 由 1
234.675 234.887 62.0 最 0
234.899 235.111 63.0 后 0
235.122 235.559 65.0 在 0
235.57 236.007 65.0 别 0
236.018 236.455 63.0 人 0
236.466 236.678 62.0 的 0
236.69 237.35 67.0 故 0
237.361 237.798 65.0 事 0
237.809 238.246 63.0 里 0
238.257 238.693 62.0 我 0
238.705 244.067 58.0 被 0
244.973 245.41 57.0 遗 0
245.421 245.858 55.0 - 0
245.869 246.753 55.0 忘 0
246.764 248.992 58.0 啊 0
249.003 250.335 60.0 - 0
253.033 256.604 55.0 啊 0
256.615 259.962 65.0 - 0
260.869 263.768 67.0 - 1
