19.047 19.309 63.0 手 0
19.309 19.571 63.0 中 0
19.571 19.833 63.0 雕 0
19.833 20.095 63.0 刻 0
20.095 20.357 60.0 生 0
20.357 20.881 63.0 花 0
21.142 21.272 62.0 刀 0
21.272 21.402 62.0 锋 0
21.402 21.662 62.0 千 0
21.662 21.923 62.0 转 0
21.923 22.183 62.0 蜿 0
22.183 22.444 55.0 蜒 0
22.444 22.704 58.0 成 0
22.704 22.965 60.0 画 1
23.255 23.516 62.0 盛 0
23.516 23.777 62.0 名 0
23.777 24.038 62.0 功 0
24.038 24.299 62.0 德 0
24.299 24.559 62.0 塔 0
24.82 25.081 60.0 是 0
25.081 25.342 67.0 桥 0
25.342 25.602 65.0 畔 0
25.602 25.863 63.0 某 0
25.863 26.124 60.0 处 0
26.124 26.646 63.0 人 0
26.646 27.167 60.0 家 1
27.359 27.489 63.0 春 0
27.489 27.62 63.0 风 0
27.62 27.88 63.0 绕 0
27.88 28.141 63.0 过 0
28.141 28.402 63.0 发 0
28.402 28.663 60.0 梢 0
28.663 28.924 63.0 红 0
28.924 29.184 67.0 纱 0
29.445 29.706 62.0 刺 0
29.706 29.967 62.0 绣 0
29.967 30.227 62.0 赠 0
30.227 30.619 58.0 他 1
31.266 31.526 58.0 眉 0
31.526 31.787 58.0 目 0
31.787 32.048 58.0 刚 0
32.048 32.309 55.0 烈 0
32.309 32.569 58.0 拟 0
32.569 33.091 65.0 作 0
33.091 33.873 63.0 妆 0
34.134 34.656 60.0 嫁 1
35.604 35.865 67.0 轰 0
35.865 36.126 67.0 烈 0
36.126 36.386 63.0 流 0
36.386 36.647 63.0 沙 0
36.647 36.908 60.0 枕 0
36.908 37.169 60.0 上 0
37.169 37.429 60.0 白 0
37.429 37.69 67.0 发 0
37.69 37.951 65.0 杯 0
37.951 38.212 65.0 中 0
38.212 38.473 65.0 酒 0
38.473 38.733 65.0 比 0
38.733 39.255 58.0 划 1
39.708 39.969 58.0 年 0
39.969 40.23 58.0 少 0
40.23 40.491 58.0 风 0
40.491 40.752 55.0 雅 0
40.752 41.012 58.0 鲜 0
41.012 41.273 58.0 衣 0
41.273 41.534 58.0 怒 0
41.534 41.795 65.0 马 0
41.795 42.056 65.0 也 0
42.056 42.316 63.0 不 0
42.316 42.577 63.0 过 0
42.577 42.838 62.0 一 0
42.838 43.359 65.0 刹 0
43.359 43.62 63.0 那 1
43.907 44.168 67.0 难 0
44.168 44.429 67.0 免 0
44.429 44.689 63.0 疏 0
44.689 44.95 63.0 漏 0
44.95 45.211 60.0 儿 0
45.211 45.472 60.0 时 0
45.472 45.732 60.0 檐 0
45.732 45.993 67.0 下 0
45.993 46.384 65.0 莫 0
46.384 46.776 65.0 测 0
46.776 47.036 65.0 变 0
47.036 47.558 58.0 化 1
47.926 48.318 62.0 隔 0
48.318 48.709 62.0 却 0
48.709 48.97 62.0 山 0
48.97 49.491 62.0 海 0
49.491 49.752 58.0 转 0
49.752 50.013 58.0 身 0
50.013 50.274 65.0 从 0
50.274 50.535 63.0 容 0
50.797 51.058 65.0 煎 0
51.058 51.32 63.0 茶 0
51.32 51.581 60.0 - 1
68.604 68.865 60.0 一 0
68.865 69.126 72.0 生 0
69.126 69.387 72.0 长 1
69.499 69.76 67.0 重 0
69.76 69.89 67.0 寄 0
69.89 70.02 67.0 一 0
70.02 70.281 65.0 段 0
70.281 70.542 65.0 过 0
70.542 70.803 63.0 往 0
70.803 71.064 60.0 - 1
71.56 71.821 67.0 将 0
71.821 71.952 67.0 希 0
71.952 72.082 70.0 冀 0
72.082 72.343 67.0 都 0
72.343 72.604 65.0 流 0
72.604 73.125 58.0 放 0
73.647 73.908 67.0 可 0
73.908 74.038 67.0 曾 0
74.038 74.169 67.0 添 0
74.169 74.429 67.0 些 0
74.429 74.69 68.0 荒 0
74.69 74.951 70.0 唐 1
75.177 75.438 60.0 才 0
75.438 75.699 60.0 记 0
75.699 75.959 60.0 得 0
75.959 76.22 60.0 你 0
76.22 76.481 60.0 的 0
76.481 76.742 62.0 模 0
76.742 77.003 63.0 样 1
77.056 77.316 60.0 一 0
77.316 77.577 72.0 身 0
77.577 77.838 72.0 霜 1
77.868 78.129 67.0 谁 0
78.129 78.259 67.0 提 0
78.259 78.39 67.0 笔 0
78.39 78.651 67.0 只 0
78.651 78.911 65.0 两 0
78.911 79.172 63.0 行 0
79.172 79.433 60.0 - 1
79.767 80.028 67.0 换 0
80.028 80.158 67.0 一 0
80.158 80.288 70.0 隅 0
80.288 80.549 67.0 你 0
80.549 80.81 65.0 安 0
80.81 81.332 58.0 康 0
81.853 82.114 67.0 便 0
82.114 82.245 67.0 销 0
82.245 82.375 67.0 得 0
82.375 82.636 67.0 这 0
82.636 82.897 68.0 沧 0
82.897 83.157 70.0 桑 1
83.465 83.726 60.0 你 0
83.726 83.987 60.0 还 0
83.987 84.248 60.0 在 0
84.248 84.509 60.0 我 0
84.509 84.769 60.0 的 0
84.769 85.03 62.0 心 0
85.03 85.552 63.0 上 1
118.897 119.158 67.0 轰 0
119.158 119.419 67.0 烈 0
119.419 119.68 63.0 流 0
119.68 119.941 63.0 沙 0
119.941 120.202 60.0 枕 0
120.202 120.462 60.0 上 0
120.462 120.723 60.0 白 0
120.723 120.984 67.0 发 0
120.984 121.245 65.0 杯 0
121.245 121.506 65.0 中 0
121.506 121.767 65.0 酒 0
121.767 122.027 65.0 比 0
122.027 122.549 58.0 划 1
123.168 123.429 58.0 年 0
123.429 123.69 58.0 少 0
123.69 123.95 58.0 风 0
123.95 124.211 55.0 雅 0
124.211 124.472 58.0 鲜 0
124.472 124.733 58.0 衣 0
124.733 124.994 58.0 怒 0
124.994 125.255 65.0 马 0
125.255 125.515 65.0 也 0
125.515 125.776 63.0 不 0
125.776 126.037 63.0 过 0
126.037 126.298 62.0 一 0
126.298 126.82 65.0 刹 0
126.82 127.081 63.0 那 1
127.299 127.56 67.0 难 0
127.56 127.821 67.0 免 0
127.821 128.082 63.0 疏 0
128.082 128.343 63.0 漏 0
128.343 128.604 60.0 儿 0
128.604 128.865 60.0 时 0
128.865 129.125 60.0 檐 0
129.125 129.386 67.0 下 0
129.386 129.777 65.0 莫 0
129.777 130.169 65.0 测 0
130.169 130.43 65.0 变 0
130.43 130.951 58.0 化 1
131.43 131.821 62.0 隔 0
131.821 132.213 62.0 却 0
132.213 132.473 62.0 山 0
132.473 132.995 62.0 海 0
132.995 133.256 58.0 转 0
133.256 133.517 58.0 身 0
133.517 133.778 65.0 从 0
133.778 134.039 63.0 容 0
134.299 134.56 65.0 煎 0
134.56 134.821 63.0 茶 0
134.821 135.082 60.0 - 1
135.377 135.638 60.0 一 0
135.638 135.899 72.0 生 0
135.899 136.16 72.0 长 1
136.225 136.486 67.0 重 0
136.486 136.616 67.0 寄 0
136.616 136.746 67.0 一 0
136.746 137.007 65.0 段 0
137.007 137.268 65.0 过 0
137.268 137.529 63.0 往 0
137.529 137.79 60.0 - 1
138.355 138.616 67.0 将 0
138.616 138.746 67.0 希 0
138.746 138.877 70.0 冀 0
138.877 139.137 67.0 都 0
139.137 139.398 65.0 流 0
139.398 139.92 58.0 放 0
140.442 140.703 67.0 可 0
140.703 140.833 67.0 曾 0
140.833 140.964 67.0 添 0
140.964 141.225 67.0 些 0
141.225 141.486 68.0 荒 0
141.486 141.746 70.0 唐 1
141.996 142.257 60.0 才 0
142.257 142.518 60.0 记 0
142.518 142.779 60.0 得 0
142.779 143.04 60.0 你 0
143.04 143.301 60.0 的 0
143.301 143.562 62.0 模 0
143.562 143.823 63.0 样 1
143.849 144.109 60.0 一 0
144.109 144.37 72.0 身 0
144.37 144.631 72.0 霜 1
144.637 144.898 67.0 谁 0
144.898 145.029 67.0 提 0
145.029 145.159 67.0 笔 0
145.159 145.42 67.0 只 0
145.42 145.681 65.0 两 0
145.681 145.942 63.0 行 0
145.942 146.203 60.0 - 1
146.595 146.856 67.0 换 0
146.856 146.987 67.0 一 0
146.987 147.117 70.0 隅 0
147.117 147.378 67.0 你 0
147.378 147.639 65.0 安 0
147.639 148.161 58.0 康 0
148.683 148.943 67.0 便 0
148.943 149.074 67.0 销 0
149.074 149.204 67.0 得 0
149.204 149.465 67.0 这 0
149.465 149.726 68.0 沧 0
149.726 149.987 70.0 桑 1
150.208 150.469 60.0 你 0
150.469 150.73 60.0 还 0
150.73 150.991 60.0 在 0
150.991 151.251 60.0 我 0
151.251 151.512 60.0 的 0
151.512 151.773 62.0 心 0
151.773 152.034 63.0 上 1
152.064 152.325 60.0 一 0
152.325 152.586 72.0 生 0
152.586 152.847 72.0 长 1
152.902 153.163 67.0 重 0
153.163 153.424 67.0 寄 0
153.424 153.684 65.0 一 0
153.684 153.945 65.0 段 0
153.945 154.206 63.0 过 0
154.206 154.467 60.0 往 1
155.005 155.266 67.0 将 0
155.266 155.396 67.0 希 0
155.396 155.527 70.0 冀 0
155.527 155.788 67.0 都 0
155.788 156.049 65.0 流 0
156.049 156.57 58.0 放 0
157.092 157.353 67.0 可 0
157.353 157.483 67.0 曾 0
157.483 157.614 67.0 添 0
157.614 157.875 67.0 些 0
157.875 158.136 68.0 荒 0
158.136 158.397 70.0 唐 1
158.575 158.836 60.0 才 0
158.836 159.097 60.0 记 0
159.097 159.358 60.0 得 0
159.358 159.619 60.0 你 0
159.619 159.88 60.0 的 0
159.88 160.141 62.0 模 0
160.141 160.402 63.0 样 1
160.459 160.72 60.0 一 0
160.72 160.98 72.0 身 0
160.98 161.241 72.0 霜 1
161.299 161.56 67.0 谁 0
161.56 161.691 67.0 提 0
161.691 161.821 67.0 笔 0
161.821 162.082 67.0 只 0
162.082 162.343 65.0 两 0
162.343 162.604 63.0 行 0
162.604 162.865 60.0 - 1
163.303 163.563 67.0 换 0
163.563 163.694 67.0 一 0
163.694 163.824 70.0 隅 0
163.824 164.085 67.0 你 0
164.085 164.346 65.0 安 0
164.346 164.868 58.0 康 0
165.39 165.651 67.0 便 0
165.651 165.781 67.0 销 0
165.781 165.911 67.0 得 0
165.911 166.172 67.0 这 0
166.172 166.433 68.0 沧 0
166.433 166.694 70.0 桑 1
166.904 167.165 60.0 你 0
167.165 167.426 60.0 还 0
167.426 167.687 60.0 在 0
167.687 167.948 60.0 我 0
167.948 168.208 60.0 的 0
168.208 168.469 62.0 心 0
168.469 168.991 63.0 上 1
