16.104 16.344 51.0 像 0
16.344 16.584 53.0 我 0
16.584 16.825 56.0 这 0
16.825 17.065 53.0 样 0
17.065 17.546 56.0 优 0
17.546 17.786 53.0 秀 0
17.786 18.026 51.0 的 0
18.026 18.775 53.0 人 1
20.052 20.291 51.0 本 0
20.291 20.531 53.0 该 0
20.531 20.77 56.0 灿 0
20.77 21.009 53.0 烂 0
21.009 21.487 56.0 过 0
21.487 21.965 51.0 一 0
21.965 22.934 53.0 生 1
23.834 24.076 44.0 怎 0
24.076 24.319 46.0 么 0
24.319 24.561 49.0 二 0
24.561 24.803 46.0 十 0
24.803 25.288 49.0 多 0
25.288 25.772 49.0 年 0
25.772 26.014 44.0 到 0
26.014 26.499 46.0 头 0
26.499 27.225 49.0 来 1
27.705 27.946 51.0 还 0
27.946 28.186 53.0 在 0
28.186 28.427 51.0 人 0
28.427 28.668 53.0 海 0
28.668 29.149 46.0 里 0
29.149 29.39 49.0 浮 0
29.39 30.357 51.0 沉 1
31.734 31.976 51.0 像 0
31.976 32.219 53.0 我 0
32.219 32.461 56.0 这 0
32.461 32.703 53.0 样 0
32.703 32.945 56.0 聪 0
32.945 33.43 53.0 明 0
33.43 33.672 51.0 的 0
33.672 34.396 53.0 人 1
35.536 35.777 51.0 早 0
35.777 36.018 53.0 就 0
36.018 36.26 56.0 告 0
36.26 36.501 53.0 别 0
36.501 36.743 51.0 了 0
36.743 37.226 56.0 单 0
37.226 38.442 53.0 纯 1
39.443 39.681 44.0 怎 0
39.681 39.918 46.0 么 0
39.918 40.155 49.0 还 0
40.155 40.393 46.0 是 0
40.393 41.105 49.0 用 0
41.105 41.342 46.0 了 0
41.342 41.59 44.0 一 0
41.59 42.085 46.0 段 0
42.085 42.828 49.0 情 1
43.171 43.411 49.0 去 0
43.411 43.89 51.0 换 0
43.89 44.13 49.0 一 0
44.13 44.609 49.0 身 0
44.609 44.849 51.0 伤 0
44.849 46.048 53.0 痕 1
47.065 47.305 49.0 像 0
47.305 47.544 61.0 我 0
47.544 47.784 60.0 这 0
47.784 48.024 60.0 样 0
48.024 48.264 60.0 迷 0
48.264 48.743 58.0 茫 0
48.743 48.983 53.0 的 0
48.983 49.954 56.0 人 1
51.05 51.287 51.0 像 0
51.287 51.525 49.0 我 0
51.525 51.762 49.0 这 0
51.762 52.0 49.0 样 0
52.0 52.237 46.0 寻 0
52.237 52.713 46.0 找 0
52.713 52.95 49.0 的 0
52.95 53.945 53.0 人 1
54.902 55.141 49.0 像 0
55.141 55.38 61.0 我 0
55.38 55.619 61.0 这 0
55.619 55.858 60.0 样 0
55.858 56.097 60.0 碌 0
56.097 56.575 58.0 碌 0
56.575 56.814 60.0 无 0
56.814 57.304 58.0 为 0
57.304 57.549 53.0 的 0
57.549 58.285 56.0 人 1
58.741 58.982 49.0 你 0
58.982 59.222 49.0 还 0
59.222 59.463 51.0 见 0
59.463 59.704 49.0 过 0
59.704 60.185 49.0 多 0
60.185 60.426 46.0 少 0
60.426 62.103 49.0 人 1
81.938 82.179 51.0 像 0
82.179 82.42 53.0 我 0
82.42 82.661 56.0 这 0
82.661 82.901 53.0 样 0
82.901 83.383 56.0 庸 0
83.383 83.624 51.0 俗 0
83.624 83.865 51.0 的 0
83.865 84.591 53.0 人 1
85.873 86.113 53.0 从 0
86.113 86.353 53.0 不 0
86.353 86.593 51.0 喜 0
86.593 86.833 53.0 欢 0
86.833 87.314 56.0 装 0
87.314 87.554 56.0 深 0
87.554 88.524 53.0 沉 1
89.596 89.839 44.0 怎 0
89.839 90.083 46.0 么 0
90.083 90.326 49.0 偶 0
90.326 90.57 46.0 尔 0
90.57 91.056 49.0 听 0
91.056 91.543 46.0 到 0
91.543 91.785 44.0 老 0
91.785 92.268 46.0 歌 0
92.268 92.993 49.0 时 1
93.524 93.765 51.0 忽 0
93.765 94.249 51.0 然 0
94.249 94.49 49.0 也 0
94.49 94.974 46.0 晃 0
94.974 95.215 49.0 了 0
95.215 96.18 51.0 神 1
97.344 97.585 51.0 像 0
97.585 97.826 53.0 我 0
97.826 98.067 56.0 这 0
98.067 98.308 53.0 样 0
98.308 98.79 56.0 懦 0
98.79 99.031 53.0 弱 0
99.031 99.272 51.0 的 0
99.272 100.004 53.0 人 1
101.322 101.562 51.0 凡 0
101.562 101.803 53.0 事 0
101.803 102.043 56.0 都 0
102.043 102.283 53.0 要 0
102.283 102.764 56.0 留 0
102.764 103.004 51.0 几 0
103.004 103.975 53.0 分 1
105.153 105.394 44.0 怎 0
105.394 105.635 46.0 么 0
105.635 105.876 49.0 曾 0
105.876 106.117 49.0 经 0
106.117 106.599 46.0 也 0
106.599 107.081 49.0 会 0
107.081 107.563 44.0 为 0
107.563 107.804 46.0 了 0
107.804 108.527 49.0 谁 1
108.967 109.208 49.0 想 0
109.208 109.69 51.0 过 0
109.69 109.931 49.0 奋 0
109.931 110.413 49.0 不 0
110.413 110.654 51.0 顾 0
110.654 111.862 53.0 身 1
112.863 113.107 49.0 像 0
113.107 113.351 61.0 我 0
113.351 113.595 61.0 这 0
113.595 113.839 60.0 样 0
113.839 114.145 60.0 迷 0
114.145 114.572 58.0 茫 0
114.572 114.816 53.0 的 0
114.816 115.791 56.0 人 1
116.761 117.0 51.0 像 0
117.0 117.239 49.0 我 0
117.239 117.478 49.0 这 0
117.478 117.718 49.0 样 0
117.718 117.957 49.0 寻 0
117.957 118.435 46.0 找 0
118.435 118.674 49.0 的 0
118.674 119.651 53.0 人 1
120.741 120.984 49.0 像 0
120.984 121.228 61.0 我 0
121.228 121.471 61.0 这 0
121.471 121.714 60.0 样 0
121.714 121.957 60.0 碌 0
121.957 122.443 58.0 碌 0
122.443 122.686 58.0 无 0
122.686 123.168 58.0 为 0
123.168 123.409 53.0 的 0
123.409 124.132 56.0 人 1
124.603 124.844 58.0 你 0
124.844 125.085 60.0 还 0
125.085 125.326 61.0 见 0
125.326 125.567 60.0 过 0
125.567 126.049 61.0 多 0
126.049 126.29 58.0 少 0
126.29 127.962 60.0 人 1
128.467 128.709 61.0 像 0
128.709 128.952 60.0 我 0
128.952 129.194 61.0 这 0
129.194 129.437 60.0 样 0
129.437 129.68 61.0 孤 0
129.68 130.165 61.0 单 0
130.165 130.407 63.0 的 0
130.407 130.893 60.0 人 0
130.893 131.863 56.0 - 1
132.197 132.438 58.0 像 0
132.438 132.679 56.0 我 0
132.679 132.92 58.0 这 0
132.92 133.161 56.0 样 0
133.161 133.643 51.0 傻 0
133.643 133.884 56.0 的 0
133.884 134.86 53.0 人 1
136.112 136.355 49.0 像 0
136.355 136.598 61.0 我 0
136.598 136.841 61.0 这 0
136.841 137.084 60.0 样 0
137.084 137.327 60.0 不 0
137.327 137.813 58.0 甘 0
137.813 138.056 58.0 平 0
138.056 138.536 58.0 凡 0
138.536 138.776 53.0 的 0
138.776 139.496 56.0 人 1
139.935 140.179 51.0 世 0
140.179 140.422 49.0 界 0
140.422 140.665 49.0 上 0
140.665 140.908 49.0 有 0
140.908 141.394 49.0 多 0
141.394 141.637 46.0 少 0
141.637 142.852 49.0 人 1
145.76 146.031 49.0 像 0
146.031 146.302 61.0 我 0
146.302 146.573 61.0 这 0
146.573 146.844 60.0 样 0
146.844 147.115 60.0 莫 0
147.115 147.657 58.0 名 0
147.657 147.928 58.0 其 0
147.928 148.184 58.0 妙 0
148.184 148.439 53.0 - 0
148.439 148.695 53.0 的 0
148.695 149.461 56.0 人 1
150.126 150.44 51.0 会 0
150.44 150.755 49.0 不 0
150.755 151.069 49.0 会 0
151.069 151.384 49.0 有 0
151.384 152.641 49.0 人 0
154.765 155.403 46.0 心 0
155.403 157.982 49.0 疼 1
