17.901 18.713 56.0 当 0
18.713 18.983 48.0 你 0
18.983 19.254 48.0 走 0
19.254 19.795 56.0 进 0
19.795 20.066 48.0 这 0
20.066 20.614 50.0 欢 0
20.614 20.888 50.0 乐 0
20.888 21.162 48.0 - 0
21.162 21.71 46.0 场 1
22.278 22.828 49.0 背 0
22.828 23.378 41.0 上 0
23.378 23.928 43.0 所 0
23.928 24.204 44.0 有 0
24.204 24.479 46.0 的 0
24.479 25.285 48.0 梦 0
25.285 25.553 46.0 与 0
25.553 26.091 48.0 想 1
26.522 26.794 48.0 各 0
26.794 27.339 49.0 色 0
27.339 27.611 48.0 的 0
27.611 28.156 49.0 脸 0
28.156 28.701 53.0 上 0
28.701 28.973 48.0 各 0
28.973 29.245 49.0 - 0
29.245 29.518 48.0 色 0
29.518 29.79 44.0 的 0
29.79 30.335 48.0 妆 1
30.906 31.724 48.0 没 0
31.724 31.996 49.0 人 0
31.996 32.268 48.0 记 0
32.268 32.541 41.0 - 0
32.541 33.085 41.0 得 0
33.085 33.365 43.0 你 0
33.365 33.645 44.0 的 0
33.645 34.206 49.0 模 0
34.206 34.766 48.0 样 1
35.278 36.089 56.0 三 0
36.089 36.36 53.0 巡 0
36.36 36.63 53.0 酒 0
36.63 37.171 56.0 过 0
37.171 37.442 53.0 你 0
37.442 38.262 56.0 在 0
38.262 38.536 48.0 角 0
38.536 39.083 55.0 落 1
39.607 40.152 55.0 固 0
40.152 40.424 55.0 执 0
40.424 40.697 53.0 的 0
40.697 40.969 55.0 唱 0
40.969 41.242 56.0 - 0
41.242 41.514 55.0 着 0
41.514 41.787 53.0 - 0
41.787 42.33 51.0 苦 0
42.33 42.602 51.0 涩 0
42.602 42.873 46.0 的 0
42.873 43.416 48.0 歌 1
43.991 44.26 46.0 听 0
44.26 44.797 48.0 他 0
44.797 45.065 46.0 在 0
45.065 45.334 48.0 喧 0
45.334 45.87 49.0 嚣 0
45.87 46.139 48.0 里 0
46.139 46.415 48.0 被 0
46.415 46.967 56.0 淹 0
46.967 47.795 53.0 没 1
48.213 48.489 53.0 你 0
48.489 48.761 56.0 拿 0
48.761 49.306 58.0 - 0
49.306 49.578 56.0 起 0
49.578 49.851 56.0 酒 0
49.851 50.395 58.0 杯 0
50.395 50.667 56.0 对 0
50.667 50.938 58.0 自 0
50.938 51.208 56.0 - 0
51.208 51.479 55.0 己 0
51.479 52.29 58.0 说 1
52.792 53.067 56.0 一 0
53.067 53.343 56.0 杯 0
53.343 53.619 56.0 敬 0
53.619 53.894 55.0 朝 0
53.894 54.721 56.0 阳 0
54.721 55.272 55.0 一 0
55.272 55.548 60.0 杯 0
55.548 55.824 60.0 敬 0
55.824 56.099 58.0 月 0
56.099 56.651 60.0 光 1
57.122 57.39 53.0 唤 0
57.39 57.658 52.0 醒 0
57.658 57.926 53.0 我 0
57.926 58.194 55.0 的 0
58.194 58.462 56.0 向 0
58.462 58.731 53.0 - 0
58.731 59.267 53.0 往 0
59.267 59.542 52.0 温 0
59.542 59.818 53.0 柔 0
59.818 60.094 55.0 了 0
60.094 60.369 52.0 寒 0
60.369 60.645 48.0 窗 1
61.022 61.298 46.0 于 0
61.298 61.573 48.0 是 0
61.573 61.84 49.0 可 0
61.84 62.108 48.0 以 0
62.108 62.375 46.0 不 0
62.375 62.642 48.0 回 0
62.642 62.91 49.0 头 0
62.91 63.444 60.0 地 0
63.444 63.988 58.0 逆 0
63.988 64.264 60.0 风 0
64.264 64.541 55.0 飞 0
64.541 65.37 56.0 翔 1
65.89 66.161 58.0 不 0
66.161 66.431 58.0 怕 0
66.431 66.702 58.0 心 0
66.702 66.972 58.0 头 0
66.972 67.242 58.0 有 0
67.242 67.783 53.0 雨 0
67.783 68.054 58.0 眼 0
68.054 68.328 60.0 - 0
68.328 68.603 55.0 底 0
68.603 68.877 55.0 有 0
68.877 69.7 60.0 霜 1
70.223 70.49 56.0 一 0
70.49 70.757 56.0 杯 0
70.757 71.025 56.0 敬 0
71.025 71.292 55.0 故 0
71.292 72.094 56.0 乡 0
72.094 72.641 55.0 一 0
72.641 72.92 60.0 杯 0
72.92 73.2 60.0 敬 0
73.2 73.479 58.0 远 0
73.479 74.039 60.0 方 1
74.605 74.876 53.0 守 0
74.876 75.146 52.0 着 0
75.146 75.417 53.0 我 0
75.417 75.687 55.0 的 0
75.687 75.958 56.0 善 0
75.958 76.229 53.0 - 0
76.229 76.77 53.0 良 0
76.77 77.042 52.0 催 0
77.042 77.314 53.0 着 0
77.314 77.586 55.0 我 0
77.586 77.858 52.0 成 0
77.858 78.129 48.0 长 1
78.32 78.592 46.0 所 0
78.592 78.864 48.0 以 0
78.864 79.138 49.0 南 0
79.138 79.411 48.0 北 0
79.411 79.684 46.0 的 0
79.684 79.958 48.0 路 0
79.958 80.231 49.0 从 0
80.231 80.778 60.0 此 0
80.778 81.327 58.0 不 0
81.327 81.603 60.0 再 0
81.603 81.879 55.0 漫 0
81.879 82.707 56.0 长 1
83.394 83.669 53.0 灵 0
83.669 83.944 56.0 魂 0
83.944 84.22 58.0 不 0
84.22 84.495 60.0 再 0
84.495 84.77 55.0 无 0
84.77 85.321 58.0 处 0
85.321 85.867 56.0 安 0
85.867 87.761 53.0 放 1
107.286 107.565 56.0 一 0
107.565 107.845 56.0 杯 0
107.845 108.124 56.0 敬 0
108.124 108.404 55.0 明 0
108.404 109.242 56.0 天 0
109.242 109.794 55.0 一 0
109.794 110.066 60.0 杯 0
110.066 110.339 60.0 敬 0
110.339 110.612 58.0 过 0
110.612 111.157 60.0 往 1
111.747 112.017 53.0 支 0
112.017 112.286 52.0 撑 0
112.286 112.556 53.0 我 0
112.556 112.825 55.0 的 0
112.825 113.364 56.0 身 0
113.364 113.903 53.0 体 0
113.903 114.178 52.0 厚 0
114.178 114.452 53.0 重 0
114.452 114.726 55.0 了 0
114.726 115.0 52.0 肩 0
115.0 115.275 48.0 膀 1
115.411 115.685 46.0 虽 0
115.685 115.959 48.0 然 0
115.959 116.232 49.0 从 0
116.232 116.504 48.0 不 0
116.504 116.776 46.0 相 0
116.776 117.048 48.0 信 0
117.048 117.321 49.0 所 0
117.321 117.865 60.0 谓 0
117.865 118.41 58.0 山 0
118.41 118.683 60.0 高 0
118.683 118.955 55.0 水 0
118.955 119.773 56.0 长 1
120.393 120.666 58.0 人 0
120.666 120.939 58.0 生 0
120.939 121.212 58.0 苦 0
121.212 121.485 53.0 短 0
121.485 121.758 58.0 何 0
121.758 122.031 60.0 必 0
122.031 122.304 55.0 - 0
122.304 122.847 55.0 念 0
122.847 123.116 56.0 念 0
123.116 123.386 61.0 不 0
123.386 123.655 61.0 - 0
123.655 123.925 60.0 - 0
123.925 124.464 60.0 忘 1
124.691 124.967 56.0 一 0
124.967 125.243 56.0 杯 0
125.243 125.52 56.0 敬 0
125.52 125.796 55.0 自 0
125.796 126.624 56.0 由 0
126.624 127.175 55.0 一 0
127.175 127.45 60.0 杯 0
127.45 127.725 60.0 敬 0
127.725 128.0 58.0 死 0
128.0 128.55 60.0 亡 1
129.162 129.433 53.0 宽 0
129.433 129.703 52.0 恕 0
129.703 129.973 53.0 我 0
129.973 130.243 55.0 的 0
130.243 130.784 56.0 平 0
130.784 131.324 53.0 凡 0
131.324 131.597 52.0 驱 0
131.597 131.87 53.0 散 0
131.87 132.143 55.0 了 0
132.143 132.416 52.0 迷 0
132.416 132.689 48.0 惘 1
132.893 133.165 46.0 好 0
133.165 133.438 48.0 吧 0
133.438 133.71 49.0 天 0
133.71 133.982 48.0 亮 0
133.982 134.254 46.0 之 0
134.254 134.526 48.0 后 0
134.526 134.798 49.0 总 0
134.798 135.342 60.0 是 0
135.342 135.89 58.0 潦 0
135.89 136.167 60.0 草 0
136.167 136.444 55.0 离 0
136.444 137.275 53.0 场 1
137.877 138.15 58.0 清 0
138.15 138.422 53.0 醒 0
138.422 138.695 58.0 的 0
138.695 139.24 60.0 人 0
139.24 139.784 55.0 最 0
139.784 140.057 56.0 荒 0
140.057 140.595 53.0 唐 0
140.595 141.134 53.0 - 1
141.721 141.99 46.0 好 0
141.99 142.26 48.0 吧 0
142.26 142.533 49.0 天 0
142.533 142.807 48.0 亮 0
142.807 143.081 46.0 之 0
143.081 143.354 48.0 后 0
143.354 143.628 49.0 总 0
143.628 144.175 60.0 是 0
144.175 144.709 58.0 潦 0
144.709 144.968 60.0 草 0
144.968 145.228 55.0 离 0
145.228 145.747 53.0 场 1
146.55 146.875 58.0 清 0
146.875 147.2 53.0 醒 0
147.2 147.459 58.0 的 0
147.459 148.109 60.0 人 0
148.109 148.628 55.0 最 0
148.628 148.932 56.0 荒 0
148.932 150.758 53.0 唐 1
