8.65 9.122 64.0 甜 0
9.122 9.593 66.0 - 0
9.593 10.064 69.0 蜜 0
10.064 10.535 71.0 - 0
10.535 11.949 66.0 蜜 0
11.949 12.42 62.0 你 0
12.42 13.12 64.0 笑 0
13.12 13.353 62.0 得 0
13.353 13.82 64.0 甜 0
13.82 14.287 69.0 蜜 0
14.287 14.756 69.0 蜜 0
14.756 15.695 66.0 - 1
16.188 16.659 64.0 好 0
16.659 17.13 64.0 像 0
17.13 17.602 64.0 花 0
17.602 18.073 66.0 儿 0
18.073 18.544 62.0 开 0
18.544 19.015 62.0 在 0
19.015 19.486 59.0 春 0
19.486 19.957 57.0 风 0
19.957 20.881 62.0 里 1
21.31 21.772 64.0 开 0
21.772 22.479 66.0 在 0
22.479 22.714 64.0 - 0
22.714 23.186 66.0 春 0
23.186 23.657 69.0 风 0
23.657 25.516 64.0 里 1
27.266 27.735 64.0 在 0
27.735 28.204 66.0 - 0
28.204 28.674 69.0 哪 0
28.674 29.143 71.0 - 0
29.143 30.589 66.0 里 0
30.589 31.072 62.0 在 0
31.072 31.778 64.0 哪 0
31.778 32.014 62.0 里 0
32.014 32.485 64.0 见 0
32.485 32.956 69.0 过 0
32.956 34.379 66.0 你 1
34.922 35.389 64.0 你 0
35.389 35.856 64.0 的 0
35.856 36.324 64.0 笑 0
36.324 36.791 66.0 容 0
36.791 37.264 64.0 这 0
37.264 37.736 62.0 样 0
37.736 38.208 59.0 熟 0
38.208 38.681 57.0 - 0
38.681 39.622 62.0 悉 1
40.208 40.679 66.0 我 0
40.679 41.15 64.0 一 0
41.15 41.621 62.0 时 0
41.621 42.092 59.0 想 0
42.092 42.563 57.0 不 0
42.563 44.424 62.0 起 1
46.276 48.155 66.0 啊 0
48.155 49.085 57.0 在 0
49.085 49.55 59.0 梦 0
49.55 50.015 57.0 - 0
50.015 52.826 62.0 里 1
53.593 54.068 59.0 梦 0
54.068 54.543 62.0 - 0
54.543 55.018 59.0 里 0
55.018 55.493 62.0 - 0
55.493 55.979 59.0 梦 0
55.979 56.465 62.0 里 0
56.465 56.951 59.0 见 0
56.951 57.437 57.0 过 0
57.437 60.205 66.0 你 1
61.25 61.726 59.0 甜 0
61.726 62.203 62.0 - 0
62.203 62.679 59.0 蜜 0
62.679 63.156 62.0 - 0
63.156 63.632 59.0 笑 0
63.632 64.108 62.0 得 0
64.108 64.585 59.0 多 0
64.585 65.061 57.0 甜 0
65.061 67.421 66.0 蜜 1
68.293 68.771 69.0 是 0
68.771 69.25 69.0 你 0
70.206 70.684 69.0 是 0
70.684 71.163 69.0 你 0
72.119 72.598 71.0 梦 0
72.598 73.057 69.0 见 0
73.057 73.517 69.0 的 0
73.517 73.977 69.0 就 0
73.977 74.437 69.0 是 0
74.437 75.923 69.0 你 1
76.382 76.852 64.0 在 0
76.852 77.322 66.0 - 0
77.322 77.792 69.0 哪 0
77.792 78.262 71.0 - 0
78.262 79.694 66.0 里 0
79.694 80.172 62.0 在 0
80.172 80.879 64.0 哪 0
80.879 81.115 62.0 里 0
81.115 81.587 64.0 见 0
81.587 82.058 69.0 过 0
82.058 82.527 69.0 你 0
82.527 83.465 66.0 - 1
84.02 84.489 64.0 你 0
84.489 84.958 64.0 的 0
84.958 85.427 64.0 笑 0
85.427 85.896 64.0 容 0
85.896 86.363 64.0 这 0
86.363 86.829 62.0 样 0
86.829 87.296 59.0 熟 0
87.296 87.762 57.0 - 0
87.762 88.703 62.0 悉 1
89.262 89.732 66.0 我 0
89.732 90.205 64.0 一 0
90.205 90.678 62.0 时 0
90.678 91.151 59.0 想 0
91.151 91.624 59.0 不 0
91.624 93.973 62.0 起 1
95.309 97.165 66.0 啊 0
97.165 98.101 57.0 在 0
98.101 98.569 59.0 梦 0
98.569 99.037 57.0 - 0
99.037 101.392 62.0 里 1
121.53 122.455 66.0 在 0
122.455 122.917 69.0 哪 0
122.917 123.38 71.0 - 0
123.38 124.814 66.0 里 0
124.814 125.293 62.0 在 0
125.293 125.995 64.0 哪 0
125.995 126.229 62.0 里 0
126.229 126.697 64.0 见 0
126.697 127.165 69.0 过 0
127.165 128.553 66.0 你 1
129.127 129.599 64.0 你 0
129.599 130.071 64.0 的 0
130.071 130.543 64.0 笑 0
130.543 131.016 66.0 容 0
131.016 131.488 64.0 这 0
131.488 131.961 62.0 样 0
131.961 132.434 59.0 熟 0
132.434 132.907 57.0 - 0
132.907 133.838 62.0 悉 1
134.121 134.587 66.0 我 0
134.587 135.05 64.0 一 0
135.05 135.514 62.0 时 0
135.514 135.978 59.0 想 0
135.978 136.442 57.0 不 0
136.442 138.747 62.0 起 1
140.284 142.115 66.0 啊 0
142.115 143.051 57.0 在 0
143.051 143.519 59.0 梦 0
143.519 143.987 57.0 - 0
143.987 146.783 62.0 里 1
147.598 148.065 59.0 梦 0
148.065 148.531 62.0 - 0
148.531 148.998 59.0 里 0
148.998 149.465 62.0 - 0
149.465 149.932 59.0 梦 0
149.932 150.398 62.0 里 0
150.398 150.865 59.0 见 0
150.865 151.332 57.0 过 0
151.332 154.177 66.0 你 1
155.243 155.717 59.0 甜 0
155.717 156.19 62.0 - 0
156.19 156.664 59.0 蜜 0
156.664 157.137 62.0 - 0
157.137 157.611 59.0 笑 0
157.611 158.084 62.0 得 0
158.084 158.558 59.0 多 0
158.558 159.031 57.0 甜 0
159.031 161.399 66.0 蜜 1
162.256 162.73 71.0 是 0
162.73 163.194 69.0 你 0
164.121 164.585 71.0 是 0
164.585 165.049 69.0 你 0
165.977 166.441 71.0 梦 0
166.441 166.891 69.0 见 0
166.891 167.341 71.0 的 0
167.341 167.791 69.0 就 0
167.791 168.241 71.0 是 0
168.241 169.746 69.0 你 1
170.319 171.242 66.0 在 0
171.242 171.703 69.0 哪 0
171.703 172.165 71.0 - 0
172.165 173.587 66.0 里 0
173.587 174.061 62.0 在 0
174.061 174.768 64.0 哪 0
174.768 175.003 62.0 里 0
175.003 175.474 64.0 见 0
175.474 175.945 69.0 过 0
175.945 177.114 66.0 你 1
177.796 178.267 64.0 你 0
178.267 178.738 64.0 的 0
178.738 179.209 64.0 笑 0
179.209 179.68 66.0 容 0
179.68 180.151 64.0 这 0
180.151 180.622 62.0 样 0
180.622 181.093 59.0 熟 0
181.093 181.564 57.0 - 0
181.564 182.5 62.0 悉 1
182.946 183.414 66.0 我 0
183.414 183.876 64.0 一 0
183.876 184.339 62.0 时 0
184.339 184.802 59.0 想 0
184.802 185.265 57.0 不 0
185.265 187.146 62.0 起 1
189.108 191.006 66.0 啊 0
191.006 191.939 57.0 在 0
191.939 192.406 59.0 梦 0
192.406 192.873 59.0 - 0
192.873 195.644 62.0 里 1
