33.273 33.599 46.0 让 0
33.599 34.251 51.0 我 0
34.577 35.229 53.0 掉 0
35.229 35.555 55.0 下 0
35.555 35.881 58.0 眼 0
35.881 36.207 55.0 泪 0
36.207 36.86 55.0 的 1
37.323 37.649 48.0 不 0
37.649 38.301 51.0 止 0
38.627 38.953 53.0 昨 0
38.953 39.279 51.0 夜 0
39.279 39.605 48.0 的 0
39.605 40.257 46.0 酒 1
41.159 41.485 46.0 让 0
41.485 42.137 51.0 我 0
42.463 43.115 53.0 依 0
43.115 43.441 55.0 依 0
43.441 43.767 60.0 不 0
43.767 44.093 55.0 舍 0
44.093 44.746 58.0 的 1
45.198 45.524 55.0 不 0
45.524 46.176 51.0 止 0
46.176 46.502 51.0 你 0
46.502 47.154 53.0 的 0
47.154 47.48 58.0 温 0
47.48 47.806 53.0 柔 0
47.806 48.459 53.0 - 1
49.025 49.351 55.0 余 0
49.351 50.329 58.0 路 0
50.329 50.655 58.0 还 0
50.655 50.981 55.0 - 0
50.981 51.307 58.0 要 0
51.307 51.633 60.0 走 0
51.633 51.96 63.0 多 0
51.96 52.612 60.0 久 1
52.888 53.214 55.0 你 0
53.214 53.54 53.0 攥 0
53.54 53.866 51.0 - 0
53.866 54.192 51.0 着 0
54.192 54.844 53.0 我 0
54.844 55.17 55.0 的 0
55.17 55.823 55.0 手 1
56.921 57.247 55.0 让 0
57.247 57.899 58.0 我 0
58.551 58.877 55.0 感 0
58.877 59.203 55.0 到 0
59.203 59.53 53.0 为 0
59.53 59.856 51.0 难 0
59.856 60.508 51.0 的 1
60.688 61.014 46.0 是 0
61.014 61.666 53.0 挣 0
61.666 61.992 51.0 扎 0
61.992 62.644 55.0 的 0
62.644 62.97 53.0 自 0
62.97 64.275 51.0 由 1
66.649 66.976 46.0 分 0
66.976 67.628 51.0 别 0
67.954 68.606 53.0 总 0
68.606 68.932 55.0 是 0
68.932 69.258 58.0 在 0
69.258 69.584 55.0 九 0
69.584 70.236 55.0 月 1
70.548 70.875 48.0 回 0
70.875 71.527 51.0 忆 0
71.527 71.853 51.0 是 0
71.853 72.179 53.0 思 0
72.179 72.505 51.0 念 0
72.505 72.831 48.0 的 0
72.831 73.483 46.0 愁 1
74.457 74.783 46.0 深 0
74.783 75.435 51.0 秋 0
75.761 76.413 53.0 嫩 0
76.413 76.739 55.0 绿 0
76.739 77.065 60.0 的 0
77.065 77.391 55.0 垂 0
77.391 78.043 58.0 柳 1
78.446 78.772 55.0 亲 0
78.772 79.424 51.0 吻 0
79.424 79.75 51.0 着 0
79.75 80.402 53.0 我 0
80.402 80.728 58.0 额 0
80.728 81.054 53.0 头 0
81.054 81.706 53.0 - 1
82.242 82.568 55.0 在 0
82.568 83.22 58.0 那 0
83.22 83.546 58.0 座 0
83.546 83.872 58.0 阴 0
83.872 84.198 55.0 雨 0
84.198 84.524 58.0 的 0
84.524 85.176 60.0 小 0
85.176 85.502 60.0 城 0
85.502 86.155 60.0 里 1
86.266 86.592 55.0 我 0
86.592 86.918 53.0 从 0
86.918 87.244 51.0 - 0
87.244 87.57 51.0 未 0
87.57 88.222 53.0 忘 0
88.222 88.548 58.0 记 0
88.548 89.2 55.0 你 1
90.057 90.383 55.0 成 0
90.383 91.035 58.0 都 0
92.013 92.176 53.0 带 0
92.176 92.339 53.0 不 0
92.339 92.665 48.0 走 0
92.665 92.991 51.0 的 0
93.318 93.97 51.0 只 0
93.97 94.296 53.0 有 0
94.296 95.613 51.0 你 1
97.969 98.295 55.0 和 0
98.295 98.947 58.0 我 0
98.947 99.273 58.0 在 0
99.273 99.599 58.0 成 0
99.599 99.925 55.0 都 0
99.925 100.251 58.0 的 0
100.251 100.903 60.0 街 0
100.903 101.23 60.0 头 0
101.23 101.556 53.0 走 0
101.556 101.882 53.0 - 0
101.882 102.208 53.0 一 0
102.208 102.86 51.0 走 0
102.86 103.186 51.0 呜 0
103.186 103.838 53.0 哦 0
103.838 104.164 58.0 呜 0
104.164 105.143 55.0 哦 1
105.841 106.167 55.0 直 0
106.167 106.493 58.0 到 0
107.145 107.471 58.0 所 0
107.471 107.797 55.0 有 0
107.797 108.123 58.0 的 0
108.123 108.776 60.0 灯 0
108.776 109.102 60.0 都 0
109.102 109.754 55.0 熄 0
109.754 110.08 53.0 灭 0
110.08 110.732 51.0 了 0
110.732 111.058 48.0 也 0
111.058 111.71 53.0 不 0
111.71 112.036 55.0 停 0
112.036 113.341 51.0 留 1
113.737 113.9 48.0 你 0
113.9 114.063 48.0 会 0
114.063 114.715 51.0 挽 0
114.715 115.041 51.0 着 0
115.041 115.367 53.0 我 0
115.367 115.693 53.0 的 0
115.693 116.019 58.0 衣 0
116.019 116.835 55.0 袖 1
117.481 117.644 55.0 我 0
117.644 117.97 58.0 会 0
117.97 118.622 60.0 把 0
118.622 118.948 58.0 手 0
118.948 119.274 60.0 揣 0
119.274 119.6 58.0 进 0
119.6 119.926 53.0 裤 0
119.926 120.905 55.0 兜 1
121.511 121.837 51.0 走 0
121.837 122.489 53.0 到 0
122.489 122.815 51.0 玉 0
122.815 123.467 53.0 林 0
123.467 123.794 48.0 路 0
123.794 124.446 53.0 的 0
124.446 124.772 55.0 尽 0
124.772 125.424 53.0 头 1
125.465 125.791 51.0 坐 0
125.791 126.117 53.0 在 0
126.117 126.443 53.0 小 0
126.443 126.769 53.0 酒 0
126.769 127.095 53.0 馆 0
127.095 127.421 55.0 的 0
127.421 127.748 60.0 门 0
127.748 130.356 58.0 口 1
164.431 164.714 46.0 分 0
164.714 165.366 51.0 别 0
165.693 166.345 53.0 总 0
166.345 166.671 55.0 是 0
166.671 166.997 58.0 在 0
166.997 167.323 55.0 九 0
167.323 167.975 55.0 月 1
168.409 168.735 48.0 回 0
168.735 169.388 51.0 忆 0
169.388 169.714 51.0 是 0
169.714 170.04 51.0 思 0
170.04 170.366 51.0 念 0
170.366 170.692 48.0 的 0
170.692 171.344 46.0 愁 1
172.38 172.706 46.0 深 0
172.706 173.359 51.0 秋 0
173.685 174.337 53.0 嫩 0
174.337 174.663 55.0 绿 0
174.663 174.989 60.0 的 0
174.989 175.315 55.0 垂 0
175.315 175.967 58.0 柳 1
176.154 176.48 55.0 亲 0
176.48 177.133 51.0 吻 0
177.133 177.459 51.0 着 0
177.459 178.111 53.0 我 0
178.111 178.437 58.0 额 0
178.437 178.763 53.0 头 0
178.763 179.415 53.0 - 1
180.081 180.407 55.0 在 0
180.407 181.06 58.0 那 0
181.06 181.386 58.0 座 0
181.386 181.712 58.0 阴 0
181.712 182.038 55.0 雨 0
182.038 182.364 58.0 的 0
182.364 183.016 60.0 小 0
183.016 183.342 60.0 城 0
183.342 183.994 60.0 里 1
184.096 184.423 55.0 我 0
184.423 184.749 53.0 从 0
184.749 185.075 51.0 - 0
185.075 185.401 51.0 未 0
185.401 186.053 53.0 忘 0
186.053 186.379 58.0 记 0
186.379 187.031 55.0 你 1
187.902 188.229 55.0 成 0
188.229 188.881 58.0 都 0
189.859 190.022 53.0 带 0
190.022 190.185 53.0 不 0
190.185 190.511 48.0 走 0
190.511 190.837 51.0 的 0
191.163 191.816 51.0 只 0
191.816 192.142 51.0 有 0
192.142 193.446 51.0 你 1
195.734 196.06 55.0 和 0
196.06 196.712 58.0 我 0
196.712 197.038 58.0 在 0
197.038 197.364 58.0 成 0
197.364 197.69 55.0 都 0
197.69 198.016 58.0 的 0
198.016 198.668 60.0 街 0
198.668 198.994 60.0 头 0
198.994 199.321 55.0 走 0
199.321 199.647 53.0 - 0
199.647 199.973 53.0 一 0
199.973 200.625 51.0 走 0
200.625 200.951 51.0 呜 0
200.951 201.603 53.0 哦 0
201.603 201.929 58.0 呜 0
201.929 202.907 55.0 喔 1
203.65 203.976 55.0 直 0
203.976 204.302 58.0 到 0
204.954 205.28 58.0 所 0
205.28 205.606 55.0 有 0
205.606 205.932 58.0 的 0
205.932 206.584 60.0 灯 0
206.584 206.911 60.0 都 0
206.911 207.563 55.0 熄 0
207.563 207.889 53.0 灭 0
207.889 208.541 51.0 了 0
208.541 208.867 48.0 也 0
208.867 209.519 53.0 不 0
209.519 209.845 55.0 停 0
209.845 210.171 51.0 留 0
210.171 210.824 51.0 - 1
211.488 211.651 48.0 你 0
211.651 211.814 48.0 会 0
211.814 212.466 51.0 挽 0
212.466 212.792 51.0 着 0
212.792 213.118 53.0 我 0
213.118 213.444 53.0 的 0
213.444 213.77 58.0 衣 0
213.77 214.586 55.0 袖 1
215.169 215.332 55.0 我 0
215.332 215.577 58.0 会 0
215.577 216.229 60.0 把 0
216.229 216.555 58.0 手 0
216.555 216.881 60.0 揣 0
216.881 217.207 58.0 进 0
217.207 217.533 53.0 裤 0
217.533 218.512 55.0 兜 1
219.24 219.566 51.0 走 0
219.566 220.218 53.0 到 0
220.218 220.544 51.0 玉 0
220.544 220.87 51.0 林 0
220.87 221.196 51.0 - 0
221.196 221.522 48.0 路 0
221.522 222.175 53.0 的 0
222.175 222.501 55.0 尽 0
222.501 223.153 53.0 头 1
223.266 223.592 51.0 坐 0
223.592 223.918 53.0 在 0
223.918 224.244 53.0 小 0
224.244 224.57 53.0 酒 0
224.57 224.896 53.0 馆 0
224.896 225.222 55.0 的 0
225.222 225.549 60.0 门 0
225.549 228.157 58.0 口 1
231.091 231.417 55.0 和 0
231.417 232.069 58.0 我 0
232.069 232.395 58.0 在 0
232.395 232.721 58.0 成 0
232.721 233.048 55.0 都 0
233.048 233.374 58.0 的 0
233.374 234.026 60.0 街 0
234.026 234.352 60.0 头 0
234.352 234.678 53.0 走 0
234.678 235.004 53.0 - 0
235.004 235.33 53.0 一 0
235.33 235.982 51.0 走 0
235.982 236.308 51.0 呜 0
236.308 236.961 53.0 哦 0
236.961 237.287 58.0 呜 0
237.287 238.265 55.0 喔 1
238.857 239.183 55.0 直 0
239.183 239.509 58.0 到 0
240.161 240.488 58.0 所 0
240.488 240.814 55.0 有 0
240.814 241.14 58.0 的 0
241.14 241.792 60.0 灯 0
241.792 242.118 60.0 都 0
242.118 242.77 55.0 熄 0
242.77 243.096 53.0 灭 0
243.096 243.748 51.0 了 0
243.748 244.074 48.0 也 0
244.074 244.727 53.0 不 0
244.727 245.053 55.0 停 0
245.053 245.379 51.0 留 0
245.379 246.031 51.0 - 1
246.568 246.894 55.0 和 0
246.894 247.546 58.0 我 0
247.546 247.873 58.0 在 0
247.873 248.199 58.0 成 0
248.199 248.525 55.0 都 0
248.525 248.851 58.0 的 0
248.851 249.503 60.0 街 0
249.503 249.829 60.0 头 0
249.829 250.155 53.0 走 0
250.155 250.481 53.0 - 0
250.481 250.807 53.0 一 0
250.807 251.459 51.0 走 0
251.459 251.786 51.0 呜 0
251.786 252.438 53.0 哦 0
252.438 252.764 58.0 呜 0
252.764 253.738 55.0 喔 1
254.479 254.801 55.0 直 0
254.801 255.124 58.0 到 0
255.768 256.091 58.0 所 0
256.091 256.417 55.0 有 0
256.417 256.743 58.0 的 0
256.743 257.395 60.0 灯 0
257.395 257.721 60.0 都 0
257.721 258.373 55.0 熄 0
258.373 258.699 53.0 灭 0
258.699 259.352 51.0 了 0
259.352 259.678 48.0 也 0
259.678 260.33 53.0 不 0
260.33 260.656 53.0 停 0
260.656 260.982 51.0 留 0
260.982 261.634 51.0 - 1
262.282 262.445 48.0 你 0
262.445 262.608 48.0 会 0
262.608 263.261 51.0 挽 0
263.261 263.587 51.0 着 0
263.587 263.913 53.0 我 0
263.913 264.239 53.0 的 0
264.239 264.565 58.0 衣 0
264.565 265.38 55.0 袖 1
266.091 266.254 55.0 我 0
266.254 266.498 58.0 会 0
266.498 267.151 60.0 把 0
267.151 267.477 58.0 手 0
267.477 267.803 60.0 揣 0
267.803 268.129 58.0 进 0
268.129 268.455 53.0 裤 0
268.455 269.433 55.0 兜 1
270.015 270.342 51.0 走 0
270.342 270.994 53.0 到 0
270.994 271.32 51.0 玉 0
271.32 271.972 53.0 林 0
271.972 272.298 48.0 路 0
272.298 272.95 53.0 的 0
272.95 273.276 55.0 尽 0
273.276 273.928 53.0 头 1
273.98 274.307 51.0 走 0
274.307 274.633 53.0 过 0
274.633 274.959 53.0 小 0
274.959 275.285 53.0 酒 0
275.285 275.611 53.0 馆 0
275.611 275.937 55.0 的 0
275.937 276.263 60.0 门 0
276.263 278.872 58.0 口 1
