23.511 23.728 52.0 带 0
23.732 23.949 59.0 着 0
23.952 24.39 57.0 疲 0
24.393 24.831 55.0 惫 0
24.835 25.272 54.0 带 0
25.276 26.154 52.0 着 0
26.158 26.596 50.0 愧 0
26.599 28.36 52.0 对 1
30.618 30.835 52.0 我 0
30.839 31.055 52.0 的 0
31.059 31.497 55.0 心 0
31.5 31.938 52.0 - 0
31.941 32.379 55.0 一 0
32.383 33.261 52.0 路 0
33.265 33.702 62.0 向 0
33.706 35.908 59.0 北 1
36.818 37.035 59.0 那 0
37.039 37.256 62.0 个 0
37.26 37.918 64.0 曾 0
37.921 38.138 64.0 经 0
38.142 38.579 64.0 深 0
38.583 39.021 62.0 爱 0
39.024 39.462 59.0 我 0
39.465 40.344 62.0 - 0
40.348 40.785 55.0 的 0
40.789 42.991 57.0 人 1
43.786 44.003 55.0 请 0
44.007 44.224 57.0 你 0
44.227 44.665 59.0 不 0
44.669 45.106 62.0 要 0
45.551 45.768 62.0 流 0
45.772 45.988 59.0 下 0
45.992 46.43 57.0 你 0
46.433 46.871 55.0 的 0
47.316 47.753 57.0 眼 0
47.757 50.4 52.0 泪 1
51.695 51.912 52.0 留 0
51.916 52.133 59.0 下 0
52.137 52.574 57.0 支 0
52.578 53.015 55.0 离 0
53.019 53.456 52.0 留 0
53.46 54.339 52.0 下 0
54.342 54.78 50.0 破 0
54.784 56.545 52.0 碎 1
58.852 59.069 52.0 我 0
59.073 59.29 52.0 的 0
59.293 59.731 55.0 心 0
59.735 60.172 52.0 - 0
60.176 60.617 55.0 还 0
60.617 61.496 52.0 在 0
61.499 61.937 62.0 向 0
61.94 64.143 59.0 北 1
64.924 65.141 59.0 那 0
65.144 65.361 62.0 个 0
65.365 66.023 64.0 为 0
66.027 66.244 64.0 爱 0
66.247 66.685 64.0 流 0
66.688 67.126 62.0 过 0
67.13 67.567 59.0 泪 0
67.571 68.449 62.0 - 0
68.453 68.891 55.0 的 0
68.894 71.096 57.0 人 1
71.914 72.131 55.0 我 0
72.135 72.351 55.0 是 0
72.355 72.572 57.0 否 0
72.576 73.013 59.0 真 0
73.017 73.454 62.0 的 0
73.899 74.116 62.0 再 0
74.12 74.337 59.0 也 0
74.34 74.778 57.0 找 0
74.782 75.219 55.0 - 0
75.664 76.101 57.0 不 0
76.105 78.748 52.0 回 1
79.356 79.573 59.0 请 0
79.577 80.014 64.0 放 0
80.018 80.235 64.0 开 0
80.238 80.455 64.0 你 0
80.459 80.896 62.0 温 0
80.9 81.117 64.0 暖 0
81.121 81.338 62.0 的 0
81.341 82.22 59.0 手 1
82.258 82.695 67.0 让 0
82.699 83.136 64.0 我 0
83.14 83.577 62.0 一 0
83.581 84.46 57.0 路 0
84.463 84.901 62.0 向 0
84.905 85.566 57.0 北 0
85.566 86.666 59.0 - 1
86.686 86.903 52.0 未 0
86.907 87.348 57.0 知 0
87.348 87.565 57.0 的 0
87.569 88.006 57.0 远 0
88.01 88.447 55.0 方 0
88.451 88.668 57.0 是 0
88.672 89.109 57.0 否 1
89.14 89.357 57.0 也 0
89.36 89.798 57.0 有 0
89.802 90.018 55.0 也 0
90.022 90.239 57.0 有 0
90.243 90.68 62.0 真 0
90.684 91.563 64.0 情 0
91.566 92.004 64.0 轮 0
92.007 92.445 59.0 回 0
92.449 93.327 59.0 - 1
93.758 94.196 59.0 一 0
94.199 94.637 64.0 路 0
94.641 95.299 64.0 走 0
95.302 95.519 62.0 着 0
95.523 95.96 64.0 我 0
95.964 96.181 64.0 依 0
96.185 96.843 64.0 然 1
96.846 97.284 67.0 是 0
97.288 97.725 55.0 昨 0
97.729 98.607 52.0 日 0
98.611 99.049 59.0 滋 0
99.052 100.372 57.0 味 1
100.372 100.589 55.0 可 0
100.592 100.809 57.0 我 0
100.813 101.03 59.0 真 0
101.034 101.25 62.0 的 0
101.254 101.471 62.0 真 0
101.475 101.692 62.0 的 0
101.695 102.137 62.0 不 0
102.137 102.574 59.0 想 1
102.585 103.022 67.0 继 0
103.026 103.905 69.0 续 0
103.908 104.349 67.0 向 0
104.349 106.11 64.0 北 1
136.428 136.645 52.0 留 0
136.649 136.866 59.0 下 0
136.869 137.307 57.0 支 0
137.311 137.748 55.0 离 0
137.752 138.189 54.0 留 0
138.193 139.072 52.0 下 0
139.075 139.513 50.0 破 0
139.517 141.278 52.0 碎 1
143.564 143.781 52.0 我 0
143.785 144.002 52.0 的 0
144.005 144.443 55.0 心 0
144.446 144.884 52.0 - 0
144.888 145.325 55.0 还 0
145.329 146.207 52.0 在 0
146.211 146.649 62.0 向 0
146.652 148.855 59.0 北 1
149.73 149.946 59.0 那 0
149.95 150.167 62.0 个 0
150.171 150.829 64.0 为 0
150.833 151.049 64.0 爱 0
151.053 151.491 64.0 流 0
151.494 151.932 62.0 过 0
151.935 152.373 59.0 泪 0
152.377 153.255 62.0 - 0
153.259 153.696 55.0 的 0
153.7 155.902 57.0 人 1
156.479 156.696 55.0 我 0
156.699 156.916 55.0 是 0
156.92 157.137 57.0 否 0
157.141 157.578 59.0 真 0
157.582 158.019 62.0 的 0
158.464 158.681 62.0 再 0
158.685 158.902 59.0 也 0
158.905 159.343 57.0 找 0
159.346 159.784 55.0 不 0
160.229 163.313 52.0 回 1
164.03 164.247 59.0 请 0
164.25 164.688 64.0 放 0
164.692 164.908 64.0 开 0
164.912 165.129 64.0 你 0
165.133 165.57 62.0 温 0
165.574 165.791 64.0 暖 0
165.795 166.011 62.0 的 0
166.015 166.894 59.0 手 1
166.911 167.349 67.0 让 0
167.353 167.79 64.0 我 0
167.794 168.231 62.0 一 0
168.235 169.114 57.0 路 0
169.117 169.555 62.0 向 0
169.559 171.32 59.0 北 1
171.382 171.599 52.0 未 0
171.603 172.044 57.0 知 0
172.044 172.261 57.0 的 0
172.265 172.702 57.0 远 0
172.706 173.143 55.0 方 0
173.147 173.364 57.0 是 0
173.368 173.805 57.0 否 1
173.826 174.043 59.0 也 0
174.046 174.484 57.0 有 0
174.487 174.704 55.0 也 0
174.708 174.925 57.0 有 0
174.929 175.366 62.0 真 0
175.37 176.248 64.0 情 0
176.252 176.69 62.0 轮 0
176.693 177.131 59.0 回 0
177.135 178.013 59.0 - 1
178.48 178.918 59.0 一 0
178.921 179.359 64.0 路 0
179.362 180.02 64.0 走 0
180.024 180.241 62.0 着 0
180.245 180.682 64.0 我 0
180.686 180.903 64.0 依 0
180.907 181.565 64.0 然 1
181.583 182.021 67.0 是 0
182.024 182.462 55.0 昨 0
182.466 183.344 52.0 日 0
183.348 183.785 59.0 滋 0
183.789 185.109 57.0 味 1
185.112 185.329 55.0 可 0
185.332 185.549 57.0 我 0
185.553 185.77 59.0 真 0
185.773 185.99 62.0 的 0
185.994 186.211 62.0 真 0
186.215 186.432 62.0 的 0
186.435 186.873 62.0 不 0
186.876 187.314 59.0 想 1
187.323 187.76 67.0 继 0
187.764 188.642 69.0 续 0
188.646 189.087 67.0 向 0
189.087 190.848 64.0 北 1
192.213 192.43 59.0 请 0
192.434 192.871 64.0 抓 0
192.875 193.092 64.0 住 0
193.095 193.312 64.0 我 0
193.316 193.754 62.0 冰 0
193.757 193.974 62.0 冷 0
193.978 194.195 62.0 的 0
194.198 195.077 59.0 手 1
195.176 195.613 67.0 让 0
195.617 196.054 64.0 我 0
196.058 196.496 62.0 别 0
196.499 197.378 57.0 再 0
197.382 197.819 62.0 向 0
197.823 199.584 59.0 北 1
199.647 199.863 52.0 一 0
199.867 200.308 57.0 路 0
200.308 200.525 57.0 的 0
200.529 200.966 57.0 风 0
200.97 201.408 55.0 雨 0
201.411 201.628 57.0 让 0
201.632 202.069 57.0 我 1
202.07 202.287 59.0 深 0
202.291 202.728 57.0 感 0
202.732 202.949 55.0 深 0
202.952 203.169 57.0 感 0
203.173 203.61 62.0 真 0
203.614 204.493 64.0 情 0
204.496 204.934 62.0 可 0
204.938 205.375 59.0 贵 0
205.379 206.257 59.0 - 1
206.731 207.169 59.0 蓦 0
207.173 207.61 64.0 然 0
207.614 207.831 62.0 回 0
207.834 208.272 64.0 - 0
208.275 208.496 62.0 首 0
208.496 208.934 62.0 你 0
208.937 209.154 64.0 也 0
209.158 209.816 64.0 许 0
209.82 210.257 67.0 己 1
210.261 210.702 52.0 不 0
210.702 211.581 52.0 能 0
211.584 212.022 57.0 体 0
212.025 213.345 57.0 会 1
213.352 213.569 55.0 但 0
213.573 213.79 57.0 我 0
213.793 214.01 59.0 永 0
214.014 214.231 62.0 远 0
214.234 214.451 62.0 永 0
214.455 214.672 62.0 远 0
214.676 215.117 59.0 记 0
215.117 215.554 59.0 得 0
215.558 215.995 67.0 你 0
215.999 216.878 69.0 是 0
216.881 219.966 64.0 谁 1
220.813 221.251 59.0 蓦 0
221.254 221.692 64.0 然 0
221.695 222.353 64.0 回 0
222.357 222.574 62.0 首 0
222.578 223.015 64.0 你 0
223.019 223.236 64.0 也 0
223.239 223.898 64.0 许 0
223.901 224.339 67.0 己 0
224.342 224.78 55.0 不 0
224.784 225.662 52.0 能 0
225.666 226.103 59.0 体 0
226.107 227.206 57.0 会 1
227.395 227.612 55.0 但 0
227.615 227.832 57.0 我 0
227.836 228.053 59.0 永 0
228.056 228.273 62.0 远 0
228.277 228.494 62.0 永 0
228.498 228.715 62.0 远 0
228.718 229.156 62.0 记 0
229.159 229.597 59.0 得 0
229.601 230.038 67.0 你 0
230.042 232.685 69.0 是 0
234.453 239.303 64.0 谁 1
