24.842 25.276 52.0 一 0
25.283 25.717 59.0 - 0
25.724 26.158 57.0 个 0
26.166 26.379 55.0 人 0
26.386 27.923 52.0 喝 0
27.93 28.143 52.0 醉 0
28.151 28.364 54.0 好 0
28.371 28.805 55.0 想 0
28.813 29.026 54.0 找 0
29.033 29.467 52.0 个 0
29.474 29.908 50.0 人 0
29.916 31.893 52.0 来 0
32.017 32.451 52.0 陪 0
32.458 32.892 62.0 我 0
32.899 33.333 62.0 们 0
33.34 33.554 62.0 之 0
33.561 33.774 62.0 间 0
33.782 34.223 62.0 有 0
34.223 34.657 57.0 太 0
34.664 34.877 57.0 多 0
34.884 35.318 59.0 的 0
35.326 38.186 59.0 误 0
38.675 38.889 59.0 会 0
38.896 39.106 62.0 爱 0
39.106 39.992 64.0 不 0
40.005 40.433 59.0 能 0
40.44 40.653 59.0 再 0
40.661 41.756 57.0 沉 0
42.092 42.305 55.0 睡 0
42.312 42.526 57.0 是 0
42.54 43.408 59.0 可 0
43.415 43.629 57.0 悲 0
43.636 44.07 57.0 是 0
44.077 45.173 52.0 摧 0
45.68 45.894 52.0 毁 0
45.901 46.114 54.0 我 0
46.121 46.996 55.0 不 0
47.004 47.217 55.0 要 0
47.219 47.658 55.0 再 0
47.66 48.761 54.0 为 0
48.769 49.208 47.0 谁 0
49.21 49.423 47.0 掉 0
49.43 52.291 52.0 眼 0
53.057 53.487 52.0 泪 0
53.487 53.932 57.0 爱 0
53.94 54.373 57.0 过 0
54.381 54.594 55.0 才 0
54.601 56.138 52.0 后 0
56.146 56.359 52.0 悔 0
56.366 56.579 54.0 想 0
56.587 57.021 54.0 要 0
57.028 57.462 54.0 用 0
57.469 57.91 50.0 酒 0
57.91 58.123 50.0 来 0
58.131 60.109 52.0 麻 0
60.16 60.594 52.0 醉 0
60.601 61.035 64.0 我 0
61.042 61.476 62.0 们 0
61.484 61.697 62.0 之 0
61.704 61.917 62.0 间 0
61.938 62.348 57.0 有 0
62.366 62.8 57.0 太 0
62.807 63.02 57.0 多 0
63.022 63.462 59.0 的 0
63.469 66.329 59.0 误 0
66.907 67.12 59.0 会 0
67.127 67.341 62.0 爱 0
67.348 68.223 64.0 不 0
68.23 68.664 62.0 能 0
68.671 68.885 59.0 再 0
68.892 69.988 57.0 沉 0
70.433 70.646 55.0 睡 0
70.654 70.867 57.0 是 0
70.874 71.749 59.0 可 0
71.757 71.97 57.0 悲 0
71.985 72.4 59.0 是 0
72.418 73.514 52.0 摧 0
73.967 74.18 52.0 毁 0
74.187 74.4 54.0 我 0
74.415 75.283 55.0 不 0
75.29 75.503 55.0 要 0
75.511 75.945 55.0 再 0
75.952 77.047 54.0 为 0
77.055 77.489 50.0 谁 0
77.496 77.709 47.0 而 0
77.717 80.577 52.0 心 0
80.666 80.879 59.0 碎 0
80.886 81.1 59.0 求 0
81.107 81.32 59.0 求 0
81.328 81.761 66.0 你 0
81.769 82.203 66.0 给 0
82.21 82.423 64.0 我 0
82.431 82.859 62.0 个 0
82.872 83.967 59.0 机 0
84.222 84.435 59.0 会 0
84.443 84.656 62.0 不 0
84.663 84.877 59.0 要 0
84.884 85.097 62.0 再 0
85.105 85.538 64.0 对 0
85.546 85.759 62.0 爱 0
85.766 85.98 55.0 说 0
85.987 86.421 57.0 无 0
86.428 87.524 59.0 所 0
88.515 88.729 57.0 谓 0
88.736 88.949 57.0 如 0
88.957 89.17 57.0 果 0
89.177 89.39 55.0 相 0
89.392 89.832 55.0 爱 0
89.839 90.052 55.0 是 0
90.06 91.155 52.0 完 0
91.609 91.822 52.0 美 0
91.829 92.042 52.0 就 0
92.05 92.263 62.0 让 0
92.27 92.484 64.0 我 0
92.491 92.704 64.0 们 0
92.712 92.925 64.0 用 0
92.932 93.366 64.0 真 0
93.373 93.587 59.0 心 0
93.594 94.022 64.0 去 0
94.035 94.91 62.0 面 0
94.932 95.146 59.0 对 0
95.153 95.366 62.0 求 0
95.374 95.587 59.0 求 0
95.594 96.028 67.0 你 0
96.035 96.469 66.0 给 0
96.477 96.69 64.0 我 0
96.697 97.131 62.0 个 0
97.138 98.234 59.0 机 0
98.37 98.583 59.0 会 0
98.59 98.804 62.0 不 0
98.811 99.024 59.0 要 0
99.032 99.245 64.0 再 0
99.252 99.686 64.0 对 0
99.693 99.907 62.0 爱 0
99.914 100.127 55.0 说 0
100.135 100.568 57.0 无 0
100.576 101.671 59.0 所 0
102.525 102.738 57.0 谓 0
102.746 103.179 57.0 留 0
103.187 103.4 55.0 下 0
103.415 103.841 57.0 了 0
103.849 104.062 55.0 太 0
104.069 104.503 55.0 多 0
104.51 105.165 52.0 伤 0
105.683 105.897 64.0 悲 0
105.904 106.117 66.0 告 0
106.119 106.999 67.0 诉 0
107.227 107.441 67.0 我 0
107.442 107.882 69.0 你 0
107.889 108.764 66.0 到 0
108.772 109.205 62.0 底 0
109.213 109.426 59.0 爱 0
109.433 114.058 64.0 着 0
141.372 141.805 52.0 谁 0
141.807 142.247 59.0 爱 0
142.254 142.688 57.0 过 0
142.695 142.908 55.0 才 0
142.916 144.452 52.0 后 0
144.46 144.673 52.0 悔 0
144.68 144.894 54.0 想 0
144.901 145.335 55.0 要 0
145.342 145.776 54.0 用 0
145.783 146.217 52.0 酒 0
146.225 146.438 50.0 来 0
146.445 148.423 52.0 麻 0
148.496 148.93 52.0 醉 0
148.938 149.371 64.0 我 0
149.379 149.813 64.0 们 0
149.82 150.033 62.0 之 0
150.041 150.254 62.0 间 0
150.261 150.695 62.0 有 0
150.702 151.136 57.0 太 0
151.143 151.357 57.0 多 0
151.364 151.798 62.0 的 0
151.805 154.666 59.0 误 0
155.082 155.295 59.0 会 0
155.303 155.516 62.0 爱 0
155.523 156.398 64.0 不 0
156.406 156.839 62.0 能 0
156.847 157.06 59.0 再 0
157.067 158.163 57.0 沉 0
158.658 158.872 55.0 睡 0
158.879 159.092 57.0 是 0
159.1 159.975 59.0 可 0
159.982 160.195 57.0 悲 0
160.203 160.636 57.0 是 0
160.644 161.739 52.0 摧 0
162.092 162.305 52.0 毁 0
162.312 162.526 54.0 我 0
162.533 163.408 55.0 不 0
163.415 163.629 55.0 要 0
163.636 164.07 55.0 再 0
164.077 165.173 54.0 为 0
165.18 165.614 62.0 谁 0
165.621 165.835 59.0 而 0
165.842 168.702 64.0 心 0
168.909 169.122 59.0 碎 0
169.13 169.343 59.0 求 0
169.35 169.564 59.0 求 0
169.578 170.005 67.0 你 0
170.012 170.446 66.0 给 0
170.453 170.666 64.0 我 0
170.674 171.108 62.0 个 0
171.115 172.211 59.0 机 0
172.57 172.783 59.0 会 0
172.79 173.003 62.0 不 0
173.011 173.224 59.0 要 0
173.231 173.445 64.0 再 0
173.452 173.886 64.0 对 0
173.893 174.106 62.0 爱 0
174.114 174.327 55.0 说 0
174.334 174.768 57.0 无 0
174.775 175.871 59.0 所 0
176.671 176.884 57.0 谓 0
176.891 177.105 57.0 如 0
177.112 177.325 57.0 果 0
177.332 177.546 55.0 相 0
177.553 177.987 57.0 爱 0
177.994 178.207 55.0 是 0
178.215 179.31 52.0 完 0
179.754 179.967 52.0 美 0
179.975 180.188 52.0 就 0
180.195 180.408 64.0 让 0
180.416 180.629 64.0 我 0
180.636 180.85 64.0 们 0
180.857 181.07 64.0 用 0
181.077 181.511 64.0 真 0
181.519 181.732 59.0 心 0
181.739 182.173 64.0 去 0
182.18 183.055 62.0 面 0
183.161 183.374 59.0 对 0
183.381 183.595 62.0 求 0
183.602 183.815 59.0 求 0
183.823 184.256 67.0 你 0
184.264 184.698 66.0 给 0
184.705 184.918 64.0 我 0
184.925 185.359 62.0 个 0
185.367 186.462 59.0 机 0
186.695 186.908 59.0 会 0
186.916 187.129 62.0 不 0
187.136 187.35 59.0 要 0
187.357 187.57 64.0 再 0
187.578 188.011 64.0 对 0
188.019 188.232 62.0 爱 0
188.239 188.453 55.0 说 0
188.46 188.894 57.0 无 0
188.901 189.997 59.0 所 0
190.751 190.965 57.0 谓 0
190.972 191.406 57.0 留 0
191.413 191.626 55.0 下 0
191.634 192.068 57.0 了 0
192.075 192.288 55.0 太 0
192.295 192.729 55.0 多 0
192.737 193.391 52.0 伤 0
193.824 194.037 64.0 悲 0
194.044 194.257 66.0 告 0
194.265 195.14 67.0 诉 0
195.368 195.581 67.0 我 0
195.588 196.022 69.0 你 0
196.029 196.904 66.0 到 0
196.912 197.346 62.0 底 0
197.353 197.566 59.0 爱 0
197.574 199.552 64.0 着 0
200.785 200.998 59.0 谁 0
201.005 201.219 59.0 求 0
201.226 201.439 59.0 求 0
201.447 201.88 67.0 你 0
201.888 202.322 66.0 给 0
202.329 202.542 64.0 我 0
202.55 202.983 62.0 个 0
202.991 204.086 59.0 机 0
204.18 204.393 59.0 会 0
204.401 204.614 62.0 不 0
204.621 204.835 59.0 要 0
204.842 205.055 64.0 再 0
205.063 205.496 64.0 对 0
205.504 205.717 62.0 爱 0
205.724 205.938 55.0 说 0
205.945 206.379 57.0 无 0
206.386 207.482 59.0 所 0
208.511 208.725 57.0 谓 0
208.732 208.945 57.0 如 0
208.953 209.166 57.0 果 0
209.173 209.386 55.0 相 0
209.394 209.828 57.0 爱 0
209.835 210.048 55.0 是 0
210.056 211.151 52.0 完 0
211.459 211.672 52.0 美 0
211.679 211.892 52.0 就 0
211.9 212.113 64.0 让 0
212.12 212.334 64.0 我 0
212.341 212.554 64.0 们 0
212.562 212.775 64.0 用 0
212.782 213.216 64.0 真 0
213.223 213.437 67.0 心 0
213.444 213.878 64.0 去 0
213.885 214.76 62.0 面 0
214.836 215.05 59.0 对 0
215.057 215.27 62.0 求 0
215.278 215.491 59.0 求 0
215.498 215.932 67.0 你 0
215.939 216.373 66.0 给 0
216.381 216.594 64.0 我 0
216.601 217.035 62.0 个 0
217.042 218.138 59.0 机 0
218.44 218.653 59.0 会 0
218.66 218.874 62.0 不 0
218.881 219.094 59.0 要 0
219.102 219.315 64.0 再 0
219.322 219.756 64.0 对 0
219.763 219.977 62.0 爱 0
219.984 220.197 55.0 说 0
220.205 220.638 62.0 无 0
220.646 221.08 57.0 所 0
221.087 221.741 59.0 谓 0
222.535 222.748 57.0 留 0
222.756 223.189 57.0 - 0
223.197 223.41 55.0 下 0
223.43 223.851 55.0 了 0
223.859 224.072 55.0 太 0
224.079 224.513 55.0 多 0
224.52 225.175 52.0 伤 0
225.626 225.84 64.0 悲 0
225.847 226.06 66.0 告 0
226.067 226.942 67.0 诉 0
227.17 227.384 67.0 我 0
227.391 227.825 69.0 你 0
227.84 228.707 66.0 到 0
228.715 229.148 62.0 底 0
229.156 229.369 59.0 爱 0
229.376 234.001 64.0 着 0
