38.932 39.189 50.0 在 0
39.189 39.446 52.0 - 0
39.446 39.704 53.0 我 0
39.961 40.476 60.0 怀 0
40.476 41.233 58.0 - 1
42.964 43.213 48.0 在 0
43.213 43.463 50.0 - 0
43.463 43.963 52.0 你 0
43.963 44.463 58.0 的 0
44.463 45.462 57.0 眼 1
47.032 47.286 57.0 那 0
47.286 47.54 57.0 - 0
47.54 48.049 62.0 里 0
48.049 48.303 60.0 春 0
48.557 49.065 58.0 沉 0
49.065 49.572 55.0 - 1
50.368 50.622 53.0 那 0
50.622 51.119 52.0 里 0
51.119 51.368 53.0 绿 0
51.368 52.114 55.0 草 0
52.114 52.611 58.0 如 0
52.611 53.586 57.0 茵 1
55.003 55.247 50.0 月 0
55.247 55.491 52.0 光 0
55.491 55.734 53.0 把 0
55.978 56.465 60.0 爱 0
56.465 57.196 58.0 恋 1
58.912 59.161 48.0 洒 0
59.161 59.409 50.0 - 0
59.409 59.905 52.0 满 0
59.905 60.402 58.0 了 0
60.402 61.363 57.0 湖 1
62.865 63.109 57.0 两 0
63.109 63.353 57.0 - 0
63.353 63.84 62.0 个 0
63.84 64.084 60.0 人 0
64.328 64.815 58.0 篝 0
64.815 65.302 55.0 - 1
66.01 66.254 53.0 照 0
66.254 66.746 52.0 亮 0
66.746 66.992 55.0 整 0
66.992 67.484 55.0 个 0
67.73 68.222 53.0 夜 0
68.222 68.714 50.0 晚 1
68.741 68.987 50.0 多 0
68.987 69.233 50.0 - 0
69.233 69.725 50.0 少 0
69.725 70.217 60.0 年 0
70.217 71.697 62.0 以 1
72.559 72.806 50.0 如 0
72.806 73.053 62.0 - 0
73.053 73.546 60.0 云 0
73.546 74.04 60.0 般 0
74.04 75.5 57.0 游 1
76.578 76.821 57.0 那 0
76.821 77.064 57.0 变 0
77.064 77.794 62.0 换 0
77.794 78.038 60.0 的 0
78.038 78.525 58.0 脚 0
78.525 79.498 55.0 步 1
79.743 79.987 53.0 让 0
79.987 80.473 52.0 我 0
80.473 80.717 53.0 们 0
80.717 81.203 55.0 难 0
81.447 81.933 57.0 牵 0
81.933 82.907 57.0 手 1
84.345 84.588 50.0 这 0
84.588 84.832 50.0 - 0
84.832 85.318 50.0 一 0
85.318 85.805 62.0 生 0
85.805 87.265 62.0 一 1
88.317 88.561 62.0 有 0
88.561 88.804 64.0 多 0
88.804 89.048 65.0 少 0
89.048 89.534 67.0 - 0
89.778 90.264 65.0 你 0
90.264 91.238 57.0 我 1
92.146 92.389 57.0 被 0
92.389 92.633 57.0 吞 0
92.633 93.119 62.0 没 0
93.119 93.606 60.0 在 0
93.606 94.093 58.0 月 0
94.093 95.066 55.0 光 0
95.553 95.996 60.0 如 0
95.996 96.218 62.0 水 0
96.218 96.661 64.0 的 0
96.883 97.326 64.0 夜 0
97.326 99.298 69.0 里 0
99.298 101.808 64.0 - 1
104.028 104.272 50.0 多 0
104.272 104.516 52.0 - 0
104.516 105.004 53.0 想 0
105.004 105.492 60.0 某 0
105.492 106.259 58.0 一 1
107.971 108.215 48.0 往 0
108.215 108.458 50.0 日 0
108.458 108.946 52.0 又 0
108.946 109.433 58.0 重 0
109.433 110.408 57.0 现 1
111.758 112.002 57.0 我 0
112.002 112.245 57.0 - 0
112.245 112.733 62.0 们 0
112.733 112.976 60.0 流 0
112.976 113.464 58.0 连 0
113.464 113.951 55.0 忘 1
114.965 115.209 53.0 在 0
115.209 115.696 52.0 贝 0
115.696 115.94 55.0 加 0
115.94 116.184 55.0 尔 0
116.671 117.158 53.0 湖 0
117.158 118.071 50.0 畔 1
150.281 150.52 50.0 多 0
150.52 150.759 50.0 - 0
150.759 151.238 50.0 少 0
151.238 151.716 60.0 年 0
151.716 153.152 62.0 以 1
154.184 154.423 62.0 往 0
154.423 154.662 62.0 事 0
154.662 155.141 60.0 随 0
155.141 155.918 64.0 云 0
156.097 157.052 57.0 走 1
158.035 158.274 57.0 那 0
158.274 158.513 57.0 纷 0
158.513 159.229 62.0 飞 0
159.229 159.468 60.0 的 0
159.468 159.946 58.0 冰 0
159.946 160.901 55.0 雪 1
161.086 161.325 53.0 容 0
161.325 161.794 52.0 - 0
161.794 162.029 53.0 不 0
162.029 162.499 55.0 下 0
162.617 162.851 58.0 温 0
162.851 163.204 60.0 - 0
163.204 164.159 57.0 - 1
165.675 165.914 50.0 这 0
165.914 166.154 50.0 一 0
166.154 166.634 50.0 生 0
166.634 167.113 60.0 一 0
167.113 168.552 62.0 世 1
169.423 169.663 62.0 这 0
169.663 169.903 64.0 - 0
169.903 170.142 65.0 时 0
170.142 170.622 67.0 间 0
170.742 171.341 65.0 太 0
171.341 172.3 57.0 - 1
173.308 173.547 57.0 不 0
173.547 173.786 57.0 - 0
173.786 174.264 62.0 够 0
174.264 174.742 60.0 证 0
174.742 175.22 58.0 明 0
175.22 176.176 55.0 融 0
176.654 177.121 60.0 冰 0
177.121 177.354 62.0 - 0
177.354 177.82 64.0 雪 0
178.053 178.519 64.0 深 0
178.519 183.174 69.0 - 1
210.731 210.985 50.0 多 0
210.985 211.239 50.0 - 0
211.239 211.748 50.0 少 0
211.748 212.002 60.0 年 0
212.002 212.256 62.0 以 0
212.256 213.669 62.0 - 1
214.606 214.842 62.0 往 0
214.842 215.077 62.0 事 0
215.077 215.548 60.0 随 0
215.548 216.019 62.0 云 0
216.019 216.497 57.0 - 0
216.497 217.454 57.0 走 1
218.349 218.588 57.0 那 0
218.588 218.827 57.0 - 0
218.827 219.544 62.0 纷 0
219.544 219.783 60.0 飞 0
219.783 220.262 58.0 的 0
220.262 221.218 55.0 冰 1
221.476 221.716 53.0 容 0
221.716 222.184 52.0 - 0
222.184 222.418 53.0 不 0
222.418 222.886 55.0 下 0
223.12 223.589 58.0 温 0
223.589 224.525 57.0 - 1
226.022 226.258 50.0 这 0
226.258 226.495 50.0 一 0
226.495 226.968 50.0 生 0
226.968 227.441 62.0 一 0
227.441 228.885 62.0 世 1
229.817 230.06 62.0 这 0
230.06 230.303 64.0 - 0
230.303 230.546 65.0 时 0
230.546 231.031 67.0 间 0
231.031 231.511 65.0 - 0
231.511 232.694 57.0 太 1
233.628 233.865 57.0 不 0
233.865 234.101 57.0 够 0
234.101 234.575 62.0 证 0
234.575 235.048 60.0 明 0
235.048 235.514 58.0 融 0
235.514 236.447 55.0 化 0
236.913 237.38 60.0 冰 0
237.38 237.613 62.0 雪 0
237.613 238.079 64.0 的 0
238.312 238.779 64.0 深 0
238.779 244.394 69.0 情 0
244.394 248.137 64.0 - 1
250.826 251.1 50.0 就 0
251.1 251.374 52.0 - 0
251.374 251.922 53.0 在 0
251.922 252.471 60.0 某 0
252.471 253.23 58.0 一 1
255.002 255.256 48.0 你 0
255.256 255.509 50.0 - 0
255.509 256.015 52.0 忽 0
256.015 256.268 58.0 然 0
256.268 257.305 57.0 出 1
259.207 259.457 57.0 你 0
259.457 259.707 57.0 清 0
259.707 260.208 62.0 澈 0
260.458 260.708 60.0 又 0
260.709 261.078 58.0 神 0
261.078 261.693 55.0 秘 1
262.431 262.677 53.0 在 0
262.677 263.17 52.0 贝 0
263.232 263.663 57.0 加 0
263.663 263.847 55.0 尔 0
264.401 264.894 53.0 湖 0
264.894 266.125 50.0 畔 1
267.543 267.773 57.0 你 0
267.773 268.003 57.0 - 0
268.003 268.479 62.0 清 0
268.717 268.955 60.0 又 0
268.955 269.43 58.0 - 0
269.43 270.381 55.0 神 1
271.642 272.117 53.0 像 0
272.117 272.95 52.0 贝 0
272.95 273.782 57.0 加 0
273.782 274.971 55.0 尔 0
276.16 277.661 53.0 湖 0
278.109 281.501 50.0 畔 1
