40.056 40.327 61.0 习 0
40.329 40.599 61.0 惯 0
40.602 40.872 61.0 人 0
40.874 41.145 63.0 群 0
41.147 41.418 64.0 中 0
41.42 41.69 64.0 找 0
41.693 41.963 64.0 你 0
41.965 42.236 57.0 的 0
42.238 42.508 56.0 影 0
42.511 43.054 57.0 子 1
44.386 44.656 59.0 回 0
44.659 44.929 59.0 想 0
44.931 45.202 59.0 那 0
45.204 45.474 61.0 些 0
45.477 45.747 63.0 幸 0
45.749 46.293 63.0 福 0
46.295 46.565 56.0 的 0
46.568 46.838 54.0 日 0
46.84 47.384 56.0 子 1
48.388 48.658 57.0 但 0
48.66 48.931 57.0 其 0
48.933 49.204 57.0 实 0
49.206 49.476 57.0 我 0
49.479 49.749 56.0 明 0
49.751 50.295 54.0 白 1
50.648 50.918 49.0 我 0
50.92 51.191 57.0 和 0
51.193 51.464 57.0 从 0
51.466 51.736 57.0 前 0
51.739 52.009 56.0 的 0
52.011 52.282 54.0 我 1
52.443 52.713 56.0 已 0
52.715 52.986 57.0 经 0
52.988 53.259 57.0 分 0
53.261 53.531 56.0 开 0
53.534 54.077 56.0 很 0
54.079 54.35 54.0 远 0
54.352 54.613 57.0 很 0
54.625 55.168 56.0 远 1
57.356 57.626 61.0 寂 0
57.629 57.899 61.0 寞 0
57.901 58.172 61.0 世 0
58.174 58.444 63.0 界 0
58.447 58.717 64.0 中 0
58.719 59.263 64.0 的 0
59.265 59.535 57.0 两 0
59.538 59.808 56.0 颗 0
59.81 60.354 57.0 心 1
61.767 62.038 59.0 寂 0
62.04 62.311 59.0 寞 0
62.313 62.583 59.0 城 0
62.586 62.856 61.0 市 0
62.858 63.129 63.0 中 0
63.131 63.674 63.0 的 0
63.677 63.947 56.0 每 0
63.949 64.22 54.0 个 0
64.222 65.029 56.0 人 1
65.881 66.152 49.0 我 0
66.154 66.425 57.0 们 0
66.427 66.697 57.0 相 0
66.7 66.97 57.0 遇 0
66.972 67.243 56.0 相 0
67.245 67.788 54.0 拥 1
68.085 68.356 49.0 相 0
68.358 68.628 57.0 互 0
68.631 68.901 57.0 猜 0
68.903 69.174 57.0 测 0
69.176 69.447 56.0 怀 0
69.449 69.719 54.0 疑 1
70.019 70.29 56.0 一 0
70.292 70.562 57.0 边 0
70.565 70.835 57.0 微 0
70.837 71.108 56.0 笑 0
71.11 71.517 56.0 一 0
71.519 71.926 60.0 边 0
71.928 72.199 61.0 流 0
72.201 73.008 63.0 泪 1
73.59 73.86 64.0 那 0
73.862 74.133 63.0 些 0
74.135 74.406 61.0 激 0
74.408 74.669 64.0 情 0
74.681 74.951 61.0 后 0
74.953 75.224 64.0 的 0
75.226 75.769 61.0 陌 0
75.772 76.042 64.0 生 1
76.334 76.604 61.0 被 0
76.607 76.877 68.0 利 0
76.879 77.15 66.0 用 0
77.152 77.423 66.0 的 0
77.425 77.968 64.0 信 0
77.97 78.241 66.0 任 1
78.461 78.731 59.0 累 0
78.734 78.995 63.0 觉 0
79.006 79.277 61.0 不 0
79.279 79.549 63.0 爱 0
79.552 80.095 61.0 的 0
80.097 80.368 63.0 心 1
80.567 80.837 59.0 任 0
80.839 81.11 66.0 性 0
81.112 81.383 64.0 错 0
81.385 81.655 64.0 过 0
81.658 82.201 63.0 的 0
82.203 83.01 64.0 人 1
83.573 83.843 61.0 伤 0
83.845 84.116 61.0 痕 0
84.118 84.389 61.0 累 0
84.391 84.661 64.0 累 0
84.664 84.934 61.0 才 0
84.936 85.47 68.0 懂 0
85.482 85.752 66.0 - 1
85.887 86.158 66.0 认 0
86.16 86.431 66.0 真 0
86.433 86.84 66.0 我 0
86.842 87.249 64.0 就 0
87.251 87.55 66.0 输 0
87.592 89.861 68.0 了 1
90.341 90.611 59.0 有 0
90.614 90.884 71.0 些 0
90.886 91.157 69.0 - 0
91.159 91.702 69.0 人 0
91.704 91.975 68.0 走 0
91.977 92.248 69.0 着 0
92.25 92.52 68.0 走 0
92.523 93.066 69.0 着 0
93.068 93.339 64.0 就 0
93.341 93.614 68.0 散 0
93.614 94.157 66.0 了 1
94.695 94.966 59.0 有 0
94.968 95.514 71.0 些 0
95.514 96.057 69.0 事 0
96.059 96.33 66.0 看 0
96.332 96.602 68.0 着 0
96.605 96.875 66.0 看 0
96.877 97.42 68.0 着 0
97.423 97.676 63.0 就 0
97.695 97.968 66.0 淡 0
97.968 98.784 64.0 了 1
99.751 100.021 61.0 有 0
100.023 100.294 68.0 多 0
100.296 100.566 64.0 少 0
100.569 100.839 66.0 无 0
100.841 101.112 66.0 人 0
101.114 101.385 66.0 能 0
101.387 101.657 66.0 懂 0
101.66 101.93 66.0 的 0
101.932 102.203 64.0 不 0
102.205 102.476 64.0 快 0
102.478 102.726 64.0 乐 0
102.751 103.021 63.0 - 1
103.547 103.817 59.0 就 0
103.819 104.359 68.0 有 0
104.365 104.635 66.0 多 0
104.638 104.908 64.0 少 0
104.91 105.181 66.0 无 0
105.183 105.454 68.0 能 0
105.456 105.726 68.0 为 0
105.729 106.272 68.0 力 0
106.274 106.817 66.0 的 0
106.819 107.087 69.0 不 0
107.092 107.635 68.0 舍 1
107.966 108.237 71.0 有 0
108.239 108.51 71.0 些 0
108.512 108.782 69.0 - 0
108.785 109.328 69.0 人 0
109.33 109.6 68.0 想 0
109.603 109.873 69.0 着 0
109.875 110.146 68.0 想 0
110.148 110.691 69.0 着 0
110.694 110.964 64.0 就 0
110.966 111.233 68.0 忘 0
111.239 111.782 66.0 了 1
112.317 112.587 59.0 有 0
112.59 113.133 71.0 些 0
113.135 113.678 69.0 梦 0
113.681 113.951 66.0 做 0
113.953 114.224 68.0 着 0
114.226 114.497 66.0 做 0
114.499 115.042 68.0 着 0
115.044 115.315 63.0 就 0
115.317 115.584 66.0 醒 0
115.59 116.406 64.0 了 1
117.111 117.382 61.0 才 0
117.384 117.651 68.0 发 0
117.657 117.927 64.0 现 0
117.929 118.2 66.0 从 0
118.202 118.472 66.0 前 0
118.475 118.745 66.0 是 0
118.747 119.018 66.0 我 0
119.02 119.361 66.0 太 0
119.361 119.722 64.0 天 0
119.77 120.132 63.0 真 1
120.773 121.043 56.0 现 0
121.045 121.585 64.0 实 0
121.591 121.861 64.0 又 0
121.863 122.134 63.0 那 0
122.136 122.407 64.0 么 0
122.409 123.221 63.0 残 0
123.227 124.829 61.0 忍 1
162.09 162.361 61.0 寂 0
162.363 162.633 61.0 寞 0
162.636 162.906 61.0 世 0
162.908 163.179 63.0 界 0
163.181 163.452 64.0 中 0
163.454 163.997 64.0 的 0
163.999 164.27 57.0 两 0
164.272 164.542 56.0 颗 0
164.545 165.088 57.0 心 1
166.573 166.843 59.0 寂 0
166.846 167.116 59.0 寞 0
167.118 167.389 59.0 城 0
167.391 167.661 61.0 市 0
167.664 167.934 63.0 中 0
167.936 168.48 63.0 的 0
168.482 168.752 56.0 每 0
168.755 169.025 54.0 个 0
169.027 169.83 56.0 人 1
170.516 170.786 49.0 我 0
170.788 171.059 57.0 们 0
171.061 171.332 57.0 相 0
171.334 171.604 57.0 遇 0
171.607 171.877 56.0 相 0
171.879 172.423 54.0 拥 1
172.834 173.104 49.0 相 0
173.106 173.377 57.0 互 0
173.379 173.649 57.0 猜 0
173.652 173.922 57.0 测 0
173.924 174.195 56.0 怀 0
174.197 174.468 54.0 疑 1
174.78 175.05 56.0 一 0
175.052 175.323 57.0 边 0
175.325 175.596 57.0 微 0
175.598 175.868 56.0 笑 0
175.871 176.277 56.0 一 0
176.28 176.686 60.0 边 0
176.689 176.959 61.0 流 0
176.961 177.935 63.0 泪 1
178.306 178.577 64.0 那 0
178.579 178.849 63.0 些 0
178.852 179.122 61.0 激 0
179.124 179.395 64.0 情 0
179.397 179.667 61.0 后 0
179.67 179.94 64.0 的 0
179.942 180.486 61.0 陌 0
180.488 180.758 64.0 生 1
180.974 181.245 61.0 被 0
181.247 181.504 68.0 利 0
181.52 181.79 66.0 用 0
181.793 182.063 66.0 的 0
182.065 182.608 64.0 信 0
182.611 182.881 66.0 任 1
183.165 183.436 59.0 累 0
183.438 183.708 63.0 觉 0
183.711 183.981 61.0 不 0
183.983 184.254 63.0 爱 0
184.256 184.799 61.0 的 0
184.802 185.072 63.0 心 1
185.343 185.613 59.0 任 0
185.616 185.886 66.0 性 0
185.888 186.159 64.0 错 0
186.161 186.432 64.0 过 0
186.434 186.977 63.0 的 0
186.979 187.24 66.0 人 0
187.252 187.795 64.0 - 1
188.396 188.666 61.0 伤 0
188.669 188.939 61.0 痕 0
188.941 189.212 61.0 累 0
189.214 189.485 64.0 累 0
189.487 189.757 61.0 才 0
189.76 190.303 68.0 懂 0
190.305 190.576 66.0 - 1
190.598 190.868 66.0 认 0
190.871 191.141 66.0 真 0
191.143 191.55 66.0 我 0
191.552 191.959 64.0 就 0
191.961 192.232 66.0 输 0
192.234 194.141 68.0 了 1
195.133 195.404 59.0 有 0
195.406 195.676 71.0 些 0
195.679 195.949 69.0 - 0
195.951 196.495 69.0 人 0
196.497 196.767 68.0 走 0
196.77 197.04 69.0 着 0
197.042 197.313 68.0 走 0
197.315 197.858 69.0 着 0
197.86 198.131 64.0 就 0
198.133 198.404 68.0 散 0
198.406 198.949 66.0 了 1
199.604 199.874 59.0 有 0
199.877 200.42 71.0 些 0
200.422 200.965 69.0 事 0
200.967 201.238 66.0 看 0
201.24 201.511 68.0 着 0
201.513 201.783 66.0 看 0
201.786 202.329 68.0 着 0
202.331 202.562 63.0 就 0
202.604 202.848 66.0 淡 0
202.877 203.692 64.0 了 1
204.447 204.717 61.0 有 0
204.72 204.99 68.0 多 0
204.992 205.263 64.0 少 0
205.265 205.536 66.0 无 0
205.538 205.808 66.0 人 0
205.811 206.081 66.0 能 0
206.083 206.354 66.0 懂 0
206.356 206.626 66.0 的 0
206.629 206.899 64.0 不 0
206.901 207.172 64.0 快 0
207.174 207.447 64.0 乐 0
207.447 207.879 63.0 - 1
208.321 208.592 59.0 就 0
208.594 209.001 68.0 有 0
209.003 209.41 66.0 多 0
209.412 209.682 64.0 少 0
209.685 209.955 66.0 无 0
209.957 210.228 68.0 能 0
210.23 210.501 68.0 为 0
210.503 211.046 68.0 力 0
211.048 211.455 66.0 的 0
211.457 211.864 69.0 不 0
211.867 212.41 68.0 舍 1
212.564 212.834 71.0 有 0
212.836 213.107 71.0 些 0
213.109 213.38 69.0 - 0
213.382 213.925 69.0 人 0
213.927 214.198 68.0 想 0
214.2 214.471 69.0 着 0
214.473 214.743 68.0 想 0
214.746 215.289 69.0 着 0
215.291 215.561 64.0 就 0
215.564 215.834 68.0 忘 0
215.836 216.38 66.0 了 1
216.885 217.156 59.0 有 0
217.158 217.701 71.0 些 0
217.704 218.247 69.0 梦 0
218.249 218.519 66.0 做 0
218.522 218.792 68.0 着 0
218.794 219.065 66.0 做 0
219.067 219.61 68.0 着 0
219.613 219.883 63.0 就 0
219.885 220.156 66.0 醒 0
220.158 220.974 64.0 了 1
221.875 222.146 61.0 才 0
222.148 222.419 68.0 发 0
222.421 222.691 64.0 现 0
222.694 222.964 66.0 从 0
222.966 223.237 66.0 前 0
223.239 223.51 66.0 是 0
223.512 223.782 66.0 我 0
223.785 224.125 66.0 太 0
224.125 224.487 64.0 天 0
224.535 224.896 63.0 真 1
225.518 225.788 56.0 现 0
225.791 226.334 64.0 实 0
226.336 226.607 64.0 又 0
226.609 226.879 63.0 那 0
226.882 227.152 64.0 么 0
227.154 227.97 63.0 残 0
227.972 229.811 61.0 忍 1
230.108 230.379 71.0 有 0
230.381 230.651 71.0 些 0
230.654 230.924 69.0 - 0
230.926 231.47 69.0 人 0
231.472 231.742 68.0 想 0
231.745 232.015 69.0 着 0
232.017 232.288 68.0 想 0
232.29 232.833 69.0 着 0
232.836 233.106 64.0 就 0
233.108 233.381 68.0 忘 0
233.381 234.026 66.0 了 1
234.476 234.746 71.0 有 0
234.749 235.292 71.0 些 0
235.294 235.837 69.0 梦 0
235.84 236.11 66.0 做 0
236.112 236.383 68.0 着 0
236.385 236.655 66.0 做 0
236.658 237.201 68.0 着 0
237.203 237.474 63.0 就 0
237.476 237.746 66.0 醒 0
237.749 238.598 64.0 了 1
239.36 239.643 61.0 才 0
239.646 239.929 68.0 发 0
239.932 240.215 64.0 现 0
240.218 240.501 66.0 从 0
240.504 240.787 66.0 前 0
240.79 241.073 66.0 是 0
241.076 241.359 66.0 我 0
241.362 241.931 66.0 太 0
241.933 242.217 64.0 天 0
242.219 242.494 63.0 真 1
243.012 243.277 56.0 现 0
243.279 243.811 64.0 实 0
243.814 244.101 63.0 却 0
244.147 244.478 63.0 那 0
244.481 244.756 64.0 么 0
244.756 245.677 63.0 残 0
245.716 247.108 61.0 忍 1
