19.735 19.981 55.0 忘 0
19.981 20.473 58.0 - 0
20.473 20.719 58.0 了 0
20.719 20.965 58.0 是 0
20.965 21.211 58.0 什 0
21.211 21.703 55.0 么 0
21.703 22.441 58.0 时 0
23.743 23.989 60.0 候 0
23.989 24.481 63.0 习 0
24.481 24.723 63.0 惯 0
24.723 24.971 65.0 了 0
24.973 25.22 63.0 一 0
25.22 25.712 55.0 些 0
25.712 26.45 58.0 问 0
27.65 27.896 60.0 候 0
27.904 28.388 63.0 听 0
28.388 28.634 63.0 老 0
28.634 29.126 63.0 情 0
29.618 29.864 58.0 歌 0
29.864 30.356 58.0 最 0
30.356 30.602 58.0 后 0
30.602 31.095 55.0 一 0
31.572 31.818 53.0 首 0
31.818 32.31 53.0 轻 0
32.31 32.556 51.0 轻 0
32.556 32.802 53.0 的 0
32.802 33.048 51.0 唇 0
33.048 33.54 55.0 在 0
33.54 34.524 53.0 颤 0
35.519 35.765 55.0 抖 0
35.765 36.257 58.0 时 0
36.257 36.504 58.0 间 0
36.504 36.75 58.0 像 0
36.75 36.996 58.0 无 0
36.996 37.488 55.0 边 0
37.488 38.226 58.0 的 0
39.458 39.704 60.0 海 0
39.704 40.196 63.0 我 0
40.196 40.442 63.0 们 0
40.442 40.688 65.0 在 0
40.688 40.934 63.0 无 0
40.934 41.426 55.0 力 0
41.426 42.164 58.0 地 0
43.335 43.581 60.0 游 0
43.581 44.073 63.0 思 0
44.073 44.319 63.0 念 0
44.319 44.565 65.0 在 0
44.565 45.057 63.0 前 0
45.303 45.549 58.0 后 0
45.549 46.041 58.0 焦 0
46.041 46.287 58.0 心 0
46.287 46.533 60.0 在 0
46.533 47.025 63.0 左 0
47.286 47.778 60.0 右 0
47.778 48.025 63.0 谁 0
48.025 48.271 63.0 在 0
48.271 48.517 65.0 挥 0
48.517 48.763 63.0 舞 0
48.763 49.255 60.0 着 0
49.255 50.239 65.0 衣 0
50.777 51.023 63.0 袖 0
51.023 51.262 65.0 你 0
51.262 51.761 67.0 会 0
51.761 52.007 67.0 爱 0
52.007 52.253 67.0 我 0
52.253 52.499 65.0 到 0
52.499 52.745 67.0 什 0
52.745 53.237 65.0 么 0
53.237 53.976 63.0 时 0
54.703 54.949 67.0 候 0
54.949 55.195 70.0 你 0
55.195 55.687 72.0 会 0
55.687 55.933 72.0 陪 0
55.933 56.179 72.0 我 0
56.179 56.425 70.0 到 0
56.425 56.671 72.0 哪 0
56.671 57.163 70.0 个 0
57.163 57.901 67.0 路 0
58.708 58.954 63.0 口 0
58.954 59.2 65.0 我 0
59.209 59.693 67.0 不 0
59.693 59.939 67.0 知 0
59.939 60.185 67.0 道 0
60.185 60.431 65.0 用 0
60.431 60.677 67.0 什 0
60.677 61.169 65.0 么 0
61.169 61.661 63.0 理 0
62.048 62.294 67.0 由 0
62.294 62.54 67.0 让 0
62.54 62.786 65.0 你 0
62.786 63.032 63.0 可 0
63.032 63.278 60.0 以 0
63.278 63.524 60.0 和 0
63.77 64.016 60.0 我 0
64.016 64.262 60.0 厮 0
64.262 64.508 63.0 守 0
64.508 65.0 65.0 到 0
65.0 65.985 63.0 白 0
66.512 66.758 63.0 头 0
66.758 67.004 65.0 你 0
67.004 67.496 67.0 会 0
67.496 67.742 67.0 爱 0
67.742 67.988 67.0 我 0
67.988 68.234 65.0 到 0
68.234 68.48 67.0 什 0
68.48 68.972 65.0 么 0
68.972 69.71 63.0 时 0
70.552 70.798 67.0 候 0
70.798 71.045 70.0 你 0
71.045 71.537 72.0 会 0
71.537 71.783 72.0 等 0
71.783 72.029 72.0 我 0
72.029 72.275 70.0 到 0
72.275 72.521 72.0 哪 0
72.521 73.013 70.0 座 0
73.013 73.997 67.0 桥 0
74.441 74.687 63.0 头 0
74.687 74.933 65.0 我 0
74.941 75.425 67.0 只 0
75.425 75.671 67.0 剩 0
75.671 75.917 67.0 下 0
75.917 76.163 65.0 这 0
76.163 76.409 67.0 一 0
76.409 76.902 65.0 颗 0
76.902 77.394 63.0 红 0
77.895 78.141 65.0 豆 0
78.141 78.387 67.0 请 0
78.387 78.633 65.0 你 0
78.633 78.879 63.0 把 0
78.879 79.125 60.0 它 0
79.125 79.371 60.0 收 0
79.617 79.863 60.0 下 0
79.871 80.109 63.0 别 0
80.109 80.355 63.0 让 0
80.355 80.84 65.0 风 0
80.847 81.831 63.0 带 0
98.542 98.788 55.0 走 0
98.788 99.28 58.0 时 0
99.28 99.527 58.0 间 0
99.535 99.773 60.0 像 0
99.773 100.019 58.0 无 0
100.019 100.511 55.0 边 0
100.511 101.249 58.0 的 0
102.577 102.823 60.0 海 0
102.831 103.315 63.0 我 0
103.315 103.561 63.0 们 0
103.561 103.807 65.0 在 0
103.807 104.053 63.0 无 0
104.053 104.545 55.0 力 0
104.545 105.283 58.0 地 0
106.377 106.623 60.0 游 0
106.623 107.115 63.0 思 0
107.115 107.361 63.0 念 0
107.361 107.607 65.0 在 0
107.607 108.099 63.0 前 0
108.345 108.591 58.0 后 0
108.591 109.083 58.0 焦 0
109.083 109.322 58.0 心 0
109.322 109.575 60.0 在 0
109.575 110.067 63.0 左 0
110.304 110.796 60.0 右 0
110.796 111.043 63.0 谁 0
111.043 111.289 63.0 在 0
111.289 111.535 65.0 挥 0
111.535 111.781 63.0 舞 0
111.781 112.273 60.0 着 0
112.273 113.257 65.0 衣 0
114.241 114.979 67.0 袖 0
114.979 115.471 65.0 啊 0
115.709 115.955 63.0 你 0
115.955 116.201 65.0 - 0
116.201 116.694 67.0 会 0
116.694 116.94 67.0 爱 0
116.94 117.186 67.0 我 0
117.186 117.432 65.0 到 0
117.432 117.678 67.0 什 0
117.678 118.17 65.0 么 0
118.17 118.908 63.0 时 0
119.741 119.987 67.0 候 0
119.987 120.226 70.0 你 0
120.226 120.725 72.0 会 0
120.725 120.971 72.0 陪 0
120.971 121.217 72.0 我 0
121.217 121.463 70.0 到 0
121.463 121.709 72.0 哪 0
121.709 122.201 70.0 个 0
122.201 122.94 67.0 路 0
123.74 123.986 63.0 口 0
123.986 124.232 65.0 我 0
124.232 124.724 67.0 不 0
124.724 124.97 67.0 知 0
124.97 125.216 67.0 道 0
125.216 125.462 65.0 用 0
125.462 125.708 67.0 什 0
125.708 126.2 65.0 么 0
126.2 126.692 63.0 理 0
127.073 127.319 67.0 由 0
127.319 127.565 67.0 让 0
127.565 127.811 65.0 你 0
127.811 128.057 63.0 可 0
128.057 128.304 60.0 以 0
128.304 128.55 60.0 和 0
128.796 129.034 60.0 我 0
129.034 129.288 60.0 厮 0
129.288 129.534 63.0 守 0
129.534 130.01 65.0 到 0
130.026 130.764 63.0 白 0
131.614 131.86 63.0 头 0
131.86 132.106 65.0 你 0
132.106 132.598 67.0 会 0
132.598 132.844 67.0 爱 0
132.844 133.09 67.0 我 0
133.09 133.336 65.0 到 0
133.336 133.582 67.0 什 0
133.582 134.075 65.0 么 0
134.075 134.813 63.0 时 0
135.431 135.677 67.0 候 0
135.677 135.923 70.0 你 0
135.923 136.415 72.0 会 0
136.415 136.661 72.0 等 0
136.661 136.907 72.0 我 0
136.907 137.153 70.0 到 0
137.153 137.399 72.0 哪 0
137.399 137.891 70.0 座 0
137.891 138.875 67.0 桥 0
139.45 139.697 63.0 头 0
139.697 139.943 65.0 我 0
139.943 140.435 67.0 只 0
140.435 140.681 67.0 剩 0
140.681 140.927 67.0 下 0
140.927 141.173 65.0 这 0
141.173 141.419 67.0 一 0
141.419 141.911 65.0 颗 0
141.911 142.403 63.0 红 0
142.82 143.066 65.0 豆 0
143.066 143.312 67.0 请 0
143.312 143.558 65.0 你 0
143.558 143.804 63.0 把 0
143.804 144.05 60.0 它 0
144.05 144.296 60.0 收 0
144.542 144.788 60.0 下 0
144.788 145.034 63.0 别 0
145.034 145.281 63.0 让 0
145.281 145.773 63.0 风 0
145.773 146.511 63.0 带 0
178.666 178.912 63.0 走 0
178.912 179.158 65.0 你 0
179.158 179.651 67.0 会 0
179.651 179.897 67.0 爱 0
179.897 180.143 67.0 我 0
180.143 180.389 65.0 到 0
180.389 180.635 67.0 什 0
180.635 181.127 65.0 么 0
181.127 181.865 63.0 时 0
182.775 183.021 67.0 候 0
183.021 183.267 70.0 你 0
183.267 183.759 72.0 会 0
183.759 184.005 72.0 陪 0
184.005 184.251 72.0 我 0
184.251 184.497 70.0 到 0
184.497 184.743 72.0 哪 0
184.743 185.235 70.0 个 0
185.235 185.974 67.0 路 0
186.533 186.779 63.0 口 0
186.779 187.025 65.0 我 0
187.025 187.517 67.0 不 0
187.517 187.763 67.0 知 0
187.763 188.009 67.0 道 0
188.009 188.255 65.0 用 0
188.255 188.501 67.0 什 0
188.501 188.993 65.0 么 0
188.993 189.485 63.0 理 0
190.158 190.404 67.0 由 0
190.404 190.65 67.0 让 0
190.65 190.896 65.0 你 0
190.896 191.143 63.0 可 0
191.143 191.389 60.0 以 0
191.389 191.635 60.0 和 0
191.881 192.127 60.0 我 0
192.127 192.373 63.0 厮 0
192.373 192.619 63.0 守 0
192.619 193.111 63.0 到 0
193.111 193.849 63.0 白 0
194.48 194.726 63.0 头 0
194.726 194.972 65.0 你 0
194.972 195.464 67.0 会 0
195.464 195.71 67.0 爱 0
195.71 195.956 67.0 我 0
195.956 196.202 65.0 到 0
196.202 196.448 67.0 什 0
196.448 196.941 65.0 么 0
196.941 197.679 63.0 时 0
198.358 198.604 67.0 候 0
198.604 198.85 70.0 你 0
198.85 199.342 72.0 会 0
199.342 199.588 72.0 等 0
199.588 199.834 72.0 我 0
199.834 200.08 70.0 到 0
200.08 200.326 72.0 哪 0
200.326 200.818 70.0 座 0
200.818 201.802 67.0 桥 0
202.309 202.556 63.0 头 0
202.556 202.802 65.0 我 0
202.802 203.294 67.0 只 0
203.294 203.54 67.0 剩 0
203.54 203.786 67.0 下 0
203.786 204.032 65.0 这 0
204.032 204.278 67.0 一 0
204.278 204.77 65.0 颗 0
204.77 205.262 63.0 红 0
205.809 206.055 65.0 豆 0
206.055 206.301 67.0 请 0
206.301 206.547 65.0 你 0
206.547 206.793 63.0 把 0
206.793 207.039 60.0 它 0
207.039 207.285 60.0 收 0
207.531 207.777 60.0 下 0
207.777 208.023 63.0 别 0
208.023 208.27 63.0 让 0
208.27 208.762 63.0 风 0
208.762 209.5 63.0 带 0
209.689 209.935 65.0 走 0
209.935 210.181 67.0 请 0
210.181 210.427 65.0 你 0
210.427 210.673 63.0 把 0
210.673 210.919 60.0 它 0
210.919 211.657 60.0 收 0
212.272 212.641 60.0 下 0
212.641 213.01 63.0 别 0
213.019 213.379 60.0 让 0
213.379 213.995 63.0 风 0
213.995 215.102 65.0 带 0
216.332 218.546 63.0 - 0
