17.155 17.383 61.0 你 0
17.383 17.61 61.0 身 0
17.61 17.837 61.0 上 0
17.837 18.065 61.0 专 0
18.065 18.292 58.0 属 0
18.292 18.519 61.0 的 0
18.519 18.746 58.0 陌 0
18.746 18.974 61.0 生 0
18.974 19.201 65.0 味 0
19.201 19.655 65.0 道 1
19.815 20.269 63.0 是 0
20.269 20.497 61.0 我 0
20.497 20.724 63.0 确 0
20.724 20.951 63.0 认 0
20.951 21.178 63.0 你 0
21.178 21.406 63.0 存 0
21.406 21.633 63.0 在 0
21.633 21.86 65.0 的 0
21.86 22.087 63.0 目 0
22.087 22.656 56.0 标 1
24.277 24.504 61.0 不 0
24.504 24.732 61.0 用 0
24.732 24.959 61.0 来 0
24.959 25.186 61.0 回 0
25.186 25.414 58.0 张 0
25.414 25.641 61.0 望 0
25.641 25.868 58.0 了 1
25.982 26.209 61.0 知 0
26.209 26.664 68.0 道 0
26.664 26.891 65.0 今 0
27.118 27.346 63.0 世 0
27.346 27.573 63.0 我 0
27.573 27.8 61.0 们 0
27.8 28.028 61.0 相 0
28.028 28.255 63.0 隔 0
28.255 28.482 63.0 着 0
28.482 28.709 61.0 一 0
28.709 28.937 63.0 个 0
28.937 29.391 68.0 街 0
29.391 30.755 65.0 角 1
31.568 31.795 61.0 这 0
31.795 32.022 63.0 么 0
32.022 32.25 63.0 久 0
32.25 32.591 63.0 了 0
32.704 32.932 63.0 我 0
32.932 33.159 63.0 还 0
33.159 33.386 63.0 是 0
33.386 33.613 63.0 可 0
33.613 33.841 61.0 以 0
33.841 34.295 63.0 看 0
34.295 34.522 63.0 到 1
34.6 34.828 63.0 感 0
34.828 35.055 63.0 觉 0
35.282 35.51 61.0 的 0
35.51 35.737 61.0 到 0
35.737 35.964 58.0 你 0
35.964 36.191 61.0 对 0
36.191 36.419 58.0 我 0
36.419 36.646 61.0 的 0
36.646 37.1 65.0 重 0
37.1 38.135 61.0 要 1
38.847 39.074 63.0 不 0
39.074 39.301 63.0 会 0
39.301 39.528 63.0 被 0
39.528 39.869 63.0 天 0
39.869 40.21 63.0 黑 0
40.21 40.438 63.0 天 0
40.438 40.665 63.0 亮 0
40.665 41.119 65.0 打 0
41.119 41.347 63.0 扰 1
41.572 41.799 63.0 你 0
41.799 42.026 63.0 每 0
42.026 42.254 61.0 一 0
42.254 42.481 63.0 次 0
42.481 42.708 63.0 的 0
42.708 42.936 63.0 温 0
42.936 43.163 63.0 柔 0
43.163 43.39 63.0 我 0
43.39 43.617 61.0 都 0
43.617 43.845 63.0 想 0
43.845 44.299 68.0 炫 0
44.299 45.597 63.0 耀 1
46.227 46.455 61.0 我 0
46.455 46.682 61.0 们 0
46.682 46.909 61.0 绕 0
46.909 47.136 61.0 了 0
47.136 47.364 65.0 这 0
47.364 47.591 68.0 么 0
47.591 47.818 68.0 一 0
47.818 48.046 68.0 圈 0
48.046 48.273 63.0 才 0
48.273 48.5 63.0 遇 0
48.5 48.727 61.0 到 1
48.969 49.196 65.0 我 0
49.213 49.423 63.0 比 0
49.423 49.65 61.0 谁 0
49.65 49.878 61.0 都 0
49.878 50.105 63.0 更 0
50.105 50.332 63.0 明 0
50.332 50.56 63.0 白 0
50.56 50.787 63.0 你 0
50.787 51.014 65.0 的 0
51.014 51.241 66.0 重 0
51.241 52.948 65.0 要 1
53.477 53.704 58.0 沉 0
53.704 53.932 61.0 默 0
53.932 54.159 61.0 久 0
54.159 54.386 61.0 了 0
54.386 54.613 61.0 我 0
54.613 54.841 61.0 就 0
54.841 55.295 65.0 决 0
55.295 55.75 58.0 定 0
55.75 55.977 58.0 了 1
56.216 56.444 63.0 决 0
56.444 56.671 61.0 定 0
56.671 56.898 58.0 了 0
56.898 57.125 58.0 你 0
57.125 57.353 61.0 的 0
57.353 57.58 61.0 手 0
57.58 57.807 61.0 我 0
57.807 58.035 61.0 握 0
58.035 58.262 61.0 了 0
58.262 58.489 61.0 不 0
58.489 58.944 68.0 会 0
58.944 59.398 65.0 放 0
59.398 60.535 63.0 掉 1
60.668 60.895 61.0 我 0
60.895 61.122 61.0 们 0
61.122 61.35 61.0 绕 0
61.35 61.577 61.0 了 0
61.577 61.804 68.0 这 0
61.804 62.031 68.0 么 0
62.031 62.259 68.0 一 0
62.259 62.486 68.0 圈 0
62.486 62.713 63.0 才 0
62.713 62.941 63.0 遇 0
62.941 63.168 61.0 到 1
63.406 63.633 63.0 我 0
63.633 63.861 63.0 答 0
63.861 64.088 61.0 应 0
64.088 64.315 61.0 自 0
64.315 64.542 63.0 己 0
64.542 64.77 63.0 不 0
64.77 64.997 63.0 再 0
64.997 65.224 63.0 庸 0
65.224 65.452 65.0 人 0
65.452 65.679 66.0 自 0
65.679 67.385 65.0 扰 1
67.971 68.198 61.0 因 0
68.198 68.425 61.0 为 0
68.425 68.652 61.0 我 0
68.652 68.88 61.0 要 0
68.88 69.107 70.0 的 0
69.107 69.334 70.0 我 0
69.334 69.789 72.0 自 0
69.789 70.016 70.0 己 0
70.016 70.243 65.0 知 0
70.243 70.471 61.0 道 1
70.749 70.976 58.0 只 0
70.976 71.203 61.0 要 0
71.203 71.431 63.0 你 0
71.431 71.658 65.0 的 0
71.658 71.885 61.0 肩 0
71.885 72.559 61.0 膀 0
73.022 73.249 68.0 依 0
73.249 73.59 68.0 然 0
73.703 74.158 65.0 让 0
74.158 74.612 63.0 我 0
74.612 75.067 63.0 靠 0
75.067 75.635 61.0 - 1
77.145 77.373 61.0 你 0
77.373 77.6 61.0 身 0
77.6 77.827 61.0 上 0
77.827 78.055 61.0 专 0
78.055 78.282 58.0 属 0
78.282 78.509 61.0 的 0
78.509 78.736 58.0 陌 0
78.736 78.964 61.0 生 0
78.964 79.191 65.0 味 0
79.191 79.645 65.0 道 1
79.833 80.287 63.0 是 0
80.287 80.515 61.0 我 0
80.515 80.742 63.0 确 0
80.742 80.969 63.0 认 0
80.969 81.196 63.0 你 0
81.196 81.424 63.0 存 0
81.424 81.651 63.0 在 0
81.651 81.878 65.0 的 0
81.878 82.105 63.0 目 0
82.105 82.674 56.0 标 1
84.307 84.534 61.0 不 0
84.534 84.762 61.0 用 0
84.762 84.989 61.0 来 0
84.989 85.216 61.0 回 0
85.216 85.444 58.0 张 0
85.444 85.671 61.0 望 0
85.671 85.898 58.0 了 1
85.924 86.151 61.0 知 0
86.151 86.606 68.0 道 0
86.606 86.833 65.0 今 0
87.06 87.288 63.0 世 0
87.288 87.515 63.0 我 0
87.515 87.742 61.0 们 0
87.742 87.97 61.0 相 0
87.97 88.197 63.0 隔 0
88.197 88.424 63.0 着 0
88.424 88.651 61.0 一 0
88.651 88.879 63.0 个 0
88.879 89.333 68.0 街 0
89.333 90.697 65.0 角 1
91.559 91.786 61.0 这 0
91.786 92.013 63.0 么 0
92.013 92.241 63.0 久 0
92.241 92.582 63.0 了 0
92.695 92.923 63.0 我 0
92.923 93.15 63.0 还 0
93.15 93.377 63.0 是 0
93.377 93.604 63.0 可 0
93.604 93.832 61.0 以 0
93.832 94.286 63.0 看 0
94.286 94.513 63.0 到 1
94.564 94.792 63.0 感 0
94.792 95.019 63.0 觉 0
95.246 95.474 61.0 的 0
95.474 95.701 61.0 到 0
95.701 95.928 58.0 你 0
95.928 96.155 61.0 对 0
96.155 96.383 58.0 我 0
96.383 96.61 61.0 的 0
96.61 97.064 65.0 重 0
97.064 98.099 61.0 要 1
98.835 99.062 63.0 不 0
99.062 99.289 63.0 会 0
99.289 99.516 63.0 被 0
99.516 99.857 63.0 天 0
99.857 100.198 63.0 黑 0
100.198 100.426 63.0 天 0
100.426 100.653 63.0 亮 0
100.653 101.107 65.0 打 0
101.107 101.335 63.0 扰 1
101.667 101.894 63.0 你 0
101.894 102.121 63.0 每 0
102.121 102.349 61.0 一 0
102.349 102.576 63.0 次 0
102.576 102.803 63.0 的 0
102.803 103.031 63.0 温 0
103.031 103.258 63.0 柔 0
103.258 103.485 63.0 我 0
103.485 103.712 61.0 都 0
103.712 103.94 63.0 想 0
103.94 104.394 70.0 炫 0
104.394 105.692 68.0 耀 1
106.177 106.405 61.0 我 0
106.405 106.632 61.0 们 0
106.632 106.859 61.0 绕 0
106.859 107.086 61.0 了 0
107.086 107.314 65.0 这 0
107.314 107.541 68.0 么 0
107.541 107.768 68.0 一 0
107.768 107.996 68.0 圈 0
107.996 108.223 63.0 才 0
108.223 108.45 63.0 遇 0
108.45 108.677 61.0 到 1
108.977 109.204 65.0 我 0
109.204 109.431 63.0 比 0
109.431 109.658 61.0 谁 0
109.658 109.886 63.0 都 0
109.886 110.113 63.0 更 0
110.113 110.34 63.0 明 0
110.34 110.568 63.0 白 0
110.568 110.795 63.0 你 0
110.795 111.022 65.0 的 0
111.022 111.249 66.0 重 0
111.249 112.956 65.0 要 1
113.433 113.66 61.0 沉 0
113.66 113.888 61.0 默 0
113.888 114.115 61.0 久 0
114.115 114.342 61.0 了 0
114.342 114.569 61.0 我 0
114.569 114.797 61.0 就 0
114.797 115.251 65.0 决 0
115.251 115.706 58.0 定 0
115.706 115.933 58.0 了 1
116.134 116.362 63.0 决 0
116.362 116.589 61.0 定 0
116.589 116.816 58.0 了 0
116.816 117.043 61.0 你 0
117.043 117.271 61.0 的 0
117.271 117.498 61.0 手 0
117.498 117.725 61.0 我 0
117.725 117.953 61.0 握 0
117.953 118.18 61.0 了 0
118.18 118.407 61.0 不 0
118.407 118.862 68.0 会 0
118.862 119.316 65.0 放 0
119.316 120.453 63.0 掉 1
120.745 120.972 61.0 我 0
120.972 121.199 61.0 们 0
121.199 121.427 61.0 绕 0
121.427 121.654 61.0 了 0
121.654 121.881 68.0 这 0
121.881 122.108 68.0 么 0
122.108 122.336 68.0 一 0
122.336 122.563 68.0 圈 0
122.563 122.79 63.0 才 0
122.79 123.018 63.0 遇 0
123.018 123.245 61.0 到 1
123.522 123.749 63.0 我 0
123.749 123.977 63.0 答 0
123.977 124.204 61.0 应 0
124.204 124.431 61.0 自 0
124.431 124.658 63.0 己 0
124.658 124.886 63.0 不 0
124.886 125.113 63.0 再 0
125.113 125.34 63.0 庸 0
125.34 125.568 65.0 人 0
125.568 125.795 66.0 自 0
125.795 127.501 65.0 扰 1
127.946 128.173 61.0 因 0
128.173 128.4 61.0 为 0
128.4 128.627 61.0 我 0
128.627 128.855 61.0 要 0
128.855 129.082 70.0 的 0
129.082 129.309 70.0 我 0
129.309 129.764 72.0 自 0
129.764 129.991 70.0 己 0
129.991 130.218 65.0 知 0
130.218 130.446 61.0 道 1
130.686 130.913 58.0 只 0
130.913 131.14 61.0 要 0
131.14 131.368 63.0 你 0
131.368 131.595 65.0 的 0
131.595 131.822 61.0 肩 0
131.822 132.496 61.0 膀 0
132.959 133.186 68.0 依 0
133.186 133.527 68.0 然 0
133.64 134.095 65.0 让 0
134.095 134.549 63.0 我 0
134.549 136.822 61.0 靠 1
142.487 142.714 61.0 沉 0
142.714 142.942 61.0 默 0
142.942 143.169 61.0 久 0
143.169 143.396 61.0 了 0
143.396 143.623 61.0 我 0
143.623 143.851 61.0 就 0
143.851 144.305 65.0 决 0
144.305 144.76 58.0 定 0
144.76 144.987 58.0 了 1
145.21 145.438 63.0 决 0
145.438 145.665 61.0 定 0
145.665 145.892 58.0 了 0
145.892 146.119 58.0 你 0
146.119 146.347 61.0 的 0
146.347 146.574 61.0 手 0
146.574 146.801 61.0 我 0
146.801 147.028 61.0 握 0
147.028 147.256 61.0 了 0
147.256 147.483 61.0 不 0
147.483 147.938 68.0 会 0
147.938 148.392 65.0 放 0
148.392 149.528 63.0 掉 1
149.889 150.116 61.0 我 0
150.116 150.343 61.0 们 0
150.343 150.571 61.0 绕 0
150.571 150.798 61.0 了 0
150.798 151.025 68.0 这 0
151.025 151.252 68.0 么 0
151.252 151.48 68.0 一 0
151.48 151.707 68.0 圈 0
151.707 151.934 63.0 才 0
151.934 152.161 63.0 遇 0
152.161 152.389 61.0 到 1
152.496 152.723 63.0 我 0
152.723 152.951 63.0 答 0
152.951 153.178 61.0 应 0
153.178 153.405 63.0 自 0
153.405 153.632 63.0 己 0
153.632 153.86 63.0 不 0
153.86 154.087 63.0 再 0
154.087 154.314 63.0 庸 0
154.314 154.541 65.0 人 0
154.541 154.769 66.0 自 0
154.769 156.475 65.0 扰 1
156.97 157.198 61.0 因 0
157.198 157.425 61.0 为 0
157.425 157.652 61.0 我 0
157.652 157.88 61.0 要 0
157.88 158.107 70.0 的 0
158.107 158.334 70.0 我 0
158.334 158.789 72.0 自 0
158.789 159.016 70.0 己 0
159.016 159.243 65.0 知 0
159.243 159.47 61.0 道 1
159.753 159.98 58.0 只 0
159.98 160.207 61.0 要 0
160.207 160.435 63.0 你 0
160.435 160.662 65.0 的 0
160.662 160.889 61.0 肩 0
160.889 161.563 61.0 膀 0
162.025 162.253 68.0 依 0
162.253 162.594 68.0 然 0
162.707 163.162 65.0 让 0
163.162 163.616 63.0 我 0
163.616 164.071 61.0 靠 0
164.071 164.98 61.0 - 1
