45.397 45.634 58.0 写 0
45.638 46.122 60.0 - 0
46.122 46.601 60.0 信 0
46.605 46.842 62.0 告 0
46.847 47.326 62.0 诉 0
47.572 47.808 58.0 今 0
47.814 48.535 63.0 - 1
48.901 49.383 62.0 海 0
49.385 49.626 60.0 - 0
49.626 49.868 58.0 是 0
49.868 50.351 60.0 什 0
50.351 50.588 62.0 么 0
50.593 51.921 62.0 颜 1
53.409 53.644 58.0 夜 0
53.651 53.886 60.0 夜 0
53.892 54.368 60.0 陪 0
54.376 54.611 62.0 着 0
54.617 55.329 62.0 你 0
55.342 55.578 58.0 的 0
55.584 56.773 63.0 海 1
56.777 57.134 62.0 心 0
57.14 57.497 60.0 情 0
57.503 57.739 58.0 又 0
57.746 58.703 69.0 如 0
58.714 59.19 67.0 何 0
59.199 60.278 65.0 - 1
60.615 60.97 65.0 灰 0
60.978 61.333 63.0 - 0
61.341 61.577 62.0 色 0
61.584 62.068 63.0 是 0
62.068 62.483 55.0 不 0
62.552 63.691 63.0 说 1
64.125 64.601 63.0 蓝 0
64.609 64.843 63.0 - 0
64.851 65.086 62.0 色 0
65.093 65.329 60.0 是 0
65.336 66.896 62.0 忧 1
68.044 68.279 62.0 而 0
68.286 68.761 62.0 漂 0
68.77 69.005 60.0 泊 0
69.013 69.248 58.0 的 0
69.255 69.971 60.0 你 1
70.352 70.829 62.0 狂 0
70.837 71.071 60.0 浪 0
71.079 71.321 58.0 的 0
71.321 72.039 60.0 心 1
72.287 72.763 60.0 停 0
72.771 73.006 58.0 在 0
73.014 73.73 65.0 哪 0
73.74 75.783 60.0 里 1
76.65 76.887 58.0 写 0
76.893 77.13 60.0 信 0
77.135 77.614 60.0 告 0
77.619 77.855 62.0 诉 0
77.861 78.341 62.0 我 0
78.588 78.824 58.0 今 0
78.83 79.553 63.0 夜 1
79.902 80.26 62.0 你 0
80.265 80.623 60.0 - 0
80.629 80.866 58.0 想 0
80.871 81.349 60.0 要 0
81.355 81.592 62.0 梦 0
81.597 82.804 62.0 什 1
84.288 84.525 58.0 梦 0
84.531 84.766 60.0 里 0
84.773 85.249 60.0 外 0
85.257 85.499 62.0 的 0
85.499 86.217 62.0 我 0
86.226 86.589 58.0 是 0
86.589 87.668 63.0 否 1
87.671 88.147 62.0 都 0
88.155 88.39 60.0 - 0
88.398 88.633 58.0 让 0
88.64 89.317 69.0 你 0
89.366 89.806 65.0 从 0
89.851 90.327 62.0 选 0
90.335 91.213 65.0 - 1
91.661 92.016 65.0 我 0
92.024 92.382 63.0 揪 0
92.388 92.623 62.0 著 0
92.63 93.106 63.0 一 0
93.114 93.591 55.0 颗 0
93.599 94.798 63.0 心 1
95.464 95.821 63.0 整 0
95.827 96.185 62.0 - 0
96.191 96.427 60.0 夜 0
96.433 96.912 62.0 都 0
96.917 97.396 65.0 闭 0
97.402 97.88 60.0 不 0
97.886 98.37 62.0 了 0
98.37 98.613 60.0 眼 0
98.613 99.036 58.0 睛 1
99.334 99.691 58.0 为 0
99.697 100.055 60.0 - 0
100.061 100.298 62.0 何 0
100.303 100.539 62.0 你 0
100.545 101.266 63.0 明 0
101.272 101.756 63.0 明 0
101.756 102.235 62.0 动 0
102.24 102.719 60.0 了 1
103.173 103.409 62.0 却 0
103.415 103.895 60.0 - 0
103.9 104.136 62.0 又 0
104.142 104.863 60.0 不 0
104.869 107.043 58.0 靠 1
108.087 110.504 65.0 听 0
110.751 110.988 65.0 海 0
110.993 111.351 72.0 - 0
111.357 111.714 70.0 哭 0
111.72 111.956 69.0 的 0
111.962 114.38 70.0 声 1
114.821 115.179 62.0 叹 0
115.185 115.542 63.0 - 0
115.548 115.784 65.0 惜 0
115.79 116.269 67.0 着 0
116.274 116.511 67.0 谁 0
116.517 116.753 67.0 又 0
116.759 117.243 67.0 被 0
117.243 117.722 65.0 伤 0
117.728 118.449 67.0 了 0
118.537 118.773 67.0 心 1
118.779 119.258 67.0 却 0
119.264 119.5 69.0 还 0
119.506 119.743 70.0 不 0
119.748 123.135 72.0 清 1
124.059 124.295 69.0 一 0
124.301 124.537 69.0 - 0
124.543 125.022 69.0 定 0
125.027 125.269 62.0 不 0
125.269 125.99 65.0 是 1
126.527 127.007 65.0 至 0
127.012 127.49 62.0 - 0
127.496 127.853 69.0 少 0
127.859 128.217 70.0 我 0
128.223 128.46 69.0 很 0
128.465 129.67 70.0 冷 1
130.306 130.664 70.0 可 0
130.67 131.027 72.0 - 0
131.033 131.269 74.0 是 0
131.275 131.876 67.0 泪 1
132.223 132.58 70.0 就 0
132.586 132.943 72.0 - 0
132.95 133.186 74.0 连 0
133.192 133.792 67.0 泪 0
133.797 134.154 67.0 水 0
134.161 134.639 74.0 也 0
134.645 134.881 72.0 都 0
134.887 135.371 70.0 不 0
135.371 138.515 72.0 相 1
139.075 141.492 65.0 听 0
141.739 141.975 65.0 海 0
141.981 142.338 72.0 - 0
142.344 142.702 70.0 哭 0
142.708 142.944 69.0 的 0
142.95 145.368 70.0 声 1
145.766 146.123 62.0 这 0
146.129 146.487 63.0 片 0
146.493 146.729 65.0 海 0
146.735 147.214 67.0 未 0
147.219 147.455 67.0 免 0
147.461 147.698 67.0 也 0
147.704 148.188 67.0 太 0
148.188 148.667 65.0 多 0
148.672 148.793 65.0 - 0
148.793 149.393 67.0 情 1
149.435 149.671 67.0 悲 0
149.677 150.155 67.0 泣 0
150.161 150.398 69.0 到 0
150.404 150.641 70.0 天 0
150.646 154.032 72.0 明 1
155.08 155.316 69.0 写 0
155.322 155.559 69.0 封 0
155.565 156.044 69.0 信 0
156.049 156.352 62.0 给 0
156.352 157.012 65.0 我 1
157.489 157.967 65.0 就 0
157.974 158.452 62.0 当 0
158.458 158.815 69.0 最 0
158.821 159.178 70.0 後 0
159.184 159.422 69.0 约 0
159.427 160.632 70.0 定 1
161.229 161.586 70.0 说 0
161.592 161.95 72.0 - 0
161.956 162.192 74.0 你 0
162.198 162.555 67.0 在 0
162.561 162.797 67.0 离 0
162.803 163.161 65.0 开 0
163.167 163.524 67.0 我 0
163.53 163.887 69.0 的 0
163.893 164.614 70.0 时 1
164.846 165.203 65.0 是 0
165.209 165.688 75.0 - 0
165.694 166.293 74.0 怎 0
166.299 166.777 70.0 样 0
166.784 167.504 72.0 的 0
167.51 170.895 70.0 心 1
196.719 196.955 58.0 写 0
196.961 197.198 60.0 信 0
197.203 197.683 60.0 告 0
197.688 197.924 62.0 诉 0
197.93 198.409 62.0 我 0
198.657 198.893 58.0 今 0
198.899 199.621 63.0 夜 1
199.976 200.334 62.0 你 0
200.339 200.696 60.0 - 0
200.702 200.939 58.0 想 0
200.944 201.423 60.0 要 0
201.429 201.666 62.0 梦 0
201.671 202.878 62.0 什 1
204.475 204.711 58.0 梦 0
204.717 204.952 60.0 里 0
204.959 205.436 60.0 外 0
205.444 205.68 62.0 的 0
205.686 206.392 62.0 我 0
206.413 206.649 58.0 是 0
206.655 207.861 63.0 否 1
207.866 208.223 62.0 都 0
208.229 208.586 60.0 让 0
208.592 208.827 58.0 你 0
208.834 209.548 69.0 无 0
209.561 210.039 65.0 从 0
210.045 210.53 62.0 选 0
210.53 211.609 65.0 择 1
211.756 212.111 65.0 我 0
212.119 212.476 63.0 揪 0
212.482 212.717 62.0 着 0
212.725 213.203 63.0 一 0
213.209 213.445 55.0 颗 0
213.451 214.902 63.0 心 1
215.618 215.975 63.0 整 0
215.981 216.338 62.0 夜 0
216.344 216.58 60.0 都 0
216.587 217.066 62.0 闭 0
217.071 217.549 65.0 不 0
217.555 217.791 60.0 了 0
217.797 218.524 62.0 眼 0
218.524 219.003 58.0 睛 1
219.397 219.754 58.0 为 0
219.76 220.117 60.0 - 0
220.123 220.361 62.0 何 0
220.366 220.602 62.0 你 0
220.608 221.328 63.0 明 0
221.334 221.813 63.0 明 0
221.819 222.055 62.0 动 0
222.061 222.797 60.0 了 1
223.275 223.511 62.0 却 0
223.517 223.996 60.0 - 0
224.001 224.238 62.0 又 0
224.244 224.728 60.0 不 0
224.728 224.97 58.0 靠 0
224.97 227.145 58.0 - 1
228.183 230.599 65.0 听 0
230.847 231.084 65.0 海 0
231.089 231.446 72.0 哭 0
231.452 231.809 70.0 的 0
231.815 232.052 69.0 声 0
232.058 234.476 70.0 音 1
235.023 235.38 62.0 叹 0
235.386 235.744 63.0 惜 0
235.75 235.986 65.0 着 0
235.992 236.47 67.0 谁 0
236.476 236.712 67.0 又 0
236.718 236.954 67.0 被 0
236.96 237.445 67.0 伤 0
237.445 237.923 65.0 了 0
237.929 238.65 67.0 心 1
238.653 238.889 67.0 却 0
238.895 239.374 67.0 还 0
239.379 239.615 69.0 不 0
239.622 239.858 70.0 清 0
239.864 243.25 72.0 醒 1
244.231 244.467 69.0 一 0
244.473 244.709 69.0 定 0
244.716 245.194 69.0 不 0
245.2 245.436 62.0 是 0
245.442 245.684 62.0 我 0
245.684 246.162 65.0 - 1
246.613 247.091 65.0 至 0
247.097 247.576 62.0 少 0
247.582 247.94 69.0 我 0
247.945 248.302 70.0 很 0
248.308 248.545 69.0 冷 0
248.551 249.756 70.0 静 1
250.407 250.764 70.0 可 0
250.77 251.129 72.0 是 0
251.134 251.37 74.0 泪 0
251.376 251.975 67.0 水 1
252.314 252.671 70.0 就 0
252.677 253.035 72.0 连 0
253.04 253.276 74.0 泪 0
253.282 254.003 67.0 水 0
254.009 254.248 67.0 也 0
254.251 254.73 74.0 都 0
254.735 254.972 72.0 不 0
254.978 255.698 70.0 相 0
255.704 258.606 72.0 信 1
259.1 261.517 65.0 听 0
261.764 262.0 65.0 海 0
262.006 262.364 72.0 - 0
262.369 262.727 70.0 哭 0
262.733 262.969 69.0 的 0
262.975 265.392 70.0 声 1
265.915 266.272 62.0 这 0
266.278 266.636 63.0 片 0
266.642 266.878 65.0 海 0
266.884 267.362 67.0 未 0
267.368 267.605 67.0 免 0
267.611 267.847 67.0 也 0
267.853 268.337 67.0 太 0
268.337 268.815 65.0 多 0
268.821 269.543 67.0 情 1
269.662 269.898 67.0 悲 0
269.904 270.383 67.0 泣 0
270.389 270.625 69.0 到 0
270.631 270.867 70.0 天 0
270.873 274.26 72.0 明 1
275.116 275.353 69.0 写 0
275.359 275.595 69.0 封 0
275.601 276.079 69.0 信 0
276.085 276.321 62.0 给 0
276.327 277.056 65.0 我 1
277.607 278.087 65.0 就 0
278.092 278.57 62.0 当 0
278.576 278.933 69.0 最 0
278.939 279.297 70.0 後 0
279.303 279.539 69.0 约 0
279.545 280.751 70.0 定 1
281.368 281.726 70.0 说 0
281.732 282.089 72.0 - 0
282.095 282.331 74.0 你 0
282.337 282.694 67.0 在 0
282.7 282.937 67.0 离 0
282.943 283.3 65.0 开 0
283.306 283.663 67.0 我 0
283.669 284.026 69.0 的 0
284.032 284.753 70.0 时 1
285.492 285.849 65.0 是 0
285.855 286.333 75.0 怎 0
286.339 286.696 74.0 样 0
286.703 287.181 70.0 的 0
287.187 287.913 72.0 心 0
287.913 291.54 70.0 情 1
