16.304 16.667 57.0 久 0
16.793 17.156 58.0 未 0
17.282 17.767 55.0 放 0
17.771 18.133 55.0 晴 0
18.26 18.5 57.0 的 0
18.504 18.867 58.0 天 0
18.993 19.723 57.0 空 1
20.293 20.655 57.0 依 0
20.782 21.144 58.0 旧 0
21.271 21.695 57.0 留 0
21.76 22.122 55.0 着 0
22.249 22.367 57.0 你 0
22.493 22.856 57.0 的 0
22.982 23.467 52.0 笑 0
23.471 24.323 53.0 容 1
24.668 25.275 62.0 哭 0
25.401 25.519 60.0 - 0
25.646 26.742 60.0 过 0
27.113 27.475 53.0 却 0
27.602 28.087 58.0 无 0
28.091 28.453 57.0 法 0
28.519 29.004 58.0 掩 0
29.008 29.248 60.0 埋 0
29.252 29.737 57.0 歉 0
29.741 29.982 55.0 - 0
29.986 31.326 55.0 疚 1
31.916 32.278 57.0 风 0
32.405 32.767 58.0 筝 0
32.894 33.256 57.0 在 0
33.383 33.745 55.0 阴 0
33.872 34.112 57.0 天 0
34.116 34.601 58.0 搁 0
34.605 35.335 57.0 浅 1
35.864 36.226 57.0 想 0
36.353 36.715 58.0 念 0
36.842 37.204 57.0 还 0
37.331 37.816 55.0 在 0
37.82 37.938 57.0 等 0
38.064 38.427 57.0 待 0
38.553 38.916 52.0 救 0
39.042 39.894 53.0 援 1
40.311 41.04 62.0 我 0
41.044 41.162 60.0 - 0
41.289 41.651 60.0 拉 0
41.778 42.018 65.0 着 0
42.022 42.629 65.0 线 0
43.0 43.241 67.0 复 0
43.245 43.607 69.0 习 0
43.734 44.092 69.0 你 0
44.217 44.694 69.0 给 0
44.698 44.934 65.0 的 0
44.938 45.428 65.0 温 0
45.432 46.498 67.0 柔 1
46.53 46.76 65.0 暴 0
46.764 47.041 64.0 晒 0
47.046 47.409 62.0 在 0
47.535 47.775 62.0 一 0
48.024 48.386 62.0 旁 0
48.512 48.753 64.0 的 0
48.757 49.119 62.0 寂 0
49.245 50.219 61.0 寞 1
50.882 51.122 57.0 笑 0
51.126 51.489 64.0 我 0
51.615 51.977 64.0 给 0
52.104 52.588 65.0 不 0
52.592 52.71 67.0 起 0
52.837 53.321 67.0 承 0
53.326 53.932 65.0 诺 1
53.935 54.297 64.0 怎 0
54.301 54.664 65.0 么 0
54.668 54.908 64.0 会 0
54.912 55.275 62.0 怎 0
55.401 55.519 62.0 么 0
55.645 56.374 62.0 会 0
56.623 56.741 62.0 你 0
56.867 57.23 62.0 竟 0
57.356 57.718 67.0 原 0
57.845 58.329 67.0 谅 0
58.333 58.574 65.0 了 0
58.578 60.627 67.0 我 1
61.373 61.851 57.0 我 0
61.855 62.333 60.0 只 0
62.338 62.816 67.0 能 0
62.82 63.188 65.0 永 0
63.316 63.56 58.0 远 0
63.812 64.303 58.0 读 0
64.308 64.427 57.0 着 0
64.556 64.923 57.0 对 0
65.051 65.543 55.0 白 1
65.792 66.16 64.0 读 0
66.288 66.78 65.0 着 0
66.784 67.276 67.0 我 0
67.28 67.648 60.0 给 0
67.776 68.132 58.0 你 0
68.256 68.372 58.0 的 0
68.496 68.852 58.0 伤 0
68.976 69.452 57.0 害 1
69.564 69.68 57.0 我 0
69.804 69.92 58.0 原 0
70.044 70.4 60.0 谅 0
70.524 70.891 60.0 不 0
70.896 71.139 60.0 了 0
71.267 72.007 53.0 我 1
72.362 72.482 62.0 就 0
72.61 72.972 62.0 请 0
73.098 73.582 64.0 你 0
73.586 73.948 60.0 当 0
74.074 74.557 55.0 作 0
74.561 75.053 58.0 我 0
75.057 75.549 57.0 已 0
75.553 75.921 55.0 不 0
76.049 76.293 55.0 在 0
76.297 76.785 57.0 - 1
76.993 77.479 57.0 我 0
77.483 77.968 60.0 睁 0
77.972 78.457 67.0 开 0
78.461 78.823 65.0 双 0
78.949 79.189 58.0 眼 0
79.437 79.921 58.0 看 0
79.925 80.043 57.0 着 0
80.169 80.531 57.0 空 0
80.657 81.14 55.0 白 1
81.398 81.882 64.0 忘 0
81.886 82.248 65.0 记 0
82.374 82.736 67.0 你 0
82.862 83.223 67.0 对 0
83.349 83.833 67.0 我 0
83.837 84.077 64.0 的 0
84.081 84.565 67.0 期 0
84.569 85.175 65.0 待 1
85.306 85.789 62.0 读 0
85.793 86.155 64.0 完 0
86.281 86.643 65.0 了 0
86.769 86.887 64.0 依 0
87.013 87.741 65.0 赖 1
88.007 88.246 64.0 我 0
88.251 88.612 62.0 很 0
88.738 89.1 64.0 快 0
89.226 89.71 65.0 就 0
89.714 89.954 64.0 离 0
89.958 93.856 65.0 开 1
114.22 114.583 57.0 久 0
114.709 115.071 58.0 未 0
115.197 115.682 57.0 放 0
115.686 116.045 55.0 晴 0
116.17 116.408 57.0 的 0
116.412 116.772 58.0 天 0
116.897 117.62 57.0 空 1
117.963 118.325 57.0 依 0
118.451 118.813 58.0 旧 0
118.939 119.361 57.0 留 0
119.426 119.788 55.0 着 0
119.914 120.032 57.0 你 0
120.158 120.519 57.0 的 0
120.645 121.129 52.0 笑 0
121.133 121.982 53.0 容 1
122.402 123.008 62.0 哭 0
123.134 123.251 60.0 - 0
123.377 124.471 60.0 过 0
124.84 125.202 53.0 却 0
125.328 125.812 58.0 无 0
125.816 126.177 57.0 法 0
126.242 126.726 58.0 掩 0
126.73 126.97 60.0 埋 0
126.974 127.457 57.0 歉 0
127.462 127.701 55.0 - 0
127.705 129.042 55.0 疚 1
129.725 130.087 57.0 风 0
130.213 130.574 58.0 筝 0
130.7 131.062 57.0 在 0
131.188 131.549 55.0 阴 0
131.675 131.915 57.0 天 0
131.919 132.403 58.0 搁 0
132.407 133.134 57.0 浅 1
133.652 134.02 57.0 想 0
134.148 134.515 58.0 念 0
134.644 135.011 57.0 还 0
135.139 135.631 55.0 在 0
135.635 135.755 57.0 等 0
135.883 136.25 57.0 待 0
136.378 137.118 60.0 救 0
137.122 137.958 53.0 援 1
138.188 138.903 62.0 我 0
138.907 139.023 60.0 - 0
139.147 139.503 60.0 拉 0
139.627 139.863 65.0 着 0
139.867 140.463 65.0 线 0
140.827 141.063 67.0 复 0
141.067 141.434 69.0 习 0
141.563 141.93 69.0 你 0
142.058 142.55 69.0 给 0
142.554 142.798 70.0 的 0
142.802 143.293 69.0 温 0
143.297 144.409 67.0 柔 1
144.438 144.681 65.0 暴 0
144.686 144.929 64.0 晒 0
144.933 145.301 62.0 在 0
145.429 145.673 62.0 一 0
145.925 146.286 62.0 旁 0
146.412 146.651 64.0 的 0
146.655 147.016 62.0 寂 0
147.142 148.112 61.0 寞 1
148.555 148.794 57.0 笑 0
148.798 149.159 64.0 我 0
149.285 149.646 64.0 给 0
149.772 150.254 65.0 不 0
150.259 150.376 67.0 起 0
150.502 150.985 67.0 承 0
150.989 151.593 65.0 诺 1
151.809 152.17 64.0 怎 0
152.174 152.535 65.0 么 0
152.539 152.779 64.0 会 0
152.783 153.144 62.0 怎 0
153.27 153.387 62.0 么 0
153.513 154.239 62.0 会 0
154.487 154.604 62.0 你 0
154.73 155.091 62.0 竟 0
155.217 155.578 67.0 原 0
155.704 156.187 65.0 谅 0
156.191 156.43 65.0 了 0
156.434 158.499 67.0 我 1
159.091 159.574 57.0 我 0
159.578 160.061 60.0 只 0
160.065 160.547 67.0 能 0
160.551 160.913 65.0 永 0
161.038 161.278 58.0 远 0
161.525 162.008 58.0 读 0
162.012 162.13 57.0 着 0
162.255 162.623 57.0 对 0
162.755 163.262 55.0 白 1
163.48 163.842 64.0 读 0
163.968 164.452 65.0 着 0
164.456 164.939 67.0 我 0
164.943 165.305 60.0 给 0
165.431 165.793 60.0 你 0
165.919 166.037 58.0 的 0
166.163 166.524 58.0 伤 0
166.65 167.134 57.0 害 1
167.408 167.647 55.0 我 0
167.651 167.769 58.0 原 0
167.895 168.257 60.0 谅 0
168.383 168.745 60.0 不 0
168.749 168.988 60.0 了 0
169.114 169.842 53.0 我 1
170.05 170.168 62.0 就 0
170.294 170.655 62.0 请 0
170.781 171.265 64.0 你 0
171.269 171.636 60.0 当 0
171.765 172.256 55.0 作 0
172.26 172.752 58.0 我 0
172.756 173.247 57.0 已 0
173.252 173.72 55.0 不 0
173.724 174.192 57.0 在 1
174.792 175.279 57.0 我 0
175.283 175.77 60.0 睁 0
175.774 176.26 67.0 开 0
176.265 176.629 65.0 双 0
176.755 176.997 58.0 眼 0
177.246 177.733 58.0 看 0
177.737 177.856 57.0 着 0
177.982 178.347 57.0 空 0
178.473 178.96 55.0 白 1
179.139 179.625 64.0 忘 0
179.629 179.993 65.0 记 0
180.12 180.482 67.0 你 0
180.608 180.97 67.0 对 0
181.096 181.579 64.0 我 0
181.583 181.823 64.0 的 0
181.827 182.311 67.0 期 0
182.315 182.92 65.0 待 1
183.133 183.617 62.0 读 0
183.621 183.982 64.0 完 0
184.108 184.47 65.0 了 0
184.596 184.714 64.0 依 0
184.84 185.567 65.0 赖 1
185.643 185.883 64.0 我 0
185.887 186.249 62.0 很 0
186.375 186.736 64.0 快 0
186.862 188.382 65.0 就 1
188.968 189.695 73.0 我 0
189.943 190.549 70.0 只 0
190.675 190.914 71.0 - 0
190.918 191.646 68.0 能 0
191.65 191.89 66.0 - 0
191.894 192.255 66.0 永 0
192.381 192.621 59.0 远 0
192.869 193.353 59.0 读 0
193.357 193.474 58.0 着 0
193.6 193.962 58.0 对 0
194.088 194.572 56.0 白 1
194.893 195.254 65.0 读 0
195.38 195.864 66.0 着 0
195.868 196.351 68.0 我 0
196.355 196.717 61.0 给 0
196.843 197.205 61.0 你 0
197.331 197.449 59.0 的 0
197.575 197.936 59.0 伤 0
198.062 198.546 58.0 害 1
198.607 198.847 56.0 我 0
198.851 198.968 59.0 原 0
199.094 199.456 61.0 谅 0
199.582 199.944 61.0 不 0
200.009 200.37 63.0 了 0
200.374 201.102 54.0 我 1
201.355 201.473 63.0 就 0
201.599 201.96 63.0 请 0
202.086 202.57 65.0 你 0
202.574 203.057 61.0 当 0
203.062 203.545 68.0 作 0
203.549 204.033 71.0 我 0
204.037 204.52 70.0 已 0
204.524 205.005 70.0 不 0
205.009 205.732 70.0 在 0
205.736 205.974 68.0 - 1
206.127 206.607 68.0 我 0
206.611 206.971 68.0 睁 0
207.096 207.576 70.0 开 0
207.58 207.948 68.0 双 0
208.076 208.568 66.0 眼 0
208.572 209.063 66.0 看 0
209.068 209.187 68.0 着 0
209.315 209.683 68.0 空 0
209.811 210.303 68.0 白 1
210.449 210.94 65.0 忘 0
210.944 211.312 66.0 记 0
211.44 211.802 68.0 你 0
211.928 212.289 68.0 对 0
212.415 212.899 68.0 我 0
212.903 213.143 70.0 的 0
213.147 213.63 66.0 期 0
213.634 214.24 66.0 待 1
214.307 214.791 63.0 读 0
214.795 215.156 65.0 完 0
215.282 215.644 66.0 了 0
215.77 215.888 65.0 依 0
216.014 216.741 66.0 赖 1
217.028 217.268 65.0 我 0
217.272 217.634 63.0 很 0
217.759 218.121 65.0 快 0
218.247 218.731 66.0 就 0
218.735 219.096 65.0 - 0
219.101 219.584 65.0 离 0
219.588 221.9 66.0 开 1
