20.622 20.922 57.0 你 0
20.922 21.222 60.0 是 0
21.222 21.522 62.0 我 0
21.522 22.122 65.0 的 0
22.122 22.422 65.0 情 0
22.422 23.022 62.0 - 0
23.022 24.822 62.0 人 1
25.451 25.751 60.0 像 0
25.751 26.051 62.0 玫 0
26.051 26.351 65.0 瑰 0
26.351 26.651 62.0 花 0
26.651 26.951 60.0 一 0
26.951 27.251 60.0 样 0
27.251 27.551 60.0 的 0
27.551 27.851 60.0 女 0
27.851 28.451 57.0 - 0
28.451 29.651 57.0 人 1
30.382 30.682 60.0 用 0
30.682 30.982 62.0 你 0
30.982 31.282 65.0 那 0
31.282 31.882 65.0 火 0
31.882 32.332 65.0 火 0
32.332 32.482 65.0 的 0
32.482 32.782 62.0 嘴 0
32.782 34.582 67.0 唇 1
35.102 35.402 69.0 让 0
35.402 35.702 69.0 我 0
35.702 36.002 69.0 在 0
36.002 36.302 65.0 午 0
36.302 36.602 65.0 - 0
36.602 36.902 65.0 夜 0
36.902 37.202 60.0 里 0
37.202 37.502 60.0 无 0
37.502 37.802 62.0 尽 0
37.802 38.102 62.0 的 0
38.102 38.702 65.0 销 0
38.702 40.802 62.0 魂 1
41.052 41.352 57.0 你 0
41.352 41.652 60.0 是 0
41.652 41.952 62.0 我 0
41.952 42.552 65.0 的 0
42.552 42.852 65.0 爱 0
42.852 43.152 65.0 - 0
43.152 43.452 62.0 - 0
43.452 45.252 62.0 人 1
45.943 46.243 60.0 像 0
46.243 46.543 62.0 百 0
46.543 46.843 65.0 合 0
46.843 47.143 62.0 花 0
47.143 47.443 60.0 一 0
47.443 47.743 60.0 样 0
47.743 48.043 60.0 的 0
48.043 48.343 60.0 清 0
48.343 48.943 57.0 - 0
48.943 50.143 57.0 纯 1
50.803 51.103 60.0 用 0
51.103 51.403 62.0 你 0
51.403 51.703 65.0 那 0
51.703 52.303 65.0 淡 0
52.303 52.753 65.0 淡 0
52.753 52.903 65.0 的 0
52.903 53.203 62.0 体 0
53.203 55.003 67.0 温 1
55.597 55.897 69.0 抚 0
55.897 56.197 69.0 平 0
56.197 56.497 69.0 我 0
56.497 56.797 65.0 心 0
56.797 57.097 65.0 - 0
57.097 57.397 65.0 中 0
57.397 57.697 60.0 那 0
57.697 57.997 60.0 多 0
57.997 58.297 62.0 情 0
58.297 58.597 62.0 的 0
58.597 59.197 65.0 伤 0
59.197 61.297 62.0 痕 1
79.604 79.904 57.0 我 0
79.904 80.204 60.0 梦 0
80.204 80.504 62.0 中 0
80.504 81.104 65.0 的 0
81.104 81.404 65.0 情 0
81.404 82.004 62.0 - 0
82.004 83.804 62.0 人 1
84.326 84.626 60.0 忘 0
84.626 84.926 62.0 不 0
84.926 85.226 65.0 了 0
85.226 85.526 62.0 甜 0
85.526 85.826 62.0 蜜 0
85.826 86.201 60.0 的 0
86.201 86.426 60.0 香 0
86.426 86.726 57.0 - 0
86.726 88.526 57.0 吻 1
89.164 89.464 60.0 每 0
89.464 89.764 62.0 一 0
89.764 90.064 65.0 个 0
90.064 90.664 65.0 动 0
90.664 91.114 65.0 情 0
91.114 91.264 65.0 的 0
91.264 91.564 62.0 眼 0
91.564 93.364 67.0 神 1
93.884 94.184 69.0 都 0
94.184 94.484 69.0 让 0
94.484 94.784 67.0 我 0
94.784 95.084 67.0 融 0
95.084 95.384 65.0 化 0
95.384 95.684 65.0 在 0
95.684 95.984 60.0 你 0
95.984 96.284 60.0 无 0
96.284 96.584 62.0 边 0
96.584 96.884 62.0 的 0
96.884 97.484 65.0 温 0
97.484 99.584 62.0 存 1
121.551 121.851 57.0 你 0
121.851 122.151 60.0 是 0
122.151 122.451 62.0 我 0
122.451 123.051 65.0 的 0
123.051 123.351 62.0 情 0
123.351 123.951 62.0 - 0
123.951 125.751 62.0 人 1
126.325 126.625 60.0 像 0
126.625 126.925 62.0 玫 0
126.925 127.225 65.0 瑰 0
127.225 127.525 62.0 花 0
127.525 127.825 60.0 一 0
127.825 128.125 60.0 样 0
128.125 128.425 60.0 的 0
128.425 128.725 60.0 女 0
128.725 129.325 57.0 - 0
129.325 130.525 57.0 人 1
131.2 131.5 60.0 用 0
131.5 131.8 62.0 你 0
131.8 132.1 65.0 那 0
132.1 132.7 65.0 火 0
132.7 133.15 65.0 火 0
133.15 133.3 65.0 的 0
133.3 133.6 62.0 嘴 0
133.6 135.4 67.0 唇 1
135.862 136.162 69.0 让 0
136.162 136.462 69.0 我 0
136.462 136.762 69.0 在 0
136.762 137.062 65.0 午 0
137.062 137.362 65.0 - 0
137.362 137.662 65.0 夜 0
137.662 137.962 60.0 里 0
137.962 138.262 60.0 无 0
138.262 138.562 62.0 尽 0
138.562 138.862 62.0 的 0
138.862 139.462 65.0 销 0
139.462 141.562 62.0 魂 1
143.157 143.457 60.0 来 0
143.457 143.757 60.0 来 0
143.757 144.057 62.0 来 0
144.057 144.357 65.0 来 0
144.357 144.657 62.0 来 0
144.657 147.057 67.0 来 1
147.227 147.527 60.0 来 0
147.527 147.827 60.0 来 0
147.827 148.127 62.0 来 0
148.127 148.427 65.0 来 0
148.427 148.727 62.0 来 0
148.727 151.127 62.0 来 1
151.443 151.743 60.0 来 0
151.743 152.043 60.0 来 0
152.043 152.343 62.0 来 0
152.343 152.643 65.0 来 0
152.643 152.943 62.0 来 0
152.943 155.343 67.0 来 1
155.673 155.973 60.0 来 0
155.973 156.273 60.0 来 0
156.273 156.573 62.0 来 0
156.573 156.873 65.0 来 0
156.873 157.173 62.0 来 0
157.173 159.573 62.0 来 1
159.864 160.164 60.0 来 0
160.164 160.464 60.0 来 0
160.464 160.764 62.0 来 0
160.764 161.064 65.0 来 0
161.064 161.364 62.0 来 0
161.364 163.764 67.0 来 1
164.116 164.416 60.0 来 0
164.416 164.716 60.0 来 0
164.716 165.016 62.0 来 0
165.016 165.316 65.0 来 0
165.316 165.616 62.0 来 0
165.616 168.016 62.0 来 1
168.346 168.646 60.0 来 0
168.646 168.946 60.0 来 0
168.946 169.246 62.0 来 0
169.246 169.546 65.0 来 0
169.546 169.846 62.0 来 0
169.846 172.246 67.0 来 1
172.464 172.764 60.0 来 0
172.764 173.064 60.0 来 0
173.064 173.364 62.0 来 0
173.364 173.664 65.0 来 0
173.664 173.964 62.0 来 0
173.964 176.364 62.0 来 1
