29.347 30.177 64.0 夜 0
30.181 30.594 64.0 已 0
30.597 31.011 62.0 沉 0
31.014 32.261 60.0 默 0
32.681 33.094 64.0 心 0
33.097 33.511 64.0 事 0
33.514 33.927 64.0 向 0
33.931 34.344 55.0 谁 0
34.347 35.594 57.0 说 1
35.901 36.731 57.0 不 0
36.734 37.148 57.0 肯 0
37.151 37.564 60.0 回 0
37.568 38.814 62.0 头 0
39.234 39.439 55.0 所 0
39.443 39.648 62.0 有 0
39.651 39.856 62.0 的 0
39.859 40.064 60.0 爱 0
40.068 40.481 62.0 都 0
40.484 40.898 64.0 错 0
40.901 41.318 64.0 过 0
41.318 42.148 62.0 - 1
42.685 43.515 64.0 别 0
43.518 43.931 64.0 笑 0
43.935 44.348 67.0 我 0
44.351 44.765 67.0 懦 0
44.768 45.598 67.0 弱 0
46.018 46.223 67.0 我 0
46.226 46.431 69.0 始 0
46.435 46.64 69.0 终 0
46.643 46.848 67.0 不 0
46.851 47.164 67.0 能 0
47.164 47.681 64.0 - 0
47.685 48.098 64.0 猜 0
48.101 49.348 64.0 透 1
49.407 50.237 57.0 为 0
50.241 50.654 57.0 何 0
50.657 51.071 64.0 人 0
51.074 52.321 62.0 生 0
52.741 52.949 64.0 淡 0
52.949 53.366 62.0 - 0
53.366 55.446 62.0 泊 1
55.9 56.73 64.0 风 0
56.733 57.147 64.0 雨 0
57.15 57.563 62.0 之 0
57.567 58.813 60.0 后 0
59.233 59.647 67.0 无 0
59.65 60.063 64.0 所 0
60.067 60.48 64.0 谓 0
60.483 60.897 55.0 拥 0
60.9 61.73 57.0 有 1
62.626 63.456 57.0 萍 0
63.459 63.872 57.0 水 0
63.876 64.289 60.0 相 0
64.292 65.539 62.0 逢 0
65.959 66.164 57.0 你 0
66.167 66.372 64.0 却 0
66.376 66.581 62.0 给 0
66.584 66.789 60.0 我 0
66.792 67.206 62.0 那 0
67.209 67.622 64.0 么 0
67.626 68.872 62.0 多 1
69.397 70.227 64.0 你 0
70.231 70.644 64.0 挡 0
70.647 71.061 67.0 住 0
71.064 71.477 69.0 寒 0
71.481 72.311 67.0 冬 0
72.731 72.936 67.0 温 0
72.939 73.144 69.0 暖 0
73.147 73.352 69.0 只 0
73.356 73.561 67.0 保 0
73.564 73.977 67.0 留 0
74.397 74.811 64.0 给 0
74.814 76.061 64.0 我 1
76.068 76.898 57.0 风 0
76.901 77.315 57.0 霜 0
77.318 77.731 64.0 寂 0
77.735 78.981 62.0 寞 0
79.401 79.815 64.0 凋 0
79.818 81.481 62.0 落 0
81.901 82.106 62.0 在 0
82.11 82.315 60.0 你 0
82.318 82.731 57.0 的 0
82.735 83.148 57.0 怀 0
83.151 84.398 60.0 中 1
85.098 85.303 55.0 人 0
85.306 85.511 57.0 生 0
85.514 85.719 60.0 风 0
85.723 85.928 62.0 景 0
85.931 87.178 64.0 在 0
87.181 87.594 67.0 游 0
87.598 88.428 64.0 走 1
88.546 88.751 60.0 每 0
88.754 88.959 62.0 当 0
88.963 89.168 64.0 孤 0
89.171 89.376 67.0 独 0
89.379 90.626 69.0 我 0
90.629 91.043 67.0 回 0
91.046 91.876 64.0 首 1
91.913 92.118 60.0 你 0
92.122 92.327 62.0 的 0
92.33 92.535 64.0 爱 0
92.538 92.743 67.0 总 0
92.747 93.785 72.0 在 0
93.997 94.202 72.0 不 0
94.205 94.41 69.0 远 0
94.413 94.827 72.0 地 0
94.83 95.452 65.0 方 0
95.455 95.868 67.0 等 0
95.872 96.077 69.0 着 0
96.08 97.743 67.0 我 1
98.452 98.657 55.0 岁 0
98.66 98.865 57.0 月 0
98.869 99.074 60.0 如 0
99.077 99.282 62.0 流 0
99.285 100.532 64.0 在 0
100.535 100.949 67.0 穿 0
100.952 101.782 64.0 梭 1
101.816 102.021 60.0 喜 0
102.025 102.23 62.0 怒 0
102.233 102.438 64.0 哀 0
102.441 102.646 67.0 乐 0
102.65 103.896 69.0 我 0
103.9 104.313 67.0 深 0
104.316 105.146 69.0 锁 1
105.194 105.399 55.0 只 0
105.402 105.607 57.0 因 0
105.61 105.815 60.0 有 0
105.819 106.024 62.0 你 0
106.027 107.065 62.0 在 0
107.277 107.482 62.0 天 0
107.485 107.69 60.0 涯 0
107.694 108.107 62.0 尽 0
108.11 108.94 55.0 头 0
108.944 109.357 57.0 等 0
109.36 109.774 60.0 着 0
109.777 111.857 60.0 我 1
139.236 140.066 64.0 风 0
140.07 140.483 64.0 雨 0
140.486 140.9 62.0 之 0
140.903 142.15 60.0 后 0
142.57 142.983 67.0 无 0
142.986 143.4 64.0 所 0
143.403 143.816 64.0 谓 0
143.82 144.233 55.0 拥 0
144.236 145.483 57.0 有 1
146.047 146.877 57.0 萍 0
146.88 147.294 57.0 水 0
147.297 147.71 60.0 相 0
147.714 148.96 62.0 逢 0
149.38 149.585 55.0 你 0
149.589 149.794 64.0 却 0
149.797 150.002 62.0 给 0
150.005 150.21 60.0 我 0
150.214 150.627 62.0 那 0
150.63 151.044 64.0 么 0
151.047 152.294 62.0 多 1
152.652 153.482 64.0 你 0
153.485 153.898 64.0 挡 0
153.902 154.315 67.0 住 0
154.318 154.732 69.0 寒 0
154.735 155.565 67.0 冬 0
155.985 156.19 67.0 温 0
156.193 156.398 69.0 暖 0
156.402 156.607 69.0 只 0
156.61 156.815 67.0 保 0
156.818 157.648 64.0 留 0
157.652 158.065 64.0 给 0
158.068 159.315 64.0 我 1
159.32 160.15 57.0 风 0
160.154 160.567 57.0 霜 0
160.57 160.984 64.0 寂 0
160.987 162.234 62.0 寞 0
162.654 162.862 64.0 凋 0
162.862 163.279 62.0 - 0
163.279 165.15 62.0 落 0
165.154 165.359 62.0 在 0
165.362 165.567 60.0 你 0
165.57 165.775 57.0 的 0
165.987 166.4 60.0 怀 0
166.404 168.067 60.0 中 1
168.433 168.638 55.0 人 0
168.641 168.846 57.0 生 0
168.85 169.055 60.0 风 0
169.058 169.263 62.0 景 0
169.266 170.513 64.0 在 0
170.516 170.93 64.0 游 0
170.933 171.763 64.0 走 1
171.911 172.116 60.0 每 0
172.12 172.325 62.0 当 0
172.328 172.533 64.0 孤 0
172.536 172.741 67.0 独 0
172.745 173.991 69.0 我 0
173.995 174.408 67.0 回 0
174.411 175.241 64.0 首 1
175.249 175.454 60.0 你 0
175.457 175.662 62.0 的 0
175.665 175.87 64.0 爱 0
175.874 176.079 67.0 总 0
176.082 177.12 72.0 在 0
177.332 177.537 70.0 不 0
177.54 177.745 69.0 远 0
177.749 178.162 72.0 地 0
178.165 178.787 65.0 方 0
178.79 179.204 67.0 等 0
179.207 179.412 69.0 着 0
179.415 181.079 67.0 我 1
181.905 182.11 55.0 岁 0
182.114 182.319 57.0 月 0
182.322 182.527 60.0 如 0
182.53 182.735 62.0 流 0
182.739 183.985 64.0 在 0
183.989 184.402 64.0 穿 0
184.405 185.235 64.0 梭 1
185.24 185.445 60.0 喜 0
185.448 185.653 62.0 怒 0
185.656 185.861 64.0 哀 0
185.865 186.07 67.0 乐 0
186.073 187.32 69.0 我 0
187.323 187.736 67.0 深 0
187.74 188.57 69.0 锁 1
188.571 188.776 55.0 只 0
188.779 188.984 57.0 因 0
188.988 189.193 60.0 有 0
189.196 189.401 64.0 你 0
189.404 190.443 62.0 在 0
190.654 190.859 62.0 天 0
190.863 191.068 60.0 涯 0
191.071 191.484 62.0 尽 0
191.488 192.318 55.0 头 0
192.321 192.734 57.0 等 0
192.738 193.151 60.0 着 0
193.154 195.234 60.0 我 1
195.246 195.451 55.0 人 0
195.454 195.659 57.0 生 0
195.662 195.867 60.0 风 0
195.871 196.076 62.0 景 0
196.079 197.326 64.0 在 0
197.329 197.742 64.0 游 0
197.746 198.576 64.0 走 1
198.586 198.791 60.0 每 0
198.794 198.999 62.0 当 0
199.003 199.208 64.0 孤 0
199.211 199.416 67.0 独 0
199.419 200.666 69.0 我 0
200.669 201.083 67.0 回 0
201.086 201.916 64.0 首 1
201.919 202.124 60.0 你 0
202.128 202.333 62.0 的 0
202.336 202.541 64.0 爱 0
202.544 202.749 67.0 总 0
202.753 203.791 72.0 在 0
204.003 204.208 72.0 不 0
204.211 204.416 69.0 远 0
204.419 204.833 72.0 地 0
204.836 205.458 65.0 方 0
205.461 205.874 67.0 等 0
205.878 206.083 69.0 着 0
206.086 207.749 67.0 我 1
208.415 208.62 55.0 岁 0
208.623 208.828 57.0 月 0
208.832 209.037 60.0 如 0
209.04 209.245 62.0 流 0
209.248 210.495 64.0 在 0
210.498 210.912 64.0 穿 0
210.915 211.745 64.0 梭 1
211.907 212.112 60.0 喜 0
212.116 212.321 62.0 怒 0
212.324 212.529 64.0 哀 0
212.532 212.737 67.0 乐 0
212.741 213.987 69.0 我 0
213.991 214.404 67.0 深 0
214.407 215.237 69.0 锁 1
215.242 215.447 55.0 只 0
215.45 215.655 57.0 因 0
215.658 215.863 60.0 有 0
215.867 216.072 64.0 你 0
216.075 217.113 62.0 在 0
217.325 217.53 62.0 天 0
217.533 217.738 60.0 涯 0
217.742 218.155 62.0 尽 0
218.158 218.988 55.0 头 0
218.992 219.405 57.0 等 0
219.408 219.822 60.0 着 0
219.825 221.905 60.0 我 1
222.571 223.609 62.0 在 0
223.821 224.026 62.0 天 0
224.029 224.234 60.0 涯 0
224.237 224.651 62.0 尽 0
224.654 226.734 55.0 头 0
227.571 228.401 57.0 等 0
228.404 229.234 60.0 着 0
229.237 231.734 60.0 我 1
