28.19 28.735 63.0 千 0
28.735 29.279 65.0 年 0
29.279 29.824 68.0 等 0
29.824 30.096 70.0 一 0
30.096 30.369 65.0 - 0
30.369 31.458 65.0 回 1
32.691 32.963 70.0 等 0
32.963 33.235 72.0 - 0
33.235 33.78 70.0 一 0
33.78 34.052 70.0 回 0
34.052 34.325 70.0 - 0
34.325 34.869 63.0 啊 0
34.869 35.959 65.0 - 1
37.027 37.572 63.0 千 0
37.572 38.117 65.0 年 0
38.117 38.661 68.0 等 0
38.661 38.934 70.0 一 0
38.934 39.206 65.0 - 0
39.206 40.295 65.0 回 1
41.276 41.548 70.0 我 0
41.548 41.821 72.0 - 0
41.821 42.365 70.0 o 0
42.365 42.638 70.0 悔 0
42.638 42.91 70.0 - 0
42.91 43.455 63.0 啊 0
43.455 44.544 65.0 - 1
47.891 48.436 60.0 是 0
48.436 48.981 60.0 l 0
48.981 49.253 63.0 在 0
49.253 49.526 60.0 - 0
49.526 49.798 60.0 耳 0
49.798 50.07 63.0  0
50.07 50.615 65.0 - 0
51.16 51.704 68.0 f 0
52.181 52.794 65.0  0
52.794 53.339 65.0 我 0
53.339 53.611 65.0 永 0
53.611 53.883 65.0 - 0
53.883 54.156 65.0 不 0
54.156 54.428 68.0 - 0
54.428 56.062 70.0  1
56.626 57.171 63.0 祗 0
57.171 57.715 65.0  0
57.715 57.988 68.0 @ 0
57.988 58.26 65.0 - 0
58.26 58.805 65.0 一 0
58.805 59.826 58.0 句 0
59.894 60.439 60.0 啊 0
60.439 60.984 60.0 - 1
60.992 61.536 63.0  0
61.536 62.081 65.0 c 0
62.081 62.626 68.0 也 0
62.626 62.898 70.0 o 0
62.898 63.17 65.0 - 0
63.17 64.805 65.0 怨 1
66.485 67.029 72.0 雨 0
67.029 67.302 72.0 心 0
67.302 67.574 70.0 - 0
67.574 68.527 70.0 碎 0
68.664 69.208 70.0 L 0
69.208 69.481 70.0 流 0
69.481 69.753 72.0 - 0
69.753 70.298 68.0 I 0
70.298 70.706 65.0 - 1
70.807 71.352 72.0  0
71.352 71.624 72.0 p 0
71.624 71.897 70.0 - 0
71.897 72.85 70.0 d 0
72.986 73.531 70.0 情 0
73.531 73.803 70.0 悠 0
73.803 74.076 72.0 - 0
74.076 74.62 68.0 h 0
74.62 76.254 65.0 呢 1
85.334 86.015 68.0 西 0
86.015 86.288 68.0 湖 0
86.288 86.56 65.0 - 0
86.56 87.105 65.0 的 0
87.105 88.058 70.0 水 0
88.194 88.467 68.0 我 0
88.467 89.011 70.0 的 0
89.011 89.284 70.0 I 0
89.284 89.828 72.0 - 1
90.352 90.624 68.0 我 0
90.624 90.897 70.0 - 0
90.897 91.169 70.0 情 0
91.169 91.441 68.0 - 0
91.441 91.986 68.0  0
91.986 92.258 68.0 和 0
92.258 92.531 68.0 你 0
92.531 92.803 70.0 化 0
92.803 93.076 72.0 作 0
93.076 93.348 70.0 一 0
93.348 93.62 68.0 F 0
93.62 93.893 72.0 火 0
93.893 94.642 72.0 焰 1
94.764 95.308 70.0 啊 0
95.308 95.853 68.0 - 0
95.853 96.398 65.0 - 0
96.943 97.487 70.0 啊 0
97.487 98.032 68.0 - 0
98.032 98.577 65.0 - 0
99.121 100.483 63.0 啊 0
100.483 101.845 65.0 - 1
111.147 111.692 63.0 千 0
111.692 112.236 65.0 年 0
112.236 112.781 68.0 等 0
112.781 113.054 70.0 一 0
113.054 113.326 65.0 - 0
113.326 114.415 65.0 回 1
115.499 115.771 70.0 等 0
115.771 116.043 72.0 - 0
116.043 116.588 70.0 一 0
116.588 116.861 72.0 回 0
116.861 117.133 70.0 - 0
117.133 117.678 63.0 啊 0
117.678 118.767 65.0 - 1
119.668 120.213 63.0 千 0
120.213 120.758 65.0 年 0
120.758 121.303 68.0 等 0
121.303 121.575 70.0 一 0
121.575 121.847 65.0 - 0
121.847 122.937 65.0 回 1
124.17 124.443 70.0 我 0
124.443 124.715 72.0 - 0
124.715 125.26 70.0 o 0
125.26 125.532 70.0 悔 0
125.532 125.804 70.0 - 0
125.804 126.349 63.0 啊 0
126.349 127.438 65.0 - 1
129.506 129.779 70.0 雨 0
129.779 130.051 72.0 - 0
130.051 130.323 72.0 心 0
130.323 130.596 70.0 - 0
130.596 131.549 70.0 碎 0
131.685 132.23 70.0 L 0
132.23 132.502 70.0 流 0
132.502 132.775 72.0 - 0
132.775 133.319 68.0 I 0
133.319 133.728 65.0 - 1
133.933 134.478 72.0  0
134.478 134.75 72.0 p 0
134.75 135.022 70.0 - 0
135.022 135.976 70.0 d 0
136.112 136.657 70.0 情 0
136.657 136.929 70.0 悠 0
136.929 137.201 72.0 - 0
137.201 137.746 68.0 h 0
137.746 139.38 65.0 呢 1
148.548 149.229 68.0 西 0
149.229 149.501 68.0 湖 0
149.501 149.774 65.0 - 0
149.774 150.318 65.0 的 0
150.318 151.272 70.0 水 0
151.408 151.68 68.0 我 0
151.68 152.225 70.0 的 0
152.225 152.497 70.0 I 0
152.497 153.042 72.0 - 1
153.463 153.735 68.0 我 0
153.735 154.007 70.0 - 0
154.007 154.28 70.0 情 0
154.28 154.552 68.0 - 0
154.552 155.097 68.0  0
155.097 155.369 68.0 和 0
155.369 155.641 68.0 你 0
155.641 155.914 70.0 化 0
155.914 156.186 72.0 作 0
156.186 156.459 70.0 一 0
156.459 156.731 68.0 F 0
156.731 157.003 72.0 火 0
157.003 157.752 72.0 焰 1
157.899 158.444 70.0 啊 0
158.444 158.989 63.0 - 0
158.989 159.533 65.0 - 0
160.078 160.623 70.0 啊 0
160.623 161.168 63.0 - 0
161.168 161.712 65.0 - 0
162.257 163.619 63.0 啊 0
163.619 164.981 65.0 - 1
174.228 174.772 63.0 千 0
174.772 175.317 65.0 年 0
175.317 175.862 68.0 等 0
175.862 176.134 70.0 一 0
176.134 176.406 65.0 - 0
176.406 177.496 65.0 回 1
178.695 178.968 70.0 等 0
178.968 179.24 72.0 - 0
179.24 179.785 70.0 一 0
179.785 180.057 70.0 回 0
180.057 180.329 70.0 - 0
180.329 180.874 63.0 啊 0
180.874 181.964 65.0 - 1
182.935 183.48 63.0 千 0
183.48 184.024 65.0 年 0
184.024 184.569 68.0 等 0
184.569 184.842 70.0 一 0
184.842 185.114 65.0 - 0
185.114 186.203 65.0 回 1
187.36 187.632 70.0 我 0
187.632 187.904 72.0 - 0
187.904 188.449 70.0 o 0
188.449 188.722 72.0 悔 0
188.722 188.994 70.0 - 0
188.994 189.539 63.0 啊 0
189.539 190.628 65.0 - 1
191.678 192.223 63.0 千 0
192.223 192.768 65.0 年 0
192.768 193.313 68.0 等 0
193.313 193.585 70.0 一 0
193.585 193.857 65.0 - 0
193.857 194.947 65.0 回 1
196.113 196.385 70.0 等 0
196.385 196.658 72.0 - 0
196.658 197.203 70.0 一 0
197.203 197.475 70.0 回 0
197.475 197.747 70.0 - 0
197.747 198.292 63.0 啊 0
198.292 199.381 65.0 - 1
200.29 201.379 65.0 千 0
201.379 202.469 68.0 年 0
202.469 203.558 70.0 等 0
203.558 204.648 72.0 一 0
204.648 207.916 77.0 回 1
