0.731 1.132 52.0 窗 0
1.132 1.534 55.0 外 0
1.534 1.936 52.0 阴 0
1.936 2.337 59.0 天 0
2.337 3.14 57.0 了 0
3.944 4.345 50.0 音 0
4.345 4.747 54.0 乐 0
4.747 5.148 50.0 低 0
5.148 5.349 55.0 声 0
5.349 5.751 57.0 - 0
5.751 6.353 55.0 了 1
7.237 7.639 52.0 我 0
7.639 8.041 60.0 的 0
8.041 8.442 59.0 心 0
8.442 8.844 55.0 开 0
8.844 9.245 52.0 始 0
9.245 10.049 55.0 想 0
10.049 10.45 57.0 你 0
10.45 12.458 55.0 了 1
26.42 26.831 52.0 灯 0
26.831 27.242 55.0 光 0
27.242 27.653 52.0 也 0
27.653 28.064 59.0 暗 0
28.064 28.68 57.0 了 0
29.708 30.119 50.0 音 0
30.119 30.529 54.0 乐 0
30.529 30.94 50.0 低 0
30.94 31.351 57.0 声 0
31.351 31.968 55.0 了 1
33.012 33.423 52.0 口 0
33.423 33.834 55.0 中 0
33.834 34.04 52.0 的 0
34.04 34.245 57.0 棉 0
34.245 34.656 59.0 - 0
34.656 34.862 57.0 花 0
34.862 35.067 55.0 糖 0
35.067 35.478 57.0 - 0
35.478 35.889 55.0 也 0
35.889 36.711 57.0 融 0
36.711 37.533 62.0 化 0
37.533 38.766 59.0 了 1
39.563 39.974 52.0 窗 0
39.974 40.384 55.0 外 0
40.384 40.795 52.0 阴 0
40.795 41.206 57.0 天 0
41.206 42.028 57.0 了 0
42.85 43.261 50.0 人 0
43.261 43.672 54.0 是 0
43.672 43.878 50.0 无 0
43.878 44.083 55.0 聊 0
44.083 44.494 57.0 - 0
44.494 44.905 55.0 了 1
45.281 45.692 52.0 我 0
45.692 46.103 60.0 的 0
46.103 46.514 59.0 心 0
46.514 46.925 55.0 开 0
46.925 47.336 52.0 始 0
47.336 48.158 55.0 想 0
48.158 48.569 57.0 你 0
48.569 50.623 55.0 了 1
52.738 53.149 59.0 电 0
53.149 53.56 60.0 话 0
53.56 53.971 59.0 响 0
53.971 54.382 57.0 起 0
54.382 55.204 57.0 了 0
56.026 56.437 57.0 你 0
56.437 56.848 62.0 要 0
56.848 57.259 57.0 说 0
57.259 57.67 59.0 话 0
57.67 58.081 57.0 了 0
58.081 58.903 55.0 - 1
59.354 59.559 59.0 还 0
59.559 59.765 60.0 以 0
59.765 60.176 60.0 - 0
60.176 60.381 59.0 为 0
60.381 60.586 57.0 你 0
60.586 60.997 59.0 - 0
60.997 61.203 57.0 心 0
61.203 61.408 55.0 里 0
61.408 61.819 57.0 - 0
61.819 62.025 55.0 对 0
62.025 62.23 57.0 我 0
62.23 62.436 57.0 又 0
62.436 62.847 59.0 - 0
63.052 63.463 59.0 想 0
63.463 63.874 60.0 念 0
63.874 65.518 59.0 了 1
65.957 66.368 64.0 怎 0
66.368 66.779 64.0 么 0
66.779 67.19 64.0 你 0
67.19 67.601 64.0 声 0
67.601 68.012 62.0 音 0
68.012 68.423 57.0 变 0
68.423 68.834 60.0 得 0
68.834 69.656 59.0 冷 0
69.656 70.478 57.0 淡 0
70.478 71.299 56.0 了 1
71.726 72.137 52.0 是 0
72.137 72.548 57.0 你 0
72.548 72.754 55.0 变 0
72.959 73.781 55.0 了 0
75.014 75.425 62.0 是 0
75.425 75.836 59.0 你 0
75.836 76.247 57.0 变 0
76.247 77.685 57.0 了 1
78.991 79.402 52.0 灯 0
79.402 79.813 55.0 光 0
79.813 80.224 52.0 熄 0
80.224 80.635 59.0 灭 0
80.635 81.457 57.0 了 0
82.279 82.69 50.0 音 0
82.69 83.101 54.0 乐 0
83.101 83.511 50.0 静 0
83.511 84.128 57.0 止 0
84.128 84.744 55.0 了 1
85.629 86.04 52.0 滴 0
86.04 86.451 55.0 下 0
86.451 86.657 52.0 的 0
86.657 87.273 59.0 眼 0
87.273 87.581 57.0 泪 0
87.684 88.095 57.0 已 0
88.095 88.506 55.0 停 0
88.506 89.328 57.0 不 0
89.328 89.944 62.0 住 0
89.944 91.165 59.0 了 1
92.155 92.565 64.0 天 0
92.565 92.976 64.0 下 0
92.976 93.182 64.0 起 0
93.182 93.593 64.0 雨 0
93.593 93.798 62.0 - 0
93.798 94.62 62.0 了 0
94.62 95.031 57.0 人 0
95.031 95.441 62.0 是 0
95.441 95.852 57.0 不 0
95.852 96.263 59.0 快 0
96.263 96.674 57.0 乐 0
96.674 97.496 55.0 - 1
97.78 98.191 52.0 我 0
98.191 98.602 60.0 的 0
98.602 99.013 59.0 心 0
99.013 99.424 55.0 真 0
99.424 99.835 52.0 的 0
99.835 100.656 55.0 受 0
100.656 101.273 57.0 伤 0
101.273 101.478 55.0 - 0
101.478 103.121 55.0 了 1
131.711 132.122 59.0 电 0
132.122 132.533 60.0 话 0
132.533 132.944 59.0 响 0
132.944 133.355 59.0 起 0
133.355 134.176 57.0 了 0
134.998 135.409 57.0 你 0
135.409 135.82 62.0 要 0
135.82 136.231 57.0 说 0
136.231 136.641 59.0 话 0
136.641 137.052 57.0 了 0
137.052 137.874 55.0 - 1
138.239 138.444 59.0 还 0
138.444 138.65 60.0 以 0
138.65 139.06 60.0 - 0
139.06 139.266 59.0 为 0
139.266 139.471 57.0 你 0
139.471 139.882 59.0 - 0
139.882 140.088 57.0 心 0
140.088 140.293 55.0 里 0
140.293 140.704 57.0 - 0
140.704 140.909 55.0 对 0
140.909 141.115 57.0 我 0
141.115 141.32 57.0 又 0
141.32 141.731 59.0 - 0
141.936 142.347 59.0 想 0
142.347 142.553 60.0 念 0
142.553 144.401 59.0 了 1
144.751 145.162 62.0 怎 0
145.162 145.573 64.0 么 0
145.573 145.984 64.0 你 0
145.984 146.395 64.0 声 0
146.395 146.806 62.0 音 0
146.806 147.216 57.0 变 0
147.216 147.627 60.0 得 0
147.627 148.449 59.0 冷 0
148.449 149.271 57.0 淡 0
149.271 150.092 56.0 了 1
150.524 150.935 52.0 是 0
150.935 151.346 59.0 你 0
151.346 151.551 55.0 变 0
151.757 152.578 55.0 了 0
153.811 154.222 62.0 是 0
154.222 154.627 59.0 你 0
154.627 154.83 57.0 变 0
155.033 156.452 57.0 了 1
157.923 158.333 52.0 灯 0
158.333 158.743 55.0 光 0
158.743 159.152 52.0 熄 0
159.152 159.562 57.0 灭 0
159.562 160.382 57.0 了 0
161.202 161.611 50.0 音 0
161.611 162.021 54.0 乐 0
162.021 162.431 50.0 静 0
162.431 162.636 55.0 止 0
162.636 163.046 57.0 - 0
163.046 163.661 55.0 了 1
164.487 164.897 52.0 滴 0
164.897 165.307 55.0 下 0
165.307 165.512 52.0 的 0
165.512 165.717 57.0 眼 0
165.717 166.127 59.0 - 0
166.127 166.332 57.0 泪 0
166.536 166.946 57.0 已 0
166.946 167.356 55.0 停 0
167.356 168.176 57.0 不 0
168.176 168.791 62.0 住 0
168.791 168.995 59.0 - 0
168.995 170.225 59.0 了 1
170.931 171.34 64.0 天 0
171.34 171.75 64.0 下 0
171.75 171.955 64.0 起 0
171.955 172.16 62.0 雨 0
172.16 172.365 64.0 - 0
172.365 172.57 62.0 - 0
172.57 172.98 62.0 了 0
173.39 173.799 57.0 人 0
173.799 174.216 62.0 是 0
174.216 174.632 57.0 不 0
174.632 175.049 59.0 快 0
175.049 175.465 57.0 乐 0
175.465 176.298 55.0 - 1
176.687 177.103 52.0 我 0
177.103 177.519 60.0 的 0
177.519 177.936 59.0 心 0
177.936 178.352 55.0 真 0
178.352 178.769 52.0 的 0
178.769 179.602 55.0 受 0
179.602 180.018 57.0 伤 0
180.226 180.434 55.0 - 0
180.434 182.1 55.0 了 0
184.149 184.554 52.0 我 0
184.554 184.959 60.0 的 0
184.959 185.364 59.0 心 0
185.364 185.77 55.0 真 0
185.77 186.276 52.0 的 0
186.276 187.357 55.0 受 0
187.357 188.167 57.0 伤 0
188.201 189.417 55.0 - 0
189.417 192.659 55.0 了 1
