19.304 19.528 48.0 着 0
19.528 19.975 57.0 - 0
19.975 20.199 55.0 迷 0
20.199 20.871 55.0 于 0
20.871 21.095 53.0 你 0
21.095 21.766 53.0 眼 0
22.886 23.11 48.0 银 0
23.11 23.557 57.0 - 0
23.557 23.781 55.0 河 0
23.781 24.453 55.0 有 0
24.453 24.677 53.0 迹 0
24.677 25.572 53.0 可 1
26.468 26.692 48.0 穿 0
26.692 27.14 57.0 - 0
27.14 27.363 55.0 过 0
27.363 28.035 55.0 时 0
28.035 28.259 53.0 间 0
28.259 28.707 58.0 的 0
28.707 29.155 57.0 缝 0
29.155 29.378 55.0 隙 0
30.05 30.274 53.0 它 0
30.274 30.722 60.0 - 0
30.722 30.946 57.0 依 0
30.946 31.393 55.0 然 0
31.393 32.513 53.0 真 0
32.513 33.184 50.0 实 1
33.856 34.304 60.0 吸 0
34.304 34.528 57.0 - 0
34.528 34.975 55.0 引 0
34.975 35.423 53.0 我 0
35.423 36.99 55.0 轨 1
40.796 41.02 48.0 这 0
41.02 41.468 57.0 瞬 0
41.468 41.692 55.0 眼 0
41.692 42.363 55.0 的 0
42.363 42.587 53.0 光 0
42.587 43.259 53.0 景 0
44.378 44.602 48.0 最 0
44.602 45.05 57.0 亲 0
45.05 45.274 55.0 密 0
45.274 45.946 55.0 的 0
45.946 46.169 53.0 距 0
46.169 46.841 53.0 离 1
47.96 48.184 48.0 沿 0
48.184 48.632 57.0 着 0
48.632 48.856 55.0 你 0
48.856 49.528 55.0 皮 0
49.528 49.752 53.0 肤 0
49.752 50.199 58.0 纹 0
50.199 50.647 57.0 理 0
50.647 50.871 55.0 - 0
51.543 51.766 53.0 走 0
51.766 52.214 60.0 过 0
52.214 52.438 57.0 曲 0
52.438 52.886 55.0 折 0
52.886 54.005 53.0 手 0
54.005 54.677 50.0 臂 1
55.349 55.796 60.0 做 0
55.796 56.02 57.0 个 0
56.02 56.692 55.0 梦 0
56.692 56.916 53.0 给 0
56.916 57.587 53.0 你 0
58.931 59.378 60.0 做 0
59.378 59.602 57.0 个 0
59.602 60.05 55.0 梦 0
60.05 61.169 53.0 给 0
61.169 61.393 50.0 你 0
61.393 62.289 48.0 - 1
63.632 63.856 48.0 等 0
63.856 64.08 53.0 - 0
64.08 64.304 55.0 到 0
64.304 64.752 57.0 看 0
64.752 64.975 57.0 你 0
64.975 65.423 57.0 银 0
65.423 65.871 58.0 色 0
65.871 66.319 57.0 满 0
66.319 66.766 55.0 际 1
67.438 67.662 55.0 等 0
67.662 67.886 57.0 - 0
67.886 68.334 58.0 到 0
68.334 68.557 57.0 分 0
68.557 69.453 55.0 不 0
69.453 69.677 53.0 清 0
69.677 69.901 53.0 季 0
69.901 70.349 57.0 节 0
70.349 71.468 55.0 更 1
73.259 73.707 55.0 才 0
73.707 73.931 53.0 敢 0
73.931 74.602 55.0 说 0
74.602 74.826 53.0 沉 0
74.826 79.975 53.0 溺 1
80.423 80.871 53.0 还 0
80.871 81.319 55.0 要 0
81.319 81.766 57.0 多 0
81.766 82.214 60.0 远 0
82.214 82.662 62.0 才 0
82.662 83.11 60.0 能 0
83.11 83.557 57.0 进 0
83.557 84.453 62.0 入 0
84.453 84.901 60.0 你 0
84.901 85.349 57.0 的 0
85.349 86.244 62.0 心 0
86.244 86.58 60.0 - 1
87.587 88.035 62.0 还 0
88.035 88.483 60.0 - 0
88.483 88.931 65.0 要 0
88.931 89.826 57.0 多 0
89.826 90.274 55.0 久 0
90.274 90.722 60.0 才 0
90.722 91.617 57.0 能 0
91.617 92.065 55.0 和 0
92.065 92.513 60.0 你 0
92.513 93.856 57.0 接 0
93.856 94.08 55.0 近 1
94.751 95.199 53.0 咫 0
95.199 95.647 55.0 尺 0
95.647 96.095 57.0 远 0
96.095 96.543 60.0 近 0
96.543 96.99 62.0 却 0
96.99 97.438 60.0 无 0
97.438 97.886 57.0 法 0
97.886 98.781 62.0 靠 0
98.781 99.229 60.0 近 0
99.229 99.677 57.0 的 0
99.677 100.572 61.0 那 0
100.572 101.02 60.0 个 0
101.02 101.468 58.0 - 0
101.468 101.916 58.0 人 1
102.363 102.811 65.0 也 0
102.811 103.259 67.0 等 0
103.259 104.154 65.0 着 0
104.154 105.05 60.0 和 0
105.05 105.946 60.0 你 0
105.946 106.617 57.0 相 0
106.617 106.841 55.0 - 0
106.841 107.513 53.0 遇 1
109.08 109.528 53.0 环 0
109.528 109.975 55.0 游 0
109.975 110.423 57.0 的 0
110.423 111.319 50.0 行 0
111.319 112.214 53.0 星 0
112.662 113.11 53.0 怎 0
113.11 113.557 55.0 么 0
113.557 114.005 57.0 可 0
114.005 114.677 58.0 以 0
114.677 114.901 57.0 - 0
114.901 115.572 55.0 - 1
116.244 116.916 57.0 拥 0
117.14 117.363 55.0 有 0
117.363 118.931 53.0 - 1
133.931 134.154 48.0 这 0
134.154 134.602 57.0 瞬 0
134.602 134.826 55.0 眼 0
134.826 135.498 55.0 的 0
135.498 135.722 53.0 光 0
135.722 136.393 53.0 景 0
137.513 137.737 48.0 最 0
137.737 138.184 57.0 亲 0
138.184 138.408 55.0 密 0
138.408 139.08 55.0 的 0
139.08 139.304 53.0 距 0
139.304 139.975 53.0 离 1
141.095 141.319 48.0 沿 0
141.319 141.766 57.0 - 0
141.766 141.99 55.0 着 0
141.99 142.662 55.0 你 0
142.662 142.886 53.0 皮 0
142.886 143.334 58.0 肤 0
143.334 143.781 57.0 纹 0
143.781 144.005 55.0 理 0
144.677 144.901 53.0 走 0
144.901 145.348 60.0 - 0
145.348 145.796 57.0 过 0
145.796 146.244 55.0 曲 0
146.244 147.14 53.0 折 0
147.14 147.811 50.0 手 1
148.483 148.931 60.0 做 0
148.931 149.154 57.0 - 0
149.154 149.602 55.0 个 0
149.602 150.05 53.0 梦 0
150.05 150.722 53.0 给 0
152.065 152.513 60.0 做 0
152.513 152.737 57.0 - 0
152.737 153.184 55.0 个 0
153.184 154.304 53.0 梦 0
154.304 154.528 50.0 给 0
154.528 155.423 48.0 你 1
156.766 156.99 48.0 等 0
156.99 157.214 53.0 - 0
157.214 157.438 55.0 到 0
157.438 157.886 57.0 看 0
157.886 158.11 57.0 你 0
158.11 158.557 57.0 银 0
158.557 159.005 58.0 色 0
159.005 159.453 57.0 满 0
159.453 159.901 55.0 际 1
160.572 160.796 55.0 等 0
160.796 161.02 57.0 到 0
161.02 161.468 58.0 分 0
161.468 161.692 57.0 不 0
161.692 162.363 55.0 清 0
162.363 162.587 53.0 季 0
162.587 163.035 53.0 节 0
163.035 163.483 57.0 更 0
163.483 165.945 55.0 替 1
166.393 166.841 55.0 才 0
166.841 167.289 53.0 敢 0
167.289 167.96 55.0 说 0
167.96 168.184 53.0 沉 0
168.184 173.11 53.0 溺 1
173.557 174.005 53.0 还 0
174.005 174.453 55.0 要 0
174.453 174.901 57.0 多 0
174.901 175.348 60.0 远 0
175.348 175.796 62.0 才 0
175.796 176.244 60.0 能 0
176.244 176.692 57.0 进 0
176.692 177.587 62.0 入 0
177.587 178.035 60.0 你 0
178.035 178.483 57.0 的 0
178.483 179.378 62.0 心 0
179.378 179.826 60.0 - 1
180.722 181.169 62.0 还 0
181.169 181.617 60.0 要 0
181.617 182.065 65.0 多 0
182.065 182.96 57.0 久 0
182.96 183.408 55.0 才 0
183.408 183.856 60.0 能 0
183.856 184.751 57.0 和 0
184.751 185.199 55.0 你 0
185.199 185.647 60.0 接 0
185.647 186.99 57.0 近 0
186.99 187.214 55.0 - 1
187.886 188.334 53.0 咫 0
188.334 188.781 55.0 尺 0
188.781 189.229 57.0 远 0
189.229 189.677 60.0 近 0
189.677 190.125 62.0 却 0
190.125 190.572 60.0 无 0
190.572 191.02 57.0 法 0
191.02 191.916 62.0 靠 0
191.916 192.363 60.0 近 0
192.363 192.811 57.0 的 0
192.811 193.707 61.0 那 0
193.707 194.154 60.0 个 0
194.154 194.602 58.0 - 0
194.602 195.05 58.0 人 1
195.498 195.945 65.0 也 0
195.945 196.393 67.0 - 0
196.393 197.289 65.0 等 0
197.289 198.184 60.0 着 0
198.184 199.08 60.0 和 0
199.08 199.751 57.0 你 0
199.751 199.975 55.0 相 0
199.975 200.871 53.0 - 1
202.214 202.662 53.0 环 0
202.662 203.11 55.0 游 0
203.11 203.557 57.0 的 0
203.557 204.453 50.0 行 0
204.453 205.348 53.0 星 0
205.796 206.244 53.0 怎 0
206.244 206.692 55.0 么 0
206.692 207.139 57.0 可 0
207.139 207.811 58.0 以 0
207.811 208.035 57.0 - 0
208.035 208.707 55.0 - 1
209.378 209.826 57.0 拥 0
209.826 210.274 60.0 - 0
210.274 210.722 55.0 - 0
210.722 210.945 53.0 有 0
210.945 214.751 53.0 - 1
245.199 245.647 53.0 还 0
245.647 246.095 55.0 要 0
246.095 246.542 57.0 多 0
246.542 246.99 60.0 远 0
246.99 247.438 62.0 才 0
247.438 247.886 60.0 能 0
247.886 248.334 57.0 进 0
248.334 249.229 62.0 入 0
249.229 249.677 60.0 你 0
249.677 250.125 57.0 的 0
250.125 250.796 62.0 心 0
250.796 251.244 60.0 - 1
252.363 252.811 62.0 还 0
252.811 253.259 60.0 要 0
253.259 253.707 65.0 多 0
253.707 254.602 57.0 久 0
254.602 255.05 55.0 才 0
255.05 255.498 60.0 能 0
255.498 256.393 57.0 和 0
256.393 256.841 55.0 你 0
256.841 257.289 60.0 接 0
257.289 257.96 57.0 近 0
257.96 258.296 55.0 - 1
259.528 259.975 53.0 咫 0
259.975 260.423 55.0 - 0
260.423 260.871 57.0 尺 0
260.871 261.319 60.0 远 0
261.319 261.766 62.0 近 0
261.766 262.214 60.0 却 0
262.214 262.662 57.0 无 0
262.662 263.557 62.0 法 0
263.557 264.005 60.0 靠 0
264.005 264.453 57.0 近 0
264.453 265.348 61.0 的 0
265.348 265.796 60.0 那 0
265.796 266.244 58.0 个 0
266.244 266.692 58.0 - 1
267.139 267.587 65.0 要 0
267.587 268.035 67.0 - 0
268.035 268.931 65.0 怎 0
268.931 269.826 60.0 么 0
269.826 270.274 60.0 探 0
270.722 271.169 65.0 要 0
271.169 271.617 67.0 - 0
271.617 272.289 69.0 多 0
272.289 272.513 67.0 么 0
272.513 273.408 65.0 - 0
273.408 273.856 65.0 幸 0
273.856 274.304 65.0 运 1
274.304 274.751 64.0 才 0
274.751 275.199 62.0 敢 0
275.199 275.647 60.0 让 0
275.647 276.095 62.0 你 0
276.095 276.542 60.0 发 0
276.542 276.99 57.0 觉 0
276.99 277.886 62.0 你 0
277.886 278.333 60.0 并 0
278.333 278.781 57.0 不 0
278.781 279.677 62.0 孤 0
279.677 280.125 60.0 寂 1
281.02 281.468 62.0 当 0
281.468 281.916 60.0 - 0
281.916 282.363 65.0 我 0
282.363 283.259 57.0 还 0
283.259 283.707 55.0 可 0
283.707 284.154 60.0 以 0
284.154 285.05 57.0 再 0
285.05 285.498 55.0 跟 0
285.498 285.945 55.0 你 0
285.945 286.841 53.0 飞 1
288.184 288.632 53.0 环 0
288.632 289.08 55.0 - 0
289.08 289.528 57.0 游 0
289.528 290.199 50.0 是 0
290.199 290.871 53.0 无 0
291.766 292.214 53.0 至 0
292.214 292.662 55.0 - 0
292.662 292.886 57.0 少 0
292.886 293.557 58.0 可 0
293.557 293.785 57.0 以 0
293.785 294.693 55.0 - 1
295.375 295.602 57.0 陪 0
295.602 296.056 60.0 - 0
296.283 296.738 55.0 着 0
296.738 298.291 53.0 你 1
