38.849 39.277 57.0 这 0
39.284 39.711 59.0 - 0
39.719 40.146 55.0 些 0
40.588 41.016 57.0 年 0
41.023 41.451 59.0 一 0
41.458 41.885 55.0 个 0
42.327 42.755 57.0 人 0
42.762 43.19 59.0 风 0
43.197 43.624 62.0 也 0
44.067 44.494 62.0 过 0
44.501 44.711 62.0 雨 0
44.719 44.929 64.0 也 0
44.936 45.364 55.0 走 0
45.806 46.233 52.0 有 0
46.24 46.668 55.0 - 0
46.675 47.103 57.0 过 0
47.545 47.972 57.0 泪 0
47.98 48.407 55.0 有 0
48.414 48.842 52.0 过 0
49.284 49.711 52.0 错 0
49.719 50.146 55.0 还 0
50.153 50.581 57.0 记 0
50.588 51.016 59.0 得 0
51.023 51.451 57.0 坚 0
51.458 51.668 55.0 持 0
51.675 51.885 57.0 甚 0
51.893 52.32 57.0 - 0
52.762 53.19 59.0 麽 0
53.197 53.407 57.0 真 0
53.414 53.624 55.0 爱 0
53.632 54.059 55.0 - 0
54.501 54.929 57.0 过 0
54.936 55.146 57.0 才 0
55.153 55.364 59.0 会 0
55.371 55.798 55.0 - 0
56.24 56.668 57.0 懂 0
56.675 57.103 59.0 会 0
57.11 57.32 59.0 寂 0
57.327 57.538 62.0 寞 0
57.98 58.407 62.0 - 0
58.414 58.624 62.0 会 0
58.632 58.842 64.0 回 0
58.849 59.277 55.0 - 0
59.719 60.146 52.0 首 0
60.153 60.581 55.0 终 0
60.588 60.798 55.0 有 0
60.806 61.233 57.0 梦 0
61.458 61.885 57.0 - 0
61.893 62.103 55.0 终 0
62.11 62.32 52.0 有 0
62.327 62.755 52.0 - 0
63.197 63.624 50.0 你 0
63.632 63.842 52.0 在 0
63.849 64.494 55.0 心 0
64.501 65.798 55.0 - 0
66.675 67.103 59.0 中 0
67.11 67.32 59.0 朋 0
67.327 67.538 62.0 友 0
67.545 67.972 62.0 - 0
67.98 68.407 62.0 一 0
68.414 68.842 62.0 生 0
68.849 69.059 64.0 一 0
69.067 69.277 62.0 起 0
69.284 69.929 62.0 - 0
70.153 70.581 64.0 走 0
70.588 71.016 66.0 那 0
71.023 71.233 66.0 些 0
71.24 71.451 67.0 日 0
71.458 71.885 64.0 子 0
71.893 72.103 62.0 不 0
72.11 72.32 64.0 - 0
72.327 72.538 62.0 再 0
72.545 72.755 59.0 - 0
72.762 73.407 59.0 有 0
73.632 74.059 59.0 一 0
74.067 74.277 57.0 - 0
74.284 74.494 55.0 句 0
74.501 75.146 55.0 - 0
75.371 75.798 55.0 话 0
75.806 76.016 64.0 一 0
76.023 76.233 62.0 辈 0
76.24 76.885 62.0 - 0
77.11 77.32 57.0 子 0
77.327 77.538 59.0 一 0
77.545 77.755 57.0 - 0
77.762 77.972 55.0 生 0
77.98 78.624 55.0 - 0
78.849 79.059 55.0 情 0
79.067 79.277 52.0 一 0
79.284 79.711 57.0 杯 0
79.719 80.364 57.0 - 0
80.588 81.016 59.0 酒 0
81.023 81.233 59.0 朋 0
81.24 81.451 62.0 友 0
81.458 81.885 62.0 不 0
81.893 82.32 62.0 曾 0
82.327 82.755 62.0 孤 0
82.762 82.972 64.0 单 0
82.98 83.19 62.0 - 0
83.197 83.842 62.0 过 0
84.067 84.494 64.0 一 0
84.501 84.929 66.0 声 0
84.936 85.146 66.0 朋 0
85.153 85.364 67.0 - 0
85.371 85.798 64.0 友 0
85.806 86.233 64.0 你 0
86.24 86.451 62.0 会 0
86.458 86.668 59.0 - 0
86.675 87.32 59.0 懂 0
87.545 87.972 59.0 还 0
87.98 88.19 57.0 有 0
88.197 88.407 55.0 - 0
88.414 89.059 55.0 伤 0
89.284 89.711 55.0 还 0
89.719 89.929 64.0 有 0
89.936 90.146 62.0 - 0
90.153 90.798 62.0 痛 0
91.023 91.233 57.0 还 0
91.24 91.451 59.0 - 0
91.458 91.668 57.0 - 0
91.675 91.885 55.0 要 0
91.893 92.538 55.0 - 0
92.762 93.208 52.0 走 0
93.233 93.434 52.0 还 0
93.434 94.077 55.0 有 0
94.099 95.186 55.0 - 0
127.545 127.972 57.0 我 0
127.98 128.407 59.0 这 0
128.414 128.842 55.0 些 0
129.284 129.711 57.0 年 0
129.719 130.146 59.0 一 0
130.153 130.581 55.0 个 0
131.023 131.451 57.0 人 0
131.458 131.885 59.0 风 0
131.893 132.32 62.0 也 0
132.762 133.19 62.0 过 0
133.197 133.407 62.0 雨 0
133.414 133.624 64.0 也 0
133.632 134.059 55.0 走 0
134.501 134.929 52.0 有 0
134.936 135.364 55.0 过 0
135.371 135.798 57.0 泪 0
136.24 136.668 57.0 有 0
136.675 137.103 55.0 过 0
137.11 137.538 52.0 错 0
137.98 138.407 52.0 还 0
138.414 138.842 55.0 - 0
138.849 139.277 57.0 记 0
139.284 139.711 59.0 得 0
139.719 140.146 57.0 坚 0
140.153 140.364 55.0 持 0
140.371 140.581 57.0 甚 0
140.588 141.016 57.0 - 0
141.458 141.885 59.0 麽 0
141.893 142.103 57.0 真 0
142.11 142.32 55.0 爱 0
142.327 142.755 55.0 过 0
143.197 143.624 57.0 才 0
143.632 143.842 57.0 会 0
143.849 144.059 59.0 - 0
144.066 144.494 55.0 懂 0
144.936 145.364 57.0 会 0
145.371 145.798 59.0 - 0
145.806 146.016 59.0 寂 0
146.023 146.233 62.0 寞 0
146.675 147.103 62.0 - 0
147.11 147.32 62.0 会 0
147.327 147.538 64.0 回 0
147.545 147.972 55.0 - 0
148.414 148.842 52.0 首 0
148.849 149.277 55.0 终 0
149.284 149.494 55.0 有 0
149.501 149.929 57.0 梦 0
150.153 150.581 57.0 - 0
150.588 150.798 55.0 终 0
150.806 151.016 52.0 有 0
151.023 151.451 52.0 - 0
151.893 152.32 50.0 你 0
152.327 152.537 52.0 在 0
152.545 153.19 55.0 心 0
153.197 154.494 55.0 - 0
155.371 155.798 59.0 中 0
155.806 156.016 59.0 朋 0
156.023 156.233 62.0 友 0
156.24 156.668 62.0 - 0
156.675 157.103 62.0 一 0
157.11 157.537 62.0 生 0
157.545 157.755 64.0 一 0
157.762 157.972 62.0 起 0
157.98 158.624 62.0 - 0
158.849 159.277 64.0 走 0
159.284 159.711 66.0 那 0
159.719 159.929 66.0 些 0
159.936 160.146 67.0 日 0
160.153 160.581 64.0 - 0
160.588 160.798 62.0 子 0
160.806 161.016 64.0 不 0
161.023 161.233 62.0 - 0
161.24 161.451 59.0 再 0
161.458 162.103 59.0 - 0
162.327 162.755 59.0 有 0
162.762 162.972 57.0 一 0
162.98 163.19 55.0 句 0
163.197 163.842 55.0 话 0
164.066 164.494 55.0 一 0
164.501 164.711 64.0 辈 0
164.719 164.929 62.0 - 0
164.936 165.581 62.0 子 0
165.806 166.016 57.0 一 0
166.023 166.233 59.0 - 0
166.24 166.451 57.0 生 0
166.458 166.668 55.0 - 0
166.675 167.32 55.0 情 0
167.545 167.755 55.0 一 0
167.762 167.972 52.0 杯 0
167.98 168.407 57.0 - 0
168.414 169.059 57.0 酒 0
169.284 169.711 59.0 朋 0
169.719 169.929 59.0 - 0
169.936 170.146 62.0 友 0
170.153 170.581 62.0 - 0
170.588 171.016 62.0 不 0
171.023 171.451 62.0 曾 0
171.458 171.668 64.0 孤 0
171.675 171.885 62.0 单 0
171.893 172.537 62.0 - 0
172.762 173.19 64.0 过 0
173.197 173.624 66.0 一 0
173.632 173.842 66.0 声 0
173.849 174.059 67.0 朋 0
174.066 174.494 64.0 - 0
174.501 174.929 64.0 友 0
174.936 175.146 62.0 你 0
175.153 175.364 59.0 会 0
175.371 176.016 59.0 - 0
176.24 176.668 59.0 懂 0
176.675 176.885 57.0 还 0
176.893 177.103 55.0 有 0
177.11 177.755 55.0 - 0
177.98 178.407 55.0 伤 0
178.414 178.624 64.0 还 0
178.632 178.842 62.0 有 0
178.849 179.494 62.0 - 0
179.719 179.929 57.0 痛 0
179.936 180.146 59.0 还 0
180.153 180.364 57.0 要 0
180.371 180.581 55.0 - 0
180.588 181.233 55.0 走 0
181.458 181.896 52.0 还 0
181.932 182.099 52.0 有 0
182.099 182.739 55.0 - 0
182.766 184.38 55.0 我 0
184.932 185.36 59.0 朋 0
185.367 185.577 59.0 友 0
185.585 185.795 62.0 - 0
185.802 186.23 62.0 一 0
186.237 186.664 62.0 生 0
186.672 187.099 62.0 一 0
187.106 187.316 64.0 起 0
187.324 187.534 62.0 - 0
187.541 188.186 62.0 走 0
188.411 188.838 64.0 那 0
188.845 189.273 66.0 些 0
189.28 189.49 66.0 日 0
189.498 189.708 67.0 - 0
189.715 190.143 64.0 子 0
190.15 190.36 62.0 不 0
190.367 190.577 64.0 - 0
190.585 190.795 62.0 再 0
190.802 191.012 59.0 - 0
191.019 191.664 59.0 有 0
191.889 192.316 59.0 一 0
192.324 192.534 57.0 - 0
192.541 192.751 55.0 句 0
192.759 193.403 55.0 - 0
193.628 194.056 55.0 话 0
194.063 194.273 64.0 一 0
194.28 194.49 62.0 辈 0
194.498 195.143 62.0 - 0
195.367 195.577 57.0 子 0
195.585 195.795 59.0 一 0
195.802 196.012 57.0 - 0
196.019 196.23 55.0 生 0
196.237 196.882 55.0 - 0
197.106 197.316 55.0 情 0
197.324 197.534 52.0 一 0
197.541 197.969 57.0 杯 0
197.976 198.621 57.0 - 0
198.845 199.273 59.0 酒 0
199.28 199.49 59.0 朋 0
199.498 199.708 62.0 友 0
199.715 200.143 62.0 - 0
200.15 200.577 62.0 不 0
200.585 201.012 62.0 曾 0
201.019 201.23 64.0 孤 0
201.237 201.447 62.0 单 0
201.454 202.099 62.0 - 0
202.324 202.751 64.0 过 0
202.758 203.186 66.0 一 0
203.193 203.403 66.0 声 0
203.411 203.621 67.0 朋 0
203.628 204.056 64.0 友 0
204.063 204.49 64.0 你 0
204.498 204.708 62.0 会 0
204.715 204.925 59.0 - 0
204.932 205.577 59.0 懂 0
205.802 206.23 59.0 还 0
206.237 206.447 57.0 - 0
206.454 206.664 55.0 有 0
206.672 207.316 55.0 - 0
207.541 207.969 55.0 伤 0
207.976 208.186 64.0 还 0
208.193 208.403 62.0 有 0
208.411 209.056 62.0 - 0
209.28 209.49 57.0 痛 0
209.498 209.708 59.0 还 0
209.715 209.925 57.0 要 0
209.932 210.143 55.0 - 0
210.15 210.795 55.0 走 0
211.019 211.456 52.0 还 0
211.467 211.672 52.0 有 0
211.699 212.333 55.0 - 0
212.333 213.934 55.0 我 0
216.282 216.71 60.0 朋 0
216.717 216.927 60.0 友 0
216.934 217.144 63.0 - 0
217.152 217.579 63.0 一 0
217.586 218.014 63.0 生 0
218.021 218.449 63.0 一 0
218.456 218.666 65.0 起 0
218.673 218.883 63.0 - 0
218.891 219.536 63.0 走 0
219.76 220.188 65.0 那 0
220.195 220.623 67.0 - 0
220.63 220.84 67.0 些 0
220.847 221.057 68.0 日 0
221.065 221.492 65.0 - 0
221.499 221.71 63.0 子 0
221.717 221.927 65.0 不 0
221.934 222.144 63.0 - 0
222.152 222.362 60.0 再 0
222.369 223.014 60.0 - 0
223.239 223.666 60.0 有 0
223.673 223.883 58.0 一 0
223.891 224.101 56.0 句 0
224.108 224.753 56.0 话 0
224.978 225.405 56.0 一 0
225.412 225.623 65.0 辈 0
225.63 225.84 63.0 - 0
225.847 226.492 63.0 子 0
226.717 226.927 58.0 一 0
226.934 227.144 60.0 - 0
227.152 227.362 58.0 生 0
227.369 227.579 56.0 - 0
227.586 228.231 56.0 情 0
228.456 228.666 56.0 一 0
228.673 228.902 53.0 杯 0
228.903 229.318 58.0 - 0
229.326 229.97 58.0 酒 0
230.195 230.623 60.0 朋 0
230.63 230.84 60.0 友 0
230.847 231.057 63.0 - 0
231.065 231.492 63.0 不 0
231.499 231.927 63.0 曾 0
231.934 232.362 63.0 孤 0
232.369 232.579 65.0 单 0
232.586 232.797 63.0 - 0
232.804 233.449 63.0 过 0
233.673 234.101 65.0 一 0
234.108 234.536 67.0 声 0
234.543 234.753 67.0 朋 0
234.76 234.97 68.0 - 0
234.978 235.405 65.0 友 0
235.412 235.84 65.0 你 0
235.847 236.057 63.0 会 0
236.065 236.275 60.0 - 0
236.282 236.927 60.0 懂 0
237.152 237.579 60.0 还 0
237.586 237.797 58.0 有 0
237.804 238.014 56.0 - 0
238.021 238.666 56.0 伤 0
238.891 239.318 56.0 还 0
239.326 239.536 65.0 有 0
239.543 239.753 63.0 - 0
239.76 240.405 63.0 痛 0
240.63 240.84 58.0 还 0
240.847 241.057 60.0 - 0
241.065 241.275 58.0 要 0
241.282 241.492 56.0 - 0
241.499 242.144 56.0 走 0
242.369 242.766 53.0 还 0
242.766 242.989 53.0 有 0
243.001 243.653 56.0 - 0
243.666 245.304 56.0 我 0
245.847 246.057 58.0 一 0
246.065 246.275 60.0 - 0
246.282 246.492 58.0 - 0
246.499 246.697 56.0 句 0
246.701 247.577 56.0 - 0
247.666 247.867 56.0 话 0
247.867 248.072 65.0 一 0
248.092 248.532 63.0 辈 0
248.534 249.179 63.0 - 0
249.543 249.753 58.0 子 0
249.76 249.97 60.0 一 0
249.978 250.188 58.0 生 0
250.195 250.405 56.0 - 0
250.412 251.927 56.0 情 0
253.239 253.449 53.0 一 0
253.456 253.666 53.0 杯 0
253.673 254.182 56.0 - 0
254.201 257.143 56.0 酒 0
