35.574 35.785 60.0 不 0
35.789 36.0 62.0 要 0
36.003 36.429 62.0 谈 0
36.432 36.643 60.0 什 0
36.647 36.857 58.0 么 0
36.861 37.072 65.0 分 0
37.075 37.715 62.0 离 1
37.9 38.111 62.0 我 0
38.115 38.325 60.0 不 0
38.329 38.54 58.0 会 0
38.543 38.754 60.0 因 0
38.758 38.862 62.0 为 0
38.972 39.076 62.0 这 0
39.187 39.612 62.0 样 0
39.616 40.148 62.0 而 0
40.259 40.577 60.0 哭 0
40.688 41.864 58.0 泣 1
42.67 42.881 55.0 那 0
42.884 43.202 58.0 只 0
43.313 43.524 55.0 是 0
43.528 44.06 65.0 昨 0
44.171 44.275 63.0 夜 0
44.385 44.489 63.0 的 0
44.6 45.025 60.0 一 0
45.029 45.24 58.0 场 0
45.243 45.668 62.0 梦 0
45.672 45.776 60.0 - 0
45.886 45.99 60.0 而 0
46.101 47.813 60.0 已 1
49.185 49.396 60.0 不 0
49.4 49.611 62.0 要 0
49.614 50.04 62.0 说 0
50.043 50.254 60.0 愿 0
50.258 50.361 58.0 不 0
50.472 50.683 65.0 愿 0
50.687 51.326 62.0 意 1
51.675 51.886 62.0 我 0
51.89 52.101 60.0 不 0
52.104 52.208 58.0 会 0
52.319 52.529 60.0 因 0
52.533 52.637 62.0 为 0
52.747 52.851 62.0 这 0
52.962 53.387 62.0 样 0
53.391 54.031 62.0 而 0
54.034 54.459 60.0 在 0
54.463 55.639 58.0 意 1
56.273 56.484 55.0 那 0
56.487 56.805 58.0 只 0
56.916 57.127 55.0 是 0
57.131 57.663 65.0 昨 0
57.774 57.878 63.0 夜 0
57.988 58.199 63.0 的 0
58.203 58.628 60.0 一 0
58.632 58.843 58.0 场 0
58.846 59.164 62.0 游 0
59.275 59.379 60.0 - 0
59.49 60.987 60.0 戏 1
61.886 61.99 58.0 那 0
62.101 62.312 58.0 只 0
62.315 62.419 60.0 是 0
62.53 62.633 60.0 一 0
62.744 62.848 62.0 场 0
62.959 63.062 62.0 游 0
63.173 63.277 62.0 戏 0
63.387 63.491 60.0 一 0
63.602 64.027 62.0 场 0
64.031 64.992 62.0 梦 1
65.381 65.485 60.0 虽 0
65.596 65.807 60.0 然 0
65.81 65.914 58.0 你 0
66.025 66.128 62.0 影 0
66.239 66.557 65.0 子 0
66.668 66.772 65.0 还 0
66.882 67.201 67.0 出 0
67.311 67.415 62.0 现 0
67.526 67.737 62.0 我 0
67.74 67.951 60.0 眼 0
67.955 68.702 62.0 里 1
69.12 69.331 53.0 在 0
69.335 69.76 58.0 我 0
69.764 69.974 58.0 的 0
70.192 70.296 58.0 歌 0
70.407 70.618 58.0 声 0
70.836 70.939 58.0 中 0
71.05 71.368 60.0 早 0
71.479 71.797 60.0 已 0
71.908 72.226 60.0 没 0
72.337 72.548 58.0 有 0
72.551 74.156 62.0 你 1
75.589 75.693 58.0 那 0
75.804 75.908 58.0 只 0
76.018 76.122 60.0 是 0
76.233 76.444 60.0 一 0
76.447 76.551 62.0 场 0
76.662 76.765 62.0 游 0
76.876 77.087 62.0 戏 0
77.091 77.194 60.0 一 0
77.305 77.623 62.0 场 0
77.734 78.91 62.0 梦 1
79.02 79.124 60.0 不 0
79.235 79.446 60.0 要 0
79.449 79.66 58.0 把 0
79.664 79.875 62.0 残 0
79.878 79.982 65.0 缺 0
80.093 80.196 65.0 的 0
80.307 80.411 65.0 爱 0
80.522 80.947 62.0 留 0
80.95 81.161 62.0 在 0
81.165 81.483 60.0 这 0
81.594 82.662 58.0 里 1
82.815 83.026 53.0 在 0
83.03 83.241 58.0 两 0
83.244 83.348 58.0 个 0
83.459 83.562 58.0 人 0
83.673 83.777 58.0 的 0
83.888 84.098 58.0 世 0
84.102 84.42 60.0 界 0
84.531 84.956 58.0 里 0
85.174 85.599 62.0 不 0
85.603 85.921 60.0 该 0
86.032 86.243 58.0 有 0
86.246 88.066 58.0 你 1
88.43 89.391 65.0 oh 0
89.931 90.249 65.0 为 0
90.36 90.463 58.0 什 0
90.574 90.678 58.0 么 0
90.789 90.892 58.0 道 0
91.003 91.428 65.0 别 0
91.432 92.501 62.0 离 1
93.258 93.469 60.0 要 0
93.473 93.684 57.0 说 0
93.902 94.005 58.0 什 0
94.116 94.22 58.0 么 0
94.331 94.756 58.0 在 0
94.76 94.97 60.0 一 0
94.974 96.15 62.0 起 1
96.848 97.059 55.0 如 0
97.062 97.488 58.0 今 0
97.706 98.131 58.0 虽 0
98.135 98.453 55.0 然 0
98.563 98.881 65.0 没 0
98.992 99.096 65.0 有 0
99.207 99.739 65.0 你 1
100.045 100.256 53.0 我 0
100.26 100.578 58.0 还 0
100.689 101.007 58.0 是 0
101.118 101.329 58.0 我 0
101.332 101.757 65.0 自 0
101.761 103.258 62.0 己 1
103.769 104.087 62.0 说 0
104.198 104.301 62.0 什 0
104.412 104.516 62.0 么 0
104.627 104.838 62.0 此 0
104.841 105.159 65.0 情 0
105.27 105.374 67.0 永 0
105.484 105.91 69.0 不 0
105.913 106.124 67.0 - 0
106.128 106.875 65.0 愈 1
107.092 107.41 58.0 说 0
107.521 107.624 58.0 什 0
107.735 107.839 58.0 么 0
107.95 108.053 58.0 我 0
108.164 108.589 65.0 爱 0
108.593 110.091 62.0 你 1
110.487 110.698 55.0 如 0
110.701 111.234 58.0 今 0
111.345 111.77 58.0 依 0
111.774 112.092 55.0 然 0
112.203 112.521 65.0 没 0
112.631 112.735 65.0 有 0
112.846 113.486 65.0 你 1
113.765 113.975 53.0 我 0
113.979 114.19 57.0 还 0
114.193 116.12 58.0 是 0
116.767 117.192 60.0 我 0
117.196 117.299 58.0 自 0
117.41 121.052 58.0 己 1
144.272 144.376 58.0 那 0
144.486 144.697 58.0 只 0
144.701 144.804 60.0 是 0
144.915 145.019 60.0 一 0
145.13 145.233 62.0 场 0
145.344 145.448 62.0 游 0
145.559 145.662 62.0 戏 0
145.773 145.877 60.0 一 0
145.987 146.413 62.0 场 0
146.416 147.378 62.0 梦 1
147.744 147.848 60.0 虽 0
147.958 148.169 60.0 然 0
148.173 148.276 58.0 你 0
148.387 148.491 62.0 影 0
148.602 148.92 65.0 子 0
149.031 149.134 65.0 还 0
149.245 149.563 67.0 出 0
149.674 149.778 62.0 现 0
149.888 150.099 62.0 我 0
150.103 150.314 60.0 眼 0
150.317 151.064 62.0 里 1
151.517 151.728 53.0 在 0
151.731 152.157 58.0 我 0
152.16 152.371 58.0 的 0
152.589 152.693 58.0 歌 0
152.803 153.014 58.0 声 0
153.232 153.336 58.0 中 0
153.447 153.765 60.0 早 0
153.876 154.194 60.0 已 0
154.305 154.623 60.0 没 0
154.733 154.944 58.0 有 0
154.948 156.553 62.0 你 1
158.014 158.118 58.0 那 0
158.228 158.332 58.0 只 0
158.443 158.547 60.0 是 0
158.657 158.868 60.0 一 0
158.872 158.975 62.0 场 0
159.086 159.19 62.0 游 0
159.301 159.512 62.0 戏 0
159.515 159.619 60.0 一 0
159.73 160.048 62.0 场 0
160.158 161.334 62.0 梦 1
161.438 161.542 60.0 不 0
161.652 161.863 60.0 要 0
161.867 162.078 58.0 把 0
162.081 162.292 60.0 残 0
162.296 162.399 65.0 缺 0
162.51 162.614 65.0 的 0
162.725 162.828 65.0 爱 0
162.939 163.364 62.0 留 0
163.368 163.579 62.0 在 0
163.582 163.901 60.0 这 0
164.011 165.08 58.0 里 1
165.292 165.503 53.0 在 0
165.506 165.717 57.0 俩 0
165.721 165.824 58.0 个 0
165.935 166.039 58.0 人 0
166.15 166.253 58.0 的 0
166.364 166.575 58.0 世 0
166.579 166.897 60.0 界 0
167.007 167.433 58.0 里 0
167.651 168.076 62.0 不 0
168.08 168.398 60.0 该 0
168.509 168.719 58.0 有 0
168.723 170.542 58.0 你 1
170.816 172.207 65.0 oh 0
172.317 172.636 65.0 为 0
172.746 172.85 58.0 什 0
172.961 173.064 58.0 么 0
173.175 173.279 58.0 道 0
173.39 173.815 65.0 别 0
173.819 174.887 62.0 离 1
175.595 175.806 60.0 要 0
175.809 176.02 57.0 说 0
176.238 176.342 58.0 什 0
176.453 176.556 58.0 么 0
176.667 177.093 58.0 在 0
177.096 177.307 60.0 一 0
177.311 178.486 62.0 起 1
179.102 179.313 55.0 如 0
179.317 179.742 58.0 今 0
179.96 180.386 58.0 虽 0
180.389 180.707 55.0 然 0
180.818 181.136 65.0 没 0
181.247 181.351 65.0 有 0
181.461 181.994 65.0 你 1
182.468 182.679 53.0 我 0
182.683 183.001 58.0 还 0
183.111 183.429 58.0 是 0
183.54 183.751 58.0 我 0
183.755 184.18 65.0 自 0
184.184 185.681 62.0 己 1
186.073 186.391 62.0 说 0
186.501 186.605 62.0 什 0
186.716 186.819 62.0 么 0
186.93 187.141 62.0 此 0
187.145 187.463 65.0 情 0
187.574 187.677 67.0 永 0
187.788 188.213 69.0 不 0
188.217 188.428 67.0 - 0
188.431 189.178 65.0 愈 1
189.518 189.836 58.0 说 0
189.946 190.05 58.0 什 0
190.161 190.265 58.0 么 0
190.375 190.479 58.0 我 0
190.59 191.229 65.0 爱 0
191.233 192.516 62.0 你 1
192.865 193.075 55.0 如 0
193.079 193.612 58.0 今 0
193.722 194.148 58.0 依 0
194.151 194.469 55.0 然 0
194.58 194.898 65.0 没 0
195.009 195.113 65.0 有 0
195.223 195.863 65.0 你 1
196.091 196.302 53.0 我 0
196.306 196.516 57.0 还 0
196.52 198.446 58.0 是 0
199.093 199.519 60.0 我 0
199.522 199.626 58.0 自 0
199.737 202.414 58.0 己 1
203.1 203.421 65.0 为 0
203.529 203.632 58.0 什 0
203.743 203.847 58.0 么 0
203.957 204.061 58.0 道 0
204.172 204.597 65.0 别 0
204.601 205.669 62.0 离 1
206.363 206.574 60.0 又 0
206.578 206.789 58.0 说 0
207.007 207.11 58.0 什 0
207.221 207.325 58.0 么 0
207.435 207.861 58.0 在 0
207.864 208.075 60.0 一 0
208.079 209.362 62.0 起 1
210.101 210.312 55.0 如 0
210.315 210.74 58.0 今 0
210.958 211.384 58.0 虽 0
211.387 211.705 55.0 然 0
211.816 212.134 65.0 没 0
212.245 212.349 65.0 有 0
212.46 212.992 65.0 你 1
213.286 213.497 53.0 我 0
213.501 213.819 58.0 还 0
213.93 214.248 58.0 是 0
214.358 214.569 58.0 我 0
214.573 214.998 65.0 自 0
215.002 216.499 62.0 己 1
216.993 217.311 62.0 说 0
217.422 217.525 62.0 什 0
217.636 217.74 62.0 么 0
217.85 218.061 62.0 此 0
218.065 218.383 65.0 情 0
218.494 218.597 67.0 永 0
218.708 219.134 69.0 不 0
219.137 219.348 67.0 - 0
219.352 220.099 65.0 愈 1
220.395 220.713 58.0 说 0
220.824 220.927 58.0 什 0
221.038 221.142 58.0 么 0
221.253 221.356 58.0 我 0
221.467 222.107 65.0 爱 0
222.11 223.393 62.0 你 1
223.832 224.043 55.0 如 0
224.046 224.579 58.0 今 0
224.69 225.115 55.0 依 0
225.118 225.437 55.0 然 0
225.547 225.865 65.0 没 0
225.976 226.08 65.0 有 0
226.191 226.83 65.0 你 1
226.957 227.168 53.0 我 0
227.172 227.383 58.0 还 0
227.386 229.313 58.0 是 0
229.852 230.278 60.0 我 0
230.281 230.385 58.0 自 0
230.496 233.173 58.0 己 1
