15.579 16.061 61.0 在 0
16.064 16.546 61.0 - 0
16.564 17.03 65.0 那 0
17.032 17.272 65.0 遥 0
17.274 17.515 63.0 远 0
17.517 17.999 61.0 的 0
18.001 18.483 61.0 小 0
18.485 19.452 56.0 山 0
19.454 19.937 61.0 村 0
20.181 20.421 63.0 小 0
20.439 20.905 65.0 呀 0
20.907 21.39 61.0 小 0
21.392 23.327 63.0 山 0
23.371 23.854 61.0 村 0
23.856 24.338 61.0 我 0
24.34 24.822 65.0 那 0
24.824 25.064 65.0 亲 0
25.067 25.307 63.0 爱 0
25.309 26.033 63.0 的 0
26.035 26.275 61.0 妈 0
26.277 26.518 61.0 - 0
26.52 26.932 58.0 妈 0
26.984 27.216 58.0 - 0
27.234 27.817 63.0 已 0
27.973 28.213 61.0 白 0
28.215 28.697 61.0 发 0
28.699 29.184 58.0 鬓 0
29.184 31.119 56.0 - 0
31.262 31.745 56.0 鬓 0
31.747 31.987 56.0 过 0
31.989 32.229 58.0 去 0
32.231 32.713 61.0 的 0
32.715 33.198 61.0 时 0
33.2 33.682 63.0 光 0
33.684 34.167 61.0 难 0
34.169 35.135 58.0 忘 0
35.137 35.862 63.0 怀 0
35.864 36.104 65.0 难 0
36.106 36.588 63.0 忘 0
36.59 37.073 61.0 - 0
37.075 37.799 61.0 怀 0
37.801 39.008 58.0 - 0
39.011 39.736 56.0 妈 0
39.738 39.978 58.0 妈 0
39.98 40.462 61.0 曾 0
40.464 40.705 63.0 给 0
40.707 40.947 65.0 我 0
40.949 41.431 68.0 多 0
41.433 41.916 65.0 少 0
41.918 42.4 61.0 吻 0
42.402 42.884 58.0 - 0
42.886 43.369 58.0 多 0
43.371 43.611 63.0 - 0
43.855 44.337 63.0 少 0
44.339 44.822 58.0 - 0
44.824 46.475 56.0 吻 0
46.622 46.863 68.0 吻 0
46.865 47.347 68.0 - 0
47.349 47.589 68.0 干 0
47.591 48.073 68.0 我 0
48.076 48.316 65.0 脸 0
48.318 48.558 68.0 上 0
48.56 49.527 70.0 的 0
49.529 50.011 70.0 泪 0
50.011 50.493 65.0 花 0
50.616 50.857 70.0 - 0
50.859 51.06 70.0 温 0
51.06 51.303 70.0 暖 0
51.343 51.583 70.0 我 0
51.585 52.049 70.0 那 0
52.07 52.31 68.0 幼 0
52.312 52.552 65.0 小 0
52.554 54.005 63.0 的 0
54.399 54.882 70.0 心 0
54.884 55.124 68.0 妈 0
55.126 55.366 70.0 妈 0
55.368 55.851 68.0 的 0
55.853 56.335 65.0 吻 0
56.337 56.819 63.0 甜 0
56.821 57.061 63.0 蜜 0
57.063 57.304 61.0 的 0
57.304 58.028 58.0 吻 0
58.336 58.577 63.0 叫 0
58.579 58.816 63.0 我 0
58.829 59.063 63.0 思 0
59.063 59.287 63.0 念 0
59.306 59.788 61.0 到 0
59.79 60.272 61.0 如 0
60.296 61.725 56.0 今 0
77.741 78.223 61.0 遥 0
78.225 78.707 61.0 望 0
78.709 79.192 65.0 家 0
79.194 79.434 65.0 乡 0
79.436 79.676 63.0 的 0
79.678 80.16 61.0 小 0
80.162 80.645 61.0 山 0
80.647 81.45 56.0 村 0
81.616 82.098 61.0 小 0
82.1 82.582 61.0 呀 0
82.584 83.067 65.0 小 0
83.069 83.551 63.0 山 0
83.553 85.083 63.0 村 0
85.405 85.887 61.0 我 0
85.889 86.371 61.0 - 0
86.373 86.856 65.0 那 0
86.858 87.098 65.0 可 0
87.1 87.34 63.0 爱 0
87.364 87.825 63.0 的 0
87.827 88.295 58.0 小 0
88.311 88.872 58.0 燕 0
88.999 89.241 58.0 子 0
89.302 90.004 63.0 可 0
90.006 90.246 61.0 回 0
90.271 90.733 58.0 了 0
90.733 91.215 58.0 家 0
91.239 92.747 56.0 - 0
93.234 93.716 56.0 门 0
93.718 94.2 56.0 女 0
94.202 94.685 61.0 儿 0
94.687 95.169 61.0 有 0
95.171 95.627 63.0 个 0
95.656 95.896 63.0 小 0
95.898 96.38 61.0 小 0
96.382 97.107 58.0 心 0
97.109 97.833 63.0 愿 0
97.835 98.075 65.0 小 0
98.078 98.56 63.0 小 0
98.562 99.044 61.0 心 0
99.046 99.771 61.0 愿 0
99.773 100.98 58.0 - 0
100.984 101.708 56.0 再 0
101.71 101.95 58.0 - 0
101.953 102.435 61.0 还 0
102.437 102.919 63.0 妈 0
102.921 103.404 68.0 妈 0
103.406 103.888 63.0 一 0
103.89 104.372 61.0 个 0
104.374 104.857 58.0 吻 0
104.859 105.341 58.0 - 0
105.343 105.583 63.0 一 0
105.828 106.31 63.0 - 0
106.312 106.794 58.0 个 0
106.796 108.084 56.0 - 0
108.575 108.815 68.0 吻 0
108.817 109.083 68.0 吻 0
109.083 109.265 68.0 干 0
109.301 109.542 68.0 她 0
109.544 110.026 68.0 那 0
110.028 110.268 65.0 思 0
110.27 110.51 68.0 儿 0
110.512 111.479 70.0 的 0
111.481 111.963 70.0 泪 0
111.963 112.446 65.0 珠 0
112.476 112.716 70.0 - 0
112.718 112.986 70.0 安 0
112.986 113.194 70.0 抚 0
113.202 113.443 70.0 她 0
113.445 113.921 70.0 那 0
113.929 114.169 68.0 孤 0
114.171 114.411 65.0 独 0
114.413 115.864 63.0 的 0
116.348 116.83 70.0 心 0
116.832 117.072 68.0 女 0
117.074 117.315 70.0 儿 0
117.317 117.799 68.0 的 0
117.801 118.283 65.0 吻 0
118.285 118.768 63.0 - 0
118.77 119.01 63.0 纯 0
119.012 119.252 61.0 洁 0
119.252 119.977 58.0 的 0
120.246 120.686 63.0 吻 0
120.73 120.97 63.0 愿 0
120.972 121.213 63.0 妈 0
121.215 121.697 63.0 妈 0
121.699 122.181 61.0 得 0
122.181 123.632 56.0 欢 0
124.222 124.704 70.0 欣 0
124.706 124.946 68.0 女 0
124.948 125.189 70.0 儿 0
125.191 125.673 68.0 的 0
125.675 126.157 65.0 吻 0
126.159 126.642 63.0 纯 0
126.644 126.884 63.0 洁 0
126.886 127.126 61.0 的 0
127.128 127.368 61.0 吻 0
127.368 127.851 58.0 - 0
128.105 128.345 63.0 愿 0
128.347 128.587 63.0 妈 0
128.831 129.072 63.0 妈 0
129.074 129.556 63.0 得 0
129.558 131.978 58.0 欢 0
131.98 135.853 68.0 欣 0
