17.1 17.528 63.0 写 0
17.528 17.957 59.0 了 0
17.957 18.386 59.0 一 0
18.386 18.814 54.0 首 0
18.814 19.243 56.0 遥 0
19.243 19.671 56.0 远 0
19.671 20.1 64.0 的 0
20.1 20.528 63.0 歌 1
20.616 21.045 61.0 送 0
21.045 21.474 61.0 给 0
21.474 21.688 61.0 遥 0
21.688 22.116 61.0 远 0
22.116 22.331 59.0 的 0
22.331 22.974 63.0 你 1
24.126 24.555 63.0 你 0
24.555 24.983 59.0 的 0
24.983 25.412 59.0 笑 0
25.412 25.84 54.0 声 0
25.84 26.269 56.0 我 0
26.269 26.697 56.0 的 0
26.697 27.126 61.0 笑 0
27.126 27.555 59.0 声 0
27.555 27.983 58.0 编 0
27.983 28.412 59.0 织 0
28.412 28.763 61.0 在 0
28.797 28.905 64.0 一 0
28.905 30.083 63.0 起 1
30.817 31.246 66.0 这 0
31.246 31.674 66.0 是 0
31.674 32.103 66.0 我 0
32.103 32.531 63.0 对 0
32.531 32.96 63.0 旧 0
32.96 33.261 64.0 时 0
33.261 33.817 64.0 光 0
34.031 34.246 63.0 最 0
34.246 34.674 61.0 温 0
34.674 35.103 61.0 暖 0
35.103 35.531 61.0 的 0
35.531 35.746 59.0 回 0
35.746 36.603 63.0 忆 1
37.703 38.132 63.0 哭 0
38.132 38.56 59.0 着 0
38.56 38.989 59.0 笑 0
38.989 39.418 54.0 着 0
39.418 39.846 56.0 痛 0
39.846 40.275 56.0 着 0
40.275 40.703 61.0 疯 0
40.703 41.132 59.0 着 0
41.132 41.56 58.0 跟 0
41.56 41.989 59.0 过 0
41.989 42.418 61.0 去 0
42.418 42.632 58.0 别 0
42.632 43.703 59.0 离 1
48.93 50.216 63.0 嗒 0
50.216 52.144 59.0 - 1
58.395 58.823 63.0 旧 0
58.823 59.252 59.0 旧 0
59.252 59.68 59.0 的 0
59.68 60.109 54.0 琴 0
60.109 60.537 56.0 弦 0
60.537 60.966 56.0 在 0
60.966 61.395 64.0 吟 0
61.395 61.823 63.0 唱 0
61.823 62.252 61.0 我 0
62.252 62.68 61.0 们 0
62.68 63.109 61.0 的 0
63.109 63.537 59.0 故 0
63.537 64.395 63.0 事 1
65.147 65.575 63.0 你 0
65.575 66.004 59.0 腼 0
66.004 66.432 59.0 腆 0
66.432 66.861 54.0 的 0
66.861 67.29 56.0 笑 0
67.29 67.718 56.0 容 0
67.718 68.147 61.0 是 0
68.361 68.575 59.0 这 0
68.575 69.004 58.0 故 0
69.004 69.432 59.0 事 0
69.432 69.702 61.0 的 0
69.715 70.144 66.0 开 0
70.144 71.001 63.0 始 1
71.937 72.365 66.0 迎 0
72.365 72.58 66.0 面 0
72.58 72.794 66.0 而 0
72.794 73.223 66.0 来 0
73.223 73.651 63.0 的 0
73.651 74.08 64.0 微 0
74.08 74.723 64.0 风 1
74.874 75.302 64.0 像 0
75.302 75.516 63.0 你 0
75.516 75.945 61.0 说 0
75.945 76.374 61.0 话 0
76.374 76.802 61.0 的 0
76.802 77.231 59.0 样 0
77.231 78.088 63.0 子 1
78.886 79.315 63.0 没 0
79.315 79.743 59.0 有 0
79.743 80.172 59.0 任 0
80.172 80.6 54.0 何 0
80.6 81.029 56.0 预 0
81.029 81.457 56.0 兆 0
81.457 81.886 61.0 这 0
81.886 82.315 59.0 故 0
82.315 82.747 58.0 事 0
82.747 83.18 59.0 戛 0
83.18 83.613 61.0 然 0
83.613 83.889 58.0 而 0
83.895 84.897 59.0 止 1
85.757 86.186 66.0 人 0
86.186 86.615 66.0 生 0
86.615 87.043 66.0 总 0
87.043 87.472 66.0 有 0
87.472 87.901 71.0 些 0
87.901 88.33 70.0 些 0
88.33 88.759 68.0 遗 0
88.759 89.188 66.0 憾 0
89.188 89.617 66.0 那 0
89.617 90.045 61.0 就 0
90.045 90.375 63.0 随 0
90.387 90.688 64.0 它 0
90.688 91.545 63.0 去 1
92.548 92.976 63.0 短 0
92.976 93.405 59.0 暂 0
93.405 93.833 59.0 的 0
93.833 94.262 59.0 阳 0
94.262 94.69 58.0 光 0
94.69 95.119 59.0 也 0
95.119 95.548 61.0 一 0
95.548 95.976 59.0 样 0
95.976 96.405 58.0 温 0
96.405 96.833 59.0 暖 0
96.833 97.111 61.0 了 0
97.119 97.548 66.0 心 0
97.548 98.19 66.0 灵 1
99.401 99.829 66.0 总 0
99.829 100.258 66.0 有 0
100.258 100.686 66.0 些 0
100.686 101.115 66.0 时 0
101.115 101.544 71.0 光 0
101.544 101.972 70.0 值 0
101.972 102.401 68.0 得 0
102.401 102.829 66.0 怀 0
102.829 103.258 66.0 念 0
103.258 103.686 61.0 却 0
103.686 103.994 63.0 回 0
104.006 104.329 64.0 不 0
104.329 105.186 63.0 去 1
106.286 106.715 63.0 回 0
106.715 107.144 59.0 不 0
107.144 107.574 59.0 去 0
107.574 108.003 54.0 的 0
108.003 108.432 56.0 留 0
108.432 108.861 56.0 不 0
108.861 109.291 61.0 下 0
109.291 109.72 59.0 的 0
109.72 110.148 58.0 对 0
110.148 110.577 59.0 你 0
110.577 111.005 61.0 的 0
111.005 111.296 58.0 回 0
111.31 112.291 59.0 忆 1
113.17 113.597 66.0 人 0
113.597 114.025 66.0 生 0
114.025 114.453 66.0 总 0
114.453 114.88 66.0 有 0
114.88 115.305 71.0 些 0
115.305 115.73 70.0 些 0
115.73 116.155 68.0 遗 0
116.155 116.58 66.0 憾 0
116.58 117.013 66.0 那 0
117.013 117.446 61.0 就 0
117.446 117.749 63.0 随 0
117.754 118.095 64.0 它 0
118.095 119.159 63.0 去 1
120.104 120.535 63.0 短 0
120.535 120.965 59.0 暂 0
120.965 121.396 59.0 的 0
121.396 121.826 59.0 阳 0
121.826 122.255 58.0 光 0
122.255 122.683 59.0 也 0
122.683 123.112 61.0 一 0
123.112 123.541 59.0 样 0
123.541 123.97 58.0 温 0
123.97 124.398 59.0 暖 0
124.398 124.708 61.0 了 0
124.72 125.042 66.0 心 0
125.149 125.685 66.0 灵 1
126.958 127.387 66.0 总 0
127.387 127.816 66.0 有 0
127.816 128.244 66.0 些 0
128.244 128.673 66.0 时 0
128.673 129.102 71.0 光 0
129.102 129.531 70.0 值 0
129.531 129.959 68.0 得 0
129.959 130.388 66.0 怀 0
130.388 130.817 66.0 念 0
130.817 131.246 61.0 却 0
131.246 131.564 63.0 回 0
131.57 131.889 64.0 不 0
131.889 132.746 63.0 去 1
133.656 134.085 63.0 回 0
134.085 134.514 59.0 不 0
134.514 134.942 59.0 去 0
134.942 135.371 59.0 的 0
135.371 135.8 58.0 留 0
135.8 136.229 59.0 不 0
136.229 136.657 61.0 下 0
136.657 137.086 59.0 的 0
137.086 137.515 58.0 对 0
137.515 137.944 59.0 你 0
137.944 138.372 61.0 的 0
138.372 138.672 58.0 回 0
138.682 139.864 59.0 忆 1
140.665 141.096 63.0 回 0
141.096 141.527 59.0 不 0
141.527 141.958 59.0 去 0
141.958 142.388 59.0 的 0
142.388 142.819 58.0 留 0
142.819 143.25 59.0 不 0
143.25 143.681 61.0 下 0
143.681 144.112 59.0 的 0
144.112 144.54 58.0 对 0
144.54 144.969 59.0 你 0
144.969 145.397 61.0 的 0
145.397 145.717 59.0 回 0
145.719 146.665 63.0 忆 1
147.533 147.961 63.0 回 0
147.961 148.39 59.0 不 0
148.39 148.818 59.0 去 0
148.818 149.247 59.0 的 0
149.247 149.692 58.0 留 0
149.692 150.136 59.0 不 0
150.136 150.581 61.0 下 0
150.581 151.025 59.0 的 0
151.025 151.446 58.0 珍 0
151.446 151.866 59.0 藏 0
151.866 152.286 61.0 在 0
152.286 152.581 58.0 心 0
152.595 153.992 59.0 底 1
