15.851 16.343 62.0 心 0
16.343 16.589 50.0 跳 0
16.589 16.834 52.0 乱 0
16.834 17.203 54.0 了 0
17.326 17.818 59.0 节 0
17.818 19.662 57.0 奏 1
19.88 20.372 55.0 梦 0
20.372 20.618 54.0 也 0
20.618 20.987 50.0 不 0
21.11 21.35 52.0 自 0
21.37 21.848 54.0 - 0
21.848 22.831 52.0 由 1
23.66 24.152 62.0 爱 0
24.152 24.397 50.0 是 0
24.397 24.643 52.0 个 0
24.643 25.012 54.0 绝 0
25.135 25.627 59.0 对 0
25.627 25.873 59.0 承 0
25.873 26.104 61.0 - 0
26.113 26.348 59.0 - 0
26.365 27.102 57.0 诺 0
27.102 27.471 54.0 不 0
27.471 28.578 59.0 说 1
29.647 29.893 59.0 撑 0
29.893 30.016 61.0 到 0
30.139 30.385 61.0 一 0
30.385 30.631 62.0 千 0
30.631 30.877 62.0 年 0
30.877 31.123 62.0 以 0
31.123 31.615 61.0 后 1
31.667 32.158 62.0 放 0
32.158 32.404 61.0 任 0
32.404 32.896 62.0 无 0
32.896 33.634 66.0 奈 0
33.634 34.126 61.0 淹 0
34.126 34.371 59.0 没 0
34.371 34.863 61.0 尘 0
34.863 35.601 57.0 埃 1
35.61 35.856 57.0 我 0
35.856 36.102 59.0 在 0
36.102 36.348 61.0 废 0
36.348 36.594 62.0 墟 0
36.594 36.84 64.0 之 0
36.84 37.085 62.0 中 0
37.085 37.331 64.0 守 0
37.331 37.577 67.0 着 0
37.577 38.069 64.0 你 0
38.069 38.315 64.0 走 0
38.315 38.807 64.0 来 0
38.807 39.421 62.0 喔 1
39.435 39.927 62.0 我 0
39.927 40.173 61.0 的 0
40.173 40.665 62.0 泪 0
40.665 41.403 66.0 光 0
41.403 41.894 61.0 承 0
41.894 42.14 59.0 载 0
42.14 42.632 61.0 不 0
42.632 43.124 57.0 了 0
43.124 45.214 62.0 喔 1
45.314 45.56 61.0 所 0
45.56 45.683 62.0 有 0
45.806 46.052 62.0 一 0
46.052 46.298 64.0 切 0
46.298 46.789 66.0 你 0
46.789 47.158 64.0 要 0
47.158 47.65 62.0 的 0
47.65 49.494 64.0 爱 1
49.848 50.094 61.0 因 0
50.094 50.586 62.0 为 0
50.586 51.324 64.0 在 0
51.324 51.693 66.0 一 0
51.693 51.938 64.0 千 0
52.061 52.553 62.0 年 0
52.553 53.045 57.0 以 0
53.045 54.275 64.0 后 1
54.626 54.872 66.0 世 0
54.872 55.118 64.0 界 0
55.118 55.487 62.0 早 0
55.608 55.854 61.0 已 0
55.856 56.348 59.0 没 0
56.348 56.962 54.0 有 0
56.962 58.069 61.0 我 1
58.63 58.876 62.0 无 0
58.876 59.122 61.0 法 0
59.122 59.613 59.0 深 0
59.613 59.859 61.0 情 0
59.859 60.351 62.0 挽 0
60.351 60.843 64.0 着 0
60.843 61.335 57.0 你 0
61.335 61.826 66.0 的 0
61.826 62.687 66.0 手 1
62.884 63.13 66.0 浅 0
63.13 63.622 67.0 吻 0
63.622 64.114 66.0 着 0
64.114 64.36 62.0 你 0
64.36 64.851 64.0 额 0
64.851 65.835 64.0 头 1
65.835 66.081 61.0 别 0
66.081 66.327 62.0 等 0
66.327 67.064 64.0 到 0
67.064 67.433 66.0 一 0
67.433 67.679 64.0 千 0
67.802 68.294 62.0 年 0
68.294 68.786 57.0 以 0
68.786 70.015 64.0 后 1
70.227 70.473 64.0 所 0
70.473 70.719 64.0 有 0
70.719 70.965 64.0 人 0
70.965 71.088 61.0 都 0
71.088 71.455 62.0 遗 0
71.455 71.701 61.0 忘 0
71.703 72.194 59.0 - 0
72.194 72.44 62.0 了 0
72.44 72.809 61.0 - 0
72.809 73.916 61.0 我 1
74.362 74.608 62.0 那 0
74.608 74.854 61.0 时 0
74.854 75.346 59.0 红 0
75.346 75.592 57.0 色 0
75.592 76.084 59.0 黄 0
76.084 76.576 62.0 昏 0
76.576 76.944 57.0 的 0
76.944 77.559 64.0 沙 0
77.559 78.174 62.0 漠 1
78.246 78.615 66.0 能 0
78.615 78.861 66.0 有 0
78.861 79.23 67.0 谁 0
79.23 80.09 64.0 - 0
80.336 80.582 62.0 解 0
80.582 80.828 64.0 开 0
80.828 81.32 65.0 缠 0
81.32 81.566 64.0 绕 0
81.566 81.812 62.0 千 0
81.812 82.303 65.0 年 0
82.303 82.549 62.0 的 0
82.549 83.287 57.0 寂 0
83.287 85.746 62.0 寞 1
102.423 102.915 62.0 放 0
102.915 103.161 61.0 任 0
103.161 103.653 62.0 无 0
103.653 104.39 66.0 奈 0
104.39 104.882 61.0 淹 0
104.882 105.128 59.0 没 0
105.128 105.62 61.0 尘 0
105.62 106.358 57.0 埃 1
106.408 106.654 57.0 我 0
106.654 106.9 59.0 在 0
106.9 107.145 61.0 废 0
107.145 107.391 62.0 墟 0
107.391 107.637 64.0 之 0
107.637 107.883 62.0 中 0
107.883 108.129 64.0 守 0
108.129 108.375 67.0 着 0
108.375 108.867 64.0 你 0
108.867 109.113 64.0 走 0
109.113 109.604 64.0 来 0
109.604 109.842 69.0 喔 0
109.854 110.092 64.0 - 0
110.092 110.338 62.0 - 1
110.363 110.855 62.0 我 0
110.855 111.101 61.0 的 0
111.101 111.593 62.0 泪 0
111.593 112.33 66.0 光 0
112.33 112.822 61.0 承 0
112.822 113.068 59.0 载 0
113.068 113.56 61.0 不 0
113.56 114.052 57.0 了 0
114.052 114.543 59.0 喔 0
114.543 115.65 62.0 - 1
115.798 116.044 62.0 所 0
116.044 116.29 61.0 有 0
116.29 116.659 62.0 一 0
116.659 117.027 64.0 切 0
117.027 117.273 66.0 你 0
117.273 117.642 67.0 需 0
117.642 118.011 66.0 要 0
118.011 118.503 62.0 的 0
118.503 119.978 64.0 爱 0
119.978 120.347 66.0 - 1
120.54 120.786 61.0 因 0
120.786 121.278 62.0 为 0
121.278 121.524 64.0 在 0
121.524 121.77 65.0 - 0
121.77 122.015 62.0 - 0
122.015 122.384 66.0 一 0
122.384 122.63 64.0 千 0
122.753 123.245 62.0 年 0
123.245 123.737 57.0 以 0
123.737 124.966 64.0 后 1
125.464 125.71 66.0 世 0
125.71 125.956 64.0 界 0
125.956 126.325 62.0 早 0
126.446 126.692 61.0 已 0
126.694 127.185 54.0 没 0
127.185 127.677 54.0 有 0
127.677 129.153 61.0 我 1
129.51 129.756 62.0 无 0
129.756 130.002 61.0 法 0
130.002 130.494 59.0 深 0
130.494 130.74 61.0 情 0
130.74 131.232 62.0 挽 0
131.232 131.724 64.0 着 0
131.724 132.215 57.0 你 0
132.215 132.707 66.0 的 0
132.707 133.568 66.0 手 1
133.627 133.873 66.0 浅 0
133.873 134.365 67.0 吻 0
134.365 134.733 66.0 着 0
134.733 135.102 62.0 你 0
135.102 135.594 64.0 额 0
135.594 136.086 64.0 头 0
136.086 136.332 66.0 - 1
136.532 136.778 61.0 别 0
136.778 137.023 62.0 等 0
137.023 137.515 64.0 到 0
137.515 137.761 62.0 - 0
137.761 138.13 66.0 一 0
138.13 138.499 64.0 千 0
138.499 138.991 62.0 年 0
138.991 139.237 57.0 以 0
139.237 139.728 69.0 - 0
139.728 140.712 64.0 后 1
140.942 141.188 64.0 所 0
141.188 141.434 64.0 有 0
141.434 141.68 64.0 人 0
141.68 142.169 62.0 都 0
142.169 142.415 61.0 遗 0
142.417 142.909 59.0 忘 0
142.909 143.155 62.0 了 0
143.155 143.524 61.0 - 0
143.524 143.893 59.0 我 0
143.893 144.63 61.0 - 1
145.208 145.454 62.0 那 0
145.454 145.7 61.0 时 0
145.7 146.192 59.0 红 0
146.192 146.438 57.0 色 0
146.438 146.929 59.0 黄 0
146.929 147.421 62.0 昏 0
147.421 147.79 57.0 的 0
147.79 148.405 64.0 沙 0
148.405 148.897 62.0 漠 1
148.963 149.209 64.0 能 0
149.209 149.455 66.0 有 0
149.455 149.946 67.0 谁 0
149.946 150.93 64.0 - 0
151.176 151.422 62.0 解 0
151.422 151.668 64.0 开 0
151.668 152.159 65.0 缠 0
152.159 152.405 64.0 绕 0
152.405 152.651 62.0 千 0
152.651 153.143 65.0 年 0
153.143 153.389 62.0 的 0
153.389 153.881 57.0 寂 0
153.881 156.709 62.0 寞 1
162.205 163.189 71.0 喔 0
163.189 164.664 66.0 - 0
164.664 164.91 68.0 耶 0
164.91 165.156 64.0 - 0
165.156 165.279 64.0 - 0
165.279 166.878 64.0 耶 0
167.123 167.615 63.0 喔 0
167.615 168.599 59.0 - 1
168.789 169.035 64.0 无 0
169.035 169.281 63.0 法 0
169.281 169.772 61.0 深 0
169.772 170.018 63.0 情 0
170.018 170.51 64.0 挽 0
170.51 171.002 66.0 着 0
171.002 171.494 59.0 你 0
171.494 171.985 68.0 的 0
171.985 172.846 68.0 手 1
172.933 173.179 68.0 浅 0
173.179 173.671 69.0 吻 0
173.671 174.04 68.0 着 0
174.04 174.408 64.0 你 0
174.408 174.9 66.0 额 0
174.9 175.515 66.0 头 0
175.515 175.638 68.0 - 1
176.012 176.258 63.0 别 0
176.258 176.504 64.0 等 0
176.504 176.996 66.0 到 0
176.996 177.241 64.0 - 0
177.241 177.61 68.0 一 0
177.61 177.979 66.0 千 0
177.979 178.471 64.0 年 0
178.471 178.963 59.0 以 0
178.963 179.332 66.0 后 0
179.332 180.192 66.0 - 1
180.276 180.522 66.0 所 0
180.522 180.768 66.0 有 0
180.768 181.014 66.0 人 0
181.014 181.504 64.0 都 0
181.504 181.749 63.0 遗 0
181.752 182.243 61.0 忘 0
182.243 182.489 64.0 了 0
182.489 182.858 63.0 - 0
182.858 184.211 63.0 我 1
184.516 184.762 64.0 那 0
184.762 185.008 63.0 时 0
185.008 185.5 61.0 红 0
185.5 185.746 59.0 色 0
185.746 186.238 61.0 黄 0
186.238 186.73 64.0 昏 0
186.73 187.098 59.0 的 0
187.098 187.713 66.0 沙 0
187.713 188.205 64.0 漠 1
188.227 188.596 68.0 能 0
188.596 188.842 68.0 有 0
188.842 189.334 69.0 谁 0
189.334 190.194 66.0 - 0
190.44 190.686 64.0 解 0
190.686 190.932 66.0 开 0
190.932 191.424 67.0 缠 0
191.424 191.67 66.0 绕 0
191.67 191.916 64.0 千 0
191.916 192.407 67.0 年 0
192.407 192.653 64.0 的 0
192.653 193.145 59.0 寂 0
193.145 195.973 64.0 寞 1
196.162 196.9 71.0 呜 0
196.9 198.621 66.0 - 0
198.867 199.236 67.0 缠 0
199.236 199.604 66.0 绕 0
199.604 199.973 64.0 千 0
199.973 200.465 67.0 年 0
200.465 202.432 64.0 的 0
202.801 203.785 59.0 寂 0
203.785 204.645 66.0 寞 0
204.645 205.6 64.0 - 1
