42.954 43.395 57.0 我 0
43.395 44.277 64.0 是 0
44.277 44.498 62.0 一 0
44.498 44.719 60.0 个 0
44.719 45.16 62.0 独 0
45.16 45.601 67.0 倚 0
45.601 46.042 60.0 寒 0
46.042 46.263 57.0 窗 0
46.263 46.483 57.0 的 0
46.483 46.924 55.0 女 0
46.924 47.366 55.0 孩 0
47.366 48.248 57.0 - 1
49.909 50.129 57.0 红 0
50.35 50.57 62.0 尘 0
50.57 51.232 62.0 中 0
51.232 51.453 60.0 谁 0
51.453 51.673 57.0 能 0
51.673 52.115 57.0 了 0
52.115 52.335 67.0 解 0
52.556 52.887 67.0 我 0
52.887 53.218 64.0 的 0
53.218 53.438 62.0 无 0
53.438 55.203 64.0 奈 1
57.022 57.242 62.0 事 0
57.242 57.683 64.0 - 0
57.683 57.904 69.0 事 0
57.904 58.345 64.0 难 0
58.345 58.786 64.0 料 0
58.786 59.007 62.0 两 0
59.227 59.889 62.0 情 0
60.11 60.551 60.0 难 0
60.551 62.316 62.0 猜 1
63.623 63.844 67.0 一 0
63.844 64.064 64.0 生 0
64.064 64.505 62.0 等 0
64.505 64.947 60.0 待 0
65.388 65.608 55.0 难 0
65.608 65.829 55.0 把 0
65.829 66.27 55.0 一 0
66.27 66.711 60.0 瓣 0
66.711 67.153 60.0 心 0
67.153 67.594 62.0 香 0
67.594 68.035 60.0 采 0
68.035 69.358 57.0 摘 1
71.222 71.663 57.0 我 0
71.663 72.546 64.0 是 0
72.546 72.766 62.0 一 0
72.766 72.987 60.0 个 0
72.987 73.428 62.0 痴 0
73.428 73.869 64.0 心 0
73.869 74.31 60.0 难 0
74.31 74.531 57.0 改 0
74.531 74.752 57.0 的 0
74.752 75.193 55.0 女 0
75.193 75.634 55.0 孩 0
75.634 76.516 57.0 - 1
78.187 78.408 57.0 问 0
78.628 78.849 62.0 世 0
78.849 79.51 62.0 间 0
79.51 79.731 60.0 谁 0
79.731 79.952 57.0 能 0
79.952 80.393 57.0 聆 0
80.393 80.613 67.0 听 0
80.834 81.055 67.0 我 0
81.055 81.275 64.0 的 0
81.275 81.716 62.0 感 0
81.716 83.481 64.0 慨 1
85.274 85.494 62.0 素 0
85.494 85.936 64.0 - 0
85.936 86.156 69.0 弦 0
86.156 86.597 67.0 声 0
86.597 87.038 64.0 断 0
87.038 87.259 62.0 泪 0
87.48 88.141 62.0 湿 0
88.362 88.803 57.0 香 0
88.803 90.568 62.0 腮 1
91.922 92.143 62.0 一 0
92.143 92.364 64.0 生 0
92.364 92.805 67.0 徘 0
92.805 93.246 64.0 徊 0
93.687 93.908 62.0 走 0
93.908 94.128 64.0 不 0
94.128 94.569 67.0 出 0
94.569 95.011 67.0 这 0
95.011 95.452 67.0 相 0
95.452 95.672 67.0 思 0
95.672 95.893 67.0 的 0
95.893 96.334 64.0 苦 0
96.334 97.658 69.0 海 1
99.044 99.485 64.0 你 0
99.485 99.927 69.0 闯 0
99.927 100.368 69.0 进 0
100.368 100.588 67.0 - 0
100.809 101.25 67.0 了 0
101.25 101.471 67.0 我 0
101.471 101.912 69.0 - 0
101.912 102.132 72.0 的 0
102.132 102.574 69.0 心 0
102.574 103.015 67.0 里 0
103.015 103.235 64.0 真 0
103.456 103.897 64.0 情 0
104.338 104.78 60.0 灌 0
104.78 105.221 60.0 溉 0
105.221 105.882 57.0 - 1
106.081 106.302 57.0 我 0
106.302 106.522 60.0 却 0
106.522 106.963 60.0 为 0
106.963 107.405 62.0 你 0
107.846 108.066 62.0 万 0
108.066 108.287 64.0 千 0
108.287 108.728 67.0 感 0
108.728 109.169 67.0 慨 0
109.169 109.39 67.0 默 0
109.39 109.61 64.0 默 0
109.61 110.052 62.0 等 0
110.052 112.699 64.0 待 1
113.018 113.238 64.0 如 0
113.238 113.459 67.0 果 0
113.459 113.68 69.0 我 0
113.9 114.341 69.0 的 0
114.341 114.562 67.0 - 0
114.783 115.224 67.0 爱 0
115.224 115.665 69.0 只 0
115.885 116.106 72.0 能 0
116.106 116.547 69.0 在 0
116.547 116.988 67.0 - 0
116.988 117.209 64.0 心 0
117.43 117.871 67.0 里 0
118.312 118.753 60.0 深 0
118.753 119.194 60.0 埋 0
119.194 119.856 57.0 - 1
120.114 120.334 57.0 我 0
120.334 120.555 60.0 愿 0
120.555 120.996 62.0 揣 0
120.996 121.437 62.0 你 0
121.878 122.32 64.0 在 0
122.32 122.761 67.0 温 0
122.761 123.202 67.0 暖 0
123.202 123.422 67.0 的 0
123.422 124.084 67.0 心 0
124.084 126.731 64.0 怀 1
127.173 127.615 64.0 你 0
127.615 127.835 69.0 走 0
128.056 128.497 69.0 出 0
128.497 128.718 67.0 - 0
128.938 129.379 67.0 了 0
129.379 130.041 69.0 我 0
130.041 130.262 72.0 的 0
130.262 130.482 69.0 世 0
130.482 131.073 67.0 界 0
131.144 131.365 64.0 不 0
131.585 132.026 64.0 再 0
132.468 132.909 62.0 回 0
132.909 133.35 60.0 来 0
133.35 134.012 57.0 - 1
134.251 134.472 57.0 我 0
134.472 134.692 60.0 却 0
134.692 135.134 60.0 为 0
135.134 135.575 62.0 你 0
136.016 136.237 62.0 爱 0
136.237 136.457 64.0 到 0
136.457 136.898 67.0 心 0
136.898 137.34 67.0 碎 0
137.34 137.781 67.0 痴 0
137.781 138.001 64.0 心 0
138.001 138.222 62.0 不 0
138.222 140.869 64.0 改 1
141.305 141.526 64.0 如 0
141.526 141.746 67.0 果 0
141.746 141.967 69.0 我 0
142.187 142.629 69.0 的 0
142.629 142.849 67.0 - 0
143.07 143.511 67.0 爱 0
143.511 143.952 69.0 只 0
144.173 144.393 72.0 能 0
144.393 144.835 69.0 在 0
144.835 145.276 67.0 - 0
145.276 145.496 64.0 梦 0
145.717 146.158 67.0 里 0
146.599 147.04 60.0 表 0
147.04 147.482 60.0 白 0
147.482 148.143 57.0 - 1
148.348 148.569 57.0 我 0
148.569 148.789 60.0 愿 0
148.789 149.23 60.0 沉 0
149.23 149.671 62.0 睡 0
150.113 150.333 62.0 万 0
150.333 150.554 64.0 载 0
150.554 150.995 67.0 永 0
150.995 151.436 67.0 不 0
151.877 152.319 55.0 醒 0
152.319 154.966 57.0 来 1
184.158 184.599 57.0 我 0
184.599 185.482 64.0 是 0
185.482 185.702 62.0 一 0
185.702 185.923 60.0 个 0
185.923 186.364 62.0 痴 0
186.364 186.805 64.0 心 0
186.805 187.246 60.0 难 0
187.246 187.467 57.0 改 0
187.467 187.688 57.0 的 0
187.688 188.129 55.0 女 0
188.129 188.57 55.0 孩 0
188.57 189.452 57.0 - 1
191.239 191.46 57.0 问 0
191.68 191.901 62.0 世 0
191.901 192.563 62.0 间 0
192.563 192.783 60.0 谁 0
192.783 193.004 57.0 能 0
193.004 193.445 57.0 聆 0
193.445 193.665 67.0 听 0
193.886 194.107 67.0 我 0
194.107 194.327 64.0 的 0
194.327 194.768 62.0 感 0
194.768 196.533 64.0 慨 1
198.248 198.468 62.0 素 0
198.468 198.91 64.0 - 0
198.91 199.13 69.0 弦 0
199.13 199.571 67.0 声 0
199.571 200.013 64.0 断 0
200.013 200.233 62.0 泪 0
200.454 201.115 62.0 湿 0
201.336 201.777 57.0 香 0
201.777 203.542 62.0 腮 1
204.92 205.141 62.0 一 0
205.141 205.362 64.0 生 0
205.362 205.803 67.0 徘 0
205.803 206.244 64.0 徊 0
206.685 206.906 62.0 走 0
206.906 207.126 64.0 不 0
207.126 207.568 67.0 出 0
207.568 208.009 67.0 这 0
208.009 208.45 67.0 相 0
208.45 208.67 67.0 思 0
208.67 208.891 67.0 的 0
208.891 209.332 64.0 苦 0
209.332 210.656 69.0 海 1
211.894 212.335 64.0 你 0
212.335 212.777 69.0 闯 0
212.777 213.218 69.0 进 0
213.218 213.438 67.0 - 0
213.659 214.1 67.0 了 0
214.1 214.321 67.0 我 0
214.321 214.762 69.0 - 0
214.762 214.983 72.0 的 0
214.983 215.424 67.0 心 0
215.424 215.865 67.0 里 0
215.865 216.085 64.0 真 0
216.306 216.747 64.0 情 0
217.188 217.63 60.0 灌 0
217.63 218.071 60.0 溉 0
218.071 218.732 57.0 - 1
218.966 219.187 57.0 我 0
219.187 219.407 60.0 却 0
219.407 219.848 60.0 为 0
219.848 220.29 62.0 你 0
220.731 220.951 62.0 万 0
220.951 221.172 64.0 千 0
221.172 221.613 67.0 感 0
221.613 222.054 67.0 慨 0
222.054 222.275 67.0 默 0
222.275 222.495 64.0 默 0
222.495 222.937 62.0 等 0
222.937 225.584 64.0 待 1
226.091 226.311 64.0 如 0
226.311 226.532 67.0 果 0
226.532 226.753 69.0 我 0
226.973 227.414 69.0 的 0
227.414 227.635 67.0 - 0
227.856 228.297 67.0 爱 0
228.297 228.738 69.0 只 0
228.959 229.179 72.0 能 0
229.179 229.62 69.0 在 0
229.62 230.061 67.0 - 0
230.061 230.282 64.0 心 0
230.503 230.944 67.0 里 0
231.385 231.826 60.0 深 0
231.826 232.267 60.0 埋 0
232.267 232.929 57.0 - 1
233.042 233.262 57.0 我 0
233.262 233.483 60.0 愿 0
233.483 233.924 62.0 沉 0
233.924 234.365 62.0 睡 0
234.365 234.806 62.0 万 0
234.806 235.248 64.0 载 0
235.248 235.689 67.0 永 0
235.689 236.13 67.0 不 0
236.571 237.012 55.0 醒 0
237.012 240.101 57.0 来 1
241.011 241.231 62.0 今 0
241.231 241.452 62.0 生 0
241.452 241.893 62.0 无 0
241.893 242.334 60.0 缘 0
242.334 242.776 57.0 与 0
242.776 243.217 60.0 你 0
243.217 243.658 67.0 相 0
243.658 243.879 64.0 亲 0
243.879 244.099 62.0 相 0
244.099 246.746 64.0 爱 1
248.009 248.229 62.0 来 0
248.229 248.45 62.0 世 0
248.45 248.67 62.0 我 0
248.67 249.112 62.0 再 0
249.112 249.332 64.0 还 0
249.332 249.773 67.0 欠 0
249.773 249.994 67.0 你 0
250.215 250.435 67.0 相 0
250.656 250.876 67.0 思 0
250.876 251.097 64.0 的 0
251.097 253.744 69.0 债 1
254.158 254.599 64.0 你 0
254.599 254.82 69.0 走 0
255.041 255.482 69.0 出 0
255.482 255.702 67.0 - 0
255.923 256.364 67.0 了 0
256.364 256.585 67.0 我 0
256.585 257.026 69.0 - 0
257.026 257.246 72.0 的 0
257.246 257.688 69.0 世 0
257.688 258.129 67.0 界 0
258.129 258.349 64.0 不 0
258.57 259.011 67.0 再 0
259.452 259.893 60.0 回 0
259.893 260.335 60.0 来 0
260.335 260.996 57.0 - 1
261.371 261.592 57.0 我 0
261.592 261.812 60.0 却 0
261.812 262.253 60.0 为 0
262.253 262.695 62.0 你 0
263.136 263.356 62.0 爱 0
263.356 263.577 64.0 到 0
263.577 264.018 67.0 心 0
264.018 264.459 67.0 碎 0
264.459 264.9 67.0 痴 0
264.9 265.121 64.0 心 0
265.121 265.342 62.0 不 0
265.342 267.989 64.0 改 1
268.391 268.611 64.0 如 0
268.611 268.832 67.0 果 0
268.832 269.053 69.0 我 0
269.273 269.714 69.0 的 0
269.714 269.935 67.0 - 0
270.156 270.597 67.0 爱 0
270.597 271.038 69.0 只 0
271.258 271.479 72.0 能 0
271.479 271.92 69.0 在 0
271.92 272.361 67.0 - 0
272.361 272.582 64.0 梦 0
272.803 273.244 67.0 里 0
273.685 274.126 62.0 表 0
274.126 274.567 60.0 白 0
274.567 275.229 57.0 - 1
275.512 275.732 57.0 我 0
275.732 275.953 60.0 愿 0
275.953 276.394 62.0 沉 0
276.394 276.835 62.0 睡 0
276.835 277.276 62.0 万 0
277.276 277.717 64.0 载 0
277.717 278.159 67.0 永 0
278.159 278.71 72.0 不 0
279.041 279.482 69.0 醒 0
279.482 282.129 69.0 来 1
