20.112 20.362 55.0 能 0
20.362 20.612 57.0 够 0
20.652 21.112 59.0 握 0
21.112 21.612 57.0 紧 0
21.612 22.112 59.0 的 0
22.112 22.612 57.0 就 0
22.612 22.862 59.0 别 0
22.902 23.362 62.0 放 0
23.362 23.862 62.0 了 1
24.083 24.333 55.0 能 0
24.333 24.583 57.0 够 0
24.623 25.083 59.0 拥 0
25.083 25.583 57.0 抱 0
25.583 26.083 59.0 的 0
26.083 26.583 57.0 就 0
26.583 26.833 59.0 别 0
26.873 27.333 64.0 拉 0
27.333 27.833 62.0 扯 1
28.111 28.361 55.0 时 0
28.361 28.588 57.0 间 0
28.588 28.753 57.0 着 0
28.776 29.111 59.0 - 0
29.111 29.611 55.0 急 0
29.611 30.111 55.0 的 0
30.651 31.111 59.0 冲 0
31.111 31.611 55.0 刷 0
31.611 32.111 55.0 着 1
32.673 33.133 59.0 剩 0
33.133 33.633 55.0 下 0
33.633 34.11 55.0 了 0
34.11 34.61 52.0 什 0
34.61 35.383 57.0 么 1
36.103 36.353 55.0 原 0
36.353 36.603 57.0 谅 0
36.643 37.103 59.0 走 0
37.103 37.603 57.0 过 0
37.603 38.103 59.0 的 0
38.103 38.603 57.0 那 0
38.603 38.853 59.0 些 0
38.893 39.353 59.0 曲 0
39.353 39.853 62.0 折 1
40.133 40.383 55.0 原 0
40.383 40.633 57.0 来 0
40.673 41.133 59.0 留 0
41.133 41.633 57.0 下 0
41.633 42.133 59.0 的 0
42.133 42.633 57.0 都 0
42.633 42.883 59.0 是 0
42.923 43.383 66.0 真 0
43.383 43.883 66.0 的 1
44.077 44.327 62.0 纵 0
44.327 44.554 64.0 然 0
44.554 44.719 64.0 似 0
44.742 45.077 67.0 - 0
45.077 45.554 62.0 梦 0
45.554 45.719 62.0 啊 0
45.742 46.077 64.0 - 0
46.617 47.077 64.0 半 0
47.077 47.577 59.0 醒 0
47.577 48.077 62.0 着 1
48.543 48.793 64.0 笑 0
48.793 49.043 62.0 着 0
49.043 49.293 64.0 哭 0
49.293 49.543 62.0 着 0
49.543 50.02 64.0 都 0
50.02 50.52 66.0 快 0
50.52 51.543 66.0 活 1
52.584 53.084 67.0 谁 0
53.624 54.084 69.0 让 1
55.845 56.095 62.0 时 0
56.095 56.345 67.0 间 0
56.345 56.595 66.0 是 0
56.595 56.845 67.0 让 0
56.845 57.095 66.0 人 0
57.095 57.345 67.0 猝 0
57.345 57.595 66.0 不 0
57.595 58.095 59.0 及 0
58.095 58.595 57.0 防 0
58.595 58.822 59.0 的 0
58.822 59.322 59.0 东 0
59.345 59.595 62.0 西 1
59.759 60.009 62.0 晴 0
60.009 60.259 67.0 时 0
60.259 60.509 66.0 有 0
60.549 61.049 67.0 风 0
61.049 61.299 57.0 阴 0
61.509 62.009 59.0 有 0
62.009 62.259 62.0 时 0
62.259 63.259 62.0 雨 1
63.808 64.058 62.0 争 0
64.058 64.308 64.0 不 0
64.308 64.558 62.0 过 0
64.558 65.035 64.0 朝 0
65.035 65.262 64.0 夕 0
65.285 65.558 67.0 - 0
65.808 66.058 62.0 又 0
66.058 66.308 64.0 念 0
66.308 66.558 62.0 着 0
66.558 67.035 64.0 往 0
67.035 67.262 64.0 昔 0
67.285 67.558 67.0 - 1
67.798 68.048 62.0 偷 0
68.048 68.298 64.0 走 0
68.338 68.798 71.0 了 0
68.798 69.048 62.0 青 0
69.048 69.298 64.0 丝 0
69.338 69.798 71.0 却 0
69.798 70.048 62.0 留 0
70.048 70.298 64.0 住 0
70.298 70.548 71.0 一 0
70.548 71.048 67.0 个 0
71.088 71.548 69.0 你 1
71.818 72.068 62.0 岁 0
72.068 72.318 67.0 月 0
72.318 72.568 66.0 是 0
72.568 72.818 67.0 一 0
72.818 73.068 66.0 场 0
73.068 73.318 67.0 有 0
73.318 73.545 66.0 去 0
73.545 73.795 59.0 无 0
73.795 74.068 57.0 - 0
74.068 74.568 57.0 回 0
74.568 74.818 59.0 的 0
74.858 75.318 62.0 旅 0
75.318 75.568 62.0 行 1
75.811 76.061 62.0 好 0
76.061 76.311 67.0 的 0
76.311 76.561 66.0 坏 0
76.561 77.061 67.0 的 0
77.311 77.561 57.0 都 0
77.561 77.811 59.0 是 0
77.851 78.561 66.0 风 0
78.561 78.811 64.0 景 0
78.811 79.311 62.0 - 1
79.802 80.052 62.0 别 0
80.052 80.302 64.0 怪 0
80.302 80.552 62.0 我 0
80.552 81.029 64.0 贪 0
81.029 81.256 64.0 心 0
81.279 81.552 67.0 - 0
81.802 82.052 62.0 只 0
82.052 82.302 64.0 是 0
82.342 82.552 71.0 不 0
82.552 83.052 69.0 愿 0
83.052 83.552 67.0 醒 1
83.811 84.061 62.0 因 0
84.061 84.311 64.0 为 0
84.351 84.811 71.0 你 0
84.811 85.061 62.0 只 0
85.061 85.311 64.0 为 0
85.351 85.811 71.0 你 0
85.811 86.061 62.0 愿 0
86.061 86.311 64.0 和 0
86.311 86.561 71.0 我 0
86.561 87.061 67.0 一 0
87.101 87.561 69.0 起 1
87.615 88.115 67.0 看 0
88.115 88.365 57.0 云 0
88.365 88.615 59.0 淡 0
88.615 88.865 66.0 风 0
88.865 89.365 67.0 - 0
89.365 92.115 67.0 轻 1
104.151 104.401 55.0 能 0
104.401 104.651 57.0 够 0
104.691 105.151 59.0 握 0
105.151 105.651 57.0 紧 0
105.651 106.151 59.0 的 0
106.151 106.651 57.0 就 0
106.651 106.901 59.0 别 0
106.941 107.401 62.0 放 0
107.401 107.901 62.0 了 1
108.137 108.387 55.0 能 0
108.387 108.637 57.0 够 0
108.677 109.137 59.0 拥 0
109.137 109.637 57.0 抱 0
109.637 110.137 59.0 的 0
110.137 110.637 57.0 就 0
110.637 110.887 59.0 别 0
110.927 111.387 64.0 拉 0
111.387 111.887 62.0 扯 1
112.067 112.317 55.0 时 0
112.317 112.567 57.0 间 0
112.607 113.067 59.0 着 0
113.067 113.567 55.0 急 0
113.567 114.067 55.0 的 0
114.607 115.067 59.0 冲 0
115.067 115.567 55.0 刷 0
115.567 116.067 55.0 着 1
116.606 117.066 59.0 剩 0
117.066 117.566 55.0 下 0
117.566 118.043 55.0 了 0
118.043 118.543 52.0 什 0
118.606 119.316 57.0 么 1
120.043 120.293 55.0 原 0
120.293 120.543 57.0 谅 0
120.583 121.043 59.0 走 0
121.043 121.543 57.0 过 0
121.543 122.043 59.0 的 0
122.043 122.543 57.0 那 0
122.543 122.793 59.0 些 0
122.833 123.293 62.0 曲 0
123.293 123.793 62.0 折 1
124.028 124.278 55.0 原 0
124.278 124.528 57.0 来 0
124.568 125.028 59.0 留 0
125.028 125.528 57.0 下 0
125.528 126.028 59.0 的 0
126.028 126.528 57.0 都 0
126.528 126.778 59.0 是 0
126.818 127.278 66.0 真 0
127.278 127.778 66.0 的 1
128.115 128.365 62.0 纵 0
128.365 128.592 64.0 然 0
128.592 128.819 64.0 似 0
128.842 129.115 67.0 - 0
129.115 129.592 62.0 梦 0
129.592 129.819 62.0 啊 0
129.842 130.115 64.0 - 0
130.655 131.115 64.0 半 0
131.115 131.592 59.0 醒 0
131.592 131.819 59.0 着 0
131.842 132.115 62.0 - 1
132.638 132.888 64.0 笑 0
132.888 133.138 62.0 着 0
133.138 133.388 64.0 哭 0
133.388 133.638 62.0 着 0
133.638 134.115 64.0 都 0
134.115 134.615 66.0 快 0
134.615 135.638 66.0 活 1
136.56 137.31 67.0 谁 0
137.6 138.31 69.0 让 1
139.838 140.088 62.0 时 0
140.088 140.338 67.0 间 0
140.338 140.588 66.0 是 0
140.588 140.838 67.0 让 0
140.838 141.088 66.0 人 0
141.088 141.338 67.0 猝 0
141.338 141.588 66.0 不 0
141.588 142.088 59.0 及 0
142.088 142.588 57.0 防 0
142.588 142.815 59.0 的 0
142.815 143.042 59.0 东 0
143.065 143.338 62.0 - 0
143.338 143.588 62.0 西 1
143.853 144.103 62.0 晴 0
144.103 144.353 67.0 时 0
144.353 144.603 66.0 有 0
144.643 145.08 67.0 风 0
145.08 145.603 57.0 阴 0
145.603 146.103 59.0 有 0
146.103 146.353 62.0 时 0
146.353 147.103 62.0 雨 1
147.804 148.054 62.0 争 0
148.054 148.304 64.0 不 0
148.304 148.554 62.0 过 0
148.554 149.031 64.0 朝 0
149.031 149.258 64.0 夕 0
149.281 149.554 67.0 - 0
149.804 150.054 62.0 又 0
150.054 150.304 64.0 念 0
150.304 150.554 62.0 着 0
150.554 151.031 64.0 往 0
151.031 151.258 64.0 昔 0
151.281 151.554 67.0 - 1
151.818 152.068 62.0 偷 0
152.068 152.318 64.0 走 0
152.318 152.818 71.0 了 0
152.818 153.068 62.0 青 0
153.068 153.318 64.0 丝 0
153.318 153.818 71.0 却 0
153.818 154.068 62.0 留 0
154.068 154.318 64.0 住 0
154.318 154.568 71.0 一 0
154.568 155.068 67.0 个 0
155.068 155.568 69.0 你 1
155.78 156.03 62.0 岁 0
156.03 156.28 67.0 月 0
156.28 156.53 66.0 是 0
156.53 156.78 67.0 一 0
156.78 157.03 66.0 场 0
157.03 157.28 67.0 有 0
157.28 157.53 66.0 去 0
157.53 158.03 59.0 无 0
158.03 158.53 57.0 回 0
158.53 158.78 59.0 的 0
158.78 159.28 62.0 旅 0
159.28 159.53 62.0 行 1
159.852 160.102 62.0 好 0
160.102 160.352 67.0 的 0
160.352 160.602 66.0 坏 0
160.602 161.102 67.0 的 0
161.352 161.602 57.0 都 0
161.602 161.829 59.0 是 0
161.829 162.602 66.0 风 0
162.602 162.852 64.0 景 0
162.852 163.352 62.0 - 1
163.894 164.144 62.0 别 0
164.144 164.394 64.0 怪 0
164.394 164.644 62.0 我 0
164.644 165.121 64.0 贪 0
165.121 165.348 64.0 心 0
165.371 165.644 67.0 - 0
165.894 166.144 62.0 只 0
166.144 166.394 64.0 是 0
166.394 166.644 71.0 不 0
166.644 167.144 69.0 愿 0
167.144 167.644 67.0 醒 1
167.928 168.178 62.0 因 0
168.178 168.428 64.0 为 0
168.468 168.928 71.0 你 0
168.928 169.178 62.0 只 0
169.178 169.428 64.0 为 0
169.468 169.928 71.0 你 0
169.928 170.178 62.0 愿 0
170.178 170.428 64.0 和 0
170.428 170.678 71.0 我 0
170.678 171.155 67.0 一 0
171.155 171.382 67.0 起 0
171.405 171.678 69.0 - 1
171.694 172.131 67.0 看 0
172.154 172.404 57.0 云 0
172.404 172.654 59.0 淡 0
172.654 172.904 66.0 风 0
172.904 173.404 67.0 - 0
173.404 176.154 67.0 轻 1
187.791 188.041 62.0 时 0
188.041 188.291 67.0 间 0
188.291 188.541 66.0 是 0
188.541 188.791 67.0 让 0
188.791 189.041 66.0 人 0
189.041 189.291 67.0 猝 0
189.291 189.541 66.0 不 0
189.541 190.041 59.0 及 0
190.041 190.541 57.0 防 0
190.541 190.768 59.0 的 0
190.768 190.995 59.0 东 0
191.018 191.291 62.0 - 0
191.291 191.541 62.0 西 1
191.769 192.019 62.0 晴 0
192.019 192.269 67.0 时 0
192.269 192.496 66.0 有 0
192.496 193.059 67.0 风 0
193.059 193.309 57.0 阴 0
193.519 194.019 59.0 有 0
194.019 194.269 62.0 时 0
194.269 195.019 62.0 雨 1
195.778 196.028 62.0 争 0
196.028 196.278 64.0 不 0
196.278 196.528 62.0 过 0
196.528 197.005 64.0 朝 0
197.005 197.232 64.0 夕 0
197.255 197.528 67.0 - 0
197.778 198.028 62.0 又 0
198.028 198.278 64.0 念 0
198.278 198.528 62.0 着 0
198.528 199.005 64.0 往 0
199.005 199.232 64.0 昔 0
199.255 199.528 67.0 - 1
199.89 200.14 62.0 偷 0
200.14 200.367 64.0 走 0
200.43 200.89 71.0 了 0
200.89 201.14 62.0 青 0
201.14 201.367 64.0 丝 0
201.367 201.594 69.0 却 0
201.617 201.89 71.0 - 0
201.89 202.14 62.0 留 0
202.14 202.39 64.0 住 0
202.39 202.64 71.0 一 0
202.64 203.14 67.0 个 0
203.18 203.64 69.0 你 1
203.879 204.129 62.0 岁 0
204.129 204.379 67.0 月 0
204.379 204.629 66.0 是 0
204.629 204.879 67.0 一 0
204.879 205.129 66.0 场 0
205.129 205.379 67.0 有 0
205.379 205.629 66.0 去 0
205.629 206.129 57.0 无 0
206.129 206.629 57.0 回 0
206.629 206.856 59.0 的 0
206.856 207.083 59.0 旅 0
207.106 207.379 62.0 - 0
207.379 207.629 62.0 行 1
207.802 208.052 62.0 好 0
208.052 208.302 67.0 的 0
208.302 208.552 66.0 坏 0
208.552 209.052 67.0 的 0
209.302 209.552 57.0 都 0
209.552 209.779 59.0 是 0
209.779 210.552 66.0 风 0
210.552 210.802 64.0 景 0
210.802 211.302 62.0 - 1
211.914 212.164 62.0 别 0
212.164 212.414 64.0 怪 0
212.414 212.664 62.0 我 0
212.664 213.141 64.0 贪 0
213.141 213.368 64.0 心 0
213.391 213.664 67.0 - 0
213.914 214.164 62.0 只 0
214.164 214.414 64.0 是 0
214.414 214.664 71.0 不 0
214.664 215.164 69.0 愿 0
215.164 215.664 67.0 醒 1
215.893 216.143 62.0 因 0
216.143 216.37 64.0 为 0
216.37 216.597 69.0 你 0
216.62 216.893 71.0 - 0
216.893 217.143 62.0 只 0
217.143 217.37 64.0 为 0
217.37 217.597 69.0 你 0
217.62 217.893 71.0 - 0
217.893 218.143 62.0 愿 0
218.143 218.393 64.0 和 0
218.393 218.643 71.0 我 0
218.643 219.12 67.0 一 0
219.12 219.347 67.0 起 0
219.37 219.643 69.0 - 1
221.636 222.136 67.0 看 0
222.136 222.386 57.0 云 0
222.386 222.636 59.0 淡 0
222.801 223.051 66.0 风 0
223.051 224.738 67.0 轻 1
