32.712 32.944 53.0 我 0
32.944 34.107 53.0 - 0
34.34 34.689 55.0 来 0
34.805 35.037 57.0 自 0
35.037 35.735 60.0 偶 0
36.433 36.665 57.0 然 0
36.665 37.596 65.0 像 0
38.061 38.41 64.0 一 0
38.526 38.991 62.0 颗 0
38.991 39.456 60.0 尘 0
40.951 41.42 62.0 土 0
41.42 41.889 62.0 有 0
41.889 42.357 60.0 谁 0
42.357 42.826 60.0 看 0
43.295 43.646 53.0 出 0
43.646 43.998 55.0 我 0
43.998 44.467 57.0 的 0
44.467 44.701 55.0 脆 0
44.701 46.107 55.0 - 0
47.747 47.981 53.0 弱 0
47.981 49.153 53.0 我 0
49.388 49.856 55.0 来 0
49.856 50.325 57.0 自 0
50.325 50.794 60.0 何 0
51.497 51.731 57.0 方 0
51.731 53.138 65.0 我 0
53.138 53.606 67.0 情 0
53.606 54.075 65.0 归 0
54.075 54.544 60.0 何 0
55.18 55.414 55.0 处 0
55.414 56.352 55.0 谁 0
56.821 57.055 55.0 在 0
57.055 57.289 60.0 下 0
57.289 58.227 60.0 一 0
58.696 58.93 55.0 刻 0
58.93 59.516 57.0 呼 0
59.516 61.039 53.0 唤 0
63.04 63.509 55.0 我 0
63.509 64.329 55.0 天 0
64.446 64.915 53.0 地 0
64.915 65.736 55.0 虽 0
66.321 66.556 53.0 宽 0
66.556 66.79 55.0 这 0
66.79 68.079 57.0 条 0
68.196 68.431 57.0 路 0
68.431 68.665 55.0 却 0
68.665 69.603 57.0 难 0
70.225 70.459 53.0 走 0
70.459 70.928 55.0 我 0
70.928 71.397 55.0 看 0
71.397 71.865 55.0 遍 0
71.865 72.334 53.0 这 0
72.334 73.037 55.0 人 0
73.272 74.092 62.0 间 0
74.209 74.678 60.0 坎 0
74.678 75.147 57.0 坷 0
75.147 76.553 57.0 辛 0
77.992 78.227 57.0 苦 0
78.227 78.695 60.0 我 0
78.695 78.93 60.0 还 0
78.93 79.398 60.0 有 0
79.398 79.867 57.0 多 0
79.867 80.805 60.0 少 0
81.742 81.977 57.0 爱 0
81.977 82.445 65.0 我 0
82.445 82.68 65.0 还 0
82.68 83.148 65.0 有 0
83.148 83.5 57.0 多 0
83.617 84.438 62.0 少 0
85.537 86.006 62.0 泪 0
86.006 86.475 62.0 要 0
86.475 86.943 62.0 苍 0
86.943 87.412 60.0 天 0
87.412 87.998 62.0 知 0
88.35 88.584 62.0 道 0
88.584 88.818 65.0 我 0
89.053 89.287 62.0 不 0
89.287 92.1 67.0 认 0
93.076 93.545 60.0 输 0
93.545 94.482 69.0 感 0
94.482 94.951 67.0 恩 0
94.951 96.826 69.0 的 0
96.826 97.295 57.0 心 0
97.295 98.232 65.0 感 0
98.232 98.467 64.0 谢 0
98.467 99.624 62.0 有 0
100.501 100.963 62.0 你 0
100.963 101.886 67.0 伴 0
101.886 102.348 65.0 我 0
102.348 103.271 67.0 一 0
103.732 103.963 62.0 生 0
103.963 104.194 65.0 让 0
104.194 104.655 67.0 我 0
104.655 104.886 67.0 有 0
104.886 105.117 67.0 勇 0
105.117 105.578 67.0 气 0
105.578 105.809 65.0 作 0
105.809 106.271 69.0 我 0
106.271 107.424 67.0 自 0
107.892 108.354 60.0 己 0
108.354 109.277 69.0 感 0
109.277 109.507 67.0 恩 0
109.507 111.123 69.0 的 0
111.584 112.046 57.0 心 0
112.046 112.969 65.0 感 0
112.969 113.2 64.0 谢 0
113.2 114.354 62.0 命 0
115.031 115.262 60.0 运 0
115.262 115.723 62.0 花 0
115.723 115.954 65.0 开 0
115.954 116.646 65.0 花 0
116.877 117.108 67.0 落 0
117.108 117.569 69.0 我 0
117.569 118.031 67.0 一 0
118.492 118.954 65.0 样 0
118.954 119.415 64.0 会 0
119.415 122.647 65.0 珍 0
145.256 145.487 53.0 惜 0
145.487 146.525 53.0 我 0
146.872 147.333 55.0 来 0
147.333 147.564 57.0 自 0
147.564 148.256 60.0 偶 0
148.948 149.179 57.0 然 0
149.179 150.102 65.0 像 0
150.564 150.91 64.0 一 0
151.025 151.487 62.0 颗 0
151.487 151.948 60.0 尘 0
153.269 153.731 62.0 土 0
153.731 154.192 62.0 有 0
154.192 154.538 60.0 谁 0
154.654 155.231 60.0 看 0
155.577 155.923 53.0 出 0
155.923 156.269 55.0 我 0
156.269 156.731 57.0 的 0
156.731 156.961 55.0 脆 0
156.961 158.346 55.0 - 0
159.945 160.176 53.0 弱 0
160.176 161.33 53.0 我 0
161.561 162.022 55.0 来 0
162.022 162.484 57.0 自 0
162.484 162.945 60.0 何 0
163.638 163.868 57.0 方 0
163.868 165.253 65.0 我 0
165.253 165.715 67.0 情 0
165.715 166.176 65.0 归 0
166.176 166.638 60.0 何 0
167.407 167.638 57.0 处 0
167.638 168.561 55.0 谁 0
169.022 169.253 55.0 在 0
169.253 169.484 60.0 下 0
169.484 170.407 60.0 一 0
170.638 171.099 55.0 刻 0
171.099 171.676 57.0 呼 0
171.676 173.176 53.0 唤 0
175.082 175.544 55.0 我 0
175.544 176.352 55.0 天 0
176.467 176.698 53.0 地 0
176.698 177.852 55.0 虽 0
178.313 178.544 53.0 宽 0
178.544 178.775 55.0 这 0
178.775 180.044 57.0 条 0
180.159 180.39 57.0 路 0
180.39 180.621 55.0 却 0
180.621 181.544 57.0 难 0
182.27 182.501 53.0 走 0
182.501 182.956 55.0 我 0
182.956 183.41 55.0 看 0
183.41 183.865 55.0 遍 0
183.865 184.319 53.0 这 0
184.319 184.887 55.0 人 0
185.228 186.024 62.0 间 0
186.137 186.59 60.0 坎 0
186.59 187.042 60.0 坷 0
187.042 188.4 57.0 辛 0
189.678 189.912 57.0 苦 0
189.912 190.379 60.0 我 0
190.379 190.613 60.0 还 0
190.613 191.08 60.0 有 0
191.08 191.547 57.0 多 0
191.547 192.482 60.0 少 0
193.417 193.653 57.0 爱 0
193.653 194.125 65.0 我 0
194.125 194.362 65.0 还 0
194.362 194.834 65.0 有 0
194.834 195.306 57.0 多 0
195.306 196.133 62.0 少 0
197.123 197.596 62.0 泪 0
197.596 198.068 62.0 要 0
198.068 198.54 62.0 苍 0
198.54 198.777 60.0 天 0
198.777 199.603 62.0 知 0
199.958 200.194 62.0 道 0
200.194 200.43 65.0 我 0
200.666 200.903 62.0 不 0
200.903 203.693 67.0 认 0
204.79 205.255 60.0 输 0
205.255 206.185 69.0 感 0
206.301 206.65 67.0 恩 0
206.65 208.511 69.0 的 0
208.511 208.976 57.0 心 0
208.976 209.906 65.0 感 0
209.906 210.138 64.0 谢 0
210.138 211.301 62.0 有 0
212.131 212.597 62.0 你 0
212.597 213.527 67.0 伴 0
213.527 213.992 65.0 我 0
213.992 214.922 67.0 一 0
215.387 215.62 62.0 生 0
215.62 215.852 65.0 让 0
215.852 216.312 67.0 我 0
216.312 216.542 67.0 有 0
216.542 216.771 67.0 勇 0
216.771 217.231 67.0 气 0
217.231 217.461 65.0 作 0
217.461 217.92 69.0 我 0
217.92 219.069 67.0 自 0
219.512 219.973 60.0 己 0
219.973 220.897 69.0 感 0
220.897 221.127 67.0 恩 0
221.127 222.743 69.0 的 0
223.204 223.666 57.0 心 0
223.666 224.589 65.0 感 0
224.589 224.82 64.0 谢 0
224.82 225.974 62.0 命 0
226.638 226.869 60.0 运 0
226.869 227.33 62.0 花 0
227.33 227.561 65.0 开 0
227.561 228.253 65.0 花 0
228.484 228.715 67.0 落 0
228.715 229.176 69.0 我 0
229.176 229.638 67.0 一 0
230.099 230.561 65.0 样 0
230.561 231.022 64.0 会 0
231.022 234.253 65.0 珍 0
234.303 234.772 60.0 惜 0
234.772 235.709 69.0 感 0
235.709 236.178 67.0 恩 0
236.178 238.053 69.0 的 0
238.053 238.522 57.0 心 0
238.522 239.459 65.0 感 0
239.459 239.694 64.0 谢 0
239.694 240.851 62.0 有 0
241.866 242.328 62.0 你 0
242.328 243.251 67.0 伴 0
243.251 243.712 65.0 我 0
243.712 244.636 67.0 一 0
245.097 245.328 62.0 生 0
245.328 245.559 65.0 让 0
245.559 246.02 67.0 我 0
246.02 246.251 67.0 有 0
246.251 246.482 67.0 勇 0
246.482 246.943 67.0 气 0
246.943 247.174 65.0 作 0
247.174 247.636 69.0 我 0
247.636 248.789 67.0 自 0
249.072 249.533 60.0 己 0
249.533 250.457 69.0 感 0
250.457 250.687 67.0 恩 0
250.687 252.303 69.0 的 0
252.764 253.226 57.0 心 0
253.226 254.149 65.0 感 0
254.149 254.38 64.0 谢 0
254.38 255.533 62.0 命 0
256.18 256.526 60.0 运 0
256.642 257.103 62.0 花 0
257.103 257.334 65.0 开 0
257.334 258.026 65.0 花 0
258.257 258.488 67.0 落 0
258.488 258.949 69.0 我 0
258.949 259.411 67.0 一 0
259.872 260.334 65.0 样 0
260.334 260.795 64.0 会 0
260.795 263.103 65.0 珍 0
263.439 263.785 60.0 惜 0
263.9 264.362 62.0 花 0
264.362 264.592 65.0 开 0
264.592 265.285 65.0 花 0
265.516 265.746 67.0 落 0
265.746 266.208 69.0 我 0
266.208 266.669 67.0 一 0
267.131 267.592 65.0 样 0
267.592 268.054 64.0 会 0
268.054 272.208 65.0 珍 0
