12.733 12.9 61.0 轻 0
12.9 13.067 63.0 轻 0
13.067 13.233 66.0 贴 0
13.233 13.4 68.0 近 0
13.4 13.733 70.0 你 0
13.733 14.067 66.0 的 0
14.067 14.4 63.0 耳 0
14.4 15.067 68.0 朵 1
15.983 16.316 68.0 莎 0
16.316 16.649 65.0 朗 0
16.649 16.983 61.0 嘿 0
16.983 17.649 66.0 哟 1
18.059 18.225 61.0 情 0
18.225 18.392 63.0 话 0
18.392 18.559 66.0 永 0
18.559 18.725 68.0 远 0
18.725 19.059 70.0 不 0
19.059 19.392 66.0 嫌 0
19.392 19.725 63.0 太 0
19.725 20.392 68.0 多 1
20.421 20.754 61.0 对 0
20.754 21.088 68.0 你 0
21.088 22.088 66.0 说 1
23.925 24.258 66.0 一 0
24.591 24.925 66.0 全 0
25.258 25.591 65.0 听 0
25.591 25.758 66.0 你 0
25.758 26.258 65.0 的 1
26.743 27.077 65.0 二 0
27.077 27.243 66.0 给 0
27.243 27.577 65.0 你 0
27.577 27.91 61.0 好 0
27.91 28.577 63.0 的 1
29.017 29.183 63.0 数 0
29.183 29.35 65.0 到 0
29.35 29.683 66.0 三 0
30.017 30.35 66.0 永 0
30.683 31.017 65.0 远 0
31.017 31.183 66.0 爱 0
31.183 31.35 65.0 你 0
31.517 31.85 63.0 一 0
31.85 32.35 61.0 个 1
34.591 34.925 66.0 四 0
35.258 35.591 66.0 不 0
35.925 36.258 68.0 会 0
36.258 36.425 70.0 犯 0
36.425 36.758 68.0 错 1
37.246 37.579 68.0 五 0
37.579 37.746 70.0 不 0
37.746 38.079 68.0 会 0
38.079 38.413 65.0  0
38.413 39.246 66.0 嗦 1
39.642 39.809 61.0 每 0
39.809 39.976 63.0 天 0
39.976 40.309 66.0 为 0
40.309 40.476 70.0 你 0
40.476 40.809 68.0 打 0
40.809 41.309 66.0 call 1
41.423 41.923 68.0 cook 0
41.923 42.256 68.0 也 0
42.423 42.59 65.0 不 0
42.59 43.09 66.0 错 1
44.649 44.816 61.0 轻 0
44.816 44.983 63.0 轻 0
44.983 45.149 66.0 贴 0
45.149 45.316 68.0 近 0
45.316 45.649 70.0 你 0
45.649 45.983 66.0 的 0
45.983 46.316 63.0 耳 0
46.316 46.983 68.0 朵 1
48.092 48.425 68.0 莎 0
48.425 48.758 65.0 朗 0
48.758 49.092 61.0 嘿 0
49.092 49.758 66.0 哟 1
49.954 50.12 61.0 情 0
50.12 50.287 63.0 话 0
50.287 50.454 66.0 永 0
50.454 50.62 68.0 远 0
50.62 50.954 70.0 不 0
50.954 51.287 66.0 嫌 0
51.287 51.62 63.0 太 0
51.62 52.287 68.0 多 1
52.317 52.65 61.0 对 0
52.65 52.984 68.0 你 0
52.984 53.317 68.0 说 0
53.317 53.984 70.0 - 1
55.42 55.587 61.0 打 0
55.587 55.753 63.0 开 0
55.753 55.92 66.0 你 0
55.92 56.087 68.0 的 0
56.087 56.42 70.0 爱 0
56.42 56.753 66.0 情 0
56.753 57.087 63.0 手 0
57.087 57.753 68.0 册 1
58.643 58.977 68.0 就 0
58.977 59.31 65.0 在 0
59.31 59.643 61.0 此 0
59.643 60.31 66.0 刻 1
60.648 60.815 61.0 为 0
60.815 60.982 63.0 你 0
60.982 61.148 66.0 唱 0
61.148 61.315 68.0 的 0
61.315 61.648 70.0 专 0
61.648 61.982 66.0 属 0
61.982 62.315 63.0 情 0
62.315 62.982 68.0 歌 1
63.042 63.375 61.0 要 0
63.375 63.708 68.0 记 0
63.708 64.708 66.0 得 1
77.326 77.993 66.0 说 0
77.993 78.326 66.0 你 0
78.659 78.993 65.0 想 0
78.993 79.159 66.0 说 0
79.159 79.659 65.0 的 1
80.025 80.358 65.0 做 0
80.358 80.525 66.0 你 0
80.525 80.691 65.0 想 0
80.858 81.191 66.0 做 0
81.191 82.025 63.0 的 1
82.255 82.422 63.0 别 0
82.422 82.588 65.0 怕 0
82.588 83.255 66.0 失 0
83.255 83.588 66.0 败 0
83.922 84.255 65.0 因 0
84.255 84.422 66.0 为 0
84.422 84.755 65.0 你 0
84.755 85.088 63.0 有 0
85.088 85.755 61.0 我 1
87.905 88.571 66.0 陪 0
88.571 88.905 66.0 你 0
89.238 89.571 68.0 看 0
89.571 89.738 70.0 日 0
89.738 90.238 68.0 落 1
90.587 90.921 66.0 陪 0
90.921 91.087 70.0 你 0
91.087 91.254 68.0 等 0
91.421 91.754 65.0 雨 0
91.754 92.587 66.0 过 1
92.956 93.122 61.0 陪 0
93.122 93.289 63.0 你 0
93.289 93.622 66.0 一 0
93.622 93.789 68.0 起 0
93.789 94.122 68.0 唱 0
94.122 94.622 66.0 完 1
94.658 94.992 66.0 我 0
94.992 95.158 70.0 们 0
95.158 95.658 68.0 爱 0
95.658 95.992 66.0 的 0
95.992 96.992 66.0 歌 1
98.022 98.188 61.0 轻 0
98.188 98.355 63.0 轻 0
98.355 98.522 66.0 贴 0
98.522 98.688 68.0 近 0
98.688 99.022 70.0 你 0
99.022 99.355 66.0 的 0
99.355 99.688 63.0 耳 0
99.688 100.355 68.0 朵 1
101.369 101.702 68.0 莎 0
101.702 102.036 65.0 朗 0
102.036 102.369 61.0 嘿 0
102.369 102.702 65.0 哟 0
102.702 103.036 66.0 - 1
103.26 103.427 61.0 情 0
103.427 103.593 63.0 话 0
103.593 103.76 66.0 永 0
103.76 103.927 68.0 远 0
103.927 104.26 70.0 不 0
104.26 104.593 66.0 嫌 0
104.593 104.927 63.0 太 0
104.927 105.593 68.0 多 1
105.664 105.998 61.0 对 0
105.998 106.331 68.0 你 0
106.331 106.664 68.0 说 0
106.664 107.331 70.0 - 1
108.748 108.915 61.0 打 0
108.915 109.082 63.0 开 0
109.082 109.248 66.0 你 0
109.248 109.415 68.0 的 0
109.415 109.748 70.0 爱 0
109.748 110.082 66.0 情 0
110.082 110.415 63.0 手 0
110.415 111.082 68.0 册 1
112.094 112.427 68.0 就 0
112.427 112.76 65.0 在 0
112.76 113.094 61.0 此 0
113.094 113.76 66.0 刻 1
113.986 114.152 61.0 为 0
114.152 114.319 63.0 你 0
114.319 114.486 66.0 唱 0
114.486 114.652 68.0 的 0
114.652 114.986 70.0 专 0
114.986 115.319 66.0 属 0
115.319 115.652 63.0 情 0
115.652 116.319 68.0 歌 1
116.359 116.692 61.0 要 0
116.692 117.026 68.0 记 0
117.026 118.026 66.0 得 1
140.419 140.752 61.0 我 0
140.752 141.086 66.0 靠 0
141.086 141.419 68.0 近 0
141.419 141.752 70.0 你 0
141.752 142.086 66.0 的 0
142.086 142.419 63.0 耳 0
142.419 142.752 66.0 朵 0
142.752 143.086 68.0 - 1
144.011 144.344 68.0 莎 0
144.344 144.677 65.0 朗 0
144.677 145.011 61.0 嘿 0
145.011 145.344 65.0 哟 0
145.344 145.677 66.0 - 1
146.632 148.632 70.0 呼 0
148.632 150.632 70.0 - 1
151.335 151.502 61.0 打 0
151.502 151.668 63.0 开 0
151.668 151.835 66.0 你 0
151.835 152.002 68.0 的 0
152.002 152.335 70.0 爱 0
152.335 152.668 66.0 情 0
152.668 153.002 63.0 手 0
153.002 153.668 68.0 册 1
154.703 155.037 68.0 就 0
155.037 155.37 65.0 在 0
155.37 155.703 61.0 此 0
155.703 156.37 66.0 刻 1
156.595 156.762 61.0 为 0
156.762 156.929 63.0 你 0
156.929 157.095 66.0 唱 0
157.095 157.262 68.0 的 0
157.262 157.595 70.0 专 0
157.595 157.929 66.0 属 0
157.929 158.262 63.0 情 0
158.262 158.929 68.0 歌 1
159.058 159.391 61.0 要 0
159.391 159.724 68.0 记 0
159.724 160.724 66.0 得 1
172.624 172.791 61.0 打 0
172.791 172.958 63.0 开 0
172.958 173.124 66.0 你 0
173.124 173.291 68.0 的 0
173.291 173.624 70.0 爱 0
173.624 173.958 66.0 情 0
173.958 174.291 63.0 手 0
174.291 174.791 69.0 册 0
174.791 175.791 68.0 - 1
176.012 176.345 73.0 就 0
176.345 176.678 71.0 在 0
176.678 176.928 70.0 这 0
176.928 177.178 68.0 一 0
177.178 178.012 66.0 刻 1
178.028 178.361 66.0 这 0
178.361 178.694 68.0 首 0
178.694 179.028 70.0 专 0
179.028 179.361 66.0 属 0
179.361 179.694 63.0 情 0
179.694 180.361 68.0 歌 1
180.424 180.757 61.0 请 0
180.757 181.091 68.0 记 0
181.091 181.591 70.0 得 0
181.591 182.757 66.0 - 1
