15.875 16.271 66.0 忽 0
16.271 16.668 67.0 然 0
16.668 16.931 66.0 之 0
16.931 18.013 64.0 间 1
19.597 19.887 66.0 天 0
19.887 20.177 67.0 昏 0
20.177 20.466 66.0 地 0
20.466 21.336 64.0 暗 1
22.925 23.215 66.0 世 0
23.215 23.505 67.0 界 0
23.505 23.795 66.0 可 0
23.795 24.229 62.0 以 0
24.229 24.447 62.0 忽 0
24.447 24.882 57.0 然 1
24.945 25.379 55.0 什 0
25.379 25.597 54.0 么 0
25.597 26.032 55.0 都 0
26.032 26.249 62.0 没 0
26.249 27.336 62.0 有 1
29.754 29.972 57.0 我 0
29.972 30.298 66.0 想 0
30.298 30.624 67.0 起 0
30.624 30.841 66.0 了 0
30.841 31.711 64.0 你 1
33.138 33.356 57.0 再 0
33.356 33.646 66.0 想 0
33.646 33.936 67.0 到 0
33.936 34.225 66.0 自 0
34.225 35.095 64.0 己 1
36.429 36.647 57.0 我 0
36.647 36.864 57.0 为 0
36.864 37.082 66.0 什 0
37.082 37.516 67.0 么 0
37.516 37.734 66.0 总 0
37.734 38.168 62.0 在 1
38.244 38.462 62.0 非 0
38.462 38.897 57.0 常 0
38.897 39.331 55.0 脆 0
39.331 39.549 54.0 弱 0
39.549 39.984 55.0 的 0
39.984 40.201 62.0 时 0
40.201 41.288 62.0 候 1
42.227 42.661 57.0 怀 0
42.661 43.096 64.0 念 0
43.096 43.966 62.0 你 1
45.553 45.988 66.0 我 0
45.988 46.422 67.0 明 0
46.422 47.292 69.0 白 1
47.356 47.791 66.0 太 0
47.791 48.008 67.0 放 0
48.008 48.443 69.0 不 0
48.443 49.095 67.0 开 0
49.095 49.53 66.0 你 0
49.53 49.747 64.0 的 0
49.747 49.965 64.0 爱 0
49.965 50.399 66.0 - 1
50.857 51.292 62.0 太 0
51.292 51.509 64.0 熟 0
51.509 51.944 66.0 悉 0
51.944 52.596 64.0 你 0
52.596 53.031 62.0 的 0
53.031 53.248 61.0 关 0
53.248 53.901 62.0 怀 1
54.32 54.755 62.0 分 0
54.755 54.973 62.0 不 0
54.973 55.625 69.0 开 1
56.099 56.533 62.0 想 0
56.533 56.751 62.0 你 0
56.751 57.186 67.0 算 0
57.186 57.403 66.0 是 0
57.403 57.62 67.0 安 0
57.62 57.838 66.0 慰 0
57.838 58.055 67.0 还 0
58.055 58.49 69.0 是 0
58.49 58.707 64.0 悲 0
58.707 59.577 64.0 哀 1
59.606 59.896 66.0 而 0
59.896 60.258 67.0 现 0
60.258 61.345 69.0 在 1
61.363 61.798 66.0 就 0
61.798 62.015 67.0 算 0
62.015 62.45 69.0 时 0
62.45 63.102 67.0 针 0
63.102 63.537 66.0 都 0
63.537 63.754 64.0 停 0
63.754 64.841 66.0 摆 1
64.844 65.279 62.0 就 0
65.279 65.496 64.0 算 0
65.496 65.931 66.0 生 0
65.931 66.583 64.0 命 0
66.583 67.018 62.0 像 0
67.018 67.236 61.0 尘 0
67.236 68.322 62.0 埃 1
68.329 68.764 62.0 分 0
68.764 68.982 62.0 不 0
68.982 69.634 69.0 开 1
70.012 70.446 62.0 我 0
70.446 70.664 62.0 们 0
70.664 71.099 67.0 也 0
71.099 71.316 66.0 许 0
71.316 71.533 67.0 反 0
71.533 71.751 59.0 而 0
71.751 72.186 66.0 更 0
72.186 72.62 64.0 相 0
72.62 73.055 62.0 信 0
73.055 74.359 62.0 爱 1
87.065 87.282 57.0 如 0
87.282 87.572 66.0 果 0
87.572 87.862 67.0 这 0
87.862 88.369 66.0 天 0
88.369 89.021 64.0 地 0
90.543 90.76 57.0 最 0
90.76 91.05 66.0 终 0
91.05 91.34 67.0 会 0
91.34 91.63 66.0 消 0
91.63 92.499 64.0 失 1
94.242 94.46 66.0 不 0
94.46 94.895 67.0 想 0
94.895 95.112 66.0 一 0
95.112 95.547 62.0 路 0
95.547 95.764 62.0 走 0
95.764 96.199 57.0 来 0
96.199 96.634 55.0 珍 0
96.634 96.851 54.0 惜 0
96.851 97.286 55.0 的 0
97.286 97.503 60.0 回 0
97.503 98.59 62.0 忆 1
99.595 100.03 57.0 没 0
100.03 100.464 64.0 有 0
100.464 101.334 62.0 你 1
103.077 103.512 66.0 我 0
103.512 103.947 67.0 明 0
103.947 104.816 69.0 白 1
104.828 105.263 66.0 太 0
105.263 105.48 67.0 放 0
105.48 105.915 69.0 不 0
105.915 106.567 67.0 开 0
106.567 107.002 66.0 你 0
107.002 107.22 64.0 的 0
107.22 107.872 66.0 爱 1
108.265 108.7 62.0 太 0
108.7 108.918 64.0 熟 0
108.918 109.352 66.0 悉 0
109.352 110.005 64.0 你 0
110.005 110.439 62.0 的 0
110.439 110.657 61.0 关 0
110.657 110.874 61.0 怀 0
110.874 111.309 62.0 - 1
111.791 112.226 62.0 分 0
112.226 112.443 62.0 不 0
112.443 113.095 69.0 开 1
113.355 113.79 62.0 想 0
113.79 114.007 62.0 你 0
114.007 114.442 67.0 算 0
114.442 114.659 66.0 是 0
114.659 114.877 67.0 安 0
114.877 115.094 66.0 慰 0
115.094 115.311 67.0 还 0
115.311 115.746 69.0 是 0
115.746 115.964 64.0 悲 0
115.964 116.833 64.0 哀 1
116.837 117.272 66.0 而 0
117.272 117.489 67.0 现 0
117.489 118.576 69.0 在 1
118.612 119.047 66.0 就 0
119.047 119.264 67.0 算 0
119.264 119.699 67.0 时 0
119.699 120.351 67.0 针 0
120.351 120.786 66.0 都 0
120.786 121.004 64.0 停 0
121.004 122.091 66.0 摆 1
122.194 122.628 62.0 就 0
122.628 122.846 64.0 算 0
122.846 123.28 64.0 生 0
123.28 123.933 64.0 命 0
123.933 124.367 62.0 像 0
124.367 124.585 61.0 尘 0
124.585 125.672 62.0 埃 1
125.681 126.116 62.0 分 0
126.116 126.333 62.0 不 0
126.333 126.985 69.0 开 1
127.385 127.82 62.0 我 0
127.82 128.037 62.0 们 0
128.037 128.472 67.0 也 0
128.472 128.689 66.0 许 0
128.689 128.907 67.0 反 0
128.907 129.124 59.0 而 0
129.124 129.559 66.0 更 0
129.559 129.994 64.0 相 0
129.994 130.428 62.0 信 0
130.428 131.733 62.0 爱 1
156.857 157.292 66.0 我 0
157.292 157.509 67.0 明 0
157.509 158.596 69.0 白 1
158.608 159.043 66.0 太 0
159.043 159.26 67.0 放 0
159.26 159.695 69.0 不 0
159.695 160.347 67.0 开 0
160.347 160.782 66.0 你 0
160.782 161.0 64.0 的 0
161.0 161.217 64.0 爱 0
161.217 161.652 66.0 - 1
162.104 162.539 62.0 太 0
162.539 162.757 64.0 熟 0
162.757 163.191 66.0 悉 0
163.191 163.844 64.0 你 0
163.844 164.278 62.0 的 0
164.278 164.496 61.0 关 0
164.496 165.148 62.0 怀 1
165.652 166.087 62.0 分 0
166.087 166.304 62.0 不 0
166.304 166.956 69.0 开 1
167.304 167.739 62.0 想 0
167.739 167.956 62.0 你 0
167.956 168.391 67.0 算 0
168.391 168.608 66.0 是 0
168.608 168.826 67.0 安 0
168.826 169.043 66.0 慰 0
169.043 169.26 67.0 还 0
169.26 169.695 69.0 是 0
169.695 169.913 66.0 悲 0
169.913 170.782 64.0 哀 1
170.9 171.335 66.0 而 0
171.335 171.552 67.0 现 0
171.552 172.639 69.0 在 1
172.652 173.087 66.0 就 0
173.087 173.304 67.0 算 0
173.304 173.739 69.0 时 0
173.739 174.391 67.0 针 0
174.391 174.826 66.0 都 0
174.826 175.261 64.0 停 0
175.261 175.696 66.0 摆 1
175.979 176.413 62.0 就 0
176.413 176.631 64.0 算 0
176.631 177.065 64.0 生 0
177.065 177.718 64.0 命 0
177.718 178.152 62.0 像 0
178.152 178.37 61.0 尘 0
178.37 179.457 62.0 埃 1
179.559 179.994 62.0 分 0
179.994 180.211 62.0 不 0
180.211 180.863 69.0 开 1
181.196 181.631 62.0 我 0
181.631 181.848 62.0 们 0
181.848 182.283 67.0 也 0
182.283 182.5 66.0 许 0
182.5 182.718 67.0 反 0
182.718 182.935 59.0 而 0
182.935 183.37 66.0 更 0
183.37 183.805 64.0 相 0
183.805 184.239 62.0 信 0
184.239 185.544 62.0 爱 1
