32.199 32.675 56.0 滚 0
32.675 33.151 63.0 滚 0
33.151 33.628 63.0 红 0
33.628 34.104 61.0 尘 0
34.104 34.58 61.0 中 0
34.58 35.532 63.0 - 0
36.009 36.485 58.0 谢 0
36.485 36.723 58.0 谢 0
36.723 36.961 58.0 你 0
36.961 37.437 56.0 曾 0
37.437 37.913 54.0 陪 0
37.913 38.866 56.0 我 1
39.75 40.226 56.0 陪 0
40.226 40.702 61.0 我 0
40.702 41.179 61.0 走 0
41.179 41.655 59.0 过 0
41.655 42.131 61.0 那 0
42.131 42.607 59.0 么 0
42.607 43.083 56.0 多 0
43.56 44.036 59.0 日 0
44.036 44.512 56.0 出 0
44.512 44.988 59.0 日 0
44.988 45.464 61.0 - 0
45.464 46.417 63.0 落 1
47.286 47.762 63.0 岁 0
47.762 48.239 66.0 月 0
48.239 48.715 68.0 - 0
48.715 49.191 61.0 漫 0
49.191 50.619 61.0 长 0
51.096 51.572 63.0 不 0
51.572 52.048 66.0 辜 0
52.048 52.524 61.0 负 0
52.524 53.0 61.0 相 0
53.0 54.548 59.0 望 1
54.976 55.214 59.0 天 0
55.214 55.69 61.0 - 0
55.69 55.929 61.0 涯 0
55.929 56.405 61.0 海 0
56.405 56.881 56.0 角 0
56.881 57.357 61.0 相 0
57.357 57.833 61.0 守 0
57.833 58.429 61.0 到 0
58.786 59.262 54.0 地 0
59.262 60.214 51.0 老 0
60.214 60.69 54.0 天 0
60.69 61.643 56.0 荒 1
62.542 63.018 56.0 注 0
63.018 63.495 63.0 定 0
63.495 63.971 63.0 不 0
63.971 64.209 63.0 能 0
64.209 64.447 61.0 爱 0
64.447 64.923 61.0 你 0
64.923 65.876 63.0 - 0
66.352 66.828 58.0 不 0
66.828 67.304 58.0 能 0
67.304 67.78 56.0 在 0
67.78 68.256 54.0 一 0
68.256 69.209 56.0 起 1
70.245 70.721 56.0 这 0
70.721 70.96 61.0 辈 0
70.96 71.198 61.0 子 0
71.198 71.674 61.0 注 0
71.674 72.15 59.0 定 0
72.15 72.626 61.0 只 0
72.626 73.102 59.0 - 0
73.102 73.579 56.0 能 0
74.055 74.531 59.0 暖 0
74.531 75.007 56.0 你 0
75.007 75.483 59.0 在 0
75.483 75.96 61.0 心 0
75.96 76.912 63.0 底 1
77.786 78.262 63.0 每 0
78.262 78.739 68.0 天 0
78.739 79.215 68.0 会 0
79.215 79.691 61.0 想 0
79.691 81.12 61.0 你 0
81.596 82.072 63.0 每 0
82.072 82.548 66.0 天 0
82.548 83.024 66.0 会 0
83.024 83.501 63.0 念 0
83.501 85.048 59.0 你 1
85.403 85.641 59.0 日 0
85.641 86.118 61.0 - 0
86.118 86.356 61.0 思 0
86.356 86.832 61.0 夜 0
86.832 87.308 56.0 想 0
87.308 87.784 61.0 却 0
87.784 88.26 61.0 只 0
88.26 88.856 61.0 能 0
89.213 89.689 63.0 拥 0
89.689 90.165 66.0 你 0
90.165 90.641 66.0 在 0
90.641 91.118 63.0 梦 0
91.118 92.546 68.0 里 1
93.132 93.609 63.0 不 0
93.609 94.085 66.0 管 0
94.085 94.561 68.0 你 0
94.561 95.037 66.0 在 0
95.037 96.942 68.0 哪 0
96.942 97.418 63.0 不 0
97.418 97.894 70.0 管 0
97.894 98.37 68.0 风 0
98.37 98.609 66.0 吹 0
98.609 98.847 68.0 雨 0
98.847 99.323 66.0 打 0
99.323 100.275 63.0 - 1
100.765 101.242 56.0 这 0
101.242 101.718 61.0 一 0
101.718 102.194 61.0 生 0
102.194 102.67 59.0 的 0
102.67 103.146 61.0 温 0
103.146 103.623 56.0 - 0
103.623 104.218 56.0 暖 0
104.575 105.051 66.0 只 0
105.051 105.527 66.0 为 0
105.527 106.003 66.0 你 0
106.003 106.48 61.0 留 0
106.48 107.908 63.0 下 1
108.347 108.824 63.0 等 0
108.824 109.3 66.0 到 0
109.3 109.776 66.0 雪 0
109.776 110.252 63.0 融 0
110.252 112.157 61.0 化 0
112.157 112.633 63.0 等 0
112.633 113.109 63.0 到 0
113.109 113.586 63.0 柳 0
113.586 113.943 61.0 树 0
113.943 114.3 63.0 发 0
114.3 114.538 59.0 - 0
114.538 115.252 59.0 芽 1
115.978 116.217 59.0 我 0
116.217 116.693 61.0 - 0
116.693 116.931 61.0 会 0
116.931 117.407 61.0 陪 0
117.407 117.883 63.0 你 0
117.883 118.359 66.0 红 0
118.359 118.836 63.0 尘 0
118.836 119.431 63.0 中 0
119.788 120.74 61.0 走 0
120.74 121.217 61.0 天 0
121.217 121.693 63.0 - 0
121.693 123.478 56.0 涯 1
153.98 154.456 56.0 滚 0
154.456 154.932 63.0 滚 0
154.932 155.408 63.0 红 0
155.408 155.884 61.0 尘 0
155.884 156.361 61.0 中 0
156.361 157.313 63.0 - 0
157.789 158.265 58.0 谢 0
158.265 158.503 58.0 谢 0
158.503 158.742 58.0 你 0
158.742 159.218 56.0 曾 0
159.218 159.694 54.0 陪 0
159.694 160.646 56.0 我 1
161.61 162.086 56.0 陪 0
162.086 162.562 61.0 我 0
162.562 163.038 61.0 走 0
163.038 163.514 59.0 过 0
163.514 163.991 61.0 那 0
163.991 164.467 59.0 么 0
164.467 164.943 56.0 多 0
165.419 165.895 59.0 日 0
165.895 166.372 56.0 出 0
166.372 166.848 59.0 日 0
166.848 167.324 61.0 - 0
167.324 168.276 63.0 落 1
169.248 169.724 63.0 岁 0
169.724 170.676 68.0 月 0
170.676 171.153 63.0 漫 0
171.153 172.581 61.0 长 0
173.057 173.533 63.0 不 0
173.533 174.01 66.0 辜 0
174.01 174.486 61.0 负 0
174.486 174.962 61.0 相 0
174.962 176.51 59.0 望 1
176.918 177.156 59.0 天 0
177.156 177.632 61.0 - 0
177.632 177.87 61.0 涯 0
177.87 178.346 61.0 海 0
178.346 178.823 56.0 角 0
178.823 179.299 61.0 相 0
179.299 179.775 61.0 守 0
179.775 180.37 61.0 到 0
180.727 181.204 54.0 地 0
181.204 182.156 51.0 老 0
182.156 182.632 54.0 天 0
182.632 183.584 56.0 荒 1
184.57 185.046 56.0 注 0
185.046 185.522 63.0 定 0
185.522 185.998 63.0 不 0
185.998 186.237 63.0 能 0
186.237 186.475 61.0 爱 0
186.475 186.951 61.0 你 0
186.951 187.903 63.0 - 0
188.379 188.856 58.0 不 0
188.856 189.332 58.0 能 0
189.332 189.808 56.0 在 0
189.808 190.284 54.0 一 0
190.284 191.237 56.0 起 1
192.149 192.625 56.0 这 0
192.625 192.863 61.0 辈 0
192.863 193.101 61.0 子 0
193.101 193.577 61.0 注 0
193.577 194.054 59.0 定 0
194.054 194.53 61.0 只 0
194.53 195.006 59.0 - 0
195.006 195.482 56.0 能 0
195.958 196.435 59.0 暖 0
196.435 196.911 56.0 你 0
196.911 197.387 59.0 在 0
197.387 197.863 61.0 心 0
197.863 198.816 63.0 底 1
199.697 200.173 63.0 每 0
200.173 200.649 68.0 天 0
200.649 201.125 68.0 会 0
201.125 201.602 61.0 想 0
201.602 203.03 61.0 你 0
203.506 203.983 63.0 每 0
203.983 204.459 66.0 天 0
204.459 204.935 66.0 会 0
204.935 205.411 61.0 念 0
205.411 206.959 59.0 你 1
207.273 207.511 59.0 日 0
207.511 207.987 61.0 - 0
207.987 208.225 61.0 思 0
208.225 208.702 61.0 夜 0
208.702 209.178 56.0 想 0
209.178 209.654 61.0 却 0
209.654 210.13 61.0 只 0
210.13 210.725 61.0 能 0
211.082 211.559 63.0 拥 0
211.559 212.035 66.0 你 0
212.035 212.511 66.0 在 0
212.511 212.987 63.0 梦 0
212.987 214.416 68.0 里 1
214.914 215.39 63.0 不 0
215.39 215.866 66.0 管 0
215.866 216.343 68.0 你 0
216.343 216.819 66.0 在 0
216.819 218.724 68.0 哪 0
218.724 219.2 63.0 不 0
219.2 219.676 70.0 管 0
219.676 220.152 68.0 风 0
220.152 220.39 66.0 吹 0
220.39 220.628 68.0 雨 0
220.628 221.104 66.0 打 0
221.104 222.057 63.0 - 1
222.634 223.11 56.0 这 0
223.11 223.586 61.0 一 0
223.586 224.063 61.0 生 0
224.063 224.539 59.0 的 0
224.539 225.015 61.0 温 0
225.015 225.491 56.0 - 0
225.491 226.086 56.0 暖 0
226.444 226.92 66.0 只 0
226.92 227.396 66.0 为 0
227.396 227.872 66.0 你 0
227.872 228.348 61.0 留 0
228.348 229.777 63.0 下 1
230.155 230.631 63.0 等 0
230.631 231.107 66.0 到 0
231.107 231.584 66.0 雪 0
231.584 232.06 63.0 融 0
232.06 233.965 61.0 化 0
233.965 234.441 63.0 等 0
234.441 234.917 63.0 到 0
234.917 235.393 63.0 柳 0
235.393 235.75 61.0 树 0
235.75 236.107 63.0 发 0
236.107 236.346 59.0 - 0
236.346 237.06 59.0 芽 1
237.879 238.117 59.0 我 0
238.117 238.593 61.0 - 0
238.593 238.832 61.0 会 0
238.832 239.308 61.0 陪 0
239.308 239.784 63.0 你 0
239.784 240.26 66.0 红 0
240.26 240.736 63.0 尘 0
240.736 241.332 63.0 中 0
241.689 242.165 66.0 走 0
242.165 243.117 63.0 - 0
243.117 243.593 71.0 天 0
243.593 245.498 68.0 涯 1
245.524 246.0 63.0 不 0
246.0 246.477 68.0 管 0
246.477 246.953 68.0 你 0
246.953 247.429 66.0 在 0
247.429 249.334 68.0 哪 0
249.334 249.81 63.0 不 0
249.81 250.286 70.0 管 0
250.286 250.762 68.0 风 0
250.762 251.0 66.0 吹 0
251.0 251.238 68.0 雨 0
251.238 251.715 66.0 打 0
251.715 252.667 63.0 - 1
253.154 253.63 56.0 这 0
253.63 254.107 61.0 一 0
254.107 254.583 61.0 生 0
254.583 255.059 59.0 的 0
255.059 255.535 61.0 温 0
255.535 256.011 56.0 - 0
256.011 256.607 56.0 暖 0
256.964 257.44 66.0 只 0
257.44 257.916 66.0 为 0
257.916 258.392 66.0 你 0
258.392 258.868 61.0 留 0
258.868 260.297 63.0 下 1
260.684 261.16 63.0 等 0
261.16 261.637 66.0 到 0
261.637 262.113 66.0 雪 0
262.113 262.589 63.0 融 0
262.589 264.494 61.0 化 0
264.494 264.97 63.0 等 0
264.97 265.446 63.0 到 0
265.446 265.922 63.0 柳 0
265.922 266.279 61.0 树 0
266.279 266.875 63.0 发 0
266.875 267.589 59.0 芽 1
268.277 268.515 59.0 我 0
268.515 268.992 61.0 - 0
268.992 269.23 61.0 会 0
269.23 269.706 61.0 陪 0
269.706 270.182 63.0 你 0
270.182 270.658 66.0 红 0
270.658 271.134 63.0 尘 0
271.134 271.73 63.0 中 0
272.087 273.039 61.0 走 0
273.039 273.515 61.0 天 0
273.515 273.992 63.0 - 0
273.992 275.42 56.0 涯 1
275.961 276.199 59.0 我 0
276.199 276.676 61.0 - 0
276.676 276.914 61.0 会 0
276.914 277.39 61.0 陪 0
277.39 277.866 63.0 你 0
277.866 278.342 66.0 红 0
278.342 278.818 63.0 尘 0
278.818 279.414 63.0 中 0
279.771 280.842 61.0 走 0
280.842 281.676 61.0 天 0
281.676 283.342 63.0 - 0
283.58 286.557 56.0 涯 1
