18.056 19.037 63.0 分 0
19.037 20.019 58.0 手 1
20.342 20.506 56.0 从 0
20.506 20.67 55.0 你 0
20.67 20.997 56.0 口 0
20.997 21.324 56.0 中 0
21.324 21.651 55.0 说 0
21.651 21.979 53.0 出 0
21.979 22.306 55.0 十 0
22.306 22.633 53.0 分 0
22.633 22.96 55.0 冷 0
22.96 23.942 58.0 漠 1
25.804 26.779 58.0 难 0
26.779 27.754 63.0 过 1
28.057 28.22 56.0 沸 0
28.22 28.382 55.0 腾 0
28.382 28.707 56.0 心 0
28.707 29.032 56.0 中 0
29.032 29.357 55.0 然 0
29.357 29.682 53.0 后 0
29.682 30.011 55.0 熄 0
30.011 30.339 53.0 灭 0
30.339 30.668 62.0 的 0
30.668 31.325 58.0 火 1
33.621 33.947 63.0 我 0
33.947 34.273 60.0 以 0
34.273 34.599 62.0 为 0
34.599 34.925 63.0 留 0
34.925 35.251 60.0 下 0
35.251 35.577 63.0 来 0
35.577 35.902 65.0 没 0
35.902 36.227 67.0 - 0
36.227 36.552 65.0 有 0
36.552 37.202 65.0 错 1
37.666 37.992 62.0 我 0
37.992 38.318 58.0 以 0
38.318 38.643 62.0 为 0
38.643 38.969 62.0 努 0
38.969 39.294 58.0 力 0
39.294 39.62 62.0 过 0
39.62 39.947 67.0 你 0
39.947 40.274 68.0 - 0
40.274 40.601 68.0 会 0
40.601 40.928 67.0 懂 1
40.929 41.256 67.0 怎 0
41.256 41.583 67.0 么 0
41.583 41.91 65.0 连 0
41.91 42.237 63.0 落 0
42.237 42.564 63.0 叶 0
42.891 43.218 65.0 都 0
43.218 43.545 67.0 在 0
43.545 43.872 65.0 嘲 0
43.872 44.199 63.0 笑 0
44.199 44.854 63.0 我 1
45.378 45.702 65.0 要 0
45.702 46.026 67.0 假 0
46.026 46.351 67.0 装 0
46.351 46.675 67.0 坚 0
46.675 46.999 68.0 强 0
46.999 47.323 67.0 的 0
47.323 49.279 65.0 走 1
53.147 53.473 67.0 行 0
53.473 53.799 60.0 走 0
53.799 54.126 67.0 在 0
54.126 54.452 67.0 冬 0
54.452 54.778 72.0 夜 0
54.778 55.104 67.0 的 0
55.104 55.757 67.0 冷 0
55.757 56.083 68.0 风 0
56.083 56.736 65.0 中 1
57.063 57.389 62.0 飘 0
57.389 57.715 58.0 散 0
57.715 58.041 62.0 的 0
58.041 58.368 62.0 踩 0
58.368 58.694 70.0 碎 0
58.694 59.02 65.0 的 0
59.02 59.673 68.0 都 0
59.673 59.999 68.0 是 0
59.999 60.325 67.0 梦 0
60.325 60.651 63.0 - 1
61.128 61.454 60.0 孤 0
61.454 61.78 62.0 单 0
61.78 62.106 63.0 单 0
62.106 62.432 63.0 这 0
62.432 62.759 62.0 一 0
62.759 63.085 63.0 刻 1
63.086 63.738 67.0 如 0
63.738 64.065 70.0 何 0
64.391 64.717 67.0 确 0
64.717 65.043 65.0 定 0
65.043 65.696 67.0 你 0
65.696 66.348 67.0 曾 0
66.348 66.674 67.0 爱 0
66.674 67.001 68.0 过 0
67.001 68.306 67.0 我 1
68.816 69.142 67.0 停 0
69.142 69.468 60.0 留 0
69.468 69.795 67.0 在 0
69.795 70.121 67.0 冬 0
70.121 70.447 72.0 夜 0
70.447 70.773 67.0 的 0
70.773 71.426 67.0 冷 0
71.426 71.752 68.0 风 0
71.752 72.405 65.0 中 1
72.898 73.224 62.0 我 0
73.224 73.55 58.0 不 0
73.55 73.876 62.0 是 0
73.876 74.203 62.0 也 0
74.203 74.529 70.0 不 0
74.529 74.855 65.0 想 0
74.855 75.508 68.0 装 0
75.508 75.834 68.0 脆 0
75.834 76.16 67.0 弱 0
76.16 76.486 63.0 - 1
76.773 77.099 60.0 我 0
77.099 77.425 62.0 没 0
77.425 77.751 63.0 说 0
77.751 78.077 63.0 不 0
78.077 78.404 65.0 代 0
78.404 78.73 67.0 表 0
78.73 79.382 68.0 我 0
79.382 80.035 67.0 不 0
80.361 80.687 62.0 会 0
80.687 82.971 63.0 痛 1
100.217 100.543 63.0 我 0
100.543 100.869 60.0 以 0
100.869 101.195 62.0 为 0
101.195 101.521 63.0 你 0
101.521 101.847 60.0 暂 0
101.847 102.173 63.0 时 0
102.173 102.826 67.0 走 0
102.826 103.152 65.0 失 0
103.152 103.804 65.0 了 1
104.009 104.335 62.0 我 0
104.335 104.661 58.0 以 0
104.661 104.987 62.0 为 0
104.987 105.314 62.0 你 0
105.314 105.64 58.0 累 0
105.64 105.966 62.0 了 0
105.966 106.618 68.0 会 0
106.618 106.944 68.0 回 0
106.944 107.27 67.0 头 1
107.324 107.65 67.0 怎 0
107.65 107.977 67.0 么 0
107.977 108.303 65.0 连 0
108.303 108.629 63.0 复 0
108.629 108.955 63.0 杂 0
109.281 109.607 67.0 的 0
109.607 109.933 67.0 故 0
109.933 110.259 65.0 事 0
110.259 110.586 63.0 背 0
110.586 110.912 63.0 后 0
110.912 111.401 58.0 - 1
111.841 112.167 65.0 都 0
112.167 112.493 67.0 是 0
112.493 112.819 67.0 我 0
112.819 113.146 67.0 听 0
113.146 113.472 68.0 朋 0
113.472 113.798 67.0 友 0
113.798 114.607 67.0 说 0
114.607 116.393 65.0 - 1
117.891 118.218 67.0 行 0
118.218 118.544 60.0 走 0
118.544 118.87 67.0 在 0
118.87 119.196 67.0 冬 0
119.196 119.522 72.0 夜 0
119.522 119.849 67.0 的 0
119.849 120.501 67.0 冷 0
120.501 120.827 68.0 风 0
120.827 121.479 65.0 中 1
121.774 122.1 62.0 飘 0
122.1 122.426 58.0 散 0
122.426 122.752 62.0 的 0
122.752 123.078 62.0 踩 0
123.078 123.405 70.0 碎 0
123.405 123.731 65.0 的 0
123.731 124.383 68.0 都 0
124.383 124.709 68.0 是 0
124.709 125.036 67.0 梦 0
125.036 125.362 63.0 - 1
125.636 125.962 60.0 孤 0
125.962 126.288 62.0 单 0
126.288 126.615 63.0 单 0
126.615 126.941 63.0 这 0
126.941 127.267 62.0 一 0
127.267 127.593 63.0 刻 1
127.666 128.319 67.0 如 0
128.319 128.645 70.0 何 0
128.971 129.297 67.0 确 0
129.297 129.623 65.0 定 0
129.623 130.276 67.0 你 0
130.276 130.928 67.0 曾 0
130.928 131.254 67.0 爱 0
131.254 131.58 68.0 过 0
131.58 132.885 67.0 我 1
133.495 133.821 67.0 停 0
133.821 134.147 60.0 留 0
134.147 134.473 67.0 在 0
134.473 134.799 67.0 冬 0
134.799 135.126 72.0 夜 0
135.126 135.452 67.0 的 0
135.452 136.104 67.0 冷 0
136.104 136.43 68.0 风 0
136.43 137.083 65.0 中 1
137.378 137.704 62.0 我 0
137.704 138.03 58.0 不 0
138.03 138.357 62.0 是 0
138.357 138.683 62.0 也 0
138.683 139.009 70.0 不 0
139.009 139.335 65.0 想 0
139.335 139.988 68.0 装 0
139.988 140.314 68.0 脆 0
140.314 140.64 67.0 弱 0
140.64 140.966 63.0 - 1
141.229 141.555 60.0 我 0
141.555 141.882 62.0 没 0
141.882 142.208 63.0 说 0
142.208 142.534 63.0 不 0
142.534 142.86 65.0 代 0
142.86 143.186 67.0 表 0
143.186 143.839 68.0 我 0
143.839 144.491 67.0 - 0
144.817 145.144 62.0 不 0
145.144 145.796 65.0 会 0
145.796 146.122 63.0 - 0
146.122 147.753 63.0 痛 1
151.333 151.659 68.0 耶 0
151.659 151.986 67.0 咿 0
151.986 152.312 67.0 耶 0
152.312 152.638 67.0 - 0
152.638 152.964 65.0 - 1
152.969 153.295 67.0 停 0
153.295 153.622 60.0 留 0
153.622 153.948 67.0 在 0
153.948 154.274 67.0 冬 0
154.274 154.6 72.0 夜 0
154.6 154.926 67.0 的 0
154.926 155.579 67.0 冷 0
155.579 155.905 68.0 风 0
155.905 156.557 65.0 中 1
156.876 157.201 62.0 我 0
157.201 157.527 58.0 不 0
157.527 157.853 62.0 是 0
157.853 158.179 62.0 也 0
158.179 158.505 70.0 不 0
158.505 158.831 65.0 想 0
158.831 159.483 68.0 装 0
159.483 159.809 68.0 脆 0
159.809 160.135 67.0 弱 0
160.135 160.461 63.0 - 1
160.753 161.078 60.0 只 0
161.078 161.404 62.0 因 0
161.404 161.73 63.0 为 0
161.73 162.056 63.0 你 0
162.056 162.382 62.0 说 0
162.382 162.708 63.0 过 1
162.825 163.477 67.0 爱 0
163.477 163.803 70.0 是 0
164.129 164.455 67.0 等 0
164.455 164.78 65.0 待 0
164.78 165.432 67.0 是 0
165.432 165.758 67.0 细 0
165.758 166.41 67.0 水 0
166.41 166.736 68.0 长 0
166.736 168.04 67.0 流 1
168.756 169.082 67.0 Je 0
169.082 169.408 60.0 le 0
169.408 169.734 67.0 sais 0
169.734 170.06 67.0 continue 0
170.06 170.386 72.0 - 0
170.386 170.712 67.0 c 0
170.712 171.364 67.0 est 0
171.364 171.69 68.0 pas 0
171.69 172.341 65.0 bon 1
172.63 172.956 62.0 A 0
172.956 173.282 58.0 la 0
173.282 173.608 62.0 fin 0
173.608 173.934 62.0 tu 0
173.934 174.26 70.0 restes 0
174.26 174.586 65.0 - 0
174.586 175.238 68.0 pas 0
175.238 175.563 68.0 long 0
175.563 175.889 67.0 temps 0
175.889 176.215 63.0 - 1
176.467 176.793 60.0 我 0
176.793 177.119 62.0 没 0
177.119 177.445 63.0 说 0
177.445 177.771 63.0 不 0
177.771 178.097 65.0 代 0
178.097 178.423 67.0 表 0
178.423 179.074 68.0 我 0
179.074 179.726 67.0 不 0
180.052 180.378 62.0 会 0
180.378 182.659 63.0 痛 1
