16.07 17.195 55.0 我 0
17.195 17.57 57.0 有 0
17.57 17.945 59.0 一 0
17.945 18.32 62.0 帘 0
18.32 18.695 69.0 幽 0
18.695 19.07 69.0 - 0
19.07 21.32 67.0 梦 1
22.109 22.484 67.0 不 0
22.484 23.234 69.0 - 0
23.234 23.609 71.0 知 0
23.609 23.984 66.0 与 0
23.984 24.359 69.0 谁 0
24.359 24.921 64.0 能 0
24.921 25.109 66.0 - 0
25.109 27.359 62.0 共 1
28.049 28.424 57.0 多 0
28.424 29.174 59.0 - 0
29.174 29.549 62.0 少 0
29.549 29.924 64.0 秘 0
29.924 30.299 67.0 密 0
30.299 30.674 69.0 在 0
30.674 30.861 69.0 其 0
30.861 31.236 71.0 - 0
31.236 33.299 69.0 中 1
34.146 34.521 64.0 欲 0
34.521 35.271 66.0 - 0
35.271 35.646 64.0 诉 0
35.646 36.021 64.0 无 0
36.021 36.396 62.0 人 0
36.396 36.771 57.0 能 0
36.771 37.146 55.0 - 0
37.146 39.396 59.0 懂 1
40.146 41.271 55.0 窗 0
41.271 41.646 57.0 外 0
41.646 42.021 59.0 更 0
42.021 42.396 62.0 深 0
42.396 42.771 69.0 露 0
42.771 43.146 69.0 - 0
43.146 45.396 67.0 重 1
46.008 46.383 67.0 今 0
46.383 47.133 69.0 - 0
47.133 47.508 71.0 夜 0
47.508 47.883 66.0 落 0
47.883 48.258 69.0 花 0
48.258 48.82 64.0 成 0
48.82 49.008 66.0 - 0
49.008 51.258 62.0 V 1
52.173 52.548 57.0 春 0
52.548 53.298 59.0 - 0
53.298 53.673 62.0 来 0
53.673 54.048 64.0 春 0
54.048 54.423 67.0 去 0
54.423 54.798 69.0 俱 0
54.798 54.985 69.0 无 0
54.985 55.36 71.0 - 0
55.36 57.423 69.0 踪 1
58.119 58.494 64.0 徒 0
58.494 59.244 66.0 - 0
59.244 59.619 64.0 留 0
59.619 59.994 62.0 一 0
59.994 60.369 62.0 帘 0
60.369 60.744 66.0 幽 0
60.744 61.119 69.0 - 0
61.119 63.744 67.0 梦 1
64.132 64.882 71.0 谁 0
64.882 65.632 71.0 能 0
65.632 66.007 71.0 解 0
66.007 66.757 66.0 我 0
66.757 67.132 62.0 情 0
67.132 69.382 64.0 衷 1
70.112 70.862 69.0 谁 0
70.862 71.612 69.0 将 0
71.612 71.987 69.0 柔 0
71.987 72.174 69.0 情 0
72.174 72.549 71.0 - 0
72.549 72.831 66.0 深 0
72.831 73.112 64.0 - 0
73.112 75.362 62.0 种 1
76.178 76.553 57.0 若 0
76.553 77.303 59.0 - 0
77.303 77.678 62.0 能 0
77.678 78.053 64.0 相 0
78.053 78.428 67.0 知 0
78.428 78.803 69.0 又 0
78.803 78.99 69.0 相 0
78.99 79.365 71.0 - 0
79.365 81.428 69.0 逢 1
82.073 82.448 64.0 共 0
82.448 83.198 66.0 - 0
83.198 83.573 64.0 此 0
83.573 83.948 69.0 一 0
83.948 84.323 62.0 帘 0
84.323 84.885 66.0 幽 0
84.885 85.073 69.0 - 0
85.073 87.885 67.0 梦 1
112.026 112.776 71.0 谁 0
112.776 113.526 71.0 能 0
113.526 113.901 71.0 解 0
113.901 114.651 66.0 我 0
114.651 115.026 62.0 情 0
115.026 117.276 64.0 衷 1
118.143 118.893 69.0 谁 0
118.893 119.643 69.0 将 0
119.643 120.018 69.0 柔 0
120.018 120.205 69.0 情 0
120.205 120.58 71.0 - 0
120.58 120.862 66.0 深 0
120.862 121.143 64.0 - 0
121.143 123.393 62.0 种 1
124.189 124.564 57.0 若 0
124.564 125.314 59.0 - 0
125.314 125.689 62.0 能 0
125.689 126.064 64.0 相 0
126.064 126.439 67.0 知 0
126.439 126.814 69.0 又 0
126.814 127.001 69.0 相 0
127.001 127.376 71.0 - 0
127.376 129.439 69.0 逢 1
130.188 130.563 64.0 共 0
130.563 131.313 66.0 - 0
131.313 131.688 64.0 此 0
131.688 132.063 62.0 一 0
132.063 132.438 62.0 帘 0
132.438 133.0 66.0 幽 0
133.0 133.188 69.0 - 0
133.188 136.0 67.0 梦 1
136.066 137.191 55.0 窗 0
137.191 137.566 57.0 外 0
137.566 137.941 59.0 更 0
137.941 138.316 62.0 深 0
138.316 138.691 69.0 露 0
138.691 139.066 69.0 - 0
139.066 141.316 67.0 重 1
142.195 142.57 67.0 今 0
142.57 143.32 69.0 - 0
143.32 143.695 71.0 夜 0
143.695 144.07 66.0 落 0
144.07 144.445 69.0 花 0
144.445 145.007 64.0 成 0
145.007 145.195 66.0 - 0
145.195 147.445 62.0 V 1
148.01 148.385 57.0 春 0
148.385 149.135 59.0 - 0
149.135 149.51 62.0 来 0
149.51 149.885 64.0 春 0
149.885 150.26 67.0 去 0
150.26 150.635 69.0 俱 0
150.635 151.01 71.0 无 0
151.01 153.26 69.0 踪 1
154.198 154.573 64.0 徒 0
154.573 155.323 66.0 - 0
155.323 155.698 64.0 留 0
155.698 156.073 62.0 一 0
156.073 156.448 62.0 帘 0
156.448 156.823 66.0 幽 0
156.823 157.198 69.0 - 0
157.198 159.823 67.0 梦 1
160.067 161.192 55.0 我 0
161.192 161.567 57.0 有 0
161.567 161.942 59.0 一 0
161.942 162.317 62.0 帘 0
162.317 162.692 69.0 幽 0
162.692 163.067 69.0 - 0
163.067 165.317 67.0 梦 1
166.16 166.535 67.0 不 0
166.535 167.285 69.0 - 0
167.285 167.66 71.0 知 0
167.66 168.035 66.0 与 0
168.035 168.41 69.0 谁 0
168.41 168.972 64.0 能 0
168.972 169.16 66.0 - 0
169.16 171.41 62.0 共 1
172.129 172.504 57.0 若 0
172.504 173.254 59.0 - 0
173.254 173.629 62.0 能 0
173.629 174.004 64.0 相 0
174.004 174.379 67.0 知 0
174.379 174.754 69.0 又 0
174.754 174.941 69.0 相 0
174.941 175.316 71.0 - 0
175.316 177.379 69.0 逢 1
178.187 178.562 64.0 共 0
178.562 179.312 66.0 - 0
179.312 179.687 64.0 此 0
179.687 180.062 62.0 一 0
180.062 180.437 62.0 帘 0
180.437 180.999 66.0 幽 0
180.999 181.187 69.0 - 0
181.187 184.187 67.0 梦 1
