34.124 34.558 48.0 漫 0
34.558 34.993 48.0 漫 0
34.993 35.427 50.0 的 0
35.427 35.862 53.0 长 0
35.862 36.539 57.0 路 0
37.6 38.035 55.0 你 0
38.035 38.469 53.0 我 0
38.469 38.904 55.0 的 0
38.904 39.556 50.0 相 0
39.556 40.207 53.0 逢 1
41.063 41.498 57.0 珍 0
41.498 41.932 57.0 惜 0
41.932 42.367 57.0 难 0
42.367 42.801 60.0 得 0
42.801 43.236 60.0 往 0
43.236 43.671 60.0 日 0
43.671 44.105 57.0 的 0
44.105 44.974 55.0 缘 0
44.974 45.843 55.0 分 1
47.881 48.315 57.0 默 0
48.315 48.75 60.0 - 0
48.75 49.184 60.0 默 0
49.184 49.619 60.0 的 0
49.619 50.054 60.0 祝 1
51.517 51.952 57.0 轻 0
51.952 52.386 57.0 轻 0
52.386 52.821 55.0 的 0
52.821 53.038 55.0 问 0
53.038 53.472 57.0 - 0
53.472 54.124 53.0 候 1
54.889 55.324 48.0 互 0
55.324 55.758 50.0 道 0
55.758 56.193 53.0 今 0
56.193 56.627 55.0 生 0
56.627 57.497 55.0 多 0
57.931 58.583 50.0 保 0
58.583 59.669 53.0 重 1
61.968 62.402 48.0 还 0
62.402 62.837 48.0 有 0
62.837 63.271 50.0 一 0
63.271 63.706 53.0 个 0
63.706 64.383 57.0 梦 0
65.444 65.879 55.0 你 0
65.879 66.313 53.0 我 0
66.313 66.748 55.0 曾 0
66.748 67.399 50.0 拥 0
67.399 68.051 53.0 有 1
68.775 69.21 57.0 愿 0
69.21 69.644 57.0 - 0
69.644 70.079 57.0 我 0
70.079 70.513 60.0 们 0
70.513 70.948 60.0 今 0
70.948 71.383 60.0 世 0
71.383 71.817 57.0 天 0
71.817 72.686 55.0 长 0
72.686 73.555 55.0 地 1
75.729 76.163 57.0 紧 0
76.163 76.598 60.0 - 0
76.598 77.032 60.0 紧 0
77.032 77.467 60.0 的 0
77.467 77.901 60.0 依 1
79.187 79.622 57.0 深 0
79.622 80.056 57.0 - 0
80.056 80.491 55.0 深 0
80.491 80.708 55.0 的 0
80.708 81.142 57.0 安 0
81.142 81.794 53.0 - 1
82.718 83.153 48.0 相 0
83.153 83.587 50.0 - 0
83.587 84.022 53.0 亲 0
84.022 84.456 55.0 相 0
84.456 85.325 55.0 爱 0
85.76 86.251 50.0 离 0
86.252 87.498 53.0 - 1
89.739 89.956 55.0 多 0
89.956 90.173 55.0 少 0
90.173 90.391 55.0 岁 0
90.391 90.608 55.0 月 0
90.608 90.946 55.0 已 0
90.968 91.307 53.0 流 0
91.325 91.911 55.0 走 1
92.36 92.795 53.0 多 0
92.795 93.229 50.0 少 0
93.229 93.446 57.0 时 0
93.446 93.664 57.0 光 0
93.664 93.881 57.0 一 0
93.881 94.098 57.0 去 0
94.098 94.437 57.0 不 0
94.44 94.75 55.0 回 0
94.75 95.402 57.0 头 1
95.739 96.174 57.0 可 0
96.174 96.608 60.0 - 0
96.608 96.826 62.0 在 0
96.826 97.043 62.0 我 0
97.043 97.26 62.0 心 0
97.26 97.477 62.0 中 0
97.477 97.695 62.0 你 0
97.695 98.129 60.0 的 0
98.129 98.781 62.0 温 0
99.215 99.433 62.0 到 0
99.433 99.867 65.0 - 0
99.867 100.736 60.0 - 0
100.736 101.823 60.0 永 1
102.667 103.101 60.0 和 0
103.101 103.536 62.0 - 0
103.536 103.753 65.0 你 0
103.753 103.97 65.0 相 0
103.97 104.188 65.0 依 0
104.188 104.405 65.0 为 0
104.405 104.839 67.0 命 0
104.839 105.274 62.0 永 0
105.274 105.708 65.0 相 1
106.272 106.706 60.0 为 0
106.706 107.141 62.0 - 0
107.141 107.358 65.0 你 0
107.358 107.576 65.0 朝 0
107.576 107.793 65.0 朝 0
107.793 108.01 65.0 暮 0
108.01 108.445 65.0 暮 0
108.445 108.879 62.0 付 0
108.879 109.314 60.0 一 1
109.585 110.02 53.0 真 0
110.02 110.454 55.0 - 0
110.454 110.672 55.0 真 0
110.672 110.889 55.0 切 0
110.889 111.106 55.0 切 0
111.106 111.323 55.0 爱 0
111.323 111.758 55.0 过 0
111.758 111.975 53.0 这 0
111.975 112.627 55.0 一 1
113.085 113.52 53.0 无 0
113.52 113.954 50.0 - 0
113.954 114.172 60.0 论 0
114.172 114.389 60.0 走 0
114.389 114.606 60.0 遍 0
114.606 115.041 60.0 千 0
115.041 115.258 60.0 山 0
115.258 115.475 57.0 万 0
115.475 115.693 55.0 - 0
115.693 116.127 55.0 - 1
116.688 117.122 60.0 和 0
117.122 117.557 62.0 你 0
117.557 117.774 65.0 白 0
117.774 117.991 65.0 头 0
117.991 118.209 65.0 偕 0
118.209 118.426 65.0 老 0
118.426 118.86 67.0 永 0
118.86 119.295 62.0 相 0
119.295 119.729 65.0 随 1
120.065 120.499 60.0 为 0
120.499 120.934 62.0 你 0
120.934 121.151 65.0 甘 0
121.151 121.369 65.0 心 0
121.369 121.586 65.0 情 0
121.586 121.803 65.0 愿 0
121.803 122.238 65.0 付 0
122.238 122.672 62.0 一 0
122.672 123.107 60.0 生 1
123.57 124.005 53.0 风 0
124.005 124.439 55.0 风 0
124.439 124.656 55.0 雨 0
124.656 124.874 55.0 雨 0
124.874 125.091 55.0 艰 0
125.091 125.308 55.0 险 0
125.308 125.743 55.0 去 0
125.743 126.007 53.0 共 0
126.007 126.612 55.0 存 1
126.992 127.427 53.0 陪 0
127.427 127.861 50.0 - 0
127.861 128.079 60.0 你 0
128.079 128.296 60.0 走 0
128.296 128.513 60.0 过 0
128.513 128.731 60.0 一 0
128.731 129.165 62.0 程 0
129.165 129.6 55.0 又 0
129.6 130.034 55.0 一 1
130.579 131.013 48.0 不 0
131.013 131.882 50.0 后 0
131.882 134.298 53.0 悔 1
152.197 152.632 48.0 还 0
152.632 153.066 48.0 - 0
153.066 153.501 50.0 有 0
153.501 153.935 53.0 一 0
153.935 154.37 57.0 个 1
155.741 156.176 55.0 你 0
156.176 156.61 53.0 我 0
156.61 157.045 55.0 曾 0
157.045 157.697 50.0 拥 0
157.697 158.349 53.0 有 1
159.26 159.694 57.0 愿 0
159.694 160.129 57.0 - 0
160.129 160.563 57.0 我 0
160.563 160.998 60.0 们 0
160.998 161.432 62.0 今 0
161.432 161.867 60.0 世 0
161.867 162.301 57.0 天 0
162.301 163.17 55.0 长 0
163.17 164.04 55.0 地 1
166.206 166.641 57.0 紧 0
166.641 167.075 60.0 紧 0
167.075 167.51 60.0 的 0
167.51 167.944 60.0 依 0
167.944 168.379 60.0 偎 1
169.659 170.094 57.0 深 0
170.094 170.528 57.0 - 0
170.528 170.963 55.0 深 0
170.963 171.18 55.0 的 0
171.18 171.615 57.0 安 0
171.615 172.267 53.0 - 1
173.097 173.531 48.0 相 0
173.531 173.966 50.0 - 0
173.966 174.4 53.0 亲 0
174.4 174.835 55.0 相 0
174.835 175.704 55.0 爱 0
176.138 176.609 50.0 离 0
176.622 177.876 53.0 - 1
179.978 180.195 55.0 多 0
180.195 180.413 55.0 - 0
180.413 180.63 55.0 少 0
180.63 180.847 55.0 岁 0
180.847 181.186 55.0 月 0
181.282 181.542 53.0 流 0
181.542 182.151 55.0 - 1
182.744 183.179 53.0 多 0
183.179 183.613 50.0 少 0
183.613 183.831 57.0 时 0
183.831 184.048 57.0 光 0
184.048 184.265 57.0 一 0
184.265 184.482 57.0 去 0
184.482 184.917 57.0 不 0
184.917 185.134 55.0 回 0
185.134 185.786 57.0 头 1
186.098 186.532 57.0 可 0
186.532 186.967 60.0 - 0
186.967 187.184 62.0 在 0
187.184 187.401 62.0 我 0
187.401 187.618 62.0 心 0
187.618 187.836 62.0 中 0
187.836 188.053 62.0 你 0
188.053 188.487 60.0 的 0
188.487 189.139 62.0 温 0
189.574 189.791 62.0 到 0
189.791 190.226 65.0 - 0
190.226 191.095 60.0 - 0
191.095 192.181 60.0 永 1
193.173 193.608 60.0 和 0
193.608 194.042 62.0 你 0
194.042 194.259 65.0 相 0
194.259 194.477 65.0 依 0
194.477 194.694 65.0 为 0
194.694 194.911 65.0 命 0
194.911 195.346 65.0 永 0
195.346 195.78 62.0 相 0
195.78 196.215 65.0 随 1
196.545 196.98 60.0 为 0
196.98 197.414 62.0 - 0
197.414 197.632 65.0 你 0
197.632 197.849 65.0 朝 0
197.849 198.066 65.0 朝 0
198.066 198.283 65.0 暮 0
198.283 198.718 67.0 暮 0
198.718 199.152 62.0 付 0
199.152 199.587 60.0 一 1
199.964 200.398 53.0 真 0
200.398 200.833 57.0 - 0
200.833 201.05 55.0 真 0
201.05 201.267 55.0 切 0
201.267 201.484 55.0 切 0
201.484 201.702 55.0 爱 0
201.702 202.024 55.0 过 0
202.042 202.353 53.0 一 0
202.353 203.005 55.0 - 1
203.572 204.006 53.0 无 0
204.006 204.441 50.0 论 0
204.441 204.658 60.0 走 0
204.658 204.875 60.0 遍 0
204.875 205.093 60.0 千 0
205.093 205.527 60.0 山 0
205.527 205.744 60.0 万 0
205.744 205.962 57.0 - 0
205.962 206.179 55.0 - 0
206.179 206.613 55.0 水 1
207.041 207.476 60.0 和 0
207.476 207.91 62.0 - 0
207.91 208.127 65.0 你 0
208.127 208.345 65.0 白 0
208.345 208.562 65.0 头 0
208.562 208.779 65.0 偕 0
208.779 209.214 65.0 老 0
209.214 209.648 62.0 永 0
209.648 210.083 65.0 相 1
210.384 210.819 60.0 为 0
210.819 211.253 62.0 - 0
211.253 211.471 65.0 你 0
211.471 211.688 65.0 甘 0
211.688 211.905 65.0 心 0
211.905 212.122 65.0 情 0
212.122 212.557 67.0 愿 0
212.557 212.991 62.0 付 0
212.991 213.426 60.0 一 1
214.0 214.434 53.0 风 0
214.434 214.869 57.0 风 0
214.869 215.086 55.0 雨 0
215.086 215.303 55.0 雨 0
215.303 215.52 55.0 艰 0
215.52 215.738 55.0 险 0
215.738 216.051 55.0 去 0
216.051 216.437 53.0 共 0
216.447 217.041 55.0 存 1
217.469 217.903 53.0 陪 0
217.903 218.338 50.0 你 0
218.338 218.555 60.0 走 0
218.555 218.772 60.0 过 0
218.772 218.99 60.0 一 0
218.99 219.207 60.0 程 0
219.207 219.641 62.0 又 0
219.641 220.076 57.0 一 0
220.076 220.51 55.0 程 1
220.845 221.28 48.0 不 0
221.28 222.149 50.0 - 0
222.149 223.235 53.0 后 1
224.464 224.899 60.0 和 0
224.899 225.333 62.0 你 0
225.333 225.551 65.0 相 0
225.551 225.768 65.0 依 0
225.768 225.985 65.0 为 0
225.985 226.202 65.0 命 0
226.202 226.637 67.0 永 0
226.637 227.071 62.0 相 0
227.071 227.506 65.0 随 1
227.8 228.235 60.0 为 0
228.235 228.67 62.0 - 0
228.67 228.887 65.0 你 0
228.887 229.104 65.0 朝 0
229.104 229.321 65.0 朝 0
229.321 229.539 65.0 暮 0
229.539 229.973 67.0 暮 0
229.973 230.408 60.0 付 0
230.408 230.842 60.0 一 1
231.392 231.826 53.0 真 0
231.826 232.261 55.0 真 0
232.261 232.478 55.0 切 0
232.478 232.695 55.0 切 0
232.695 232.913 55.0 爱 0
232.913 233.13 55.0 过 0
233.13 233.564 55.0 这 0
233.564 233.782 53.0 一 0
233.782 234.433 55.0 回 1
234.915 235.35 53.0 无 0
235.35 235.784 50.0 论 0
235.784 236.001 60.0 走 0
236.001 236.219 60.0 遍 0
236.219 236.436 60.0 千 0
236.436 236.87 60.0 山 0
236.87 237.088 60.0 万 0
237.088 237.305 57.0 - 0
237.305 237.522 55.0 - 0
237.522 237.957 55.0 水 1
238.275 238.71 60.0 和 0
238.71 239.144 62.0 - 0
239.144 239.362 65.0 你 0
239.362 239.579 65.0 白 0
239.579 239.796 65.0 头 0
239.796 240.013 65.0 偕 0
240.013 240.448 67.0 老 0
240.448 240.882 62.0 永 0
240.882 241.317 65.0 相 1
241.794 242.229 60.0 为 0
242.229 242.664 62.0 你 0
242.664 242.881 65.0 甘 0
242.881 243.098 65.0 心 0
243.098 243.315 65.0 情 0
243.315 243.533 65.0 愿 0
243.533 243.967 67.0 付 0
243.967 244.402 60.0 一 0
244.402 244.836 60.0 生 1
245.155 245.589 53.0 风 0
245.589 246.024 55.0 - 0
246.024 246.241 55.0 风 0
246.241 246.458 55.0 雨 0
246.458 246.676 55.0 雨 0
246.676 246.893 55.0 艰 0
246.893 247.152 55.0 险 0
247.152 247.545 53.0 去 0
247.545 248.196 55.0 共 1
248.741 249.175 53.0 陪 0
249.175 249.61 50.0 你 0
249.61 249.827 60.0 走 0
249.827 250.045 60.0 过 0
250.045 250.262 60.0 一 0
250.262 250.479 60.0 程 0
250.479 250.914 60.0 又 0
250.914 251.348 57.0 一 0
251.348 251.783 55.0 程 1
252.134 252.569 48.0 不 0
252.569 253.438 50.0 - 0
253.438 254.524 53.0 后 1
255.597 256.032 60.0 和 0
256.032 256.467 62.0 - 0
256.467 256.684 65.0 你 0
256.684 256.901 65.0 白 0
256.901 257.118 65.0 头 0
257.118 257.336 65.0 偕 0
257.336 257.77 67.0 老 0
257.77 258.205 62.0 永 0
258.205 258.639 65.0 相 1
259.061 259.495 60.0 为 0
259.495 259.93 62.0 - 0
259.93 260.147 65.0 你 0
260.147 260.364 65.0 甘 0
260.364 260.582 65.0 心 0
260.582 260.799 65.0 情 0
260.799 261.233 67.0 愿 0
261.233 261.668 62.0 付 0
261.668 262.102 60.0 一 1
262.551 262.985 53.0 风 0
262.985 263.42 55.0 - 0
263.42 263.637 55.0 风 0
263.637 263.855 55.0 雨 0
263.855 264.072 55.0 雨 0
264.072 264.289 55.0 艰 0
264.289 264.604 55.0 险 0
264.604 264.982 53.0 去 0
264.986 265.593 55.0 共 1
266.174 266.609 53.0 陪 0
266.609 267.043 50.0 你 0
267.043 267.261 60.0 走 0
267.261 267.478 60.0 过 0
267.478 267.695 60.0 一 0
267.695 267.912 60.0 程 0
267.912 268.347 62.0 又 0
268.347 268.781 57.0 一 0
268.781 269.216 55.0 程 1
272.088 272.522 48.0 不 0
272.957 273.391 50.0 后 0
274.043 275.915 53.0 悔 0
