19.029 20.025 61.0 你 0
20.029 20.525 68.0 - 0
20.529 21.525 68.0 曾 0
21.529 22.025 66.0 对 0
22.029 24.025 68.0 我 0
24.938 25.934 66.0 说 0
25.938 26.434 66.0 相 0
26.438 26.934 64.0 逢 0
26.938 27.434 61.0 是 0
27.438 27.934 59.0 首 0
27.938 29.934 61.0 - 0
31.042 31.538 61.0 歌 0
31.542 32.038 61.0 眼 0
32.042 32.538 61.0 睛 0
32.542 33.538 68.0 是 0
33.542 33.788 68.0 春 0
33.792 34.038 66.0 天 0
34.042 35.038 64.0 的 0
35.042 37.038 66.0 海 0
37.042 37.538 56.0 - 0
37.542 38.038 56.0 青 0
38.042 38.538 56.0 春 0
38.542 39.538 66.0 是 0
39.542 39.788 64.0 绿 0
39.792 40.038 61.0 色 0
40.042 42.038 63.0 的 0
42.96 43.956 61.0 河 0
43.96 44.456 68.0 你 0
44.46 45.456 68.0 曾 0
45.46 45.956 66.0 对 0
45.96 47.956 68.0 我 0
49.08 50.076 66.0 说 0
50.08 50.576 66.0 相 0
50.58 51.076 64.0 逢 0
51.08 51.576 61.0 是 0
51.58 52.076 59.0 首 0
52.08 54.076 61.0 歌 0
54.932 55.428 61.0 眼 0
55.432 55.928 61.0 - 0
55.932 56.428 61.0 睛 0
56.432 57.428 68.0 是 0
57.432 57.678 68.0 春 0
57.682 57.928 66.0 天 0
57.932 58.928 64.0 的 0
58.932 60.928 66.0 海 0
60.978 61.474 56.0 - 0
61.478 61.974 56.0 青 0
61.978 62.474 56.0 春 0
62.478 63.474 66.0 是 0
63.478 63.724 64.0 绿 0
63.728 63.974 61.0 色 0
63.978 65.974 61.0 的 0
67.084 68.08 68.0 河 0
68.084 68.58 66.0 相 0
68.584 69.58 68.0 逢 0
69.584 70.08 66.0 是 0
70.084 73.08 68.0 首 0
73.097 73.593 68.0 歌 0
73.597 74.093 68.0 同 0
74.097 74.593 71.0 行 0
74.597 75.593 73.0 是 0
75.597 76.093 71.0 你 0
76.097 79.093 68.0 和 0
79.109 79.605 71.0 我 0
79.609 80.105 71.0 心 0
80.109 80.605 68.0 儿 0
80.609 81.105 64.0 是 0
81.109 81.605 63.0 年 0
81.609 82.105 61.0 轻 0
82.109 83.105 59.0 的 0
83.109 83.605 56.0 太 0
83.609 85.105 61.0 - 0
85.109 85.605 64.0 阳 0
85.609 86.105 64.0 真 0
86.109 86.605 61.0 诚 0
86.609 87.605 66.0 也 0
87.609 88.105 68.0 活 0
88.109 91.105 66.0 - 0
91.109 92.105 68.0 泼 0
92.109 92.605 68.0 相 0
92.609 93.605 68.0 逢 0
93.609 94.105 66.0 是 0
94.109 97.105 68.0 首 0
97.112 97.608 66.0 歌 0
97.612 98.108 68.0 同 0
98.112 98.608 71.0 行 0
98.612 99.608 73.0 是 0
99.612 100.108 71.0 你 0
100.112 103.108 68.0 和 0
103.114 103.61 71.0 我 0
103.614 104.11 71.0 心 0
104.114 104.61 68.0 儿 0
104.614 105.11 64.0 是 0
105.114 105.61 63.0 年 0
105.614 106.11 61.0 轻 0
106.114 107.11 59.0 的 0
107.114 107.61 56.0 太 0
107.614 109.11 61.0 - 0
109.114 109.61 64.0 阳 0
109.614 110.11 64.0 真 0
110.114 110.61 59.0 诚 0
110.614 111.61 66.0 也 0
111.614 112.11 68.0 活 0
112.114 115.11 64.0 - 0
133.051 134.047 61.0 泼 0
134.051 134.547 66.0 你 0
134.551 135.547 68.0 曾 0
135.551 136.047 66.0 对 0
136.051 138.047 68.0 我 0
139.0 139.996 66.0 说 0
140.0 140.496 68.0 相 0
140.5 140.996 64.0 逢 0
141.0 141.496 61.0 是 0
141.5 141.996 59.0 首 0
142.0 143.996 61.0 - 0
144.987 145.483 61.0 歌 0
145.487 145.983 61.0 分 0
145.987 146.483 61.0 别 0
146.487 147.483 68.0 是 0
147.487 147.733 68.0 明 0
147.737 147.983 66.0 天 0
147.987 148.983 64.0 的 0
148.987 150.983 66.0 路 0
150.985 151.481 56.0 - 0
151.485 151.981 56.0 思 0
151.985 152.481 56.0 念 0
152.485 153.481 66.0 是 0
153.485 153.731 64.0 生 0
153.735 153.981 61.0 命 0
153.985 155.981 61.0 的 0
157.102 158.098 68.0 火 0
158.102 158.598 68.0 相 0
158.602 159.598 68.0 逢 0
159.602 160.098 66.0 是 0
160.102 163.098 68.0 首 0
163.118 163.614 68.0 歌 0
163.618 164.114 68.0 歌 0
164.118 164.614 71.0 手 0
164.618 165.614 73.0 是 0
165.618 166.114 71.0 你 0
166.118 169.114 68.0 和 0
169.116 169.612 71.0 我 0
169.616 170.112 71.0 心 0
170.116 170.612 68.0 儿 0
170.616 171.112 64.0 是 0
171.116 171.612 63.0 永 0
171.616 172.112 61.0 远 0
172.116 173.112 59.0 的 0
173.116 173.612 56.0 琴 0
173.616 175.112 61.0 弦 0
175.116 175.612 64.0 坚 0
175.616 176.116 64.0 定 0
176.116 176.612 61.0 也 0
176.616 177.612 66.0 执 0
177.616 178.112 68.0 - 0
178.116 181.112 66.0 着 0
181.112 182.108 68.0 相 0
182.112 182.608 68.0 - 0
182.612 183.608 68.0 逢 0
183.612 184.108 66.0 是 0
184.112 187.108 68.0 首 0
187.108 187.604 68.0 歌 0
187.608 188.104 68.0 歌 0
188.108 188.604 71.0 手 0
188.608 189.604 73.0 是 0
189.608 190.104 71.0 你 0
190.108 193.104 68.0 和 0
193.117 193.613 71.0 我 0
193.617 194.113 71.0 心 0
194.117 194.613 68.0 儿 0
194.617 195.113 64.0 是 0
195.117 195.613 63.0 永 0
195.617 196.113 61.0 远 0
196.117 197.113 59.0 的 0
197.117 197.613 56.0 琴 0
197.617 199.113 61.0 - 0
199.115 199.611 64.0 弦 0
199.615 200.115 64.0 坚 0
200.115 200.611 59.0 定 0
200.615 201.611 66.0 也 0
201.615 202.111 68.0 执 0
202.115 205.111 64.0 - 0
205.115 206.111 68.0 着 0
206.115 206.611 68.0 啦 0
206.615 207.611 68.0 啦 0
207.615 208.111 66.0 啦 0
208.115 211.111 68.0 啦 0
211.112 211.608 68.0 啦 0
211.612 212.108 68.0 啦 0
212.112 212.608 71.0 啦 0
212.612 213.608 73.0 啦 0
213.612 214.108 71.0 啦 0
214.112 217.108 68.0 啦 0
217.117 217.613 71.0 啦 0
217.617 218.113 71.0 啦 0
218.117 218.613 68.0 啦 0
218.617 219.113 64.0 啦 0
219.117 219.613 63.0 啦 0
219.617 220.113 61.0 啦 0
220.117 221.113 59.0 啦 0
221.117 221.613 56.0 啦 0
221.617 223.113 61.0 - 0
223.118 223.614 64.0 啦 0
223.618 224.114 64.0 啦 0
224.118 224.614 61.0 啦 0
224.618 225.614 66.0 啦 0
225.618 225.864 68.0 啦 0
225.868 226.114 68.0 啦 0
226.118 229.114 66.0 啦 0
229.114 230.11 68.0 啦 0
230.114 230.61 68.0 啦 0
230.614 231.61 68.0 啦 0
231.614 232.11 66.0 啦 0
232.114 235.11 68.0 啦 0
235.115 235.611 68.0 啦 0
235.615 236.111 68.0 啦 0
236.115 236.611 71.0 啦 0
236.615 237.611 73.0 啦 0
237.615 237.861 71.0 啦 0
237.865 238.111 66.0 啦 0
238.115 241.111 68.0 啦 0
