32.091 33.009 52.0 不 0
33.009 33.697 52.0 要 0
33.697 33.926 50.0 问 0
33.926 34.844 52.0 我 0
35.302 35.532 55.0 一 0
35.532 35.761 57.0 生 0
35.761 35.991 59.0 曾 0
35.991 36.222 59.0 经 0
36.222 36.452 59.0 爱 0
36.452 36.683 59.0 过 0
36.683 37.144 59.0 多 0
37.144 37.375 57.0 少 0
37.375 38.298 59.0 人 1
39.276 39.507 59.0 你 0
39.507 40.425 64.0 不 0
40.425 41.113 64.0 懂 0
41.113 41.342 64.0 我 0
41.342 41.802 64.0 伤 0
41.802 42.723 62.0 有 0
42.753 43.645 59.0 多 0
43.645 45.026 59.0 深 1
46.603 46.833 59.0 要 0
46.833 47.064 59.0 剥 0
47.064 47.294 57.0 开 0
47.294 47.524 57.0 伤 0
47.524 47.754 55.0 口 0
47.765 48.215 57.0 总 0
48.215 48.675 55.0 是 0
48.675 49.136 55.0 很 0
49.136 49.366 55.0 残 0
49.366 49.827 57.0 忍 1
50.189 50.419 55.0 劝 0
50.419 50.649 57.0 你 0
50.649 51.11 59.0 别 0
51.11 51.571 59.0 作 0
51.571 51.801 59.0 痴 0
51.801 52.261 62.0 心 0
52.272 53.413 59.0 人 1
54.768 54.998 57.0 多 0
54.998 55.229 59.0 情 0
55.229 55.689 59.0 暂 0
55.689 56.15 59.0 且 0
56.15 56.84 57.0 保 0
56.84 57.531 57.0 留 0
57.531 57.992 54.0 几 0
57.992 59.817 52.0 分 1
61.518 61.978 52.0 不 0
61.978 62.438 52.0 喜 0
62.438 62.889 52.0 欢 0
62.899 63.129 50.0 孤 0
63.129 64.049 52.0 独 1
64.859 65.089 55.0 却 0
65.089 65.319 57.0 又 0
65.319 65.549 59.0 害 0
65.549 65.779 59.0 怕 0
65.779 66.008 59.0 两 0
66.008 66.238 59.0 个 0
66.238 66.689 57.0 人 0
66.698 66.928 57.0 相 0
66.928 67.848 59.0 处 1
68.816 69.046 59.0 这 0
69.046 69.966 64.0 分 0
69.966 70.656 64.0 明 0
70.656 70.886 64.0 是 0
70.886 71.345 64.0 一 0
71.345 72.265 62.0 种 0
72.276 72.725 59.0 痛 0
72.725 74.105 59.0 苦 1
76.042 76.262 59.0 在 0
76.262 76.731 64.0 人 0
76.731 77.191 62.0 多 0
77.202 77.651 64.0 时 0
77.651 78.111 62.0 候 0
78.111 78.571 62.0 最 0
78.571 78.801 62.0 沉 0
78.801 79.951 64.0 默 1
79.954 80.414 62.0 笑 0
80.414 80.874 59.0 容 0
80.874 81.104 62.0 也 0
81.104 81.563 64.0 寂 0
81.563 82.714 59.0 寞 1
83.339 83.569 59.0 在 0
83.569 84.029 64.0 万 0
84.029 84.49 62.0 丈 0
84.49 84.941 62.0 红 0
84.95 85.18 62.0 尘 0
85.18 85.631 64.0 中 1
85.735 86.434 66.0 啊 0
86.434 87.354 64.0 - 1
87.383 87.843 59.0 找 0
87.843 88.303 59.0 个 0
88.303 88.533 62.0 人 0
88.533 88.993 64.0 爱 0
88.993 90.143 59.0 我 1
90.576 90.806 59.0 当 0
90.806 91.036 59.0 我 0
91.036 91.266 59.0 避 0
91.266 91.497 57.0 开 0
91.497 91.728 57.0 你 0
91.728 91.959 55.0 的 0
91.959 92.42 57.0 柔 0
92.42 92.651 55.0 情 0
92.651 93.113 57.0 后 1
93.431 93.892 50.0 泪 0
93.892 94.354 55.0 开 0
94.354 94.585 57.0 始 0
94.585 95.046 55.0 坠 0
95.046 96.193 52.0 落 1
98.245 98.475 59.0 是 0
98.475 98.933 64.0 不 0
98.933 99.392 62.0 敢 0
99.392 99.851 64.0 不 0
99.851 100.309 62.0 想 0
100.309 100.77 62.0 不 0
100.77 101.001 62.0 应 0
101.001 101.693 64.0 该 1
101.932 102.163 64.0 再 0
102.163 102.625 59.0 谢 0
102.625 103.086 59.0 谢 0
103.086 103.538 59.0 你 0
103.547 103.778 59.0 的 0
103.778 104.931 62.0 爱 1
105.451 105.682 59.0 我 0
105.682 106.142 64.0 不 0
106.142 106.373 62.0 得 0
106.373 107.063 64.0 不 0
107.063 107.523 62.0 存 0
107.523 108.673 66.0 在 0
108.673 109.364 64.0 - 1
109.498 109.958 62.0 像 0
109.958 110.418 59.0 一 0
110.418 110.648 62.0 颗 0
110.648 110.861 62.0 尘 0
110.861 111.338 64.0 - 0
111.338 112.259 59.0 埃 1
112.817 113.047 52.0 还 0
113.047 113.966 57.0 是 0
114.656 114.885 57.0 会 0
114.885 115.345 57.0 带 0
115.345 115.805 55.0 给 0
115.805 116.034 55.0 你 0
116.034 116.494 62.0 伤 0
116.494 119.022 59.0 害 1
120.163 120.393 59.0 是 0
120.393 120.853 64.0 不 0
120.853 121.313 62.0 敢 0
121.313 121.773 64.0 不 0
121.773 122.233 62.0 想 0
122.233 122.684 64.0 不 0
122.693 122.923 62.0 应 0
122.923 123.613 64.0 该 1
124.024 124.254 64.0 再 0
124.254 124.714 59.0 谢 0
124.714 125.174 59.0 谢 0
125.174 125.634 59.0 你 0
125.634 125.864 59.0 的 0
125.864 127.015 62.0 爱 1
127.707 127.937 59.0 我 0
127.937 128.397 64.0 不 0
128.397 128.627 62.0 得 0
128.638 128.965 62.0 不 0
128.965 129.317 64.0 - 0
129.317 129.778 62.0 存 0
129.778 130.238 64.0 在 1
130.238 130.928 66.0 啊 0
130.928 131.388 64.0 - 0
131.388 131.618 62.0 - 1
131.62 132.08 62.0 在 0
132.08 132.54 59.0 你 0
132.54 132.771 62.0 的 0
132.771 133.461 64.0 未 0
133.461 134.381 59.0 来 1
134.66 134.89 59.0 最 0
134.89 135.12 59.0 怕 0
135.12 135.351 59.0 这 0
135.351 135.581 57.0 样 0
135.581 135.811 57.0 就 0
135.811 136.041 55.0 是 0
136.041 136.501 57.0 带 0
136.501 136.731 55.0 给 0
136.731 137.191 57.0 你 0
137.421 137.881 50.0 永 0
137.881 138.342 55.0 远 0
138.342 138.572 57.0 的 0
138.572 139.032 55.0 伤 0
139.032 141.102 52.0 害 1
172.001 172.461 52.0 不 0
172.461 172.922 52.0 喜 0
172.922 173.382 52.0 欢 0
173.382 173.612 50.0 孤 0
173.612 174.532 52.0 独 1
175.166 175.397 55.0 却 0
175.397 175.627 57.0 又 0
175.627 175.857 59.0 害 0
175.857 176.087 59.0 怕 0
176.087 176.317 59.0 两 0
176.317 176.547 59.0 个 0
176.547 177.007 59.0 人 0
177.007 177.237 57.0 相 0
177.237 178.157 59.0 处 1
179.063 179.293 59.0 这 0
179.293 180.213 64.0 分 0
180.213 180.903 64.0 明 0
180.903 181.134 64.0 是 0
181.134 181.594 64.0 一 0
181.594 182.514 62.0 种 0
182.514 182.974 59.0 痛 0
182.974 184.355 59.0 苦 1
186.546 186.776 59.0 在 0
186.776 187.237 64.0 人 0
187.237 187.697 62.0 多 0
187.697 188.157 64.0 时 0
188.157 188.617 62.0 候 0
188.617 189.077 62.0 最 0
189.077 189.307 62.0 沉 0
189.307 190.458 64.0 默 1
190.468 190.928 59.0 笑 0
190.928 191.388 59.0 容 0
191.388 191.618 62.0 也 0
191.618 192.078 64.0 寂 0
192.078 193.229 59.0 寞 1
193.773 194.003 59.0 在 0
194.003 194.463 64.0 万 0
194.463 194.923 62.0 丈 0
194.923 195.383 64.0 红 0
195.383 195.613 62.0 尘 0
195.613 196.074 64.0 中 1
196.227 196.917 66.0 啊 0
196.917 197.837 64.0 - 1
197.861 198.321 62.0 找 0
198.321 198.782 59.0 个 0
198.782 199.012 62.0 人 0
199.012 199.462 64.0 爱 0
199.462 200.622 59.0 我 1
201.043 201.273 59.0 当 0
201.273 201.503 59.0 我 0
201.503 201.733 59.0 避 0
201.733 201.963 57.0 开 0
201.963 202.192 57.0 你 0
202.192 202.422 55.0 的 0
202.422 202.881 57.0 柔 0
202.881 203.111 55.0 情 0
203.111 203.57 57.0 后 1
203.799 204.259 50.0 泪 0
204.259 204.718 55.0 开 0
204.718 204.947 57.0 始 0
204.947 205.406 55.0 坠 0
205.406 206.554 52.0 落 1
208.639 208.869 59.0 是 0
208.869 209.329 64.0 不 0
209.329 209.789 62.0 敢 0
209.789 210.249 64.0 不 0
210.249 210.709 62.0 想 0
210.709 211.17 64.0 不 0
211.17 211.4 62.0 应 0
211.4 212.09 64.0 该 1
212.252 212.482 64.0 再 0
212.482 212.942 62.0 谢 0
212.942 213.402 59.0 谢 0
213.402 213.862 59.0 你 0
213.862 214.093 59.0 的 0
214.093 215.243 62.0 爱 1
215.981 216.211 59.0 我 0
216.222 216.671 64.0 不 0
216.671 216.901 62.0 得 0
216.901 217.592 64.0 不 0
217.592 218.052 62.0 存 0
218.052 218.512 64.0 在 1
218.528 219.218 66.0 啊 0
219.218 219.678 64.0 - 0
219.678 219.909 62.0 - 1
219.922 220.382 62.0 像 0
220.382 220.842 59.0 一 0
220.842 221.072 62.0 颗 0
221.072 221.296 62.0 尘 0
221.296 221.762 64.0 - 0
221.762 222.682 59.0 埃 1
223.295 223.525 52.0 还 0
223.525 224.445 57.0 是 0
225.135 225.365 57.0 会 0
225.365 225.826 57.0 带 0
225.826 226.286 55.0 给 0
226.286 226.516 55.0 你 0
226.516 226.976 62.0 伤 0
226.976 229.507 59.0 害 1
230.642 230.872 59.0 是 0
230.872 231.332 64.0 不 0
231.332 231.793 62.0 敢 0
231.793 232.253 64.0 不 0
232.253 232.713 62.0 想 0
232.713 233.173 62.0 不 0
233.173 233.403 62.0 应 0
233.403 234.093 64.0 该 1
234.387 234.618 64.0 再 0
234.618 235.078 62.0 谢 0
235.078 235.538 59.0 谢 0
235.538 235.998 59.0 你 0
235.998 236.228 59.0 的 0
236.239 237.379 62.0 爱 1
238.126 238.356 59.0 我 0
238.356 238.816 64.0 不 0
238.816 239.046 62.0 得 0
239.046 239.736 64.0 不 0
239.736 240.196 62.0 存 0
240.196 240.657 64.0 在 1
240.657 241.347 66.0 啊 0
241.347 241.807 64.0 - 0
241.807 242.037 62.0 - 1
242.037 242.497 62.0 在 0
242.497 242.957 59.0 你 0
242.957 243.187 62.0 的 0
243.198 243.424 62.0 未 0
243.424 243.878 64.0 - 0
243.878 244.798 59.0 来 1
245.248 245.478 59.0 最 0
245.478 245.708 59.0 怕 0
245.708 245.938 59.0 这 0
245.938 246.169 57.0 样 0
246.169 246.399 57.0 就 0
246.399 246.629 55.0 是 0
246.629 247.089 57.0 带 0
247.089 247.319 55.0 给 0
247.319 247.782 57.0 你 0
248.018 248.491 50.0 永 0
248.491 248.963 55.0 远 0
248.963 249.199 57.0 的 0
249.199 249.673 55.0 伤 0
249.673 251.827 52.0 害 1
