19.828 20.072 62.0 我 0
20.072 20.316 62.0 们 0
20.316 20.56 62.0 一 0
20.56 20.804 60.0 起 0
20.804 21.291 57.0 闯 0
21.291 21.779 57.0 码 0
21.779 22.023 62.0 头 0
22.023 22.389 62.0 啊 0
23.607 23.851 57.0 马 0
23.851 24.095 60.0 - 0
24.095 24.339 62.0 上 0
24.339 24.583 60.0 和 0
24.583 25.071 62.0 你 0
25.071 25.559 57.0 要 0
25.559 26.534 57.0 分 0
27.605 27.849 57.0 手 0
27.849 28.336 57.0 催 0
28.336 28.58 65.0 人 0
28.58 29.068 60.0 的 0
29.068 29.556 60.0 汽 0
29.556 29.8 55.0 笛 0
29.8 30.288 55.0 淹 0
30.288 30.532 57.0 没 0
30.532 31.019 53.0 了 0
31.019 31.507 50.0 哀 0
31.553 31.797 55.0 愁 0
31.797 32.041 55.0 止 0
32.041 32.285 55.0 不 0
32.285 32.529 57.0 住 0
32.529 33.017 53.0 的 0
33.017 33.504 52.0 眼 0
33.504 34.48 50.0 泪 0
35.453 35.697 62.0 流 0
35.697 35.94 62.0 不 0
35.94 36.184 62.0 是 0
36.184 36.428 60.0 哥 0
36.428 36.916 57.0 哥 0
36.916 37.404 57.0 不 0
37.404 37.648 62.0 爱 0
37.648 38.014 62.0 你 0
39.198 39.442 57.0 呀 0
39.442 39.686 60.0 因 0
39.686 39.93 62.0 为 0
39.93 40.174 60.0 我 0
40.174 40.662 57.0 是 0
40.662 41.149 60.0 农 0
41.149 42.125 57.0 村 0
43.145 43.388 57.0 的 0
43.388 43.876 57.0 一 0
43.876 44.12 65.0 年 0
44.12 44.608 60.0 的 0
44.608 45.096 60.0 收 0
45.096 45.34 55.0 入 0
45.34 45.584 55.0 只 0
45.584 45.827 55.0 能 0
45.827 46.071 57.0 养 0
46.071 46.559 53.0 活 0
46.559 47.047 50.0 自 0
47.062 47.306 55.0 己 0
47.306 47.55 55.0 哪 0
47.55 47.794 55.0 里 0
47.794 48.038 57.0 还 0
48.038 48.281 53.0 能 0
48.281 48.525 53.0 顾 0
48.525 49.013 52.0 得 0
49.013 49.989 50.0 上 0
58.788 59.032 62.0 你 0
59.032 59.276 62.0 我 0
59.276 59.52 62.0 要 0
59.52 59.764 60.0 为 0
59.764 60.252 57.0 你 0
60.252 60.74 57.0 去 0
60.74 60.983 62.0 奋 0
60.983 61.349 62.0 斗 0
62.716 62.96 57.0 哇 0
62.96 63.204 60.0 再 0
63.204 63.447 62.0 苦 0
63.447 63.691 60.0 再 0
63.691 64.179 62.0 累 0
64.179 64.667 57.0 不 0
64.667 65.643 57.0 回 0
66.606 66.85 57.0 头 0
66.85 67.338 57.0 只 0
67.338 67.582 65.0 要 0
67.582 68.07 60.0 你 0
68.07 68.557 57.0 耐 0
68.557 68.801 55.0 心 0
68.801 69.289 55.0 把 0
69.289 69.533 57.0 我 0
69.533 70.021 53.0 来 0
70.021 70.509 50.0 等 0
70.557 70.801 55.0 候 0
70.801 71.044 55.0 总 0
71.044 71.288 55.0 有 0
71.288 71.532 57.0 一 0
71.532 72.02 53.0 天 0
72.02 72.508 52.0 会 0
72.508 73.483 50.0 出 0
74.357 74.601 62.0 头 0
74.601 74.845 62.0 等 0
74.845 75.089 62.0 我 0
75.089 75.333 60.0 搬 0
75.333 75.82 57.0 到 0
75.82 76.308 57.0 城 0
76.308 76.552 62.0 里 0
76.552 76.918 62.0 去 0
78.288 78.532 57.0 啊 0
78.532 78.776 60.0 开 0
78.776 79.02 62.0 着 0
79.02 79.264 60.0 大 0
79.264 79.752 57.0 奔 0
79.752 80.24 57.0 来 0
80.24 81.215 57.0 接 0
82.222 82.466 57.0 你 0
82.466 82.954 57.0 到 0
82.954 83.198 65.0 那 0
83.198 83.685 62.0 个 0
83.685 84.173 60.0 时 0
84.173 84.417 55.0 候 0
84.417 84.661 55.0 把 0
84.661 84.905 55.0 你 0
84.905 85.149 57.0 搂 0
85.149 85.637 53.0 在 0
85.637 86.124 50.0 怀 0
86.179 86.423 55.0 里 0
86.423 86.667 55.0 再 0
86.667 86.911 55.0 叫 0
86.911 87.155 57.0 一 0
87.155 87.643 53.0 声 0
87.643 88.131 52.0 亲 0
88.131 89.106 50.0 爱 0
113.506 113.75 62.0 的 0
113.75 113.994 62.0 我 0
113.994 114.238 62.0 们 0
114.238 114.482 60.0 一 0
114.482 114.97 57.0 起 0
114.97 115.458 57.0 闯 0
115.458 115.702 62.0 码 0
115.702 116.067 62.0 头 0
117.286 117.53 57.0 啊 0
117.53 117.774 60.0 马 0
117.774 118.018 62.0 上 0
118.018 118.262 60.0 和 0
118.262 118.749 60.0 你 0
118.749 119.237 57.0 要 0
119.237 120.213 57.0 分 0
121.249 121.493 57.0 手 0
121.493 121.981 57.0 催 0
121.981 122.225 65.0 人 0
122.225 122.713 60.0 的 0
122.713 123.201 60.0 汽 0
123.201 123.444 55.0 笛 0
123.444 123.932 55.0 淹 0
123.932 124.176 57.0 没 0
124.176 124.664 53.0 了 0
124.664 125.152 50.0 哀 0
125.245 125.489 55.0 愁 0
125.489 125.733 55.0 止 0
125.733 125.976 55.0 不 0
125.976 126.22 57.0 住 0
126.22 126.708 53.0 的 0
126.708 127.196 52.0 眼 0
127.196 128.172 50.0 泪 0
128.971 129.215 62.0 流 0
129.215 129.459 62.0 不 0
129.459 129.703 62.0 是 0
129.703 129.947 60.0 哥 0
129.947 130.435 57.0 哥 0
130.435 130.922 57.0 不 0
130.922 131.166 62.0 爱 0
131.166 131.532 62.0 你 0
133.036 133.28 57.0 呀 0
133.28 133.523 60.0 因 0
133.523 133.767 62.0 为 0
133.767 134.011 60.0 我 0
134.011 134.499 57.0 是 0
134.499 134.987 57.0 农 0
134.987 135.962 57.0 村 0
136.763 137.007 57.0 的 0
137.007 137.495 57.0 一 0
137.495 137.739 65.0 年 0
137.739 138.227 60.0 的 0
138.227 138.714 57.0 收 0
138.714 138.958 55.0 入 0
138.958 139.202 55.0 只 0
139.202 139.446 55.0 能 0
139.446 139.69 57.0 养 0
139.69 140.178 53.0 活 0
140.178 140.666 50.0 自 0
140.853 141.096 55.0 己 0
141.096 141.34 55.0 哪 0
141.34 141.584 55.0 里 0
141.584 141.828 57.0 还 0
141.828 142.072 53.0 能 0
142.072 142.316 53.0 顾 0
142.316 142.804 52.0 得 0
142.804 143.779 50.0 上 0
152.449 152.693 62.0 你 0
152.693 152.937 62.0 我 0
152.937 153.181 62.0 要 0
153.181 153.424 60.0 为 0
153.424 153.912 57.0 你 0
153.912 154.4 57.0 去 0
154.4 154.644 62.0 奋 0
154.644 155.01 62.0 斗 0
156.455 156.699 57.0 哇 0
156.699 156.943 60.0 再 0
156.943 157.187 62.0 苦 0
157.187 157.431 60.0 再 0
157.431 157.919 62.0 累 0
157.919 158.407 57.0 不 0
158.407 159.382 57.0 回 0
160.33 160.574 57.0 头 0
160.574 161.061 57.0 只 0
161.061 161.305 65.0 要 0
161.305 161.793 60.0 你 0
161.793 162.281 60.0 耐 0
162.281 162.525 55.0 心 0
162.525 163.013 55.0 把 0
163.013 163.257 57.0 我 0
163.257 163.744 50.0 来 0
163.744 164.232 50.0 等 0
164.254 164.498 55.0 候 0
164.498 164.742 55.0 总 0
164.742 164.986 55.0 有 0
164.986 165.23 57.0 一 0
165.23 165.718 53.0 天 0
165.718 166.205 52.0 会 0
166.205 167.181 50.0 出 0
168.048 168.292 62.0 头 0
168.292 168.535 62.0 等 0
168.535 168.779 62.0 我 0
168.779 169.023 60.0 搬 0
169.023 169.511 57.0 到 0
169.511 169.999 57.0 城 0
169.999 170.243 62.0 里 0
170.243 170.609 62.0 去 0
172.014 172.258 57.0 啊 0
172.258 172.502 60.0 开 0
172.502 172.746 62.0 着 0
172.746 172.99 60.0 大 0
172.99 173.477 57.0 奔 0
173.477 173.965 57.0 来 0
173.965 174.941 57.0 接 0
175.939 176.183 57.0 你 0
176.183 176.671 57.0 到 0
176.671 176.915 65.0 那 0
176.915 177.403 60.0 个 0
177.403 177.891 60.0 时 0
177.891 178.135 55.0 候 0
178.135 178.379 55.0 把 0
178.379 178.622 55.0 你 0
178.622 178.866 57.0 搂 0
178.866 179.354 53.0 在 0
179.354 179.842 50.0 怀 0
179.853 180.097 55.0 里 0
180.097 180.341 55.0 再 0
180.341 180.585 55.0 叫 0
180.585 180.829 57.0 一 0
180.829 181.316 53.0 声 0
181.316 181.804 52.0 亲 0
181.804 182.78 50.0 爱 0
183.744 183.988 57.0 的 0
183.988 184.476 57.0 到 0
184.476 184.72 65.0 那 0
184.72 185.208 60.0 个 0
185.208 185.696 60.0 时 0
185.696 185.94 55.0 候 0
185.94 186.183 55.0 把 0
186.183 186.427 55.0 你 0
186.427 186.671 57.0 搂 0
186.671 187.159 53.0 在 0
187.159 187.647 50.0 怀 0
187.667 187.911 55.0 里 0
187.911 188.155 55.0 再 0
188.155 188.399 55.0 叫 0
188.399 188.642 57.0 一 0
188.642 189.13 53.0 声 0
189.13 189.618 52.0 亲 0
189.618 190.594 50.0 爱 0
191.526 191.77 57.0 的 0
191.77 192.258 57.0 到 0
192.258 192.502 65.0 那 0
192.502 192.99 60.0 个 0
192.99 193.477 60.0 时 0
193.477 193.721 55.0 候 0
193.721 193.965 55.0 把 0
193.965 194.209 55.0 你 0
194.209 194.453 57.0 搂 0
194.453 194.941 53.0 在 0
194.941 195.429 50.0 怀 0
195.449 195.693 55.0 里 0
195.693 195.937 55.0 再 0
195.937 196.18 55.0 说 0
196.18 196.424 57.0 一 0
196.424 196.912 65.0 句 0
196.912 197.4 64.0 我 0
197.4 199.351 62.0 爱 0
