19.37 19.634 57.0 糖 0
19.636 19.899 59.0 果 0
19.901 20.43 61.0 罐 0
20.432 20.961 57.0 里 0
20.963 21.492 59.0 好 0
21.494 21.757 57.0 多 0
21.76 22.288 54.0 颜 0
22.291 22.554 57.0 色 0
22.556 23.085 59.0 - 1
23.731 23.994 57.0 微 0
24.262 24.791 57.0 笑 0
24.793 25.255 53.0 却 0
25.324 25.654 52.0 不 0
25.855 26.185 61.0 甜 0
26.253 27.047 61.0 了 1
27.838 28.101 57.0 你 0
28.103 28.367 59.0 - 0
28.369 28.898 61.0 的 0
28.9 29.362 57.0 某 0
29.431 29.959 59.0 些 0
29.962 30.225 61.0 快 0
30.227 30.69 54.0 - 1
31.011 31.274 54.0 在 0
31.276 31.539 56.0 - 0
31.542 31.938 57.0 没 0
32.073 32.203 57.0 有 0
32.338 32.601 57.0 我 0
32.869 33.132 57.0 时 0
33.135 33.398 59.0 - 0
33.4 34.792 59.0 - 1
36.456 36.653 57.0 中 0
36.722 36.919 59.0 古 0
36.987 37.516 61.0 世 0
37.518 37.981 57.0 纪 0
38.049 38.512 59.0 的 0
38.58 38.844 57.0 城 0
38.846 39.308 54.0 市 0
39.377 40.304 59.0 里 1
40.617 40.88 57.0 我 0
41.148 41.677 57.0 想 0
41.679 42.208 53.0 - 0
42.21 42.672 52.0 就 0
42.741 42.938 61.0 走 0
43.007 44.0 61.0 到 0
44.068 44.265 59.0 这 1
44.929 45.192 57.0 海 0
45.194 45.458 59.0 - 0
45.46 45.989 61.0 鸥 0
45.991 46.453 57.0 不 0
46.522 46.984 59.0 眷 0
47.053 47.316 57.0 恋 0
47.318 47.847 59.0 - 0
47.849 48.776 54.0 大 1
49.131 49.328 52.0 可 0
49.396 49.527 52.0 - 0
49.662 50.19 52.0 飞 0
50.193 50.39 59.0 - 0
50.458 51.385 59.0 更 1
51.822 52.087 57.0 远 0
52.087 52.35 59.0 方 0
52.353 52.616 61.0 传 0
52.618 52.881 57.0 来 0
52.884 54.408 61.0 风 0
54.476 54.607 59.0 - 0
54.742 55.735 59.0 笛 1
55.956 56.22 57.0 我 0
56.222 56.485 59.0 - 0
56.487 56.751 61.0 只 0
56.753 56.95 57.0 在 0
57.018 57.282 61.0 意 0
57.549 57.746 61.0 你 0
57.815 58.012 61.0 - 0
58.346 58.808 66.0 消 0
58.877 59.87 68.0 - 1
60.347 60.61 66.0 城 0
60.613 60.876 68.0 堡 0
60.878 61.141 69.0 为 0
61.144 61.407 68.0 爱 0
61.409 61.672 68.0 守 0
61.675 61.938 69.0 - 0
62.206 62.734 69.0 着 0
62.737 62.867 62.0 - 0
63.002 63.133 62.0 秘 0
63.268 64.194 62.0 密 1
64.634 64.897 64.0 而 0
64.899 65.163 61.0 我 0
65.165 65.362 57.0 为 0
65.43 65.694 59.0 你 0
65.696 65.959 59.0 守 0
65.961 66.225 61.0 - 0
66.492 67.021 61.0 着 0
67.023 67.154 59.0 - 0
67.289 67.419 59.0 回 0
67.554 68.017 59.0 忆 1
68.182 68.644 64.0 明 0
68.713 69.175 64.0 - 0
69.244 69.64 66.0 明 0
69.775 70.237 64.0 不 0
70.306 70.569 57.0 - 0
70.571 71.299 61.0 习 0
71.368 71.631 62.0 惯 0
71.633 72.095 59.0 牵 1
72.484 72.813 64.0 为 0
73.015 73.477 64.0 何 0
73.545 74.008 64.0 却 0
74.076 74.34 64.0 主 0
74.342 74.605 52.0 - 0
74.607 74.871 52.0 - 0
74.873 75.402 54.0 动 0
75.669 75.933 56.0 手 0
75.935 76.397 57.0 - 1
76.669 76.999 64.0 你 0
77.2 77.53 64.0 的 0
77.731 78.26 66.0 心 0
78.262 78.725 64.0 - 0
78.793 78.99 57.0 太 0
79.059 79.72 57.0 多 0
80.386 80.849 64.0 我 0
80.917 81.048 57.0 不 0
81.183 81.579 57.0 会 0
81.714 82.11 59.0 戳 0
82.245 84.632 61.0 破 1
85.197 85.593 64.0 明 0
85.728 86.058 64.0 - 0
86.259 86.721 66.0 就 0
86.79 87.053 64.0 - 0
87.055 87.319 57.0 他 0
87.321 87.584 57.0 - 0
87.586 88.381 61.0 比 0
88.383 88.646 62.0 较 0
88.648 89.044 59.0 温 1
89.465 89.861 64.0 也 0
89.996 90.524 64.0 许 0
90.527 90.923 66.0 - 0
91.058 91.586 68.0 能 0
91.589 91.852 69.0 - 0
91.854 92.383 71.0 给 0
92.385 92.582 68.0 你 0
92.651 92.847 68.0 更 0
92.916 93.445 71.0 多 0
93.447 94.374 69.0 - 1
94.858 95.254 66.0 不 0
95.389 95.885 64.0 用 0
95.92 96.117 57.0 决 0
96.186 96.648 57.0 择 0
96.982 97.246 57.0 我 0
97.248 97.511 59.0 会 0
97.513 97.976 62.0 自 0
98.044 98.308 61.0 动 0
98.31 98.772 57.0 变 0
98.841 99.303 59.0 朋 0
99.372 99.502 57.0 - 0
99.637 102.29 57.0 友 1
117.043 117.307 57.0 糖 0
117.309 117.572 59.0 - 0
117.574 118.103 61.0 果 0
118.105 118.634 57.0 罐 0
118.636 119.165 59.0 里 0
119.167 119.43 57.0 好 0
119.433 119.961 54.0 多 0
119.964 120.227 57.0 颜 0
120.229 120.758 59.0 色 1
121.328 121.591 57.0 微 0
121.859 122.388 57.0 笑 0
122.39 122.852 53.0 - 0
122.921 123.251 52.0 不 0
123.452 123.782 61.0 甜 0
123.85 124.644 61.0 了 1
125.565 125.828 57.0 你 0
125.83 126.094 59.0 的 0
126.096 126.625 61.0 某 0
126.627 127.089 57.0 些 0
127.158 127.687 59.0 快 0
127.689 127.952 61.0 - 0
127.954 128.417 54.0 乐 1
128.828 129.091 54.0 在 0
129.093 129.356 56.0 - 0
129.359 129.755 57.0 没 0
129.89 130.02 57.0 我 0
130.155 130.418 57.0 的 0
130.686 130.949 57.0 时 0
130.952 131.215 59.0 - 0
131.217 132.609 59.0 - 1
134.136 134.333 57.0 中 0
134.402 134.599 59.0 古 0
134.667 135.196 61.0 世 0
135.198 135.661 57.0 - 0
135.729 136.192 59.0 的 0
136.26 136.524 57.0 城 0
136.526 136.988 54.0 - 0
137.057 137.984 59.0 里 1
138.424 138.687 57.0 我 0
138.955 139.484 57.0 想 0
139.486 140.015 53.0 就 0
140.017 140.479 52.0 走 0
140.548 140.745 61.0 到 0
140.814 141.807 61.0 这 0
141.876 142.072 59.0 - 1
142.554 142.817 57.0 海 0
142.819 143.083 59.0 - 0
143.085 143.614 61.0 鸥 0
143.616 144.078 57.0 不 0
144.147 144.609 59.0 再 0
144.678 144.941 57.0 眷 0
144.943 145.472 59.0 恋 0
145.474 146.401 54.0 大 1
146.941 147.138 52.0 可 0
147.206 147.337 52.0 以 0
147.472 148.0 52.0 飞 0
148.003 148.2 59.0 更 0
148.268 149.195 59.0 远 1
149.49 149.755 57.0 远 0
149.755 150.018 59.0 - 0
150.021 150.284 61.0 方 0
150.286 150.549 57.0 传 0
150.552 152.076 61.0 来 0
152.144 152.275 59.0 风 0
152.41 153.403 59.0 笛 1
153.74 154.004 57.0 我 0
154.006 154.269 59.0 只 0
154.271 154.535 61.0 在 0
154.537 154.734 57.0 意 0
154.802 155.066 61.0 有 0
155.333 155.53 61.0 你 0
155.599 155.796 61.0 的 0
156.13 156.592 66.0 消 0
156.661 157.654 68.0 息 1
157.922 158.185 66.0 城 0
158.188 158.451 68.0 - 0
158.453 158.716 69.0 堡 0
158.719 158.982 68.0 为 0
158.984 159.247 68.0 爱 0
159.25 159.513 69.0 守 0
159.781 160.309 69.0 着 0
160.312 160.442 62.0 - 0
160.577 160.708 62.0 - 0
160.843 161.77 62.0 秘 1
162.255 162.518 64.0 而 0
162.52 162.784 61.0 我 0
162.786 162.983 57.0 为 0
163.051 163.315 59.0 你 0
163.317 163.58 59.0 守 0
163.582 163.846 61.0 - 0
164.113 164.642 61.0 着 0
164.644 164.775 59.0 - 0
164.91 165.04 59.0 回 0
165.175 165.638 59.0 忆 1
166.031 166.493 64.0 明 0
166.562 167.024 64.0 明 0
167.093 167.489 66.0 就 0
167.624 168.086 64.0 不 0
168.155 168.418 57.0 习 0
168.42 169.148 61.0 惯 0
169.217 169.48 62.0 牵 0
169.482 169.944 59.0 手 1
170.186 170.515 64.0 为 0
170.717 171.179 64.0 何 0
171.248 171.71 64.0 却 0
171.778 172.042 64.0 主 0
172.044 172.307 52.0 - 0
172.309 172.573 52.0 - 0
172.575 173.104 54.0 动 0
173.371 173.635 56.0 手 0
173.637 174.099 57.0 - 1
174.43 174.76 64.0 你 0
174.961 175.291 64.0 的 0
175.492 176.021 66.0 心 0
176.023 176.486 64.0 - 0
176.554 176.751 57.0 事 0
176.82 177.481 57.0 太 0
178.147 178.61 64.0 我 0
178.678 178.809 57.0 - 0
178.944 179.34 57.0 会 0
179.475 179.871 59.0 戳 0
180.006 182.393 61.0 破 1
182.995 183.391 64.0 明 0
183.526 183.856 64.0 明 0
184.057 184.519 66.0 就 0
184.588 184.851 64.0 他 0
184.853 185.117 57.0 - 0
185.119 185.382 57.0 - 0
185.384 186.179 61.0 比 0
186.181 186.444 62.0 较 0
186.446 186.842 59.0 温 1
187.137 187.533 64.0 也 0
187.668 188.196 64.0 许 0
188.199 188.595 66.0 他 0
188.73 189.258 68.0 能 0
189.261 189.524 69.0 给 0
189.526 190.055 71.0 你 0
190.057 190.254 68.0 - 0
190.323 190.519 68.0 更 0
190.588 191.117 71.0 多 0
191.119 192.046 69.0 - 1
192.58 192.976 66.0 不 0
193.111 193.607 64.0 用 0
193.642 193.839 57.0 决 0
193.908 194.37 57.0 择 0
194.704 194.968 57.0 我 0
194.97 195.233 59.0 会 0
195.235 195.698 62.0 自 0
195.766 196.03 61.0 动 0
196.032 196.494 57.0 变 0
196.563 197.025 59.0 朋 0
197.094 197.224 57.0 - 0
197.359 200.012 57.0 友 1
215.443 215.707 61.0 明 0
215.841 216.105 61.0 明 0
216.173 216.37 64.0 就 0
216.505 216.702 64.0 明 0
216.903 217.167 64.0 明 0
217.235 217.432 69.0 就 0
217.567 217.764 69.0 明 0
217.965 218.295 69.0 明 0
218.364 218.494 71.0 就 0
218.629 218.959 73.0 他 0
219.16 219.291 73.0 比 0
219.426 219.888 73.0 较 0
219.957 220.087 71.0 - 0
220.222 220.353 71.0 温 0
220.488 220.95 71.0 柔 1
221.723 222.252 68.0 也 0
222.254 222.783 69.0 - 0
222.785 223.247 71.0 许 0
223.316 223.579 68.0 他 0
223.581 224.376 64.0 能 0
224.378 224.575 71.0 给 0
224.643 225.039 71.0 你 0
225.174 225.969 69.0 多 1
226.59 226.986 66.0 不 0
227.121 227.384 64.0 用 0
227.652 227.782 57.0 决 0
227.917 228.38 57.0 择 0
228.714 228.977 57.0 我 0
228.979 229.242 59.0 会 0
229.245 229.707 62.0 自 0
229.776 230.039 61.0 动 0
230.041 230.503 57.0 变 0
230.572 231.034 59.0 朋 0
231.103 231.234 57.0 - 0
231.368 234.154 57.0 友 1
