14.872 15.082 53.0 忍 0
15.082 15.515 65.0 不 0
15.515 15.943 65.0 住 0
15.943 16.372 63.0 化 0
16.372 16.586 63.0 身 0
16.586 16.8 58.0 一 0
16.8 17.229 60.0 - 0
17.229 17.657 60.0 条 0
17.657 18.086 58.0 固 0
18.086 18.3 56.0 执 0
18.3 18.514 58.0 的 0
18.514 18.943 60.0 - 0
18.943 19.8 58.0 鱼 1
21.983 22.412 60.0 逆 0
22.412 22.626 60.0 着 0
22.626 23.269 58.0 洋 0
23.269 23.697 58.0 流 0
23.697 24.126 56.0 独 0
24.126 24.336 56.0 自 0
24.336 24.551 56.0 游 0
24.551 24.983 58.0 - 0
24.983 25.301 56.0 到 0
25.301 26.268 53.0 底 1
28.76 29.192 65.0 年 0
29.192 29.62 65.0 少 0
29.62 30.049 63.0 时 0
30.049 30.263 63.0 候 0
30.263 30.477 58.0 虔 0
30.477 30.906 60.0 - 0
30.906 31.334 60.0 诚 0
31.334 31.763 58.0 发 0
31.763 31.977 56.0 过 0
31.977 32.191 58.0 的 0
32.191 32.62 60.0 - 0
32.62 33.477 58.0 誓 1
35.442 35.653 53.0 沉 0
35.653 36.085 60.0 默 0
36.085 36.514 60.0 地 0
36.514 36.942 58.0 沉 0
36.942 37.156 58.0 没 0
37.156 37.799 56.0 在 0
38.228 38.656 56.0 深 0
38.656 38.87 56.0 海 0
38.87 39.942 53.0 里 1
42.154 42.368 56.0 重 0
42.368 42.583 53.0 温 0
42.583 42.797 58.0 几 0
42.797 43.225 60.0 - 0
43.225 44.297 58.0 次 1
45.628 45.843 56.0 结 0
45.843 46.057 53.0 局 0
46.057 46.271 58.0 还 0
46.271 46.7 60.0 - 0
46.7 47.771 58.0 是 1
48.571 48.999 58.0 失 0
48.999 49.214 56.0 去 0
49.214 50.285 53.0 你 1
56.04 56.254 65.0 我 0
56.254 56.683 72.0 被 0
56.683 57.111 72.0 爱 0
57.111 57.54 70.0 判 0
57.54 57.964 70.0 处 0
57.968 58.397 68.0 终 0
58.397 58.825 65.0 身 0
58.825 59.039 70.0 孤 0
59.039 59.254 72.0 - 0
59.254 59.468 70.0 - 0
59.468 60.325 70.0 寂 1
61.322 61.965 63.0 不 0
61.965 62.179 72.0 还 0
62.179 62.608 75.0 - 0
62.608 63.893 72.0 手 0
64.75 65.393 63.0 不 0
65.393 65.607 72.0 放 0
65.607 66.036 75.0 - 0
66.036 67.321 68.0 手 1
69.628 69.842 65.0 笔 0
69.842 70.056 68.0 下 0
70.056 70.485 70.0 画 0
70.485 70.913 70.0 不 0
70.913 71.342 70.0 完 0
71.342 71.556 68.0 的 0
71.556 72.199 65.0 圆 1
73.033 73.247 65.0 心 0
73.247 73.461 68.0 间 0
73.461 73.89 70.0 填 0
73.89 74.318 70.0 不 0
74.318 74.747 70.0 满 0
74.747 74.961 68.0 的 0
74.961 75.604 63.0 缘 0
76.032 76.461 68.0 是 0
76.461 76.889 65.0 你 0
76.889 77.747 65.0 - 1
83.481 83.696 65.0 为 0
83.696 84.124 70.0 何 0
84.124 84.553 72.0 爱 0
84.553 84.981 70.0 判 0
84.981 85.406 70.0 处 0
85.41 85.838 68.0 众 0
85.838 86.267 65.0 生 0
86.267 86.481 70.0 孤 0
86.481 86.695 72.0 - 0
86.695 86.909 70.0 - 0
86.909 87.981 70.0 寂 1
88.789 89.432 63.0 挣 0
89.432 89.646 72.0 不 0
89.646 90.074 75.0 - 0
90.074 90.503 72.0 脱 0
90.503 91.36 72.0 - 0
92.217 92.86 63.0 逃 0
92.86 93.074 72.0 不 0
93.074 93.502 75.0 - 0
93.502 95.216 68.0 过 1
96.952 97.167 65.0 眉 0
97.167 97.381 68.0 头 0
97.381 97.809 70.0 解 0
97.809 98.238 70.0 不 0
98.238 98.667 70.0 开 0
98.667 98.881 68.0 的 0
98.881 99.524 65.0 结 1
100.35 100.564 65.0 命 0
100.564 100.778 68.0 中 0
100.778 101.207 72.0 解 0
101.207 101.635 70.0 不 0
101.635 102.064 70.0 开 0
102.064 102.278 68.0 的 0
102.278 102.921 63.0 劫 0
103.349 103.778 68.0 是 0
103.778 105.92 65.0 你 1
111.129 113.7 65.0 啊 0
113.7 116.271 70.0 - 0
117.985 120.985 70.0 失 0
120.985 121.414 68.0 去 0
121.414 123.128 63.0 你 1
124.821 127.82 72.0 啊 0
127.82 129.534 65.0 - 0
131.463 131.677 63.0 我 0
131.677 134.676 70.0 失 0
134.676 135.105 68.0 去 0
135.105 137.247 65.0 你 1
169.068 169.279 53.0 忍 0
169.279 169.711 65.0 不 0
169.711 170.14 65.0 住 0
170.14 170.568 63.0 化 0
170.568 170.782 63.0 身 0
170.782 170.997 58.0 一 0
170.997 171.425 60.0 - 0
171.425 171.854 60.0 条 0
171.854 172.282 58.0 固 0
172.282 172.496 56.0 执 0
172.496 172.711 58.0 的 0
172.711 173.139 60.0 - 0
173.139 174.853 58.0 鱼 1
176.198 176.626 60.0 逆 0
176.626 176.841 60.0 着 0
176.841 177.483 58.0 洋 0
177.483 177.912 58.0 流 0
177.912 178.34 56.0 独 0
178.34 178.551 56.0 自 0
178.551 178.765 56.0 游 0
178.765 179.197 58.0 - 0
179.197 179.622 56.0 到 0
179.622 180.483 53.0 底 1
182.995 183.427 65.0 年 0
183.427 183.856 65.0 少 0
183.856 184.285 63.0 时 0
184.285 184.499 63.0 候 0
184.499 184.713 58.0 虔 0
184.713 185.142 60.0 - 0
185.142 185.57 60.0 诚 0
185.57 185.999 58.0 发 0
185.999 186.213 56.0 过 0
186.213 186.427 58.0 的 0
186.427 186.856 60.0 - 0
186.856 187.713 58.0 誓 1
189.655 189.866 53.0 沉 0
189.866 190.298 60.0 默 0
190.298 190.726 60.0 地 0
190.726 191.155 58.0 沉 0
191.155 191.369 58.0 没 0
191.369 192.012 56.0 在 0
192.44 192.869 58.0 深 0
192.869 193.083 56.0 海 0
193.083 194.154 53.0 里 1
196.386 196.6 56.0 周 0
196.6 196.814 53.0 而 0
196.814 197.029 58.0 复 0
197.029 197.457 60.0 - 0
197.457 198.528 58.0 始 1
199.823 200.037 56.0 结 0
200.037 200.251 53.0 局 0
200.251 200.466 58.0 还 0
200.466 200.894 60.0 - 0
200.894 201.965 58.0 是 1
202.883 203.315 58.0 失 0
203.315 203.529 56.0 去 0
203.529 204.6 53.0 你 1
210.281 210.496 65.0 我 0
210.496 210.924 70.0 被 0
210.924 211.353 72.0 爱 0
211.353 211.781 70.0 判 0
211.781 212.206 70.0 处 0
212.21 212.638 68.0 终 0
212.638 213.067 65.0 身 0
213.067 213.281 70.0 孤 0
213.281 213.495 72.0 - 0
213.495 213.709 70.0 - 0
213.709 214.566 70.0 寂 1
215.703 216.021 63.0 不 0
216.128 216.988 75.0 还 0
216.988 217.417 72.0 手 0
217.417 217.845 72.0 - 0
219.131 219.559 63.0 不 0
219.559 219.774 72.0 放 0
219.774 220.202 75.0 - 0
220.416 222.13 68.0 手 1
223.767 223.982 65.0 笔 0
223.982 224.196 68.0 下 0
224.196 224.624 72.0 画 0
224.624 225.053 70.0 不 0
225.053 225.481 70.0 完 0
225.481 225.696 68.0 的 0
225.696 226.338 65.0 圆 1
227.307 227.521 65.0 心 0
227.521 227.735 68.0 间 0
227.735 228.164 72.0 填 0
228.164 228.592 70.0 不 0
228.592 229.021 70.0 满 0
229.021 229.235 68.0 的 0
229.235 229.878 63.0 缘 0
230.306 230.735 68.0 是 0
230.735 232.449 65.0 你 1
237.691 237.905 65.0 为 0
237.905 238.334 72.0 何 0
238.334 238.762 72.0 爱 0
238.762 239.191 70.0 判 0
239.191 239.509 70.0 处 0
239.619 240.048 68.0 众 0
240.048 240.476 65.0 生 0
240.476 240.691 70.0 孤 0
240.691 240.905 72.0 - 0
240.905 241.119 70.0 - 0
241.119 242.19 70.0 寂 1
243.159 243.802 63.0 挣 0
243.802 244.016 72.0 不 0
244.016 244.445 75.0 - 0
244.445 244.873 72.0 脱 0
244.873 245.73 72.0 - 0
246.587 247.23 63.0 逃 0
247.23 247.444 72.0 不 0
247.444 247.873 75.0 - 0
248.087 249.801 68.0 过 1
251.181 251.395 65.0 眉 0
251.395 251.61 68.0 头 0
251.61 252.038 70.0 解 0
252.038 252.467 70.0 不 0
252.467 252.895 70.0 开 0
252.895 253.109 68.0 的 0
253.109 253.752 65.0 结 1
254.695 254.909 65.0 命 0
254.909 255.124 68.0 中 0
255.124 255.552 70.0 解 0
255.552 255.981 70.0 不 0
255.981 256.409 70.0 开 0
256.409 256.623 68.0 的 0
256.623 257.266 63.0 劫 0
257.695 258.123 68.0 是 0
258.123 260.266 65.0 你 1
265.311 267.882 65.0 啊 0
267.882 270.453 70.0 - 0
272.167 275.167 70.0 失 0
275.167 275.595 68.0 去 0
275.595 277.309 63.0 你 1
279.028 281.599 72.0 啊 0
282.028 283.313 65.0 - 0
285.559 285.881 63.0 我 0
285.881 287.598 70.0 失 0
289.312 289.741 68.0 去 0
289.955 291.455 65.0 你 1
