30.678 30.901 45.0 我 0
30.905 31.015 47.0 们 0
31.132 31.242 47.0 相 0
31.36 31.469 47.0 爱 0
31.587 32.038 47.0 在 0
32.041 32.492 54.0 雨 0
32.496 33.856 50.0 季 1
34.342 34.679 49.0 留 0
34.797 34.907 49.0 下 0
35.024 35.134 49.0 了 0
35.251 35.475 49.0 爱 0
35.478 35.702 47.0 的 0
35.706 36.157 47.0 痕 0
36.16 37.52 47.0 迹 1
38.105 38.329 45.0 天 0
38.333 38.443 47.0 空 0
38.56 38.67 47.0 下 0
38.787 38.897 47.0 起 0
39.015 39.465 47.0 了 0
39.469 39.92 54.0 细 0
39.924 41.17 50.0 雨 1
41.622 41.845 50.0 那 0
41.849 41.959 52.0 是 0
42.076 42.186 52.0 想 0
42.304 42.414 52.0 你 0
42.531 42.982 52.0 的 0
42.985 43.436 57.0 泪 0
43.44 44.8 54.0 滴 1
45.296 45.747 54.0 日 0
45.751 46.088 59.0 夜 0
46.205 46.429 59.0 的 0
46.433 46.883 54.0 思 0
46.887 47.111 52.0 - 0
47.114 48.247 52.0 念 0
48.933 49.383 57.0 盼 0
49.387 49.724 54.0 望 0
49.842 50.065 52.0 你 0
50.069 50.292 52.0 出 0
50.296 50.747 54.0 - 0
50.751 52.111 47.0 现 1
52.492 52.715 47.0 念 0
52.719 53.056 52.0 你 0
53.174 53.284 52.0 的 0
53.401 53.738 52.0 心 0
53.856 54.079 50.0 还 0
54.083 54.306 52.0 在 0
54.31 54.761 54.0 原 0
54.765 55.215 52.0 点 0
55.219 55.443 50.0 守 0
55.447 55.897 54.0 着 0
55.901 56.125 47.0 - 0
56.128 58.852 47.0 你 1
59.832 60.055 45.0 虽 0
60.059 60.169 47.0 然 0
60.286 60.396 47.0 不 0
60.514 60.623 47.0 能 0
60.741 61.192 47.0 在 0
61.195 61.646 54.0 一 0
61.65 63.01 50.0 起 1
63.516 63.74 47.0 只 0
63.743 63.853 49.0 好 0
63.971 64.08 49.0 把 0
64.198 64.308 49.0 你 0
64.425 64.876 49.0 藏 0
64.88 65.33 45.0 心 0
65.334 66.694 47.0 底 1
67.077 67.301 45.0 心 0
67.305 67.415 47.0 痛 0
67.532 67.642 47.0 伤 0
67.759 67.869 47.0 疤 0
67.987 68.437 47.0 擦 0
68.441 68.892 52.0 不 0
68.896 70.142 50.0 去 1
70.67 70.893 50.0 梦 0
70.897 71.007 52.0 里 0
71.124 71.234 52.0 喊 0
71.352 71.461 52.0 你 0
71.579 72.03 52.0 的 0
72.033 72.484 57.0 名 0
72.488 73.848 54.0 字 1
74.418 74.869 54.0 我 0
74.873 75.21 59.0 不 0
75.327 75.664 59.0 愿 0
75.782 76.233 52.0 失 0
76.236 77.369 52.0 去 0
78.055 78.505 57.0 今 0
78.509 78.846 54.0 生 0
78.964 79.187 52.0 的 0
79.191 79.642 52.0 记 0
79.645 79.869 54.0 - 0
79.873 81.233 47.0 忆 1
81.603 81.826 47.0 想 0
81.83 82.167 52.0 你 0
82.285 82.395 52.0 的 0
82.512 82.849 52.0 人 0
82.967 83.19 50.0 还 0
83.194 83.417 52.0 在 0
83.421 83.872 54.0 夜 0
83.876 84.326 52.0 里 0
84.33 84.554 50.0 盼 0
84.557 85.008 54.0 着 0
85.012 85.235 47.0 - 0
85.239 87.054 47.0 你 1
87.957 88.407 62.0 当 0
88.411 88.862 64.0 流 0
88.866 89.316 64.0 星 0
89.32 89.885 66.0 - 0
90.229 90.453 66.0 划 0
90.457 90.68 66.0 过 0
90.684 91.135 66.0 苍 0
91.138 91.589 64.0 茫 0
91.593 91.816 62.0 的 0
91.82 92.271 61.0 天 0
92.275 92.498 62.0 - 0
92.502 94.544 59.0 际 1
95.243 95.58 59.0 两 0
95.698 96.149 66.0 颗 0
96.152 97.171 64.0 心 0
97.516 97.739 64.0 拉 0
97.743 97.967 64.0 开 0
97.971 98.421 64.0 遥 0
98.425 98.649 62.0 远 0
98.88 99.103 62.0 的 0
99.107 99.558 59.0 距 0
99.561 99.671 57.0 - 0
99.789 101.717 57.0 离 1
102.546 102.997 62.0 这 0
103.001 103.338 64.0 份 0
103.455 103.906 64.0 爱 0
103.91 104.474 66.0 - 0
104.819 104.929 66.0 成 0
105.046 105.156 66.0 为 0
105.273 105.724 66.0 美 0
105.728 106.179 64.0 好 0
106.182 106.406 62.0 的 0
106.41 106.86 61.0 回 0
106.864 107.088 62.0 - 0
107.091 108.906 59.0 忆 1
109.808 110.258 59.0 痛 0
110.262 110.486 66.0 苦 0
110.49 110.599 64.0 的 0
110.717 111.622 64.0 我 0
112.08 112.531 62.0 在 0
112.535 112.986 64.0 思 0
112.99 113.44 62.0 念 0
113.444 113.668 59.0 天 0
113.671 114.122 64.0 边 0
114.126 114.349 62.0 的 0
114.353 116.963 62.0 你 1
147.152 147.376 45.0 虽 0
147.38 147.49 47.0 然 0
147.607 147.717 47.0 不 0
147.834 147.944 47.0 能 0
148.062 148.512 47.0 在 0
148.516 148.967 52.0 一 0
148.971 150.33 50.0 起 1
150.735 150.958 47.0 只 0
150.962 151.072 49.0 好 0
151.189 151.299 49.0 把 0
151.417 151.526 49.0 你 0
151.644 152.095 49.0 藏 0
152.098 152.549 45.0 心 0
152.553 153.913 47.0 底 1
154.318 154.542 45.0 心 0
154.545 154.655 47.0 痛 0
154.773 154.883 47.0 伤 0
155.0 155.11 47.0 疤 0
155.227 155.678 47.0 擦 0
155.682 156.133 52.0 不 0
156.136 157.383 50.0 去 1
158.12 158.343 52.0 梦 0
158.347 158.457 52.0 里 0
158.574 158.684 52.0 喊 0
158.801 158.911 52.0 你 0
159.029 159.479 52.0 的 0
159.483 159.934 57.0 名 0
159.938 161.298 54.0 字 1
161.72 162.171 54.0 我 0
162.174 162.512 59.0 不 0
162.629 162.966 59.0 愿 0
163.084 163.534 52.0 失 0
163.538 164.671 52.0 去 0
165.356 165.807 57.0 今 0
165.811 166.148 54.0 生 0
166.265 166.489 52.0 的 0
166.493 166.943 52.0 记 0
166.947 167.171 54.0 - 0
167.174 168.534 47.0 忆 1
168.968 169.191 47.0 想 0
169.195 169.532 52.0 你 0
169.649 169.759 52.0 的 0
169.877 170.214 52.0 人 0
170.331 170.555 50.0 还 0
170.559 170.782 52.0 在 0
170.786 171.237 54.0 夜 0
171.24 171.691 52.0 里 0
171.695 171.918 50.0 盼 0
171.922 172.373 54.0 着 0
172.377 172.6 47.0 - 0
172.604 174.418 47.0 你 1
175.367 175.818 62.0 当 0
175.822 176.273 64.0 流 0
176.276 176.727 64.0 星 0
176.731 177.295 66.0 - 0
177.64 177.863 66.0 划 0
177.867 178.091 66.0 过 0
178.095 178.545 66.0 苍 0
178.549 179.0 64.0 茫 0
179.004 179.227 62.0 的 0
179.231 179.682 61.0 天 0
179.685 179.909 62.0 - 0
179.913 181.954 59.0 际 1
182.558 182.895 59.0 两 0
183.013 183.463 66.0 颗 0
183.467 184.486 64.0 心 0
184.831 185.054 64.0 拉 0
185.058 185.281 64.0 开 0
185.285 185.736 64.0 遥 0
185.74 185.963 62.0 远 0
186.194 186.418 62.0 的 0
186.422 186.872 59.0 距 0
186.876 186.986 57.0 - 0
187.103 189.031 57.0 离 1
189.811 190.261 62.0 这 0
190.265 190.602 64.0 份 0
190.72 191.171 64.0 爱 0
191.174 191.739 66.0 - 0
192.083 192.193 66.0 成 0
192.311 192.421 66.0 为 0
192.538 192.989 66.0 美 0
192.993 193.443 64.0 好 0
193.447 193.671 62.0 的 0
193.674 194.125 61.0 回 0
194.129 194.352 62.0 - 0
194.356 196.171 59.0 忆 1
197.073 197.524 59.0 痛 0
197.528 197.751 66.0 苦 0
197.755 197.865 64.0 的 0
197.983 198.888 64.0 我 0
199.346 199.797 62.0 在 0
199.801 200.251 64.0 思 0
200.255 200.706 62.0 念 0
200.71 200.933 59.0 天 0
200.937 201.388 64.0 边 0
201.392 201.615 62.0 的 0
201.619 204.229 62.0 你 1
204.337 204.788 62.0 当 0
204.792 205.242 64.0 流 0
205.246 205.697 64.0 星 0
205.701 206.265 66.0 - 0
206.61 206.833 66.0 划 0
206.837 207.061 66.0 过 0
207.064 207.515 66.0 苍 0
207.519 207.97 64.0 茫 0
207.974 208.197 62.0 的 0
208.201 208.652 61.0 天 0
208.655 208.879 62.0 - 0
208.883 210.924 59.0 际 1
211.726 212.063 59.0 两 0
212.18 212.631 66.0 颗 0
212.635 213.654 64.0 心 0
213.999 214.222 64.0 拉 0
214.226 214.449 64.0 开 0
214.453 214.904 64.0 遥 0
214.908 215.131 62.0 远 0
215.362 215.586 62.0 的 0
215.59 216.04 59.0 距 0
216.044 216.268 57.0 - 0
216.271 218.199 57.0 离 1
219.025 219.475 62.0 这 0
219.479 219.816 64.0 份 0
219.934 220.384 64.0 爱 0
220.388 220.953 66.0 - 0
221.297 221.407 66.0 成 0
221.525 221.634 66.0 为 0
221.752 222.203 66.0 美 0
222.206 222.657 64.0 好 0
222.661 222.884 62.0 的 0
222.888 223.339 61.0 回 0
223.343 223.566 62.0 - 0
223.57 225.384 59.0 忆 1
226.289 226.74 59.0 痛 0
226.744 226.967 66.0 苦 0
226.971 227.081 64.0 的 0
227.198 228.104 64.0 我 0
228.562 229.013 62.0 在 0
229.017 229.467 64.0 思 0
229.471 229.922 62.0 念 0
229.926 230.149 59.0 天 0
230.153 230.604 64.0 边 0
230.608 230.831 62.0 的 0
230.835 233.445 62.0 你 1
233.518 233.969 59.0 痛 0
233.973 234.196 66.0 苦 0
234.2 234.367 64.0 的 0
234.427 235.332 64.0 我 0
235.677 236.185 62.0 在 0
236.189 236.639 64.0 思 0
236.643 237.094 62.0 念 0
237.154 237.378 59.0 天 0
237.382 237.832 64.0 边 0
237.836 238.06 62.0 的 0
238.064 240.673 62.0 你 1
