6.971 7.316 63.0 蝴 0
7.316 7.661 63.0 蝶 0
7.661 8.006 63.0 眨 0
8.006 8.351 61.0 - 0
8.351 8.696 61.0 几 0
8.696 9.385 63.0 次 0
9.385 9.73 61.0 - 0
9.73 10.075 58.0 眼 0
10.075 11.109 58.0 睛 0
12.489 12.833 56.0 才 0
12.833 13.178 59.0 学 0
13.178 13.868 61.0 会 0
13.868 14.04 61.0 飞 0
14.213 16.109 63.0 行 1
18.085 18.43 65.0 夜 0
18.43 18.775 63.0 空 0
18.775 19.119 63.0 洒 0
19.119 19.464 61.0 - 0
19.464 19.809 61.0 满 0
19.809 20.154 63.0 了 0
20.154 20.499 61.0 - 0
20.499 20.671 58.0 - 0
20.843 21.016 58.0 星 0
21.188 21.706 58.0 星 0
21.706 22.223 57.0 - 0
23.257 23.43 56.0 但 0
23.602 23.947 56.0 几 0
23.947 24.119 60.0 颗 0
24.119 24.464 61.0 - 0
24.637 24.981 61.0 会 0
24.981 25.326 63.0 落 0
25.326 26.188 63.0 地 0
26.188 27.74 56.0 - 1
28.379 28.724 58.0 我 0
28.81 29.155 61.0 飞 0
29.413 30.103 61.0 行 0
30.448 30.62 56.0 但 0
30.792 31.137 56.0 你 0
31.137 31.827 63.0 坠 0
31.827 32.172 65.0 落 0
32.172 32.861 61.0 之 0
32.861 33.206 58.0 际 0
33.206 33.551 56.0 - 1
33.823 33.995 58.0 很 0
34.168 34.34 58.0 靠 0
34.34 34.685 61.0 - 0
34.857 35.547 61.0 近 0
35.892 36.064 56.0 还 0
36.237 36.582 56.0 听 0
36.582 37.271 63.0 见 0
37.271 37.616 65.0 呼 0
37.616 38.478 61.0 吸 1
39.452 39.625 58.0 对 0
39.797 40.314 61.0 不 0
40.487 41.176 61.0 起 0
41.176 41.349 58.0 - 0
41.866 42.211 56.0 我 0
42.211 42.9 63.0 却 0
42.9 43.245 61.0 没 0
43.245 43.935 65.0 捉 0
43.935 44.107 60.0 紧 0
44.107 44.452 61.0 - 0
44.625 46.866 61.0 你 1
48.769 49.113 61.0 你 0
49.113 49.458 63.0 不 0
49.458 49.803 66.0 知 0
49.803 50.148 61.0 道 0
50.148 50.493 61.0 我 0
50.493 50.837 68.0 为 0
50.837 51.182 70.0 - 0
51.182 51.527 68.0 什 0
51.527 52.217 68.0 么 0
52.217 52.906 66.0 离 0
52.906 53.337 65.0 开 0
53.337 53.596 63.0 - 0
53.596 53.941 63.0 你 1
54.248 54.593 56.0 我 0
54.593 54.937 61.0 坚 0
54.937 55.282 65.0 持 0
55.282 55.627 66.0 不 0
55.627 55.972 56.0 能 0
55.972 56.662 68.0 说 0
56.662 57.006 66.0 放 0
57.006 57.696 65.0 任 0
57.696 57.868 61.0 你 0
57.868 58.213 63.0 - 0
58.386 58.731 63.0 哭 0
58.731 59.075 61.0 - 0
59.075 59.593 61.0 泣 1
59.748 60.093 56.0 你 0
60.093 60.438 61.0 的 0
60.438 60.782 63.0 泪 0
60.782 61.127 65.0 滴 0
61.127 61.472 61.0 像 0
61.472 61.817 65.0 倾 0
61.817 62.162 66.0 - 0
62.162 62.507 65.0 盆 0
62.507 62.851 63.0 大 0
62.851 63.196 61.0 - 0
63.196 63.886 61.0 雨 0
64.231 64.576 61.0 碎 0
64.576 64.92 60.0 - 0
64.92 65.265 60.0 了 0
65.265 65.955 61.0 满 0
65.955 66.645 63.0 地 1
66.917 67.607 66.0 在 0
67.607 67.779 65.0 心 0
67.952 68.642 65.0 里 0
68.642 68.986 63.0 清 0
68.986 69.159 65.0 - 0
69.331 70.366 65.0 晰 1
70.892 71.237 61.0 你 0
71.237 71.582 63.0 不 0
71.582 71.927 66.0 知 0
71.927 72.272 61.0 道 0
72.272 72.617 61.0 我 0
72.617 72.961 68.0 - 0
72.961 73.306 70.0 为 0
73.306 73.651 68.0 什 0
73.651 74.341 68.0 么 0
74.341 75.03 66.0 狠 0
75.03 75.375 63.0 下 0
75.375 75.72 63.0 - 0
75.72 76.065 63.0 心 1
76.397 76.742 56.0 盘 0
76.742 77.086 61.0 旋 0
77.086 77.431 65.0 在 0
77.431 77.776 66.0 你 0
77.776 77.948 56.0 看 0
78.121 78.811 68.0 不 0
78.811 79.155 66.0 见 0
79.155 79.845 65.0 的 0
79.845 80.017 61.0 高 0
80.017 80.362 63.0 - 0
80.535 80.879 63.0 空 0
80.879 81.052 61.0 - 0
81.224 82.259 61.0 里 1
83.648 84.338 58.0 多 0
84.338 84.683 61.0 的 0
84.683 85.717 61.0 是 0
86.062 86.407 56.0 你 0
86.407 87.096 63.0 不 0
87.096 87.441 61.0 知 0
87.441 88.131 65.0 道 0
88.131 88.303 60.0 的 0
88.303 88.648 61.0 - 0
88.821 91.752 61.0 事 1
100.702 101.047 63.0 蝴 0
101.047 101.392 63.0 蝶 0
101.392 101.737 63.0 眨 0
101.737 102.082 61.0 - 0
102.082 102.427 61.0 几 0
102.427 103.116 63.0 次 0
103.116 103.461 61.0 - 0
103.461 103.806 58.0 眼 0
103.806 104.84 58.0 睛 0
106.22 106.565 56.0 才 0
106.565 106.909 59.0 学 0
106.909 107.599 61.0 会 0
107.599 107.771 61.0 飞 0
107.944 109.84 63.0 行 1
111.875 112.22 65.0 夜 0
112.22 112.565 63.0 空 0
112.565 112.909 63.0 洒 0
112.909 113.254 61.0 - 0
113.254 113.599 61.0 满 0
113.599 114.116 63.0 了 0
114.289 114.634 58.0 - 0
114.634 114.806 58.0 星 0
114.978 115.582 58.0 星 0
115.582 116.013 61.0 - 0
116.013 116.272 56.0 - 0
117.047 117.22 56.0 但 0
117.392 117.737 56.0 几 0
117.737 117.909 60.0 颗 0
117.909 118.254 61.0 - 0
118.427 118.772 61.0 会 0
118.772 119.116 61.0 落 0
119.116 119.978 63.0 地 0
119.978 121.53 56.0 - 1
122.117 122.462 58.0 我 0
122.462 122.634 58.0 飞 0
122.634 122.979 61.0 - 0
123.151 123.841 61.0 行 0
124.186 124.358 56.0 但 0
124.531 124.875 56.0 你 0
124.875 125.565 63.0 坠 0
125.565 125.91 65.0 落 0
125.91 126.6 61.0 之 0
126.6 126.944 56.0 际 1
127.758 127.93 58.0 很 0
128.103 128.275 58.0 靠 0
128.275 128.62 61.0 - 0
128.793 129.482 61.0 近 0
129.827 129.999 56.0 还 0
130.172 130.517 56.0 听 0
130.517 131.206 63.0 见 0
131.206 131.551 65.0 呼 0
131.551 132.413 61.0 吸 1
133.217 133.39 58.0 对 0
133.562 133.735 58.0 不 0
133.735 134.079 61.0 - 0
134.252 134.941 61.0 起 0
134.941 135.114 58.0 - 0
135.631 135.976 56.0 我 0
135.976 136.666 63.0 却 0
136.666 137.01 61.0 没 0
137.01 137.7 65.0 捉 0
137.7 138.217 61.0 紧 0
138.39 140.631 61.0 你 1
142.482 142.826 61.0 你 0
142.826 143.171 63.0 不 0
143.171 143.516 66.0 知 0
143.516 143.861 68.0 道 0
143.861 144.206 61.0 我 0
144.206 144.551 68.0 为 0
144.551 144.895 70.0 - 0
144.895 145.24 68.0 什 0
145.24 145.93 68.0 么 0
145.93 146.62 66.0 离 0
146.62 146.964 63.0 开 0
146.964 147.309 63.0 - 0
147.309 147.654 63.0 你 1
147.953 148.298 56.0 我 0
148.298 148.643 63.0 坚 0
148.643 148.987 65.0 持 0
148.987 149.332 66.0 不 0
149.332 149.677 56.0 能 0
149.677 150.367 68.0 说 0
150.367 150.711 66.0 放 0
150.711 151.401 65.0 任 0
151.401 151.918 63.0 你 0
152.091 152.436 63.0 哭 0
152.436 152.78 61.0 - 0
152.78 153.298 61.0 泣 1
153.569 153.914 56.0 你 0
153.914 154.259 61.0 的 0
154.259 154.604 63.0 泪 0
154.604 154.948 65.0 滴 0
154.948 155.293 61.0 像 0
155.293 155.638 65.0 倾 0
155.638 155.983 66.0 - 0
155.983 156.328 65.0 盆 0
156.328 156.673 63.0 大 0
156.673 157.017 61.0 - 0
157.017 157.707 61.0 雨 0
158.052 158.397 61.0 碎 0
158.397 158.741 60.0 - 0
158.741 159.086 60.0 了 0
159.086 159.776 61.0 满 0
159.776 160.466 63.0 地 1
160.723 161.413 66.0 在 0
161.413 161.586 65.0 心 0
161.758 162.448 65.0 里 0
162.448 162.792 63.0 清 0
162.792 162.965 65.0 - 0
163.137 164.214 65.0 晰 1
164.744 165.109 61.0 你 0
165.109 165.475 65.0 不 0
165.475 165.841 66.0 知 0
165.841 166.207 68.0 道 0
166.207 166.573 61.0 我 0
166.573 166.918 68.0 - 0
166.918 167.263 70.0 为 0
167.263 167.607 68.0 什 0
167.607 168.297 68.0 么 0
168.297 168.987 66.0 狠 0
168.987 169.332 65.0 下 0
169.332 169.676 63.0 - 0
169.676 170.021 63.0 心 1
170.349 170.694 56.0 盘 0
170.694 171.039 63.0 旋 0
171.039 171.383 65.0 在 0
171.383 171.728 66.0 你 0
171.728 171.901 56.0 看 0
172.073 172.763 68.0 不 0
172.763 173.108 66.0 见 0
173.108 173.797 65.0 的 0
173.797 174.315 63.0 高 0
174.487 174.832 63.0 空 0
174.832 175.019 61.0 - 0
175.207 176.332 61.0 里 1
177.741 178.423 58.0 多 0
178.423 178.763 58.0 的 0
178.763 179.786 61.0 是 0
180.127 180.468 56.0 你 0
180.468 181.15 63.0 不 0
181.15 181.491 61.0 知 0
181.491 182.173 65.0 道 0
182.173 182.684 61.0 的 0
182.854 185.782 61.0 事 1
205.217 205.562 58.0 我 0
205.562 205.735 58.0 飞 0
205.735 206.079 61.0 - 0
206.252 206.941 61.0 行 0
207.286 207.459 56.0 但 0
207.631 207.976 56.0 你 0
207.976 208.666 63.0 坠 0
208.666 209.01 65.0 落 0
209.01 209.7 61.0 之 0
209.7 210.045 56.0 际 1
211.888 212.405 65.0 噢 0
212.405 213.267 61.0 噢 0
213.267 214.302 61.0 - 1
214.607 214.951 61.0 你 0
214.951 215.296 65.0 不 0
215.296 215.641 66.0 知 0
215.641 215.986 68.0 道 0
215.986 216.331 61.0 我 0
216.331 216.676 68.0 为 0
216.676 217.02 70.0 - 0
217.02 217.365 68.0 什 0
217.365 218.055 68.0 么 0
218.055 218.745 66.0 离 0
218.745 219.089 63.0 开 0
219.089 219.434 63.0 - 0
219.434 219.779 63.0 你 1
220.063 220.408 56.0 我 0
220.408 220.753 63.0 坚 0
220.753 221.097 65.0 持 0
221.097 221.442 66.0 不 0
221.442 221.787 56.0 能 0
221.787 222.477 68.0 说 0
222.477 222.821 66.0 放 0
222.821 223.511 65.0 任 0
223.511 224.028 63.0 你 0
224.201 224.546 63.0 哭 0
224.546 224.89 61.0 - 0
224.89 225.408 61.0 泣 1
225.615 225.96 56.0 你 0
225.96 226.305 61.0 的 0
226.305 226.65 63.0 泪 0
226.65 226.994 65.0 滴 0
226.994 227.339 61.0 像 0
227.339 227.684 65.0 倾 0
227.684 228.029 66.0 - 0
228.029 228.374 65.0 盆 0
228.374 228.719 63.0 大 0
228.719 229.063 61.0 - 0
229.063 229.753 61.0 雨 0
230.098 230.443 61.0 碎 0
230.443 230.788 60.0 - 0
230.788 231.132 60.0 了 0
231.132 231.822 61.0 满 0
231.822 232.512 63.0 地 1
232.896 233.241 66.0 在 0
233.241 233.586 65.0 - 0
233.586 233.759 65.0 心 0
233.931 234.621 65.0 里 0
234.621 234.965 63.0 清 0
234.965 235.138 65.0 - 0
235.31 236.387 65.0 晰 1
236.638 237.004 61.0 你 0
237.004 237.369 65.0 不 0
237.369 237.735 66.0 知 0
237.735 238.101 68.0 道 0
238.101 238.467 61.0 我 0
238.467 238.812 68.0 - 0
238.812 239.157 70.0 为 0
239.157 239.501 68.0 什 0
239.501 240.191 68.0 么 0
240.191 240.881 66.0 狠 0
240.881 241.226 65.0 下 0
241.226 241.57 63.0 - 0
241.57 241.915 63.0 心 1
242.351 242.696 56.0 盘 0
242.696 243.041 63.0 旋 0
243.041 243.386 65.0 在 0
243.386 243.73 66.0 你 0
243.73 243.903 56.0 看 0
244.075 244.765 68.0 不 0
244.765 245.11 66.0 见 0
245.11 245.799 65.0 的 0
245.799 246.317 63.0 高 0
246.489 246.661 61.0 空 0
246.661 246.834 63.0 - 0
246.834 247.017 61.0 - 0
247.2 248.297 61.0 里 1
249.678 250.367 58.0 多 0
250.367 250.712 61.0 的 0
250.712 251.747 61.0 是 0
252.091 252.436 56.0 你 0
252.436 253.126 63.0 不 0
253.126 253.471 61.0 知 0
253.471 254.16 65.0 道 0
254.16 254.678 61.0 的 0
254.85 257.781 61.0 事 1
