23.325 23.61 48.0 徘 0
23.61 23.896 50.0 徊 0
23.896 24.182 53.0 过 0
24.182 24.467 55.0 多 0
24.467 24.753 53.0 少 0
24.753 25.182 55.0 橱 0
25.182 25.61 57.0 窗 1
25.8 26.229 57.0 住 0
26.229 26.514 57.0 过 0
26.514 26.8 55.0 多 0
26.8 27.086 53.0 少 0
27.086 27.372 55.0 旅 0
27.372 27.8 57.0 馆 1
27.977 28.406 57.0 才 0
28.548 28.834 57.0 会 0
28.834 29.12 55.0 - 0
29.12 29.406 53.0 觉 0
29.406 29.834 55.0 得 0
29.834 30.263 53.0 分 0
30.263 30.548 50.0 离 0
30.548 30.834 53.0 也 0
30.834 31.406 55.0 并 0
31.406 31.548 57.0 不 0
31.691 32.263 57.0 枉 1
32.632 32.918 48.0 感 0
32.918 33.204 50.0 情 0
33.204 33.49 53.0 是 0
33.49 33.775 55.0 用 0
33.775 34.061 53.0 来 0
34.061 34.347 55.0 浏 0
34.347 34.775 53.0 览 1
34.87 35.442 60.0 还 0
35.442 35.727 57.0 是 0
35.727 36.013 55.0 用 0
36.013 36.299 57.0 来 0
36.299 36.584 55.0 珍 0
36.584 36.87 53.0 藏 1
37.214 37.642 57.0 好 0
37.785 38.071 57.0 让 0
38.071 38.357 55.0 日 0
38.357 38.642 53.0 子 0
38.642 38.928 55.0 天 0
39.071 39.357 55.0 天 0
39.5 39.642 55.0 过 0
39.785 40.214 55.0 - 0
40.214 40.5 53.0 的 0
40.642 40.928 50.0 难 0
40.928 41.5 55.0 忘 1
41.676 41.962 48.0 熬 0
41.962 42.248 50.0 过 0
42.248 42.533 53.0 了 0
42.533 42.819 55.0 多 0
42.819 43.105 53.0 久 0
43.105 43.391 55.0 患 0
43.391 43.819 57.0 难 1
43.879 44.45 60.0 湿 0
44.45 44.736 55.0 - 0
44.736 45.022 55.0 了 0
45.022 45.308 53.0 多 0
45.308 45.593 55.0 少 0
45.593 46.022 57.0 眼 1
46.214 46.642 62.0 才 0
46.785 47.071 57.0 能 0
47.071 47.357 55.0 - 0
47.357 47.642 53.0 知 0
47.642 48.071 55.0 道 0
48.071 48.499 53.0 伤 0
48.499 48.785 50.0 感 0
48.785 49.214 53.0 是 0
49.214 49.642 55.0 爱 0
49.642 49.928 57.0 的 0
49.928 50.499 60.0 遗 1
50.771 51.057 48.0 流 0
51.057 51.343 50.0 - 0
51.343 51.628 53.0 浪 0
51.628 51.914 55.0 几 0
51.914 52.2 53.0 张 0
52.2 52.628 55.0 双 0
52.628 52.914 53.0 人 1
53.196 53.767 62.0 换 0
53.767 53.91 60.0 过 0
54.053 54.339 57.0 几 0
54.339 54.482 55.0 次 0
54.624 54.91 55.0 信 0
54.91 55.196 53.0 仰 1
55.383 55.935 57.0 才 0
55.954 56.24 57.0 - 0
56.24 56.525 55.0 让 0
56.525 56.811 53.0 戒 0
56.811 57.225 55.0 指 0
57.24 57.649 55.0 义 0
57.668 57.954 55.0 无 0
57.954 58.383 55.0 返 0
58.383 58.668 53.0 顾 0
58.811 59.097 50.0 交 0
59.097 59.525 53.0 - 1
59.902 60.188 53.0 把 0
60.188 60.473 64.0 - 0
60.473 60.616 64.0 一 0
60.759 61.045 64.0 人 0
61.045 61.331 62.0 - 0
61.331 61.616 64.0 的 0
61.616 61.902 62.0 温 1
62.159 62.444 60.0 转 0
62.444 62.73 62.0 - 0
62.73 63.016 60.0 移 0
63.016 63.302 57.0 到 0
63.302 63.563 55.0 另 0
63.587 63.873 55.0 一 0
63.873 64.159 60.0 个 0
64.159 64.444 60.0 的 0
64.444 64.73 60.0 胸 1
65.212 65.498 60.0 让 0
65.498 65.783 62.0 上 0
65.783 66.069 60.0 次 0
66.069 66.474 62.0 犯 0
66.498 66.907 62.0 的 0
66.926 67.212 62.0 错 0
67.212 67.64 62.0 反 0
67.64 68.069 60.0 省 0
68.069 68.355 62.0 出 0
68.355 68.64 60.0 梦 0
68.64 69.64 57.0 想 1
69.757 70.043 53.0 每 0
70.043 70.329 55.0 个 0
70.329 70.472 57.0 人 0
70.614 70.9 60.0 都 0
70.9 71.186 57.0 是 0
71.186 71.472 55.0 这 0
71.472 71.757 53.0 样 1
71.922 72.208 53.0 享 0
72.208 72.493 55.0 受 0
72.493 72.779 57.0 过 0
72.779 73.065 62.0 提 0
73.065 73.351 57.0 心 0
73.351 73.636 55.0 吊 0
73.636 73.922 53.0 胆 1
74.216 74.359 53.0 才 0
74.501 74.644 53.0 拒 0
74.787 75.073 53.0 绝 0
75.073 75.344 64.0 - 0
75.373 75.901 65.0 做 0
75.93 76.206 65.0 爱 0
76.216 76.644 65.0 情 0
76.644 76.93 62.0 代 0
77.073 77.359 65.0 的 0
77.359 77.644 62.0 - 0
77.644 78.073 60.0 羔 0
78.216 78.644 60.0 羊 1
78.901 79.187 53.0 回 0
79.187 79.473 64.0 忆 0
79.473 79.758 64.0 是 0
79.758 80.044 65.0 抓 0
80.044 80.33 64.0 不 0
80.33 80.615 62.0 到 0
80.615 80.901 60.0 的 0
80.901 81.187 60.0 月 0
81.187 81.473 60.0 光 1
81.499 81.784 57.0 握 0
81.784 82.07 55.0 紧 0
82.07 82.356 57.0 就 0
82.356 82.641 60.0 变 0
82.641 82.927 62.0 黑 0
82.927 83.213 60.0 暗 1
83.416 83.701 60.0 等 0
83.701 83.987 62.0 虚 0
83.987 84.273 60.0 假 0
84.273 84.558 62.0 的 0
84.706 84.987 62.0 背 0
85.13 85.416 62.0 影 0
85.416 85.844 62.0 消 0
85.844 86.273 60.0 失 0
86.273 86.558 62.0 于 0
86.558 86.844 60.0 晴 0
86.844 87.844 57.0 朗 1
87.986 88.272 53.0 阳 0
88.272 88.557 55.0 光 0
88.557 88.7 57.0 在 0
88.843 89.129 60.0 身 0
89.129 89.415 57.0 上 0
89.415 89.7 55.0 流 0
89.7 89.986 53.0 转 1
90.244 90.529 53.0 等 0
90.529 90.815 55.0 - 0
90.815 91.101 57.0 所 0
91.101 91.387 62.0 有 0
91.387 91.672 57.0 业 0
91.672 91.958 55.0 障 0
91.958 92.244 53.0 被 0
92.244 94.387 65.0 原 1
95.632 95.918 65.0 爱 0
95.918 96.204 62.0 - 0
96.204 96.489 65.0 情 0
96.489 96.939 62.0 不 0
96.939 97.089 60.0 停 1
97.504 97.804 60.0 想 0
97.804 98.104 62.0 开 0
98.104 98.404 60.0 往 0
98.404 98.704 57.0 地 0
98.704 99.004 55.0 老 0
99.004 99.304 57.0 天 0
99.304 99.904 55.0 荒 1
99.919 100.219 53.0 需 0
100.219 100.669 50.0 要 0
100.669 100.969 53.0 多 0
100.969 101.562 55.0 勇 0
101.562 102.705 53.0 敢 1
104.234 104.519 48.0 烛 0
104.519 104.805 50.0 - 0
104.805 105.091 53.0 光 0
105.091 105.376 55.0 照 0
105.376 105.662 53.0 亮 0
105.662 106.091 55.0 了 0
106.091 106.519 57.0 晚 1
106.685 107.114 57.0 照 0
107.114 107.399 57.0 不 0
107.399 107.685 55.0 出 0
107.685 107.971 53.0 个 0
107.971 108.257 55.0 答 0
108.257 108.685 57.0 案 1
108.715 109.144 57.0 恋 0
109.286 109.572 57.0 爱 0
109.572 109.858 55.0 - 0
109.858 110.144 53.0 不 0
110.144 110.572 55.0 是 0
110.572 111.001 53.0 温 0
111.001 111.286 50.0 馨 0
111.286 111.572 53.0 的 0
111.572 112.144 55.0 请 0
112.144 112.286 57.0 客 0
112.429 113.001 57.0 饭 1
113.375 113.661 48.0 床 0
113.661 113.947 50.0 单 0
113.947 114.233 53.0 上 0
114.233 114.518 55.0 铺 0
114.518 114.804 53.0 满 0
114.804 115.09 55.0 花 0
115.09 115.518 53.0 瓣 1
115.665 116.237 60.0 拥 0
116.237 116.522 57.0 抱 0
116.522 116.808 55.0 让 0
116.808 117.094 57.0 他 0
117.094 117.379 55.0 成 0
117.379 117.665 53.0 长 1
118.005 118.433 57.0 太 0
118.576 118.862 57.0 拥 0
118.862 119.148 55.0 挤 0
119.148 119.433 53.0 就 0
119.433 119.719 53.0 开 0
119.862 120.148 55.0 到 0
120.291 120.433 55.0 了 0
120.576 121.005 55.0 别 0
121.005 121.291 53.0 的 0
121.433 121.719 50.0 土 0
121.719 122.291 55.0 壤 1
122.389 122.675 48.0 感 0
122.675 122.961 50.0 - 0
122.961 123.246 53.0 情 0
123.246 123.532 55.0 需 0
123.532 123.818 53.0 要 0
123.818 124.104 55.0 人 0
124.104 124.532 57.0 接 1
124.713 125.284 60.0 接 0
125.284 125.57 57.0 - 0
125.57 125.856 55.0 近 0
125.856 126.142 53.0 换 0
126.142 126.427 55.0 来 0
126.427 126.856 57.0 期 1
127.137 127.565 62.0 期 0
127.708 127.994 57.0 望 0
127.994 128.28 55.0 带 0
128.28 128.565 53.0 来 0
128.565 128.994 55.0 失 0
128.994 129.422 53.0 望 0
129.422 129.708 50.0 的 0
129.708 130.137 53.0 恶 0
130.137 130.565 55.0 性 0
130.565 130.851 57.0 循 0
130.851 131.422 60.0 环 1
131.553 131.839 48.0 短 0
131.839 132.125 50.0 暂 0
132.125 132.41 53.0 的 0
132.41 132.696 55.0 总 0
132.696 132.982 53.0 是 0
132.982 133.41 55.0 浪 0
133.41 133.696 53.0 漫 1
134.007 134.578 62.0 漫 0
134.578 134.721 60.0 长 0
134.864 135.15 57.0 总 0
135.15 135.293 55.0 会 0
135.435 135.721 55.0 不 0
135.721 136.007 53.0 满 1
136.17 136.455 55.0 烧 0
136.741 137.027 57.0 完 0
137.027 137.312 55.0 美 0
137.312 137.598 53.0 好 0
137.598 137.884 55.0 青 0
138.027 138.312 55.0 春 0
138.455 138.598 55.0 换 0
138.741 139.17 55.0 一 0
139.17 139.455 53.0 个 0
139.598 139.884 50.0 老 0
139.884 140.312 53.0 伴 1
140.704 140.99 53.0 把 0
140.99 141.275 64.0 - 0
141.275 141.418 64.0 一 0
141.561 141.847 64.0 人 0
141.847 142.133 62.0 - 0
142.133 142.418 64.0 的 0
142.418 142.704 62.0 温 1
143.157 143.442 60.0 转 0
143.442 143.728 62.0 移 0
143.728 144.014 60.0 到 0
144.014 144.3 57.0 另 0
144.3 144.442 55.0 一 0
144.585 144.871 55.0 个 0
144.871 145.157 60.0 的 0
145.157 145.442 62.0 胸 0
145.442 145.728 60.0 膛 1
145.878 146.164 60.0 让 0
146.164 146.449 62.0 - 0
146.449 146.735 60.0 上 0
146.735 147.021 62.0 次 0
147.164 147.449 62.0 的 0
147.592 147.735 62.0 错 0
147.878 148.306 62.0 反 0
148.306 148.735 60.0 - 0
148.735 149.021 62.0 省 0
149.021 149.306 60.0 出 0
149.306 150.306 57.0 梦 1
150.399 150.685 53.0 每 0
150.685 150.971 55.0 - 0
150.971 151.114 57.0 个 0
151.256 151.542 60.0 都 0
151.542 151.828 57.0 - 0
151.828 152.114 55.0 是 0
152.114 152.399 53.0 这 1
152.753 153.039 53.0 享 0
153.039 153.324 55.0 受 0
153.324 153.61 57.0 过 0
153.61 153.896 60.0 提 0
153.896 154.182 57.0 心 0
154.182 154.467 55.0 吊 0
154.467 154.753 53.0 胆 1
155.052 155.195 53.0 才 0
155.337 155.48 53.0 拒 0
155.623 155.909 53.0 绝 0
155.909 156.195 64.0 - 0
156.337 156.623 65.0 爱 0
156.766 156.909 65.0 情 0
157.052 157.48 65.0 代 0
157.48 157.766 62.0 - 0
157.909 158.195 65.0 的 0
158.195 158.48 62.0 - 0
158.48 158.909 60.0 羔 0
159.052 159.48 60.0 羊 1
159.695 159.981 53.0 回 0
159.981 160.267 65.0 忆 0
160.267 160.552 64.0 是 0
160.552 160.838 65.0 抓 0
160.838 161.124 64.0 不 0
161.124 161.409 62.0 到 0
161.409 161.695 60.0 的 0
161.695 161.981 62.0 月 0
161.981 162.267 60.0 光 1
162.287 162.572 57.0 握 0
162.572 162.858 55.0 紧 0
162.858 163.144 55.0 就 0
163.144 163.429 60.0 变 0
163.429 163.715 60.0 黑 0
163.715 164.001 60.0 暗 1
164.171 164.456 60.0 等 0
164.456 164.742 62.0 虚 0
164.742 165.028 60.0 假 0
165.033 165.313 62.0 的 0
165.461 165.742 62.0 背 0
165.885 166.171 62.0 影 0
166.171 166.599 62.0 消 0
166.599 167.028 60.0 失 0
167.028 167.313 62.0 于 0
167.313 167.599 60.0 晴 0
167.599 168.599 57.0 朗 1
168.839 169.125 53.0 阳 0
169.125 169.41 55.0 光 0
169.41 169.553 57.0 在 0
169.696 169.982 60.0 身 0
169.982 170.268 57.0 上 0
170.268 170.553 55.0 流 0
170.553 170.839 53.0 转 1
171.045 171.33 53.0 等 0
171.33 171.616 55.0 - 0
171.616 171.902 57.0 所 0
171.902 172.188 60.0 有 0
172.188 172.473 57.0 业 0
172.473 172.759 55.0 障 0
172.759 173.045 53.0 被 0
173.045 175.188 65.0 原 1
175.571 175.857 65.0 爱 0
175.857 176.143 62.0 - 0
176.143 176.428 65.0 情 0
176.428 176.857 62.0 不 0
176.857 177.0 60.0 停 1
177.577 177.877 60.0 想 0
177.877 178.327 62.0 开 0
178.327 178.627 60.0 往 0
178.627 178.927 57.0 地 0
178.927 179.377 55.0 老 0
179.377 179.827 57.0 天 0
179.827 180.427 55.0 荒 1
180.434 180.884 53.0 需 0
180.884 181.184 50.0 要 0
181.184 181.484 53.0 多 0
181.484 182.084 55.0 勇 0
182.084 183.092 53.0 敢 1
185.008 185.299 53.0 把 0
185.299 185.59 64.0 - 0
185.59 185.736 64.0 一 0
185.881 186.173 64.0 人 0
186.173 186.464 62.0 - 0
186.464 186.755 62.0 的 0
186.755 187.046 62.0 温 1
187.252 187.543 60.0 转 0
187.543 187.834 60.0 - 0
187.834 188.125 60.0 移 0
188.125 188.417 55.0 到 0
188.417 188.562 55.0 另 0
188.708 188.999 57.0 个 0
188.999 189.291 60.0 - 0
189.291 189.582 62.0 的 0
189.582 189.873 60.0 胸 1
190.143 190.435 60.0 让 0
190.435 190.726 62.0 - 0
190.726 191.017 60.0 上 0
191.017 191.308 60.0 次 0
191.454 191.745 62.0 犯 0
191.891 192.037 62.0 的 0
192.182 192.619 62.0 错 0
192.619 193.056 60.0 反 0
193.056 193.347 62.0 省 0
193.347 193.638 60.0 出 0
193.638 194.658 57.0 梦 1
194.873 195.166 53.0 每 0
195.166 195.46 55.0 个 0
195.46 195.607 57.0 人 0
195.754 196.048 60.0 都 0
196.048 196.342 57.0 是 0
196.342 196.636 55.0 这 0
196.636 196.929 53.0 样 1
197.248 197.542 53.0 享 0
197.542 197.836 55.0 受 0
197.836 198.13 57.0 过 0
198.13 198.423 62.0 提 0
198.423 198.717 57.0 心 0
198.717 199.011 55.0 吊 0
199.011 199.305 53.0 胆 1
199.589 199.736 53.0 才 0
199.883 200.03 53.0 拒 0
200.176 200.47 53.0 绝 0
200.47 200.764 64.0 - 0
201.058 201.205 65.0 爱 0
201.352 201.499 65.0 情 0
201.646 202.086 65.0 代 0
202.086 202.38 62.0 - 0
202.527 202.821 65.0 的 0
202.821 203.115 62.0 - 0
203.115 203.557 60.0 羔 1
203.796 204.238 60.0 回 0
204.386 204.68 53.0 忆 0
204.68 204.975 65.0 是 0
204.975 205.27 64.0 抓 0
205.27 205.564 64.0 不 0
205.564 205.859 64.0 到 0
205.859 206.154 62.0 的 0
206.154 206.448 60.0 月 0
206.448 206.743 60.0 光 1
206.755 207.05 60.0 握 0
207.05 207.344 57.0 紧 0
207.344 207.639 55.0 就 0
207.639 207.934 57.0 变 0
207.934 208.229 60.0 黑 0
208.229 208.523 60.0 暗 1
208.526 208.821 60.0 等 0
209.116 209.41 60.0 虚 0
209.41 209.705 62.0 假 0
209.705 210.142 60.0 的 0
210.142 210.294 62.0 背 0
210.447 210.732 62.0 影 0
210.884 211.179 62.0 消 0
211.179 211.621 62.0 失 0
211.621 212.063 60.0 于 0
212.063 212.357 62.0 晴 0
212.357 213.683 57.0 朗 1
213.728 214.022 53.0 阳 0
214.022 214.317 55.0 - 0
214.317 214.465 57.0 光 0
214.612 214.907 60.0 身 0
214.907 215.201 57.0 - 0
215.201 215.496 55.0 上 0
215.496 215.791 53.0 流 1
215.996 216.291 53.0 等 0
216.291 216.586 55.0 - 0
216.586 216.88 57.0 所 0
216.88 217.175 62.0 有 0
217.175 217.47 57.0 业 0
217.47 217.765 55.0 障 0
217.765 218.059 53.0 被 0
218.059 220.269 65.0 原 1
222.946 223.241 65.0 爱 0
223.241 223.594 62.0 - 0
223.594 223.947 65.0 情 0
223.947 224.118 60.0 不 0
224.118 224.476 62.0 停 0
224.476 224.829 60.0 - 1
224.94 225.293 60.0 想 0
225.293 225.646 62.0 - 0
225.646 225.999 60.0 开 0
225.999 226.352 57.0 往 0
226.352 226.704 55.0 地 0
226.704 227.41 57.0 老 0
227.41 228.116 55.0 天 0
228.189 228.895 53.0 荒 1
228.895 229.425 50.0 需 0
229.425 229.777 53.0 要 0
229.777 229.96 53.0 多 0
229.96 230.307 55.0 勇 0
230.307 232.248 53.0 - 1
233.451 233.804 53.0 你 0
233.804 234.157 50.0 - 0
234.157 234.334 53.0 不 0
234.334 234.687 62.0 要 0
234.687 235.216 60.0 失 1
235.261 235.614 60.0 荡 0
235.614 235.967 62.0 - 0
235.967 236.32 60.0 气 0
236.32 236.673 57.0 回 0
236.673 237.026 60.0 肠 0
237.026 237.555 69.0 是 0
237.555 238.085 67.0 为 0
238.086 238.615 65.0 了 1
238.615 239.144 62.0 最 0
239.144 239.674 65.0 美 0
239.674 240.38 67.0 的 0
240.38 241.968 65.0 平 0
