13.463 13.764 64.0 我 0
13.869 14.169 64.0 知 0
14.274 14.575 64.0 道 0
14.679 14.98 64.0 伤 0
15.085 15.284 64.0 心 0
15.49 15.689 64.0 不 0
15.896 16.196 64.0 能 0
16.301 16.602 63.0 改 0
16.706 16.906 59.0 变 0
17.112 17.412 59.0 什 0
17.517 18.325 64.0 么 1
18.735 19.137 59.0 那 0
19.141 19.948 64.0 么 0
20.357 20.658 64.0 让 0
20.762 21.063 64.0 我 0
21.168 21.57 64.0 诚 0
21.624 21.874 63.0 实 0
21.979 22.381 61.0 一 0
22.384 23.698 59.0 点 1
25.381 25.884 63.0 诚 0
25.938 26.391 64.0 实 0
26.597 26.898 64.0 难 0
27.002 27.303 64.0 免 0
27.408 27.709 64.0 有 0
27.813 28.215 64.0 不 0
28.219 28.621 66.0 能 0
28.624 29.026 64.0 控 0
29.03 29.837 68.0 制 0
29.84 30.242 66.0 的 0
30.246 30.85 68.0 宣 0
30.854 31.763 61.0 泄 1
32.096 32.295 61.0 只 0
32.298 32.498 63.0 有 0
32.501 32.802 64.0 关 0
32.907 33.207 64.0 上 0
33.312 33.613 64.0 了 0
33.717 34.119 64.0 门 0
34.528 34.829 64.0 不 0
34.934 35.336 66.0 必 0
35.339 35.538 64.0 理 0
35.744 38.579 66.0 谁 1
39.464 39.765 64.0 一 0
39.869 40.069 64.0 个 0
40.275 40.474 64.0 人 0
40.68 40.981 64.0 坐 0
41.086 41.386 64.0 在 0
41.491 41.69 64.0 空 0
41.896 42.096 64.0 荡 0
42.302 42.704 63.0 包 0
42.707 43.008 59.0 厢 0
43.113 43.515 59.0 里 0
43.518 44.326 64.0 面 1
44.731 45.133 59.0 手 0
45.137 45.944 64.0 机 0
46.353 46.654 64.0 让 0
46.758 47.059 64.0 它 0
47.164 47.566 64.0 休 0
47.569 47.87 63.0 息 0
47.975 48.377 59.0 一 0
48.38 49.086 59.0 夜 0
49.191 49.39 56.0 - 1
51.145 51.851 63.0 难 0
52.361 52.662 64.0 想 0
52.766 52.966 64.0 切 0
53.172 53.371 64.0 歌 0
53.577 53.878 64.0 切 0
53.983 54.385 66.0 掉 0
54.388 54.79 64.0 回 0
54.793 55.5 68.0 忆 0
55.604 55.905 66.0 的 0
56.01 56.412 68.0 画 0
56.618 57.729 61.0 面 1
58.075 58.274 59.0 眼 0
58.277 58.477 63.0 泪 0
58.48 58.781 64.0 不 0
58.886 59.186 64.0 能 0
59.291 59.693 64.0 流 0
59.696 60.2 68.0 过 0
60.507 60.909 69.0 十 0
60.913 61.213 68.0 二 0
61.318 61.821 68.0 点 0
61.825 62.734 66.0 - 1
63.467 63.905 56.0 生 0
63.908 64.346 57.0 日 0
64.349 64.787 59.0 快 0
64.901 66.241 68.0 乐 1
66.764 67.166 68.0 我 0
67.169 67.571 66.0 对 0
67.575 67.977 64.0 自 0
67.98 68.382 68.0 己 0
68.385 68.787 68.0 - 0
68.791 69.598 66.0 说 1
70.123 70.525 56.0 蜡 0
70.528 70.93 57.0 烛 0
70.934 71.336 59.0 点 0
71.339 72.552 64.0 了 0
73.366 73.768 64.0 寂 0
73.772 74.174 63.0 寞 0
74.177 74.579 61.0 亮 0
74.582 75.39 63.0 了 0
75.393 75.795 64.0 - 1
76.422 76.824 56.0 生 0
76.828 77.23 57.0 日 0
77.233 77.737 59.0 快 0
77.841 79.257 68.0 乐 0
79.666 80.068 68.0 泪 0
80.071 80.372 66.0 也 0
80.476 80.777 64.0 溶 0
80.882 81.487 64.0 了 0
81.49 82.5 59.0 - 1
83.038 83.44 56.0 我 0
83.443 83.845 57.0 要 0
83.849 84.251 59.0 谢 0
84.254 84.96 68.0 谢 0
85.065 85.467 66.0 你 0
85.47 85.872 64.0 给 0
85.876 86.278 68.0 的 0
86.687 87.089 66.0 你 0
87.092 87.494 64.0 拿 0
87.497 88.305 68.0 走 0
88.308 88.71 69.0 的 0
88.714 89.116 68.0 一 0
89.119 89.622 66.0 切 1
89.888 90.239 64.0 还 0
90.293 90.493 66.0 爱 0
90.496 90.797 64.0 - 0
90.8 92.317 68.0 你 0
92.726 93.128 68.0 带 0
93.131 93.533 66.0 一 0
93.536 93.938 64.0 点 0
93.942 94.445 68.0 恨 0
94.449 95.459 66.0 - 1
95.925 96.327 56.0 还 0
96.33 96.732 57.0 要 0
96.736 97.138 59.0 时 0
97.141 98.354 64.0 间 0
99.168 99.57 64.0 才 0
99.574 99.976 63.0 能 0
99.979 100.28 61.0 平 0
100.384 101.192 63.0 衡 0
101.195 101.699 64.0 - 1
102.493 102.895 56.0 热 0
102.899 103.301 57.0 恋 0
103.304 103.706 59.0 伤 0
103.71 105.328 68.0 痕 0
105.737 106.139 68.0 画 0
106.142 106.544 66.0 面 0
106.547 106.848 64.0 重 0
106.953 107.558 64.0 生 0
107.561 108.47 59.0 - 1
109.029 109.431 56.0 祝 0
109.434 109.735 57.0 我 0
109.84 110.242 59.0 生 0
110.245 112.471 64.0 日 0
113.488 115.208 59.0 - 0
116.326 116.627 64.0 快 0
116.934 117.944 64.0 乐 1
130.349 130.65 64.0 一 0
130.755 130.954 64.0 个 0
131.161 131.36 64.0 人 0
131.567 131.868 64.0 坐 0
131.973 132.274 64.0 在 0
132.379 132.578 64.0 空 0
132.785 132.984 64.0 荡 0
133.191 133.593 63.0 包 0
133.597 133.898 59.0 厢 0
134.002 134.405 59.0 里 0
134.408 135.217 64.0 面 1
135.715 136.118 59.0 手 0
136.121 136.93 64.0 机 0
137.339 137.64 64.0 让 0
137.745 138.046 64.0 它 0
138.151 138.554 64.0 休 0
138.557 139.163 63.0 息 0
139.369 139.771 61.0 一 0
139.775 140.38 59.0 夜 0
140.384 140.583 56.0 - 1
142.179 142.886 63.0 难 0
143.396 143.697 64.0 想 0
143.802 144.002 64.0 切 0
144.208 144.408 64.0 歌 0
144.614 144.915 64.0 切 0
145.02 145.423 66.0 掉 0
145.426 145.829 64.0 回 0
145.832 146.539 68.0 忆 0
146.644 146.945 66.0 的 0
147.05 147.453 68.0 画 0
147.456 148.061 66.0 面 0
148.065 148.467 64.0 - 1
149.027 149.226 59.0 眼 0
149.23 149.429 63.0 泪 0
149.433 149.734 64.0 不 0
149.839 150.14 64.0 能 0
150.245 150.647 64.0 流 0
150.651 151.155 68.0 过 0
151.462 151.865 71.0 十 0
151.868 152.17 68.0 二 0
152.274 153.692 66.0 点 0
154.101 156.739 64.0 - 1
157.771 158.173 68.0 我 0
158.176 158.579 66.0 对 0
158.582 158.984 64.0 自 0
158.987 159.389 68.0 己 0
159.393 159.795 68.0 - 0
159.798 160.606 66.0 说 1
160.864 161.266 56.0 蜡 0
161.27 161.672 57.0 烛 0
161.675 162.077 59.0 点 0
162.081 163.293 64.0 了 0
164.108 164.51 64.0 寂 0
164.513 164.915 63.0 寞 0
164.918 165.32 61.0 亮 0
165.324 166.131 63.0 了 0
166.135 166.537 64.0 - 1
167.357 167.759 56.0 生 0
167.762 168.164 57.0 日 0
168.168 168.671 59.0 快 0
168.776 170.191 68.0 乐 0
170.6 171.002 68.0 泪 0
171.005 171.306 66.0 也 0
171.411 171.712 64.0 溶 0
171.816 172.421 64.0 了 0
172.424 173.435 59.0 - 1
173.848 174.25 56.0 我 0
174.254 174.656 57.0 要 0
174.659 175.061 59.0 谢 0
175.065 175.771 68.0 谢 0
175.875 176.277 66.0 你 0
176.281 176.683 64.0 给 0
176.686 177.088 68.0 的 0
177.497 177.899 66.0 你 0
177.902 178.304 64.0 拿 0
178.308 179.115 68.0 走 0
179.119 179.521 69.0 的 0
179.524 179.926 68.0 一 0
179.929 180.331 68.0 切 0
180.335 180.635 66.0 - 1
180.882 181.234 64.0 还 0
181.288 181.487 66.0 爱 0
181.49 181.791 64.0 - 0
181.845 183.362 68.0 你 0
183.72 184.122 68.0 带 0
184.125 184.527 66.0 一 0
184.531 184.933 64.0 点 0
184.936 185.44 68.0 恨 0
185.443 186.453 66.0 - 1
186.848 187.25 56.0 还 0
187.254 187.656 57.0 要 0
187.659 188.061 59.0 时 0
188.064 189.277 64.0 间 0
190.092 190.494 64.0 才 0
190.497 190.899 63.0 能 0
190.902 191.203 61.0 平 0
191.308 192.115 63.0 衡 0
192.119 192.622 64.0 - 1
193.469 193.871 56.0 热 0
193.874 194.276 57.0 恋 0
194.28 194.682 59.0 伤 0
194.685 196.303 68.0 痕 0
196.712 197.114 68.0 画 0
197.117 197.519 66.0 面 0
197.523 197.824 64.0 重 0
197.928 198.533 64.0 生 0
198.536 199.445 59.0 - 1
199.783 200.185 56.0 祝 0
200.189 200.489 57.0 我 0
200.594 200.996 59.0 生 0
200.999 203.226 64.0 日 0
204.243 205.962 59.0 - 0
207.081 207.483 66.0 快 0
207.79 210.827 64.0 乐 1
213.215 213.597 65.0 还 0
213.656 213.873 67.0 爱 0
213.877 214.204 65.0 - 0
214.208 215.751 69.0 你 0
216.16 216.562 69.0 带 0
216.565 216.967 67.0 一 0
216.971 217.373 65.0 点 0
217.376 217.88 69.0 恨 0
217.883 218.893 67.0 - 1
219.533 219.935 57.0 还 0
219.939 220.341 58.0 要 0
220.344 220.746 60.0 时 0
220.749 221.962 65.0 间 0
222.776 223.178 65.0 才 0
223.182 223.584 64.0 能 0
223.587 223.888 62.0 平 0
223.993 224.8 64.0 衡 0
224.803 225.307 65.0 - 1
225.93 226.332 57.0 热 0
226.335 226.737 58.0 恋 0
226.74 227.143 60.0 伤 0
227.146 228.764 69.0 痕 0
229.173 229.575 69.0 画 0
229.578 229.98 67.0 面 0
229.984 230.284 65.0 重 0
230.389 231.146 67.0 生 0
231.2 231.906 65.0 - 1
232.416 232.818 57.0 祝 0
232.822 233.122 58.0 我 0
233.227 233.629 60.0 生 0
233.632 235.859 65.0 日 0
236.065 238.697 67.0 - 0
239.663 240.065 64.0 快 0
240.474 243.004 65.0 乐 0
243.007 243.511 60.0 - 1
