25.919 26.121 53.0 走 0
26.124 26.326 56.0 在 0
26.33 26.737 56.0 彷 0
26.741 27.148 58.0 徨 0
27.152 27.354 58.0 的 0
27.357 27.968 56.0 路 0
27.973 28.792 58.0 上 1
29.142 29.344 58.0 我 0
29.348 29.55 61.0 的 0
29.553 29.961 61.0 心 0
29.964 30.372 56.0 情 0
30.375 30.783 51.0 暗 0
30.786 31.192 51.0 自 0
31.197 32.016 53.0 伤 1
32.372 32.574 53.0 多 0
32.577 32.78 56.0 - 0
32.783 33.19 49.0 少 0
33.194 33.601 51.0 快 0
33.605 33.807 51.0 乐 0
33.81 34.218 49.0 的 0
34.221 34.423 51.0 往 0
34.427 35.245 53.0 - 1
35.771 35.973 53.0 都 0
35.976 36.178 56.0 随 0
36.182 36.589 58.0 风 0
36.593 37.0 61.0 儿 0
37.004 37.411 60.0 去 0
37.414 37.825 56.0 远 0
37.825 38.644 58.0 方 1
39.42 39.828 63.0 说 0
39.831 40.239 63.0 好 0
40.242 40.444 63.0 不 0
40.448 40.84 61.0 悲 0
40.84 41.061 63.0 - 0
41.064 41.883 65.0 伤 1
42.345 42.547 65.0 为 0
42.55 42.753 63.0 何 0
42.756 43.163 61.0 泪 0
43.167 43.574 61.0 红 0
43.578 43.78 61.0 了 0
43.783 44.186 63.0 眼 0
44.186 44.396 61.0 - 0
44.41 45.218 58.0 眶 1
45.566 45.768 63.0 只 0
45.771 45.973 65.0 - 0
45.977 46.179 65.0 - 0
46.182 47.206 63.0 - 0
47.209 47.412 61.0 因 0
47.415 47.617 63.0 对 0
47.62 47.823 56.0 - 0
47.826 48.233 58.0 - 0
48.442 48.85 56.0 情 0
48.853 49.261 58.0 - 0
49.264 49.672 58.0 太 0
49.675 50.905 58.0 - 1
52.209 52.411 61.0 曾 0
52.414 52.617 63.0 经 0
52.62 53.028 65.0 相 0
53.031 53.438 65.0 爱 0
53.442 53.644 65.0 到 0
53.647 53.849 63.0 放 0
53.853 54.055 65.0 - 0
54.058 54.262 63.0 - 0
54.271 55.082 63.0 弃 1
55.446 55.648 63.0 如 0
55.651 55.853 65.0 - 0
55.857 56.264 58.0 果 0
56.268 56.47 58.0 继 0
56.473 56.675 58.0 续 0
56.679 56.881 58.0 也 0
56.884 57.086 58.0 没 0
57.09 57.292 56.0 有 0
57.295 58.319 58.0 意 1
58.766 58.968 61.0 曾 0
58.972 59.174 63.0 - 0
59.177 59.585 63.0 经 0
59.588 59.79 65.0 迷 0
59.794 59.996 65.0 失 0
59.999 60.201 65.0 了 0
60.205 60.407 63.0 我 0
60.41 61.64 63.0 自 1
62.062 62.264 63.0 我 0
62.268 62.47 65.0 会 0
62.473 62.881 61.0 离 0
62.884 63.291 58.0 开 0
63.295 63.497 61.0 你 0
63.5 63.908 63.0 远 0
63.911 64.935 65.0 去 1
65.386 65.588 61.0 走 0
65.591 65.793 63.0 - 0
65.797 66.006 63.0 到 0
66.006 66.41 65.0 海 0
66.413 67.026 68.0 - 0
67.03 67.437 63.0 角 0
67.44 67.843 63.0 天 0
67.857 68.259 63.0 边 1
68.666 68.868 63.0 刻 0
68.872 69.074 65.0 骨 0
69.077 69.485 61.0 铭 0
69.488 69.896 58.0 心 0
69.899 70.101 58.0 这 0
70.105 70.512 58.0 份 0
70.516 70.718 56.0 真 0
70.721 70.923 58.0 - 0
70.927 71.129 56.0 - 0
71.132 71.951 53.0 情 1
72.421 72.829 49.0 含 0
72.832 73.239 51.0 泪 0
73.243 73.645 51.0 默 0
73.645 74.053 49.0 默 0
74.067 74.474 51.0 哭 0
74.486 74.883 53.0 泣 1
75.118 75.32 53.0 下 0
75.323 75.525 56.0 - 0
75.529 76.147 58.0 定 0
76.152 77.58 61.0 决 0
77.994 78.402 58.0 忘 0
78.405 78.813 58.0 - 0
78.816 79.224 56.0 - 0
79.227 81.69 58.0 记 1
111.402 111.604 53.0 走 0
111.608 111.81 56.0 在 0
111.813 112.221 58.0 彷 0
112.224 112.632 58.0 徨 0
112.635 112.837 58.0 的 0
112.84 113.443 56.0 路 0
113.457 114.275 58.0 上 1
114.561 114.763 58.0 我 0
114.766 114.968 61.0 - 0
114.972 115.379 61.0 的 0
115.383 115.79 56.0 心 0
115.794 116.201 51.0 情 0
116.205 116.616 51.0 暗 0
116.616 117.434 53.0 自 1
117.854 118.057 53.0 多 0
118.06 118.262 56.0 - 0
118.265 118.673 49.0 少 0
118.676 119.084 51.0 快 0
119.087 119.289 51.0 乐 0
119.293 119.7 49.0 的 0
119.704 119.906 51.0 往 0
119.909 120.728 53.0 - 1
121.229 121.431 53.0 都 0
121.435 121.637 56.0 - 0
121.64 122.048 58.0 随 0
122.051 122.459 61.0 风 0
122.462 122.87 58.0 儿 0
122.873 123.075 56.0 去 0
123.078 124.102 58.0 远 1
124.901 125.308 63.0 说 0
125.312 125.719 63.0 好 0
125.723 125.925 63.0 不 0
125.928 126.348 61.0 悲 0
126.351 126.541 63.0 - 0
126.545 127.363 65.0 伤 1
127.898 128.101 65.0 为 0
128.104 128.306 63.0 何 0
128.309 128.717 61.0 泪 0
128.72 129.128 61.0 红 0
129.131 129.333 61.0 了 0
129.337 129.746 63.0 眼 0
129.749 129.95 61.0 - 0
129.964 130.772 58.0 眶 1
131.121 131.323 63.0 只 0
131.327 131.529 65.0 - 0
131.532 131.734 65.0 - 0
131.738 132.762 63.0 因 0
132.765 132.967 61.0 对 0
132.97 133.173 63.0 - 0
133.176 133.378 56.0 - 0
133.381 133.789 58.0 你 0
133.998 134.405 56.0 情 0
134.409 134.816 58.0 太 0
134.82 135.227 58.0 - 0
135.231 136.46 58.0 深 1
137.734 137.937 61.0 曾 0
137.94 138.142 63.0 经 0
138.145 138.553 65.0 相 0
138.556 138.964 65.0 爱 0
138.967 139.169 65.0 到 0
139.173 139.375 63.0 放 0
139.378 139.58 65.0 - 0
139.584 139.789 63.0 - 0
139.789 140.608 63.0 弃 1
141.006 141.208 63.0 如 0
141.212 141.414 65.0 果 0
141.417 141.825 61.0 继 0
141.828 142.03 58.0 续 0
142.034 142.236 58.0 也 0
142.239 142.441 58.0 没 0
142.445 142.647 58.0 有 0
142.65 142.852 56.0 意 0
142.855 143.879 58.0 义 1
144.251 144.453 61.0 曾 0
144.456 144.658 63.0 经 0
144.662 145.069 63.0 迷 0
145.073 145.275 65.0 失 0
145.278 145.48 65.0 了 0
145.484 145.686 65.0 我 0
145.689 145.891 63.0 自 0
145.895 147.124 63.0 己 1
147.473 147.676 63.0 我 0
147.679 147.881 65.0 - 0
147.884 148.292 61.0 会 0
148.295 148.703 58.0 离 0
148.706 148.908 61.0 开 0
148.912 149.319 63.0 你 0
149.323 150.347 65.0 远 1
150.758 150.96 61.0 走 0
150.964 151.166 63.0 - 0
151.169 151.375 63.0 到 0
151.375 151.782 65.0 海 0
151.786 152.399 68.0 - 0
152.402 152.81 65.0 角 0
152.813 153.207 63.0 天 0
153.229 153.631 63.0 边 1
154.031 154.233 63.0 刻 0
154.236 154.438 65.0 - 0
154.442 154.849 61.0 骨 0
154.853 155.26 58.0 铭 0
155.264 155.658 58.0 心 0
155.675 156.077 58.0 这 0
156.086 156.288 56.0 份 0
156.291 156.493 58.0 真 0
156.497 156.699 56.0 - 0
156.702 157.521 53.0 - 1
157.772 158.18 49.0 含 0
158.183 158.591 51.0 - 0
158.594 159.01 51.0 泪 0
159.012 159.413 49.0 默 0
159.413 159.824 51.0 默 0
159.827 160.235 53.0 哭 1
160.636 160.838 53.0 下 0
160.842 161.044 56.0 - 0
161.047 161.653 58.0 定 0
161.664 163.099 61.0 决 0
163.513 163.92 58.0 忘 0
163.924 164.331 58.0 - 0
164.335 164.742 56.0 - 0
164.746 167.208 58.0 记 1
170.469 170.671 61.0 曾 0
170.675 170.877 63.0 - 0
170.88 171.288 65.0 经 0
171.291 171.699 65.0 相 0
171.702 171.904 65.0 爱 0
171.908 172.11 63.0 到 0
172.113 172.327 65.0 放 0
172.327 172.531 63.0 - 0
172.531 173.342 63.0 - 1
173.877 174.079 63.0 如 0
174.082 174.284 65.0 - 0
174.288 174.695 58.0 果 0
174.699 174.901 58.0 继 0
174.904 175.106 58.0 续 0
175.11 175.312 58.0 也 0
175.315 175.517 58.0 没 0
175.521 175.723 56.0 有 0
175.726 176.75 58.0 意 1
177.138 177.34 61.0 曾 0
177.343 177.545 63.0 - 0
177.549 177.956 63.0 经 0
177.959 178.162 65.0 迷 0
178.165 178.367 65.0 失 0
178.37 178.572 65.0 了 0
178.576 178.778 63.0 我 0
178.781 180.011 63.0 自 1
180.337 180.539 63.0 我 0
180.543 180.745 65.0 - 0
180.748 181.156 58.0 会 0
181.159 181.567 58.0 离 0
181.57 181.772 61.0 开 0
181.776 182.183 63.0 你 0
182.187 183.211 65.0 远 1
183.656 183.858 61.0 走 0
183.861 184.063 63.0 - 0
184.067 184.269 63.0 到 0
184.269 184.68 65.0 海 0
184.683 185.296 68.0 - 0
185.3 185.707 63.0 角 0
185.711 186.123 63.0 天 0
186.123 186.529 63.0 - 1
187.018 187.22 63.0 刻 0
187.223 187.425 65.0 骨 0
187.429 187.836 61.0 铭 0
187.839 188.247 58.0 心 0
188.25 188.452 58.0 这 0
188.656 188.863 58.0 份 0
189.072 189.274 56.0 真 0
189.278 189.48 58.0 - 0
189.483 189.685 56.0 - 0
189.689 190.507 53.0 情 1
190.676 191.084 51.0 含 0
191.087 191.495 51.0 - 0
191.498 191.906 51.0 泪 0
191.906 192.313 49.0 默 0
192.317 192.728 51.0 默 0
192.731 193.139 53.0 哭 1
193.517 193.719 53.0 下 0
193.722 193.924 56.0 定 0
193.928 194.544 58.0 决 0
194.544 195.979 61.0 心 0
196.394 196.801 60.0 忘 0
196.805 197.212 58.0 - 0
197.216 197.623 56.0 记 0
197.626 200.089 58.0 你 1
