15.507 15.748 49.0 走 0
15.752 15.992 53.0 - 0
15.996 16.236 51.0 过 0
16.24 16.358 49.0 岁 0
16.484 16.786 49.0 我 0
16.973 17.152 49.0 才 0
17.217 17.335 49.0 发 0
17.461 17.762 49.0 现 1
17.868 18.108 51.0 世 0
18.112 18.352 53.0 界 0
18.356 18.596 56.0 多 0
18.6 18.84 56.0 不 0
18.845 19.085 53.0 完 0
19.089 19.817 56.0 美 1
20.197 20.437 53.0 成 0
20.441 20.925 61.0 功 0
20.929 21.169 60.0 或 0
21.174 21.414 58.0 失 0
21.418 21.78 60.0 败 1
21.864 22.104 58.0 都 0
22.108 22.349 56.0 - 0
22.353 22.593 58.0 有 0
22.597 22.837 56.0 一 0
22.841 23.081 53.0 些 0
23.085 23.936 53.0 错 1
24.348 24.589 51.0 沧 0
24.593 24.833 53.0 海 0
24.837 25.077 51.0 有 0
25.081 25.321 49.0 多 0
25.325 25.81 46.0 广 1
26.329 26.569 49.0 江 0
26.573 26.814 53.0 湖 0
26.818 27.058 51.0 有 0
27.062 27.302 49.0 多 0
27.306 27.913 51.0 深 1
28.123 28.485 51.0 局 0
28.611 28.851 51.0 中 0
28.856 29.096 49.0 - 0
29.1 29.34 46.0 人 0
29.344 29.828 56.0 才 0
29.832 30.073 53.0 了 0
30.077 30.805 51.0 - 1
31.181 31.423 49.0 生 0
31.427 31.667 53.0 命 0
31.671 31.911 51.0 开 0
31.915 32.033 49.0 始 0
32.159 32.4 49.0 情 0
32.648 32.888 49.0 不 0
32.892 33.132 49.0 情 0
33.136 33.499 49.0 愿 1
33.523 33.763 51.0 总 0
33.767 34.007 53.0 - 0
34.011 34.251 56.0 要 0
34.255 34.496 56.0 过 0
34.5 34.74 53.0 完 0
34.744 35.472 56.0 一 1
35.747 35.987 53.0 交 0
35.991 36.353 61.0 出 0
36.479 36.72 60.0 一 0
36.724 36.964 58.0 片 1
37.062 37.424 60.0 心 0
37.55 37.79 58.0 不 0
37.794 38.035 56.0 怕 0
38.039 38.279 56.0 被 0
38.283 38.523 56.0 你 0
38.527 38.645 53.0 误 0
38.771 39.622 53.0 解 1
39.859 40.1 49.0 谁 0
40.104 40.344 53.0 - 0
40.348 40.588 51.0 没 0
40.592 40.832 49.0 受 0
40.836 41.321 46.0 过 1
41.902 42.142 49.0 谁 0
42.146 42.387 53.0 没 0
42.391 42.631 51.0 流 0
42.635 42.875 49.0 过 0
42.879 43.486 51.0 泪 1
43.819 44.181 51.0 何 0
44.307 44.548 51.0 必 0
44.552 44.792 53.0 - 0
44.796 45.036 51.0 要 0
45.04 45.28 53.0 躲 0
45.284 45.524 51.0 在 0
45.529 45.769 49.0 黑 0
45.773 46.379 51.0 暗 1
46.725 46.965 51.0 自 0
46.969 47.209 49.0 苦 0
47.213 47.453 46.0 又 0
47.457 47.942 51.0 自 0
47.946 48.064 49.0 - 0
48.19 49.651 49.0 怜 1
51.367 51.607 53.0 我 0
51.611 51.973 58.0 - 0
52.099 52.34 58.0 断 0
52.344 52.584 56.0 - 0
52.588 53.194 58.0 失 1
53.592 53.954 53.0 不 0
54.08 54.32 53.0 断 0
54.324 54.565 51.0 希 0
54.569 55.175 53.0 望 1
55.517 55.879 51.0 苦 0
56.005 56.245 51.0 自 0
56.249 56.489 49.0 - 0
56.493 56.856 46.0 己 0
56.982 57.466 53.0 笑 0
57.513 57.753 51.0 - 1
57.839 58.242 51.0 你 0
58.246 58.486 49.0 - 0
58.49 58.73 51.0 分 1
58.941 59.181 53.0 如 0
59.185 59.425 56.0 今 0
59.429 59.791 58.0 站 0
59.918 60.158 58.0 在 0
60.162 60.402 56.0 台 0
60.406 60.768 58.0 上 1
61.176 61.416 60.0 也 0
61.42 61.904 60.0 - 0
61.908 62.148 56.0 难 0
62.152 62.393 53.0 免 0
62.397 62.759 56.0 心 0
62.787 63.027 58.0 慌 1
63.031 63.272 61.0 如 0
63.276 63.638 63.0 果 0
63.764 64.004 63.0 飞 0
64.008 64.248 61.0 - 0
64.252 64.737 58.0 得 1
65.05 65.29 65.0 就 0
65.294 65.412 63.0 - 0
65.539 65.657 63.0 把 0
65.783 66.023 63.0 地 0
66.027 66.267 61.0 - 0
66.271 66.756 58.0 平 0
66.76 67.122 61.0 线 0
67.248 69.32 63.0 掉 1
70.255 70.495 56.0 等 0
70.499 70.739 58.0 了 0
70.743 70.983 56.0 好 0
70.987 71.228 58.0 久 1
71.263 71.625 61.0 终 0
71.751 71.991 61.0 於 0
71.995 72.235 58.0 等 0
72.24 72.48 61.0 到 0
72.728 72.968 65.0 今 0
72.972 73.823 65.0 天 1
74.123 74.363 56.0 梦 0
74.367 74.608 58.0 了 0
74.612 74.852 61.0 好 0
74.856 75.096 58.0 久 1
75.124 75.486 63.0 终 0
75.613 75.853 63.0 於 0
75.857 76.097 61.0 - 0
76.101 76.341 58.0 把 0
76.345 76.83 65.0 梦 0
76.834 76.952 63.0 实 0
77.078 78.051 63.0 现 1
78.483 78.723 61.0 前 0
78.727 78.968 63.0 - 0
78.972 79.334 65.0 途 0
79.46 79.7 65.0 漫 0
79.704 80.189 63.0 - 0
80.193 80.433 61.0 任 0
80.437 80.921 58.0 我 0
81.016 81.257 58.0 闯 1
81.505 81.989 65.0 亏 0
81.993 82.478 63.0 - 0
82.482 82.966 61.0 还 0
82.97 83.577 56.0 有 0
84.191 84.431 53.0 在 0
84.436 84.676 56.0 - 0
84.68 85.53 56.0 身 1
85.904 86.144 56.0 盼 0
86.148 86.388 58.0 了 0
86.392 86.632 56.0 好 0
86.636 86.877 58.0 久 1
86.901 87.263 61.0 终 0
87.389 87.629 61.0 於 0
87.633 87.874 58.0 盼 0
87.878 88.118 61.0 到 0
88.366 88.606 65.0 今 0
88.61 89.461 65.0 天 1
89.649 89.889 56.0 忍 0
89.894 90.134 58.0 - 0
90.138 90.378 61.0 了 0
90.382 90.622 58.0 好 0
90.629 90.991 63.0 久 1
91.118 91.358 63.0 於 0
91.362 91.602 61.0 - 0
91.606 91.846 58.0 把 0
91.85 92.335 65.0 梦 0
92.339 92.457 63.0 实 0
92.583 93.556 63.0 现 1
94.157 94.397 61.0 那 0
94.402 94.642 63.0 些 0
94.646 95.008 65.0 不 0
95.134 95.374 65.0 变 0
95.378 95.863 63.0 的 0
95.867 96.107 61.0 风 0
96.111 96.595 58.0 霜 1
96.667 97.029 58.0 早 0
97.155 97.639 65.0 就 0
97.643 98.128 63.0 无 0
98.132 98.372 61.0 所 0
98.62 100.57 63.0 谓 1
101.439 101.679 61.0 累 0
101.683 101.923 61.0 也 0
101.927 102.167 58.0 不 0
102.172 102.656 63.0 说 0
102.66 102.778 61.0 - 0
102.904 105.22 61.0 累 1
121.748 121.988 53.0 我 0
121.992 122.355 58.0 不 0
122.481 122.721 58.0 断 0
122.726 122.966 56.0 失 0
122.97 123.577 58.0 望 1
124.015 124.378 53.0 不 0
124.504 124.745 53.0 断 0
124.749 124.989 51.0 希 0
124.993 125.6 53.0 望 1
125.977 126.34 51.0 苦 0
126.466 126.707 51.0 自 0
126.711 126.951 49.0 己 0
126.955 127.318 46.0 尝 0
127.444 127.928 53.0 笑 1
127.931 128.049 51.0 与 0
128.256 128.66 51.0 你 0
128.664 128.904 49.0 分 0
128.908 129.148 51.0 享 1
129.28 129.52 53.0 如 0
129.524 129.764 56.0 - 0
129.769 130.131 58.0 今 0
130.257 130.498 58.0 在 0
130.502 130.742 56.0 - 0
130.746 131.109 58.0 台 1
131.423 131.664 61.0 也 0
131.668 132.152 60.0 - 0
132.156 132.397 56.0 难 0
132.401 132.641 53.0 免 0
132.645 133.008 56.0 心 0
133.121 133.361 58.0 慌 1
133.365 133.606 61.0 如 0
133.61 133.972 63.0 果 0
134.098 134.339 63.0 飞 0
134.343 134.583 61.0 - 0
134.587 135.072 58.0 得 1
135.477 135.718 65.0 就 0
135.722 135.84 63.0 把 0
135.966 136.084 63.0 地 0
136.21 136.451 63.0 - 0
136.455 136.695 61.0 平 0
136.699 137.184 58.0 线 0
137.188 137.55 61.0 忘 0
137.677 139.75 63.0 掉 1
140.516 140.757 56.0 等 0
140.761 141.001 58.0 - 0
141.005 141.245 56.0 了 0
141.249 141.49 58.0 好 1
141.563 141.925 61.0 终 0
142.052 142.292 61.0 於 0
142.296 142.536 58.0 - 0
142.54 142.781 61.0 等 0
143.029 143.269 65.0 今 0
143.273 144.125 65.0 - 1
144.547 144.788 56.0 梦 0
144.792 145.032 58.0 了 0
145.036 145.276 61.0 好 0
145.28 145.521 58.0 久 1
145.522 145.884 63.0 终 0
146.011 146.251 63.0 於 0
146.255 146.495 61.0 把 0
146.499 146.74 58.0 梦 0
146.744 147.228 65.0 实 0
147.232 147.351 63.0 - 0
147.477 148.45 63.0 现 1
148.864 149.104 61.0 前 0
149.109 149.349 63.0 - 0
149.353 149.715 65.0 途 0
149.842 150.082 65.0 漫 0
150.086 150.571 63.0 - 0
150.575 150.815 61.0 任 0
150.819 151.304 58.0 我 1
151.364 151.604 58.0 幸 0
151.853 152.337 65.0 亏 0
152.341 152.826 63.0 - 0
152.83 153.315 61.0 还 0
153.319 153.926 56.0 有 0
154.541 154.781 53.0 在 0
154.785 155.026 58.0 - 0
155.03 155.881 56.0 身 1
156.093 156.333 56.0 盼 0
156.337 156.577 58.0 - 0
156.581 156.822 56.0 了 0
156.826 157.066 58.0 好 1
157.115 157.478 61.0 终 0
157.604 157.844 61.0 於 0
157.848 158.088 58.0 - 0
158.093 158.333 61.0 盼 0
158.581 158.822 65.0 今 0
158.826 159.677 65.0 - 1
160.055 160.295 56.0 忍 0
160.299 160.539 58.0 - 0
160.543 160.784 61.0 了 0
160.788 161.028 58.0 好 1
161.142 161.505 63.0 终 0
161.631 161.871 63.0 於 0
161.875 162.116 61.0 - 0
162.12 162.36 58.0 把 0
162.364 162.849 65.0 梦 0
162.853 162.971 63.0 实 0
163.097 164.071 63.0 现 1
164.533 164.774 61.0 那 0
164.778 165.018 63.0 - 0
165.022 165.385 65.0 些 0
165.511 165.751 65.0 变 0
165.755 166.24 63.0 - 0
166.244 166.484 61.0 的 0
166.488 166.973 58.0 风 0
166.976 167.339 58.0 霜 1
167.465 167.95 65.0 就 0
167.954 168.438 63.0 - 0
168.442 168.683 61.0 无 0
168.931 170.882 63.0 谓 1
171.891 172.375 63.0 累 0
172.38 172.62 58.0 也 0
172.624 172.742 61.0 说 0
172.746 173.231 63.0 - 0
173.357 175.675 61.0 累 1
175.826 176.066 56.0 等 0
176.07 176.311 58.0 了 0
176.315 176.555 56.0 好 0
176.559 176.799 58.0 久 1
176.803 177.166 61.0 终 0
177.292 177.532 61.0 於 0
177.537 177.777 58.0 等 0
177.781 178.021 61.0 到 0
178.27 178.51 65.0 今 0
178.514 179.365 65.0 天 1
179.61 179.85 56.0 梦 0
179.854 180.095 58.0 - 0
180.099 180.339 61.0 了 0
180.343 180.583 58.0 好 0
180.621 180.984 63.0 久 1
181.11 181.351 63.0 於 0
181.355 181.595 61.0 - 0
181.599 181.839 58.0 把 0
181.843 182.328 65.0 梦 0
182.332 182.45 63.0 实 0
182.576 183.55 63.0 现 1
184.12 184.36 61.0 前 0
184.364 184.604 63.0 途 0
184.609 184.971 65.0 漫 0
185.097 185.338 65.0 漫 0
185.342 185.826 63.0 任 0
185.83 186.071 61.0 我 0
186.075 186.559 58.0 闯 1
186.567 186.807 58.0 幸 0
187.055 187.54 65.0 亏 0
187.544 188.029 61.0 还 0
188.033 188.518 61.0 有 0
188.522 189.128 56.0 你 0
189.743 189.984 53.0 在 0
189.988 190.228 56.0 身 0
190.232 191.083 56.0 旁 1
191.389 191.629 56.0 盼 0
191.634 191.874 58.0 - 0
191.878 192.118 56.0 了 0
192.122 192.363 58.0 好 1
192.407 192.769 61.0 终 0
192.895 193.136 61.0 於 0
193.14 193.38 58.0 - 0
193.384 193.624 61.0 盼 0
193.873 194.113 65.0 今 0
194.117 194.969 65.0 - 1
195.224 195.465 56.0 忍 0
195.469 195.709 58.0 - 0
195.713 195.953 61.0 了 0
195.957 196.198 58.0 好 1
196.262 196.624 63.0 终 0
196.75 196.991 63.0 於 0
196.995 197.235 61.0 把 0
197.239 197.48 58.0 梦 0
197.484 197.968 65.0 实 0
197.972 198.09 63.0 - 0
198.217 199.19 63.0 现 1
199.763 200.003 61.0 那 0
200.007 200.248 63.0 些 0
200.252 200.614 65.0 不 0
200.741 200.981 65.0 变 0
200.985 201.47 63.0 的 0
201.474 201.714 61.0 风 0
201.718 202.203 56.0 霜 1
202.217 202.579 58.0 早 0
202.706 203.19 65.0 就 0
203.194 203.679 63.0 无 0
203.683 203.923 61.0 所 0
204.172 206.123 63.0 谓 1
207.112 207.597 63.0 累 0
207.601 207.841 58.0 也 0
207.846 207.964 61.0 不 0
207.968 208.452 63.0 说 0
208.579 210.896 61.0 累 1
