28.504 28.87 57.0 怕 0
28.87 29.236 59.0 你 0
29.236 29.602 59.0 赤 0
29.602 29.968 61.0 脚 0
30.334 30.699 59.0 走 0
30.699 31.065 59.0 过 0
31.065 31.431 59.0 爱 0
31.431 31.797 57.0 的 0
31.797 32.163 54.0 荒 0
32.163 33.26 52.0 丘 1
34.315 34.681 61.0 我 0
34.681 35.047 64.0 把 0
35.047 35.413 64.0 承 0
35.413 36.144 64.0 诺 0
36.144 36.51 69.0 撒 0
36.51 36.876 66.0 在 0
36.876 37.242 64.0 那 0
37.242 37.608 61.0 片 0
37.608 37.974 61.0 路 0
37.974 39.071 59.0 口 1
40.323 40.689 59.0 怕 0
40.689 41.054 61.0 你 0
41.054 41.42 61.0 只 0
41.42 41.786 64.0 身 0
42.152 42.518 61.0 迷 0
42.518 42.884 59.0 失 0
42.884 43.249 59.0 风 0
43.249 43.615 57.0 雨 0
43.615 43.981 56.0 街 0
43.981 45.079 54.0 头 1
46.026 46.392 54.0 我 0
46.392 46.758 56.0 把 0
46.758 47.124 54.0 情 0
47.124 47.49 54.0 歌 0
47.856 48.221 52.0 唱 0
48.221 48.587 61.0 遍 0
48.587 48.953 61.0 每 0
48.953 49.319 59.0 个 0
49.319 49.685 54.0 深 0
49.685 51.148 52.0 秋 1
51.894 52.26 57.0 怕 0
52.26 52.626 59.0 你 0
52.626 52.992 59.0 独 0
52.992 53.357 61.0 自 0
53.723 54.089 59.0 承 0
54.089 54.455 59.0 受 0
54.455 54.821 59.0 寂 0
54.821 55.187 57.0 寞 0
55.187 55.553 54.0 的 0
55.553 56.65 52.0 愁 1
57.885 58.25 61.0 我 0
58.25 58.616 64.0 把 0
58.616 58.982 64.0 思 0
58.982 59.714 64.0 念 0
59.714 60.08 69.0 挂 0
60.08 60.446 66.0 满 0
60.446 60.811 64.0 夜 0
60.811 61.177 61.0 的 0
61.177 61.543 61.0 星 0
61.543 62.641 59.0 斗 1
63.697 64.063 59.0 怕 0
64.063 64.429 61.0 你 0
64.429 64.795 61.0 转 0
64.795 65.161 64.0 身 0
65.527 65.892 61.0 错 0
65.892 66.258 59.0 过 0
66.258 66.624 59.0 花 0
66.624 66.99 57.0 的 0
66.99 67.356 56.0 温 0
67.356 68.453 54.0 柔 1
69.548 69.914 54.0 我 0
69.914 70.28 56.0 把 0
70.28 70.646 54.0 心 0
70.646 71.377 54.0 放 0
71.377 71.743 52.0 在 0
71.743 72.109 61.0 飘 0
72.109 72.475 61.0 雪 0
72.475 72.841 59.0 的 0
72.841 73.206 54.0 时 0
73.206 74.67 57.0 候 1
75.301 75.666 64.0 今 0
75.666 76.032 66.0 生 0
76.032 76.398 66.0 我 0
76.398 77.13 69.0 只 0
77.13 77.496 68.0 为 0
77.496 77.862 66.0 与 0
77.862 78.227 66.0 你 0
78.227 78.593 66.0 邂 0
78.593 78.959 61.0 - 0
78.959 80.423 64.0 逅 1
81.325 81.691 64.0 多 0
81.691 82.057 66.0 希 0
82.057 82.423 66.0 望 0
82.423 83.155 69.0 牵 0
83.155 83.52 68.0 手 0
83.52 83.886 66.0 天 0
83.886 84.252 66.0 长 0
84.252 84.618 66.0 地 0
84.618 84.984 61.0 - 0
84.984 86.447 59.0 久 1
87.071 87.437 59.0 漫 0
87.437 87.803 61.0 漫 0
87.803 88.168 61.0 红 0
88.168 88.9 64.0 尘 0
88.9 89.266 61.0 路 0
89.266 89.632 59.0 有 0
89.632 89.998 59.0 你 0
89.998 90.364 57.0 在 0
90.364 90.729 56.0 左 0
90.729 91.827 54.0 右 1
93.025 93.39 57.0 这 0
93.39 93.756 57.0 一 0
93.756 94.305 54.0 生 0
94.305 94.854 54.0 我 0
94.854 95.22 52.0 都 0
95.22 95.586 61.0 别 0
95.586 95.951 61.0 无 0
95.951 96.317 59.0 他 0
96.317 96.683 54.0 - 0
96.683 98.147 57.0 求 1
98.813 99.179 64.0 今 0
99.179 99.545 66.0 生 0
99.545 99.911 66.0 我 0
99.911 100.642 69.0 只 0
100.642 101.008 68.0 为 0
101.008 101.374 66.0 与 0
101.374 101.74 66.0 你 0
101.74 102.106 66.0 邂 0
102.106 102.472 61.0 - 0
102.472 103.935 64.0 逅 1
104.588 104.954 64.0 就 0
104.954 105.32 66.0 让 0
105.32 105.685 66.0 我 0
105.685 106.417 69.0 与 0
106.417 106.783 68.0 你 0
106.783 107.149 66.0 相 0
107.149 107.515 66.0 守 0
107.515 107.881 66.0 到 0
107.881 108.246 61.0 白 0
108.246 108.612 62.0 - 0
108.612 109.71 59.0 头 1
110.571 110.936 59.0 不 0
110.936 111.302 61.0 管 0
111.302 111.668 61.0 这 0
111.668 112.4 64.0 条 0
112.4 112.766 61.0 路 0
112.766 113.132 59.0 有 0
113.132 113.497 61.0 多 0
113.497 113.863 57.0 么 0
113.863 114.229 56.0 难 0
114.229 115.327 54.0 走 1
116.304 116.67 54.0 我 0
116.67 117.036 56.0 都 0
117.036 117.402 54.0 会 0
117.402 118.133 54.0 陪 0
118.133 118.499 52.0 你 0
118.499 118.865 61.0 走 0
118.865 119.231 61.0 到 0
119.231 119.597 59.0 最 0
119.597 119.963 54.0 - 0
119.963 121.426 57.0 后 1
145.581 145.947 57.0 怕 0
145.947 146.313 59.0 你 0
146.313 146.679 59.0 独 0
146.679 147.045 61.0 自 0
147.411 147.777 59.0 承 0
147.777 148.142 59.0 受 0
148.142 148.508 59.0 寂 0
148.508 148.874 57.0 寞 0
148.874 149.24 54.0 的 0
149.24 150.338 52.0 愁 1
151.432 151.798 61.0 我 0
151.798 152.164 64.0 把 0
152.164 152.53 64.0 思 0
152.53 153.261 64.0 念 0
153.261 153.627 69.0 挂 0
153.627 153.993 66.0 满 0
153.993 154.359 64.0 夜 0
154.359 154.725 61.0 的 0
154.725 155.091 61.0 星 0
155.091 156.188 59.0 斗 1
157.346 157.712 59.0 怕 0
157.712 158.077 61.0 你 0
158.077 158.443 61.0 转 0
158.443 159.175 64.0 身 0
159.175 159.541 61.0 错 0
159.541 159.907 59.0 过 0
159.907 160.273 59.0 花 0
160.273 160.638 57.0 的 0
160.638 161.004 56.0 温 0
161.004 162.102 54.0 柔 1
163.136 163.502 54.0 我 0
163.502 163.868 56.0 把 0
163.868 164.234 54.0 心 0
164.234 164.966 54.0 放 0
164.966 165.332 52.0 在 0
165.332 165.697 64.0 飘 0
165.697 166.063 61.0 雪 0
166.063 166.429 59.0 的 0
166.429 166.795 54.0 时 0
166.795 168.258 57.0 候 1
169.127 169.493 64.0 今 0
169.493 169.859 66.0 生 0
169.859 170.225 66.0 我 0
170.225 170.956 69.0 只 0
170.956 171.322 68.0 为 0
171.322 171.688 66.0 与 0
171.688 172.054 66.0 你 0
172.054 172.42 66.0 邂 0
172.42 172.786 61.0 - 0
172.786 174.249 64.0 逅 1
174.906 175.272 64.0 多 0
175.272 175.637 66.0 希 0
175.637 176.003 66.0 望 0
176.003 176.735 69.0 牵 0
176.735 177.101 68.0 手 0
177.101 177.467 66.0 天 0
177.467 177.833 66.0 长 0
177.833 178.198 66.0 地 0
178.198 178.564 61.0 - 0
178.564 180.028 59.0 久 1
180.801 181.167 59.0 漫 0
181.167 181.533 61.0 漫 0
181.533 181.899 61.0 红 0
181.899 182.631 64.0 尘 0
182.631 182.997 61.0 路 0
182.997 183.362 59.0 有 0
183.362 183.728 59.0 你 0
183.728 184.094 57.0 在 0
184.094 184.46 56.0 左 0
184.46 185.558 54.0 右 1
186.549 186.915 54.0 这 0
186.915 187.281 56.0 一 0
187.281 187.647 54.0 生 0
187.647 188.378 54.0 我 0
188.378 188.744 52.0 都 0
188.744 189.11 61.0 别 0
189.11 189.476 61.0 无 0
189.476 189.842 59.0 他 0
189.842 190.208 54.0 - 0
190.208 191.671 57.0 求 1
192.495 192.861 64.0 今 0
192.861 193.226 66.0 生 0
193.226 193.592 66.0 我 0
193.592 194.324 69.0 只 0
194.324 194.69 68.0 为 0
194.69 195.056 66.0 与 0
195.056 195.422 66.0 你 0
195.422 195.787 66.0 邂 0
195.787 196.153 61.0 - 0
196.153 197.617 64.0 逅 1
198.264 198.63 64.0 就 0
198.63 198.996 66.0 让 0
198.996 199.362 66.0 我 0
199.362 200.094 69.0 与 0
200.094 200.459 68.0 你 0
200.459 200.825 66.0 相 0
200.825 201.191 66.0 守 0
201.191 201.557 66.0 到 0
201.557 201.923 61.0 白 0
201.923 202.289 62.0 - 0
202.289 203.386 59.0 头 1
204.182 204.548 59.0 不 0
204.548 204.914 61.0 管 0
204.914 205.28 61.0 这 0
205.28 206.011 64.0 条 0
206.011 206.377 61.0 路 0
206.377 206.743 59.0 有 0
206.743 207.109 59.0 多 0
207.109 207.475 57.0 么 0
207.475 207.841 56.0 难 0
207.841 208.938 54.0 走 1
210.048 210.414 54.0 我 0
210.414 210.779 56.0 都 0
210.779 211.145 54.0 会 0
211.145 211.877 54.0 陪 0
211.877 212.243 52.0 你 0
212.243 212.609 61.0 走 0
212.609 212.975 61.0 到 0
212.975 213.34 59.0 最 0
213.34 213.706 54.0 - 0
213.706 215.535 57.0 后 1
218.86 219.226 57.0 我 0
219.226 219.592 59.0 把 0
219.592 219.958 59.0 情 0
219.958 220.324 61.0 歌 0
220.689 221.055 59.0 唱 0
221.055 221.421 59.0 遍 0
221.421 221.787 59.0 每 0
221.787 222.153 57.0 个 0
222.153 222.519 54.0 深 0
222.519 223.616 52.0 秋 1
224.562 224.928 61.0 我 0
224.928 225.294 64.0 把 0
225.294 225.659 64.0 思 0
225.659 226.391 64.0 念 0
226.391 226.757 69.0 挂 0
226.757 227.123 66.0 满 0
227.123 227.489 64.0 夜 0
227.489 227.855 61.0 的 0
227.855 228.22 64.0 星 0
228.22 229.318 59.0 斗 1
230.412 230.778 59.0 我 0
230.778 231.144 61.0 把 0
231.144 231.51 61.0 心 0
231.51 232.242 64.0 放 0
232.242 232.608 61.0 在 0
232.608 232.973 59.0 飘 0
232.973 233.339 59.0 雪 0
233.339 233.705 57.0 的 0
233.705 234.071 56.0 时 0
234.071 235.173 54.0 候 1
236.44 236.807 57.0 今 0
236.807 237.174 56.0 生 0
237.174 237.579 54.0 我 0
237.579 238.387 54.0 只 0
238.387 238.898 52.0 为 0
238.898 239.112 61.0 与 0
239.112 239.432 64.0 - 0
239.432 240.928 61.0 你 0
242.797 243.385 59.0 邂 0
243.385 243.903 54.0 - 0
243.903 249.081 57.0 逅 1
