28.402 29.395 60.0 忘 0
29.395 30.278 62.0 记 0
30.278 30.719 60.0 想 0
30.719 31.16 62.0 要 0
31.16 31.601 65.0 忘 0
31.601 32.042 62.0 谈 0
32.042 32.483 60.0 何 0
32.483 32.925 58.0 - 0
33.366 33.807 60.0 容 0
33.807 34.028 60.0 易 0
34.028 34.469 62.0 - 1
34.517 34.959 60.0 不 0
34.959 35.4 62.0 - 0
35.4 35.841 60.0 怨 0
35.841 36.282 58.0 你 0
36.613 37.164 60.0 是 0
37.164 37.606 60.0 - 0
37.606 38.047 62.0 我 0
38.047 38.488 65.0 如 0
38.488 38.929 62.0 此 0
38.929 39.37 60.0 不 0
39.37 40.142 58.0 堪 0
40.253 40.694 60.0 一 0
40.694 41.576 62.0 - 1
41.643 42.084 60.0 感 0
42.084 42.526 60.0 情 0
42.526 42.967 55.0 深 0
42.967 43.408 58.0 可 0
43.408 43.849 58.0 入 0
43.849 44.29 55.0 海 0
44.29 45.173 60.0 底 1
45.202 45.643 69.0 爱 0
45.643 46.084 67.0 的 0
46.084 46.525 65.0 真 0
46.525 46.966 60.0 没 0
46.966 47.407 60.0 人 0
47.407 47.849 65.0 能 0
47.849 48.29 62.0 比 1
48.695 49.136 60.0 这 0
49.136 49.577 62.0 些 0
49.577 50.019 60.0 你 0
50.019 50.46 58.0 从 0
50.46 50.901 58.0 不 0
50.901 51.342 58.0 放 0
51.342 52.224 58.0 在 0
52.666 53.107 55.0 眼 0
53.107 55.754 60.0 里 1
56.574 57.567 60.0 想 0
57.567 58.449 62.0 你 0
58.449 58.89 60.0 不 0
58.89 59.331 62.0 只 0
59.331 59.772 65.0 是 0
59.772 60.214 62.0 因 0
60.214 60.655 60.0 为 0
60.655 61.096 58.0 - 0
61.537 61.978 60.0 空 0
61.978 62.199 60.0 虚 0
62.199 62.64 62.0 - 1
62.773 63.214 60.0 说 0
63.214 63.655 62.0 - 0
63.655 64.096 60.0 到 0
64.096 64.537 58.0 底 0
64.868 65.42 60.0 是 0
65.42 65.861 60.0 - 0
65.861 66.302 62.0 真 0
66.302 66.743 65.0 有 0
66.743 67.184 62.0 感 0
67.184 67.626 60.0 情 0
67.626 68.398 58.0 不 0
68.508 68.949 60.0 骗 0
68.949 69.831 62.0 - 1
69.977 70.419 60.0 敢 0
70.419 70.86 62.0 与 0
70.86 71.301 55.0 全 0
71.301 71.742 58.0 世 0
71.742 72.183 58.0 界 0
72.183 72.625 55.0 为 0
72.625 73.507 60.0 敌 1
73.522 73.963 69.0 为 0
73.963 74.404 67.0 了 0
74.404 74.845 65.0 你 0
74.845 75.287 60.0 受 0
75.287 75.728 60.0 尽 0
75.728 76.169 65.0 委 0
76.169 76.61 62.0 屈 1
76.93 77.371 60.0 这 0
77.371 77.813 62.0 些 0
77.813 78.254 55.0 苦 0
78.254 78.695 58.0 我 0
78.695 79.136 58.0 甚 0
79.136 79.577 58.0 至 0
79.577 80.46 58.0 都 0
80.901 81.342 55.0 愿 0
81.342 83.769 65.0 意 1
83.913 84.464 65.0 好 0
84.464 84.905 60.0 可 0
84.905 85.788 62.0 惜 0
86.229 86.67 60.0 终 0
86.67 87.553 62.0 于 0
87.553 87.994 62.0 失 0
87.994 88.435 63.0 去 0
88.435 90.641 65.0 你 1
91.051 91.492 60.0 对 0
91.492 91.933 60.0 - 0
91.933 92.374 58.0 不 0
92.374 93.036 58.0 起 0
93.257 93.698 57.0 我 0
93.698 94.58 58.0 - 0
94.58 95.022 58.0 已 0
95.022 95.463 60.0 经 0
95.463 97.227 62.0 尽 1
97.681 98.122 58.0 我 0
98.122 98.563 70.0 - 0
98.563 99.004 65.0 没 0
99.004 100.107 67.0 有 0
100.107 100.328 65.0 放 0
100.328 101.431 65.0 - 0
101.541 102.092 65.0 只 0
102.092 102.534 62.0 - 0
102.534 103.416 65.0 是 0
103.416 104.078 67.0 不 0
104.078 104.298 58.0 见 0
104.298 105.181 58.0 - 1
105.674 106.115 62.0 以 0
106.115 106.556 63.0 为 0
106.556 106.997 63.0 这 0
106.997 107.438 63.0 样 0
107.438 107.88 62.0 就 0
107.88 108.321 63.0 伤 0
108.321 108.541 60.0 不 0
108.541 108.762 62.0 - 0
108.762 108.872 60.0 - 0
108.872 109.203 58.0 到 0
109.203 109.644 58.0 自 0
109.644 111.409 60.0 己 1
112.128 112.68 65.0 好 0
112.68 113.121 60.0 可 0
113.121 114.224 62.0 惜 0
114.224 114.444 60.0 - 0
114.444 114.885 60.0 我 0
114.885 115.106 60.0 们 0
115.106 115.547 62.0 - 0
115.658 116.209 62.0 回 0
116.209 116.65 63.0 不 0
116.65 118.856 65.0 去 1
119.373 119.814 60.0 伤 0
119.814 120.256 62.0 心 0
120.256 120.697 60.0 哭 0
120.697 121.469 58.0 - 0
121.579 122.02 57.0 泣 0
122.02 122.682 58.0 变 0
122.682 123.344 58.0 本 0
123.344 123.785 60.0 加 0
123.785 125.55 62.0 厉 1
125.968 126.409 58.0 我 0
126.409 126.85 70.0 一 0
126.85 127.291 65.0 直 0
127.291 128.174 67.0 婉 0
128.174 128.615 65.0 - 0
128.615 129.497 65.0 拒 0
129.828 130.38 65.0 别 0
130.38 130.821 62.0 人 0
130.821 131.703 65.0 的 0
131.703 132.365 67.0 情 0
132.365 132.586 58.0 - 0
132.586 133.468 58.0 意 1
133.9 134.341 62.0 只 0
134.341 134.782 65.0 为 0
134.782 135.224 63.0 个 0
135.224 135.665 63.0 不 0
135.665 136.106 62.0 确 0
136.106 136.547 60.0 定 0
136.547 137.209 60.0 - 0
137.429 137.871 58.0 的 0
137.871 140.518 58.0 你 1
141.294 142.286 60.0 想 0
142.286 143.169 62.0 - 0
143.169 143.61 60.0 你 0
143.61 144.051 62.0 不 0
144.051 144.492 65.0 只 0
144.492 144.933 62.0 是 0
144.933 145.375 60.0 因 0
145.375 145.816 58.0 为 0
146.257 146.698 60.0 空 0
146.698 146.919 60.0 - 0
146.919 147.36 62.0 虚 1
147.628 148.069 60.0 说 0
148.069 148.51 62.0 到 0
148.51 148.951 60.0 底 0
148.951 149.392 58.0 - 0
149.723 150.275 60.0 是 0
150.275 150.716 60.0 真 0
150.716 151.157 62.0 有 0
151.157 151.598 65.0 感 0
151.598 152.039 62.0 情 0
152.039 152.48 60.0 不 0
152.48 153.253 58.0 - 0
153.363 153.804 60.0 骗 0
153.804 154.686 62.0 你 1
154.694 155.136 60.0 敢 0
155.136 155.577 62.0 与 0
155.577 156.018 55.0 全 0
156.018 156.459 58.0 世 0
156.459 156.9 58.0 界 0
156.9 157.341 55.0 为 0
157.341 158.224 60.0 敌 1
158.225 158.666 69.0 为 0
158.666 159.107 67.0 - 0
159.107 159.548 65.0 了 0
159.548 159.989 60.0 你 0
159.989 160.431 60.0 受 0
160.431 160.872 65.0 尽 0
160.872 161.313 62.0 委 1
161.639 162.08 60.0 这 0
162.08 162.522 62.0 - 0
162.522 162.963 55.0 些 0
162.963 163.404 58.0 苦 0
163.404 163.845 58.0 我 0
163.845 164.286 58.0 甚 0
164.286 165.169 58.0 至 0
165.61 166.051 55.0 愿 0
166.051 168.477 65.0 - 0
168.532 169.083 65.0 意 1
169.083 169.524 60.0 好 0
169.524 170.627 62.0 可 0
170.627 170.848 60.0 惜 0
170.848 171.289 60.0 - 0
171.289 172.171 62.0 终 0
172.171 172.613 62.0 于 0
172.613 173.054 63.0 失 0
173.054 175.26 65.0 去 1
175.685 176.126 60.0 对 0
176.126 176.567 60.0 不 0
176.567 177.008 58.0 起 0
177.008 177.67 58.0 - 0
177.891 178.332 57.0 我 0
178.332 179.214 58.0 已 0
179.214 179.655 58.0 经 0
179.655 180.097 60.0 尽 0
180.097 181.861 62.0 力 1
182.395 182.836 58.0 我 0
182.836 183.277 70.0 没 0
183.277 183.718 65.0 有 0
183.718 184.821 67.0 放 0
184.821 185.042 65.0 - 0
185.042 186.145 65.0 弃 0
186.255 186.806 65.0 只 0
186.806 187.247 62.0 是 0
187.247 188.13 65.0 不 0
188.13 188.792 67.0 见 0
188.792 189.012 58.0 - 0
189.012 189.895 58.0 你 1
190.398 190.839 62.0 以 0
190.839 191.28 65.0 - 0
191.28 191.721 63.0 为 0
191.721 192.162 63.0 这 0
192.162 192.604 62.0 样 0
192.604 193.045 63.0 就 0
193.045 193.265 60.0 伤 0
193.265 193.486 62.0 不 0
193.486 193.596 60.0 - 0
193.596 193.927 58.0 - 0
193.927 194.368 58.0 到 0
194.368 196.133 60.0 自 1
196.872 197.424 65.0 好 0
197.424 197.865 60.0 - 0
197.865 198.968 62.0 可 0
198.968 199.188 60.0 惜 0
199.188 199.629 60.0 - 0
199.629 199.85 60.0 我 0
199.85 200.291 62.0 们 0
200.401 200.953 62.0 回 0
200.953 201.394 63.0 - 0
201.394 203.6 65.0 不 1
204.106 204.547 60.0 伤 0
204.547 204.989 62.0 心 0
204.989 205.43 60.0 哭 0
205.43 206.202 58.0 - 0
206.312 206.753 57.0 泣 0
206.753 207.415 58.0 变 0
207.415 208.077 58.0 本 0
208.077 208.518 60.0 加 0
208.518 210.283 62.0 厉 1
210.542 210.983 58.0 我 0
210.983 211.424 70.0 - 0
211.424 211.865 65.0 一 0
211.865 212.748 67.0 直 0
212.748 213.189 65.0 婉 0
213.189 214.071 65.0 - 0
214.402 214.954 65.0 别 0
214.954 215.395 62.0 - 0
215.395 216.277 65.0 人 0
216.277 216.939 72.0 的 0
216.939 217.159 70.0 情 0
217.159 218.042 70.0 - 1
218.521 218.962 62.0 只 0
218.962 219.403 65.0 为 0
219.403 219.845 63.0 个 0
219.845 220.286 63.0 不 0
220.286 220.727 62.0 确 0
220.727 221.168 62.0 定 0
221.168 221.83 60.0 - 0
222.05 222.492 58.0 的 0
222.492 225.139 58.0 你 1
226.154 227.478 67.0 其 0
227.478 227.919 67.0 实 0
227.919 229.242 69.0 在 0
229.242 229.683 69.0 心 0
229.683 231.889 70.0 里 1
231.89 232.331 67.0 我 0
232.331 232.773 74.0 真 0
232.773 233.214 79.0 的 0
233.214 233.655 75.0 好 0
233.655 234.096 74.0 想 0
234.096 234.537 75.0 求 0
234.537 234.979 74.0 你 0
234.979 235.42 75.0 别 0
235.42 235.861 67.0 和 0
235.861 236.302 67.0 我 0
236.302 236.743 70.0 分 0
236.743 238.949 72.0 离 1
239.222 239.773 65.0 好 0
239.773 240.215 60.0 可 0
240.215 241.097 62.0 惜 0
241.538 241.979 60.0 终 0
241.979 242.641 62.0 于 0
242.751 243.303 62.0 失 0
243.303 243.744 63.0 去 0
243.744 245.95 65.0 你 1
246.451 246.892 60.0 对 0
246.892 247.333 60.0 不 0
247.333 247.775 58.0 起 0
247.775 248.216 58.0 - 0
248.657 249.098 57.0 我 0
249.098 249.76 58.0 已 0
249.76 250.422 58.0 经 0
250.422 250.863 60.0 尽 0
250.863 252.628 62.0 力 1
252.941 253.382 58.0 我 0
253.382 253.823 70.0 - 0
253.823 254.264 65.0 没 0
254.264 255.257 67.0 有 0
255.257 255.478 65.0 放 0
255.478 256.47 65.0 - 0
256.801 257.353 65.0 只 0
257.353 257.794 62.0 - 0
257.794 258.676 65.0 是 0
258.676 259.338 67.0 不 0
259.338 259.558 58.0 见 0
259.558 260.441 58.0 - 1
260.825 261.266 62.0 以 0
261.266 261.707 65.0 - 0
261.707 262.148 63.0 为 0
262.148 262.59 63.0 这 0
262.59 263.031 62.0 样 0
263.031 263.472 63.0 就 0
263.472 263.913 62.0 伤 0
263.913 264.354 60.0 不 0
264.354 264.575 58.0 到 0
264.575 265.347 62.0 自 0
265.347 267.001 60.0 己 1
267.505 268.057 65.0 好 0
268.057 268.498 60.0 可 0
268.498 269.601 62.0 惜 0
269.601 269.821 60.0 - 0
269.821 270.263 60.0 我 0
270.263 270.483 60.0 们 0
270.483 270.924 62.0 - 0
271.035 271.586 62.0 回 0
271.586 272.027 63.0 不 0
272.027 273.13 65.0 去 0
273.13 273.571 67.0 哦 0
273.571 274.344 65.0 - 1
274.659 275.101 60.0 伤 0
275.101 275.542 62.0 心 0
275.542 275.983 60.0 哭 0
275.983 276.755 58.0 - 0
276.865 277.306 57.0 泣 0
277.306 277.968 58.0 变 0
277.968 278.63 58.0 本 0
278.63 279.071 60.0 加 0
279.071 280.836 62.0 厉 1
281.184 281.625 58.0 我 0
281.625 282.066 70.0 - 0
282.066 282.508 65.0 一 0
282.508 283.39 67.0 直 0
283.39 283.831 65.0 婉 0
283.831 284.713 65.0 - 0
285.044 285.596 65.0 别 0
285.596 286.037 62.0 - 0
286.037 286.919 65.0 人 0
286.919 287.581 67.0 的 0
287.581 287.802 58.0 情 0
287.802 288.684 58.0 - 1
289.06 289.501 62.0 只 0
289.501 289.943 65.0 - 0
289.943 290.384 63.0 为 0
290.384 290.825 63.0 个 0
290.825 291.266 62.0 不 0
291.266 291.707 60.0 确 0
291.707 292.369 60.0 定 0
292.59 293.031 58.0 的 0
293.031 295.678 58.0 - 0
