14.761 14.976 54.0 把 0
14.976 15.19 56.0 昨 0
15.19 15.619 57.0 天 0
15.619 16.476 57.0 都 0
16.476 16.69 50.0 作 0
16.69 17.333 50.0 废 1
18.141 18.57 52.0 现 0
18.57 18.998 52.0 在 0
18.998 19.427 61.0 你 0
19.427 19.855 59.0 在 0
19.855 20.07 59.0 我 0
20.07 20.498 57.0 眼 0
20.498 21.57 57.0 前 1
21.734 21.948 57.0 我 0
21.948 22.162 59.0 想 0
22.162 23.127 57.0 爱 0
23.662 23.877 50.0 请 0
23.877 24.091 50.0 给 0
24.091 24.305 52.0 我 0
24.305 24.734 54.0 - 0
24.734 24.948 52.0 机 0
24.948 25.805 52.0 会 1
28.444 28.658 54.0 如 0
28.658 28.872 57.0 果 0
28.872 29.301 57.0 我 0
29.301 29.729 57.0 错 0
29.729 29.944 59.0 了 0
29.944 30.158 59.0 也 0
30.158 30.587 61.0 - 0
30.587 30.801 57.0 承 0
30.801 31.765 61.0 担 1
32.324 32.538 61.0 认 0
32.538 32.752 61.0 定 0
32.752 32.967 59.0 你 0
32.967 33.181 62.0 就 0
33.181 33.61 64.0 - 0
33.61 34.038 64.0 是 0
34.038 34.252 56.0 答 0
34.252 34.895 57.0 案 0
34.895 35.752 57.0 - 1
37.075 37.289 61.0 我 0
37.289 37.504 62.0 不 0
37.504 37.718 61.0 怕 0
37.718 37.932 62.0 谁 0
37.932 38.361 61.0 嘲 0
38.361 38.575 57.0 笑 0
38.575 39.004 57.0 我 0
39.004 39.218 54.0 极 0
39.218 40.504 59.0 端 1
42.151 42.58 62.0 相 0
42.58 43.008 62.0 信 0
43.008 43.437 62.0 自 0
43.437 43.651 61.0 己 0
43.651 44.08 61.0 的 0
44.08 44.294 59.0 直 0
44.294 44.722 59.0 觉 0
44.722 45.58 61.0 - 1
45.947 46.161 61.0 顽 0
46.161 46.376 61.0 固 0
46.376 46.59 61.0 的 0
46.59 47.233 66.0 人 0
47.233 47.661 57.0 不 0
47.661 47.876 57.0 喊 0
47.876 48.947 57.0 累 1
49.33 49.544 54.0 爱 0
49.544 49.758 54.0 上 0
49.758 50.187 54.0 你 0
50.187 50.615 56.0 我 0
50.615 50.83 57.0 不 0
50.83 51.258 61.0 撤 0
51.258 51.473 59.0 - 0
51.473 53.187 59.0 退 0
53.187 54.794 61.0 - 1
55.042 55.471 69.0 我 0
55.471 55.899 69.0 说 0
55.899 56.221 69.0 过 0
56.542 56.756 57.0 我 0
56.756 56.971 69.0 不 0
56.971 57.399 69.0 闪 0
57.399 58.042 69.0 躲 1
58.248 58.463 57.0 我 0
58.463 58.891 69.0 非 0
58.891 59.106 68.0 要 0
59.106 59.534 66.0 这 0
59.534 59.748 64.0 么 0
59.748 60.606 61.0 做 1
60.938 61.045 59.0 讲 0
61.045 61.367 59.0 不 0
61.367 61.581 57.0 听 0
61.581 61.795 52.0 也 0
61.795 62.117 57.0 偏 0
62.117 62.438 59.0 要 0
62.438 63.081 61.0 爱 1
63.292 63.507 52.0 更 0
63.507 63.828 57.0 努 0
63.828 64.149 59.0 力 0
64.149 64.792 61.0 爱 0
65.007 65.221 52.0 让 0
65.221 65.542 57.0 你 0
65.542 65.864 59.0 明 0
65.864 67.578 61.0 白 1
68.713 69.142 69.0 没 0
69.142 69.571 69.0 有 0
69.571 69.999 69.0 别 0
69.999 70.428 66.0 条 0
70.428 70.642 66.0 路 0
70.642 71.071 68.0 能 0
71.071 71.285 68.0 走 0
71.285 71.606 69.0 - 1
71.647 71.862 57.0 你 0
71.862 72.076 57.0 决 0
72.076 72.505 69.0 定 0
72.505 72.719 69.0 要 0
72.719 72.933 68.0 不 0
72.933 73.147 66.0 要 0
73.147 73.576 64.0 陪 0
73.576 73.79 59.0 我 0
73.79 74.219 61.0 - 1
74.641 74.856 59.0 讲 0
74.856 75.07 59.0 不 0
75.07 75.284 57.0 听 0
75.284 75.499 52.0 偏 0
75.499 75.713 59.0 爱 0
75.713 76.141 61.0 - 1
76.368 76.582 61.0 靠 0
76.582 76.796 59.0 我 0
76.796 77.011 57.0 感 0
77.011 77.225 54.0 觉 0
77.225 78.082 61.0 爱 1
78.226 78.44 59.0 等 0
78.44 78.655 59.0 你 0
78.655 78.869 57.0 的 0
78.869 79.405 54.0 依 0
79.405 80.797 59.0 赖 1
81.082 81.296 68.0 对 0
81.296 81.725 69.0 - 0
81.725 81.939 68.0 你 0
81.939 82.153 66.0 偏 0
82.153 84.511 66.0 爱 0
84.939 86.011 62.0 爱 0
86.011 87.511 59.0 - 1
88.377 88.591 69.0 痛 0
88.591 88.805 68.0 也 0
88.805 89.02 66.0 很 0
89.02 89.234 68.0 愉 0
89.234 90.734 61.0 快 0
90.948 92.448 66.0 - 0
92.448 94.055 59.0 - 1
96.885 97.099 54.0 把 0
97.099 97.314 56.0 昨 0
97.314 97.742 57.0 天 0
97.742 98.599 57.0 都 0
98.599 98.814 50.0 作 0
98.814 99.457 50.0 废 1
100.335 100.763 52.0 现 0
100.763 101.192 52.0 在 0
101.192 101.621 61.0 你 0
101.621 102.049 64.0 在 0
102.049 102.263 61.0 我 0
102.263 102.692 57.0 眼 0
102.692 103.763 57.0 前 1
104.012 104.226 57.0 我 0
104.226 104.44 59.0 想 0
104.44 105.405 57.0 爱 0
105.94 106.155 50.0 请 0
106.155 106.369 50.0 给 0
106.369 106.583 52.0 我 0
106.583 107.012 54.0 - 0
107.012 107.226 52.0 机 0
107.226 108.083 52.0 会 1
110.698 110.912 54.0 如 0
110.912 111.126 57.0 果 0
111.126 111.555 57.0 我 0
111.555 111.983 57.0 错 0
111.983 112.198 59.0 了 0
112.198 112.412 59.0 也 0
112.412 112.84 61.0 - 0
112.84 113.055 57.0 承 0
113.055 114.019 61.0 担 1
114.502 114.716 61.0 认 0
114.716 114.93 61.0 定 0
114.93 115.145 64.0 你 0
115.145 115.573 64.0 就 0
115.573 115.787 64.0 - 0
115.787 116.216 66.0 是 0
116.216 116.323 59.0 答 0
116.323 116.966 59.0 案 0
116.966 118.359 57.0 - 1
119.218 119.432 62.0 我 0
119.432 119.647 62.0 不 0
119.647 119.861 61.0 怕 0
119.861 120.075 62.0 谁 0
120.075 120.504 61.0 嘲 0
120.504 120.718 57.0 笑 0
120.718 121.147 57.0 我 0
121.147 121.361 54.0 极 0
121.361 122.647 59.0 端 1
124.357 124.785 62.0 相 0
124.785 125.214 62.0 信 0
125.214 125.643 62.0 自 0
125.643 125.857 61.0 己 0
125.857 126.285 61.0 的 0
126.285 126.5 59.0 - 0
126.5 126.714 59.0 直 0
126.714 127.785 61.0 觉 1
128.326 128.54 61.0 顽 0
128.54 128.755 61.0 固 0
128.755 128.969 61.0 的 0
128.969 129.612 66.0 人 0
129.612 130.04 57.0 不 0
130.04 130.255 57.0 喊 0
130.255 131.326 57.0 累 1
131.726 131.94 54.0 爱 0
131.94 132.154 54.0 上 0
132.154 132.583 54.0 你 0
132.583 133.011 56.0 我 0
133.011 133.226 57.0 不 0
133.226 133.654 59.0 撤 0
133.654 135.583 59.0 退 0
135.583 136.654 64.0 - 0
136.654 137.083 68.0 - 1
137.353 137.782 69.0 我 0
137.782 138.21 69.0 说 0
138.21 138.853 69.0 过 0
138.853 139.067 57.0 我 0
139.067 139.282 69.0 不 0
139.282 139.71 69.0 闪 0
139.71 140.353 69.0 躲 1
140.534 140.749 57.0 我 0
140.749 141.177 69.0 非 0
141.177 141.391 68.0 要 0
141.391 141.82 66.0 这 0
141.82 142.034 64.0 么 0
142.034 142.891 61.0 做 1
143.209 143.316 59.0 讲 0
143.316 143.638 59.0 不 0
143.638 143.852 57.0 听 0
143.852 144.066 52.0 也 0
144.066 144.388 57.0 偏 0
144.388 144.709 59.0 要 0
144.709 145.352 61.0 爱 1
145.572 145.786 52.0 更 0
145.786 146.108 57.0 努 0
146.108 146.429 59.0 力 0
146.429 147.072 61.0 爱 0
147.286 147.501 52.0 让 0
147.501 147.822 57.0 你 0
147.822 148.144 59.0 明 0
148.144 149.858 61.0 白 1
150.897 151.326 69.0 没 0
151.326 151.754 69.0 有 0
151.754 152.183 69.0 别 0
152.183 152.612 66.0 条 0
152.612 152.826 66.0 路 0
152.826 153.254 68.0 能 0
153.254 153.469 68.0 走 0
153.469 153.79 69.0 - 1
154.053 154.268 57.0 你 0
154.268 154.482 57.0 决 0
154.482 154.91 69.0 定 0
154.91 155.125 69.0 要 0
155.125 155.339 68.0 不 0
155.339 155.553 66.0 要 0
155.553 155.982 64.0 陪 0
155.982 156.196 59.0 我 0
156.196 156.625 61.0 - 1
157.032 157.247 61.0 讲 0
157.247 157.461 59.0 不 0
157.461 157.675 57.0 听 0
157.675 157.889 52.0 偏 0
157.889 158.104 59.0 爱 0
158.104 158.532 61.0 - 1
158.601 158.815 61.0 靠 0
158.815 159.029 59.0 我 0
159.029 159.243 57.0 感 0
159.243 159.458 54.0 觉 0
159.458 160.315 61.0 爱 1
160.471 160.685 59.0 等 0
160.685 160.899 59.0 你 0
160.899 161.114 57.0 的 0
161.114 161.649 54.0 依 0
161.649 163.042 59.0 赖 1
163.322 163.75 69.0 不 0
163.75 164.179 68.0 后 0
164.179 164.608 66.0 悔 0
164.608 165.036 69.0 有 0
165.036 165.465 69.0 把 0
165.465 166.108 69.0 握 1
166.135 166.349 57.0 我 0
166.349 166.563 69.0 不 0
166.563 166.992 69.0 闪 0
166.992 167.635 69.0 躲 0
167.849 168.063 57.0 我 0
168.063 168.492 69.0 非 0
168.492 168.706 68.0 要 0
168.706 169.135 66.0 这 0
169.135 169.349 64.0 么 0
169.349 170.206 61.0 做 1
170.646 170.86 59.0 讲 0
170.86 171.074 59.0 不 0
171.074 171.288 57.0 听 0
171.288 171.503 52.0 也 0
171.503 171.824 57.0 偏 0
171.824 172.146 59.0 要 0
172.146 172.788 61.0 爱 1
173.065 173.279 52.0 更 0
173.279 173.6 57.0 努 0
173.6 173.922 59.0 力 0
173.922 174.565 61.0 爱 0
174.779 174.993 52.0 让 0
174.993 175.315 57.0 你 0
175.315 175.636 59.0 明 0
175.636 177.35 61.0 白 1
178.335 178.763 69.0 没 0
178.763 179.192 69.0 有 0
179.192 179.621 69.0 别 0
179.621 180.049 66.0 条 0
180.049 180.263 66.0 路 0
180.263 180.692 68.0 能 0
180.692 180.906 68.0 走 0
180.906 181.228 69.0 - 1
181.361 181.575 57.0 你 0
181.575 181.789 57.0 决 0
181.789 182.218 69.0 定 0
182.218 182.432 69.0 要 0
182.432 182.647 68.0 不 0
182.647 182.861 66.0 要 0
182.861 183.289 64.0 陪 0
183.289 183.504 59.0 我 0
183.504 183.932 61.0 - 1
184.335 184.549 59.0 讲 0
184.549 184.763 59.0 不 0
184.763 184.978 57.0 听 0
184.978 185.192 52.0 偏 0
185.192 185.406 59.0 爱 0
185.406 185.835 61.0 - 1
186.169 186.383 61.0 靠 0
186.383 186.598 59.0 我 0
186.598 186.812 57.0 感 0
186.812 187.026 54.0 觉 0
187.026 187.883 61.0 爱 1
187.885 188.1 59.0 等 0
188.1 188.314 59.0 你 0
188.314 188.528 57.0 的 0
188.528 189.064 54.0 依 0
189.064 190.457 59.0 赖 1
190.767 190.982 68.0 对 0
190.982 191.41 69.0 你 0
191.41 191.625 68.0 偏 0
191.625 192.482 64.0 爱 0
192.482 194.196 66.0 - 0
194.625 195.696 62.0 爱 0
195.696 197.196 59.0 - 1
198.169 198.383 69.0 痛 0
198.383 198.598 68.0 也 0
198.598 198.812 66.0 很 0
198.812 199.026 68.0 愉 0
199.026 200.526 61.0 快 0
200.741 202.241 64.0 - 0
202.241 203.848 59.0 - 1
