20.23 20.548 56.0 如 0
20.552 20.709 58.0 果 0
20.713 21.032 58.0 世 0
21.036 21.193 56.0 界 0
21.197 21.516 58.0 漆 0
21.52 22.0 58.0 黑 1
22.08 22.237 49.0 其 0
22.241 22.56 51.0 实 0
22.564 22.721 53.0 我 0
22.725 23.043 53.0 很 0
23.047 23.366 53.0 美 1
23.894 24.051 56.0 在 0
24.056 24.374 56.0 - 0
24.378 24.535 58.0 爱 0
24.539 24.858 58.0 情 0
24.862 25.019 56.0 里 0
25.023 25.342 61.0 面 0
25.346 25.826 58.0 进 1
25.926 26.083 49.0 最 0
26.087 26.406 51.0 - 0
26.41 26.518 53.0 多 0
26.518 26.889 56.0 被 0
26.893 27.535 53.0 消 1
27.93 28.087 56.0 不 0
28.091 28.329 56.0 管 0
28.333 28.571 58.0 同 0
28.575 28.813 58.0 样 0
28.817 29.055 56.0 的 0
29.059 29.378 58.0 是 0
29.382 29.7 58.0 非 1
29.843 30.0 49.0 又 0
30.004 30.242 51.0 怎 0
30.246 30.484 53.0 么 0
30.488 30.806 53.0 不 0
30.81 31.282 53.0 对 1
31.292 31.945 56.0 无 0
32.433 32.913 49.0 所 0
32.917 33.833 51.0 - 1
35.717 36.036 56.0 如 0
36.04 36.197 58.0 - 0
36.201 36.52 58.0 果 0
36.524 36.681 56.0 像 0
36.685 37.004 58.0 你 0
37.008 37.488 58.0 一 1
37.588 37.745 49.0 总 0
37.749 37.987 51.0 - 0
37.991 38.229 53.0 有 0
38.233 38.471 53.0 人 0
38.475 39.116 53.0 赞 1
39.478 39.635 56.0 围 0
39.639 39.877 56.0 - 0
39.881 40.119 58.0 绕 0
40.123 40.361 58.0 着 0
40.365 40.603 56.0 我 0
40.607 40.926 61.0 的 0
40.93 41.248 58.0 卑 1
41.388 41.545 49.0 也 0
41.549 41.867 51.0 - 0
41.871 42.029 53.0 许 0
42.033 42.351 56.0 能 0
42.355 42.674 53.0 消 1
43.228 43.385 56.0 其 0
43.389 43.627 56.0 - 0
43.631 43.869 58.0 实 0
43.873 44.111 58.0 我 0
44.115 44.353 56.0 并 0
44.357 44.676 58.0 不 0
44.68 45.16 58.0 在 1
45.314 45.471 49.0 有 0
45.475 45.713 51.0 很 0
45.717 45.955 53.0 多 0
45.959 46.197 53.0 机 0
46.201 46.68 53.0 会 1
46.7 47.421 56.0 像 0
47.425 47.744 56.0 巨 0
47.748 47.905 54.0 人 0
47.909 48.228 54.0 一 0
48.232 48.389 53.0 样 0
48.393 48.631 54.0 的 0
48.635 48.873 53.0 无 0
48.877 49.357 54.0 畏 1
49.583 49.821 56.0 放 0
49.825 50.063 54.0 纵 0
50.067 50.305 53.0 我 0
50.309 50.546 54.0 心 0
50.55 50.788 53.0 里 0
50.792 51.03 51.0 的 0
51.034 51.272 49.0 鬼 1
51.317 51.797 53.0 可 0
51.801 52.281 53.0 是 0
52.285 52.765 53.0 我 0
52.769 53.249 53.0 不 0
53.253 53.733 53.0 配 1
54.599 54.837 61.0 丑 0
54.841 55.079 63.0 八 0
55.083 56.047 65.0 怪 0
56.051 57.257 65.0 - 0
57.261 58.22 65.0 - 1
58.536 58.774 61.0 能 0
58.778 59.016 63.0 否 0
59.02 59.5 63.0 别 0
59.504 59.984 63.0 把 0
59.988 60.468 63.0 灯 0
60.472 60.71 61.0 打 0
60.714 61.919 63.0 开 1
62.076 62.314 58.0 我 0
62.318 62.556 58.0 - 0
62.56 62.798 60.0 要 0
62.802 63.524 61.0 的 0
63.528 64.25 60.0 爱 0
64.25 64.73 63.0 - 1
65.167 65.365 61.0 出 0
65.365 65.889 60.0 - 0
65.893 66.373 58.0 没 0
66.619 66.857 58.0 漆 0
66.861 67.099 56.0 - 0
67.103 67.341 58.0 黑 0
67.345 67.583 56.0 一 0
67.587 67.825 58.0 片 0
67.829 68.268 61.0 的 0
68.268 69.518 65.0 舞 1
69.606 70.086 61.0 丑 0
70.09 70.57 63.0 - 0
70.574 71.538 65.0 八 0
71.542 72.747 65.0 怪 0
72.751 73.711 65.0 - 1
74.028 74.266 61.0 在 0
74.27 74.508 63.0 - 0
74.512 74.992 63.0 这 0
74.996 75.476 63.0 暧 0
75.48 75.96 63.0 昧 0
75.964 76.202 61.0 的 0
76.206 77.411 63.0 时 1
77.553 77.791 58.0 我 0
77.795 78.033 58.0 的 0
78.037 78.275 60.0 存 0
78.279 79.001 61.0 在 0
79.005 79.727 60.0 - 0
79.731 80.21 63.0 - 0
81.182 82.11 61.0 像 0
82.11 82.63 60.0 意 0
82.634 83.912 58.0 外 1
97.638 97.876 56.0 有 0
97.88 98.118 58.0 - 0
98.122 98.36 58.0 人 0
98.364 98.602 56.0 用 0
98.606 98.843 58.0 一 0
98.847 99.327 58.0 滴 0
99.432 99.67 49.0 泪 1
99.674 99.912 51.0 会 0
99.916 100.154 53.0 红 0
100.158 100.396 53.0 颜 0
100.4 100.638 53.0 祸 1
101.578 101.816 56.0 有 0
101.82 102.058 58.0 人 0
102.062 102.3 58.0 丢 0
102.304 102.541 56.0 掉 0
102.546 102.783 61.0 称 0
102.787 103.34 58.0 谓 1
103.404 103.561 49.0 什 0
103.565 103.884 51.0 么 0
103.888 104.045 53.0 也 0
104.049 104.368 56.0 不 0
104.372 105.013 53.0 会 1
105.26 105.498 56.0 只 0
105.502 105.74 56.0 要 0
105.744 105.982 58.0 你 0
105.986 106.224 58.0 足 0
106.228 106.465 56.0 够 0
106.469 106.788 58.0 虚 0
106.792 107.111 58.0 伪 1
107.218 107.375 49.0 就 0
107.379 107.617 51.0 不 0
107.621 107.859 53.0 怕 0
107.863 108.182 53.0 魔 0
108.186 108.666 53.0 鬼 1
108.691 108.932 54.0 对 0
108.932 109.332 56.0 - 0
109.82 110.057 49.0 不 0
110.142 110.783 51.0 对 1
113.064 113.382 56.0 如 0
113.386 113.544 58.0 - 0
113.548 113.866 58.0 果 0
113.87 114.027 56.0 剧 0
114.031 114.35 58.0 本 0
114.354 114.834 58.0 写 1
114.955 115.112 49.0 谁 0
115.116 115.354 51.0 - 0
115.358 115.596 53.0 比 0
115.6 115.838 53.0 谁 0
115.842 116.483 53.0 高 1
116.721 116.959 56.0 我 0
116.963 117.201 56.0 - 0
117.205 117.442 58.0 只 0
117.447 117.684 58.0 能 0
117.688 117.926 56.0 沉 0
117.93 118.168 61.0 默 0
118.172 118.41 58.0 以 1
118.61 118.848 49.0 美 0
118.852 119.09 51.0 - 0
119.094 119.417 53.0 丽 0
119.417 119.574 56.0 本 0
119.578 119.816 53.0 无 1
120.566 120.804 56.0 当 0
120.808 121.046 56.0 欲 0
121.05 121.287 58.0 望 0
121.291 121.529 58.0 开 0
121.533 121.771 56.0 始 0
121.775 122.094 58.0 贪 0
122.098 122.497 58.0 杯 1
122.512 122.75 49.0 有 0
122.754 122.992 51.0 更 0
122.996 123.234 53.0 多 0
123.238 123.476 53.0 机 0
123.48 123.923 53.0 会 1
124.009 124.251 54.0 像 0
124.251 124.772 56.0 - 0
124.776 125.094 56.0 尘 0
125.098 125.255 54.0 埃 0
125.259 125.578 54.0 一 0
125.582 125.739 53.0 样 0
125.743 125.981 54.0 的 0
125.985 126.223 53.0 无 0
126.227 126.707 54.0 畏 1
126.995 127.233 56.0 化 0
127.237 127.475 54.0 成 0
127.479 127.717 53.0 灰 0
127.721 127.959 54.0 谁 0
127.963 128.201 53.0 认 0
128.205 128.443 51.0 得 0
128.447 128.648 49.0 谁 1
128.687 129.207 53.0 管 0
129.211 129.691 53.0 他 0
129.695 130.175 53.0 配 0
130.179 130.659 53.0 不 0
130.663 131.143 53.0 配 1
131.926 132.164 61.0 丑 0
132.168 132.405 63.0 八 0
132.41 133.373 63.0 怪 0
133.377 134.583 65.0 - 0
134.587 135.547 65.0 - 1
135.873 136.11 61.0 能 0
136.115 136.352 63.0 - 0
136.356 136.836 63.0 否 0
136.84 137.32 63.0 别 0
137.324 137.804 63.0 把 0
137.808 138.046 61.0 灯 0
138.05 139.256 63.0 打 1
139.54 139.778 58.0 我 0
139.782 140.019 58.0 要 0
140.023 140.261 60.0 的 0
140.265 140.987 61.0 爱 0
140.991 141.713 60.0 - 0
141.713 142.193 63.0 - 1
142.725 142.963 61.0 出 0
142.967 143.447 60.0 没 0
143.451 143.93 58.0 在 0
144.176 144.414 58.0 漆 0
144.418 144.656 56.0 黑 0
144.66 144.898 58.0 一 0
144.902 145.14 56.0 片 0
145.144 145.382 58.0 的 0
145.386 145.838 61.0 舞 0
145.838 147.076 65.0 台 1
147.099 147.578 61.0 丑 0
147.582 148.062 63.0 八 0
148.066 149.03 65.0 怪 0
149.034 150.24 65.0 - 0
150.244 151.203 65.0 - 1
151.447 151.685 61.0 在 0
151.689 151.927 63.0 这 0
151.931 152.411 63.0 暧 0
152.415 152.895 63.0 昧 0
152.899 153.379 63.0 的 0
153.383 153.621 61.0 时 0
153.625 154.83 63.0 代 1
154.963 155.201 58.0 我 0
155.205 155.443 58.0 的 0
155.447 155.685 60.0 存 0
155.689 156.411 61.0 在 0
156.415 157.137 60.0 - 0
157.141 157.621 63.0 - 0
158.592 158.951 58.0 不 0
158.955 159.29 61.0 意 0
159.29 166.209 65.0 外 1
181.759 182.239 61.0 丑 0
182.243 182.723 63.0 - 0
182.727 183.691 65.0 八 0
183.695 184.9 65.0 怪 0
184.904 185.864 65.0 - 1
186.122 186.36 61.0 其 0
186.364 186.602 63.0 - 0
186.606 187.086 63.0 实 0
187.09 187.57 63.0 见 0
187.574 188.054 63.0 多 0
188.058 188.295 61.0 就 0
188.299 189.505 63.0 不 1
189.91 190.148 58.0 放 0
190.152 190.39 58.0 肆 0
190.394 190.632 60.0 去 0
190.636 191.358 61.0 HIGH 0
191.362 192.083 60.0 - 0
192.083 192.563 63.0 - 1
192.902 193.14 61.0 用 0
193.144 193.624 60.0 力 0
193.628 194.108 58.0 踩 1
194.117 194.331 56.0 那 0
194.353 194.591 58.0 不 0
194.595 194.833 56.0 堪 0
194.837 195.075 58.0 一 0
195.079 195.317 56.0 击 0
195.321 195.558 58.0 的 0
195.563 196.026 61.0 洁 0
196.026 197.252 65.0 白 1
197.317 197.797 61.0 丑 0
197.801 198.281 63.0 八 0
198.285 199.249 65.0 怪 0
199.253 200.458 65.0 - 0
200.462 201.422 65.0 - 1
201.584 201.822 61.0 这 0
201.826 202.064 63.0 - 0
202.068 202.548 63.0 是 0
202.552 203.031 63.0 我 0
203.035 203.515 63.0 们 0
203.519 203.757 61.0 的 0
203.761 204.967 63.0 时 1
205.273 205.511 58.0 我 0
205.515 205.753 58.0 不 0
205.757 205.995 60.0 存 0
205.999 206.72 61.0 在 0
206.725 207.446 61.0 - 0
207.45 207.93 63.0 - 0
209.023 210.108 61.0 才 0
210.112 210.35 58.0 意 0
210.354 210.591 60.0 - 0
210.595 210.833 58.0 - 0
210.837 211.801 58.0 外 1
