27.63 27.856 58.0 莫 0
27.856 28.308 58.0 名 0
28.308 28.534 58.0 我 0
28.534 28.986 58.0 就 0
28.986 29.212 55.0 喜 0
29.212 29.437 56.0 欢 0
29.437 30.146 58.0 你 1
31.309 31.605 55.0 深 0
31.605 31.902 55.0 深 0
31.902 32.199 55.0 地 0
32.199 32.495 67.0 爱 0
32.495 32.792 67.0 上 0
32.792 33.089 65.0 了 0
33.089 33.555 63.0 你 1
34.819 35.052 60.0 没 0
35.052 35.504 67.0 有 0
35.504 35.73 68.0 理 0
35.73 36.182 60.0 由 0
36.86 37.086 67.0 没 0
37.086 37.312 67.0 有 0
37.312 37.764 68.0 - 0
37.764 38.442 60.0 原 0
38.442 38.668 63.0 - 0
38.668 39.572 65.0 因 1
42.212 42.513 58.0 莫 0
42.513 42.814 58.0 名 0
42.814 43.116 58.0 我 0
43.116 43.417 58.0 就 0
43.417 43.718 55.0 喜 0
43.718 44.02 56.0 欢 0
44.02 44.472 58.0 你 1
45.762 46.056 55.0 深 0
46.056 46.35 55.0 深 0
46.35 46.644 55.0 地 0
46.644 46.938 67.0 爱 0
46.938 47.232 67.0 上 0
47.232 47.526 65.0 了 0
47.526 48.004 63.0 你 1
49.181 49.42 60.0 从 0
49.42 49.722 67.0 见 0
49.722 50.024 68.0 到 0
50.024 50.326 60.0 你 0
51.005 51.231 60.0 的 0
51.231 51.91 67.0 那 0
51.91 52.137 68.0 一 0
52.137 52.816 60.0 天 0
52.816 53.042 63.0 - 0
53.042 53.945 65.0 起 1
60.229 60.448 58.0 你 0
60.448 60.755 67.0 知 0
60.755 60.908 65.0 道 0
60.908 61.214 67.0 我 0
61.214 61.367 65.0 在 0
61.367 61.827 67.0 等 0
61.827 62.057 58.0 你 0
62.114 62.746 67.0 吗 1
63.742 63.972 58.0 你 0
63.972 64.273 65.0 如 0
64.273 64.424 63.0 果 0
64.424 64.725 65.0 真 0
64.725 64.875 63.0 的 0
64.875 65.327 62.0 在 0
65.327 65.552 55.0 乎 0
65.552 66.234 60.0 我 1
67.379 67.607 60.0 又 0
67.607 67.909 67.0 怎 0
67.909 68.06 67.0 会 0
68.06 68.362 67.0 让 0
68.362 68.513 67.0 无 0
68.513 68.966 67.0 尽 0
68.966 69.193 67.0 的 0
69.193 69.874 67.0 夜 0
69.874 70.328 68.0 陪 0
70.328 70.556 60.0 我 0
70.556 71.01 63.0 度 0
71.01 71.691 65.0 过 1
74.617 74.843 58.0 你 0
74.843 75.152 67.0 知 0
75.152 75.307 67.0 道 0
75.307 75.617 67.0 我 0
75.617 75.771 67.0 在 0
75.771 76.236 67.0 等 0
76.236 76.468 58.0 你 0
76.468 77.151 67.0 吗 1
78.333 78.559 58.0 你 0
78.559 78.858 65.0 如 0
78.858 79.008 63.0 果 0
79.008 79.308 65.0 真 0
79.308 79.457 63.0 的 0
79.457 79.757 63.0 在 0
79.757 80.057 63.0 乎 0
80.057 80.813 60.0 我 1
82.05 82.278 60.0 又 0
82.278 82.505 65.0 怎 0
82.505 82.733 67.0 会 0
82.733 82.96 67.0 让 0
82.96 83.187 67.0 握 0
83.187 83.642 67.0 花 0
83.642 83.869 67.0 的 0
83.869 84.544 67.0 手 0
84.544 84.992 68.0 在 0
84.992 85.215 60.0 风 0
85.215 85.663 63.0 中 0
85.663 86.122 67.0 颤 0
86.122 86.358 65.0 - 0
86.358 87.064 65.0 抖 1
89.492 89.714 58.0 莫 0
89.714 90.157 58.0 名 0
90.378 90.6 58.0 我 0
90.6 90.822 56.0 就 0
90.822 91.043 55.0 喜 0
91.043 91.265 56.0 欢 0
91.265 91.724 58.0 你 1
93.11 93.573 55.0 深 0
93.573 93.805 55.0 深 0
93.805 94.037 55.0 地 0
94.037 94.5 67.0 爱 0
94.5 94.964 65.0 上 0
94.964 95.412 63.0 你 1
96.607 96.831 60.0 在 0
96.831 97.286 67.0 黑 0
97.286 97.513 68.0 夜 0
97.513 97.968 60.0 里 0
98.649 99.098 65.0 倾 0
99.098 99.548 68.0 听 0
99.548 99.997 68.0 你 0
99.997 100.446 67.0 的 0
100.446 100.897 63.0 声 0
100.897 102.251 63.0 音 1
103.034 103.707 58.0 你 0
103.931 104.161 67.0 知 0
104.161 104.392 67.0 道 0
104.392 104.622 67.0 我 0
104.622 104.852 67.0 在 0
104.852 105.313 67.0 等 0
105.313 105.543 58.0 你 0
105.543 106.698 67.0 吗 1
107.149 107.611 58.0 你 0
107.611 107.84 65.0 如 0
107.84 108.069 65.0 果 0
108.069 108.298 65.0 真 0
108.298 108.527 63.0 的 0
108.527 108.984 62.0 在 0
108.984 109.213 55.0 乎 0
109.213 109.442 58.0 我 0
109.442 109.901 60.0 - 1
111.18 111.409 60.0 又 0
111.409 111.635 67.0 怎 0
111.635 111.86 67.0 会 0
111.86 112.086 67.0 让 0
112.086 112.312 67.0 无 0
112.312 112.763 67.0 尽 0
112.763 112.989 67.0 的 0
112.989 113.666 67.0 夜 0
113.666 114.117 68.0 陪 0
114.117 114.343 60.0 我 0
114.343 114.795 63.0 度 0
114.795 115.02 63.0 过 0
115.02 115.476 65.0 - 1
118.166 118.617 58.0 你 0
118.617 118.849 67.0 知 0
118.849 119.081 67.0 道 0
119.081 119.313 67.0 我 0
119.313 119.545 68.0 在 0
119.545 120.01 67.0 等 0
120.01 120.242 58.0 你 0
120.242 120.474 65.0 吗 0
120.474 120.918 67.0 - 1
121.808 122.252 58.0 你 0
122.252 122.484 65.0 如 0
122.484 122.716 65.0 果 0
122.716 122.948 65.0 真 0
122.948 123.18 63.0 的 0
123.18 123.644 62.0 在 0
123.644 123.876 62.0 乎 0
123.876 124.559 60.0 我 1
125.562 125.788 60.0 又 0
125.788 126.013 65.0 怎 0
126.013 126.239 67.0 会 0
126.239 126.465 67.0 让 0
126.465 126.691 67.0 握 0
126.691 127.142 67.0 花 0
127.142 127.368 67.0 的 0
127.368 128.045 67.0 手 0
128.045 128.496 68.0 在 0
128.496 128.722 60.0 风 0
128.722 129.399 63.0 中 0
129.399 129.851 67.0 颤 0
129.851 130.077 65.0 - 0
130.077 130.755 65.0 抖 1
133.206 133.432 58.0 莫 0
133.432 133.883 58.0 名 0
134.109 134.334 58.0 我 0
134.334 134.56 56.0 就 0
134.56 134.786 55.0 喜 0
134.786 135.012 56.0 欢 0
135.012 135.479 58.0 你 1
136.906 137.357 55.0 深 0
137.357 137.583 55.0 深 0
137.583 137.809 55.0 地 0
137.809 138.26 67.0 爱 0
138.26 138.712 65.0 上 0
138.712 139.387 63.0 你 1
140.157 140.382 60.0 在 0
140.382 140.897 67.0 黑 0
140.897 141.154 68.0 夜 0
141.154 141.669 60.0 里 0
142.441 142.892 67.0 倾 0
142.892 143.343 68.0 听 0
143.343 143.795 68.0 你 0
143.795 144.246 67.0 的 0
144.246 145.081 63.0 声 0
145.081 145.916 63.0 音 1
