27.263 28.317 57.0 鸿 0
28.317 29.371 55.0 - 0
29.371 30.972 50.0 雁 0
31.506 32.575 62.0 天 0
32.575 33.109 64.0 空 0
33.109 33.644 67.0 - 0
33.644 35.248 64.0 上 1
35.839 36.372 62.0 对 0
36.372 36.905 64.0 - 0
36.905 37.438 62.0 对 0
37.438 37.971 59.0 - 0
37.971 38.504 55.0 排 0
38.504 39.038 57.0 - 0
39.038 39.571 62.0 成 0
39.571 40.104 59.0 - 0
40.104 43.283 57.0 行 1
44.218 45.27 62.0 江 0
45.27 46.059 64.0 水 0
46.059 46.322 67.0 - 0
46.322 47.928 64.0 长 0
48.464 48.993 57.0 秋 0
48.993 49.522 59.0 - 0
49.522 50.051 55.0 草 0
50.051 50.579 52.0 - 0
50.579 52.184 50.0 黄 1
52.848 53.906 59.0 草 0
53.906 54.435 55.0 原 0
54.435 54.964 52.0 上 0
54.964 55.505 50.0 琴 0
55.505 56.045 52.0 声 0
56.045 57.127 59.0 忧 0
57.127 60.298 52.0 伤 1
61.316 62.374 59.0 鸿 0
62.374 63.431 55.0 - 0
63.431 65.039 50.0 雁 0
65.575 66.633 62.0 向 0
66.633 67.427 64.0 南 0
67.427 67.691 67.0 - 0
67.691 69.299 64.0 方 1
69.741 70.812 64.0 飞 0
70.812 71.348 62.0 过 0
71.348 71.884 59.0 - 0
71.884 72.413 55.0 芦 0
72.413 72.943 57.0 - 0
72.943 73.472 62.0 苇 0
73.472 74.402 57.0 - 0
74.402 75.87 57.0 荡 1
78.285 79.353 62.0 天 0
79.353 80.153 64.0 苍 0
80.153 80.42 67.0 - 0
80.42 82.022 64.0 茫 0
82.556 83.085 57.0 雁 0
83.085 83.615 59.0 - 0
83.615 84.144 55.0 何 0
84.144 84.673 52.0 - 0
84.673 86.289 50.0 往 1
86.839 87.898 59.0 心 0
87.898 88.427 55.0 中 0
88.427 88.692 52.0 是 0
88.957 89.486 50.0 北 0
89.486 90.016 52.0 方 0
90.016 91.075 59.0 家 0
91.075 94.251 52.0 乡 1
95.444 96.51 62.0 天 0
96.51 97.309 64.0 苍 0
97.309 97.576 67.0 - 0
97.576 99.196 64.0 茫 0
99.736 100.261 57.0 雁 0
100.261 100.787 59.0 - 0
100.787 101.313 55.0 何 0
101.313 101.839 52.0 - 0
101.839 103.448 50.0 往 1
103.832 104.368 57.0 心 0
104.368 104.905 59.0 - 0
104.905 105.441 55.0 中 0
105.441 105.776 52.0 是 0
105.977 106.502 50.0 北 0
106.502 107.028 52.0 方 0
107.028 108.078 59.0 家 0
108.078 111.363 52.0 乡 1
146.531 147.594 60.0 鸿 0
147.594 148.656 56.0 - 0
148.656 150.242 51.0 雁 0
150.771 151.847 63.0 北 0
151.847 152.654 65.0 归 0
152.654 152.923 68.0 - 0
152.923 154.516 65.0 还 1
155.017 155.349 63.0 带 0
155.349 156.079 65.0 - 0
156.079 156.61 63.0 上 0
156.61 157.142 60.0 - 0
157.142 157.676 56.0 我 0
157.676 158.21 58.0 的 0
158.21 158.744 63.0 思 0
158.744 159.811 58.0 - 0
159.811 161.944 58.0 念 1
163.528 164.59 63.0 歌 0
164.59 165.387 65.0 声 0
165.387 165.653 68.0 - 0
165.653 167.246 65.0 远 0
167.777 168.308 58.0 琴 0
168.308 168.839 60.0 - 0
168.839 169.37 56.0 声 0
169.37 169.901 53.0 - 0
169.901 170.97 51.0 颤 1
172.078 172.609 58.0 草 0
172.609 173.141 60.0 - 0
173.141 173.672 56.0 原 0
173.672 173.937 53.0 上 0
174.203 174.734 51.0 春 0
174.734 175.265 53.0 - 0
175.265 176.327 60.0 意 0
176.327 179.52 53.0 暖 1
180.473 181.541 60.0 鸿 0
181.541 182.609 56.0 - 0
182.609 184.194 51.0 雁 0
184.723 185.794 63.0 向 0
185.794 186.531 65.0 苍 0
186.531 186.866 68.0 - 0
186.866 188.462 65.0 天 1
189.078 189.607 63.0 天 0
189.607 190.136 65.0 - 0
190.136 190.665 63.0 空 0
190.665 191.194 60.0 有 0
191.194 191.722 56.0 多 0
191.722 192.251 58.0 - 0
192.251 192.779 58.0 遥 0
192.779 193.308 60.0 - 0
193.308 196.512 58.0 远 1
197.598 198.666 63.0 酒 0
198.666 199.467 65.0 喝 0
199.467 199.734 68.0 - 0
199.734 201.336 65.0 干 0
201.87 202.404 58.0 再 0
202.404 202.938 60.0 - 0
202.938 203.472 56.0 斟 0
203.472 204.007 53.0 - 0
204.007 205.598 51.0 满 1
206.094 206.627 58.0 今 0
206.627 207.16 60.0 - 0
207.16 207.693 56.0 夜 0
207.693 207.96 53.0 - 0
208.226 208.761 51.0 不 0
208.761 209.295 53.0 醉 0
209.295 210.363 60.0 不 0
210.363 211.44 56.0 还 0
211.44 213.448 53.0 - 1
215.509 216.676 63.0 酒 0
216.676 217.551 65.0 喝 0
217.551 217.843 68.0 - 0
217.843 219.593 65.0 干 0
220.176 220.77 58.0 再 0
220.77 221.364 63.0 - 0
221.364 221.958 56.0 斟 0
221.958 222.552 53.0 - 0
222.552 224.616 51.0 满 1
225.678 227.345 60.0 今 0
227.345 227.761 56.0 夜 0
227.761 228.178 56.0 - 0
228.178 228.595 53.0 - 0
229.011 229.636 51.0 不 0
229.636 230.47 53.0 醉 0
230.47 234.058 60.0 不 0
235.772 239.933 53.0 还 1
