14.797 15.044 58.0 我 0
15.044 15.414 60.0 不 0
15.414 15.784 58.0 想 0
15.784 18.066 65.0 说 0
18.066 18.274 58.0 我 0
18.274 18.689 70.0 很 0
18.689 19.104 65.0 亲 0
19.104 20.764 67.0 切 1
21.486 21.693 67.0 我 0
21.693 22.108 65.0 不 0
22.108 22.523 63.0 想 0
22.523 24.183 65.0 说 0
24.805 25.013 63.0 我 0
25.013 25.428 60.0 很 0
25.428 25.843 58.0 纯 0
25.843 27.503 58.0 洁 1
27.964 28.171 58.0 可 0
28.171 28.586 60.0 是 0
28.586 29.001 58.0 我 0
29.001 29.831 70.0 不 0
30.246 30.661 67.0 能 0
30.661 31.076 70.0 拒 0
31.076 31.906 72.0 - 0
31.906 32.321 70.0 绝 0
32.321 32.736 67.0 心 0
32.736 33.151 67.0 中 0
33.151 33.358 67.0 的 0
33.358 33.566 65.0 感 0
33.566 33.773 65.0 - 0
33.773 33.981 63.0 - 0
33.981 35.225 60.0 觉 1
35.359 35.567 63.0 看 0
35.567 35.774 65.0 看 0
35.774 36.189 65.0 可 0
36.189 36.397 65.0 爱 0
36.397 36.604 63.0 的 0
36.604 37.019 60.0 天 0
37.019 37.227 63.0 摸 0
37.227 37.434 65.0 摸 0
37.434 37.849 65.0 真 0
37.849 38.056 65.0 实 0
38.056 38.264 63.0 的 0
38.264 38.679 60.0 脸 1
38.696 38.903 63.0 你 0
38.903 39.111 60.0 的 0
39.111 39.526 56.0 心 0
39.526 39.941 56.0 情 0
39.941 40.148 56.0 我 0
40.148 40.356 58.0 能 0
40.356 40.771 58.0 理 0
40.771 41.393 58.0 解 1
41.397 41.604 58.0 许 0
41.604 42.019 58.0 多 0
42.019 42.434 58.0 的 0
42.434 44.716 65.0 爱 0
44.716 44.924 58.0 我 0
44.924 45.339 70.0 能 0
45.339 45.754 65.0 拒 0
45.754 47.414 67.0 绝 1
47.854 48.269 67.0 许 0
48.269 48.684 63.0 多 0
48.684 48.891 63.0 的 0
48.891 50.551 65.0 梦 0
51.173 51.381 63.0 可 0
51.381 51.796 60.0 以 0
51.796 52.211 58.0 省 0
52.211 53.871 58.0 略 1
54.642 54.849 58.0 可 0
54.849 55.264 60.0 是 0
55.264 55.679 58.0 我 0
55.679 56.094 67.0 不 0
56.094 56.924 70.0 - 0
56.924 57.339 67.0 能 0
57.339 57.754 70.0 忘 0
57.754 58.584 72.0 - 0
58.584 58.999 70.0 记 0
58.999 59.414 67.0 你 0
59.414 59.829 67.0 的 0
59.829 60.244 65.0 笑 0
60.244 60.659 63.0 - 0
60.659 61.903 60.0 脸 1
61.928 62.136 63.0 想 0
62.136 62.343 65.0 想 0
62.343 62.758 65.0 长 0
62.758 62.966 65.0 长 0
62.966 63.173 63.0 的 0
63.173 63.588 60.0 路 0
63.588 63.796 63.0 擦 0
63.796 64.003 65.0 擦 0
64.003 64.418 65.0 脚 0
64.418 64.626 65.0 下 0
64.626 64.833 63.0 的 0
64.833 65.248 60.0 鞋 1
65.267 65.474 63.0 不 0
65.474 65.682 60.0 管 0
65.682 66.097 56.0 明 0
66.097 66.512 56.0 天 0
66.512 66.719 56.0 什 0
66.719 66.927 58.0 么 0
66.927 67.342 58.0 季 0
67.342 68.171 58.0 节 1
68.171 68.586 70.0 一 0
68.586 68.794 72.0 样 0
68.794 69.001 70.0 的 0
69.001 71.491 70.0 天 0
71.491 71.906 70.0 一 0
71.906 72.113 72.0 样 0
72.113 72.321 70.0 的 0
72.321 74.81 65.0 脸 1
74.81 75.225 70.0 一 0
75.225 75.433 72.0 样 0
75.433 75.64 70.0 的 0
75.64 76.885 63.0 我 0
76.885 77.093 58.0 就 0
77.093 77.3 58.0 在 0
77.3 77.715 60.0 你 0
77.715 78.337 60.0 的 0
78.545 78.96 63.0 面 0
78.96 81.45 65.0 前 1
81.45 81.864 70.0 一 0
81.864 82.072 72.0 样 0
82.072 82.279 70.0 的 0
82.279 84.769 70.0 路 0
84.769 85.184 70.0 一 0
85.184 85.391 72.0 样 0
85.391 85.599 70.0 的 0
85.599 88.089 65.0 鞋 1
88.089 88.503 70.0 我 0
88.503 88.918 72.0 不 0
88.918 90.163 63.0 能 0
90.163 90.371 58.0 没 0
90.371 90.578 58.0 有 0
90.578 90.993 60.0 你 0
90.993 91.823 60.0 的 0
91.823 92.238 63.0 世 0
92.238 95.557 63.0 界 1
107.448 107.863 58.0 我 0
107.863 108.277 60.0 不 0
108.277 108.692 58.0 想 0
108.692 110.975 65.0 说 0
110.975 111.182 58.0 我 0
111.182 111.597 70.0 很 0
111.597 112.012 65.0 亲 0
112.012 113.672 67.0 切 1
114.305 114.72 67.0 我 0
114.72 114.927 65.0 不 0
114.927 115.342 63.0 想 0
115.342 117.002 65.0 说 0
117.625 117.832 63.0 我 0
117.832 118.247 63.0 很 0
118.247 118.662 58.0 纯 0
118.662 120.322 58.0 洁 1
120.961 121.169 58.0 可 0
121.169 121.583 60.0 是 0
121.583 121.998 58.0 我 0
121.998 122.413 68.0 不 0
122.413 122.828 70.0 - 0
123.243 123.658 67.0 能 0
123.658 124.073 70.0 拒 0
124.073 124.903 72.0 - 0
124.903 125.318 70.0 绝 0
125.318 125.733 67.0 心 0
125.733 126.148 67.0 中 0
126.148 126.355 67.0 的 0
126.355 126.563 65.0 感 0
126.563 126.77 65.0 - 0
126.77 126.978 63.0 - 0
126.978 128.222 60.0 觉 1
128.305 128.513 63.0 看 0
128.513 128.72 65.0 看 0
128.72 129.135 65.0 可 0
129.135 129.343 65.0 爱 0
129.343 129.55 63.0 的 0
129.55 129.965 60.0 天 0
129.965 130.173 63.0 摸 0
130.173 130.38 65.0 摸 0
130.38 130.795 65.0 真 0
130.795 131.003 65.0 实 0
131.003 131.21 63.0 的 0
131.21 131.625 60.0 脸 1
131.644 131.851 63.0 你 0
131.851 132.059 60.0 的 0
132.059 132.474 56.0 心 0
132.474 132.889 56.0 情 0
132.889 133.096 56.0 我 0
133.096 133.304 58.0 能 0
133.304 133.719 58.0 理 0
133.719 134.341 58.0 解 1
134.526 134.941 70.0 一 0
134.941 135.148 72.0 样 0
135.148 135.355 70.0 的 0
135.355 137.845 70.0 天 0
137.845 138.26 70.0 一 0
138.26 138.467 72.0 样 0
138.467 138.675 70.0 的 0
138.675 141.165 65.0 脸 1
141.2 141.615 70.0 一 0
141.615 141.822 72.0 样 0
141.822 142.029 70.0 的 0
142.029 143.274 63.0 我 0
143.274 143.482 58.0 就 0
143.482 143.689 58.0 在 0
143.689 144.104 58.0 你 0
144.104 144.519 60.0 的 0
144.934 145.349 63.0 面 0
145.349 147.839 65.0 前 1
147.839 148.254 70.0 一 0
148.254 148.461 72.0 样 0
148.461 148.668 70.0 的 0
148.668 151.158 70.0 路 0
151.158 151.573 70.0 一 0
151.573 151.78 72.0 样 0
151.78 151.988 70.0 的 0
151.988 154.478 65.0 鞋 1
154.479 154.894 70.0 我 0
154.894 155.308 72.0 不 0
155.308 156.553 63.0 能 0
156.553 156.761 58.0 没 0
156.761 156.968 58.0 有 0
156.968 157.383 58.0 你 0
157.383 158.213 60.0 的 0
158.213 158.628 63.0 世 0
158.628 161.947 63.0 界 1
190.89 191.305 70.0 一 0
191.305 191.513 72.0 样 0
191.513 191.72 70.0 的 0
191.72 194.21 70.0 天 0
194.21 194.625 70.0 一 0
194.625 194.832 72.0 样 0
194.832 195.04 70.0 的 0
195.04 197.529 65.0 脸 1
197.602 198.017 70.0 一 0
198.017 198.225 72.0 样 0
198.225 198.432 70.0 的 0
198.432 199.677 63.0 我 0
199.677 199.884 58.0 就 0
199.884 200.092 58.0 在 0
200.092 200.507 60.0 你 0
200.507 200.922 60.0 的 0
201.337 201.752 63.0 面 0
201.752 204.241 65.0 前 1
204.258 204.673 70.0 一 0
204.673 204.881 72.0 样 0
204.881 205.088 70.0 的 0
205.088 207.578 70.0 路 0
207.578 207.993 70.0 一 0
207.993 208.2 72.0 样 0
208.2 208.408 70.0 的 0
208.408 210.897 65.0 鞋 1
210.907 211.322 70.0 我 0
211.322 211.737 72.0 不 0
211.737 212.982 63.0 能 0
212.982 213.189 58.0 没 0
213.189 213.397 58.0 有 0
213.397 214.019 60.0 你 0
214.019 214.642 60.0 的 0
214.642 215.057 63.0 世 0
215.057 217.287 70.0 界 1
217.368 217.783 70.0 一 0
217.783 217.991 72.0 样 0
217.991 218.198 70.0 的 0
218.198 220.688 70.0 天 0
220.688 221.103 70.0 一 0
221.103 221.31 72.0 样 0
221.31 221.518 70.0 的 0
221.518 224.007 65.0 脸 1
224.142 224.557 70.0 一 0
224.557 224.765 72.0 样 0
224.765 224.972 70.0 的 0
224.972 226.061 63.0 我 0
226.217 226.424 58.0 就 0
226.424 226.632 58.0 在 0
226.632 227.047 60.0 你 0
227.047 227.462 60.0 的 0
227.877 228.292 63.0 面 0
228.292 230.677 65.0 前 1
230.804 231.219 70.0 一 0
231.219 231.427 72.0 样 0
231.427 231.634 70.0 的 0
231.634 234.124 70.0 路 0
234.124 234.539 70.0 一 0
234.539 234.746 72.0 样 0
234.746 234.954 70.0 的 0
234.954 237.443 65.0 鞋 1
237.455 237.87 70.0 我 0
237.87 238.285 72.0 不 0
238.285 239.53 63.0 能 0
239.53 239.737 58.0 没 0
239.737 239.945 58.0 有 0
239.945 240.567 60.0 你 0
240.567 241.397 60.0 的 0
242.02 242.434 60.0 世 0
242.434 242.849 63.0 - 0
242.849 246.584 63.0 界 1
