10.251 10.787 57.0 镌 0
10.787 11.323 64.0 刻 0
11.323 11.993 62.0 好 0
11.993 12.126 64.0 - 0
12.126 12.93 60.0 每 0
12.93 13.466 59.0 道 0
13.466 14.269 57.0 眉 0
14.269 14.537 57.0 间 0
14.537 15.073 57.0 - 0
15.073 15.341 55.0 心 0
15.341 15.609 52.0 - 0
15.609 17.484 50.0 上 1
18.88 19.416 60.0 画 0
19.416 19.951 67.0 间 0
19.951 20.755 66.0 透 0
20.755 21.023 64.0 过 0
21.023 21.558 64.0 - 0
21.558 22.094 62.0 思 0
22.094 24.237 64.0 量 0
25.041 25.308 64.0 - 1
25.354 25.89 64.0 沾 0
25.89 26.158 67.0 染 0
26.158 27.497 69.0 了 0
27.497 27.765 67.0 墨 0
27.765 28.033 67.0 - 0
28.033 28.301 64.0 色 0
28.301 28.569 62.0 - 0
28.569 29.372 62.0 淌 1
29.58 30.116 60.0 千 0
30.116 30.652 62.0 家 0
30.652 31.053 64.0 文 0
31.053 31.455 62.0 - 0
31.455 31.723 60.0 - 0
31.723 31.991 60.0 都 0
31.991 32.259 60.0 - 0
32.259 32.527 57.0 泛 0
32.527 32.794 55.0 - 0
32.794 34.134 57.0 黄 1
34.457 34.992 55.0 夜 0
34.992 36.466 57.0 静 0
36.466 36.867 57.0 谧 0
36.867 37.135 60.0 - 0
37.135 37.671 59.0 窗 0
37.671 37.939 55.0 纱 0
37.939 38.207 52.0 - 0
38.207 38.474 62.0 微 0
38.474 38.742 64.0 - 0
38.742 39.01 60.0 微 0
39.01 39.546 57.0 - 0
39.546 42.492 57.0 亮 1
48.876 49.412 57.0 拂 0
49.412 49.947 64.0 袖 0
49.947 50.751 62.0 起 0
50.751 51.554 60.0 舞 0
51.554 52.09 59.0 于 0
52.09 52.894 57.0 梦 0
52.894 53.296 57.0 中 0
53.296 53.697 57.0 - 0
53.697 53.965 55.0 徘 0
53.965 54.233 52.0 - 0
54.233 56.108 50.0 徊 1
57.534 58.07 60.0 相 0
58.07 58.606 67.0 思 0
58.606 59.409 66.0 蔓 0
59.409 59.677 64.0 上 0
59.677 60.213 64.0 - 0
60.213 60.749 62.0 心 0
60.749 62.891 64.0 扉 0
63.695 63.963 64.0 - 1
63.991 64.527 64.0 她 0
64.527 64.794 67.0 眷 0
64.794 65.062 64.0 - 0
65.062 66.134 69.0 恋 0
66.134 66.402 67.0 梨 0
66.402 66.67 67.0 - 0
66.67 66.937 64.0 花 0
66.937 67.205 62.0 - 0
67.205 68.009 62.0 泪 1
68.114 68.649 60.0 静 0
68.649 69.185 62.0 画 0
69.185 69.453 64.0 红 0
69.453 69.721 65.0 - 0
69.721 69.989 62.0 妆 0
69.989 70.257 60.0 - 0
70.257 70.524 62.0 等 0
70.524 70.792 60.0 - 0
70.792 71.06 57.0 谁 0
71.06 71.328 55.0 - 0
71.328 72.667 57.0 归 1
73.098 73.634 55.0 空 0
73.634 74.17 57.0 留 0
74.17 75.241 57.0 - 0
75.241 75.777 60.0 伊 0
75.777 76.045 59.0 人 0
76.045 76.312 59.0 - 0
76.312 76.58 55.0 徐 0
76.58 76.848 52.0 - 0
76.848 77.116 62.0 徐 0
77.116 77.384 64.0 - 0
77.384 78.321 57.0 憔 0
78.321 81.134 57.0 悴 1
81.47 83.88 69.0 啊 0
83.88 85.22 67.0 - 0
85.22 85.487 66.0 胭 0
85.487 85.755 64.0 - 0
85.755 86.291 64.0 脂 0
86.291 86.737 66.0 香 0
86.737 87.541 62.0 - 0
87.541 88.97 57.0 味 1
89.665 90.201 59.0 卷 0
90.201 90.737 61.0 珠 0
90.737 92.344 67.0 帘 0
92.344 92.88 67.0 - 0
92.88 93.415 66.0 是 0
93.415 93.951 66.0 - 0
93.951 94.487 64.0 为 0
94.487 95.022 62.0 - 0
95.022 98.237 64.0 谁 1
98.76 101.171 69.0 啊 0
101.171 102.51 67.0 - 0
102.51 102.778 66.0 不 0
102.778 103.046 64.0 - 0
103.046 103.582 64.0 见 0
103.582 103.939 66.0 高 0
103.939 104.296 64.0 - 0
104.296 104.653 62.0 - 0
104.653 106.26 62.0 轩 1
106.701 106.969 62.0 夜 0
106.969 107.237 64.0 - 0
107.237 107.505 62.0 月 0
107.505 107.773 57.0 - 0
107.773 109.915 57.0 明 0
110.451 110.719 64.0 此 0
110.719 110.987 62.0 时 0
110.987 111.389 57.0 难 0
111.389 111.924 55.0 - 0
111.924 112.326 55.0 为 0
112.326 115.808 57.0 情 1
121.668 122.204 57.0 细 0
122.204 122.74 64.0 雨 0
122.74 123.543 62.0 落 0
123.543 124.347 60.0 入 0
124.347 124.882 59.0 初 0
124.882 125.686 57.0 春 0
125.686 126.088 57.0 的 0
126.088 126.49 57.0 - 0
126.49 126.757 55.0 清 0
126.757 127.025 52.0 - 0
127.025 128.9 50.0 晨 0
129.972 130.24 60.0 - 1
130.386 130.921 60.0 悄 0
130.921 131.457 67.0 悄 0
131.457 132.261 66.0 唤 0
132.261 132.662 64.0 醒 0
132.662 133.064 64.0 - 0
133.064 133.6 62.0 枝 0
133.6 136.278 64.0 芽 1
136.67 137.206 64.0 听 0
137.206 137.474 67.0 微 0
137.474 137.742 64.0 - 0
137.742 138.813 69.0 风 0
138.813 139.081 67.0 耳 0
139.081 139.349 69.0 - 0
139.349 139.617 64.0 畔 0
139.617 139.884 62.0 - 0
139.884 140.688 62.0 响 1
141.052 141.588 60.0 叹 0
141.588 142.123 62.0 流 0
142.123 142.391 64.0 水 0
142.391 142.659 65.0 - 0
142.659 142.927 62.0 兮 0
142.927 143.195 60.0 - 0
143.195 143.463 60.0 落 0
143.463 143.73 60.0 - 0
143.73 143.998 57.0 花 0
143.998 144.266 55.0 - 0
144.266 145.873 57.0 伤 0
145.873 146.409 55.0 - 1
149.052 149.587 55.0 谁 0
149.587 151.194 57.0 在 0
151.194 151.462 57.0 烟 0
151.462 151.73 60.0 - 0
151.73 151.998 59.0 云 0
151.998 152.4 59.0 - 0
152.4 152.668 55.0 处 0
152.668 153.203 52.0 - 0
153.203 153.471 62.0 琴 0
153.471 153.873 62.0 - 0
153.873 156.016 57.0 声 0
157.623 165.659 57.0 长 1
