31.012 31.242 47.0 可 0
31.242 31.473 48.0 惜 0
31.473 31.94 50.0 在 0
31.94 32.409 47.0 遇 0
32.409 32.878 50.0 见 0
32.878 33.347 47.0 我 0
33.347 33.817 50.0 那 0
33.817 34.286 47.0 天 0
34.317 34.786 50.0 你 0
34.786 35.255 57.0 - 0
35.255 35.489 57.0 并 0
35.489 35.956 55.0 不 0
35.956 36.423 52.0 快 0
38.005 38.471 52.0 乐 0
38.471 38.938 59.0 可 0
38.938 39.413 57.0 能 0
39.413 39.652 55.0 是 0
39.652 40.13 57.0 因 0
40.581 40.82 50.0 为 0
40.82 41.288 50.0 我 0
41.288 41.752 47.0 们 0
41.752 41.984 50.0 相 0
41.984 42.681 57.0 遇 0
42.681 43.152 55.0 的 0
43.152 44.099 54.0 太 0
44.099 44.573 55.0 晚 0
45.606 45.924 55.0 了 0
45.924 46.241 57.0 可 0
46.241 46.559 59.0 是 0
46.559 47.015 59.0 我 0
47.463 47.912 52.0 要 0
47.912 48.36 57.0 走 0
49.211 49.524 55.0 了 0
49.524 49.837 57.0 可 0
49.837 50.15 59.0 温 0
50.15 50.628 59.0 暖 0
51.109 51.589 50.0 要 0
51.589 52.07 55.0 走 0
53.069 53.381 55.0 了 0
53.381 53.692 57.0 可 0
53.692 54.004 59.0 否 0
54.004 54.702 59.0 有 0
54.702 54.934 52.0 另 0
54.934 55.398 54.0 一 0
55.398 55.862 55.0 个 0
55.89 56.348 55.0 我 0
56.348 56.804 54.0 在 0
56.804 57.259 55.0 你 0
57.259 57.715 57.0 身 0
57.715 58.188 59.0 后 0
58.188 58.667 57.0 给 0
58.667 59.146 55.0 予 0
59.146 59.625 50.0 快 0
60.985 61.223 47.0 乐 0
61.223 61.461 48.0 可 0
61.461 61.929 50.0 当 0
61.929 62.395 47.0 我 0
62.395 62.861 50.0 牵 0
62.861 63.326 47.0 着 0
63.326 63.789 50.0 你 0
63.789 64.251 47.0 的 0
64.259 64.721 50.0 手 0
64.721 65.183 57.0 傻 0
65.183 65.415 57.0 乎 0
65.415 65.883 55.0 乎 0
65.883 66.352 52.0 的 0
67.89 68.366 52.0 乐 0
68.366 68.841 59.0 渴 0
68.841 69.309 57.0 望 0
69.309 69.541 55.0 的 0
69.541 70.238 57.0 爱 0
70.49 70.722 50.0 情 0
70.722 71.189 50.0 终 0
71.189 71.658 47.0 于 0
71.658 72.126 50.0 在 0
72.126 72.594 57.0 我 0
72.594 73.065 57.0 生 0
73.065 73.536 55.0 命 0
73.536 74.006 57.0 出 0
74.006 74.477 59.0 现 0
75.497 75.807 59.0 了 0
75.807 76.117 60.0 可 0
76.117 76.428 62.0 时 0
76.428 77.353 62.0 间 0
77.353 77.815 55.0 倒 0
77.815 78.277 57.0 数 0
79.123 79.446 59.0 了 0
79.446 79.769 60.0 可 0
79.769 80.092 62.0 你 0
80.092 80.558 62.0 的 0
80.558 81.018 54.0 答 0
81.018 81.477 57.0 案 0
81.477 81.937 54.0 停 0
81.937 82.405 55.0 住 0
82.982 83.296 59.0 了 0
83.296 83.61 60.0 可 0
83.61 83.924 62.0 想 0
83.924 84.391 62.0 到 0
84.391 84.624 55.0 你 0
84.624 85.09 64.0 的 0
85.09 85.788 62.0 脸 0
85.788 86.254 59.0 我 0
86.254 86.487 60.0 还 0
86.487 86.952 59.0 是 0
87.418 87.651 55.0 很 0
87.651 89.581 57.0 快 0
90.004 90.459 50.0 乐 0
90.459 90.913 62.0 可 0
90.913 91.368 59.0 能 0
91.368 91.833 59.0 你 0
91.833 92.77 60.0 不 0
92.77 93.356 62.0 快 0
94.011 94.246 50.0 乐 0
94.246 94.714 64.0 可 0
94.714 95.183 59.0 惜 0
95.183 95.654 59.0 你 0
95.654 96.126 60.0 不 0
96.126 96.598 59.0 快 0
96.598 97.071 59.0 - 0
97.437 97.909 55.0 乐 0
97.909 98.381 55.0 可 0
98.381 98.854 67.0 能 0
98.854 99.321 66.0 是 0
99.321 99.553 67.0 我 0
99.553 100.019 66.0 的 0
100.019 100.484 62.0 爱 0
100.513 100.746 62.0 情 0
100.746 101.212 66.0 它 0
101.212 101.444 67.0 来 0
101.444 102.143 66.0 的 0
102.143 102.375 57.0 太 0
102.375 104.492 59.0 晚 0
105.47 105.935 59.0 了 0
105.935 106.401 60.0 可 0
106.401 106.875 62.0 他 0
106.875 107.353 60.0 给 0
107.353 107.831 60.0 了 0
107.831 108.07 59.0 你 0
108.07 108.777 60.0 些 0
108.777 109.243 50.0 什 0
109.711 109.944 59.0 么 0
109.944 110.177 57.0 你 0
110.177 110.643 59.0 是 0
110.643 110.877 57.0 不 0
110.877 111.344 59.0 是 0
111.344 112.045 65.0 真 0
112.045 112.983 64.0 快 0
113.417 113.652 64.0 乐 0
113.652 113.886 66.0 可 0
113.886 114.359 67.0 要 0
114.359 114.595 64.0 听 0
114.595 115.069 64.0 我 0
115.069 115.543 66.0 的 0
115.66 116.374 67.0 话 0
116.374 116.852 66.0 别 0
116.852 117.331 64.0 再 0
117.331 117.809 66.0 为 0
117.809 118.273 64.0 他 0
118.732 119.191 59.0 犯 0
119.191 119.65 62.0 傻 0
120.017 120.488 50.0 了 0
120.488 120.958 64.0 可 0
120.958 121.428 59.0 能 0
121.428 121.891 59.0 你 0
121.891 122.813 60.0 不 0
122.813 123.273 62.0 快 0
123.713 124.171 50.0 乐 0
124.171 124.628 64.0 可 0
124.628 125.086 59.0 我 0
125.086 125.562 59.0 要 0
125.562 126.044 60.0 你 0
126.044 126.526 59.0 快 0
126.526 126.767 59.0 乐 0
126.767 127.247 55.0 - 0
127.649 127.883 55.0 可 0
127.883 128.353 55.0 - 0
128.353 128.822 67.0 能 0
128.822 129.292 66.0 是 0
129.292 129.527 67.0 我 0
129.527 129.998 66.0 的 0
129.998 130.468 62.0 爱 0
130.653 130.889 62.0 情 0
130.889 131.364 66.0 它 0
131.364 131.603 67.0 来 0
131.603 132.08 66.0 的 0
132.557 132.796 57.0 太 0
132.796 135.104 59.0 晚 0
135.42 135.89 59.0 了 0
135.89 136.126 60.0 可 0
136.126 136.831 62.0 我 0
136.831 137.067 60.0 只 0
137.067 137.773 59.0 想 0
137.773 138.244 55.0 对 0
138.244 138.714 57.0 你 0
139.161 139.631 59.0 说 0
139.631 139.866 60.0 我 0
139.866 140.57 59.0 绝 0
140.57 140.805 60.0 对 0
140.805 141.508 59.0 不 0
141.508 141.978 54.0 退 0
141.978 142.447 55.0 出 0
143.012 143.481 59.0 了 0
143.481 143.951 60.0 可 0
143.951 144.654 62.0 以 0
144.654 144.889 60.0 让 0
144.889 145.358 60.0 你 0
145.358 145.828 67.0 快 0
145.828 146.762 66.0 乐 0
146.762 147.229 57.0 是 0
147.229 148.625 60.0 我 0
150.482 151.41 59.0 的 0
151.41 152.352 55.0 快 0
162.15 162.386 47.0 乐 0
162.386 162.621 48.0 可 0
162.621 163.09 50.0 当 0
163.09 163.559 47.0 我 0
163.559 164.027 50.0 牵 0
164.027 164.495 47.0 着 0
164.495 164.963 50.0 你 0
164.963 165.432 47.0 的 0
165.501 165.969 50.0 手 0
165.969 166.437 59.0 傻 0
166.437 166.671 57.0 乎 0
166.671 167.141 55.0 乎 0
167.141 167.844 52.0 的 0
169.316 169.786 52.0 乐 0
169.786 170.255 59.0 渴 0
170.255 170.725 57.0 望 0
170.725 170.96 55.0 的 0
170.96 171.429 57.0 爱 0
171.846 172.081 50.0 情 0
172.081 172.545 50.0 终 0
172.545 173.008 47.0 于 0
173.008 173.471 50.0 在 0
173.471 173.934 57.0 我 0
173.934 174.407 57.0 生 0
174.407 174.882 55.0 命 0
174.882 175.358 57.0 出 0
175.358 176.07 59.0 现 0
176.664 176.976 59.0 了 0
176.976 177.289 60.0 可 0
177.289 177.602 62.0 时 0
177.602 178.542 62.0 间 0
178.542 179.011 55.0 倒 0
179.011 179.951 57.0 数 0
180.514 180.827 59.0 了 0
180.827 181.14 60.0 可 0
181.14 181.454 62.0 你 0
181.454 181.921 62.0 的 0
181.921 182.387 54.0 答 0
182.387 182.853 57.0 案 0
182.853 183.32 54.0 停 0
183.32 183.786 55.0 住 0
184.317 184.628 59.0 了 0
184.628 184.939 60.0 可 0
184.939 185.25 62.0 想 0
185.25 185.716 62.0 到 0
185.716 185.948 55.0 你 0
185.948 186.414 64.0 的 0
186.414 187.113 62.0 脸 0
187.113 187.582 59.0 我 0
187.582 187.818 60.0 还 0
187.818 188.289 59.0 是 0
188.76 188.995 55.0 很 0
188.995 190.872 57.0 快 0
191.339 191.805 50.0 乐 0
191.805 192.271 64.0 可 0
192.271 192.738 59.0 能 0
192.738 193.215 59.0 你 0
193.215 194.175 60.0 不 0
194.175 194.656 62.0 快 0
195.049 195.516 50.0 乐 0
195.516 195.982 64.0 可 0
195.982 196.449 59.0 惜 0
196.449 196.916 59.0 你 0
196.916 197.382 60.0 不 0
197.382 197.849 59.0 快 0
197.849 198.316 59.0 - 0
198.96 199.193 55.0 乐 0
199.193 199.66 55.0 可 0
199.66 200.126 67.0 能 0
200.126 200.593 66.0 是 0
200.593 200.826 67.0 我 0
200.826 201.293 66.0 的 0
201.293 201.76 62.0 爱 0
201.87 202.103 62.0 情 0
202.103 202.571 66.0 它 0
202.571 202.805 67.0 来 0
202.805 203.273 66.0 的 0
203.741 203.975 57.0 太 0
203.975 205.885 59.0 晚 0
206.738 207.209 59.0 了 0
207.209 207.681 60.0 可 0
207.681 208.143 62.0 他 0
208.143 208.601 60.0 给 0
208.601 209.059 60.0 了 0
209.059 209.288 59.0 你 0
209.288 209.983 60.0 些 0
209.983 210.452 50.0 什 0
210.934 211.168 57.0 么 0
211.168 211.402 57.0 你 0
211.402 211.877 59.0 是 0
211.877 212.115 57.0 不 0
212.115 212.592 59.0 是 0
212.592 213.307 65.0 真 0
213.307 214.229 64.0 快 0
214.686 214.915 64.0 乐 0
214.915 215.144 66.0 可 0
215.144 215.613 67.0 要 0
215.613 215.849 64.0 听 0
215.849 216.322 64.0 我 0
216.322 216.794 66.0 的 0
216.897 217.599 67.0 话 0
217.599 218.062 66.0 别 0
218.062 218.524 64.0 再 0
218.524 218.987 66.0 为 0
218.987 219.695 64.0 他 0
219.695 220.405 59.0 犯 0
220.405 220.878 62.0 傻 0
221.356 221.829 50.0 了 0
221.829 222.303 64.0 可 0
222.303 222.776 59.0 能 0
222.776 223.248 59.0 你 0
223.248 224.19 60.0 不 0
224.19 224.661 62.0 快 0
225.08 225.535 50.0 乐 0
225.535 225.991 64.0 可 0
225.991 226.446 59.0 我 0
226.446 226.915 59.0 要 0
226.915 227.388 60.0 你 0
227.388 227.862 59.0 快 0
227.862 228.098 59.0 乐 0
228.098 228.579 55.0 - 0
229.064 229.306 55.0 可 0
229.306 229.789 55.0 能 0
229.789 230.272 67.0 是 0
230.272 230.741 66.0 我 0
230.741 230.973 67.0 的 0
230.973 231.438 66.0 爱 0
231.438 231.902 62.0 情 0
231.957 232.189 62.0 它 0
232.189 232.645 66.0 来 0
232.645 232.872 67.0 的 0
232.872 233.325 66.0 太 0
233.778 234.004 57.0 晚 0
234.004 234.946 59.0 了 0
234.946 236.366 62.0 - 0
236.833 237.306 59.0 可 0
237.306 237.542 60.0 我 0
237.542 238.252 62.0 只 0
238.252 238.489 60.0 想 0
238.489 238.962 59.0 对 0
239.199 239.436 55.0 你 0
239.436 240.139 57.0 说 0
240.457 240.921 59.0 我 0
240.921 241.152 60.0 绝 0
241.152 241.852 59.0 对 0
241.852 242.086 60.0 不 0
242.086 242.789 59.0 退 0
242.789 243.258 54.0 出 0
243.258 243.726 55.0 了 0
244.213 244.682 59.0 可 0
244.682 244.916 60.0 - 0
244.916 245.629 62.0 以 0
245.629 245.87 60.0 让 0
245.87 246.352 60.0 你 0
246.413 247.075 67.0 快 0
247.075 247.533 66.0 乐 0
247.533 247.757 57.0 是 0
247.757 248.43 60.0 我 0
248.879 249.355 55.0 的 0
249.355 251.965 55.0 快 0
251.965 255.95 62.0 乐 0
262.76 263.001 50.0 - 0
263.001 263.484 64.0 可 0
263.484 263.967 59.0 能 0
263.967 264.43 59.0 你 0
264.43 265.113 60.0 不 0
265.113 265.796 62.0 快 0
266.448 266.675 50.0 乐 0
266.675 267.131 64.0 可 0
267.131 267.586 59.0 惜 0
267.586 268.058 59.0 你 0
268.058 268.773 60.0 不 0
268.773 269.25 59.0 快 0
270.325 270.564 55.0 乐 0
270.564 271.04 55.0 可 0
271.04 271.517 67.0 能 0
271.517 271.978 66.0 是 0
271.978 272.205 67.0 我 0
272.205 272.66 66.0 的 0
272.66 273.116 62.0 爱 0
273.138 273.365 62.0 情 0
273.365 273.677 66.0 它 0
273.677 273.993 67.0 来 0
273.993 274.309 66.0 的 0
275.021 275.258 57.0 太 0
275.258 276.201 59.0 晚 0
276.201 277.621 62.0 了 0
277.962 278.442 59.0 可 0
278.442 278.923 60.0 - 0
278.923 279.384 62.0 他 0
279.384 279.838 60.0 给 0
279.838 280.293 60.0 了 0
280.293 280.52 59.0 你 0
280.52 281.211 60.0 些 0
281.211 281.679 50.0 什 0
282.245 282.479 59.0 么 0
282.479 282.713 57.0 你 0
282.713 283.181 59.0 是 0
283.181 283.415 57.0 不 0
283.415 283.883 59.0 是 0
283.883 284.584 65.0 真 0
284.584 285.3 64.0 快 0
286.006 286.245 64.0 乐 0
286.245 286.485 66.0 可 0
286.485 286.948 67.0 要 0
286.948 287.177 64.0 听 0
287.177 287.636 64.0 我 0
287.636 288.094 66.0 的 0
288.094 288.784 67.0 话 0
288.784 289.247 66.0 别 0
289.247 289.71 64.0 再 0
289.71 290.172 66.0 为 0
290.172 290.882 64.0 他 0
290.882 291.595 59.0 犯 0
291.595 292.071 62.0 傻 0
292.468 292.932 50.0 了 0
292.932 293.396 64.0 可 0
293.396 293.861 59.0 能 0
293.861 294.331 59.0 你 0
294.331 295.275 60.0 不 0
295.275 295.747 62.0 快 0
296.354 296.815 50.0 乐 0
296.815 297.277 64.0 可 0
297.277 297.738 59.0 我 0
297.738 298.209 59.0 要 0
298.209 298.683 60.0 你 0
298.683 299.157 59.0 快 0
299.157 299.394 59.0 - 0
299.394 299.867 55.0 乐 0
300.256 300.49 55.0 - 0
300.49 300.958 55.0 可 0
300.958 301.427 67.0 能 0
301.427 301.891 66.0 是 0
301.891 302.122 67.0 我 0
302.122 302.585 66.0 的 0
302.585 303.048 62.0 爱 0
303.056 303.287 62.0 情 0
303.287 303.76 66.0 它 0
303.76 303.997 67.0 来 0
303.997 304.711 66.0 的 0
304.949 305.187 57.0 太 0
305.187 306.131 59.0 晚 0
306.131 307.543 62.0 了 0
308.007 308.475 59.0 - 0
308.475 308.709 60.0 可 0
308.709 309.407 62.0 我 0
309.407 309.639 60.0 只 0
309.639 310.335 59.0 想 0
310.335 310.567 55.0 对 0
310.567 311.272 57.0 你 0
311.665 312.141 59.0 说 0
312.141 312.38 60.0 我 0
312.38 313.088 59.0 绝 0
313.088 313.322 60.0 对 0
313.322 314.024 59.0 不 0
314.024 314.492 54.0 退 0
314.492 314.966 55.0 出 0
315.584 316.06 59.0 了 0
316.06 316.298 60.0 可 0
316.298 317.007 62.0 以 0
317.007 317.24 60.0 让 0
317.24 317.942 60.0 你 0
317.942 318.41 67.0 快 0
318.41 318.878 66.0 乐 0
319.346 319.814 57.0 是 0
319.814 320.866 60.0 我 0
321.956 322.579 55.0 的 0
322.579 324.715 55.0 快 0
328.021 331.285 62.0 乐 0
