22.465 22.785 65.0 第 0
22.788 23.108 65.0 一 0
23.111 23.431 65.0 口 0
23.434 23.754 65.0 蛋 0
23.756 24.076 65.0 糕 0
24.079 24.399 64.0 的 0
24.402 24.722 62.0 滋 0
24.725 26.336 62.0 味 1
26.946 27.266 60.0 第 0
27.269 27.589 62.0 一 0
27.591 27.911 64.0 件 0
27.914 28.234 65.0 玩 0
28.237 28.557 65.0 具 0
28.56 28.88 65.0 带 0
28.882 29.202 65.0 来 0
29.205 29.525 64.0 的 0
29.528 30.009 62.0 安 0
30.012 31.462 60.0 慰 1
32.736 33.379 69.0 太 0
33.382 33.702 67.0 - 0
33.705 34.348 65.0 阳 0
34.35 34.993 64.0 下 0
35.318 35.961 67.0 太 0
35.964 36.284 65.0 - 0
36.287 36.93 64.0 阳 0
36.932 37.575 62.0 下 1
37.934 38.577 65.0 冰 0
38.58 38.9 64.0 - 0
38.903 39.546 62.0 淇 0
39.548 39.868 60.0 淋 0
39.871 40.191 62.0 流 0
40.194 41.966 62.0 - 1
43.08 43.4 65.0 第 0
43.402 43.722 65.0 - 0
43.725 44.045 65.0 二 0
44.048 44.368 65.0 口 0
44.371 44.691 65.0 蛋 0
44.693 45.013 64.0 糕 0
45.016 45.336 62.0 的 0
45.339 46.466 62.0 滋 1
47.581 47.901 60.0 第 0
47.904 48.224 62.0 - 0
48.227 48.547 64.0 二 0
48.549 48.869 65.0 件 0
48.872 49.192 65.0 玩 0
49.195 49.515 65.0 具 0
49.518 49.838 67.0 带 0
49.84 50.16 65.0 来 0
50.163 50.645 62.0 的 0
50.647 51.29 60.0 安 1
53.457 54.1 69.0 大 0
54.102 54.422 67.0 - 0
54.425 55.068 65.0 - 0
55.07 55.713 64.0 风 0
56.039 56.682 67.0 大 0
56.684 57.004 65.0 - 0
57.007 57.65 64.0 - 0
57.652 58.295 62.0 风 1
58.641 59.284 65.0 爆 0
59.286 59.606 64.0 米 0
59.609 60.252 62.0 花 0
60.255 60.575 60.0 好 0
60.577 60.897 62.0 - 0
60.9 61.866 62.0 美 1
62.125 62.445 60.0 从 0
62.448 62.768 62.0 - 0
62.771 63.413 69.0 头 0
63.416 66.56 67.0 到 1
67.096 67.416 65.0 忘 0
67.419 68.062 67.0 - 0
68.065 68.707 65.0 记 0
68.71 69.272 60.0 了 0
69.678 69.998 65.0 想 0
70.001 70.644 67.0 - 0
70.647 71.289 65.0 起 0
71.292 72.177 62.0 了 1
72.593 72.913 60.0 从 0
72.916 73.236 62.0 - 0
73.239 73.881 69.0 头 0
73.884 77.028 67.0 到 1
77.444 77.765 67.0 再 0
77.767 78.41 67.0 数 0
78.413 79.056 65.0 一 0
79.058 79.701 60.0 回 0
80.027 80.347 69.0 再 0
80.349 80.992 67.0 数 0
80.995 81.638 69.0 一 0
81.64 82.444 62.0 回 1
82.946 83.266 60.0 有 0
83.269 83.589 65.0 没 0
83.592 83.912 67.0 有 0
83.915 84.235 69.0 荒 0
84.237 85.364 69.0 废 0
85.367 86.897 65.0 - 1
88.382 95.803 67.0 啦 0
95.805 103.468 69.0 - 0
103.874 108.713 69.0 - 1
110.219 110.539 65.0 第 0
110.542 110.862 65.0 - 0
110.865 111.185 65.0 一 0
111.188 111.508 65.0 次 0
111.51 111.83 65.0 吻 0
111.833 112.153 64.0 别 0
112.156 112.476 62.0 人 0
112.479 114.09 62.0 的 1
114.836 115.156 60.0 第 0
115.159 115.479 62.0 一 0
115.481 115.802 64.0 次 0
115.804 116.124 65.0 生 0
116.127 116.447 65.0 病 0
116.45 116.77 65.0 了 0
116.772 117.093 65.0 要 0
117.095 117.415 64.0 喝 0
117.418 117.899 62.0 药 0
117.902 119.432 60.0 水 1
120.534 121.176 69.0 太 0
121.179 121.499 67.0 - 0
121.502 122.145 65.0 阳 0
122.147 122.79 64.0 下 0
123.116 123.758 67.0 太 0
123.761 124.081 65.0 - 0
124.084 124.727 64.0 阳 0
124.729 125.372 62.0 下 1
125.707 126.349 65.0 冰 0
126.352 126.672 64.0 - 0
126.675 127.318 62.0 淇 0
127.32 127.64 60.0 淋 0
127.643 127.963 62.0 流 0
127.966 129.738 62.0 - 1
130.92 131.24 65.0 第 0
131.242 131.562 65.0 - 0
131.565 131.885 65.0 二 0
131.888 132.208 65.0 次 0
132.211 132.531 65.0 吻 0
132.533 132.853 64.0 别 0
132.856 133.176 62.0 人 0
133.179 134.306 62.0 的 1
135.559 135.879 60.0 第 0
135.882 136.202 62.0 二 0
136.205 136.525 64.0 次 0
136.527 136.848 65.0 生 0
136.85 137.17 65.0 病 0
137.173 137.493 65.0 了 0
137.496 137.816 65.0 需 0
137.818 138.139 67.0 要 0
138.141 138.461 65.0 喝 0
138.464 139.107 62.0 药 0
139.109 140.156 60.0 水 1
141.373 142.016 69.0 大 0
142.018 142.338 67.0 - 0
142.341 142.984 65.0 风 0
142.987 143.629 64.0 吹 0
143.955 144.598 67.0 大 0
144.6 144.92 65.0 - 0
144.923 145.566 64.0 风 0
145.569 146.211 62.0 吹 1
146.473 147.116 65.0 爆 0
147.118 147.438 64.0 - 0
147.441 148.084 62.0 米 0
148.087 148.407 60.0 花 0
148.409 148.729 62.0 好 0
148.732 149.698 62.0 - 1
150.061 150.381 60.0 从 0
150.384 150.704 62.0 头 0
150.707 151.349 69.0 到 0
151.352 154.496 67.0 尾 1
154.731 155.052 65.0 忘 0
155.054 155.697 67.0 - 0
155.7 156.343 65.0 记 0
156.345 156.907 60.0 了 0
157.313 157.634 65.0 想 0
157.636 158.279 67.0 - 0
158.282 158.925 65.0 起 0
158.927 159.812 62.0 了 1
160.326 160.646 60.0 从 0
160.649 160.969 65.0 - 0
160.972 161.615 69.0 头 0
161.617 164.761 67.0 到 1
165.17 165.49 69.0 再 0
165.492 166.135 67.0 - 0
166.138 166.781 65.0 数 0
166.783 167.426 60.0 一 0
167.752 168.072 69.0 再 0
168.074 168.717 67.0 - 0
168.72 169.363 69.0 数 0
169.365 170.17 62.0 一 1
170.659 170.979 60.0 有 0
170.982 171.302 65.0 没 0
171.305 171.625 67.0 有 0
171.628 171.948 69.0 荒 0
171.95 173.077 69.0 废 0
173.08 174.61 65.0 - 1
178.032 178.352 70.0 忽 0
178.354 178.997 70.0 然 0
179.0 179.32 69.0 - 0
179.323 179.643 67.0 天 0
179.645 180.288 70.0 亮 0
180.614 180.934 70.0 忽 0
180.937 181.579 70.0 然 0
181.582 181.902 69.0 - 0
181.905 182.225 67.0 天 0
182.228 182.79 69.0 黑 1
183.171 183.491 69.0 诸 0
183.494 184.136 67.0 - 0
184.139 184.459 67.0 如 0
184.462 184.782 69.0 此 0
184.785 185.105 65.0 - 0
185.107 185.427 62.0 类 1
185.767 186.087 62.0 远 0
186.09 187.055 65.0 - 0
187.058 187.378 72.0 走 0
187.381 188.023 70.0 高 1
188.478 188.798 70.0 一 0
188.801 189.443 69.0 二 0
189.446 189.766 67.0 - 0
189.769 190.089 67.0 三 0
190.092 190.896 70.0 岁 0
191.06 191.38 72.0 四 0
191.383 192.025 70.0 五 0
192.028 192.348 69.0 - 0
192.351 192.671 67.0 六 0
192.674 192.994 69.0 岁 1
193.513 193.833 69.0 千 0
193.836 194.478 67.0 - 0
194.481 194.801 67.0 秋 0
194.804 195.124 69.0 万 0
195.127 195.447 65.0 - 0
195.449 196.092 62.0 岁 1
196.444 196.764 60.0 从 0
196.766 197.087 62.0 - 0
197.089 197.732 69.0 头 0
197.735 200.556 67.0 到 1
201.345 201.665 65.0 忘 0
201.668 202.311 67.0 记 0
202.313 202.956 65.0 了 0
202.959 203.521 60.0 谁 0
203.927 204.247 65.0 想 0
204.25 204.893 67.0 起 0
204.895 205.538 65.0 了 0
205.541 206.426 62.0 谁 1
206.737 207.057 60.0 从 0
207.06 207.38 62.0 头 0
207.382 208.025 69.0 到 0
208.028 211.172 67.0 尾 1
211.585 211.905 69.0 再 0
211.908 212.551 67.0 - 0
212.553 213.196 65.0 数 0
213.199 213.842 60.0 一 0
214.167 214.487 69.0 再 0
214.49 215.133 67.0 - 0
215.135 215.778 69.0 数 0
215.781 216.585 62.0 一 1
217.165 217.485 60.0 有 0
217.488 217.808 65.0 - 0
217.81 218.131 67.0 没 0
218.133 218.453 69.0 有 0
218.456 219.583 69.0 荒 0
219.586 221.116 65.0 废 1
222.623 223.266 60.0 啦 0
223.268 223.911 72.0 - 0
223.914 230.043 67.0 ┅ 0
230.046 237.709 69.0 ┅ 0
238.115 242.954 69.0 - 0
