16.966 17.211 60.0 叫 0
17.213 17.458 60.0 我 0
17.46 17.704 60.0 怎 0
17.706 18.074 60.0 么 0
18.446 18.938 59.0 能 0
18.94 19.185 60.0 不 0
19.187 19.678 59.0 难 0
19.68 19.925 55.0 过 1
20.074 20.319 52.0 你 0
20.321 20.562 57.0 劝 0
20.564 20.804 57.0 我 0
20.806 21.047 57.0 灭 0
21.049 21.29 57.0 了 0
21.292 21.533 57.0 心 0
21.535 21.775 59.0 中 0
21.777 22.018 57.0 的 0
22.02 22.757 52.0 火 1
24.1 24.346 52.0 我 0
24.348 24.591 53.0 还 0
24.594 25.083 53.0 能 0
25.085 25.329 53.0 够 0
25.331 25.82 52.0 怎 0
25.822 26.066 52.0 么 0
26.068 26.803 53.0 说 1
27.904 28.148 48.0 怎 0
28.15 28.393 59.0 么 0
28.395 29.123 59.0 说 0
29.132 29.622 59.0 都 0
29.624 29.867 60.0 是 0
29.869 31.096 55.0 错 1
32.732 32.976 60.0 你 0
32.978 33.221 60.0 对 0
33.223 33.467 60.0 我 0
33.469 33.713 67.0 说 0
34.206 34.452 59.0 离 0
34.454 34.7 59.0 开 0
34.702 34.947 59.0 就 0
34.949 35.195 59.0 会 0
35.197 35.443 59.0 解 0
35.445 35.69 67.0 脱 1
36.182 36.425 69.0 试 0
36.427 36.671 69.0 着 0
36.673 36.917 69.0 自 0
36.919 37.162 69.0 己 0
37.164 37.653 69.0 去 0
37.655 37.899 67.0 生 0
37.901 39.127 64.0 活 1
39.149 39.392 64.0 试 0
39.394 39.638 64.0 着 0
39.64 39.883 62.0 找 0
39.885 40.129 60.0 寻 0
40.131 40.62 64.0 自 0
40.622 42.094 62.0 我 1
43.0 43.244 62.0 别 0
43.246 43.49 64.0 再 0
43.492 43.737 62.0 为 0
43.739 43.983 60.0 爱 0
43.985 44.474 62.0 蹉 0
44.476 45.948 60.0 跎 1
47.99 48.734 60.0 只 0
48.736 48.982 62.0 - 0
48.984 49.479 62.0 是 0
49.978 50.227 64.0 爱 0
50.229 50.478 62.0 要 0
50.48 50.728 60.0 怎 0
50.73 50.979 62.0 么 0
50.981 51.48 64.0 说 0
51.482 51.731 67.0 出 0
51.733 52.933 62.0 口 1
53.91 54.154 60.0 我 0
54.156 54.4 59.0 的 0
54.402 54.646 57.0 心 0
54.649 54.893 59.0 里 0
54.895 55.385 60.0 好 0
55.387 55.631 57.0 难 0
55.633 56.123 59.0 受 0
56.125 57.106 55.0 - 1
57.78 58.025 57.0 如 0
58.027 58.272 55.0 果 0
58.274 58.519 53.0 能 0
58.521 58.766 55.0 将 0
58.768 59.012 57.0 你 0
59.014 59.506 60.0 拥 0
59.508 60.0 57.0 有 0
60.002 60.247 55.0 - 1
60.66 60.905 60.0 我 0
60.907 61.151 62.0 会 0
61.154 61.398 64.0 忍 0
61.4 61.645 64.0 住 0
61.647 61.89 64.0 不 0
61.892 62.625 65.0 让 0
62.627 63.115 62.0 眼 0
63.117 63.36 60.0 泪 0
63.363 64.349 62.0 流 1
65.711 65.955 64.0 第 0
65.957 66.201 62.0 一 0
66.203 66.447 60.0 次 0
66.449 66.693 62.0 握 0
66.695 67.186 64.0 你 0
67.188 67.432 67.0 的 0
67.434 68.66 62.0 手 1
69.539 69.783 60.0 指 0
69.785 70.028 59.0 尖 0
70.031 70.274 57.0 传 0
70.276 70.52 59.0 来 0
70.522 71.011 60.0 你 0
71.013 71.257 57.0 的 0
71.259 71.746 59.0 温 0
71.748 72.718 55.0 柔 1
73.337 73.578 55.0 每 0
73.58 73.821 57.0 一 0
73.823 74.065 55.0 次 0
74.067 74.309 53.0 深 0
74.311 74.552 55.0 情 0
74.554 74.796 57.0 眼 0
74.798 75.283 57.0 光 0
75.285 75.527 60.0 的 0
75.529 75.777 57.0 背 0
75.779 76.276 55.0 后 1
76.481 76.729 60.0 谁 0
76.731 76.978 62.0 知 0
76.98 77.477 64.0 道 0
77.479 77.723 64.0 会 0
77.725 78.46 65.0 有 0
78.462 78.951 62.0 多 0
78.953 79.197 60.0 少 0
79.199 79.934 62.0 愁 0
80.428 80.917 59.0 多 0
80.919 81.408 59.0 少 0
81.41 84.356 60.0 愁 1
99.602 99.848 60.0 叫 0
99.85 100.095 60.0 我 0
100.097 100.343 60.0 怎 0
100.345 100.714 60.0 么 0
101.087 101.572 62.0 能 0
101.574 101.815 60.0 不 0
101.817 102.302 59.0 难 0
102.304 102.546 55.0 过 1
102.832 103.073 52.0 你 0
103.075 103.319 57.0 劝 0
103.321 103.564 57.0 我 0
103.566 103.81 57.0 灭 0
103.812 104.055 57.0 了 0
104.057 104.3 57.0 心 0
104.302 104.546 59.0 中 0
104.548 104.791 57.0 的 0
105.284 106.263 52.0 火 1
106.64 106.883 52.0 我 0
106.885 107.129 53.0 还 0
107.132 107.622 53.0 能 0
107.624 107.868 53.0 够 0
107.87 108.36 53.0 怎 0
108.362 108.606 52.0 么 0
108.608 108.852 55.0 做 0
108.854 109.344 53.0 - 1
110.617 110.861 48.0 怎 0
110.863 111.103 59.0 么 0
111.105 111.587 59.0 说 0
111.831 112.313 59.0 都 0
112.315 112.555 60.0 是 0
112.557 114.051 55.0 错 0
114.053 114.803 60.0 - 1
115.332 115.573 60.0 如 0
115.575 115.816 60.0 果 0
115.818 116.06 60.0 要 0
116.062 116.303 67.0 我 0
116.792 117.039 59.0 把 0
117.041 117.287 59.0 心 0
117.289 117.535 59.0 对 0
117.537 117.784 59.0 你 0
117.786 118.032 59.0 解 0
118.034 118.28 67.0 剖 1
118.75 118.994 69.0 只 0
118.996 119.241 69.0 要 0
119.243 119.487 69.0 改 0
119.489 119.733 69.0 变 0
119.735 120.225 69.0 这 0
120.227 120.472 67.0 结 0
120.474 121.703 64.0 果 1
121.736 121.98 64.0 我 0
121.982 122.226 64.0 会 0
122.228 122.472 62.0 说 0
122.474 122.718 60.0 我 0
122.72 122.963 64.0 愿 0
122.966 123.209 65.0 意 0
123.211 124.679 62.0 做 1
125.722 125.965 62.0 我 0
125.967 126.21 64.0 受 0
126.213 126.456 62.0 够 0
126.458 126.701 60.0 了 0
126.703 126.948 62.0 寂 0
126.95 128.431 60.0 寞 1
128.6 129.337 67.0 只 0
129.339 129.583 64.0 - 0
129.585 130.075 64.0 是 0
130.57 130.811 64.0 爱 0
130.813 131.055 62.0 要 0
131.057 131.298 60.0 怎 0
131.3 131.542 62.0 么 0
131.544 132.028 64.0 说 0
132.03 132.272 67.0 出 0
132.274 133.509 62.0 口 1
134.574 134.817 60.0 我 0
134.819 135.063 59.0 的 0
135.065 135.308 57.0 心 0
135.31 135.554 59.0 里 0
135.556 136.045 60.0 好 0
136.047 136.29 57.0 难 0
136.292 136.781 57.0 受 0
136.783 137.763 55.0 - 1
138.358 138.602 57.0 如 0
138.604 138.847 55.0 果 0
138.849 139.093 53.0 能 0
139.095 139.338 55.0 将 0
139.341 139.584 57.0 你 0
139.586 140.075 60.0 拥 0
140.077 140.567 57.0 有 0
140.569 140.812 55.0 - 1
141.312 141.555 60.0 我 0
141.557 141.801 62.0 会 0
141.803 142.047 64.0 忍 0
142.049 142.292 64.0 住 0
142.294 142.535 67.0 不 0
142.538 143.266 65.0 让 0
143.268 143.752 62.0 眼 0
143.754 143.996 60.0 泪 0
143.998 144.487 64.0 流 0
144.489 145.231 62.0 - 1
146.261 146.51 64.0 第 0
146.512 146.761 62.0 一 0
146.763 147.011 60.0 次 0
147.014 147.262 62.0 握 0
147.264 147.764 64.0 你 0
147.766 148.014 67.0 的 0
148.016 149.234 62.0 手 1
150.028 150.514 60.0 指 0
150.516 150.759 59.0 尖 0
150.761 151.005 57.0 传 0
151.007 151.25 59.0 来 0
151.252 151.496 60.0 你 0
151.498 151.986 62.0 的 0
151.988 152.477 59.0 温 0
152.479 152.968 57.0 柔 0
152.97 153.458 55.0 - 1
153.854 154.097 55.0 每 0
154.1 154.344 57.0 一 0
154.346 154.59 55.0 次 0
154.592 154.836 53.0 深 0
154.838 155.082 55.0 情 0
155.084 155.329 57.0 眼 0
155.331 155.821 57.0 光 0
155.823 156.067 60.0 的 0
156.069 156.313 57.0 背 0
156.315 156.806 55.0 后 1
157.172 157.416 60.0 谁 0
157.418 157.662 62.0 知 0
157.664 158.155 64.0 道 0
158.157 158.4 64.0 会 0
158.402 159.135 65.0 有 0
159.137 159.626 60.0 多 0
159.628 159.871 60.0 少 0
159.873 160.606 62.0 愁 0
161.098 161.587 60.0 多 0
161.589 162.077 59.0 少 0
162.079 162.693 62.0 愁 0
162.695 163.802 60.0 - 1
163.822 168.017 67.0 Wooh 0
168.747 171.438 67.0 - 0
171.44 172.675 65.0 - 0
173.173 173.418 63.0 Yeah 0
173.421 173.666 65.0 - 0
173.668 173.914 67.0 - 0
174.643 176.476 71.0 Wooh 0
176.478 179.824 66.0 - 1
185.709 185.951 64.0 爱 0
185.953 186.194 62.0 要 0
186.196 186.437 60.0 怎 0
186.44 186.681 62.0 么 0
186.683 187.168 64.0 说 0
187.17 187.411 67.0 出 0
187.413 188.385 62.0 口 1
189.644 189.9 60.0 我 0
189.902 190.157 59.0 的 0
190.159 190.415 57.0 心 0
190.417 190.673 59.0 里 0
190.675 191.188 60.0 好 0
191.448 191.703 57.0 难 0
191.705 192.171 59.0 受 0
192.173 192.64 55.0 - 1
193.555 193.803 57.0 如 0
193.805 194.053 55.0 果 0
194.055 194.303 53.0 能 0
194.305 194.553 55.0 将 0
194.555 194.802 57.0 你 0
194.805 195.302 60.0 拥 0
195.304 195.552 57.0 有 0
195.554 196.044 55.0 - 1
196.485 196.729 60.0 我 0
196.731 196.975 62.0 会 0
196.977 197.221 64.0 忍 0
197.224 197.467 64.0 住 0
197.469 197.701 67.0 不 0
197.703 198.401 65.0 让 0
198.403 198.868 60.0 眼 0
198.87 199.101 60.0 泪 0
199.103 199.708 64.0 流 0
199.71 200.825 62.0 - 1
201.316 201.562 64.0 第 0
201.564 201.809 62.0 一 0
201.811 202.057 60.0 次 0
202.059 202.305 62.0 握 0
202.307 202.552 64.0 你 0
202.554 203.048 67.0 的 0
203.05 204.775 67.0 手 1
204.936 205.429 72.0 指 0
205.431 205.677 71.0 尖 0
205.679 205.925 69.0 传 0
205.928 206.174 71.0 来 0
206.176 206.422 72.0 你 0
206.424 206.919 69.0 的 0
206.921 207.167 71.0 温 0
207.169 208.146 67.0 柔 1
208.954 209.196 55.0 每 0
209.198 209.445 57.0 一 0
209.447 209.693 55.0 次 0
209.695 209.941 53.0 深 0
209.943 210.19 55.0 情 0
210.192 210.438 57.0 眼 0
210.44 210.935 57.0 光 0
210.937 211.183 60.0 的 0
211.185 211.426 57.0 背 0
211.428 211.912 55.0 后 1
212.172 212.413 60.0 谁 0
212.415 212.655 62.0 知 0
212.658 212.898 64.0 道 0
213.143 213.386 64.0 会 0
213.388 214.118 65.0 有 0
214.12 214.607 62.0 多 0
214.609 214.851 60.0 少 0
214.853 217.054 62.0 愁 0
218.294 218.539 60.0 多 0
218.541 218.787 59.0 少 0
218.789 222.977 60.0 愁 1
226.077 229.84 64.0 Ho 1
