9.097 9.373 58.0 幻 0
9.375 9.65 60.0 想 0
9.653 10.206 56.0 过 0
10.208 10.484 53.0 地 0
10.486 11.039 56.0 久 0
11.319 11.595 58.0 天 0
11.597 12.428 58.0 长 1
13.467 13.742 58.0 憧 0
13.744 14.02 60.0 憬 0
14.022 14.575 56.0 过 0
14.578 14.853 53.0 地 0
14.856 15.409 56.0 老 0
15.689 15.964 60.0 天 0
15.967 16.52 60.0 荒 1
17.916 18.192 58.0 你 0
18.194 18.469 60.0 - 0
18.472 18.747 58.0 说 0
18.749 19.025 56.0 爷 0
19.027 19.303 56.0 - 0
19.583 20.136 56.0 住 0
20.138 20.414 53.0 - 0
20.694 20.969 51.0 老 0
20.972 21.525 56.0 - 0
21.527 21.803 56.0 弄 1
22.982 23.501 60.0 古 0
23.504 23.779 58.0 - 0
23.781 24.335 58.0 旧 0
24.615 24.89 56.0 模 0
24.893 25.446 58.0 - 1
26.926 27.202 58.0 你 0
27.204 27.479 60.0 说 0
27.482 28.035 56.0 你 0
28.037 28.313 53.0 温 0
28.315 28.868 56.0 柔 0
29.148 29.424 58.0 善 0
29.426 29.979 58.0 良 1
31.306 31.582 58.0 我 0
31.584 31.86 60.0 怨 0
31.862 32.415 56.0 我 0
32.418 32.693 53.0 内 0
32.695 33.249 56.0 心 0
33.529 33.804 60.0 要 0
33.806 34.36 60.0 强 1
35.709 35.984 58.0 我 0
35.987 36.262 60.0 曾 0
36.264 36.54 58.0 许 0
36.542 36.818 56.0 - 0
36.82 37.095 56.0 你 0
37.098 37.651 56.0 一 0
37.653 38.207 63.0 生 0
38.209 38.484 63.0 的 0
38.764 39.318 55.0 远 0
39.32 39.873 56.0 方 1
40.4 40.676 51.0 却 0
40.678 41.231 60.0 - 0
41.233 41.509 58.0 被 0
41.511 42.342 58.0 时 0
42.345 42.62 56.0 间 0
42.622 43.453 58.0 流 1
45.982 46.257 63.0 我 0
46.259 46.535 65.0 - 0
46.537 46.813 63.0 们 0
46.815 47.09 60.0 都 0
47.093 47.368 58.0 太 0
47.371 47.924 60.0 假 0
48.204 48.446 63.0 让 0
48.446 48.757 65.0 - 0
48.759 49.035 63.0 回 0
49.037 49.313 60.0 忆 0
49.315 49.59 56.0 那 0
49.593 50.146 58.0 么 1
50.479 50.755 63.0 连 0
50.757 51.032 65.0 - 0
51.035 51.31 63.0 后 0
51.312 51.588 58.0 来 0
51.59 51.866 55.0 想 0
51.868 52.143 56.0 起 0
52.146 52.421 55.0 这 0
52.424 52.699 56.0 段 0
52.701 52.977 58.0 青 0
52.994 53.27 60.0 春 1
53.272 53.547 58.0 泛 0
53.55 53.825 60.0 起 0
53.827 54.069 61.0 了 0
54.139 54.658 63.0 光 1
54.883 55.158 63.0 爱 0
55.16 55.436 63.0 是 0
55.438 55.714 65.0 有 0
55.716 55.991 58.0 多 0
56.027 56.269 60.0 荒 0
56.271 56.825 56.0 唐 0
57.105 57.38 63.0 恨 0
57.383 57.658 63.0 也 0
57.66 57.936 63.0 能 0
57.938 58.18 58.0 醉 0
58.18 58.491 60.0 人 0
58.494 59.047 56.0 肠 1
59.346 59.621 60.0 我 0
59.624 59.899 60.0 忘 0
59.902 60.177 60.0 了 0
60.179 60.455 58.0 自 0
60.457 60.733 56.0 己 1
60.825 61.1 58.0 忘 0
61.103 61.378 58.0 了 0
61.38 61.656 58.0 和 0
61.658 61.934 60.0 你 0
61.936 62.211 61.0 那 0
62.214 62.489 60.0 晚 0
62.492 62.767 58.0 的 0
62.769 63.045 56.0 月 0
63.047 63.6 58.0 光 1
63.801 64.077 63.0 我 0
64.079 64.355 65.0 们 0
64.357 64.632 63.0 都 0
64.635 64.91 60.0 不 0
64.913 65.188 58.0 原 0
65.19 65.744 60.0 谅 0
66.024 66.299 63.0 在 0
66.301 66.577 65.0 回 0
66.579 66.855 63.0 忆 0
66.857 67.132 60.0 里 0
67.135 67.377 56.0 逞 0
67.377 67.966 58.0 强 1
68.209 68.451 63.0 到 0
68.451 68.762 65.0 - 0
68.764 69.04 63.0 头 0
69.042 69.318 58.0 来 0
69.32 69.595 55.0 谁 0
69.598 69.873 56.0 会 0
69.876 70.151 55.0 埋 0
70.153 70.429 56.0 怨 0
70.431 70.707 58.0 对 0
70.709 70.984 60.0 方 0
70.987 71.262 58.0 将 0
71.264 71.506 60.0 自 0
71.506 72.095 67.0 己 0
72.098 72.373 63.0 捆 1
72.723 72.999 63.0 我 0
73.001 73.277 63.0 还 0
73.279 73.554 65.0 痴 0
73.557 73.799 58.0 心 0
73.799 74.11 60.0 妄 0
74.112 74.665 56.0 想 0
74.946 75.221 63.0 能 0
75.223 75.499 63.0 对 0
75.501 75.777 63.0 你 0
75.779 76.054 58.0 诉 0
76.057 76.332 60.0 衷 0
76.334 76.888 56.0 肠 1
77.047 77.322 60.0 我 0
77.325 77.6 60.0 - 0
77.602 77.878 60.0 细 0
77.88 78.156 58.0 数 0
78.158 78.433 56.0 过 0
78.586 78.861 58.0 往 1
78.863 79.139 58.0 回 0
79.141 79.417 58.0 忆 0
79.419 79.694 60.0 里 0
79.697 79.972 61.0 的 0
79.975 80.25 60.0 疤 0
80.252 80.528 58.0 痕 0
80.53 80.806 56.0 那 0
80.841 81.361 58.0 长 0
81.675 81.95 60.0 累 0
81.953 82.472 60.0 - 0
82.994 83.583 58.0 成 0
83.586 84.694 56.0 - 1
104.657 104.932 58.0 你 0
104.935 105.21 60.0 - 0
105.212 105.766 56.0 说 0
105.768 106.043 53.0 你 0
106.046 106.599 56.0 温 0
106.879 107.154 58.0 善 0
107.157 107.71 58.0 - 1
109.154 109.43 58.0 我 0
109.432 109.707 60.0 怨 0
109.71 110.263 56.0 我 0
110.265 110.541 53.0 内 0
110.543 111.096 56.0 心 0
111.376 111.652 60.0 要 0
111.654 112.207 60.0 强 1
113.473 113.748 58.0 我 0
113.784 114.026 60.0 曾 0
114.028 114.304 58.0 许 0
114.306 114.581 56.0 - 0
114.584 114.859 56.0 你 0
114.862 115.415 56.0 一 0
115.451 115.97 63.0 生 0
115.973 116.526 63.0 的 0
116.528 116.804 60.0 远 0
116.806 117.081 58.0 - 0
117.084 117.637 56.0 方 1
118.3 118.575 51.0 却 0
118.578 119.131 60.0 被 0
119.133 119.409 58.0 时 0
119.411 120.242 58.0 间 0
120.244 120.52 56.0 流 0
120.522 121.353 58.0 放 1
121.565 121.841 63.0 我 0
121.843 122.118 65.0 们 0
122.121 122.396 63.0 都 0
122.399 122.674 60.0 太 0
122.676 122.952 58.0 假 0
122.954 123.507 60.0 装 0
123.787 124.063 63.0 让 0
124.065 124.341 65.0 回 0
124.343 124.618 63.0 忆 0
124.621 124.896 60.0 那 0
124.899 125.174 56.0 么 0
125.176 125.73 58.0 伤 1
125.967 126.242 63.0 连 0
126.244 126.52 65.0 - 0
126.522 126.798 63.0 后 0
126.8 127.075 58.0 来 0
127.078 127.353 55.0 想 0
127.356 127.631 56.0 起 0
127.633 127.909 55.0 这 0
127.911 128.187 56.0 段 0
128.189 128.464 58.0 青 1
128.598 128.873 60.0 泛 0
128.875 129.151 58.0 - 0
129.153 129.429 60.0 起 0
129.431 129.706 61.0 了 0
129.709 130.262 63.0 泪 1
130.438 130.714 63.0 爱 0
130.716 130.958 63.0 是 0
130.958 131.269 65.0 有 0
131.271 131.513 58.0 多 0
131.513 131.825 60.0 荒 0
131.827 132.38 56.0 唐 0
132.66 132.936 63.0 恨 0
132.938 133.214 63.0 也 0
133.216 133.491 63.0 能 0
133.494 133.736 58.0 醉 0
133.736 134.047 60.0 人 0
134.049 134.602 56.0 肠 1
134.889 135.164 60.0 我 0
135.166 135.442 60.0 忘 0
135.444 135.72 60.0 了 0
135.722 135.997 58.0 自 0
136.0 136.275 56.0 己 1
136.37 136.646 58.0 忘 0
136.648 136.924 58.0 了 0
136.926 137.201 58.0 和 0
137.204 137.479 60.0 你 0
137.482 137.757 61.0 那 0
137.759 138.035 60.0 晚 0
138.037 138.313 58.0 的 0
138.315 138.59 56.0 月 0
138.593 139.146 58.0 光 1
139.269 139.545 63.0 我 0
139.547 139.822 65.0 - 0
139.825 140.1 63.0 们 0
140.102 140.378 60.0 都 0
140.38 140.656 58.0 不 0
140.658 141.211 60.0 原 0
141.491 141.767 63.0 在 0
141.769 142.045 65.0 - 0
142.047 142.322 63.0 回 0
142.325 142.6 60.0 忆 0
142.636 142.842 56.0 里 0
142.844 143.433 58.0 逞 1
143.739 144.015 63.0 到 0
144.017 144.293 65.0 - 0
144.295 144.571 63.0 头 0
144.573 144.848 58.0 来 0
144.851 145.126 55.0 谁 0
145.128 145.404 56.0 会 0
145.406 145.682 55.0 埋 0
145.684 145.959 56.0 怨 0
145.962 146.237 58.0 对 0
146.239 146.515 60.0 方 0
146.517 146.793 58.0 将 0
146.795 147.037 60.0 自 0
147.037 147.626 67.0 己 0
147.628 147.904 63.0 捆 1
148.294 148.569 63.0 我 0
148.572 148.847 63.0 还 0
148.849 149.125 65.0 痴 0
149.127 149.403 58.0 心 0
149.439 149.681 60.0 妄 0
149.683 150.236 56.0 想 0
150.516 150.792 63.0 能 0
150.794 151.069 63.0 对 0
151.072 151.347 63.0 你 0
151.349 151.625 58.0 诉 0
151.627 151.903 60.0 衷 0
151.905 152.458 56.0 肠 1
152.611 152.887 60.0 我 0
152.889 153.165 60.0 - 0
153.167 153.442 60.0 细 0
153.445 153.72 58.0 数 0
153.722 153.998 56.0 过 0
154.057 154.333 58.0 往 1
154.335 154.611 58.0 回 0
154.613 154.888 58.0 忆 0
154.891 155.166 60.0 里 0
155.168 155.444 61.0 的 0
155.48 155.722 60.0 疤 0
155.724 155.999 58.0 痕 0
156.002 156.244 56.0 那 0
156.244 156.833 58.0 么 0
157.113 157.388 60.0 累 0
157.424 157.944 60.0 - 0
158.258 158.777 58.0 成 0
158.779 160.166 56.0 - 1
174.806 175.081 63.0 我 0
175.117 175.359 65.0 - 0
175.361 175.637 63.0 们 0
175.639 175.914 60.0 都 0
175.917 176.192 58.0 太 0
176.195 176.748 60.0 假 0
177.028 177.303 63.0 让 0
177.306 177.581 65.0 - 0
177.583 177.859 63.0 回 0
177.861 178.137 60.0 忆 0
178.139 178.414 56.0 那 0
178.417 178.97 58.0 么 1
179.427 179.703 63.0 连 0
179.705 179.98 65.0 后 0
179.983 180.258 63.0 来 0
180.26 180.536 58.0 想 0
180.538 180.814 55.0 起 0
180.816 181.091 56.0 这 0
181.094 181.369 55.0 段 0
181.372 181.647 56.0 青 0
181.649 181.925 58.0 春 1
181.932 182.208 60.0 泛 0
182.21 182.485 58.0 - 0
182.488 182.763 60.0 起 0
182.765 183.041 61.0 了 0
183.077 183.596 63.0 光 1
183.774 184.049 63.0 爱 0
184.051 184.327 63.0 - 0
184.329 184.605 65.0 是 0
184.607 184.882 58.0 有 0
184.885 185.16 60.0 多 0
185.162 185.716 56.0 荒 0
185.996 186.271 63.0 恨 0
186.274 186.549 63.0 - 0
186.551 186.827 63.0 也 0
186.829 187.105 58.0 能 0
187.14 187.382 60.0 人 0
187.385 187.938 56.0 - 1
188.128 188.439 60.0 我 0
188.442 188.717 60.0 - 0
188.72 188.995 60.0 忘 0
188.997 189.273 58.0 了 0
189.275 189.551 56.0 自 1
189.709 189.984 58.0 忘 0
189.987 190.262 58.0 了 0
190.264 190.54 58.0 和 0
190.542 190.818 60.0 你 0
190.82 191.095 61.0 那 0
191.131 191.373 63.0 晚 0
191.376 191.651 60.0 的 0
191.653 191.929 56.0 月 0
191.931 192.484 58.0 光 1
192.739 193.015 63.0 我 0
193.051 193.293 65.0 们 0
193.295 193.57 63.0 都 0
193.573 193.848 60.0 不 0
193.851 194.126 58.0 原 0
194.128 194.682 60.0 谅 0
194.962 195.237 63.0 在 0
195.273 195.515 65.0 回 0
195.517 195.793 63.0 忆 0
195.795 196.07 60.0 里 0
196.073 196.348 56.0 逞 0
196.384 196.904 58.0 强 1
197.057 197.332 63.0 到 0
197.368 197.61 65.0 - 0
197.612 197.888 63.0 头 0
197.89 198.166 58.0 来 0
198.168 198.443 55.0 谁 0
198.446 198.721 56.0 会 0
198.724 198.999 55.0 埋 0
199.001 199.277 56.0 怨 0
199.279 199.555 58.0 对 0
199.557 199.832 60.0 方 0
199.835 200.11 58.0 将 0
200.112 200.354 60.0 自 0
200.354 200.943 67.0 己 0
200.946 201.221 63.0 捆 1
201.562 201.838 63.0 我 0
201.84 202.116 63.0 还 0
202.118 202.393 63.0 痴 0
202.396 202.671 58.0 心 0
202.707 202.949 60.0 妄 0
202.951 203.504 56.0 想 0
203.785 204.06 63.0 能 0
204.062 204.338 63.0 对 0
204.34 204.616 63.0 你 0
204.618 204.893 58.0 诉 0
204.896 205.171 60.0 衷 0
205.173 205.727 56.0 肠 1
205.927 206.202 60.0 我 0
206.205 206.48 60.0 - 0
206.482 206.758 60.0 细 0
206.76 207.036 58.0 数 0
207.038 207.313 56.0 过 1
207.43 207.705 58.0 回 0
207.707 207.983 58.0 - 0
207.985 208.261 58.0 忆 0
208.263 208.538 60.0 里 0
208.541 208.783 61.0 的 0
208.783 209.094 60.0 疤 0
209.096 209.372 58.0 痕 0
209.374 209.616 56.0 那 0
209.616 210.205 58.0 么 0
210.485 210.797 60.0 累 0
210.797 211.594 60.0 - 0
211.838 212.533 58.0 成 0
212.533 213.816 56.0 - 0
