17.832 18.243 59.0 没 0
18.243 18.654 59.0 有 0
18.654 19.065 62.0 花 0
19.065 19.476 62.0 瓣 0
19.476 19.682 64.0 的 0
19.682 20.298 64.0 季 0
20.298 20.709 55.0 节 1
20.709 21.12 59.0 剩 0
21.12 21.531 57.0 下 0
21.531 21.942 57.0 落 0
21.942 22.353 55.0 叶 0
22.353 22.764 57.0 的 0
22.764 22.969 59.0 秋 0
22.969 23.586 59.0 天 1
24.224 24.635 59.0 那 0
24.635 25.046 59.0 张 0
25.046 25.457 62.0 枯 0
25.457 25.868 62.0 黄 0
25.868 26.073 64.0 的 0
26.073 26.69 64.0 脸 1
26.964 27.17 55.0 印 0
27.17 27.58 59.0 着 0
27.58 27.991 57.0 时 0
27.991 28.402 57.0 光 0
28.402 28.608 55.0 变 0
28.608 29.635 55.0 迁 1
30.852 31.263 59.0 真 0
31.263 31.674 59.0 的 0
31.674 32.085 62.0 好 0
32.085 32.496 62.0 久 0
32.496 32.701 64.0 不 0
32.701 33.523 64.0 见 1
33.528 33.734 55.0 头 0
33.734 34.145 59.0 发 0
34.145 34.556 57.0 多 0
34.556 34.967 57.0 了 0
34.967 35.172 60.0 些 0
35.172 35.583 60.0 银 0
35.583 36.611 59.0 线 1
37.53 37.94 59.0 多 0
37.94 38.351 59.0 年 0
38.351 38.762 62.0 时 0
38.762 39.173 62.0 间 0
39.173 39.379 64.0 奔 0
39.379 40.201 64.0 波 1
40.229 40.434 55.0 忽 0
40.434 40.845 59.0 略 0
40.845 41.256 57.0 了 0
41.256 41.667 57.0 太 0
41.667 41.873 55.0 多 0
41.873 42.281 57.0 太 0
42.281 42.892 55.0 多 1
43.113 43.52 55.0 你 0
43.52 44.34 64.0 对 0
44.34 45.161 67.0 我 0
45.161 45.571 66.0 的 0
45.571 45.777 62.0 思 0
45.777 46.392 62.0 念 1
46.702 46.908 60.0 我 0
46.908 47.319 60.0 却 0
47.319 47.73 59.0 没 0
47.73 48.141 57.0 有 0
48.141 48.346 55.0 发 0
48.346 48.962 59.0 觉 1
49.303 49.714 59.0 每 0
49.714 50.125 57.0 次 0
50.125 50.947 55.0 你 0
50.947 51.769 67.0 在 0
51.769 52.18 69.0 电 0
52.18 52.386 66.0 话 0
52.386 52.797 62.0 那 0
53.002 53.208 60.0 边 0
53.208 53.619 59.0 唠 0
53.619 54.235 67.0 叨 1
54.791 54.996 64.0 我 0
54.996 55.202 66.0 却 0
55.202 56.024 67.0 借 0
56.024 56.435 67.0 口 0
56.435 56.64 69.0 挂 0
56.64 58.49 69.0 断 1
59.251 59.662 67.0 如 0
59.662 60.073 66.0 果 0
60.073 60.484 64.0 能 0
60.484 60.895 60.0 够 0
60.895 61.306 64.0 留 0
61.306 61.717 71.0 在 0
61.717 62.128 69.0 你 0
62.128 62.334 67.0 身 0
62.334 62.95 69.0 边 1
63.256 63.667 66.0 伴 0
63.667 64.078 62.0 你 0
64.078 64.489 66.0 日 0
64.489 64.694 69.0 日 0
64.694 65.105 69.0 夜 0
65.105 65.516 67.0 夜 1
65.71 66.121 67.0 看 0
66.121 66.532 66.0 看 0
66.532 66.943 64.0 爱 0
66.943 67.148 60.0 我 0
67.148 67.559 64.0 的 0
67.765 68.176 71.0 那 0
68.176 68.587 69.0 个 0
68.587 68.792 67.0 人 0
68.792 69.408 69.0 的 0
69.408 69.819 62.0 容 0
69.819 71.463 71.0 颜 1
72.374 72.785 67.0 如 0
72.785 73.196 66.0 果 0
73.196 73.607 64.0 能 0
73.607 74.018 60.0 够 0
74.018 74.429 64.0 留 0
74.429 74.84 71.0 在 0
74.84 75.251 69.0 你 0
75.251 75.456 67.0 身 0
75.456 76.073 69.0 边 1
76.552 76.963 71.0 重 0
76.963 77.374 74.0 拾 0
77.374 77.785 74.0 爱 0
77.785 77.99 66.0 的 0
77.99 78.401 69.0 碎 0
78.401 78.812 67.0 片 1
78.917 79.328 67.0 填 0
79.328 79.739 66.0 补 0
79.739 80.561 64.0 在 0
80.972 81.383 71.0 岁 0
81.383 82.205 69.0 月 0
82.205 82.616 66.0 的 0
82.616 82.822 62.0 章 0
82.822 85.082 64.0 节 1
99.829 100.24 59.0 没 0
100.24 100.651 59.0 有 0
100.651 101.062 62.0 花 0
101.062 101.473 62.0 瓣 0
101.473 101.679 64.0 的 0
101.679 102.295 64.0 季 0
102.295 102.706 55.0 节 1
102.739 103.15 59.0 剩 0
103.15 103.561 57.0 下 0
103.561 103.972 57.0 落 0
103.972 104.383 55.0 叶 0
104.383 104.794 57.0 的 0
104.794 104.999 59.0 秋 0
104.999 105.616 59.0 天 1
106.504 106.915 59.0 那 0
106.915 107.326 59.0 张 0
107.326 107.737 62.0 枯 0
107.737 108.148 62.0 黄 0
108.148 108.353 64.0 的 0
108.353 108.969 64.0 脸 1
109.126 109.331 55.0 印 0
109.331 109.742 59.0 着 0
109.742 110.153 57.0 时 0
110.153 110.564 57.0 光 0
110.564 110.77 55.0 变 0
110.77 111.797 55.0 迁 1
113.089 113.5 59.0 真 0
113.5 113.911 59.0 的 0
113.911 114.322 62.0 好 0
114.322 114.733 62.0 久 0
114.733 114.938 64.0 不 0
114.938 115.76 64.0 见 1
115.816 116.022 55.0 头 0
116.022 116.433 59.0 发 0
116.433 116.844 57.0 多 0
116.844 117.255 57.0 了 0
117.255 117.46 60.0 些 0
117.46 117.871 60.0 银 0
117.871 118.899 59.0 线 1
119.705 120.116 59.0 多 0
120.116 120.527 59.0 年 0
120.527 120.938 62.0 时 0
120.938 121.349 62.0 间 0
121.349 121.555 64.0 奔 0
121.555 122.377 64.0 波 1
122.386 122.591 55.0 忽 0
122.591 123.002 59.0 略 0
123.002 123.413 57.0 了 0
123.413 123.824 57.0 太 0
123.824 124.029 55.0 多 0
124.029 124.44 57.0 太 0
124.44 125.057 55.0 多 1
125.362 125.773 55.0 你 0
125.773 126.595 64.0 对 0
126.595 127.417 67.0 我 0
127.417 127.828 66.0 的 0
127.828 128.033 62.0 思 0
128.033 128.65 62.0 念 1
128.846 129.051 60.0 我 0
129.051 129.462 60.0 却 0
129.462 129.873 59.0 没 0
129.873 130.284 57.0 有 0
130.284 130.49 55.0 发 0
130.49 131.106 59.0 觉 1
131.542 131.953 59.0 每 0
131.953 132.364 57.0 次 0
132.364 133.186 55.0 你 0
133.186 134.008 67.0 在 0
134.008 134.419 69.0 电 0
134.419 134.624 66.0 话 0
134.624 135.035 62.0 那 0
135.241 135.446 60.0 边 0
135.446 135.857 59.0 唠 0
135.857 136.474 67.0 叨 1
136.912 137.117 64.0 我 0
137.117 137.323 66.0 却 0
137.323 138.145 67.0 借 0
138.145 138.556 67.0 口 0
138.556 138.761 69.0 挂 0
138.761 140.61 69.0 断 1
141.472 141.883 67.0 如 0
141.883 142.294 66.0 果 0
142.294 142.705 64.0 能 0
142.705 143.116 60.0 够 0
143.116 143.527 64.0 留 0
143.527 143.938 71.0 在 0
143.938 144.349 69.0 你 0
144.349 144.554 67.0 身 0
144.554 145.171 69.0 边 1
145.514 145.925 66.0 伴 0
145.925 146.336 62.0 你 0
146.336 146.747 66.0 日 0
146.747 146.952 69.0 日 0
146.952 147.363 69.0 夜 0
147.363 147.774 67.0 夜 1
147.944 148.355 67.0 看 0
148.355 148.766 64.0 看 0
148.766 149.176 64.0 爱 0
149.176 149.382 60.0 我 0
149.382 149.793 64.0 的 0
149.998 150.409 71.0 那 0
150.409 150.82 69.0 个 0
150.82 151.026 67.0 人 0
151.026 151.642 69.0 的 0
151.642 152.053 62.0 容 0
152.053 153.697 71.0 颜 1
154.64 155.051 67.0 如 0
155.051 155.462 66.0 果 0
155.462 155.873 64.0 能 0
155.873 156.284 60.0 够 0
156.284 156.695 64.0 留 0
156.695 157.106 71.0 在 0
157.106 157.517 69.0 你 0
157.517 157.722 67.0 身 0
157.722 158.339 69.0 边 1
158.7 159.11 71.0 重 0
159.11 159.521 74.0 拾 0
159.521 159.932 74.0 爱 0
159.932 160.138 66.0 的 0
160.138 160.549 69.0 碎 0
160.549 160.96 67.0 片 1
161.113 161.524 67.0 填 0
161.524 161.935 66.0 补 0
161.935 162.757 64.0 在 0
163.168 163.579 71.0 岁 0
163.579 164.401 69.0 月 0
164.401 164.812 66.0 的 0
164.812 165.017 62.0 章 0
165.017 167.283 64.0 节 1
167.817 168.233 67.0 如 0
168.233 168.649 66.0 果 0
168.649 169.06 64.0 能 0
169.06 169.471 60.0 够 0
169.471 169.882 64.0 留 0
169.882 170.293 71.0 在 0
170.293 170.704 69.0 你 0
170.704 170.91 67.0 身 0
170.91 171.526 69.0 边 1
171.842 172.251 66.0 伴 0
172.251 172.66 62.0 你 0
172.66 173.069 66.0 日 0
173.069 173.274 69.0 日 0
173.274 173.684 69.0 夜 0
173.684 174.095 67.0 夜 1
174.282 174.693 67.0 看 0
174.693 175.104 66.0 看 0
175.104 175.515 64.0 爱 0
175.515 175.721 60.0 我 0
175.721 176.132 64.0 的 0
176.337 176.748 71.0 那 0
176.748 177.156 69.0 个 0
177.156 177.359 67.0 人 0
177.359 177.97 69.0 的 0
177.97 178.378 62.0 容 0
178.378 180.022 71.0 颜 1
180.921 181.331 67.0 如 0
181.331 181.742 66.0 果 0
181.742 182.153 64.0 能 0
182.153 182.564 60.0 够 0
182.564 182.975 64.0 留 0
182.975 183.386 71.0 在 0
183.386 183.797 69.0 你 0
183.797 184.003 67.0 身 0
184.003 184.619 69.0 边 1
185.04 185.451 71.0 重 0
185.451 185.862 74.0 拾 0
185.862 186.273 74.0 爱 0
186.273 186.478 66.0 的 0
186.478 186.889 69.0 碎 0
186.889 187.3 67.0 片 1
187.468 187.879 67.0 填 0
187.879 188.29 64.0 补 0
188.29 189.112 64.0 在 0
189.523 189.934 71.0 岁 0
189.934 190.756 69.0 月 0
190.756 191.167 66.0 的 0
191.167 191.372 62.0 章 0
191.372 193.669 64.0 节 1
