18.937 19.196 47.0 我 0
19.196 19.455 52.0 以 0
19.455 19.713 52.0 为 0
19.713 19.972 52.0 自 0
19.972 20.23 54.0 己 1
20.327 20.586 55.0 应 0
20.586 20.845 55.0 该 0
20.845 21.103 55.0 是 0
21.103 21.362 57.0 最 0
21.362 21.621 54.0 寂 0
21.621 21.879 52.0 寞 0
21.879 22.138 50.0 的 0
22.138 22.396 50.0 人 0
22.396 22.914 52.0 - 1
23.014 23.273 55.0 却 0
23.273 23.661 57.0 忘 0
23.661 24.049 57.0 记 0
24.049 24.307 57.0 了 0
24.307 24.566 57.0 身 0
24.566 24.825 57.0 边 1
24.959 25.217 55.0 那 0
25.217 25.476 52.0 双 0
25.476 25.735 55.0 温 0
25.735 25.993 55.0 暖 0
25.993 26.252 55.0 的 0
26.252 26.51 57.0 眼 0
26.51 27.416 59.0 神 1
27.475 27.733 57.0 再 0
27.733 27.992 57.0 怎 0
27.992 28.251 57.0 么 0
28.251 28.509 55.0 寂 0
28.509 29.027 57.0 寞 0
29.285 29.544 52.0 又 0
29.544 29.802 57.0 算 0
29.802 30.061 57.0 得 0
30.061 30.32 57.0 上 0
30.32 30.578 55.0 什 0
30.578 31.354 57.0 么 1
31.709 31.967 55.0 只 0
31.967 32.226 55.0 要 0
32.226 32.485 55.0 有 0
32.485 32.743 55.0 你 0
32.743 33.002 55.0 陪 0
33.002 33.261 55.0 着 0
33.261 33.778 57.0 - 0
33.778 34.812 54.0 我 1
35.401 35.66 47.0 我 0
35.66 35.918 52.0 以 0
35.918 36.177 52.0 为 0
36.177 36.436 52.0 自 0
36.436 36.694 54.0 己 1
36.832 37.091 55.0 可 0
37.091 37.349 55.0 能 0
37.349 37.608 55.0 是 0
37.608 37.867 57.0 最 0
37.867 38.125 54.0 孤 0
38.125 38.384 52.0 独 0
38.384 38.643 50.0 的 0
38.643 38.901 50.0 人 0
38.901 39.418 52.0 - 1
39.692 39.951 55.0 却 0
39.951 40.339 57.0 忽 0
40.339 40.727 57.0 略 0
40.727 40.985 57.0 了 0
40.985 41.244 57.0 心 0
41.244 41.502 57.0 中 1
41.509 41.768 55.0 那 0
41.768 42.027 52.0 份 0
42.027 42.285 55.0 美 0
42.285 42.544 55.0 丽 0
42.544 42.802 55.0 的 0
42.802 43.061 57.0 温 0
43.061 43.966 59.0 存 1
43.968 44.226 57.0 再 0
44.226 44.485 57.0 怎 0
44.485 44.743 57.0 么 0
44.743 45.002 55.0 孤 0
45.002 45.519 57.0 独 0
45.778 46.037 52.0 也 0
46.037 46.295 57.0 算 0
46.295 46.554 57.0 不 0
46.554 46.812 57.0 上 0
46.812 47.071 55.0 无 0
47.071 47.847 57.0 助 1
48.144 48.402 55.0 身 0
48.402 48.661 55.0 边 0
48.661 48.919 55.0 有 0
48.919 49.178 55.0 你 0
49.178 49.437 55.0 的 0
49.437 49.695 55.0 脚 0
49.695 50.212 57.0 - 0
50.212 50.73 54.0 步 0
50.73 51.764 54.0 - 1
51.812 52.071 52.0 当 0
52.071 52.329 52.0 我 0
52.329 52.588 59.0 孤 0
52.588 53.105 59.0 独 0
53.105 53.364 59.0 的 0
53.364 53.623 57.0 时 0
53.623 54.14 59.0 候 1
54.148 54.406 59.0 还 0
54.406 54.665 57.0 可 0
54.665 54.924 59.0 以 0
54.924 55.182 55.0 抱 0
55.182 55.441 54.0 着 0
55.441 56.217 52.0 你 1
56.399 56.658 62.0 那 0
56.658 57.175 64.0 该 0
57.175 57.434 64.0 有 0
57.434 57.951 62.0 多 0
57.951 58.21 59.0 甜 0
58.21 58.468 57.0 - 0
58.468 59.503 59.0 蜜 1
60.031 60.29 52.0 当 0
60.29 60.548 52.0 我 0
60.548 60.807 55.0 寂 0
60.807 61.324 57.0 寞 0
61.324 61.583 57.0 的 0
61.583 61.841 55.0 时 0
61.841 62.359 57.0 候 1
62.375 62.633 57.0 还 0
62.633 62.892 57.0 可 0
62.892 63.151 57.0 以 0
63.151 63.409 55.0 想 0
63.409 63.668 54.0 着 0
63.668 64.444 52.0 你 1
64.736 64.995 57.0 那 0
64.995 65.512 57.0 该 0
65.512 65.771 55.0 有 0
65.771 66.288 64.0 多 0
66.288 66.805 62.0 幸 0
66.805 67.84 59.0 运 1
68.321 68.58 52.0 当 0
68.58 68.838 52.0 我 0
68.838 69.097 59.0 孤 0
69.097 69.614 59.0 独 0
69.614 69.873 59.0 的 0
69.873 70.131 57.0 时 0
70.131 70.649 59.0 候 1
70.713 70.971 59.0 就 0
70.971 71.23 57.0 这 0
71.23 71.488 57.0 样 0
71.488 71.747 55.0 抱 0
71.747 72.006 54.0 着 0
72.006 72.781 52.0 你 1
72.897 73.156 64.0 一 0
73.156 73.673 64.0 辈 0
73.673 73.932 64.0 子 0
73.932 74.449 66.0 不 0
74.449 74.966 62.0 放 0
74.966 76.001 59.0 弃 1
76.668 76.926 52.0 当 0
76.926 77.185 52.0 我 0
77.185 77.444 57.0 寂 0
77.444 77.961 57.0 寞 0
77.961 78.22 57.0 的 0
78.22 78.478 55.0 时 0
78.478 78.995 57.0 候 1
79.01 79.269 57.0 就 0
79.269 79.398 57.0 这 0
79.398 79.786 57.0 样 0
79.786 80.045 55.0 想 0
80.045 80.303 54.0 着 0
80.303 81.079 52.0 你 1
81.267 81.526 54.0 一 0
81.526 82.043 54.0 生 0
82.043 82.301 55.0 都 0
82.301 82.819 54.0 只 0
82.819 83.077 52.0 为 0
83.077 84.37 54.0 你 0
84.888 85.146 55.0 珍 0
85.146 85.405 54.0 - 0
85.405 87.474 52.0 惜 1
101.62 101.879 47.0 我 0
101.879 102.137 52.0 以 0
102.137 102.396 52.0 为 0
102.396 102.654 52.0 自 0
102.654 102.913 54.0 己 1
103.022 103.281 55.0 应 0
103.281 103.539 55.0 该 0
103.539 103.798 55.0 是 0
103.798 104.057 57.0 最 0
104.057 104.315 54.0 寂 0
104.315 104.574 52.0 寞 0
104.574 104.832 50.0 的 0
104.832 105.091 50.0 人 0
105.091 105.608 52.0 - 1
105.871 106.13 55.0 却 0
106.13 106.517 57.0 忘 0
106.517 106.905 57.0 记 0
106.905 107.164 57.0 了 0
107.164 107.423 57.0 身 0
107.423 107.681 57.0 边 1
107.736 107.995 55.0 那 0
107.995 108.254 52.0 双 0
108.254 108.512 55.0 温 0
108.512 108.771 55.0 暖 0
108.771 109.029 55.0 的 0
109.029 109.288 57.0 眼 0
109.288 110.193 59.0 神 1
110.289 110.548 57.0 再 0
110.548 110.807 57.0 怎 0
110.807 111.065 57.0 么 0
111.065 111.324 55.0 寂 0
111.324 111.841 57.0 寞 0
112.1 112.358 52.0 又 0
112.358 112.617 57.0 算 0
112.617 112.876 57.0 得 0
112.876 113.134 57.0 上 0
113.134 113.393 55.0 什 0
113.393 114.169 57.0 么 1
114.458 114.717 55.0 只 0
114.717 114.976 55.0 要 0
114.976 115.234 55.0 有 0
115.234 115.493 55.0 你 0
115.493 115.752 55.0 陪 0
115.752 116.01 55.0 着 0
116.01 116.527 57.0 - 0
116.527 117.562 54.0 我 1
118.177 118.435 47.0 我 0
118.435 118.694 52.0 以 0
118.694 118.953 52.0 为 0
118.953 119.211 52.0 自 0
119.211 119.47 54.0 己 1
119.611 119.869 55.0 可 0
119.869 120.128 55.0 能 0
120.128 120.387 55.0 是 0
120.387 120.645 57.0 最 0
120.645 120.904 54.0 孤 0
120.904 121.163 52.0 独 0
121.163 121.421 50.0 的 0
121.421 121.68 50.0 人 0
121.68 122.197 52.0 - 1
122.42 122.678 55.0 却 0
122.678 123.066 57.0 忽 0
123.066 123.454 57.0 略 0
123.454 123.713 57.0 了 0
123.713 123.971 57.0 心 0
123.971 124.23 57.0 中 1
124.241 124.5 55.0 那 0
124.5 124.758 52.0 份 0
124.758 125.017 55.0 美 0
125.017 125.276 55.0 丽 0
125.276 125.534 55.0 的 0
125.534 125.793 57.0 温 0
125.793 126.698 59.0 存 1
126.779 127.038 57.0 再 0
127.038 127.296 57.0 怎 0
127.296 127.555 57.0 么 0
127.555 127.814 55.0 孤 0
127.814 128.331 57.0 独 0
128.59 128.848 52.0 也 0
128.848 129.107 57.0 算 0
129.107 129.365 57.0 不 0
129.365 129.624 57.0 上 0
129.624 129.883 55.0 无 0
129.883 130.659 57.0 助 1
131.019 131.278 55.0 身 0
131.278 131.536 55.0 边 0
131.536 131.795 55.0 有 0
131.795 132.054 55.0 你 0
132.054 132.312 55.0 的 0
132.312 132.571 55.0 脚 0
132.571 133.088 57.0 - 0
133.088 133.605 54.0 步 0
133.605 134.64 54.0 - 1
134.64 134.898 52.0 当 0
134.898 135.157 52.0 我 0
135.157 135.416 59.0 孤 0
135.416 135.933 59.0 独 0
135.933 136.192 59.0 的 0
136.192 136.45 57.0 时 0
136.45 136.967 59.0 候 1
136.973 137.232 59.0 还 0
137.232 137.491 57.0 可 0
137.491 137.749 57.0 以 0
137.749 138.008 55.0 抱 0
138.008 138.267 54.0 着 0
138.267 139.042 52.0 你 1
139.25 139.509 64.0 那 0
139.509 140.026 64.0 该 0
140.026 140.285 64.0 有 0
140.285 140.802 62.0 多 0
140.802 141.06 59.0 甜 0
141.06 141.319 57.0 - 0
141.319 142.353 59.0 蜜 1
142.833 143.091 52.0 当 0
143.091 143.35 52.0 我 0
143.35 143.609 57.0 寂 0
143.609 144.126 57.0 寞 0
144.126 144.384 57.0 的 0
144.384 144.643 55.0 时 0
144.643 145.16 57.0 候 1
145.238 145.497 57.0 还 0
145.497 145.756 59.0 可 0
145.756 146.014 57.0 以 0
146.014 146.273 55.0 想 0
146.273 146.531 54.0 着 0
146.531 147.307 52.0 你 1
147.468 147.727 57.0 那 0
147.727 148.244 57.0 该 0
148.244 148.502 55.0 有 0
148.502 149.02 64.0 多 0
149.02 149.537 62.0 幸 0
149.537 150.571 59.0 运 1
151.187 151.445 52.0 当 0
151.445 151.704 52.0 我 0
151.704 151.962 59.0 孤 0
151.962 152.48 59.0 独 0
152.48 152.738 59.0 的 0
152.738 152.997 57.0 时 0
152.997 153.514 59.0 候 1
153.515 153.774 59.0 就 0
153.774 154.032 57.0 这 0
154.032 154.291 57.0 样 0
154.291 154.55 55.0 抱 0
154.55 154.808 54.0 着 0
154.808 155.584 52.0 你 1
155.696 155.954 64.0 一 0
155.954 156.472 64.0 辈 0
156.472 156.73 64.0 子 0
156.73 157.247 66.0 不 0
157.247 157.506 62.0 放 0
157.506 157.765 62.0 - 0
157.765 158.799 59.0 弃 1
159.469 159.728 52.0 当 0
159.728 159.987 52.0 我 0
159.987 160.245 57.0 寂 0
160.245 160.763 57.0 寞 0
160.763 161.021 57.0 的 0
161.021 161.28 55.0 时 0
161.28 161.797 57.0 候 1
161.8 162.059 57.0 就 0
162.059 162.188 57.0 这 0
162.188 162.576 57.0 样 0
162.576 162.835 55.0 想 0
162.835 163.093 54.0 着 0
163.093 163.869 52.0 你 1
164.057 164.315 54.0 一 0
164.315 164.832 54.0 生 0
164.832 165.091 55.0 都 0
165.091 165.608 54.0 只 0
165.608 165.867 52.0 为 0
165.867 167.16 54.0 你 0
167.677 167.936 55.0 珍 0
167.936 168.195 54.0 - 0
168.195 170.264 52.0 惜 1
200.717 200.975 54.0 当 0
200.975 201.234 54.0 我 0
201.234 201.493 61.0 孤 0
201.493 202.01 61.0 独 0
202.01 202.268 61.0 的 0
202.268 202.527 59.0 时 0
202.527 203.044 61.0 候 1
203.051 203.31 61.0 还 0
203.31 203.569 59.0 可 0
203.569 203.827 59.0 以 0
203.827 204.086 57.0 抱 0
204.086 204.344 56.0 着 0
204.344 205.12 54.0 你 1
205.349 205.608 66.0 那 0
205.608 206.125 66.0 该 0
206.125 206.383 66.0 有 0
206.383 206.901 64.0 多 0
206.901 207.159 61.0 甜 0
207.159 207.418 59.0 - 0
207.418 208.452 61.0 蜜 1
208.946 209.204 54.0 当 0
209.204 209.463 54.0 我 0
209.463 209.721 57.0 寂 0
209.721 210.239 59.0 寞 0
210.239 210.497 59.0 的 0
210.497 210.756 57.0 时 0
210.756 211.273 59.0 候 1
211.274 211.533 59.0 还 0
211.533 211.791 59.0 可 0
211.791 212.05 59.0 以 0
212.05 212.309 57.0 想 0
212.309 212.567 56.0 着 0
212.567 213.343 54.0 你 1
213.706 213.964 59.0 那 0
213.964 214.482 59.0 该 0
214.482 214.74 57.0 有 0
214.74 215.258 66.0 多 0
215.258 215.516 64.0 幸 0
215.516 215.775 64.0 - 0
215.775 216.809 61.0 运 1
217.319 217.577 54.0 当 0
217.577 217.836 54.0 我 0
217.836 218.094 61.0 孤 0
218.094 218.612 61.0 独 0
218.612 218.87 61.0 的 0
218.87 219.129 59.0 时 0
219.129 219.646 61.0 候 1
219.726 219.985 61.0 就 0
219.985 220.243 59.0 这 0
220.243 220.502 59.0 样 0
220.502 220.761 57.0 抱 0
220.761 221.019 56.0 着 0
221.019 221.795 54.0 你 1
222.051 222.309 66.0 一 0
222.309 222.827 66.0 辈 0
222.827 223.085 66.0 子 0
223.085 223.602 68.0 不 0
223.602 223.861 64.0 放 0
223.861 224.12 64.0 - 0
224.12 225.154 61.0 弃 1
225.526 225.785 54.0 当 0
225.785 226.044 54.0 我 0
226.044 226.302 59.0 寂 0
226.302 226.819 59.0 寞 0
226.819 227.078 59.0 的 0
227.078 227.337 57.0 时 0
227.337 227.854 59.0 候 1
227.953 228.212 59.0 就 0
228.212 228.47 59.0 这 0
228.47 228.729 59.0 样 0
228.729 228.987 57.0 想 0
228.987 229.246 56.0 着 0
229.246 230.022 54.0 你 1
230.139 230.397 56.0 一 0
230.397 230.914 56.0 生 0
230.914 231.173 57.0 都 0
231.173 231.69 56.0 只 0
231.69 231.949 54.0 为 0
231.949 233.501 56.0 你 0
233.501 234.535 54.0 - 0
234.535 235.311 56.0 - 0
236.604 237.38 57.0 珍 0
237.38 241.518 54.0 惜 1
