32.625 32.859 57.0  0
32.859 33.328 59.0 - 0
33.328 33.563 62.0  0
33.563 34.031 62.0 的 0
34.031 34.5 64.0 故 0
34.5 35.438 62.0 事 1
35.889 36.124 55.0 已 0
36.124 36.358 57.0  0
36.358 36.592 57.0 ^ 0
36.592 37.061 59.0 - 0
37.061 37.296 64.0 去 0
37.296 37.53 62.0 好 0
37.53 37.999 64.0 - 0
37.999 38.233 59.0 多 0
38.233 39.405 57.0 年 1
40.23 40.464 52.0  0
40.464 40.933 55.0 - 0
40.933 41.168 55.0 的 0
41.168 41.636 55.0 心 0
41.636 42.105 66.0 s 0
42.105 42.574 66.0 依 0
42.574 43.043 62.0 - 0
43.043 43.746 62.0 然 1
43.829 44.063 62.0 留 0
44.063 44.532 64.0 - 0
44.532 44.767 52.0 在 0
44.767 45.235 55.0 那 0
45.235 45.704 57.0 壹 0
45.704 46.876 57.0  1
47.657 48.126 59.0 我 0
48.126 49.063 62.0 在 0
49.063 49.298 55.0 @ 0
49.298 49.532 57.0 Y 0
49.532 50.001 55.0 守 0
50.001 50.938 52.0 著 1
51.495 51.964 52.0 每 0
51.964 52.198 64.0 壹 0
52.198 52.433 62.0  0
52.433 52.784 59.0 孤 0
52.784 53.136 62.0  0
53.136 53.37 55.0 的 0
53.37 55.011 57.0 夜 1
55.251 55.485 55.0 任 0
55.485 55.954 57.0 - 0
55.954 56.189 59.0 { 0
56.189 56.657 62.0 寂 0
56.657 57.126 64.0 寞 0
57.126 57.36 59.0 I 0
57.36 57.712 62.0 水 0
57.712 58.064 57.0 蔓 0
58.064 58.532 55.0 延 1
58.97 59.439 52.0 模 0
59.439 59.673 62.0 糊 0
59.673 59.908 59.0 了 0
59.908 60.142 57.0 我 0
60.142 60.611 59.0 的 0
60.611 60.845 52.0  0
60.845 62.72 55.0  1
64.086 64.321 62.0  0
64.321 64.555 64.0 和 0
64.555 65.024 71.0 她 0
65.024 65.258 71.0  0
65.258 65.493 71.0 在 0
65.493 66.196 69.0 藕 0
66.196 66.43 71.0  0
66.43 66.899 59.0 z 0
66.899 67.133 59.0 B 0
67.133 67.602 62.0 - 1
67.765 68.0 62.0  0
68.0 68.234 64.0 我 0
68.234 68.703 67.0 心 0
68.703 68.937 67.0 底 0
68.937 69.172 69.0 的 0
69.172 69.875 67.0  0
69.875 70.109 64.0 火 0
70.109 70.578 62.0 熄 0
70.578 71.047 59.0  1
71.517 71.752 62.0 不 0
71.752 71.986 62.0 再 0
71.986 72.455 64.0 相 0
72.455 72.924 67.0 信 0
72.924 73.158 67.0 我 0
73.158 73.392 67.0  0
73.392 73.627 67.0  0
73.627 73.861 64.0 有 0
73.861 74.33 62.0 明 0
74.33 75.267 71.0 天 1
75.836 76.07 69.0 壹 0
76.07 76.305 69.0 切 0
76.305 76.539 69.0 都 0
76.539 76.774 71.0 像 0
76.774 77.008 69.0 ^ 0
77.008 77.477 67.0 往 0
77.477 77.711 71.0  0
77.711 78.18 71.0  0
78.18 78.883 69.0 - 1
78.993 79.228 62.0  0
79.228 79.462 64.0 和 0
79.462 79.931 71.0 她 0
79.931 80.165 71.0  0
80.165 80.4 71.0 在 0
80.4 81.103 69.0 ^ 0
81.103 81.337 71.0 m 0
81.337 81.806 59.0 p 0
81.806 82.04 59.0 d 0
82.04 82.509 62.0 - 1
82.841 83.076 62.0 不 0
83.076 83.31 64.0  0
83.31 83.779 67.0 我 0
83.779 84.013 67.0 早 0
84.013 84.248 69.0 已 0
84.248 84.951 67.0 I 0
84.951 85.185 64.0 流 0
85.185 85.654 62.0 M 0
85.654 86.123 59.0 面 1
86.517 86.752 62.0 不 0
86.752 86.986 62.0 想 0
86.986 87.455 64.0 壹 0
87.455 87.689 67.0 次 0
87.689 87.924 67.0 次 0
87.924 88.627 67.0 被 0
88.627 88.861 64.0  0
88.861 89.33 62.0 欺 0
89.33 90.267 71.0 _ 1
90.847 91.081 69.0 @ 0
91.081 91.316 69.0 次 0
91.316 91.55 69.0 真 0
91.55 91.785 71.0 的 0
91.785 92.136 69.0 要 0
92.136 92.488 67.0 和 0
92.488 92.722 64.0  0
92.722 92.956 67.0 再 0
92.956 93.191 69.0 - 0
93.191 93.425 67.0 - 0
93.425 95.535 67.0  1
143.228 143.931 59.0  0
143.931 144.166 62.0  0
144.166 144.634 62.0 的 0
144.634 145.103 64.0 故 0
145.103 146.041 62.0 事 1
146.572 146.807 55.0 已 0
146.807 147.041 57.0  0
147.041 147.275 57.0 ^ 0
147.275 147.744 59.0 - 0
147.744 147.979 64.0 去 0
147.979 148.213 62.0 好 0
148.213 148.682 64.0 - 0
148.682 148.916 59.0 多 0
148.916 150.088 57.0 年 1
150.896 151.13 52.0  0
151.13 151.599 55.0 - 0
151.599 151.834 55.0 的 0
151.834 152.302 55.0 心 0
152.302 152.771 66.0 s 0
152.771 153.24 66.0 依 0
153.24 153.709 62.0 - 0
153.709 154.412 62.0 然 1
154.522 154.756 62.0 留 0
154.756 155.225 64.0 - 0
155.225 155.46 52.0 在 0
155.46 155.928 55.0 那 0
155.928 156.397 57.0 壹 0
156.397 157.569 57.0  1
158.302 158.771 59.0 我 0
158.771 159.708 62.0 在 0
159.708 159.943 55.0 @ 0
159.943 160.177 57.0 Y 0
160.177 160.646 55.0 守 0
160.646 161.583 52.0 著 1
161.993 162.462 52.0 每 0
162.462 162.696 64.0 壹 0
162.696 162.931 62.0  0
162.931 163.282 59.0 孤 0
163.282 163.634 62.0  0
163.634 163.868 55.0 的 0
163.868 165.509 57.0 夜 1
165.842 166.076 55.0 任 0
166.076 166.545 57.0 - 0
166.545 166.78 59.0 { 0
166.78 167.248 62.0 寂 0
167.248 167.717 64.0 寞 0
167.717 167.951 59.0 I 0
167.951 168.303 62.0 水 0
168.303 168.655 57.0 蔓 0
168.655 169.123 55.0 延 1
169.527 169.996 52.0 模 0
169.996 170.23 62.0 糊 0
170.23 170.465 59.0 了 0
170.465 170.699 57.0 我 0
170.699 171.168 59.0 的 0
171.168 171.402 52.0  0
171.402 173.277 55.0  1
174.719 174.954 62.0  0
174.954 175.188 64.0 和 0
175.188 175.657 71.0 她 0
175.657 175.891 71.0  0
175.891 176.126 71.0 在 0
176.126 176.829 69.0 藕 0
176.829 177.063 71.0  0
177.063 177.532 59.0 z 0
177.532 177.766 59.0 B 0
177.766 178.235 62.0 - 1
178.447 178.682 62.0  0
178.682 178.916 64.0 我 0
178.916 179.385 67.0 心 0
179.385 179.619 67.0 底 0
179.619 179.854 69.0 的 0
179.854 180.557 67.0  0
180.557 180.791 64.0 火 0
180.791 181.26 62.0 熄 0
181.26 181.729 59.0  1
182.143 182.378 62.0 不 0
182.378 182.612 62.0 再 0
182.612 183.081 64.0 相 0
183.081 183.55 67.0 信 0
183.55 183.784 67.0 我 0
183.784 184.018 67.0  0
184.018 184.253 67.0  0
184.253 184.487 64.0 有 0
184.487 184.956 62.0 明 0
184.956 185.893 71.0 天 1
186.392 186.626 69.0 壹 0
186.626 186.861 69.0 切 0
186.861 187.095 69.0 都 0
187.095 187.33 71.0 像 0
187.33 187.564 69.0 ^ 0
187.564 188.033 67.0 往 0
188.033 188.267 71.0  0
188.267 188.736 71.0  0
188.736 189.439 69.0 - 1
189.627 189.862 62.0  0
189.862 190.096 64.0 和 0
190.096 190.565 71.0 她 0
190.565 190.799 71.0  0
190.799 191.034 71.0 在 0
191.034 191.737 69.0 ^ 0
191.737 191.971 71.0 m 0
191.971 192.44 59.0 p 0
192.44 192.674 59.0 d 0
192.674 193.143 62.0 - 1
193.553 193.788 62.0 不 0
193.788 194.022 64.0  0
194.022 194.491 67.0 我 0
194.491 194.725 67.0 早 0
194.725 194.96 69.0 已 0
194.96 195.663 67.0 I 0
195.663 195.897 64.0 流 0
195.897 196.366 62.0 M 0
196.366 196.835 59.0 面 1
197.153 197.388 62.0 不 0
197.388 197.622 62.0 想 0
197.622 198.091 64.0 壹 0
198.091 198.325 67.0 次 0
198.325 198.56 67.0 次 0
198.56 199.263 67.0 被 0
199.263 199.497 64.0  0
199.497 199.966 62.0 欺 0
199.966 200.903 71.0 _ 1
201.392 201.626 69.0 @ 0
201.626 201.861 69.0 次 0
201.861 202.095 69.0 真 0
202.095 202.33 71.0 的 0
202.33 202.681 69.0 要 0
202.681 203.033 67.0 和 0
203.033 203.267 64.0  0
203.267 203.501 67.0 再 0
203.501 203.736 69.0 - 0
203.736 203.97 67.0 - 0
203.97 207.017 67.0  1
207.444 207.678 66.0 只 0
207.678 207.913 66.0 想 0
207.913 208.381 66.0 走 0
208.381 208.85 59.0 出 0
208.85 209.319 69.0  0
209.319 210.256 67.0 的 0
210.256 210.725 66.0 世 0
210.725 213.538 64.0 界 1
213.945 214.297 62.0 不 0
214.297 214.648 62.0 想 0
214.648 215.117 64.0 再 0
215.117 215.351 67.0 看 0
215.351 215.82 67.0  1
215.873 216.108 64.0  0
216.108 216.342 67.0 那 0
216.342 216.811 67.0  0
216.811 217.28 64.0 假 0
217.28 217.514 64.0 的 0
217.514 218.217 67.0 表 0
218.217 219.155 69.0 演 0
219.155 221.03 74.0 - 1
221.535 221.77 62.0  0
221.77 222.004 64.0 和 0
222.004 222.473 71.0 她 0
222.473 222.707 71.0  0
222.707 222.942 71.0 在 0
222.942 223.645 69.0 藕 0
223.645 223.879 71.0  0
223.879 224.348 59.0 z 0
224.348 224.582 59.0 B 0
224.582 225.051 62.0 - 1
225.344 225.579 62.0  0
225.579 225.813 64.0 我 0
225.813 226.282 67.0 心 0
226.282 226.516 67.0 底 0
226.516 226.751 69.0 的 0
226.751 227.454 67.0  0
227.454 227.688 64.0 火 0
227.688 228.157 62.0 熄 0
228.157 228.626 59.0  1
229.171 229.406 62.0 不 0
229.406 229.64 62.0 再 0
229.64 230.109 64.0 相 0
230.109 230.578 67.0 信 0
230.578 230.812 67.0 我 0
230.812 231.046 67.0  0
231.046 231.281 67.0  0
231.281 231.515 64.0 有 0
231.515 231.984 62.0 明 0
231.984 232.921 71.0 天 1
233.345 233.579 69.0 壹 0
233.579 233.814 69.0 切 0
233.814 234.048 69.0 都 0
234.048 234.283 71.0 像 0
234.283 234.517 69.0 ^ 0
234.517 234.986 67.0 往 0
234.986 235.22 74.0  0
235.22 235.689 71.0  0
235.689 236.392 69.0 - 1
236.495 236.73 62.0  0
236.73 236.964 64.0 和 0
236.964 237.433 71.0 她 0
237.433 237.667 71.0  0
237.667 237.902 71.0 在 0
237.902 238.605 69.0 ^ 0
238.605 238.839 71.0 m 0
238.839 239.308 59.0 p 0
239.308 239.542 59.0 d 0
239.542 240.011 62.0 - 1
240.25 240.485 62.0 不 0
240.485 240.719 64.0  0
240.719 241.188 67.0 我 0
241.188 241.422 67.0 早 0
241.422 241.657 69.0 已 0
241.657 242.36 67.0 I 0
242.36 242.594 64.0 流 0
242.594 243.063 62.0 M 0
243.063 243.532 59.0 面 1
244.158 244.393 62.0 不 0
244.393 244.627 62.0 想 0
244.627 245.096 64.0 壹 0
245.096 245.33 67.0 次 0
245.33 245.565 67.0 次 0
245.565 246.268 67.0 被 0
246.268 246.502 64.0  0
246.502 246.971 62.0 欺 0
246.971 247.908 71.0 _ 1
248.296 248.53 69.0 @ 0
248.53 248.765 69.0 次 0
248.765 248.999 69.0 真 0
248.999 249.234 71.0 的 0
249.234 249.585 69.0 要 0
249.585 249.937 67.0 和 0
249.937 250.171 64.0  0
250.171 250.405 67.0 再 0
250.405 250.64 69.0 - 0
250.64 250.874 67.0 - 0
250.874 252.984 67.0  1
253.384 253.619 62.0 不 0
253.619 253.853 62.0 想 0
253.853 254.322 64.0 壹 0
254.322 254.556 67.0 次 0
254.556 254.791 67.0 次 0
254.791 255.494 67.0 被 0
255.494 255.728 64.0  0
255.728 256.197 62.0 欺 0
256.197 257.134 71.0 _ 1
257.657 258.009 69.0 @ 0
258.009 258.36 69.0 次 0
258.36 258.829 69.0 真 0
258.829 259.298 71.0 的 0
259.766 260.235 67.0 要 0
260.235 260.704 67.0 和 0
260.704 261.641 64.0  0
262.345 262.931 69.0 再 0
262.931 263.282 67.0 - 0
263.282 267.032 67.0  1
