43.08 43.396 69.0 确 0
43.396 43.712 62.0 定 1
43.725 43.883 62.0 其 0
43.883 44.041 62.0 实 0
44.041 44.199 62.0 还 0
44.199 44.357 62.0 不 0
44.357 44.672 69.0 确 0
44.672 44.988 62.0 定 1
44.989 45.147 62.0 只 0
45.147 45.305 62.0 是 0
45.305 45.463 62.0 四 0
45.463 45.621 62.0 目 0
45.621 45.936 62.0 相 0
45.936 46.252 64.0 对 0
46.252 46.568 64.0 有 0
46.568 46.884 64.0 心 0
46.884 47.515 66.0 悸 1
47.519 47.677 62.0 不 0
47.677 47.835 62.0 见 0
47.835 47.993 62.0 你 0
47.993 48.151 62.0 会 0
48.151 48.467 69.0 想 0
48.467 48.783 62.0 你 1
48.785 48.942 69.0 在 0
48.942 49.1 62.0 人 0
49.1 49.258 62.0 群 0
49.258 49.416 62.0 中 0
49.416 49.732 69.0 找 0
49.732 50.048 62.0 你 1
50.048 50.206 69.0 找 0
50.206 50.364 62.0 到 0
50.364 50.521 62.0 后 0
50.521 50.679 62.0 又 0
50.679 50.995 62.0 假 0
50.995 51.311 64.0 装 0
51.311 51.469 64.0 不 0
51.469 51.942 66.0 看 0
51.942 52.574 62.0 你 1
52.574 52.89 66.0 她 0
52.89 53.206 66.0 们 0
53.206 53.521 69.0 说 1
53.521 53.837 69.0 你 0
53.837 54.153 69.0 有 0
54.153 54.311 69.0 点 0
54.311 54.785 69.0 坏 1
54.785 54.942 62.0 追 0
54.942 55.1 62.0 你 0
55.1 55.416 62.0 的 0
55.416 55.732 62.0 女 0
55.732 56.048 62.0 生 0
56.048 56.364 64.0 都 0
56.364 56.679 64.0 很 0
56.679 56.995 64.0 伤 0
56.995 57.627 66.0 心 1
57.627 57.942 66.0 可 0
57.942 58.258 66.0 是 0
58.258 58.574 69.0 我 1
58.574 58.89 69.0 永 0
58.89 59.206 69.0 不 0
59.206 59.364 69.0 会 0
59.364 59.837 69.0 追 1
59.837 59.995 62.0 我 0
59.995 60.153 62.0 要 0
60.153 60.469 62.0 让 0
60.469 60.785 62.0 你 0
60.785 61.1 64.0 忍 0
61.1 61.416 64.0 不 0
61.416 61.653 64.0 住 0
61.653 62.048 64.0 动 0
62.048 63.311 62.0 心 1
63.311 63.469 62.0 要 0
63.469 63.627 59.0 保 0
63.627 63.785 62.0 持 0
63.785 63.942 59.0 魅 0
63.942 64.416 62.0 力 1
64.416 64.732 62.0 忽 0
64.732 64.89 59.0 远 0
64.89 65.048 62.0 又 0
65.048 65.206 59.0 忽 0
65.206 65.837 62.0 近 1
65.837 65.995 64.0 不 0
65.995 66.153 64.0 能 0
66.153 66.311 64.0 随 0
66.311 66.469 64.0 意 0
66.469 66.785 64.0 献 0
66.785 67.1 67.0 殷 0
67.1 67.732 66.0 勤 1
67.732 68.048 66.0 要 0
68.048 68.364 64.0 像 0
68.364 68.521 62.0 蜜 0
68.521 68.679 59.0 桃 0
68.679 68.837 62.0 般 0
68.837 68.995 59.0 甜 0
68.995 69.469 62.0 美 1
69.469 69.627 59.0 阅 0
69.627 69.785 62.0 读 0
69.785 69.942 59.0 更 0
69.942 70.1 62.0 多 0
70.1 70.258 59.0 书 0
70.258 70.89 62.0 籍 1
70.89 71.127 64.0 充 0
71.127 71.206 64.0 实 0
71.206 71.364 64.0 自 0
71.364 71.521 64.0 己 0
71.521 71.837 64.0 更 0
71.837 72.153 64.0 完 0
72.153 72.785 62.0 美 1
72.785 73.1 66.0 不 0
73.1 73.416 64.0 是 0
73.416 73.732 62.0 每 0
73.732 74.048 61.0 一 0
74.048 74.364 62.0 次 0
74.364 74.679 69.0 的 0
74.679 74.995 69.0 约 0
74.995 75.311 67.0 会 1
75.513 75.828 63.0 你 0
75.828 76.144 64.0 约 0
76.144 76.46 66.0 我 0
76.46 76.776 66.0 就 0
76.776 77.092 64.0 出 0
77.092 77.723 66.0 现 1
77.764 78.08 66.0 不 0
78.08 78.396 64.0 是 0
78.396 78.712 62.0 每 0
78.712 79.027 61.0 一 0
79.027 79.343 62.0 通 0
79.343 79.659 67.0 的 0
79.659 79.975 69.0 电 0
79.975 80.291 67.0 话 1
80.589 80.905 66.0 你 0
80.905 81.221 64.0 打 0
81.221 81.379 66.0 来 0
81.379 81.537 67.0 我 0
81.537 81.852 66.0 都 0
81.852 82.168 64.0 会 0
82.168 82.8 62.0 接 1
82.803 83.119 64.0 爱 0
83.119 83.434 64.0 情 0
83.434 83.75 62.0 不 0
83.75 84.066 61.0 是 0
84.066 84.382 62.0 投 0
84.382 84.698 67.0 入 0
84.698 85.013 69.0 越 0
85.013 85.329 67.0 快 1
85.722 85.88 66.0 就 0
85.88 86.038 66.0 可 0
86.038 86.354 64.0 以 0
86.354 86.669 66.0 收 0
86.669 86.985 67.0 获 0
86.985 87.301 71.0 更 0
87.301 87.932 69.0 多 1
87.942 88.258 66.0 喜 0
88.258 88.574 64.0 欢 0
88.574 88.89 62.0 被 0
88.89 89.206 61.0 你 0
89.206 89.521 62.0 送 0
89.521 89.837 69.0 到 0
89.837 90.153 69.0 家 0
90.153 90.469 67.0 门 1
90.67 90.827 66.0 但 0
90.827 90.985 66.0 不 0
90.985 91.301 64.0 能 0
91.301 91.459 66.0 请 0
91.459 91.617 67.0 你 0
91.617 91.933 66.0 喝 0
91.933 92.249 64.0 咖 0
92.249 93.512 62.0 啡 1
98.524 98.84 69.0 确 0
98.84 99.156 62.0 定 1
99.237 99.395 62.0 其 0
99.395 99.553 62.0 实 0
99.553 99.711 62.0 还 0
99.711 99.868 62.0 不 0
99.868 100.184 69.0 确 0
100.184 100.5 62.0 定 1
100.537 100.695 62.0 只 0
100.695 100.853 62.0 是 0
100.853 101.011 62.0 四 0
101.011 101.169 62.0 目 0
101.169 101.484 62.0 相 0
101.484 101.8 64.0 对 0
101.8 102.116 64.0 有 0
102.116 102.432 64.0 心 0
102.432 103.063 66.0 悸 1
103.098 103.256 62.0 不 0
103.256 103.414 62.0 见 0
103.414 103.572 62.0 你 0
103.572 103.73 62.0 会 0
103.73 104.046 69.0 想 0
104.046 104.362 62.0 你 1
104.363 104.52 69.0 在 0
104.52 104.678 62.0 人 0
104.678 104.836 62.0 群 0
104.836 104.994 62.0 中 0
104.994 105.31 69.0 找 0
105.31 105.626 62.0 你 1
105.626 105.784 69.0 找 0
105.784 105.941 62.0 到 0
105.941 106.099 62.0 后 0
106.099 106.257 62.0 又 0
106.257 106.573 62.0 假 0
106.573 106.889 64.0 装 0
106.889 107.047 64.0 不 0
107.047 107.52 66.0 看 0
107.52 108.152 62.0 你 1
108.152 108.468 66.0 她 0
108.468 108.784 66.0 们 0
108.784 109.099 69.0 说 1
109.099 109.415 69.0 你 0
109.415 109.731 69.0 有 0
109.731 109.889 69.0 点 0
109.889 110.363 69.0 坏 1
110.363 110.52 62.0 追 0
110.52 110.678 62.0 你 0
110.678 110.994 62.0 的 0
110.994 111.31 62.0 女 0
111.31 111.626 62.0 生 0
111.626 111.941 64.0 都 0
111.941 112.257 64.0 很 0
112.257 112.573 64.0 伤 0
112.573 113.205 66.0 心 1
113.206 113.521 66.0 可 0
113.521 113.837 69.0 是 0
113.837 114.153 69.0 我 1
114.153 114.469 69.0 永 0
114.469 114.785 69.0 不 0
114.785 114.942 69.0 会 0
114.942 115.416 69.0 追 1
115.416 115.574 62.0 我 0
115.574 115.732 62.0 要 0
115.732 116.048 62.0 让 0
116.048 116.364 62.0 你 0
116.364 116.679 64.0 忍 0
116.679 116.995 64.0 不 0
116.995 117.311 64.0 住 0
117.311 117.627 64.0 动 0
117.627 118.89 62.0 心 1
118.89 119.048 62.0 要 0
119.048 119.206 59.0 保 0
119.206 119.364 62.0 持 0
119.364 119.521 59.0 魅 0
119.521 119.995 62.0 力 1
119.995 120.311 62.0 忽 0
120.311 120.469 59.0 远 0
120.469 120.627 62.0 又 0
120.627 120.785 59.0 忽 0
120.785 121.416 62.0 近 1
121.416 121.574 64.0 不 0
121.574 121.732 64.0 能 0
121.732 121.89 64.0 随 0
121.89 122.048 64.0 意 0
122.048 122.364 64.0 献 0
122.364 122.679 67.0 殷 0
122.679 123.311 66.0 勤 1
123.311 123.627 66.0 要 0
123.627 123.942 64.0 像 0
123.942 124.1 62.0 蜜 0
124.1 124.258 59.0 桃 0
124.258 124.416 62.0 般 0
124.416 124.574 59.0 甜 0
124.574 125.048 62.0 美 1
125.048 125.206 59.0 阅 0
125.206 125.364 62.0 读 0
125.364 125.521 59.0 更 0
125.521 125.679 62.0 多 0
125.679 125.837 59.0 书 0
125.837 126.469 62.0 籍 1
126.469 126.706 64.0 充 0
126.706 126.785 64.0 实 0
126.785 126.942 64.0 自 0
126.942 127.1 64.0 己 0
127.1 127.416 64.0 更 0
127.416 127.732 64.0 完 0
127.732 128.364 62.0 美 1
128.364 128.679 66.0 不 0
128.679 128.995 64.0 是 0
128.995 129.311 62.0 每 0
129.311 129.627 61.0 一 0
129.627 129.942 62.0 次 0
129.942 130.258 67.0 的 0
130.258 130.574 69.0 约 0
130.574 130.89 67.0 会 1
131.014 131.329 62.0 你 0
131.329 131.645 64.0 约 0
131.645 131.961 66.0 我 0
131.961 132.277 66.0 就 0
132.277 132.593 64.0 出 0
132.593 133.224 66.0 现 1
133.286 133.602 64.0 不 0
133.602 133.918 64.0 是 0
133.918 134.234 62.0 每 0
134.234 134.549 61.0 一 0
134.549 134.865 62.0 通 0
134.865 135.181 67.0 的 0
135.181 135.497 69.0 电 0
135.497 135.812 67.0 话 1
136.195 136.511 66.0 你 0
136.511 136.827 64.0 打 0
136.827 136.985 66.0 来 0
136.985 137.143 67.0 我 0
137.143 137.458 66.0 都 0
137.458 137.774 64.0 会 0
137.774 138.406 62.0 接 1
138.468 138.784 64.0 爱 0
138.784 139.099 64.0 情 0
139.099 139.415 62.0 不 0
139.415 139.731 61.0 是 0
139.731 140.047 62.0 投 0
140.047 140.363 67.0 入 0
140.363 140.678 69.0 越 0
140.678 140.994 67.0 快 1
141.125 141.283 66.0 就 0
141.283 141.441 66.0 可 0
141.441 141.756 64.0 以 0
141.756 142.072 66.0 收 0
142.072 142.388 67.0 获 0
142.388 142.704 73.0 更 0
142.704 143.335 69.0 多 1
143.409 143.725 64.0 喜 0
143.725 144.041 64.0 欢 0
144.041 144.357 62.0 被 0
144.357 144.673 61.0 你 0
144.673 144.988 62.0 送 0
144.988 145.304 69.0 到 0
145.304 145.62 69.0 家 0
145.62 145.936 67.0 门 1
146.325 146.482 66.0 但 0
146.482 146.64 66.0 不 0
146.64 146.956 64.0 能 0
146.956 147.114 66.0 请 0
147.114 147.272 67.0 你 0
147.272 147.588 66.0 喝 0
147.588 147.903 64.0 咖 0
147.903 149.167 62.0 啡 1
161.08 161.395 65.0 其 0
161.395 161.711 65.0 实 0
161.711 162.027 63.0 我 0
162.027 162.343 62.0 渴 0
162.343 162.659 63.0 望 0
162.659 162.974 70.0 有 0
162.974 163.29 70.0 一 0
163.29 163.606 68.0 天 1
163.929 164.245 63.0 能 0
164.245 164.56 65.0 够 0
164.56 164.876 67.0 透 0
164.876 165.192 67.0 明 0
165.192 165.508 65.0 一 0
165.508 166.139 67.0 些 1
166.188 166.504 67.0 心 0
166.504 166.82 65.0 意 0
166.82 167.136 63.0 全 0
167.136 167.451 62.0 部 0
167.451 167.767 63.0 被 0
167.767 168.083 70.0 你 0
168.083 168.399 70.0 知 0
168.399 168.715 68.0 道 1
168.903 169.219 67.0 会 0
169.219 169.535 65.0 珍 0
169.535 169.693 67.0 惜 0
169.693 169.851 68.0 不 0
169.851 170.167 67.0 会 0
170.167 170.482 65.0 骄 0
170.482 171.114 63.0 傲 1
171.191 171.507 65.0 其 0
171.507 171.822 65.0 实 0
171.822 172.138 63.0 我 0
172.138 172.454 62.0 真 0
172.454 172.77 63.0 的 0
172.77 173.086 68.0 喜 0
173.086 173.401 70.0 欢 0
173.401 173.717 68.0 你 1
174.048 174.206 67.0 但 0
174.206 174.364 67.0 还 0
174.364 174.68 65.0 没 0
174.68 174.995 67.0 有 0
174.995 175.311 68.0 爱 0
175.311 175.627 72.0 上 0
175.627 176.259 70.0 你 1
176.277 176.592 67.0 希 0
176.592 176.908 65.0 望 0
176.908 177.224 63.0 你 0
177.224 177.54 62.0 就 0
177.54 177.855 63.0 是 0
177.855 178.171 68.0 对 0
178.171 178.487 70.0 的 0
178.487 178.803 68.0 人 1
179.196 179.511 67.0 能 0
179.511 179.827 65.0 和 0
179.827 181.406 67.0 我 0
182.354 182.669 68.0 彼 0
182.669 183.143 67.0 此 0
183.143 183.932 65.0 宠 0
183.932 186.459 63.0 爱 1
