18.126 18.574 51.0 深 0
18.574 19.021 51.0 - 0
19.021 19.469 51.0 色 0
19.469 19.917 51.0 的 0
19.917 20.365 54.0 海 0
20.365 20.812 54.0 面 0
20.812 21.26 47.0 布 0
21.26 21.484 51.0 满 0
21.484 22.156 49.0 白 0
22.156 22.38 49.0 色 0
22.38 22.827 47.0 的 0
22.827 23.947 49.0 月 0
25.139 25.699 51.0 光 0
25.699 26.147 51.0 我 0
26.147 26.594 51.0 促 0
26.594 27.042 51.0 声 0
27.042 27.49 54.0 望 0
27.49 27.938 54.0 着 0
27.938 28.385 47.0 海 0
28.385 28.609 51.0 星 0
28.609 29.281 49.0 不 0
29.281 29.505 49.0 知 0
29.505 29.953 47.0 飞 0
29.953 31.072 49.0 哪 0
31.098 31.546 49.0 去 0
31.546 31.994 51.0 听 0
31.994 32.441 51.0 到 0
32.441 32.889 56.0 他 0
32.889 33.337 56.0 在 0
33.337 33.785 59.0 告 0
33.785 34.68 58.0 诉 0
34.909 35.357 56.0 你 0
35.357 35.581 54.0 说 0
35.581 35.804 56.0 他 0
35.804 36.476 54.0 真 0
36.476 36.7 54.0 的 0
36.7 37.148 52.0 喜 0
37.148 38.043 54.0 欢 0
38.077 38.488 51.0 你 0
38.488 38.786 49.0 我 0
38.786 39.085 47.0 不 0
39.085 40.876 49.0 知 0
41.771 41.995 51.0 该 0
41.995 42.667 54.0 躲 0
42.667 44.458 49.0 哪 0
46.75 47.197 51.0 里 0
47.197 47.645 51.0 爱 0
47.645 48.093 51.0 一 0
48.093 48.541 51.0 个 0
48.541 48.988 54.0 人 0
48.988 49.436 54.0 是 0
49.436 49.884 47.0 不 0
49.884 50.108 51.0 是 0
50.108 50.779 49.0 应 0
50.779 51.003 49.0 该 0
51.003 51.451 47.0 有 0
51.451 52.571 49.0 默 0
53.989 54.437 51.0 契 0
54.437 54.884 51.0 我 0
54.884 55.332 51.0 以 0
55.332 55.78 51.0 为 0
55.78 56.228 54.0 你 0
56.228 56.675 54.0 懂 0
56.675 57.123 47.0 得 0
57.123 57.347 51.0 每 0
57.347 58.019 49.0 当 0
58.019 58.243 49.0 我 0
58.243 58.69 49.0 看 0
58.69 59.81 49.0 着 0
59.838 60.285 49.0 你 0
60.285 60.733 51.0 我 0
60.733 61.181 51.0 藏 0
61.181 61.629 56.0 起 0
61.629 62.077 56.0 来 0
62.077 62.524 59.0 的 0
62.524 63.42 58.0 秘 0
63.569 64.016 56.0 密 0
64.016 64.24 54.0 在 0
64.24 64.464 56.0 每 0
64.464 65.136 54.0 一 0
65.136 65.36 54.0 天 0
65.36 65.807 52.0 清 0
65.807 66.479 54.0 晨 0
66.746 67.156 51.0 里 0
67.156 67.455 49.0 暖 0
67.455 67.753 47.0 成 0
67.753 69.544 49.0 咖 0
69.992 70.44 49.0 啡 0
70.44 70.888 49.0 安 0
70.888 71.335 54.0 静 0
71.335 72.231 54.0 的 0
72.231 72.903 56.0 拿 0
72.903 73.127 58.0 给 0
73.127 74.022 58.0 你 0
74.074 74.298 59.0 愿 0
74.298 74.97 63.0 - 0
74.97 75.193 63.0 意 0
75.193 75.865 64.0 用 0
75.865 76.313 64.0 一 0
76.313 76.537 63.0 支 0
76.537 76.984 64.0 黑 0
76.984 77.656 64.0 色 0
77.656 78.104 63.0 的 0
78.104 78.552 61.0 铅 0
78.631 78.855 61.0 笔 0
78.855 79.526 63.0 画 0
79.526 79.974 63.0 一 0
79.974 80.198 61.0 出 0
80.198 80.646 63.0 沉 0
80.646 81.093 63.0 默 0
81.093 81.541 61.0 舞 0
81.541 82.437 59.0 台 0
82.727 82.951 59.0 剧 0
82.951 83.175 59.0 灯 0
83.175 83.623 56.0 光 0
83.623 84.295 56.0 再 0
84.295 84.742 59.0 亮 0
84.742 85.19 56.0 也 0
85.19 85.638 58.0 抱 0
85.638 86.086 54.0 住 0
86.086 87.429 54.0 - 0
88.506 88.73 59.0 你 0
88.73 89.402 63.0 愿 0
89.402 89.626 63.0 意 0
89.626 90.297 64.0 在 0
90.297 90.745 64.0 角 0
90.745 90.969 63.0 落 0
90.969 91.417 64.0 唱 0
91.417 92.088 66.0 沙 0
92.088 92.536 61.0 哑 0
92.536 92.984 61.0 的 0
92.986 93.21 61.0 歌 0
93.21 93.882 63.0 再 0
93.882 94.329 63.0 大 0
94.329 94.553 61.0 声 0
94.553 95.001 63.0 也 0
95.001 95.449 63.0 都 0
95.449 95.896 61.0 是 0
95.896 96.568 59.0 给 0
97.118 97.342 63.0 你 0
97.342 97.566 63.0 请 0
97.566 98.013 61.0 用 0
98.013 98.573 61.0 心 0
98.685 99.133 59.0 听 0
99.133 99.357 61.0 不 0
99.357 99.804 59.0 要 0
99.804 101.819 56.0 说 0
111.117 111.677 51.0 话 0
111.677 112.125 51.0 爱 0
112.125 112.572 51.0 一 0
112.572 113.02 51.0 个 0
113.02 113.468 54.0 人 0
113.468 113.916 54.0 是 0
113.916 114.364 47.0 不 0
114.364 114.699 51.0 是 0
114.699 115.035 49.0 应 0
115.035 115.483 49.0 该 0
115.483 115.931 47.0 有 0
115.931 117.05 49.0 默 0
118.33 118.89 51.0 契 0
118.89 119.338 51.0 我 0
119.338 119.786 51.0 以 0
119.786 120.233 51.0 为 0
120.233 120.681 54.0 你 0
120.681 121.129 54.0 懂 0
121.129 121.577 47.0 得 0
121.577 121.801 51.0 每 0
121.801 122.248 49.0 当 0
122.248 122.696 49.0 我 0
122.696 123.144 47.0 看 0
123.144 124.263 49.0 着 0
124.299 124.747 49.0 你 0
124.747 125.195 51.0 我 0
125.195 125.643 51.0 藏 0
125.643 126.09 56.0 起 0
126.09 126.538 56.0 来 0
126.538 126.986 59.0 的 0
126.986 127.881 58.0 秘 0
128.006 128.454 56.0 密 0
128.454 128.678 54.0 在 0
128.678 128.902 56.0 每 0
128.902 129.573 54.0 一 0
129.573 129.797 54.0 天 0
129.797 130.245 52.0 清 0
130.245 130.917 54.0 晨 0
131.252 131.662 51.0 里 0
131.662 131.96 49.0 暖 0
131.96 132.408 47.0 成 0
132.483 134.05 49.0 咖 0
134.498 134.946 49.0 啡 0
134.946 135.393 49.0 安 0
135.393 135.841 54.0 静 0
135.841 136.737 54.0 的 0
136.737 137.408 56.0 拿 0
137.408 137.632 58.0 给 0
137.632 138.528 58.0 - 0
138.568 138.792 59.0 你 0
138.792 139.463 63.0 愿 0
139.463 139.687 63.0 意 0
139.687 140.359 64.0 用 0
140.359 140.806 64.0 一 0
140.806 141.03 63.0 支 0
141.03 141.478 64.0 黑 0
141.478 142.15 64.0 色 0
142.15 142.597 63.0 的 0
142.597 143.045 61.0 铅 0
143.072 143.296 61.0 笔 0
143.296 143.968 63.0 画 0
143.968 144.416 63.0 一 0
144.416 144.639 61.0 出 0
144.639 145.087 63.0 沉 0
145.087 145.535 63.0 默 0
145.535 145.983 61.0 舞 0
145.983 146.878 59.0 台 0
147.207 147.431 59.0 剧 0
147.431 147.655 59.0 灯 0
147.655 148.102 56.0 光 0
148.102 148.55 56.0 再 0
148.55 148.998 59.0 亮 0
148.998 149.446 59.0 也 0
149.446 149.67 56.0 抱 0
149.67 150.117 58.0 - 0
150.117 151.908 54.0 住 0
152.903 153.127 59.0 你 0
153.127 153.799 63.0 愿 0
153.799 154.022 63.0 意 0
154.022 154.694 64.0 在 0
154.694 155.142 64.0 角 0
155.142 155.366 63.0 落 0
155.366 155.813 64.0 唱 0
155.813 156.485 66.0 沙 0
156.485 156.933 61.0 哑 0
156.933 157.381 61.0 的 0
157.419 157.642 61.0 歌 0
157.642 158.314 63.0 再 0
158.314 158.762 63.0 大 0
158.762 158.986 61.0 声 0
158.986 159.434 63.0 也 0
159.434 160.105 63.0 都 0
160.105 160.329 61.0 是 0
160.329 161.001 59.0 给 0
161.193 161.752 63.0 你 0
161.752 161.976 63.0 请 0
161.976 162.424 61.0 用 0
162.424 162.984 61.0 心 0
163.095 163.543 59.0 听 0
163.543 163.767 61.0 不 0
163.767 164.215 59.0 要 0
164.215 168.021 56.0 说 0
195.95 196.174 59.0 话 0
196.174 196.846 63.0 愿 0
196.846 197.069 63.0 意 0
197.069 197.741 64.0 用 0
197.741 198.189 64.0 一 0
198.189 198.413 63.0 支 0
198.413 198.86 64.0 黑 0
198.86 199.532 64.0 色 0
199.532 199.98 63.0 的 0
199.98 200.428 61.0 铅 0
200.438 200.662 61.0 笔 0
200.662 201.109 63.0 画 0
201.109 201.781 63.0 一 0
201.781 202.005 61.0 出 0
202.005 202.453 63.0 沉 0
202.453 202.9 63.0 默 0
202.9 203.348 61.0 舞 0
203.348 204.244 59.0 台 0
204.706 204.93 59.0 剧 0
204.93 205.154 59.0 灯 0
205.154 205.602 56.0 光 0
205.602 206.05 56.0 再 0
206.05 206.497 59.0 亮 0
206.497 206.945 59.0 也 0
206.945 207.169 56.0 抱 0
207.169 207.393 58.0 住 0
207.393 207.617 54.0 - 0
207.617 209.408 54.0 你 0
210.249 210.473 59.0 愿 0
210.473 211.145 63.0 - 0
211.145 211.369 63.0 意 0
211.369 212.04 64.0 在 0
212.04 212.488 64.0 角 0
212.488 212.712 63.0 落 0
212.712 213.16 64.0 唱 0
213.16 213.831 66.0 沙 0
213.831 214.279 61.0 哑 0
214.279 214.727 61.0 的 0
214.769 214.993 61.0 歌 0
214.993 215.441 63.0 再 0
215.441 215.888 63.0 大 0
215.888 216.336 61.0 声 0
216.336 216.784 63.0 也 0
216.784 217.232 63.0 都 0
217.232 217.679 61.0 是 0
217.679 218.351 59.0 给 0
218.57 219.13 63.0 你 0
219.13 219.353 63.0 请 0
219.353 219.801 61.0 原 0
219.801 220.361 61.0 谅 0
220.473 220.921 59.0 我 0
220.921 221.145 61.0 不 0
221.145 221.592 59.0 会 0
221.592 223.495 56.0 说 0
224.446 224.67 59.0 谎 0
224.67 225.341 63.0 愿 0
225.341 225.565 63.0 意 0
225.565 226.237 64.0 用 0
226.237 226.685 64.0 一 0
226.685 226.908 63.0 支 0
226.908 227.356 64.0 黑 0
227.356 228.028 64.0 色 0
228.028 228.476 63.0 的 0
228.476 228.923 61.0 铅 0
229.094 229.318 61.0 笔 0
229.318 229.766 63.0 画 0
229.766 230.438 63.0 一 0
230.438 230.662 61.0 出 0
230.662 231.109 63.0 沉 0
231.109 231.557 63.0 默 0
231.557 232.005 61.0 舞 0
232.005 232.9 59.0 台 0
232.984 233.432 59.0 剧 0
233.432 233.656 59.0 灯 0
233.656 234.104 56.0 光 0
234.104 234.775 56.0 再 0
234.775 235.223 59.0 亮 0
235.223 235.671 59.0 也 0
235.671 235.895 56.0 抱 0
235.895 236.119 58.0 住 0
236.119 236.339 54.0 - 0
236.341 237.91 54.0 - 0
238.852 239.076 59.0 你 0
239.076 239.748 63.0 愿 0
239.748 239.971 63.0 意 0
239.971 240.643 64.0 在 0
240.643 241.091 64.0 角 0
241.091 241.315 63.0 落 0
241.315 241.763 64.0 唱 0
241.763 242.434 66.0 沙 0
242.434 242.882 61.0 哑 0
242.882 243.33 61.0 的 0
243.334 243.558 61.0 歌 0
243.558 244.005 63.0 再 0
244.005 244.229 63.0 大 0
244.677 244.901 61.0 声 0
244.901 245.349 63.0 也 0
245.349 246.02 63.0 都 0
246.02 246.244 61.0 是 0
246.244 246.916 59.0 给 0
247.35 247.909 63.0 你 0
247.909 248.133 63.0 爱 0
248.133 248.581 61.0 是 0
248.581 249.029 61.0 用 0
249.029 249.476 59.0 心 0
249.476 249.7 59.0 吗 0
249.7 249.924 61.0 不 0
249.924 250.372 59.0 要 0
250.372 253.73 56.0 说 0
