26.809 27.222 56.0 每 0
27.225 27.638 61.0 一 0
27.642 28.887 65.0 次 1
29.032 29.445 68.0 都 0
29.448 30.277 65.0 在 0
30.28 30.693 63.0 徘 0
30.697 31.109 61.0 徊 0
31.113 31.525 61.0 孤 0
31.529 31.942 61.0 单 0
31.945 32.358 61.0 中 0
32.361 32.774 58.0 坚 0
32.777 33.606 56.0 强 1
33.627 34.043 56.0 每 0
34.043 34.459 61.0 一 0
34.459 35.707 65.0 次 1
35.826 36.243 68.0 就 0
36.243 36.659 68.0 算 0
36.659 37.075 68.0 很 0
37.075 37.491 70.0 受 0
37.491 37.904 68.0 伤 1
37.918 38.334 68.0 也 0
38.334 38.737 65.0 不 0
38.75 39.16 63.0 闪 0
39.167 39.576 61.0 泪 0
39.583 40.412 63.0 光 1
40.416 40.832 70.0 我 0
40.832 41.245 68.0 知 0
41.248 42.493 65.0 道 1
42.496 42.912 68.0 我 0
42.912 43.325 68.0 一 0
43.328 43.741 68.0 直 0
43.744 44.16 70.0 有 0
44.16 44.573 68.0 双 0
44.576 44.993 65.0 隐 0
44.993 45.405 63.0 形 0
45.409 45.821 61.0 的 0
45.825 46.241 63.0 翅 0
46.241 47.03 58.0 膀 1
47.069 47.482 56.0 带 0
47.485 47.898 58.0 我 0
47.902 49.107 61.0 飞 1
49.123 49.539 65.0 飞 0
49.539 50.368 63.0 过 0
50.371 50.788 65.0 绝 0
50.788 51.204 61.0 - 0
51.204 53.597 61.0 望 1
53.71 54.122 56.0 不 0
54.126 54.542 61.0 去 0
54.542 55.79 65.0 想 1
55.793 56.21 68.0 他 0
56.21 57.038 65.0 们 0
57.042 57.458 63.0 拥 0
57.458 57.871 61.0 有 0
57.874 58.29 61.0 美 0
58.29 58.703 61.0 丽 0
58.706 59.123 61.0 的 0
59.123 59.539 56.0 太 0
59.539 60.368 56.0 阳 1
60.391 60.804 56.0 我 0
60.807 61.22 61.0 看 0
61.223 62.472 65.0 见 1
62.472 62.888 68.0 每 0
62.888 63.301 68.0 天 0
63.304 63.717 68.0 的 0
63.72 64.136 70.0 夕 0
64.136 64.549 68.0 阳 1
64.551 64.924 68.0 也 0
64.968 65.34 65.0 会 0
65.384 65.796 63.0 有 0
65.8 66.173 63.0 变 0
66.216 67.045 63.0 化 1
67.049 67.422 70.0 我 0
67.465 67.878 68.0 知 0
67.882 69.127 65.0 道 1
69.13 69.546 68.0 我 0
69.546 69.959 68.0 一 0
69.962 70.375 68.0 直 0
70.379 70.795 70.0 有 0
70.795 71.207 68.0 双 0
71.211 71.584 65.0 隐 0
71.627 72.04 63.0 形 0
72.043 72.456 61.0 的 0
72.459 72.832 63.0 翅 0
72.875 73.664 58.0 膀 1
73.697 74.109 56.0 带 0
74.113 74.526 58.0 我 0
74.529 75.734 61.0 飞 1
75.774 76.191 65.0 给 0
76.191 77.019 63.0 我 0
77.023 77.394 65.0 希 0
77.439 77.836 61.0 - 0
77.855 80.371 61.0 望 1
80.379 80.792 65.0 我 0
80.795 81.208 68.0 终 0
81.212 82.46 73.0 于 0
82.46 82.876 73.0 看 0
82.876 83.705 72.0 到 1
83.714 84.087 70.0 所 0
84.131 84.543 68.0 有 0
84.547 84.959 70.0 梦 0
84.963 85.336 73.0 想 0
85.379 85.752 65.0 都 0
85.795 86.208 63.0 开 0
86.211 87.04 61.0 花 1
87.045 87.457 61.0 追 0
87.461 87.873 61.0 逐 0
87.877 88.29 61.0 的 0
88.293 89.125 73.0 年 0
89.125 89.498 70.0 轻 1
89.538 89.951 68.0 歌 0
89.955 90.327 65.0 声 0
90.371 90.783 63.0 多 0
90.787 91.113 63.0 嘹 0
91.203 92.032 63.0 亮 1
93.513 93.926 65.0 我 0
93.929 94.342 68.0 终 0
94.345 95.594 73.0 于 0
95.594 96.01 73.0 翱 0
96.01 96.839 72.0 翔 1
96.844 97.26 70.0 用 0
97.26 97.673 68.0 心 0
97.676 98.08 70.0 凝 0
98.093 98.465 73.0 望 0
98.509 98.925 65.0 不 0
98.925 99.338 63.0 害 0
99.341 100.17 61.0 怕 1
100.334 100.747 61.0 哪 0
100.75 101.163 61.0 里 0
101.167 101.579 61.0 会 0
101.583 102.415 73.0 有 0
102.415 102.788 70.0 风 1
102.859 103.272 68.0 就 0
103.275 103.685 63.0 飞 0
103.691 104.104 63.0 多 0
104.108 104.52 61.0 远 0
104.524 105.353 61.0 吧 1
133.655 134.068 56.0 不 0
134.071 134.484 61.0 去 0
134.487 135.693 65.0 想 1
135.7 136.116 68.0 他 0
136.116 136.945 65.0 们 0
136.948 137.321 63.0 拥 0
137.364 137.777 61.0 有 0
137.781 138.153 61.0 美 0
138.197 138.609 61.0 丽 0
138.613 138.986 61.0 的 0
139.029 139.445 56.0 太 0
139.445 140.274 56.0 阳 1
140.288 140.7 56.0 我 0
140.704 141.116 61.0 看 0
141.12 142.346 65.0 见 1
142.364 142.78 68.0 每 0
142.78 143.193 68.0 天 0
143.197 143.609 68.0 的 0
143.613 143.985 70.0 夕 0
144.029 144.442 68.0 阳 1
144.498 144.914 68.0 也 0
144.914 145.287 65.0 会 0
145.33 145.743 63.0 有 0
145.746 146.144 61.0 变 0
146.163 146.991 63.0 化 1
147.01 147.426 70.0 我 0
147.426 147.839 68.0 知 0
147.842 149.087 65.0 道 1
149.092 149.508 68.0 我 0
149.508 149.92 68.0 一 0
149.924 150.337 68.0 直 0
150.34 150.756 70.0 有 0
150.756 151.169 68.0 双 0
151.172 151.545 65.0 隐 0
151.588 152.001 63.0 形 0
152.005 152.417 61.0 的 0
152.421 152.752 63.0 翅 0
152.837 153.628 58.0 膀 1
153.67 154.083 56.0 带 0
154.086 154.499 58.0 我 0
154.503 155.708 61.0 飞 1
155.744 156.091 65.0 给 0
156.16 156.989 63.0 我 0
156.992 157.36 65.0 希 0
157.409 157.813 61.0 - 0
157.825 158.988 61.0 望 1
160.209 160.622 65.0 我 0
160.625 161.038 68.0 终 0
161.042 162.29 73.0 于 0
162.29 162.706 73.0 看 0
162.706 163.535 72.0 到 1
163.69 164.107 70.0 所 0
164.107 164.519 68.0 有 0
164.523 164.927 70.0 梦 0
164.939 165.312 73.0 想 0
165.355 165.771 65.0 都 0
165.771 166.184 63.0 开 0
166.187 167.016 61.0 花 1
167.021 167.433 61.0 追 0
167.437 167.849 61.0 逐 0
167.853 168.266 61.0 的 0
168.269 169.101 73.0 年 0
169.101 169.517 70.0 轻 1
169.53 169.947 68.0 歌 0
169.947 170.363 65.0 声 0
170.363 170.779 63.0 多 0
170.779 171.195 63.0 嘹 0
171.195 171.927 63.0 亮 1
173.649 174.062 65.0 我 0
174.065 174.478 68.0 终 0
174.481 175.73 73.0 于 0
175.73 176.101 73.0 翱 0
176.146 176.975 72.0 翔 1
176.976 177.392 70.0 用 0
177.392 177.805 68.0 心 0
177.808 178.221 70.0 凝 0
178.225 178.594 73.0 望 0
178.641 179.013 65.0 不 0
179.057 179.47 63.0 害 0
179.473 180.302 61.0 怕 1
180.343 180.756 61.0 哪 0
180.759 181.172 61.0 里 0
181.176 181.588 61.0 会 0
181.592 182.424 73.0 有 0
182.424 182.797 70.0 风 1
182.843 183.256 68.0 就 0
183.259 183.613 65.0 飞 0
183.675 184.088 63.0 多 0
184.092 184.504 61.0 远 0
184.508 185.337 61.0 吧 1
186.842 187.255 65.0 隐 0
187.258 187.671 68.0 形 0
187.675 188.923 73.0 的 0
188.923 189.292 72.0 翅 0
189.339 190.168 72.0 膀 1
190.268 190.648 70.0 让 0
190.685 191.097 68.0 梦 0
191.101 191.513 70.0 恒 0
191.517 191.895 73.0 久 0
191.933 192.327 63.0 比 0
192.349 192.762 63.0 天 0
192.765 193.594 61.0 长 1
193.652 194.064 61.0 留 0
194.068 194.48 61.0 一 0
194.484 194.897 61.0 个 0
194.9 195.842 73.0 愿 0
195.94 196.14 68.0 望 0
196.148 196.513 68.0 - 1
196.527 197.007 68.0 让 0
197.047 197.463 65.0 自 0
197.463 199.492 63.0 己 0
199.752 200.272 61.0 想 0
200.272 201.933 61.0 象 1
