33.261 33.677 53.0 埋 0
33.677 33.884 53.0 藏 0
33.884 34.092 56.0 了 0
34.092 34.508 56.0 多 0
34.508 34.924 51.0 少 0
34.924 35.755 53.0 天 1
36.266 36.474 56.0 心 0
36.474 36.682 58.0 中 0
36.682 37.098 60.0 对 0
37.098 37.513 60.0 你 0
37.513 37.721 58.0 的 0
37.721 38.345 63.0 思 0
38.345 39.176 60.0 念 1
39.992 40.407 58.0 经 0
40.407 40.614 58.0 过 0
40.614 40.821 60.0 了 0
40.821 41.236 60.0 多 0
41.236 41.651 56.0 少 0
41.651 42.48 58.0 年 1
42.717 42.924 58.0 爱 0
42.924 43.131 60.0 情 0
43.131 43.546 53.0 美 0
43.546 43.961 53.0 好 0
43.961 44.168 51.0 的 0
44.168 44.79 51.0 画 0
44.79 45.412 48.0 面 1
46.48 46.895 53.0 读 0
46.895 47.103 53.0 过 0
47.103 47.311 56.0 了 0
47.311 47.726 56.0 多 0
47.726 48.141 51.0 少 0
48.141 48.971 53.0 遍 1
49.511 49.718 56.0 这 0
49.718 49.926 58.0 份 0
49.926 50.341 60.0 不 0
50.341 50.756 63.0 变 0
50.756 51.586 65.0 的 0
51.586 52.001 58.0 情 0
52.001 52.831 60.0 缘 1
52.836 53.044 58.0 不 0
53.044 53.251 56.0 管 0
53.251 53.666 58.0 期 0
53.666 54.081 60.0 待 0
54.081 54.496 60.0 多 0
54.496 54.704 56.0 少 0
54.704 55.119 58.0 年 1
55.401 55.609 51.0 无 0
55.609 56.024 48.0 悔 0
56.024 56.439 58.0 无 0
56.439 56.854 56.0 - 0
56.854 58.306 53.0 怨 1
58.955 59.37 56.0 无 0
59.37 59.785 58.0 论 0
59.785 59.993 60.0 在 0
59.993 60.408 60.0 海 0
60.408 60.616 60.0 角 0
60.616 61.031 60.0 在 0
61.031 61.446 60.0 天 0
61.446 62.277 60.0 边 1
62.756 63.171 63.0 啊 0
63.171 63.586 65.0 在 0
63.586 63.794 65.0 我 0
63.794 64.002 65.0 的 0
64.002 64.625 68.0 心 0
64.625 64.832 63.0 里 0
64.832 65.663 65.0 面 1
66.001 66.209 63.0 我 0
66.209 66.417 65.0 对 0
66.417 67.04 68.0 你 0
67.04 67.247 68.0 深 0
67.247 67.663 68.0 深 0
67.663 68.078 65.0 的 0
68.078 68.493 63.0 情 0
68.701 68.909 63.0 永 0
68.909 69.532 65.0 远 0
69.532 69.947 58.0 不 0
69.947 71.816 60.0 变 1
72.342 72.758 63.0 就 0
72.758 73.173 60.0 算 0
73.173 73.381 58.0 今 0
73.381 73.588 58.0 生 0
73.588 73.796 58.0 不 0
73.796 74.004 58.0 能 0
74.004 74.419 60.0 在 0
74.419 74.834 56.0 一 0
74.834 75.25 58.0 起 1
76.058 76.474 60.0 我 0
76.474 77.096 53.0 也 0
77.096 77.304 53.0 不 0
77.304 77.719 51.0 会 0
77.719 78.134 51.0 忘 0
78.134 78.964 48.0 记 1
79.412 79.827 55.0 期 0
79.827 80.657 55.0 待 0
81.072 81.487 53.0 着 0
81.487 82.11 51.0 和 0
82.11 82.317 48.0 你 0
82.317 82.733 58.0 再 0
82.733 83.148 56.0 相 0
83.148 84.808 53.0 遇 1
85.664 85.871 58.0 忘 0
85.871 86.079 56.0 不 0
86.079 86.286 53.0 了 0
86.286 88.154 58.0 你 1
88.705 88.912 58.0 也 0
88.912 89.12 58.0 放 0
89.12 89.327 58.0 不 0
89.327 89.535 56.0 下 0
89.535 91.403 53.0 你 1
92.605 93.02 56.0 期 0
93.02 93.85 55.0 待 0
94.265 94.68 53.0 着 0
94.68 95.095 51.0 和 0
95.303 95.51 48.0 你 0
95.51 95.925 58.0 再 0
95.925 96.34 56.0 相 0
96.34 98.429 53.0 遇 1
126.279 126.694 53.0 埋 0
126.694 126.902 53.0 藏 0
126.902 127.11 56.0 了 0
127.11 127.525 56.0 多 0
127.525 127.941 51.0 少 0
127.941 128.772 53.0 天 1
129.174 129.382 56.0 心 0
129.382 129.59 58.0 中 0
129.59 130.005 60.0 对 0
130.005 130.421 60.0 你 0
130.421 130.629 58.0 的 0
130.629 131.252 63.0 思 0
131.252 132.083 60.0 念 1
132.959 133.374 58.0 经 0
133.374 133.582 58.0 过 0
133.582 133.79 60.0 了 0
133.79 134.206 60.0 多 0
134.206 134.621 56.0 少 0
134.621 135.452 58.0 年 1
135.714 135.922 58.0 爱 0
135.922 136.13 60.0 情 0
136.13 136.545 53.0 美 0
136.545 136.961 53.0 好 0
136.961 137.169 51.0 的 0
137.169 137.792 51.0 画 0
137.792 138.416 48.0 面 1
139.567 139.982 53.0 读 0
139.982 140.19 53.0 过 0
140.19 140.398 56.0 了 0
140.398 140.814 56.0 多 0
140.814 141.229 51.0 少 0
141.229 142.06 53.0 遍 1
142.556 142.764 56.0 这 0
142.764 142.972 58.0 份 0
142.972 143.387 60.0 不 0
143.387 143.803 63.0 变 0
143.803 144.634 65.0 的 0
144.634 145.05 58.0 情 0
145.05 145.881 60.0 缘 1
145.883 146.091 56.0 不 0
146.096 146.299 58.0 管 0
146.299 146.714 58.0 期 0
146.714 147.13 60.0 待 0
147.13 147.546 60.0 多 0
147.546 147.753 56.0 少 0
147.753 148.169 58.0 年 1
148.451 148.658 51.0 无 0
148.658 149.074 48.0 悔 0
149.074 149.49 58.0 无 0
149.49 149.905 56.0 - 0
149.905 151.36 53.0 怨 1
152.023 152.438 56.0 无 0
152.438 152.854 58.0 论 0
152.854 153.061 60.0 在 0
153.061 153.477 60.0 海 0
153.477 153.684 60.0 角 0
153.684 154.099 60.0 在 0
154.099 154.514 60.0 天 0
154.514 155.345 60.0 边 1
155.713 156.128 60.0 啊 0
156.128 156.543 65.0 在 0
156.543 156.751 65.0 我 0
156.751 156.958 65.0 的 0
156.958 157.581 68.0 心 0
157.581 157.789 63.0 里 0
157.789 158.619 65.0 面 1
159.08 159.288 63.0 我 0
159.288 159.495 65.0 对 0
159.495 160.118 68.0 你 0
160.118 160.326 68.0 深 0
160.326 160.741 68.0 深 0
160.741 161.156 65.0 的 0
161.156 161.571 63.0 情 0
161.779 161.986 63.0 永 0
161.986 162.609 65.0 远 0
162.609 163.024 58.0 不 0
163.024 164.893 60.0 变 1
165.373 165.788 63.0 就 0
165.788 166.203 60.0 算 0
166.203 166.411 58.0 今 0
166.411 166.618 58.0 生 0
166.618 166.826 58.0 不 0
166.826 167.033 58.0 能 0
167.033 167.449 60.0 在 0
167.449 167.864 56.0 一 0
167.864 168.279 58.0 起 1
169.117 169.532 60.0 我 0
169.532 170.155 53.0 也 0
170.155 170.363 53.0 不 0
170.363 170.778 51.0 会 0
170.778 171.193 51.0 忘 0
171.193 172.023 48.0 记 1
172.373 172.788 55.0 期 0
172.788 173.618 55.0 待 0
174.033 174.448 53.0 着 0
174.448 175.071 51.0 和 0
175.071 175.279 48.0 你 0
175.279 175.694 58.0 再 0
175.694 176.109 56.0 相 0
176.109 177.77 53.0 遇 1
178.512 178.72 58.0 忘 0
178.72 178.927 56.0 不 0
178.927 179.135 53.0 了 0
179.135 181.003 58.0 你 1
181.78 181.987 58.0 也 0
181.987 182.195 58.0 放 0
182.195 182.403 58.0 不 0
182.403 182.61 56.0 下 0
182.61 184.478 53.0 你 1
185.593 186.008 56.0 期 0
186.008 186.838 55.0 待 0
187.254 187.669 53.0 着 0
187.669 188.292 51.0 和 0
188.292 188.499 48.0 你 0
188.499 188.914 58.0 再 0
188.914 189.329 56.0 相 0
189.329 190.99 53.0 遇 1
191.805 192.22 56.0 无 0
192.22 192.635 58.0 论 0
192.635 192.842 60.0 在 0
192.842 193.258 60.0 海 0
193.258 193.465 60.0 角 0
193.465 193.88 60.0 在 0
193.88 194.296 60.0 天 0
194.296 195.126 60.0 边 1
195.526 195.941 60.0 啊 0
195.941 196.356 65.0 在 0
196.356 196.564 65.0 我 0
196.564 196.772 65.0 的 0
196.772 197.394 68.0 心 0
197.394 197.602 63.0 里 0
197.602 198.432 65.0 面 1
198.841 199.049 63.0 我 0
199.049 199.257 65.0 对 0
199.257 199.879 68.0 你 0
199.879 200.087 68.0 深 0
200.087 200.502 68.0 深 0
200.502 200.917 65.0 的 0
200.917 201.332 63.0 情 0
201.54 201.748 63.0 永 0
201.748 202.37 65.0 远 0
202.37 202.785 58.0 不 0
202.785 204.446 60.0 变 1
205.117 205.532 63.0 就 0
205.532 205.947 60.0 算 0
205.947 206.155 58.0 今 0
206.155 206.362 58.0 生 0
206.362 206.57 58.0 不 0
206.57 206.778 58.0 能 0
206.778 207.193 60.0 在 0
207.193 207.608 56.0 一 0
207.608 208.023 58.0 起 1
208.998 209.414 60.0 我 0
209.414 210.036 53.0 也 0
210.036 210.244 53.0 不 0
210.244 210.659 51.0 会 0
210.659 211.074 51.0 忘 0
211.074 211.905 48.0 记 1
212.139 212.554 55.0 期 0
212.554 213.384 55.0 待 0
213.799 214.215 53.0 着 0
214.215 214.837 51.0 和 0
214.837 215.045 48.0 你 0
215.045 215.46 58.0 再 0
215.46 215.875 56.0 相 0
215.875 217.536 53.0 遇 1
218.477 218.685 58.0 忘 0
218.685 218.892 56.0 不 0
218.892 219.1 53.0 了 0
219.1 220.968 58.0 你 1
221.509 221.717 58.0 也 0
221.717 221.924 58.0 放 0
221.924 222.132 58.0 不 0
222.132 222.339 56.0 下 0
222.339 224.208 53.0 你 1
225.583 225.998 56.0 期 0
225.998 226.829 55.0 待 0
227.244 227.659 53.0 着 0
227.659 228.282 51.0 和 0
228.282 228.489 48.0 你 0
228.489 228.904 58.0 再 0
228.904 229.32 56.0 相 0
229.32 231.395 53.0 遇 1
