29.935 30.35 59.0 醅 0
30.35 30.764 54.0 酒 0
30.764 31.179 57.0 漂 0
31.179 31.594 59.0 绿 0
31.594 32.416 59.0 蚁 1
32.899 33.31 57.0 将 0
33.31 33.721 59.0 往 0
33.721 34.132 62.0 事 0
34.132 34.543 61.0 浮 0
34.543 34.954 57.0 起 0
34.954 35.776 59.0 - 1
36.513 36.924 54.0 当 0
36.924 37.335 57.0 时 0
37.335 37.746 59.0 盟 0
37.746 38.157 62.0 约 0
38.157 38.568 61.0 竟 0
38.979 39.39 57.0 成 0
39.39 39.801 52.0 空 0
39.801 41.445 54.0 许 1
43.112 43.523 59.0 炉 0
43.523 43.934 54.0 上 0
43.934 44.345 59.0 的 0
44.345 44.756 66.0 红 0
44.756 46.4 64.0 泥 1
46.436 46.846 64.0 诗 0
46.846 47.257 62.0 句 0
47.257 47.668 64.0 如 0
47.668 48.079 66.0 新 0
48.079 49.723 62.0 题 1
49.744 50.155 54.0 不 0
50.155 50.566 57.0 见 0
50.566 50.977 59.0 冒 0
50.977 51.388 62.0 雪 0
51.388 51.799 61.0 夜 0
52.21 52.621 62.0 来 0
52.621 53.443 59.0 的 0
53.443 54.676 59.0 你 1
56.188 56.598 59.0 踏 0
56.598 57.009 54.0 雪 0
57.009 57.42 57.0 寻 0
57.42 57.831 59.0 梅 0
57.831 58.653 59.0 去 1
59.19 59.601 57.0 有 0
59.601 60.012 59.0 暗 0
60.012 60.423 62.0 香 0
60.423 60.834 61.0 依 0
60.834 61.245 57.0 - 0
61.245 62.067 59.0 稀 1
62.733 63.144 54.0 你 0
63.144 63.555 57.0 曾 0
63.555 63.966 59.0 说 0
63.966 64.377 62.0 过 0
64.377 64.788 61.0 似 0
65.199 65.61 57.0 我 0
65.61 66.021 52.0 美 0
66.021 67.664 54.0 丽 1
69.428 69.839 59.0 蓦 0
69.839 70.25 54.0 然 0
70.25 70.661 59.0 的 0
70.661 71.072 66.0 心 0
71.072 72.716 64.0 事 1
72.75 73.161 64.0 寂 0
73.161 73.572 62.0 寞 0
73.572 73.983 64.0 了 0
73.983 74.394 66.0 天 0
74.394 76.038 62.0 气 1
76.052 76.463 54.0 怎 0
76.463 76.873 57.0 能 0
76.873 77.284 59.0 忘 0
77.284 77.695 62.0 却 0
77.695 78.106 61.0 深 0
78.517 78.928 62.0 爱 0
78.928 79.75 59.0 的 0
79.75 80.983 59.0 你 1
81.81 82.221 62.0 这 0
82.221 82.632 64.0 一 0
82.632 83.454 66.0 场 0
83.454 83.865 66.0 水 0
83.865 84.276 69.0 墨 0
84.276 85.098 64.0 雪 1
85.367 85.778 62.0 纷 0
85.778 86.599 64.0 飞 0
86.599 87.01 64.0 冬 0
87.01 87.421 66.0 - 0
87.421 88.243 59.0 季 1
88.729 89.14 59.0 把 0
89.14 89.551 64.0 物 0
89.551 89.962 64.0 是 0
89.962 90.373 64.0 人 0
90.373 90.784 66.0 非 1
90.859 91.27 62.0 小 0
91.27 91.681 64.0 心 0
91.681 92.092 69.0 安 0
92.092 92.503 64.0 葬 0
92.503 94.147 66.0 起 1
94.877 95.288 66.0 最 0
95.288 95.699 69.0 痛 0
95.699 96.521 71.0 的 0
96.521 96.931 69.0 相 0
96.931 97.342 69.0 - 0
97.342 98.575 64.0 思 1
98.597 99.008 62.0 不 0
99.008 99.83 64.0 是 0
99.83 100.241 69.0 别 0
100.241 100.652 66.0 - 0
100.652 101.474 66.0 离 1
101.513 101.924 59.0 而 0
101.924 102.335 61.0 是 0
102.335 102.746 62.0 流 0
102.746 103.157 61.0 水 0
103.157 103.568 62.0 已 0
103.568 103.979 66.0 无 0
103.979 104.39 61.0 情 1
104.764 105.175 61.0 落 0
105.175 105.586 54.0 雪 0
105.586 106.408 64.0 还 0
106.408 106.818 62.0 有 0
106.818 107.229 61.0 - 0
107.229 108.051 59.0 意 1
108.11 108.521 62.0 画 0
108.521 108.932 64.0 一 0
108.932 109.754 66.0 幅 0
109.754 110.165 66.0 水 0
110.165 110.576 69.0 墨 0
110.576 111.398 64.0 雪 1
111.626 112.037 62.0 留 0
112.037 112.859 64.0 住 0
112.859 113.27 64.0 记 0
113.27 113.681 66.0 - 0
113.681 114.503 59.0 忆 1
114.919 115.33 59.0 那 0
115.33 115.741 64.0 未 0
115.741 116.152 64.0 了 0
116.152 116.563 64.0 情 0
116.563 116.836 66.0 意 1
117.071 117.482 62.0 早 0
117.482 117.893 64.0 融 0
117.893 118.304 69.0 入 0
118.304 118.715 64.0 呼 0
118.715 120.359 66.0 吸 1
121.072 121.483 66.0 不 0
121.483 121.894 69.0 忍 0
121.894 122.716 71.0 题 0
122.716 123.127 71.0 落 0
123.127 123.538 69.0 - 0
123.538 124.771 64.0 款 1
124.774 125.185 62.0 徒 0
125.185 126.007 64.0 然 0
126.007 126.418 69.0 叹 0
126.418 126.828 66.0 - 0
126.828 127.65 66.0 息 1
127.688 128.099 59.0 只 0
128.099 128.51 61.0 怕 0
128.51 128.921 62.0 长 0
128.921 129.332 61.0 夜 0
129.332 129.743 62.0 雪 0
129.743 130.154 66.0 未 0
130.154 130.565 61.0 眠 1
131.022 131.433 61.0 太 0
131.433 131.844 54.0 阳 0
131.844 132.666 64.0 已 0
132.666 133.077 62.0 升 0
133.077 133.488 61.0 - 0
133.488 135.132 59.0 起 1
164.742 165.153 59.0 踏 0
165.153 165.564 54.0 雪 0
165.564 165.975 57.0 寻 0
165.975 166.386 59.0 梅 0
166.386 167.207 59.0 去 1
167.627 168.038 57.0 有 0
168.038 168.449 59.0 暗 0
168.449 168.86 62.0 香 0
168.86 169.271 61.0 依 0
169.271 169.682 57.0 - 0
169.682 170.504 59.0 稀 1
171.32 171.731 54.0 你 0
171.731 172.142 57.0 曾 0
172.142 172.553 59.0 说 0
172.553 172.964 62.0 过 0
172.964 173.375 61.0 似 0
173.786 174.197 57.0 我 0
174.197 174.608 52.0 美 0
174.608 176.252 54.0 丽 1
177.954 178.365 59.0 蓦 0
178.365 178.776 54.0 然 0
178.776 179.187 59.0 的 0
179.187 179.598 66.0 心 0
179.598 181.242 64.0 事 1
181.25 181.661 64.0 寂 0
181.661 182.072 62.0 寞 0
182.072 182.483 64.0 了 0
182.483 182.894 66.0 天 0
182.894 184.538 62.0 气 1
184.551 184.962 54.0 怎 0
184.962 185.373 57.0 能 0
185.373 185.784 59.0 忘 0
185.784 186.195 62.0 却 0
186.195 186.606 61.0 深 0
187.016 187.427 62.0 爱 0
187.427 188.249 59.0 的 0
188.249 189.482 59.0 你 1
190.155 190.566 62.0 这 0
190.566 190.977 64.0 一 0
190.977 191.799 66.0 场 0
191.799 192.21 66.0 水 0
192.21 192.621 69.0 墨 0
192.621 193.443 64.0 雪 1
193.851 194.262 62.0 纷 0
194.262 195.084 64.0 飞 0
195.084 195.495 64.0 冬 0
195.495 195.906 66.0 - 0
195.906 196.728 59.0 季 1
197.244 197.655 59.0 把 0
197.655 198.066 64.0 物 0
198.066 198.477 64.0 是 0
198.477 198.888 64.0 人 0
198.888 199.299 66.0 非 1
199.341 199.752 62.0 小 0
199.752 200.163 64.0 心 0
200.163 200.574 69.0 安 0
200.574 200.985 64.0 葬 0
200.985 202.629 66.0 起 1
203.276 203.687 66.0 最 0
203.687 204.098 69.0 痛 0
204.098 204.92 71.0 的 0
204.92 205.331 71.0 相 0
205.331 205.742 69.0 - 0
205.742 206.974 64.0 思 1
207.024 207.435 62.0 不 0
207.435 208.257 64.0 是 0
208.257 208.668 69.0 别 0
208.668 209.079 66.0 - 0
209.079 209.901 66.0 离 1
210.026 210.437 59.0 而 0
210.437 210.848 61.0 是 0
210.848 211.259 62.0 流 0
211.259 211.67 61.0 水 0
211.67 212.081 62.0 已 0
212.081 212.492 66.0 无 0
212.492 212.903 61.0 情 1
213.15 213.561 61.0 落 0
213.561 213.972 54.0 雪 0
213.972 214.794 64.0 还 0
214.794 215.205 62.0 有 0
215.205 215.616 61.0 - 0
215.616 216.438 59.0 意 1
216.443 216.854 62.0 画 0
216.854 217.264 64.0 一 0
217.264 218.086 66.0 幅 0
218.086 218.497 66.0 水 0
218.497 218.908 69.0 墨 0
218.908 219.73 64.0 雪 1
220.232 220.643 62.0 留 0
220.643 221.465 64.0 住 0
221.465 221.876 64.0 记 0
221.876 222.287 66.0 - 0
222.287 223.109 59.0 忆 1
223.423 223.834 59.0 那 0
223.834 224.245 64.0 未 0
224.245 224.656 64.0 了 0
224.656 225.067 64.0 情 0
225.067 225.341 64.0 意 1
225.63 226.041 62.0 早 0
226.041 226.452 64.0 融 0
226.452 226.863 69.0 入 0
226.863 227.273 64.0 呼 0
227.273 228.917 66.0 吸 1
229.747 230.158 66.0 不 0
230.158 230.569 69.0 忍 0
230.569 231.391 71.0 题 0
231.391 231.802 69.0 落 0
231.802 232.213 69.0 - 0
232.213 233.446 64.0 款 1
233.453 233.864 62.0 徒 0
233.864 234.686 64.0 然 0
234.686 235.097 69.0 叹 0
235.097 235.508 66.0 - 0
235.508 236.33 66.0 息 1
236.332 236.743 59.0 只 0
236.743 237.153 61.0 怕 0
237.153 237.564 62.0 长 0
237.564 237.975 61.0 夜 0
237.975 238.386 62.0 雪 0
238.386 238.797 66.0 未 0
238.797 239.208 61.0 眠 1
239.508 239.919 61.0 太 0
239.919 240.33 54.0 阳 0
240.33 241.152 64.0 已 0
241.152 241.563 62.0 升 0
241.563 241.974 61.0 - 0
241.974 243.618 59.0 起 1
244.37 244.801 59.0 只 0
244.801 245.231 61.0 怕 0
245.231 245.682 62.0 长 0
245.682 246.133 61.0 夜 0
246.133 246.727 62.0 雪 0
246.727 247.32 66.0 未 0
247.32 247.731 61.0 眠 1
249.871 250.282 61.0 太 0
250.282 250.693 54.0 阳 0
250.693 252.337 64.0 已 0
253.362 253.813 62.0 升 0
253.813 254.121 61.0 - 0
254.121 255.421 59.0 起 0
255.421 257.569 59.0 - 1
