21.693 21.972 51.0 如 0
21.972 22.25 53.0 果 0
22.25 22.777 56.0 留 0
22.777 23.04 58.0 下 0
23.04 23.303 60.0 - 0
23.303 23.829 58.0 多 0
23.829 24.18 56.0 一 0
24.18 24.619 58.0 秒 0
24.619 25.408 60.0 钟 1
25.509 25.772 51.0 可 0
25.772 26.036 53.0 以 0
26.036 26.299 56.0 减 0
26.299 26.562 53.0 少 0
26.562 27.088 56.0 明 0
27.088 27.615 60.0 天 0
27.615 28.141 58.0 想 0
28.141 28.404 56.0 你 0
28.404 28.93 58.0 的 0
28.93 29.193 58.0 痛 0
29.193 29.72 60.0 - 1
29.742 30.005 58.0 我 0
30.005 30.531 60.0 - 0
30.531 30.794 58.0 会 0
30.794 31.321 58.0 愿 0
31.321 31.847 56.0 意 0
32.242 32.637 53.0 放 0
32.637 32.9 51.0 下 0
33.163 33.558 58.0 所 0
33.558 34.215 56.0 有 1
34.31 34.573 56.0 交 0
34.573 34.836 53.0 换 0
34.836 35.362 60.0 任 0
35.362 35.889 58.0 何 0
35.889 36.283 58.0 一 0
36.283 36.678 58.0 丝 0
36.678 36.941 56.0 丝 0
36.941 37.204 58.0 可 0
37.204 37.468 60.0 - 0
37.468 37.994 58.0 能 0
38.389 38.652 53.0 的 0
38.652 39.046 56.0 占 0
39.046 40.099 56.0 有 0
40.099 41.678 51.0 - 1
42.809 43.072 51.0 幸 0
43.072 43.335 53.0 福 0
43.335 43.861 56.0 只 0
43.861 44.124 58.0 剩 0
44.124 44.388 60.0 - 0
44.388 44.914 58.0 一 0
44.914 45.265 56.0 杯 0
45.265 45.703 58.0 沙 0
45.703 46.493 60.0 漏 1
46.572 46.835 51.0 眼 0
46.835 47.098 53.0 睁 0
47.098 47.361 56.0 睁 0
47.361 47.625 53.0 看 0
47.625 48.151 56.0 着 0
48.151 48.677 60.0 一 0
48.677 48.94 60.0 幕 0
48.94 49.203 56.0 - 0
49.203 49.467 56.0 幕 0
49.467 49.993 58.0 甜 0
49.993 50.651 60.0 蜜 1
50.744 51.008 60.0 不 0
51.008 51.271 61.0 会 0
51.271 51.797 63.0 - 0
51.797 52.06 60.0 再 0
52.06 53.376 56.0 有 0
53.376 53.639 56.0 原 0
53.639 53.902 53.0 本 0
53.902 54.165 63.0 平 0
54.165 54.429 63.0 凡 0
54.429 54.692 63.0 无 0
54.692 54.955 63.0 奇 0
54.955 55.481 61.0 的 0
55.481 55.744 58.0 拥 0
55.744 56.271 58.0 有 0
56.271 57.06 53.0 - 1
57.345 57.609 53.0 到 0
57.609 57.872 56.0 现 0
57.872 58.135 53.0 在 0
58.135 58.53 58.0 竟 0
58.53 58.924 58.0 像 0
58.924 59.187 58.0 是 0
59.187 59.582 58.0 无 0
59.582 60.24 60.0 助 0
60.24 60.766 58.0 的 0
60.766 61.293 53.0 奢 0
61.293 63.398 56.0 求 1
63.884 64.147 60.0 我 0
64.147 64.411 63.0 已 0
64.411 64.674 65.0 开 0
64.674 64.937 63.0 始 0
64.937 65.2 63.0 练 0
65.2 65.463 63.0 习 1
65.655 66.182 60.0 开 0
66.182 66.445 63.0 始 0
66.445 66.708 65.0 慢 0
66.708 66.971 63.0 慢 0
66.971 67.234 63.0 着 0
67.234 67.498 63.0 急 1
67.763 68.289 60.0 着 0
68.289 68.552 63.0 急 0
68.552 69.078 65.0 这 0
69.078 69.342 60.0 世 0
69.342 69.605 60.0 界 0
69.605 69.868 60.0 没 0
69.868 70.131 58.0 - 0
70.131 70.394 58.0 有 0
70.394 72.236 63.0 你 1
72.398 72.662 60.0 已 0
72.662 72.925 63.0 经 0
72.925 73.451 65.0 和 0
73.451 73.977 60.0 眼 0
73.977 74.504 60.0 泪 0
74.504 74.767 60.0 说 0
74.767 75.03 65.0 好 0
75.03 75.293 63.0 不 0
75.293 75.556 58.0 哭 0
75.556 75.819 60.0 - 0
75.819 76.346 58.0 泣 0
76.346 77.135 56.0 - 1
77.212 77.476 58.0 但 0
77.476 77.739 58.0 倒 0
77.739 78.002 58.0 数 0
78.002 78.265 58.0 计 0
78.265 78.528 56.0 时 0
78.528 78.791 53.0 的 0
78.791 79.318 65.0 爱 0
79.318 79.581 63.0 该 0
79.581 79.844 63.0 怎 0
79.844 80.107 65.0 么 0
80.107 80.37 60.0 继 0
80.37 80.897 58.0 续 1
81.049 81.312 63.0 我 0
81.312 81.575 65.0 天 0
81.575 81.838 63.0 天 0
81.838 82.101 63.0 练 0
82.101 82.364 63.0 习 1
82.5 83.026 60.0 天 0
83.026 83.289 63.0 天 0
83.289 83.552 63.0 都 0
83.552 83.815 63.0 会 0
83.815 84.078 63.0 熟 0
84.078 84.342 63.0 悉 1
84.716 85.242 60.0 在 0
85.242 85.505 63.0 没 0
85.505 86.032 65.0 有 0
86.032 86.295 60.0 你 0
86.295 86.558 60.0 的 0
86.558 86.821 60.0 城 0
86.821 87.084 58.0 - 0
87.084 87.347 58.0 市 0
87.347 89.189 63.0 里 1
89.205 89.469 60.0 试 0
89.469 89.732 63.0 着 0
89.732 90.258 65.0 删 0
90.258 90.784 60.0 除 0
90.784 91.311 60.0 每 0
91.311 91.574 60.0 个 0
91.574 91.837 65.0 两 0
91.837 92.1 63.0 人 0
92.1 92.627 60.0 世 0
92.627 93.153 58.0 界 0
93.153 93.942 56.0 里 1
94.133 94.265 58.0 那 0
94.265 94.397 58.0 些 0
94.397 94.66 58.0 曾 0
94.66 94.923 58.0 经 0
94.923 95.186 58.0 共 0
95.186 95.449 56.0 同 0
95.449 95.712 53.0 拥 0
95.712 96.239 65.0 有 0
96.239 96.502 63.0 的 1
96.589 96.852 63.0 一 0
96.852 97.115 63.0 切 0
97.115 97.378 63.0 美 0
97.378 97.905 63.0 好 0
97.907 98.168 65.0 和 0
98.168 98.694 60.0 回 0
98.694 98.957 58.0 - 0
98.957 100.799 56.0 忆 1
108.062 108.325 51.0 幸 0
108.325 108.588 53.0 福 0
108.588 109.114 56.0 只 0
109.114 109.378 58.0 剩 0
109.378 109.641 60.0 - 0
109.641 110.167 58.0 一 0
110.167 110.518 56.0 杯 0
110.518 110.957 58.0 沙 0
110.957 111.746 60.0 漏 1
111.815 112.078 51.0 眼 0
112.078 112.341 53.0 睁 0
112.341 112.605 56.0 睁 0
112.605 112.868 53.0 看 0
112.868 113.394 56.0 着 0
113.394 113.92 60.0 一 0
113.92 114.183 60.0 幕 0
114.183 114.447 56.0 - 0
114.447 114.71 56.0 幕 0
114.71 115.236 58.0 甜 0
115.236 115.894 60.0 蜜 1
115.955 116.218 60.0 不 0
116.218 116.481 61.0 会 0
116.481 117.007 63.0 - 0
117.007 117.27 60.0 再 0
117.27 118.586 56.0 有 0
118.586 118.849 56.0 原 0
118.849 119.112 53.0 来 0
119.112 119.376 63.0 平 0
119.376 119.639 63.0 凡 0
119.639 119.902 63.0 无 0
119.902 120.165 63.0 奇 0
120.165 120.691 61.0 的 0
120.691 120.955 58.0 拥 0
120.955 121.481 58.0 有 0
121.481 122.27 53.0 - 1
122.606 122.869 53.0 到 0
122.869 123.132 56.0 现 0
123.132 123.395 53.0 在 0
123.395 123.79 58.0 竟 0
123.79 124.184 58.0 像 0
124.184 124.448 58.0 是 0
124.448 124.842 58.0 无 0
124.842 125.5 60.0 助 0
125.5 126.027 58.0 的 0
126.027 126.553 53.0 奢 0
126.553 128.658 56.0 求 1
129.119 129.383 60.0 我 0
129.383 129.646 63.0 已 0
129.646 129.909 65.0 开 0
129.909 130.172 63.0 始 0
130.172 130.435 63.0 练 0
130.435 130.698 63.0 习 1
130.998 131.524 60.0 开 0
131.524 131.787 63.0 始 0
131.787 132.05 63.0 慢 0
132.05 132.313 63.0 慢 0
132.313 132.577 63.0 着 0
132.577 132.84 63.0 急 1
133.081 133.476 60.0 着 0
133.476 133.87 63.0 急 0
133.87 134.397 65.0 这 0
134.397 134.66 60.0 世 0
134.66 134.923 60.0 界 0
134.923 135.449 60.0 没 0
135.712 135.976 58.0 有 0
135.976 137.555 63.0 你 1
137.573 137.836 60.0 已 0
137.836 138.099 63.0 经 0
138.099 138.625 65.0 和 0
138.625 139.151 60.0 眼 0
139.151 139.678 60.0 泪 0
139.678 139.941 60.0 说 0
139.941 140.204 65.0 好 0
140.204 140.467 63.0 不 0
140.467 140.73 58.0 哭 0
140.73 140.994 60.0 - 0
140.994 141.52 58.0 泣 0
141.52 142.309 56.0 - 1
142.531 142.794 58.0 但 0
142.794 143.057 58.0 倒 0
143.057 143.32 58.0 数 0
143.32 143.583 58.0 计 0
143.583 143.846 56.0 时 0
143.846 144.109 53.0 的 0
144.109 144.636 65.0 爱 0
144.636 144.899 63.0 该 0
144.899 145.162 63.0 怎 0
145.162 145.425 65.0 么 0
145.425 145.688 60.0 继 0
145.688 146.215 58.0 续 1
146.262 146.525 63.0 我 0
146.525 146.788 65.0 天 0
146.788 147.051 63.0 天 0
147.051 147.314 63.0 练 0
147.314 147.578 63.0 习 1
147.924 148.45 60.0 天 0
148.45 148.713 63.0 天 0
148.713 148.976 63.0 都 0
148.976 149.239 63.0 会 0
149.239 149.503 63.0 熟 0
149.503 149.766 63.0 悉 1
149.879 150.405 60.0 在 0
150.405 150.668 63.0 没 0
150.668 151.195 65.0 有 0
151.195 151.458 60.0 你 0
151.458 151.721 60.0 的 0
151.721 151.984 60.0 城 0
151.984 152.247 58.0 - 0
152.247 152.511 58.0 市 0
152.511 154.353 63.0 里 1
154.419 154.682 60.0 试 0
154.682 154.945 63.0 着 0
154.945 155.471 65.0 删 0
155.471 155.998 60.0 除 0
155.998 156.524 60.0 每 0
156.524 156.787 60.0 个 0
156.787 157.05 63.0 两 0
157.05 157.313 63.0 人 0
157.313 157.84 60.0 世 0
157.84 158.366 58.0 界 0
158.366 159.155 56.0 里 1
159.331 159.462 58.0 那 0
159.462 159.594 58.0 些 0
159.594 159.857 58.0 曾 0
159.857 160.12 58.0 经 0
160.12 160.383 58.0 共 0
160.383 160.646 56.0 同 0
160.646 160.91 53.0 拥 0
160.91 161.436 65.0 有 0
161.436 161.699 63.0 的 1
161.821 162.084 63.0 一 0
162.084 162.347 63.0 切 0
162.347 162.611 63.0 美 0
162.611 163.137 63.0 好 0
163.137 163.4 65.0 和 0
163.4 163.926 60.0 回 0
163.926 164.189 58.0 - 0
164.189 166.032 56.0 忆 1
168.007 168.27 53.0 爱 0
168.27 168.533 60.0 是 0
168.533 168.796 60.0 一 0
168.796 169.059 60.0 万 0
169.059 169.323 58.0 公 0
169.323 169.586 56.0 顷 0
169.586 169.849 58.0 的 0
169.849 170.375 63.0 森 0
170.375 171.691 63.0 林 1
172.254 172.518 61.0 迷 0
172.518 172.781 60.0 了 0
172.781 173.044 61.0 路 0
173.044 173.307 60.0 的 0
173.307 173.57 56.0 却 0
173.57 173.833 53.0 是 0
173.833 174.096 58.0 我 0
174.096 174.36 58.0 和 0
174.36 174.623 60.0 - 0
174.623 175.412 60.0 你 0
175.412 176.202 56.0 - 1
176.524 176.787 53.0 不 0
176.787 177.05 60.0 是 0
177.05 177.313 60.0 说 0
177.313 177.577 60.0 好 0
177.577 177.84 58.0 一 0
177.84 178.103 56.0 起 0
178.103 178.366 58.0 闯 0
178.366 178.892 63.0 出 0
178.892 179.682 63.0 去 1
179.742 180.005 58.0 怎 0
180.005 180.268 60.0 能 0
180.268 180.531 61.0 剩 0
180.531 180.794 60.0 我 0
180.794 181.058 61.0 一 0
181.058 181.321 61.0 人 0
181.584 182.11 65.0 回 0
182.11 182.373 63.0 - 0
182.373 183.426 63.0 去 0
183.689 184.216 65.0 回 0
184.216 184.479 63.0 - 0
184.479 185.531 63.0 去 1
186.03 186.293 60.0 我 0
186.293 186.556 63.0 已 0
186.556 186.819 63.0 开 0
186.819 187.082 63.0 始 0
187.082 187.345 63.0 练 0
187.345 187.609 63.0 习 1
187.741 188.267 60.0 开 0
188.267 188.53 63.0 始 0
188.53 188.793 63.0 慢 0
188.793 189.057 63.0 慢 0
189.057 189.32 63.0 着 0
189.32 189.583 63.0 急 1
189.851 190.246 60.0 着 0
190.246 190.64 63.0 急 0
190.64 190.904 65.0 这 0
191.167 191.43 60.0 世 0
191.43 191.693 60.0 界 0
191.693 192.219 60.0 没 0
192.483 192.746 58.0 有 0
192.746 194.325 63.0 你 1
194.36 194.623 60.0 已 0
194.623 194.886 63.0 经 0
194.886 195.412 65.0 和 0
195.412 195.939 60.0 眼 0
195.939 196.465 60.0 泪 0
196.465 196.728 60.0 说 0
196.728 196.991 65.0 好 0
196.991 197.254 63.0 不 0
197.254 197.518 58.0 哭 0
197.518 197.781 60.0 - 0
197.781 198.307 58.0 泣 0
198.307 199.097 56.0 - 1
199.402 199.665 58.0 但 0
199.665 199.928 58.0 倒 0
199.928 200.191 58.0 数 0
200.191 200.454 58.0 计 0
200.454 200.717 56.0 时 0
200.717 200.981 53.0 的 0
200.981 201.507 65.0 爱 0
201.507 201.77 63.0 该 0
201.77 202.033 63.0 怎 0
202.033 202.296 65.0 么 0
202.296 202.56 60.0 继 0
202.56 203.086 58.0 续 1
203.093 203.356 63.0 我 0
203.356 203.619 63.0 天 0
203.619 203.882 63.0 天 0
203.882 204.146 63.0 练 0
204.146 204.409 63.0 习 1
204.651 205.177 60.0 天 0
205.177 205.44 63.0 天 0
205.44 205.703 63.0 都 0
205.703 205.967 63.0 会 0
205.967 206.23 63.0 熟 0
206.23 206.493 63.0 悉 1
206.753 207.279 60.0 在 0
207.279 207.543 63.0 没 0
207.543 208.069 65.0 有 0
208.069 208.332 60.0 你 0
208.332 208.595 60.0 的 0
208.595 208.858 60.0 城 0
208.858 209.122 58.0 - 0
209.122 209.385 58.0 市 0
209.385 211.227 63.0 里 1
211.238 211.501 60.0 试 0
211.501 211.764 63.0 着 0
211.764 212.29 65.0 删 0
212.29 212.817 60.0 除 0
212.817 213.343 60.0 每 0
213.343 213.606 60.0 个 0
213.606 213.869 63.0 两 0
213.869 214.133 63.0 人 0
214.133 214.659 60.0 世 0
214.659 215.185 58.0 界 0
215.185 215.975 56.0 里 1
216.204 216.335 58.0 那 0
216.335 216.467 58.0 些 0
216.467 216.73 58.0 曾 0
216.73 216.993 58.0 经 0
216.993 217.256 58.0 共 0
217.256 217.52 56.0 同 0
217.52 217.783 53.0 拥 0
217.783 218.309 65.0 有 0
218.309 218.572 63.0 的 1
218.586 218.849 63.0 一 0
218.849 219.113 63.0 切 0
219.113 219.376 63.0 美 0
219.376 219.902 63.0 好 0
219.902 220.165 65.0 和 0
220.165 220.691 60.0 回 0
220.691 221.218 58.0 - 0
221.218 223.323 56.0 忆 1
