35.302 35.781 58.0 整 0
35.781 36.26 63.0 个 0
36.26 36.5 63.0 我 0
36.5 36.74 61.0 的 0
36.74 37.219 63.0 人 1
37.374 37.848 58.0 整 0
37.848 38.323 65.0 颗 0
38.323 38.56 65.0 我 0
38.56 38.797 63.0 的 0
38.797 39.271 65.0 心 1
39.3 39.79 66.0 交 0
39.79 40.28 66.0 给 0
40.28 40.525 66.0 你 0
40.525 40.77 65.0 的 0
40.77 41.26 63.0 时 0
41.26 42.241 61.0 候 1
43.098 43.584 58.0 有 0
43.584 44.07 63.0 白 0
44.07 44.313 63.0 色 0
44.313 44.557 61.0 的 0
44.557 45.043 63.0 梦 1
45.092 45.578 58.0 有 0
45.578 46.065 65.0 红 0
46.065 46.308 65.0 色 0
46.308 46.551 63.0 的 0
46.551 46.794 65.0 情 1
46.983 47.465 66.0 单 0
47.465 47.947 66.0 纯 0
47.947 48.187 66.0 而 0
48.187 48.428 65.0 又 0
48.428 48.91 66.0 执 0
48.91 49.873 68.0 着 1
50.802 51.276 68.0 轻 0
51.276 51.75 68.0 轻 0
51.75 51.987 68.0 挑 0
51.987 52.224 66.0 着 0
52.224 52.461 68.0 我 0
52.461 52.698 70.0 的 0
52.698 53.417 68.0 黑 0
53.417 53.658 63.0 - 0
53.658 54.139 63.0 发 1
54.626 55.12 68.0 你 0
55.12 55.613 70.0 是 0
55.613 55.86 63.0 这 0
55.86 56.107 61.0 样 0
56.107 56.601 63.0 温 0
56.601 58.034 58.0 柔 1
58.666 59.15 56.0 给 0
59.15 60.603 63.0 我 0
60.603 61.106 61.0 最 0
61.106 62.113 65.0 深 0
62.113 62.364 63.0 情 0
62.364 62.616 61.0 的 0
62.616 64.508 63.0 吻 1
66.438 66.921 58.0 春 0
66.921 67.405 63.0 天 0
67.405 67.647 63.0 来 0
67.647 67.888 61.0 的 0
67.888 68.372 63.0 风 1
68.384 68.87 58.0 春 0
68.87 69.357 65.0 天 0
69.357 69.6 65.0 开 0
69.6 69.844 63.0 的 0
69.844 70.33 65.0 花 1
70.331 70.813 66.0 秋 0
70.813 71.295 66.0 天 0
71.295 71.536 66.0 悄 0
71.536 71.777 65.0 悄 0
71.777 72.259 63.0 飞 0
72.259 73.236 61.0 落 1
74.131 74.613 58.0 像 0
74.613 75.095 63.0 从 0
75.095 75.336 63.0 前 0
75.336 75.577 61.0 的 0
75.577 76.059 63.0 你 1
76.116 76.601 58.0 和 0
76.601 77.086 65.0 现 0
77.086 77.328 65.0 在 0
77.328 77.571 63.0 的 0
77.571 77.813 65.0 你 1
77.948 78.427 66.0 转 0
78.427 78.905 66.0 变 0
78.905 79.144 66.0 后 0
79.144 79.384 65.0 的 0
79.384 79.862 66.0 冷 0
79.862 81.33 68.0 漠 1
81.816 82.299 68.0 明 0
82.299 82.782 68.0 明 0
82.782 83.023 68.0 该 0
83.023 83.265 66.0 有 0
83.265 83.506 68.0 一 0
83.506 83.748 70.0 个 0
83.748 84.718 68.0 结 0
84.718 85.445 63.0 果 1
85.797 86.28 68.0 偏 0
86.28 86.763 70.0 偏 0
86.763 87.004 63.0 留 0
87.004 87.246 61.0 下 0
87.246 87.729 63.0 伤 0
87.729 89.184 58.0 口 1
89.535 90.02 56.0 给 0
90.02 91.474 63.0 我 0
91.474 91.958 61.0 最 0
91.958 92.928 65.0 伤 0
92.928 93.17 63.0 痛 0
93.17 93.412 61.0 的 0
93.412 95.812 63.0 泪 1
97.389 98.825 66.0 吻 0
98.825 99.303 68.0 和 0
99.303 100.739 70.0 泪 0
101.218 101.688 71.0 爱 0
101.688 102.159 70.0 情 0
102.159 102.63 68.0 的 0
102.63 103.102 71.0 滋 0
103.102 104.528 70.0 味 1
105.039 105.517 66.0 总 0
105.517 105.995 63.0 是 0
105.995 106.473 63.0 这 0
106.473 106.712 66.0 样 0
106.712 107.429 68.0 叫 0
107.429 107.907 68.0 我 0
107.907 108.385 68.0 跟 0
108.385 108.863 61.0 你 0
108.863 110.29 66.0 飞 0
110.29 110.766 68.0 呀 0
110.766 112.191 70.0 飞 1
112.619 114.051 66.0 吻 0
114.051 114.529 68.0 和 0
114.529 115.962 70.0 泪 0
116.439 116.914 71.0 甜 0
116.914 117.389 70.0 蜜 0
117.389 117.864 68.0 和 0
117.864 118.339 71.0 心 0
118.339 119.787 70.0 碎 1
120.234 120.707 66.0 熊 0
120.707 121.18 63.0 熊 0
121.18 121.653 63.0 火 0
121.653 121.89 66.0 中 0
121.89 122.605 68.0 我 0
122.605 123.083 68.0 是 0
123.083 123.562 68.0 一 0
123.562 124.04 61.0 只 0
124.04 125.465 66.0 飞 0
125.465 126.178 68.0 蛾 1
126.465 126.94 61.0 永 0
126.94 127.415 65.0 远 0
127.415 127.653 63.0 不 0
127.653 127.89 61.0 后 0
127.89 130.761 63.0 悔 1
158.281 158.759 58.0 整 0
158.759 159.237 63.0 个 0
159.237 159.476 63.0 我 0
159.476 159.715 61.0 的 0
159.715 160.192 63.0 人 1
160.256 160.744 58.0 整 0
160.744 161.231 65.0 颗 0
161.231 161.475 65.0 我 0
161.475 161.719 63.0 的 0
161.719 162.206 65.0 心 1
162.264 162.745 66.0 交 0
162.745 163.225 66.0 给 0
163.225 163.465 66.0 你 0
163.465 163.705 65.0 的 0
163.705 164.186 63.0 时 0
164.186 165.162 61.0 候 1
166.037 166.519 58.0 有 0
166.519 167.0 63.0 白 0
167.0 167.241 63.0 色 0
167.241 167.482 61.0 的 0
167.482 167.964 63.0 梦 1
168.041 168.53 58.0 有 0
168.53 169.018 65.0 红 0
169.018 169.262 65.0 色 0
169.262 169.506 63.0 的 0
169.506 169.75 65.0 情 1
169.915 170.395 66.0 单 0
170.395 170.876 66.0 纯 0
170.876 171.116 66.0 而 0
171.116 171.356 65.0 又 0
171.356 171.837 66.0 执 0
171.837 172.806 68.0 着 1
173.834 174.318 68.0 轻 0
174.318 174.802 68.0 轻 0
174.802 175.044 68.0 挑 0
175.044 175.286 66.0 着 0
175.286 175.528 68.0 我 0
175.528 175.77 70.0 的 0
175.77 176.437 68.0 黑 0
176.437 176.733 63.0 - 0
176.733 177.215 63.0 发 1
177.718 178.203 68.0 你 0
178.203 178.688 70.0 是 0
178.688 178.931 63.0 这 0
178.931 179.173 61.0 样 0
179.173 179.658 63.0 温 0
179.658 181.113 58.0 柔 1
181.521 182.006 56.0 给 0
182.006 183.461 63.0 我 0
183.461 183.942 61.0 最 0
183.942 184.902 65.0 深 0
184.902 185.143 63.0 情 0
185.143 185.383 61.0 的 0
185.383 187.33 63.0 吻 1
189.317 189.798 58.0 春 0
189.798 190.278 63.0 天 0
190.278 190.518 63.0 来 0
190.518 190.758 61.0 的 0
190.758 191.239 63.0 风 1
191.324 191.812 58.0 春 0
191.812 192.3 65.0 天 0
192.3 192.544 65.0 开 0
192.544 192.788 63.0 的 0
192.788 193.276 65.0 花 1
193.331 193.806 66.0 秋 0
193.806 194.281 66.0 天 0
194.281 194.518 66.0 悄 0
194.518 194.755 65.0 悄 0
194.755 195.23 63.0 飞 0
195.23 196.199 61.0 落 1
197.041 197.521 58.0 像 0
197.521 198.001 63.0 从 0
198.001 198.242 63.0 前 0
198.242 198.482 61.0 的 0
198.482 198.962 63.0 你 1
199.065 199.558 58.0 和 0
199.558 200.051 65.0 现 0
200.051 200.297 65.0 在 0
200.297 200.544 63.0 的 0
200.544 200.79 65.0 你 1
200.878 201.358 66.0 转 0
201.358 201.838 66.0 变 0
201.838 202.079 66.0 后 0
202.079 202.319 65.0 的 0
202.319 202.799 66.0 冷 0
202.799 204.262 68.0 漠 1
204.787 205.271 68.0 明 0
205.271 205.755 68.0 明 0
205.755 205.997 68.0 该 0
205.997 206.239 66.0 有 0
206.239 206.481 68.0 一 0
206.481 206.723 70.0 个 0
206.723 207.443 68.0 结 0
207.443 207.688 63.0 - 0
207.688 208.171 63.0 果 1
208.757 209.237 68.0 偏 0
209.237 209.717 70.0 偏 0
209.717 209.958 63.0 留 0
209.958 210.198 61.0 下 0
210.198 210.678 63.0 伤 0
210.678 212.148 58.0 口 1
212.624 213.106 56.0 给 0
213.106 214.553 63.0 我 0
214.553 215.039 61.0 最 0
215.039 216.01 65.0 伤 0
216.01 216.253 63.0 痛 0
216.253 216.495 61.0 的 0
216.495 218.439 63.0 泪 1
220.336 221.749 66.0 吻 0
221.749 222.219 68.0 和 0
222.219 223.647 70.0 泪 0
224.123 224.6 71.0 爱 0
224.6 225.077 70.0 情 0
225.077 225.554 68.0 的 0
225.554 226.031 71.0 滋 0
226.031 227.463 70.0 味 1
227.936 228.417 66.0 总 0
228.417 228.899 63.0 是 0
228.899 229.38 63.0 这 0
229.38 229.621 66.0 样 0
229.621 230.331 68.0 叫 0
230.331 230.801 68.0 我 0
230.801 231.27 68.0 跟 0
231.27 231.74 61.0 你 0
231.74 233.185 66.0 飞 0
233.185 233.667 68.0 呀 0
233.667 235.089 70.0 飞 1
235.691 237.104 66.0 吻 0
237.104 237.575 68.0 和 0
237.575 239.015 70.0 泪 0
239.495 239.975 71.0 甜 0
239.975 240.455 70.0 蜜 0
240.455 240.935 68.0 和 0
240.935 241.415 71.0 心 0
241.415 242.831 70.0 碎 1
243.143 243.616 66.0 熊 0
243.616 244.089 63.0 熊 0
244.089 244.562 63.0 火 0
244.562 244.798 66.0 中 0
244.798 245.515 68.0 我 0
245.515 245.995 68.0 是 0
245.995 246.475 68.0 一 0
246.475 246.955 61.0 只 0
246.955 248.385 66.0 飞 0
248.385 249.103 68.0 蛾 1
249.433 249.917 61.0 永 0
249.917 250.4 65.0 远 0
250.4 250.642 63.0 不 0
250.642 250.883 61.0 后 0
250.883 253.253 63.0 悔 1
254.581 255.989 66.0 吻 0
255.989 256.459 68.0 和 0
256.459 257.892 70.0 泪 0
258.37 258.842 71.0 爱 0
258.842 259.315 70.0 情 0
259.315 259.788 68.0 的 0
259.788 260.261 71.0 滋 0
260.261 261.7 70.0 味 1
262.33 262.803 66.0 总 0
262.803 263.276 63.0 是 0
263.276 263.75 63.0 这 0
263.75 263.986 66.0 样 0
263.986 264.704 68.0 叫 0
264.704 265.186 68.0 我 0
265.186 265.667 68.0 跟 0
265.667 266.149 61.0 你 0
266.149 267.557 66.0 飞 0
267.557 268.026 66.0 呀 0
268.026 269.502 70.0 飞 1
270.0 271.397 66.0 吻 0
271.397 271.862 68.0 和 0
271.862 273.303 70.0 泪 0
273.783 274.261 71.0 甜 0
274.261 274.739 70.0 蜜 0
274.739 275.217 68.0 和 0
275.217 275.696 71.0 心 0
275.696 277.111 70.0 碎 1
277.578 278.058 66.0 熊 0
278.058 278.538 63.0 熊 0
278.538 279.018 63.0 火 0
279.018 279.258 66.0 中 0
279.258 279.979 68.0 我 0
279.979 280.459 68.0 是 0
280.459 280.939 68.0 一 0
280.939 281.419 61.0 只 0
281.419 281.506 64.0 飞 0
281.506 282.81 66.0 蛾 0
282.814 283.537 68.0 - 1
284.051 284.912 61.0 永 0
284.912 286.084 65.0 远 0
286.973 287.962 63.0 不 0
287.983 288.849 61.0 后 0
288.849 291.72 63.0 悔 1
