26.025 26.41 59.0 某 0
26.41 26.603 59.0 年 0
26.603 26.795 57.0 某 0
26.795 27.95 59.0 月 0
27.95 28.336 57.0 的 0
28.336 28.721 59.0 某 0
28.721 29.106 62.0 一 0
29.106 31.031 64.0 天 1
32.121 32.506 60.0 就 0
32.506 32.698 60.0 象 0
32.698 32.89 60.0 一 0
32.89 34.043 60.0 张 0
34.043 34.427 60.0 破 0
34.427 34.812 62.0 碎 0
34.812 35.196 64.0 的 0
35.196 36.734 57.0 脸 1
37.459 37.844 59.0 难 0
37.844 38.228 60.0 以 0
38.228 39.383 62.0 开 0
39.383 39.768 62.0 口 0
39.768 40.923 59.0 道 0
40.923 41.689 57.0 再 0
41.689 42.83 55.0 见 1
43.945 44.325 55.0 就 0
44.325 45.458 64.0 让 0
45.458 45.836 64.0 一 0
45.836 46.591 64.0 切 0
46.591 46.969 60.0 走 0
46.969 47.347 64.0 - 0
47.347 49.279 62.0 远 1
50.623 51.007 59.0 这 0
51.007 51.199 59.0 不 0
51.199 51.391 57.0 是 0
51.391 52.542 59.0 件 0
52.542 52.926 57.0 容 0
52.926 53.31 59.0 易 0
53.31 53.694 62.0 的 0
53.694 55.593 64.0 事 1
56.687 57.065 60.0 我 0
57.065 57.255 60.0 们 0
57.255 57.444 59.0 却 0
57.444 58.578 60.0 都 0
58.578 58.957 60.0 没 0
58.957 59.335 62.0 有 0
59.335 59.713 64.0 哭 0
59.713 61.586 57.0 泣 1
61.878 62.253 59.0 让 0
62.253 62.627 60.0 - 0
62.627 64.135 62.0 它 0
64.135 64.701 59.0 淡 0
64.701 65.266 57.0 淡 0
65.266 65.643 55.0 地 0
65.643 67.151 64.0 来 1
67.868 68.245 60.0 让 0
68.245 68.622 62.0 - 0
68.622 70.131 64.0 它 0
70.509 70.886 64.0 好 0
70.886 71.263 66.0 好 0
71.263 71.641 67.0 地 0
71.641 72.384 69.0 去 1
72.786 73.158 62.0 到 0
73.158 73.901 64.0 如 0
73.901 74.644 66.0 今 0
74.644 75.024 67.0 年 0
75.024 75.214 67.0 复 0
75.214 75.404 67.0 一 0
75.404 76.164 67.0 年 1
76.548 76.928 67.0 我 0
76.928 77.308 67.0 不 0
77.308 77.688 66.0 能 0
77.688 78.064 64.0 停 0
78.064 78.252 66.0 止 0
78.252 78.816 64.0 怀 0
78.816 79.568 64.0 念 1
79.998 80.374 62.0 怀 0
80.374 80.75 62.0 念 0
80.75 81.883 64.0 你 0
82.639 83.016 64.0 怀 0
83.016 83.394 66.0 念 0
83.394 83.772 67.0 从 0
83.772 84.516 66.0 前 1
84.931 85.303 62.0 但 0
85.303 86.048 64.0 愿 0
86.048 86.792 66.0 那 0
86.792 87.168 67.0 海 0
87.168 87.544 67.0 风 0
87.544 87.921 66.0 再 0
87.921 88.297 67.0 起 1
88.65 89.026 67.0 只 0
89.026 89.402 67.0 为 0
89.402 89.779 66.0 那 0
89.779 90.157 64.0 浪 0
90.157 90.535 66.0 花 0
90.535 90.912 64.0 的 0
90.912 92.046 64.0 手 1
92.388 92.766 62.0 恰 0
92.766 93.521 64.0 似 0
93.898 94.276 64.0 你 0
94.276 95.031 62.0 的 0
95.031 95.408 64.0 温 0
95.408 95.785 67.0 - 0
95.785 99.195 67.0 柔 1
119.979 120.363 59.0 某 0
120.363 120.555 59.0 年 0
120.555 120.746 57.0 某 0
120.746 121.897 59.0 月 0
121.897 122.281 57.0 的 0
122.281 122.664 59.0 某 0
122.664 123.048 62.0 一 0
123.048 124.964 64.0 天 1
126.135 126.516 60.0 就 0
126.516 126.707 60.0 象 0
126.707 126.897 60.0 一 0
126.897 128.041 60.0 张 0
128.041 128.422 60.0 破 0
128.422 128.803 62.0 碎 0
128.803 129.185 64.0 的 0
129.185 130.702 57.0 脸 1
131.478 131.857 59.0 难 0
131.857 132.236 60.0 以 0
132.236 133.367 62.0 开 0
133.367 133.744 62.0 口 0
133.744 134.874 59.0 道 0
134.874 135.631 57.0 再 0
135.631 136.772 55.0 见 1
137.917 138.298 55.0 就 0
138.298 139.436 64.0 让 0
139.436 139.816 64.0 一 0
139.816 140.575 64.0 切 0
140.575 140.955 60.0 走 0
140.955 141.334 64.0 - 0
141.334 143.616 62.0 远 1
144.41 144.782 59.0 这 0
144.782 144.968 59.0 不 0
144.968 145.154 57.0 是 0
145.154 146.269 59.0 件 0
146.269 146.641 57.0 容 0
146.641 147.013 59.0 易 0
147.013 147.385 62.0 的 0
147.385 149.648 64.0 事 1
150.352 150.724 60.0 我 0
150.724 150.91 60.0 们 0
150.91 151.096 59.0 却 0
151.096 152.211 60.0 都 0
152.211 152.583 60.0 没 0
152.583 152.954 62.0 有 0
152.954 153.326 64.0 哭 0
153.326 155.209 57.0 泣 1
155.535 155.912 59.0 让 0
155.912 156.288 60.0 - 0
156.288 157.775 62.0 它 0
157.775 158.333 59.0 淡 0
158.333 158.89 57.0 淡 0
158.89 159.262 55.0 地 0
159.262 161.114 64.0 来 1
161.503 161.873 60.0 让 0
161.873 162.244 62.0 - 0
162.244 163.723 64.0 它 0
164.093 164.463 64.0 好 0
164.463 164.833 66.0 好 0
164.833 165.203 67.0 地 0
165.203 165.944 69.0 去 1
166.266 166.636 62.0 到 0
166.636 167.378 64.0 如 0
167.378 168.119 66.0 今 0
168.119 168.491 67.0 年 0
168.491 168.677 67.0 复 0
168.677 168.862 67.0 一 0
168.862 169.606 67.0 年 1
170.119 170.49 67.0 我 0
170.49 170.862 67.0 不 0
170.862 171.234 66.0 能 0
171.234 171.609 64.0 停 0
171.609 171.796 66.0 止 0
171.796 172.358 64.0 怀 0
172.358 173.108 64.0 念 1
173.436 173.811 62.0 怀 0
173.811 174.186 62.0 念 0
174.186 175.664 64.0 你 0
176.034 176.404 64.0 怀 0
176.404 176.773 66.0 念 0
176.773 177.143 67.0 从 0
177.143 178.078 66.0 前 1
178.365 178.739 62.0 但 0
178.739 179.488 64.0 愿 0
179.488 180.236 66.0 那 0
180.236 180.608 67.0 海 0
180.608 180.98 67.0 风 0
180.98 181.352 66.0 再 0
181.352 181.911 67.0 起 1
181.958 182.33 67.0 只 0
182.33 182.702 67.0 为 0
182.702 183.074 66.0 那 0
183.074 183.452 64.0 浪 0
183.452 183.83 66.0 花 0
183.83 184.208 64.0 的 0
184.208 185.153 64.0 手 1
185.695 186.073 62.0 恰 0
186.073 186.824 64.0 似 0
187.2 187.575 64.0 你 0
187.575 188.326 62.0 的 0
188.326 188.701 64.0 温 0
188.701 189.077 67.0 - 0
189.077 192.822 67.0 柔 1
202.215 202.583 62.0 到 0
202.583 203.317 64.0 如 0
203.317 204.051 66.0 今 0
204.051 204.428 67.0 年 0
204.428 204.616 67.0 复 0
204.616 204.805 67.0 一 0
204.805 205.558 67.0 年 1
206.096 206.473 67.0 我 0
206.473 206.85 67.0 不 0
206.85 207.227 66.0 能 0
207.227 207.604 64.0 停 0
207.604 207.792 66.0 止 0
207.792 208.357 64.0 怀 0
208.357 209.111 64.0 念 1
209.452 209.829 62.0 怀 0
209.829 210.206 62.0 念 0
210.206 211.331 64.0 你 0
212.081 212.456 64.0 怀 0
212.456 212.832 66.0 念 0
212.832 213.207 67.0 从 0
213.207 214.132 66.0 前 1
214.293 214.663 62.0 但 0
214.663 215.403 64.0 愿 0
215.403 216.144 66.0 那 0
216.144 216.519 67.0 海 0
216.519 216.894 67.0 风 0
216.894 217.269 66.0 再 0
217.269 217.831 67.0 起 1
217.963 218.338 67.0 只 0
218.338 218.713 67.0 为 0
218.713 219.088 66.0 那 0
219.088 219.46 64.0 浪 0
219.46 219.832 66.0 花 0
219.832 220.203 64.0 的 0
220.203 221.319 64.0 手 1
221.611 221.983 62.0 恰 0
221.983 222.747 64.0 似 0
223.129 223.511 64.0 你 0
223.511 224.276 62.0 的 0
224.276 224.658 64.0 温 0
224.658 225.04 67.0 - 0
225.04 228.825 67.0 柔 1
