14.117 15.119 58.0 这 0
15.119 15.453 60.0 是 0
15.453 15.787 62.0 心 0
15.787 16.455 65.0 - 0
16.455 16.79 62.0 的 0
16.79 17.124 60.0 呼 0
17.124 17.458 58.0 - 0
17.458 19.128 58.0 唤 1
19.506 20.425 62.0 这 0
20.508 20.842 65.0 是 0
20.842 21.177 67.0 爱 0
21.177 21.845 70.0 - 0
21.845 22.179 67.0 的 0
22.179 22.513 67.0 奉 0
22.513 22.847 65.0 - 0
22.847 24.118 65.0 献 1
24.752 25.755 67.0 这 0
25.755 26.089 70.0 是 0
26.089 27.006 72.0 人 0
27.091 27.425 70.0 间 0
27.425 27.759 72.0 的 0
27.759 28.093 70.0 春 0
28.093 29.429 67.0 风 1
29.501 29.752 65.0 这 0
29.752 30.17 67.0 是 0
30.17 30.504 65.0 生 0
30.504 31.172 65.0 命 0
31.172 31.506 62.0 的 0
31.506 32.007 62.0 源 0
32.007 32.508 60.0 - 0
32.508 32.842 62.0 - 0
32.842 34.513 60.0 泉 1
35.408 35.742 58.0 在 0
35.742 36.41 58.0 没 0
36.41 36.744 60.0 有 0
36.744 37.078 62.0 心 0
37.078 37.746 65.0 - 0
37.746 38.078 62.0 的 0
38.08 38.414 60.0 沙 0
38.414 38.749 58.0 - 0
38.749 40.206 58.0 漠 1
40.704 41.038 62.0 在 0
41.038 41.706 62.0 没 0
41.706 42.04 65.0 有 0
42.04 42.374 67.0 爱 0
42.374 42.708 70.0 - 0
42.708 43.043 67.0 - 0
43.043 43.377 67.0 的 0
43.377 43.711 65.0 荒 0
43.711 44.045 65.0 - 0
44.045 45.1 65.0 原 1
46.121 46.455 67.0 死 0
46.455 47.123 67.0 神 0
47.123 47.457 70.0 也 0
47.457 47.792 70.0 望 0
47.792 48.46 72.0 - 0
48.46 48.627 70.0 而 0
48.627 48.961 72.0 - 0
48.961 49.128 70.0 却 0
49.128 49.462 67.0 - 0
49.462 50.548 67.0 步 1
50.82 51.154 65.0 幸 0
51.154 51.488 67.0 福 0
51.488 51.822 65.0 之 0
51.822 52.407 65.0 花 0
52.491 52.825 62.0 - 0
52.826 53.326 58.0 处 0
53.326 53.493 58.0 处 0
53.493 53.824 60.0 开 0
53.827 54.161 62.0 - 0
54.161 54.495 58.0 - 0
54.495 56.5 58.0 遍 1
57.48 61.148 74.0 啊 0
61.481 61.815 70.0 只 0
61.815 62.148 72.0 要 0
62.148 62.565 74.0 人 0
62.648 63.148 69.0 人 0
63.148 63.481 69.0 都 0
63.481 63.731 67.0 献 0
63.731 64.148 69.0 出 0
64.148 64.481 67.0 一 0
64.481 64.815 65.0 点 0
64.815 65.315 67.0 爱 1
65.565 65.899 67.0 世 0
65.899 66.232 70.0 界 0
66.232 66.565 72.0 将 0
66.565 67.232 69.0 变 0
67.232 67.565 69.0 成 0
67.565 67.815 67.0 美 0
67.815 67.982 67.0 好 0
67.982 68.232 69.0 的 0
68.232 68.565 67.0 人 0
68.575 68.897 62.0 - 0
68.899 70.899 65.0 间 1
70.899 74.565 74.0 啊 0
74.899 75.149 70.0 只 0
75.232 75.565 72.0 要 0
75.565 75.982 74.0 人 0
76.065 76.565 69.0 人 0
76.565 76.899 69.0 都 0
76.899 77.149 67.0 献 0
77.149 77.565 69.0 出 0
77.565 77.899 67.0 一 0
77.899 78.232 65.0 点 0
78.232 78.732 67.0 爱 1
78.851 79.184 67.0 世 0
79.184 79.517 70.0 界 0
79.517 79.851 72.0 将 0
79.851 80.184 72.0 变 0
80.184 80.517 69.0 - 0
80.517 80.851 69.0 成 0
80.851 81.101 67.0 美 0
81.101 81.267 67.0 好 0
81.267 81.517 62.0 的 0
81.517 81.851 65.0 人 0
81.851 82.184 67.0 - 0
82.184 85.434 70.0 间 1
116.756 117.758 58.0 这 0
117.758 118.092 60.0 是 0
118.092 118.426 62.0 心 0
118.426 119.094 65.0 - 0
119.094 119.428 62.0 的 0
119.428 119.762 60.0 呼 0
119.762 120.096 58.0 - 0
120.096 121.767 58.0 唤 1
122.11 123.029 62.0 这 0
123.112 123.446 65.0 是 0
123.446 123.78 67.0 爱 0
123.78 124.448 70.0 - 0
124.448 124.783 67.0 的 0
124.783 125.117 67.0 奉 0
125.117 125.451 65.0 - 0
125.451 126.722 65.0 献 1
127.5 128.502 67.0 这 0
128.502 128.836 70.0 是 0
128.836 129.754 72.0 人 0
129.839 130.173 70.0 间 0
130.173 130.507 72.0 的 0
130.507 130.841 70.0 春 0
130.841 132.177 67.0 风 1
132.217 132.468 65.0 这 0
132.468 132.885 67.0 是 0
132.885 133.219 65.0 生 0
133.219 133.888 65.0 命 0
133.888 134.222 62.0 的 0
134.222 134.723 62.0 源 0
134.723 135.224 60.0 - 0
135.224 135.892 62.0 - 0
135.892 137.646 60.0 泉 1
138.313 138.647 58.0 在 0
138.647 139.315 58.0 没 0
139.315 139.649 60.0 有 0
139.649 139.983 62.0 心 0
139.983 140.651 65.0 - 0
140.651 140.982 62.0 的 0
140.985 141.319 60.0 沙 0
141.319 141.653 58.0 - 0
141.653 143.111 58.0 漠 1
143.65 143.984 62.0 在 0
143.984 144.652 62.0 没 0
144.652 144.986 65.0 有 0
144.986 145.32 67.0 爱 0
145.32 145.654 70.0 - 0
145.654 145.988 67.0 - 0
145.988 146.322 67.0 的 0
146.322 146.656 65.0 荒 0
146.656 146.99 65.0 - 0
146.99 148.046 65.0 原 1
148.841 149.175 67.0 死 0
149.175 149.843 67.0 神 0
149.843 150.177 70.0 也 0
150.177 150.511 70.0 望 0
150.511 151.179 72.0 - 0
151.179 151.514 70.0 而 0
151.514 151.848 70.0 却 0
151.848 153.267 67.0 步 1
153.515 153.849 65.0 幸 0
153.849 154.183 67.0 福 0
154.183 154.517 65.0 之 0
154.517 155.102 65.0 花 0
155.185 155.519 62.0 - 0
155.519 155.686 60.0 处 0
155.686 156.021 58.0 - 0
156.021 156.188 58.0 处 0
156.188 156.519 60.0 开 0
156.522 156.856 62.0 - 0
156.856 157.19 58.0 - 0
157.19 159.194 58.0 遍 1
160.262 163.936 74.0 啊 0
164.27 164.604 70.0 只 0
164.604 164.939 72.0 要 0
164.939 165.356 74.0 人 0
165.44 165.607 74.0 人 0
165.607 165.941 69.0 - 0
165.941 166.275 69.0 都 0
166.275 166.525 67.0 献 0
166.525 166.943 69.0 出 0
166.943 167.277 67.0 一 0
167.277 167.611 65.0 点 0
167.611 168.112 67.0 爱 1
168.199 168.533 67.0 世 0
168.533 168.867 70.0 界 0
168.867 169.202 72.0 将 0
169.202 169.536 72.0 变 0
169.536 169.87 69.0 - 0
169.87 170.204 69.0 成 0
170.204 170.454 67.0 美 0
170.454 170.621 67.0 好 0
170.621 170.872 69.0 的 0
170.872 171.206 67.0 人 0
171.206 171.529 62.0 - 0
171.54 173.545 65.0 间 1
173.627 177.301 74.0 啊 0
177.635 177.886 70.0 只 0
177.97 178.304 72.0 要 0
178.304 178.721 74.0 人 0
178.805 178.972 74.0 人 0
178.972 179.306 69.0 - 0
179.306 179.64 69.0 都 0
179.64 179.89 67.0 献 0
179.89 180.308 69.0 出 0
180.308 180.642 67.0 一 0
180.642 180.976 65.0 点 0
180.976 181.477 67.0 爱 1
181.727 182.061 67.0 世 0
182.061 182.395 70.0 界 0
182.395 182.73 72.0 将 0
182.813 183.064 72.0 变 0
183.064 183.398 69.0 - 0
183.398 183.732 69.0 成 0
183.732 183.982 67.0 美 0
183.982 184.149 67.0 好 0
184.149 184.4 62.0 的 0
184.4 184.734 65.0 人 0
184.734 185.068 67.0 - 0
185.068 188.325 70.0 间 1
188.329 191.997 74.0 啊 1
192.254 195.921 72.0 啊 1
196.329 199.996 74.0 啊 1
200.39 207.724 70.0 啊 1
