23.798 24.824 65.0 如 0
24.824 25.166 65.0 果 0
25.166 25.851 65.0 不 0
25.851 26.535 61.0 是 0
26.535 27.219 63.0 她 0
27.219 27.561 65.0 钱 0
27.561 28.245 63.0 多 1
28.466 28.808 65.0 你 0
28.808 29.15 63.0 会 0
29.15 29.835 61.0 不 0
29.835 30.177 61.0 会 0
30.177 31.203 61.0 来 0
31.203 31.887 53.0 娶 0
31.887 33.255 56.0 我 1
34.652 35.336 58.0 你 0
35.336 35.678 61.0 为 0
35.678 36.362 63.0 何 0
36.362 36.704 61.0 - 0
36.704 37.388 61.0 非 0
37.388 38.072 68.0 走 0
38.072 38.414 65.0 不 0
38.414 38.757 63.0 - 0
38.757 39.27 61.0 可 1
39.452 39.794 58.0 不 0
39.794 40.136 56.0 能 0
40.136 40.82 58.0 留 0
40.82 41.162 61.0 下 0
41.162 41.846 61.0 来 0
41.846 42.188 58.0 - 0
42.188 42.872 58.0 陪 0
42.872 44.241 63.0 我 1
45.612 46.296 65.0 你 0
46.296 46.638 65.0 对 0
46.638 47.322 65.0 我 0
47.664 48.349 70.0 是 0
48.349 49.033 68.0 真 0
49.033 49.375 70.0 心 0
49.375 50.059 63.0 的 1
50.372 50.714 65.0 抵 0
50.714 51.056 63.0 不 0
51.056 51.74 61.0 过 0
51.74 52.082 61.0 名 0
52.082 52.425 58.0 利 0
52.425 53.109 61.0 的 0
53.109 53.793 63.0 诱 0
53.793 55.503 65.0 惑 1
56.659 57.344 70.0 你 0
57.344 57.771 70.0 难 0
57.771 58.028 73.0 - 0
58.028 58.37 73.0 道 0
58.37 58.712 70.0 - 0
59.054 59.396 73.0 不 0
59.396 60.08 68.0 担 0
60.08 60.422 68.0 心 0
60.422 60.764 65.0 - 0
60.764 61.448 65.0 我 1
62.113 62.797 63.0 没 0
62.797 63.139 63.0 有 0
63.139 63.481 61.0 你 0
63.481 64.165 58.0 不 0
64.165 64.849 65.0 能 0
64.849 66.902 68.0 活 1
66.935 67.277 61.0 男 0
67.277 67.619 63.0 朋 0
67.619 68.303 65.0 友 0
68.303 68.645 65.0 结 0
68.645 68.987 65.0 婚 0
68.987 69.671 65.0 了 1
69.675 70.017 68.0 新 0
70.017 70.359 70.0 娘 0
70.359 71.044 68.0 却 0
71.044 71.386 68.0 不 0
71.386 71.728 70.0 是 0
71.728 72.412 63.0 我 1
72.413 72.755 65.0 就 0
72.755 73.097 63.0 算 0
73.097 73.781 61.0 眼 0
73.781 74.123 61.0 泪 0
74.123 74.465 61.0 再 0
74.465 75.15 61.0 多 1
75.15 75.492 61.0 也 0
75.492 75.834 63.0 没 0
75.834 76.518 65.0 人 0
76.518 76.86 72.0 心 0
76.86 77.202 70.0 疼 0
77.202 77.886 68.0 我 1
77.903 78.245 68.0 我 0
78.245 78.587 70.0 想 0
78.587 78.929 70.0 要 0
78.929 79.271 73.0 - 0
79.271 79.613 73.0 的 0
79.613 79.956 73.0 不 0
79.956 80.64 73.0 多 1
80.65 80.992 70.0 你 0
80.992 81.334 65.0 的 0
81.334 81.676 66.0 爱 0
81.676 82.018 65.0 - 0
82.018 82.446 65.0 就 0
82.446 82.788 63.0 够 0
82.788 83.386 65.0 了 1
83.395 83.737 63.0 千 0
83.737 84.079 61.0 万 0
84.079 84.764 63.0 别 0
84.764 85.106 63.0 怕 0
85.106 85.448 61.0 养 0
85.448 86.132 58.0 不 0
86.132 86.474 68.0 起 0
86.474 86.816 63.0 - 0
86.816 88.526 63.0 我 1
88.734 89.076 61.0 男 0
89.076 89.418 63.0 朋 0
89.418 90.102 65.0 友 0
90.102 90.444 65.0 结 0
90.444 90.786 65.0 婚 0
90.786 91.47 65.0 了 1
91.555 91.897 68.0 新 0
91.897 92.239 70.0 娘 0
92.239 92.923 68.0 却 0
92.923 93.266 68.0 不 0
93.266 93.608 70.0 是 0
93.608 94.292 63.0 我 1
94.323 94.665 65.0 所 0
94.665 95.007 63.0 有 0
95.007 95.691 61.0 你 0
95.691 96.033 61.0 想 0
96.033 96.375 61.0 要 0
96.375 97.059 61.0 的 1
97.076 97.418 61.0 唯 0
97.418 97.76 63.0 独 0
97.76 98.445 65.0 缺 0
98.445 98.787 72.0 我 0
98.787 99.129 70.0 一 0
99.129 99.813 68.0 个 1
99.815 100.157 68.0 有 0
100.157 100.499 70.0 手 0
100.499 100.841 70.0 有 0
100.841 101.183 73.0 - 0
101.183 101.525 73.0 脚 0
101.525 101.867 73.0 拼 0
101.867 102.552 73.0 搏 1
102.555 102.897 70.0 总 0
102.897 103.239 65.0 想 0
103.239 103.581 66.0 不 0
103.581 103.923 65.0 - 0
103.923 104.265 65.0 劳 0
104.265 104.607 63.0 而 0
104.607 105.291 65.0 获 1
105.291 105.633 63.0 没 0
105.633 105.975 61.0 有 0
105.975 106.659 63.0 我 0
106.659 107.002 63.0 要 0
107.002 107.344 61.0 钱 0
107.344 107.686 58.0 干 0
107.686 108.028 56.0 - 0
108.028 108.37 56.0 什 0
108.37 108.712 58.0 - 0
108.712 110.764 61.0 么 1
125.013 125.697 65.0 你 0
125.697 126.039 65.0 对 0
126.039 126.723 65.0 我 0
127.322 127.749 70.0 是 0
127.749 128.433 68.0 真 0
128.433 128.775 70.0 心 0
128.775 129.46 63.0 的 1
129.758 130.1 65.0 抵 0
130.1 130.442 63.0 不 0
130.442 131.126 61.0 过 0
131.126 131.468 61.0 名 0
131.468 131.81 58.0 利 0
131.81 132.152 61.0 的 0
132.152 132.836 63.0 诱 0
132.836 134.547 65.0 惑 1
135.962 136.646 70.0 你 0
136.646 137.074 70.0 难 0
137.074 137.33 73.0 - 0
137.33 137.672 73.0 道 0
137.672 138.014 70.0 - 0
138.356 138.699 73.0 不 0
138.699 139.383 68.0 担 0
139.383 139.725 68.0 心 0
139.725 140.067 65.0 - 0
140.067 140.751 65.0 我 1
141.398 142.082 63.0 没 0
142.082 142.424 63.0 有 0
142.424 142.766 61.0 你 0
142.766 143.109 58.0 不 0
143.109 143.793 65.0 能 0
143.793 145.845 68.0 活 1
146.183 146.525 61.0 男 0
146.525 146.867 63.0 朋 0
146.867 147.552 65.0 友 0
147.552 147.894 65.0 结 0
147.894 148.236 65.0 婚 0
148.236 148.92 65.0 了 1
149.053 149.395 68.0 新 0
149.395 149.737 70.0 娘 0
149.737 150.421 68.0 却 0
150.421 150.763 68.0 不 0
150.763 151.105 70.0 是 0
151.105 151.789 63.0 我 1
151.791 152.134 65.0 就 0
152.134 152.476 63.0 算 0
152.476 153.16 61.0 眼 0
153.16 153.502 61.0 泪 0
153.502 153.844 61.0 再 0
153.844 154.528 61.0 多 1
154.547 154.889 61.0 也 0
154.889 155.231 63.0 没 0
155.231 155.915 65.0 人 0
155.915 156.257 72.0 心 0
156.257 156.599 70.0 疼 0
156.599 157.284 68.0 我 1
157.287 157.629 68.0 我 0
157.629 157.971 70.0 想 0
157.971 158.655 73.0 要 0
158.655 158.997 73.0 的 0
158.997 159.339 73.0 不 0
159.339 160.023 73.0 多 1
160.023 160.365 70.0 你 0
160.365 160.707 65.0 的 0
160.707 161.049 66.0 爱 0
161.049 161.392 65.0 - 0
161.392 161.819 65.0 就 0
161.819 162.161 63.0 够 0
162.161 162.76 65.0 了 1
162.76 163.102 63.0 千 0
163.102 163.444 61.0 万 0
163.444 164.128 63.0 别 0
164.128 164.47 63.0 怕 0
164.47 164.812 61.0 养 0
164.812 165.496 58.0 不 0
165.496 165.839 68.0 起 0
165.839 166.181 63.0 - 0
166.181 167.891 63.0 我 1
168.122 168.464 61.0 男 0
168.464 168.806 63.0 朋 0
168.806 169.49 65.0 友 0
169.49 169.832 65.0 结 0
169.832 170.175 65.0 婚 0
170.175 170.859 65.0 了 1
170.913 171.255 68.0 新 0
171.255 171.597 70.0 娘 0
171.597 172.281 68.0 却 0
172.281 172.623 68.0 不 0
172.623 172.965 70.0 是 0
172.965 173.649 63.0 我 1
173.695 174.037 65.0 所 0
174.037 174.379 63.0 有 0
174.379 175.064 61.0 你 0
175.064 175.406 61.0 想 0
175.406 175.748 61.0 要 0
175.748 176.09 61.0 的 1
176.295 176.637 61.0 唯 0
176.637 176.979 63.0 独 0
176.979 177.663 65.0 缺 0
177.663 178.005 72.0 我 0
178.005 178.347 70.0 一 0
178.347 179.031 68.0 个 1
179.138 179.481 68.0 有 0
179.481 179.823 70.0 手 0
179.823 180.165 70.0 有 0
180.165 180.507 73.0 - 0
180.507 180.849 73.0 脚 0
180.849 181.191 73.0 拼 0
181.191 181.875 73.0 搏 1
181.916 182.258 70.0 总 0
182.258 182.6 65.0 想 0
182.6 182.942 66.0 不 0
182.942 183.284 65.0 - 0
183.284 183.626 65.0 劳 0
183.626 183.969 63.0 而 0
183.969 184.653 65.0 获 1
184.653 184.995 63.0 没 0
184.995 185.337 61.0 有 0
185.337 186.021 63.0 我 0
186.021 186.363 63.0 要 0
186.363 186.705 61.0 钱 0
186.705 187.047 58.0 干 0
187.047 187.389 56.0 - 0
187.389 187.731 56.0 什 0
187.731 188.073 58.0 - 0
188.073 190.126 61.0 么 1
211.995 212.337 61.0 男 0
212.337 212.679 63.0 朋 0
212.679 213.363 65.0 友 0
213.363 213.705 65.0 结 0
213.705 214.047 65.0 婚 0
214.047 214.731 65.0 了 1
214.733 215.075 68.0 新 0
215.075 215.417 70.0 娘 0
215.417 216.102 68.0 却 0
216.102 216.444 68.0 不 0
216.444 216.786 70.0 是 0
216.786 217.47 63.0 我 1
217.49 217.832 65.0 就 0
217.832 218.174 63.0 算 0
218.174 218.858 61.0 眼 0
218.858 219.2 61.0 泪 0
219.2 219.542 61.0 再 0
219.542 220.227 61.0 多 1
220.227 220.569 61.0 也 0
220.569 220.911 63.0 没 0
220.911 221.595 65.0 人 0
221.595 221.937 72.0 心 0
221.937 222.279 70.0 疼 0
222.279 222.621 68.0 我 1
222.621 223.305 68.0 我 0
223.305 223.647 70.0 想 0
223.647 224.331 73.0 要 0
224.331 224.674 73.0 的 0
224.674 225.016 73.0 不 0
225.016 225.7 73.0 多 1
225.7 226.042 70.0 你 0
226.042 226.384 65.0 的 0
226.384 226.726 66.0 爱 0
226.726 227.068 65.0 - 0
227.068 227.496 65.0 就 0
227.496 227.838 63.0 够 0
227.838 228.436 65.0 了 1
228.438 228.78 63.0 千 0
228.78 229.122 61.0 万 0
229.122 229.807 63.0 别 0
229.807 230.149 63.0 怕 0
230.149 230.491 61.0 养 0
230.491 230.831 58.0 不 0
230.831 231.517 68.0 起 0
231.517 231.859 63.0 - 0
231.859 232.372 65.0 我 0
232.372 233.569 63.0 - 1
233.815 234.157 61.0 男 0
234.157 234.499 63.0 朋 0
234.499 235.183 65.0 友 0
235.183 235.525 65.0 结 0
235.525 235.867 65.0 婚 0
235.867 236.551 65.0 了 1
236.61 236.952 68.0 新 0
236.952 237.294 70.0 娘 0
237.294 237.978 68.0 却 0
237.978 238.321 68.0 不 0
238.321 238.663 70.0 是 0
238.663 239.347 63.0 我 1
239.354 239.696 65.0 所 0
239.696 240.038 63.0 有 0
240.038 240.722 61.0 你 0
240.722 241.064 61.0 想 0
241.064 241.406 61.0 要 0
241.406 241.748 61.0 的 1
242.056 242.398 61.0 唯 0
242.398 242.741 63.0 独 0
242.741 243.083 63.0 缺 0
243.083 243.767 72.0 我 0
243.767 244.109 70.0 一 0
244.109 244.793 68.0 个 1
244.799 245.141 68.0 有 0
245.141 245.483 70.0 手 0
245.483 245.825 70.0 有 0
245.825 246.167 73.0 - 0
246.167 246.509 73.0 脚 0
246.509 246.851 73.0 拼 0
246.851 247.536 73.0 搏 1
247.547 247.889 70.0 总 0
247.889 248.231 65.0 想 0
248.231 248.573 66.0 不 0
248.573 248.915 65.0 - 0
248.915 249.257 65.0 劳 0
249.257 249.599 63.0 而 0
249.599 250.283 65.0 获 1
250.325 250.667 63.0 没 0
250.667 251.009 61.0 有 0
251.009 251.693 63.0 我 0
251.693 252.036 63.0 要 0
252.036 252.378 61.0 钱 0
252.378 252.72 58.0 干 0
252.72 253.062 56.0 - 0
253.062 253.404 56.0 什 0
253.404 253.746 58.0 - 0
253.746 255.798 61.0 么 1
255.803 256.145 68.0 有 0
256.145 256.488 70.0 手 0
256.488 256.83 70.0 有 0
256.83 257.172 73.0 - 0
257.172 257.514 73.0 脚 0
257.514 257.856 73.0 拼 0
257.856 258.54 73.0 搏 1
258.54 258.882 70.0 总 0
258.882 259.224 65.0 想 0
259.224 259.566 66.0 不 0
259.566 259.908 65.0 - 0
259.908 260.25 65.0 劳 0
260.25 260.592 63.0 而 0
260.592 261.277 65.0 获 1
261.278 261.62 63.0 没 0
261.62 261.962 61.0 有 0
261.962 262.646 63.0 我 0
262.646 263.245 63.0 要 0
263.245 263.843 61.0 钱 0
263.843 264.185 58.0 干 0
264.185 264.527 56.0 - 0
264.527 265.725 56.0 什 0
266.323 269.487 61.0 么 1
