21.058 21.312 66.0 是 0
21.312 21.567 64.0 否 0
21.567 21.821 64.0 爱 0
21.821 22.075 62.0 就 0
22.075 22.329 62.0 得 0
22.329 22.584 61.0 忍 0
22.584 22.838 59.0 - 0
22.838 23.346 59.0 耐 1
24.129 24.383 59.0 不 0
24.383 24.638 61.0 问 0
24.638 24.892 62.0 该 0
24.892 25.146 54.0 不 0
25.146 26.671 55.0 该 1
28.854 29.108 55.0 都 0
29.108 29.616 54.0 怪 0
29.616 29.871 58.0 我 0
29.871 30.379 61.0 没 0
30.379 30.633 66.0 能 0
30.633 30.888 64.0 - 0
30.888 31.142 62.0 耐 0
31.142 31.65 61.0 - 1
32.186 32.44 61.0 转 0
32.44 32.948 62.0 身 0
32.948 33.175 64.0 走 0
33.203 34.728 66.0 开 1
37.222 37.477 71.0 难 0
37.477 37.731 69.0 道 0
37.731 37.985 69.0 牺 0
37.985 38.239 67.0 牲 0
38.239 38.494 67.0 才 0
38.494 38.748 66.0 精 0
38.748 39.002 61.0 - 0
39.002 39.765 61.0 彩 1
40.249 40.504 61.0 伤 0
40.504 41.012 62.0 痛 0
41.012 41.224 64.0 才 0
41.266 42.029 67.0 实 0
42.029 42.792 66.0 在 1
43.078 43.332 54.0 要 0
43.332 44.095 64.0 为 0
44.095 44.858 62.0 你 0
44.858 45.112 61.0 留 0
45.112 45.366 59.0 下 0
45.366 46.129 62.0 泪 0
46.129 46.891 55.0 来 1
48.559 48.813 54.0 才 0
48.813 49.067 58.0 证 0
49.067 49.322 61.0 明 0
49.322 49.576 54.0 是 0
49.576 51.61 59.0 爱 1
52.588 53.096 66.0 如 0
53.096 53.605 69.0 果 0
53.605 54.113 71.0 这 0
54.113 54.622 71.0 都 0
54.622 54.876 71.0 不 0
54.876 55.384 74.0 算 0
55.384 56.147 74.0 爱 1
56.576 56.83 73.0 我 0
56.83 57.084 71.0 - 0
57.084 57.592 71.0 有 0
57.592 58.101 73.0 什 0
58.101 58.609 74.0 么 0
58.609 58.864 73.0 好 0
58.864 59.118 69.0 悲 0
59.118 59.372 66.0 - 0
59.372 60.135 66.0 哀 1
60.744 61.253 71.0 谢 0
61.253 61.761 69.0 谢 0
61.761 62.015 71.0 你 0
62.015 62.27 69.0 的 0
62.27 62.524 69.0 慷 0
62.524 63.287 62.0 慨 1
63.508 63.762 62.0 是 0
63.762 64.271 67.0 我 0
64.271 64.525 66.0 自 0
64.525 65.033 64.0 己 0
65.033 65.288 62.0 活 0
65.288 66.813 66.0 该 0
67.067 67.576 62.0 哦 0
67.576 68.338 61.0 - 1
68.821 69.329 66.0 如 0
69.329 69.838 69.0 果 0
69.838 70.346 71.0 这 0
70.346 70.855 71.0 都 0
70.855 71.109 71.0 不 0
71.109 71.618 74.0 算 0
71.618 72.38 74.0 爱 1
72.896 73.15 73.0 我 0
73.15 73.404 71.0 - 0
73.404 73.913 71.0 有 0
73.913 74.421 73.0 什 0
74.421 74.93 74.0 么 0
74.93 75.184 73.0 好 0
75.184 75.438 69.0 悲 0
75.438 75.692 66.0 - 0
75.692 76.455 66.0 哀 1
76.883 77.391 71.0 你 0
77.391 77.899 69.0 只 0
77.899 78.154 71.0 要 0
78.154 78.408 69.0 被 0
78.408 78.662 69.0 期 0
78.662 79.425 62.0 待 1
79.813 80.067 62.0 不 0
80.067 80.576 67.0 要 0
80.576 80.83 66.0 真 0
80.83 81.339 64.0 正 0
81.339 81.593 62.0 - 0
81.593 81.847 64.0 去 0
81.847 83.118 66.0 爱 1
83.326 83.581 64.0 哦 0
83.581 83.835 62.0 - 0
83.835 84.852 61.0 no 1
86.168 86.422 66.0 还 0
86.422 86.677 64.0 要 0
86.677 86.931 64.0 怎 0
86.931 87.185 62.0 样 0
87.185 87.439 62.0 的 0
87.439 87.693 61.0 表 0
87.693 87.948 59.0 - 0
87.948 88.71 59.0 白 1
89.081 89.335 59.0 才 0
89.335 89.589 61.0 不 0
89.589 89.844 62.0 算 0
89.844 90.098 54.0 独 0
90.098 91.623 55.0 白 1
93.986 94.241 55.0 都 0
94.241 94.749 54.0 怪 0
94.749 95.003 58.0 我 0
95.003 95.512 61.0 没 0
95.512 95.766 66.0 能 0
95.766 96.02 64.0 - 0
96.02 96.275 62.0 耐 0
96.275 96.783 61.0 - 1
97.25 97.504 61.0 转 0
97.504 98.012 62.0 身 0
98.012 98.266 64.0 走 0
98.266 99.792 66.0 开 1
102.397 102.651 71.0 难 0
102.651 102.906 69.0 道 0
102.906 103.16 69.0 牺 0
103.16 103.414 67.0 牲 0
103.414 103.668 67.0 才 0
103.668 103.923 66.0 精 0
103.923 104.177 61.0 - 0
104.177 104.94 61.0 彩 1
105.379 105.633 61.0 伤 0
105.633 106.142 62.0 痛 0
106.142 106.396 64.0 才 0
106.396 107.159 67.0 实 0
107.159 107.921 66.0 在 1
108.225 108.479 54.0 要 0
108.479 109.115 64.0 为 0
109.242 109.877 62.0 你 0
110.004 110.259 61.0 留 0
110.259 110.513 59.0 下 0
110.513 111.148 62.0 泪 0
111.276 112.038 55.0 来 1
113.612 113.866 54.0 才 0
113.866 114.12 58.0 证 0
114.12 114.374 61.0 明 0
114.374 114.629 54.0 是 0
114.629 116.663 59.0 爱 1
134.992 135.5 71.0 你 0
135.5 135.754 71.0 的 0
135.754 136.263 71.0 感 0
136.263 137.026 74.0 情 0
137.026 137.534 74.0 太 0
137.534 137.788 73.0 易 0
137.788 138.043 69.0 - 0
138.043 138.297 69.0 割 0
138.297 138.805 64.0 爱 1
139.023 139.532 69.0 把 0
139.532 139.786 69.0 未 0
139.786 140.295 69.0 来 0
140.295 141.057 73.0 转 0
141.057 141.566 74.0 眼 0
141.566 142.074 76.0 就 0
142.074 142.329 73.0 删 0
142.329 142.837 74.0 改 1
143.113 143.622 71.0 我 0
143.622 143.876 67.0 的 0
143.876 144.384 71.0 心 0
144.384 144.639 74.0 却 0
144.639 144.893 74.0 为 0
144.893 145.401 74.0 你 1
146.044 146.425 74.0 空 0
146.425 146.807 73.0 白 0
146.807 147.061 71.0 了 0
147.061 149.095 73.0 一 0
149.095 149.858 78.0 块 1
150.234 150.742 66.0 如 0
150.742 151.251 69.0 果 0
151.251 151.759 71.0 这 0
151.759 152.268 71.0 都 0
152.268 152.522 71.0 不 0
152.522 153.031 74.0 算 0
153.031 153.793 74.0 爱 1
154.33 154.584 73.0 我 0
154.584 154.838 71.0 - 0
154.838 155.347 71.0 有 0
155.347 155.855 73.0 什 0
155.855 156.364 74.0 么 0
156.364 156.618 73.0 好 0
156.618 156.872 69.0 悲 0
156.872 157.126 66.0 - 0
157.126 157.889 66.0 哀 1
158.381 158.889 71.0 谢 0
158.889 159.397 69.0 谢 0
159.397 159.652 71.0 你 0
159.652 159.906 69.0 的 0
159.906 160.16 69.0 慷 0
160.16 160.923 62.0 慨 1
161.119 161.373 62.0 是 0
161.373 161.882 67.0 我 0
161.882 162.136 66.0 自 0
162.136 162.645 64.0 己 0
162.645 162.899 62.0 - 0
162.899 163.153 64.0 活 0
163.153 164.424 66.0 该 0
164.678 165.187 64.0 哦 0
165.187 165.95 61.0 - 1
166.379 166.888 66.0 如 0
166.888 167.396 69.0 果 0
167.396 167.905 71.0 这 0
167.905 168.413 71.0 都 0
168.413 168.667 71.0 不 0
168.667 169.176 74.0 算 0
169.176 169.938 74.0 爱 1
170.608 170.862 73.0 我 0
170.862 171.116 71.0 - 0
171.116 171.625 71.0 有 0
171.625 172.133 73.0 什 0
172.133 172.642 74.0 么 0
172.642 172.896 73.0 好 0
172.896 173.15 69.0 悲 0
173.15 173.405 66.0 - 0
173.405 174.167 66.0 哀 1
174.57 175.078 71.0 你 0
175.078 175.587 69.0 要 0
175.587 175.841 71.0 的 0
175.841 176.095 69.0 是 0
176.095 176.349 69.0 崇 0
176.349 177.112 62.0 拜 1
177.314 177.569 62.0 并 0
177.569 178.077 67.0 不 0
178.077 178.331 66.0 是 0
178.331 178.84 64.0 谁 0
178.84 179.094 62.0 - 0
179.094 179.348 64.0 的 0
179.348 180.874 66.0 爱 1
181.036 181.29 64.0 哦 0
181.29 181.544 62.0 - 0
181.544 182.815 61.0 no 1
