59.481 59.997 68.0 红 0
59.997 60.514 68.0 藕 0
60.514 61.03 66.0 香 0
61.03 61.547 68.0 - 0
61.547 63.097 68.0 残 0
63.613 64.647 68.0 玉 0
64.647 65.163 66.0 簟 0
65.163 65.68 61.0 - 0
65.68 67.23 63.0 秋 1
67.818 68.335 63.0 轻 0
68.335 68.852 63.0 解 0
68.852 69.368 61.0 罗 0
69.368 69.885 59.0 - 0
69.885 71.435 61.0 裳 0
71.951 72.468 61.0 独 0
72.468 72.985 61.0 上 0
72.985 73.501 61.0 兰 0
73.501 74.018 65.0 - 0
74.018 75.568 63.0 舟 1
76.0 76.517 68.0 云 0
76.517 77.034 68.0 中 0
77.034 77.55 66.0 谁 0
77.55 78.067 70.0 - 0
78.067 79.617 68.0 寄 0
80.133 81.166 68.0 锦 0
81.166 81.683 70.0 书 0
81.683 82.2 61.0 - 0
82.2 83.75 63.0 来 1
84.289 84.806 63.0 雁 0
84.806 85.322 63.0 字 0
85.322 85.839 61.0 回 0
85.839 86.356 59.0 - 0
86.356 87.906 61.0 时 0
88.422 89.197 66.0 月 0
89.197 89.455 63.0 满 0
89.455 89.972 70.0 西 0
89.972 90.618 66.0 - 0
90.618 94.105 68.0 楼 1
100.887 101.404 68.0 花 0
101.404 101.92 68.0 自 0
101.92 102.437 71.0 飘 0
102.437 102.953 70.0 - 0
102.953 104.632 71.0 零 0
105.02 105.537 68.0 水 0
105.537 106.053 71.0 - 0
106.053 106.57 73.0 自 0
106.57 107.603 68.0 - 0
107.603 108.636 66.0 流 1
109.099 109.874 61.0 一 0
109.874 110.132 63.0 种 0
110.132 110.39 61.0 相 0
110.39 110.649 63.0 - 0
110.649 111.165 66.0 思 0
111.165 111.682 68.0 两 0
111.682 112.199 68.0 处 0
112.199 112.715 63.0 闲 0
112.715 113.232 61.0 - 0
113.232 114.265 59.0 愁 0
114.782 116.332 66.0 - 1
117.278 117.794 68.0 此 0
117.794 118.311 68.0 情 0
118.311 118.828 73.0 无 0
118.828 119.344 70.0 - 0
119.344 121.023 71.0 计 0
121.411 121.927 68.0 可 0
121.927 122.444 71.0 - 0
122.444 122.961 73.0 消 0
122.961 123.994 68.0 - 0
123.994 125.027 66.0 除 1
125.67 126.186 61.0 才 0
126.445 126.703 63.0 下 0
126.703 126.961 61.0 眉 0
126.961 127.219 63.0 - 0
127.219 127.736 66.0 头 0
127.736 128.253 68.0 却 0
128.253 128.769 68.0 上 0
128.769 129.286 63.0 心 0
129.286 129.803 61.0 - 0
129.803 131.611 59.0 头 0
131.611 133.419 66.0 - 0
133.419 133.936 66.0 - 1
133.957 134.731 61.0 却 0
134.731 134.99 63.0 上 0
134.99 135.506 58.0 心 0
135.506 136.023 54.0 - 0
136.023 138.089 56.0 头 1
183.495 184.011 68.0 红 0
184.011 184.528 68.0 藕 0
184.528 185.045 68.0 香 0
185.045 185.561 68.0 - 0
185.561 187.111 68.0 残 0
187.628 188.661 68.0 玉 0
188.661 189.178 68.0 簟 0
189.178 189.694 61.0 - 0
189.694 191.244 63.0 秋 1
191.684 192.2 63.0 轻 0
192.2 192.717 63.0 解 0
192.717 193.234 63.0 罗 0
193.234 193.75 59.0 - 0
193.75 195.3 61.0 裳 0
195.817 196.333 61.0 独 0
196.333 196.85 61.0 上 0
196.85 197.367 63.0 兰 0
197.367 197.883 65.0 - 0
197.883 199.433 63.0 舟 1
200.075 200.591 68.0 云 0
200.591 201.108 68.0 中 0
201.108 201.624 66.0 谁 0
201.624 202.141 68.0 - 0
202.141 203.691 68.0 寄 0
204.208 205.241 68.0 锦 0
205.241 205.757 70.0 书 0
205.757 206.274 66.0 - 0
206.274 207.824 63.0 来 1
208.346 208.862 63.0 雁 0
208.862 209.379 63.0 字 0
209.379 209.895 61.0 回 0
209.895 210.412 59.0 - 0
210.412 211.962 61.0 时 0
211.962 212.478 63.0 - 0
212.478 213.253 66.0 月 0
213.253 213.512 63.0 满 0
213.512 214.028 70.0 西 0
214.028 214.545 66.0 - 0
214.545 218.032 68.0 楼 1
224.735 225.252 68.0 花 0
225.252 225.769 68.0 自 0
225.769 226.285 71.0 飘 0
226.285 226.802 68.0 - 0
226.802 228.481 71.0 零 0
228.868 229.385 68.0 水 0
229.385 229.901 71.0 - 0
229.901 230.418 71.0 自 0
230.418 230.935 68.0 - 0
230.935 232.485 66.0 流 1
233.076 233.851 61.0 一 0
233.851 234.109 63.0 种 0
234.109 234.368 61.0 相 0
234.368 234.626 63.0 - 0
234.626 235.143 66.0 思 0
235.143 235.659 68.0 两 0
235.659 236.176 68.0 处 0
236.176 236.693 64.0 闲 0
236.693 237.209 63.0 - 0
237.209 239.017 59.0 愁 0
239.017 240.309 66.0 - 0
240.825 241.342 63.0 - 1
241.417 241.934 68.0 此 0
241.934 242.45 68.0 情 0
242.45 242.967 71.0 无 0
242.967 243.484 68.0 - 0
243.484 245.163 71.0 计 0
245.55 246.067 68.0 可 0
246.067 246.583 71.0 - 0
246.583 247.1 71.0 消 0
247.1 248.133 68.0 - 0
248.133 249.166 66.0 除 1
249.591 250.108 61.0 才 0
250.366 250.624 63.0 下 0
250.624 250.883 61.0 眉 0
250.883 251.141 63.0 - 0
251.141 251.657 66.0 头 0
251.657 252.174 68.0 却 0
252.174 252.691 68.0 上 0
252.691 253.207 63.0 心 0
253.207 253.724 63.0 - 0
253.724 255.532 59.0 头 0
255.532 257.34 66.0 - 0
257.34 257.857 63.0 - 1
257.879 258.654 61.0 却 0
258.654 258.912 63.0 上 0
258.912 259.429 56.0 心 0
259.429 259.945 54.0 - 0
259.945 262.012 56.0 头 1
262.051 262.567 68.0 花 0
262.567 263.084 68.0 自 0
263.084 263.601 73.0 飘 0
263.601 264.117 70.0 - 0
264.117 265.796 71.0 零 0
266.184 266.7 68.0 水 0
266.7 267.217 71.0 - 0
267.217 267.734 73.0 自 0
267.734 268.25 70.0 - 0
268.25 269.8 66.0 流 1
270.28 271.055 61.0 一 0
271.055 271.313 63.0 种 0
271.313 271.571 61.0 相 0
271.571 271.83 63.0 - 0
271.83 272.346 66.0 思 0
272.346 272.863 68.0 两 0
272.863 273.379 68.0 处 0
273.379 273.896 63.0 闲 0
273.896 274.413 61.0 - 0
274.413 276.221 59.0 愁 0
276.221 277.512 66.0 - 0
278.029 278.546 66.0 - 1
278.605 279.121 68.0 此 0
279.121 279.638 68.0 情 0
279.638 280.154 71.0 无 0
280.154 280.671 70.0 - 0
280.671 282.35 71.0 计 0
282.738 283.254 68.0 可 0
283.254 283.771 73.0 - 0
283.771 284.287 71.0 消 0
284.287 285.321 68.0 - 0
285.321 286.354 66.0 除 1
286.687 287.462 61.0 才 0
287.462 287.721 63.0 下 0
287.721 287.979 61.0 眉 0
287.979 288.237 63.0 - 0
288.237 288.754 66.0 头 0
288.754 289.271 68.0 却 0
289.271 289.787 68.0 上 0
289.787 290.304 64.0 心 0
290.304 290.82 63.0 - 0
290.82 292.629 59.0 头 0
292.629 294.437 66.0 - 1
294.958 296.379 66.0 却 0
296.379 297.025 68.0 上 0
297.025 298.058 71.0 心 0
298.058 299.091 70.0 - 0
299.479 306.841 68.0 头 1
