28.198 28.412 69.0 才 0
28.627 28.841 71.0 离 0
29.056 29.27 71.0 开 0
29.485 29.699 71.0 没 0
29.914 30.128 71.0 多 0
30.128 30.342 69.0 久 0
30.342 30.557 69.0 就 0
30.771 30.986 71.0 开 0
30.986 31.2 71.0 始 1
31.375 31.589 71.0 担 0
31.803 32.018 71.0 心 0
32.232 32.447 71.0 今 0
32.447 32.661 71.0 天 0
32.661 32.876 73.0 的 0
32.876 33.09 71.0 你 0
33.09 33.305 71.0 过 0
33.305 33.519 71.0 得 0
33.519 33.733 71.0 好 0
33.733 33.948 69.0 不 0
34.162 34.591 69.0 好 1
34.98 35.194 69.0 整 0
35.409 35.623 71.0 个 0
35.838 36.052 71.0 画 0
36.267 36.696 71.0 面 0
36.696 36.91 73.0 是 0
36.91 37.124 69.0 你 1
37.601 37.816 69.0 想 0
37.816 38.03 69.0 你 0
38.03 38.245 71.0 想 0
38.459 38.674 71.0 的 0
38.674 39.317 71.0 睡 0
39.317 39.531 73.0 不 0
39.531 40.175 69.0 着 1
41.953 42.168 71.0 嘴 0
42.382 42.596 71.0 嘟 0
42.811 43.025 71.0 嘟 0
43.24 43.454 71.0 那 0
43.669 43.883 71.0 可 0
43.883 44.097 69.0 爱 0
44.097 44.312 71.0 的 0
44.526 44.741 71.0 模 0
44.741 44.955 71.0 样 1
45.13 45.344 69.0 还 0
45.559 45.773 71.0 有 0
45.987 46.202 71.0 在 0
46.202 46.416 71.0 你 0
46.416 46.631 71.0 身 0
46.631 46.845 71.0 上 0
46.845 47.06 71.0 香 0
47.06 47.274 71.0 香 0
47.274 47.489 73.0 的 0
47.489 47.703 69.0 味 0
47.917 48.346 69.0 道 1
48.826 49.255 71.0 我 0
49.255 49.684 73.0 的 0
49.684 50.113 76.0 快 0
50.113 50.542 73.0 乐 0
50.542 50.756 73.0 是 0
50.756 50.971 73.0 你 1
51.048 51.477 76.0 想 0
51.477 51.906 76.0 你 0
51.906 52.335 73.0 想 0
52.335 52.763 71.0 的 0
52.763 53.192 64.0 都 0
53.192 53.407 69.0 会 0
53.621 54.05 69.0 笑 1
55.136 55.565 72.0 没 0
55.565 55.994 71.0 有 0
55.994 56.423 69.0 你 0
56.423 56.852 76.0 在 0
56.852 57.281 73.0 我 0
57.281 57.71 69.0 有 0
57.71 57.924 69.0 多 0
58.138 58.353 69.0 难 0
58.567 58.782 69.0 熬 1
58.826 59.04 64.0 没 0
59.04 59.255 64.0 有 0
59.255 59.469 61.0 你 0
59.469 59.684 64.0 在 0
59.898 60.112 64.0 我 0
60.112 60.327 61.0 有 0
60.327 60.541 64.0 多 0
60.541 60.756 62.0 难 0
60.756 60.97 61.0 熬 0
60.97 61.185 62.0 多 0
61.185 61.613 61.0 烦 0
61.613 62.042 57.0 恼 1
62.076 62.505 72.0 没 0
62.505 62.934 71.0 有 0
62.934 63.363 69.0 你 0
63.363 63.792 76.0 烦 0
63.792 64.221 73.0 我 0
64.221 64.65 69.0 有 0
64.65 64.864 69.0 多 0
65.079 65.293 69.0 烦 0
65.507 65.722 69.0 恼 1
65.758 65.972 64.0 没 0
65.972 66.187 64.0 有 0
66.187 66.401 61.0 你 0
66.401 66.616 64.0 烦 0
66.83 67.044 64.0 我 0
67.044 67.259 61.0 有 0
67.259 67.473 64.0 多 0
67.473 67.688 62.0 烦 0
67.688 67.902 61.0 恼 0
67.902 68.117 62.0 多 0
68.117 68.546 61.0 难 0
68.546 68.76 57.0 熬 1
68.821 69.25 73.0 穿 0
69.25 69.679 71.0 过 0
69.679 70.108 69.0 云 0
70.108 70.537 76.0 层 1
70.622 71.051 73.0 我 0
71.051 71.48 69.0 试 0
71.48 71.909 69.0 着 0
71.909 72.123 78.0 努 0
72.123 72.766 78.0 力 0
72.766 72.981 76.0 向 0
72.981 73.624 76.0 你 0
73.624 73.839 78.0 奔 0
73.839 74.696 73.0 跑 0
75.125 75.34 64.0 - 1
75.351 75.565 73.0 爱 0
75.565 75.779 76.0 才 0
75.779 76.208 78.0 送 0
76.208 76.637 78.0 到 1
76.637 77.066 78.0 你 0
77.066 77.281 76.0 却 0
77.281 77.924 76.0 已 0
77.924 78.138 73.0 在 0
78.138 78.782 73.0 别 0
78.782 78.996 76.0 人 0
78.996 79.639 76.0 怀 0
79.639 79.854 81.0 - 0
79.854 80.497 81.0 抱 0
80.497 81.14 78.0 - 0
81.14 81.784 76.0 - 1
82.16 82.374 66.0 就 0
82.374 82.589 68.0 是 0
82.589 83.017 68.0 开 0
83.017 83.232 69.0 不 0
83.446 83.661 69.0 了 0
83.875 84.304 69.0 口 1
84.365 84.794 71.0 让 0
84.794 85.223 71.0 她 0
85.223 85.437 73.0 知 0
85.652 86.509 73.0 道 1
87.816 88.245 71.0 我 0
88.245 88.674 73.0 一 0
88.674 89.103 74.0 定 0
89.103 89.532 76.0 会 0
89.532 89.96 69.0 呵 0
89.96 90.175 69.0 护 0
90.389 90.604 69.0 着 0
90.818 91.247 69.0 你 1
91.26 91.475 71.0 也 0
91.689 92.118 71.0 逗 0
92.118 92.332 73.0 你 0
92.547 93.619 73.0 笑 1
95.062 95.491 73.0 你 0
95.491 95.92 76.0 对 0
95.92 96.349 80.0 我 0
96.349 96.777 78.0 有 0
96.777 97.206 80.0 多 0
97.206 97.635 80.0 重 0
97.635 97.85 78.0 要 1
98.158 98.587 78.0 我 0
98.587 99.016 80.0 后 0
99.016 99.445 78.0 悔 0
99.445 99.659 78.0 没 0
99.874 100.303 78.0 让 0
100.303 100.517 78.0 你 0
100.731 101.16 78.0 知 0
101.16 101.589 76.0 道 1
101.881 102.095 76.0 安 0
102.31 102.739 73.0 静 0
102.739 103.168 73.0 的 0
103.168 103.597 76.0 听 0
103.597 103.811 76.0 你 0
104.025 104.454 76.0 撒 0
104.454 104.883 73.0 娇 1
105.021 105.45 76.0 看 0
105.45 105.664 76.0 你 0
105.879 106.308 73.0 睡 0
106.308 106.522 73.0 着 0
106.737 107.166 73.0 一 0
107.166 107.594 71.0 直 0
107.594 108.023 69.0 到 0
108.023 108.452 69.0 老 1
109.115 109.544 66.0 就 0
109.544 109.973 68.0 是 0
109.973 110.402 69.0 开 0
110.402 110.616 69.0 不 0
110.83 111.045 69.0 了 0
111.259 111.688 69.0 口 0
111.688 112.117 69.0 让 0
112.117 112.546 71.0 她 0
112.546 112.868 73.0 知 0
112.975 113.833 73.0 道 1
115.263 115.692 71.0 就 0
115.692 116.121 73.0 是 0
116.121 116.55 74.0 那 0
116.55 116.979 76.0 么 0
116.979 117.408 69.0 简 0
117.408 117.622 69.0 单 0
117.837 118.051 69.0 几 0
118.265 118.694 69.0 句 0
118.694 118.909 71.0 我 0
119.123 119.552 71.0 办 0
119.552 119.766 73.0 不 0
119.981 121.053 73.0 到 1
122.542 122.971 73.0 整 0
122.971 123.4 76.0 颗 0
123.4 123.829 80.0 心 0
123.829 124.258 78.0 悬 0
124.258 124.687 80.0 在 0
124.687 125.115 80.0 半 0
125.115 125.33 78.0 空 1
125.509 125.938 78.0 我 0
125.938 126.367 80.0 只 0
126.367 126.796 80.0 能 0
126.796 127.01 78.0 够 0
127.225 127.654 78.0 远 0
127.654 127.868 78.0 远 0
128.083 128.511 78.0 看 0
128.511 128.94 76.0 着 1
129.399 129.828 76.0 这 0
129.828 130.257 76.0 些 0
130.257 130.686 73.0 我 0
130.686 131.115 76.0 都 0
131.115 131.329 76.0 做 0
131.544 131.972 76.0 得 0
131.972 132.401 73.0 到 1
132.435 132.864 76.0 但 0
132.864 133.079 76.0 那 0
133.293 133.508 76.0 个 0
133.722 134.151 73.0 人 0
134.151 134.58 71.0 已 0
134.58 135.009 69.0 经 0
135.009 135.438 69.0 不 0
135.438 135.866 69.0 是 0
136.51 137.153 71.0 我 0
137.153 138.44 69.0 - 1
164.917 165.346 73.0 没 0
165.346 165.775 69.0 有 0
165.775 166.204 69.0 你 0
166.204 166.633 76.0 在 0
166.633 167.061 73.0 我 0
167.061 167.49 71.0 有 0
167.49 167.705 69.0 多 0
167.919 168.134 69.0 难 0
168.348 168.563 69.0 熬 1
168.601 168.815 64.0 没 0
168.815 169.029 64.0 有 0
169.029 169.244 61.0 你 0
169.244 169.458 64.0 在 0
169.673 169.887 64.0 我 0
169.887 170.102 61.0 有 0
170.102 170.316 64.0 多 0
170.316 170.531 62.0 难 0
170.531 170.745 61.0 熬 0
170.745 170.959 62.0 多 0
170.959 171.388 61.0 烦 0
171.388 171.817 57.0 恼 1
171.892 172.321 73.0 没 0
172.321 172.75 69.0 有 0
172.75 173.179 69.0 你 0
173.179 173.608 76.0 烦 0
173.608 174.037 73.0 我 0
174.037 174.465 71.0 有 0
174.465 174.68 69.0 多 0
174.894 175.109 69.0 烦 0
175.323 175.538 69.0 恼 1
175.567 175.781 64.0 没 0
175.781 175.995 64.0 有 0
175.995 176.21 61.0 你 0
176.21 176.424 64.0 烦 0
176.639 176.853 64.0 我 0
176.853 177.068 61.0 有 0
177.068 177.282 64.0 多 0
177.282 177.497 62.0 烦 0
177.497 177.711 61.0 恼 0
177.711 177.925 62.0 多 0
177.925 178.354 61.0 难 0
178.354 178.569 57.0 熬 1
178.725 179.154 71.0 穿 0
179.154 179.583 71.0 过 0
179.583 180.012 69.0 云 0
180.012 180.441 76.0 层 1
180.445 180.874 73.0 我 0
180.874 181.302 71.0 试 0
181.302 181.731 69.0 着 0
181.731 181.946 78.0 努 0
181.946 182.589 78.0 力 0
182.589 182.804 76.0 向 0
182.804 183.447 76.0 你 0
183.447 183.661 78.0 奔 0
183.661 184.519 76.0 跑 0
184.948 185.162 64.0 - 1
185.18 185.395 73.0 爱 0
185.395 185.609 76.0 才 0
185.609 186.038 78.0 送 0
186.038 186.467 78.0 到 1
186.51 186.939 78.0 你 0
186.939 187.153 76.0 却 0
187.153 187.797 76.0 已 0
187.797 188.011 73.0 在 0
188.011 188.654 73.0 别 0
188.654 188.869 76.0 人 0
188.869 189.512 76.0 怀 0
189.512 189.727 81.0 - 0
189.727 190.37 81.0 抱 0
190.37 191.013 78.0 - 0
191.013 191.657 76.0 - 1
191.945 192.16 66.0 就 0
192.16 192.374 68.0 是 0
192.374 192.803 69.0 开 0
192.803 193.018 69.0 不 0
193.232 193.446 69.0 了 0
193.661 194.09 69.0 口 1
194.095 194.524 71.0 让 0
194.524 194.953 71.0 她 0
194.953 195.274 73.0 知 0
195.381 196.239 73.0 道 1
197.467 197.896 71.0 我 0
197.896 198.325 73.0 一 0
198.325 198.753 74.0 定 0
198.753 199.182 76.0 会 0
199.182 199.611 69.0 呵 0
199.611 199.826 69.0 护 0
200.04 200.255 69.0 着 0
200.469 200.898 69.0 你 1
200.962 201.176 71.0 也 0
201.391 201.82 71.0 逗 0
201.82 202.088 73.0 你 0
202.248 203.321 73.0 笑 1
204.93 205.359 73.0 你 0
205.359 205.788 76.0 对 0
205.788 206.216 80.0 我 0
206.216 206.645 78.0 有 0
206.645 207.074 80.0 多 0
207.074 207.503 80.0 重 0
207.503 207.717 78.0 要 1
207.784 208.213 78.0 我 0
208.213 208.642 80.0 后 0
208.642 209.071 78.0 悔 0
209.071 209.285 78.0 没 0
209.499 209.928 78.0 让 0
209.928 210.143 78.0 你 0
210.357 210.786 78.0 知 0
210.786 211.215 76.0 道 1
211.686 211.9 76.0 安 0
212.115 212.544 73.0 静 0
212.544 212.972 73.0 的 0
212.972 213.401 76.0 听 0
213.401 213.616 76.0 你 0
213.83 214.259 76.0 撒 0
214.259 214.688 73.0 娇 1
214.736 215.165 76.0 看 0
215.165 215.379 76.0 你 0
215.594 215.808 76.0 睡 0
216.023 216.451 71.0 着 0
216.451 216.88 71.0 一 0
216.88 217.309 71.0 直 0
217.309 217.738 69.0 到 0
217.738 218.167 69.0 老 1
219.087 219.516 66.0 就 0
219.516 219.944 68.0 是 0
219.944 220.373 69.0 开 0
220.373 220.588 69.0 不 0
220.802 221.017 69.0 了 0
221.231 221.66 69.0 口 0
221.66 222.089 71.0 让 0
222.089 222.518 71.0 她 0
222.518 222.786 73.0 知 0
222.947 223.804 73.0 道 1
225.048 225.477 71.0 就 0
225.477 225.906 73.0 是 0
225.906 226.335 74.0 那 0
226.335 226.764 76.0 么 0
226.764 227.192 69.0 简 0
227.192 227.407 69.0 单 0
227.621 227.836 69.0 几 0
228.05 228.479 69.0 句 0
228.479 228.693 71.0 我 0
228.908 229.122 71.0 办 0
229.122 229.337 76.0 不 0
229.337 229.551 78.0 - 0
229.551 229.766 76.0 - 0
229.766 230.838 76.0 到 1
232.276 232.705 73.0 整 0
232.705 233.134 76.0 颗 0
233.134 233.563 80.0 心 0
233.563 233.991 78.0 悬 0
233.991 234.42 80.0 在 0
234.42 234.849 80.0 半 0
234.849 235.064 78.0 空 1
235.331 235.76 83.0 我 0
235.76 235.974 78.0 只 0
235.974 236.403 78.0 能 0
236.403 236.618 76.0 - 0
236.618 236.832 76.0 够 0
237.047 237.475 78.0 远 0
237.475 237.69 78.0 远 0
237.904 238.333 78.0 看 0
238.333 238.762 76.0 着 1
239.185 239.614 76.0 这 0
239.614 240.043 73.0 些 0
240.043 240.472 73.0 我 0
240.472 240.901 76.0 都 0
240.901 241.115 76.0 做 0
241.329 241.544 76.0 得 0
241.758 242.187 71.0 到 1
242.242 242.671 76.0 但 0
242.671 242.885 76.0 那 0
243.1 243.314 76.0 个 0
243.529 243.958 73.0 人 0
243.958 244.172 73.0 已 0
244.387 244.815 71.0 经 0
244.815 245.244 69.0 不 0
245.244 245.673 69.0 是 0
246.96 250.82 69.0 我 1
