23.4 23.567 64.0 该 0
23.57 23.695 66.0 怎 0
23.74 23.865 66.0 么 0
23.911 23.993 66.0 去 0
24.081 24.419 64.0 形 0
24.422 25.101 61.0 容 0
25.104 25.527 62.0 你 0
25.786 25.954 59.0 最 0
26.127 26.465 59.0 贴 0
26.468 27.402 62.0 切 0
28.934 29.102 66.0 拿 0
29.105 29.187 66.0 什 0
29.275 29.357 66.0 么 0
29.445 29.528 66.0 跟 0
29.616 29.784 64.0 你 0
29.957 30.295 69.0 作 0
30.639 31.147 61.0 比 0
31.32 31.573 62.0 较 0
31.661 31.914 57.0 才 0
32.002 32.596 61.0 算 0
32.684 33.022 62.0 特 0
33.025 33.193 59.0 - 0
33.366 33.96 59.0 别 0
34.242 34.409 64.0 对 0
34.412 34.58 64.0 你 0
34.583 34.75 62.0 的 0
34.753 34.835 64.0 感 0
34.923 35.347 64.0 觉 0
35.435 35.773 57.0 强 0
35.946 36.455 57.0 烈 0
36.925 37.093 66.0 却 0
37.095 37.263 64.0 - 0
37.266 37.604 62.0 又 0
37.607 38.073 64.0 不 0
38.118 38.627 61.0 太 0
38.629 40.331 59.0 了 0
40.675 41.013 57.0 解 0
41.016 41.311 66.0 只 0
41.357 41.865 64.0 凭 0
42.039 42.803 69.0 直 0
43.183 43.521 69.0 觉 0
43.524 43.862 66.0 你 0
43.865 44.163 62.0 像 0
44.206 44.8 59.0 我 0
45.229 45.567 69.0 在 0
45.57 46.163 64.0 被 0
46.251 46.59 61.0 子 0
46.592 46.845 57.0 里 0
46.933 47.612 61.0 的 0
47.615 48.038 62.0 舒 0
48.64 48.978 69.0 服 0
48.981 49.319 66.0 却 0
49.322 49.66 62.0 又 0
49.663 50.256 71.0 像 0
50.344 50.597 69.0 风 0
50.685 50.938 69.0 - 0
51.026 51.705 71.0 琢 0
51.708 51.876 69.0 磨 0
52.006 52.174 66.0 - 0
52.39 52.898 66.0 不 0
52.901 53.58 62.0 住 0
53.788 54.127 62.0 - 0
54.129 54.467 69.0 像 0
54.47 54.808 66.0 手 0
54.811 54.979 62.0 纹 0
55.152 55.831 62.0 像 0
56.175 56.513 69.0 散 0
56.516 56.939 64.0 发 0
57.538 57.706 61.0 的 0
57.879 58.473 61.0 香 0
58.561 58.899 62.0 水 0
59.357 59.525 62.0 味 0
59.528 59.866 69.0 像 0
59.869 59.951 66.0 爱 0
60.039 60.377 66.0 不 0
60.38 60.718 64.0 释 0
60.849 62.593 62.0 手 0
62.937 64.298 64.0 的 0
64.642 64.98 57.0 - 0
64.982 65.321 61.0 红 0
65.323 65.576 62.0 色 0
65.664 66.002 57.0 高 0
66.005 66.343 61.0 跟 0
66.346 67.025 59.0 鞋 0
77.874 78.042 66.0 - 0
78.044 78.169 66.0 该 0
78.215 78.34 66.0 怎 0
78.385 78.468 66.0 么 0
78.556 78.894 64.0 去 0
78.897 79.576 61.0 形 0
79.579 80.002 62.0 容 0
80.26 80.428 59.0 你 0
80.601 80.939 59.0 最 0
80.942 81.877 62.0 贴 0
83.425 83.592 64.0 切 0
83.595 83.677 66.0 拿 0
83.765 83.848 66.0 什 0
83.936 84.018 66.0 么 0
84.106 84.274 64.0 跟 0
84.447 84.785 69.0 你 0
85.129 85.638 61.0 作 0
85.811 86.064 62.0 比 0
86.152 86.405 57.0 较 0
86.493 87.086 61.0 才 0
87.175 87.513 62.0 算 0
87.515 88.194 59.0 特 0
88.739 88.907 66.0 别 0
88.91 89.077 64.0 对 0
89.08 89.248 62.0 - 0
89.25 89.333 64.0 你 0
89.421 89.844 64.0 的 0
89.932 90.27 57.0 感 0
90.444 90.952 57.0 觉 0
91.516 91.684 64.0 强 0
91.687 91.854 64.0 烈 0
91.857 92.195 62.0 却 0
92.198 92.664 64.0 又 0
92.71 93.133 61.0 不 0
93.221 94.923 62.0 太 0
95.266 95.604 59.0 了 0
95.607 95.903 66.0 解 0
95.948 96.457 64.0 只 0
96.63 97.394 69.0 凭 0
97.683 98.021 69.0 直 0
98.024 98.362 66.0 觉 0
98.365 98.705 62.0 你 0
98.705 99.299 59.0 像 0
99.728 100.066 69.0 我 0
100.069 100.663 64.0 在 0
100.751 101.089 61.0 被 0
101.092 101.345 57.0 子 0
101.433 102.112 61.0 里 0
102.115 102.538 62.0 的 0
103.158 103.496 69.0 舒 0
103.499 103.837 66.0 服 0
103.84 104.178 62.0 却 0
104.181 104.775 71.0 又 0
104.863 105.116 69.0 像 0
105.204 105.457 69.0 风 0
105.545 106.224 71.0 琢 0
106.226 106.394 69.0 磨 0
106.525 106.692 66.0 - 0
106.908 107.417 66.0 不 0
107.42 108.099 62.0 住 0
108.237 108.575 62.0 - 0
108.578 108.916 69.0 像 0
108.919 109.257 66.0 手 0
109.26 109.427 62.0 纹 0
109.601 110.28 62.0 像 0
110.623 110.961 69.0 散 0
110.964 111.387 64.0 发 0
111.987 112.155 61.0 的 0
112.328 112.922 61.0 香 0
113.01 113.348 62.0 水 0
113.981 114.149 62.0 味 0
114.151 114.489 69.0 像 0
114.492 114.575 66.0 爱 0
114.663 115.043 66.0 不 0
115.046 115.384 62.0 释 0
115.387 116.961 62.0 手 0
117.56 118.452 64.0 的 0
119.265 119.603 57.0 红 0
119.606 119.859 61.0 色 0
119.947 120.114 62.0 高 0
120.117 120.285 57.0 跟 0
120.288 121.649 61.0 鞋 0
121.651 123.012 62.0 - 0
123.015 124.291 64.0 - 0
125.614 125.952 65.0 哦 0
125.955 126.634 64.0 - 0
128.342 128.68 64.0 哦 0
128.682 129.617 62.0 哦 0
131.069 132.046 66.0 哦 0
132.049 133.58 69.0 哦 0
133.796 134.816 66.0 - 0
135.517 135.855 62.0 耶 0
135.858 136.196 69.0 哦 0
136.198 136.537 67.0 你 0
136.539 136.877 69.0 像 0
136.88 137.218 64.0 我 0
137.221 137.815 62.0 在 0
137.903 138.028 69.0 - 0
138.244 138.838 64.0 被 0
138.926 139.264 61.0 子 0
139.267 139.605 57.0 里 0
139.608 140.287 61.0 的 0
140.289 140.713 62.0 舒 0
141.414 141.752 69.0 服 0
141.755 142.093 66.0 却 0
142.096 142.434 62.0 又 0
142.437 143.031 71.0 像 0
143.119 143.371 69.0 风 0
143.46 143.712 69.0 琢 0
143.8 144.479 71.0 磨 0
144.482 144.65 69.0 - 0
144.781 145.033 66.0 不 0
145.164 145.673 66.0 住 0
145.675 146.354 62.0 - 0
146.391 146.729 62.0 像 0
146.732 147.07 69.0 - 0
147.073 147.411 66.0 手 0
147.413 147.581 62.0 纹 0
147.754 148.433 62.0 像 0
148.777 149.115 69.0 散 0
149.118 149.541 64.0 发 0
150.141 150.308 61.0 的 0
150.482 151.075 61.0 香 0
151.163 151.502 62.0 水 0
152.104 152.271 62.0 味 0
152.274 152.612 69.0 像 0
152.615 152.697 66.0 爱 0
152.786 153.124 66.0 不 0
153.126 153.465 64.0 释 0
153.467 155.34 62.0 手 0
155.683 156.661 64.0 的 0
156.706 156.874 69.0 呃 0
157.041 157.336 62.0 - 0
157.382 157.677 69.0 我 0
157.723 157.89 69.0 爱 0
157.893 158.061 66.0 你 0
158.064 158.402 66.0 有 0
158.405 158.743 62.0 - 0
158.745 159.339 59.0 种 0
159.768 160.106 69.0 左 0
160.109 160.447 64.0 灯 0
160.45 160.703 61.0 右 0
160.791 161.129 61.0 - 0
161.132 161.385 57.0 行 0
161.473 162.152 61.0 的 0
162.155 162.578 62.0 冲 0
163.238 163.576 69.0 突 0
163.579 163.917 66.0 疯 0
163.92 164.258 62.0 狂 0
164.261 165.196 71.0 却 0
165.284 165.537 69.0 怕 0
165.625 166.304 71.0 没 0
166.306 166.645 74.0 有 0
166.647 166.9 66.0 退 0
166.988 167.497 66.0 路 0
167.5 168.179 62.0 - 0
168.256 168.594 62.0 你 0
168.597 168.935 69.0 能 0
168.938 169.276 66.0 否 0
169.279 169.446 62.0 让 0
169.62 170.299 62.0 我 0
170.642 170.98 69.0 停 0
170.983 171.406 64.0 止 0
171.665 171.918 61.0 这 0
172.006 172.174 61.0 种 0
172.347 172.941 61.0 追 0
173.029 173.367 62.0 逐 0
174.513 174.68 59.0 就 0
174.683 174.851 62.0 - 0
174.854 175.021 64.0 这 0
175.024 175.277 66.0 么 0
175.365 175.618 66.0 双 0
175.706 175.788 64.0 最 0
175.876 176.214 59.0 后 0
176.217 176.385 59.0 唯 0
176.388 176.981 62.0 一 0
177.41 178.302 64.0 的 0
179.115 179.453 57.0 - 0
179.456 179.709 61.0 红 0
179.797 180.135 62.0 色 0
180.138 180.476 57.0 高 0
180.479 180.817 61.0 跟 0
180.82 181.499 59.0 鞋 0
