37.539 37.928 51.0 你 0
37.928 38.318 51.0 - 0
38.318 38.708 56.0 曾 0
38.708 39.097 56.0 说 0
39.097 39.487 58.0 不 0
39.487 39.877 58.0 想 0
39.877 40.266 60.0 有 0
40.266 40.656 60.0 天 0
40.656 41.045 58.0 让 0
41.045 41.435 56.0 我 0
41.435 41.825 56.0 知 0
42.311 42.701 51.0 道 0
42.701 43.09 55.0 你 0
43.285 44.162 56.0 对 0
45.038 45.428 56.0 他 0
45.428 45.818 55.0 有 0
45.818 46.207 53.0 那 0
46.207 46.597 51.0 么 0
48.616 48.811 44.0 好 0
48.811 49.298 55.0 你 0
49.493 49.688 56.0 说 0
49.688 50.467 53.0 会 0
51.246 51.636 53.0 懂 0
51.636 52.025 51.0 我 0
52.025 52.415 51.0 的 0
52.415 52.805 51.0 失 0
54.417 54.807 51.0 落 0
54.807 55.196 49.0 不 0
55.196 55.586 48.0 是 0
55.586 55.976 49.0 靠 0
55.976 56.268 49.0 宽 0
56.365 57.047 49.0 容 0
57.339 57.534 41.0 就 0
57.534 57.924 49.0 能 0
57.924 58.313 48.0 够 0
58.313 58.703 48.0 解 0
58.703 59.872 46.0 脱 0
62.587 62.977 51.0 我 0
62.977 63.366 51.0 以 0
63.366 63.756 56.0 为 0
63.756 64.145 56.0 我 0
64.145 64.535 58.0 出 0
64.535 64.925 58.0 现 0
64.925 65.314 60.0 的 0
65.314 65.704 60.0 时 0
65.704 66.093 58.0 候 0
66.093 66.483 56.0 刚 0
66.483 66.873 58.0 好 0
67.173 67.563 51.0 你 0
67.563 67.952 55.0 - 0
68.147 68.732 56.0 和 0
69.511 69.901 56.0 他 0
69.901 70.29 56.0 正 0
70.29 70.68 55.0 说 0
70.68 71.069 53.0 要 0
71.167 72.238 51.0 分 0
73.561 73.951 44.0 开 0
73.951 74.34 55.0 我 0
74.34 74.73 56.0 以 0
74.73 75.509 53.0 为 0
76.288 76.678 53.0 你 0
76.678 77.068 55.0 已 0
77.068 77.457 56.0 对 0
77.457 77.847 58.0 他 0
77.847 78.236 58.0 不 0
78.236 79.016 56.0 再 0
79.016 79.405 51.0 期 0
79.794 80.183 51.0 待 0
80.183 80.573 60.0 不 0
80.573 81.255 61.0 纵 0
81.352 82.131 58.0 容 0
82.326 82.521 53.0 他 0
82.521 82.911 60.0 再 0
82.911 83.3 61.0 给 0
83.3 83.69 60.0 你 0
83.69 86.028 58.0 伤 0
87.583 87.973 60.0 害 0
87.973 88.362 60.0 我 0
88.362 88.752 61.0 以 0
88.752 89.141 61.0 为 0
89.141 89.531 60.0 我 0
89.531 89.921 58.0 的 0
89.921 90.31 60.0 温 0
90.582 90.972 60.0 柔 0
90.972 91.361 60.0 能 0
91.361 91.751 61.0 给 0
91.751 92.14 61.0 你 0
92.14 92.53 60.0 整 0
92.53 92.92 58.0 个 0
92.92 93.309 60.0 宇 0
93.728 94.117 60.0 宙 0
94.117 94.507 60.0 我 0
94.507 94.897 61.0 以 0
94.897 95.286 63.0 为 0
95.286 95.676 56.0 我 0
95.676 96.065 55.0 能 0
96.065 96.455 56.0 全 0
96.531 96.921 58.0 力 0
96.921 97.31 56.0 填 0
97.31 97.7 58.0 满 0
97.7 98.09 60.0 你 0
98.09 98.479 61.0 感 0
98.479 98.869 60.0 情 0
98.869 99.258 58.0 的 0
99.258 99.648 56.0 缺 0
99.876 100.265 53.0 口 0
100.265 100.655 53.0 专 0
100.655 101.044 63.0 心 0
101.044 101.434 63.0 陪 0
101.434 101.824 61.0 在 0
101.824 102.213 60.0 你 0
102.213 102.603 61.0 左 0
103.067 103.457 51.0 右 0
103.457 103.847 51.0 弥 0
103.847 104.236 63.0 补 0
104.236 104.626 61.0 他 0
104.626 105.015 60.0 一 0
105.015 105.405 58.0 切 0
105.405 105.795 60.0 的 0
106.252 106.642 53.0 错 0
106.642 107.032 53.0 也 0
107.032 107.421 58.0 许 0
107.421 107.811 58.0 我 0
107.811 108.2 60.0 太 0
108.2 108.59 60.0 过 0
108.59 108.98 61.0 天 0
109.223 109.613 51.0 真 0
109.613 110.002 58.0 以 0
110.002 110.392 60.0 为 0
110.392 110.782 61.0 奇 0
110.782 111.171 60.0 迹 0
111.171 111.561 58.0 会 0
111.561 113.509 56.0 发 0
137.315 137.705 48.0 生 0
137.705 138.094 51.0 我 0
138.094 138.484 56.0 以 0
138.484 138.874 56.0 为 0
138.874 139.263 58.0 终 0
139.263 139.653 58.0 究 0
139.653 140.042 60.0 你 0
140.042 140.432 60.0 会 0
140.432 140.822 58.0 慢 0
140.822 141.211 56.0 慢 0
141.211 141.601 58.0 明 0
142.037 142.427 51.0 白 0
142.427 142.817 58.0 他 0
142.817 143.596 56.0 的 0
144.375 144.765 56.0 心 0
144.765 145.154 56.0 已 0
145.154 145.544 55.0 不 0
145.544 145.934 53.0 在 0
145.934 146.615 53.0 你 0
146.713 147.492 51.0 身 0
148.365 148.755 44.0 上 0
148.755 149.144 55.0 我 0
149.144 149.534 56.0 的 0
149.534 149.924 53.0 关 0
149.924 150.703 53.0 心 0
151.093 151.482 53.0 你 0
151.482 151.872 55.0 依 0
151.872 152.261 56.0 然 0
152.261 152.651 58.0 无 0
152.651 153.041 58.0 动 0
153.041 153.43 56.0 于 0
153.43 153.82 51.0 - 0
153.82 154.209 51.0 衷 0
154.517 154.907 51.0 我 0
154.907 155.296 60.0 - 0
155.296 155.686 61.0 的 0
155.686 155.978 58.0 以 0
156.075 156.855 58.0 - 0
157.049 157.244 53.0 为 0
157.244 157.634 60.0 只 0
157.634 158.024 61.0 是 0
158.024 158.413 60.0 我 0
158.413 160.751 58.0 以 0
162.325 162.715 60.0 为 0
162.715 163.104 60.0 我 0
163.104 163.494 61.0 以 0
163.494 163.884 61.0 为 0
163.884 164.273 58.0 我 0
164.273 164.663 58.0 的 0
164.663 165.053 60.0 温 0
165.364 165.754 60.0 柔 0
165.754 166.143 60.0 能 0
166.143 166.533 61.0 给 0
166.533 166.923 61.0 你 0
166.923 167.312 58.0 整 0
167.312 167.702 58.0 个 0
167.702 168.091 60.0 宇 0
168.596 168.986 60.0 宙 0
168.986 169.375 60.0 我 0
169.375 169.765 61.0 以 0
169.765 170.154 63.0 为 0
170.154 170.544 56.0 我 0
170.544 170.934 55.0 能 0
170.934 171.323 56.0 全 0
171.345 171.735 58.0 力 0
171.735 172.124 56.0 填 0
172.124 172.514 58.0 满 0
172.514 172.904 60.0 你 0
172.904 173.293 61.0 感 0
173.293 173.683 60.0 情 0
173.683 174.073 58.0 的 0
174.073 174.462 56.0 缺 0
174.717 175.106 53.0 口 0
175.106 175.496 53.0 专 0
175.496 175.886 63.0 心 0
175.886 176.275 63.0 陪 0
176.275 176.665 61.0 在 0
176.665 177.054 60.0 你 0
177.054 177.444 61.0 左 0
177.947 178.336 51.0 右 0
178.336 178.726 51.0 弥 0
178.726 179.115 63.0 补 0
179.115 179.505 61.0 他 0
179.505 179.895 60.0 一 0
179.895 180.284 58.0 切 0
180.284 180.674 60.0 的 0
181.042 181.431 53.0 错 0
181.431 181.821 53.0 也 0
181.821 182.21 58.0 许 0
182.21 182.6 58.0 我 0
182.6 182.99 60.0 太 0
182.99 183.379 60.0 过 0
183.379 183.769 61.0 天 0
184.123 184.513 51.0 真 0
184.513 184.903 58.0 以 0
184.903 185.292 60.0 为 0
185.292 185.682 61.0 奇 0
185.682 186.071 60.0 迹 0
186.071 186.461 58.0 会 0
186.461 186.851 56.0 发 0
187.23 187.62 60.0 生 0
187.62 188.01 60.0 他 0
188.01 188.399 61.0 让 0
188.399 188.789 61.0 你 0
188.789 189.178 60.0 红 0
189.178 189.568 58.0 了 0
189.568 189.958 60.0 眼 0
190.334 190.724 60.0 眶 0
190.724 191.113 60.0 你 0
191.113 191.503 61.0 却 0
191.503 191.893 61.0 还 0
191.893 192.282 58.0 笑 0
192.282 192.672 58.0 着 0
192.672 193.061 60.0 原 0
193.413 193.803 60.0 谅 0
193.803 194.192 60.0 原 0
194.192 194.582 61.0 来 0
194.582 194.972 63.0 你 0
194.972 195.361 56.0 早 0
195.361 195.751 55.0 就 0
195.751 196.14 56.0 想 0
196.195 196.585 58.0 好 0
196.585 196.975 56.0 你 0
196.975 197.364 58.0 要 0
197.364 197.754 60.0 留 0
197.754 198.143 61.0 在 0
198.143 198.533 60.0 谁 0
198.533 198.923 58.0 的 0
198.923 199.312 56.0 身 0
199.74 200.129 53.0 旁 0
200.129 200.519 53.0 我 0
200.519 200.909 63.0 以 0
200.909 201.298 63.0 为 0
201.298 201.688 61.0 我 0
201.688 202.078 60.0 够 0
202.078 202.467 61.0 坚 0
202.842 203.231 51.0 强 0
203.231 203.621 51.0 却 0
203.621 204.011 63.0 一 0
204.011 204.4 61.0 天 0
204.4 204.79 60.0 天 0
204.79 205.179 58.0 地 0
205.179 205.569 60.0 失 0
206.021 206.41 53.0 望 0
206.41 206.8 53.0 少 0
206.8 207.189 58.0 给 0
207.189 207.579 58.0 我 0
207.579 207.969 60.0 一 0
207.969 208.358 60.0 点 0
208.358 208.748 61.0 希 0
209.009 209.399 51.0 望 0
209.399 209.789 58.0 希 0
209.789 210.178 60.0 望 0
210.178 210.568 61.0 就 0
210.568 210.958 60.0 不 0
210.958 211.347 56.0 是 0
211.347 213.295 56.0 奢 0
219.061 219.45 61.0 望 0
219.45 219.84 61.0 我 0
219.84 220.23 62.0 以 0
220.23 220.619 62.0 为 0
220.619 221.009 61.0 我 0
221.009 221.399 59.0 的 0
221.399 221.788 61.0 温 0
222.144 222.533 61.0 柔 0
222.533 222.923 61.0 能 0
222.923 223.313 62.0 给 0
223.313 223.702 62.0 你 0
223.702 224.092 61.0 整 0
224.092 224.481 59.0 个 0
224.481 224.871 61.0 宇 0
225.332 225.721 61.0 宙 0
225.721 226.111 61.0 我 0
226.111 226.5 62.0 以 0
226.5 226.89 64.0 为 0
226.89 227.28 57.0 我 0
227.28 227.669 56.0 能 0
227.669 228.059 57.0 全 0
228.063 228.453 59.0 力 0
228.453 228.842 57.0 填 0
228.842 229.232 59.0 满 0
229.232 229.621 61.0 你 0
229.621 230.011 62.0 感 0
230.011 230.401 61.0 情 0
230.401 230.79 57.0 的 0
230.79 231.18 57.0 缺 0
231.557 231.947 54.0 口 0
231.947 232.337 54.0 专 0
232.337 232.726 64.0 心 0
232.726 233.116 64.0 陪 0
233.116 233.505 62.0 在 0
233.505 233.895 61.0 你 0
233.895 234.285 62.0 左 0
234.524 234.914 52.0 右 0
234.914 235.304 52.0 弥 0
235.304 235.693 64.0 补 0
235.693 236.083 62.0 他 0
236.083 236.472 61.0 一 0
236.472 236.862 59.0 切 0
236.862 237.252 61.0 的 0
237.78 238.17 54.0 错 0
238.17 238.559 54.0 也 0
238.559 238.949 59.0 许 0
238.949 239.339 59.0 我 0
239.339 239.728 61.0 太 0
239.728 240.118 61.0 过 0
240.118 240.507 62.0 天 0
240.864 241.254 52.0 真 0
241.254 241.643 59.0 以 0
241.643 242.033 61.0 为 0
242.033 242.533 62.0 奇 0
242.533 242.908 61.0 迹 0
242.908 243.408 57.0 会 0
243.408 243.908 57.0 发 0
244.345 244.735 61.0 生 0
244.735 245.124 61.0 他 0
245.124 245.514 62.0 让 0
245.514 245.904 62.0 你 0
245.904 246.293 59.0 红 0
246.293 246.683 59.0 了 0
246.683 247.072 61.0 眼 0
247.518 247.908 61.0 眶 0
247.908 248.297 61.0 你 0
248.297 248.687 62.0 却 0
248.687 249.077 62.0 还 0
249.077 249.466 59.0 笑 0
249.466 249.856 59.0 着 0
249.856 250.245 61.0 原 0
250.657 251.047 61.0 谅 0
251.047 251.436 61.0 原 0
251.436 251.826 62.0 来 0
251.826 252.215 64.0 你 0
252.215 252.605 57.0 早 0
252.605 252.995 56.0 就 0
252.995 253.384 57.0 想 0
253.416 253.806 59.0 好 0
253.806 254.195 57.0 你 0
254.195 254.585 59.0 要 0
254.585 254.975 61.0 留 0
254.975 255.364 62.0 在 0
255.364 255.754 61.0 谁 0
255.754 256.144 57.0 的 0
256.144 256.533 57.0 身 0
256.91 257.299 54.0 旁 0
257.299 257.689 54.0 我 0
257.689 258.079 64.0 以 0
258.079 258.468 64.0 为 0
258.468 258.858 62.0 我 0
258.858 259.247 61.0 够 0
259.247 259.637 62.0 坚 0
259.941 260.33 52.0 强 0
260.33 260.72 52.0 却 0
260.72 261.109 64.0 输 0
261.109 261.499 62.0 的 0
261.499 261.889 61.0 那 0
261.889 262.278 59.0 么 0
262.278 262.668 61.0 绝 0
262.99 263.38 54.0 望 0
263.38 263.77 54.0 少 0
263.77 264.159 59.0 给 0
264.159 264.549 59.0 我 0
264.549 264.939 61.0 一 0
264.939 265.328 61.0 点 0
265.328 265.718 62.0 希 0
266.338 266.788 52.0 望 0
266.788 267.238 62.0 希 0
267.238 267.688 61.0 望 0
267.688 268.138 59.0 就 0
268.138 268.738 57.0 不 0
269.638 269.938 56.0 是 0
270.088 273.265 57.0 奢 0
