20.633 20.878 56.0 看 0
20.878 21.124 57.0 不 0
21.124 21.37 57.0 穿 0
21.37 21.616 57.0 你 0
21.616 22.108 57.0 的 0
22.108 22.6 54.0 眼 0
22.6 24.075 61.0 睛 1
24.609 24.855 62.0 藏 0
24.855 25.101 64.0 有 0
25.101 25.347 64.0 多 0
25.347 25.593 64.0 少 0
25.593 26.084 64.0 悲 0
26.084 26.576 64.0 和 0
26.576 27.56 61.0 喜 1
28.06 28.306 61.0 像 0
28.306 28.551 64.0 冰 0
28.551 29.043 59.0 雪 0
29.043 29.289 59.0 细 0
29.289 29.535 59.0 腻 1
30.073 30.319 57.0 又 0
30.319 30.565 54.0 如 0
30.565 31.056 59.0 此 0
31.056 31.302 61.0 透 0
31.302 31.794 59.0 明 1
32.041 32.287 57.0 仿 0
32.287 32.533 59.0 佛 0
32.533 33.025 59.0 片 0
33.025 33.516 61.0 刻 0
33.516 33.885 64.0 就 0
33.885 34.254 61.0 要 0
34.254 34.869 59.0 老 0
34.869 36.467 61.0 去 1
36.848 37.094 66.0 整 0
37.094 37.34 66.0 个 0
37.34 37.709 66.0 城 0
37.709 38.078 66.0 市 0
38.078 38.324 64.0 的 0
38.324 38.815 66.0 孤 0
38.815 39.553 69.0 寂 0
39.553 39.676 66.0 - 1
40.326 40.818 64.0 不 0
40.818 41.309 61.0 止 0
41.309 41.555 64.0 一 0
41.555 41.801 64.0 个 0
41.801 42.047 66.0 - 0
42.047 42.293 64.0 - 0
42.293 43.277 64.0 你 1
43.702 43.948 59.0 只 0
43.948 44.194 59.0 能 0
44.194 44.686 57.0 远 0
44.686 44.932 54.0 远 0
44.932 45.67 54.0 的 1
45.994 46.24 61.0 想 0
46.24 46.732 59.0 像 0
46.732 46.978 52.0 慰 0
46.978 47.716 52.0 藉 1
48.239 48.484 56.0 我 0
48.484 48.73 57.0 们 0
48.73 48.976 57.0 之 0
48.976 49.222 57.0 间 0
49.222 49.468 57.0 的 0
49.468 49.714 57.0 距 0
49.714 50.206 59.0 - 0
50.206 51.681 56.0 离 1
52.073 52.319 56.0 我 0
52.319 52.565 57.0 又 0
52.565 52.811 57.0 不 0
52.811 53.057 57.0 是 0
53.057 53.548 57.0 你 0
53.548 53.794 54.0 的 0
53.794 55.516 61.0 谁 1
56.194 56.44 62.0 不 0
56.44 56.686 64.0 能 0
56.686 56.932 64.0 带 0
56.932 57.178 64.0 给 0
57.178 57.67 64.0 你 0
57.67 58.162 61.0 安 0
58.162 59.145 61.0 慰 1
59.551 59.797 61.0 内 0
59.797 60.043 64.0 心 0
60.043 60.535 59.0 里 0
60.535 60.781 59.0 枯 0
60.781 61.026 59.0 萎 1
61.422 61.668 57.0 凋 0
61.668 61.914 54.0 零 0
61.914 62.406 59.0 的 0
62.406 62.652 61.0 玫 0
62.652 63.144 59.0 瑰 1
63.511 63.757 57.0 仿 0
63.757 64.003 59.0 佛 0
64.003 64.495 59.0 希 0
64.495 64.987 61.0 望 0
64.987 65.356 64.0 化 0
65.356 65.602 61.0 - 0
65.971 66.462 59.0 成 0
66.462 67.938 61.0 灰 1
68.297 68.542 66.0 要 0
68.542 68.788 66.0 不 0
68.788 69.157 66.0 是 0
69.157 69.526 66.0 痛 0
69.526 69.772 64.0 彻 0
69.772 70.264 66.0 心 0
70.264 71.247 69.0 扉 1
71.795 72.287 64.0 谁 0
72.287 72.779 61.0 又 0
72.779 73.025 64.0 记 0
73.025 73.271 64.0 得 0
73.271 73.516 66.0 - 0
73.516 73.762 64.0 - 0
73.762 74.746 64.0 谁 1
75.196 75.442 61.0 只 0
75.442 75.688 64.0 是 0
75.688 76.179 66.0 云 0
76.179 76.425 64.0 和 0
76.425 77.163 66.0 月 0
77.409 77.655 66.0 相 0
77.655 78.147 68.0 互 0
78.147 78.392 61.0 以 0
78.392 78.884 61.0 为 1
78.96 79.698 68.0 是 0
79.698 80.19 69.0 彼 0
80.19 80.682 66.0 此 0
80.682 80.928 66.0 的 0
80.928 81.419 69.0 盈 0
81.419 81.665 68.0 - 0
81.665 82.403 68.0 缺 1
82.657 83.149 69.0 不 0
83.149 83.64 66.0 能 0
83.64 84.378 66.0 哭 0
84.378 84.624 61.0 - 0
84.624 85.608 61.0 喊 0
85.608 86.099 64.0 已 0
86.099 86.345 66.0 破 0
86.345 87.329 66.0 碎 1
87.599 88.091 64.0 曾 0
88.091 88.582 64.0 经 0
88.582 88.828 59.0 的 0
88.828 89.074 62.0 最 0
89.074 89.32 64.0 - 0
89.32 89.566 61.0 - 0
89.566 90.55 61.0 美 1
91.026 91.272 61.0 独 0
91.272 91.518 59.0 自 0
91.518 92.01 54.0 一 0
92.01 92.256 54.0 个 0
92.256 92.994 54.0 人 0
93.24 93.485 66.0 熟 0
93.485 93.977 64.0 悉 0
93.977 94.223 64.0 的 0
94.223 95.002 66.0 街 1
95.426 95.918 66.0 别 0
95.918 96.409 66.0 问 0
96.409 96.737 66.0 你 0
96.737 97.065 64.0 在 0
97.065 97.393 61.0 想 0
97.393 97.885 59.0 谁 1
98.3 98.791 69.0 不 0
98.791 99.283 68.0 去 0
99.283 100.021 66.0 追 0
100.021 100.267 61.0 - 0
100.267 101.25 61.0 悔 0
101.25 101.742 64.0 已 0
101.742 101.988 66.0 憔 0
101.988 102.726 66.0 悴 1
103.276 103.767 64.0 爱 0
103.767 104.259 64.0 过 0
104.259 104.505 59.0 的 0
104.505 104.751 62.0 机 0
104.751 104.997 64.0 - 0
104.997 105.243 61.0 - 0
105.243 106.226 61.0 会 1
106.713 106.959 61.0 真 0
106.959 107.205 59.0 实 0
107.205 107.697 57.0 已 0
107.697 107.943 54.0 粉 0
107.943 108.68 54.0 碎 0
108.926 109.172 66.0 人 0
109.172 109.582 64.0 事 0
109.582 109.91 64.0 已 0
109.91 110.894 66.0 非 1
111.095 111.341 66.0 还 0
111.341 111.587 68.0 有 0
111.587 111.833 68.0 什 0
111.833 112.079 68.0 么 0
112.079 112.571 69.0 最 0
112.571 112.817 68.0 可 0
112.817 115.522 66.0 贵 1
130.949 131.194 56.0 我 0
131.194 131.44 57.0 又 0
131.44 131.686 57.0 不 0
131.686 131.932 57.0 是 0
131.932 132.424 57.0 你 0
132.424 132.916 54.0 的 0
132.916 133.899 61.0 谁 1
134.727 134.973 62.0 不 0
134.973 135.219 64.0 能 0
135.219 135.465 64.0 带 0
135.465 135.711 64.0 给 0
135.711 136.202 64.0 你 0
136.202 136.694 61.0 安 0
136.694 137.678 61.0 慰 1
138.216 138.462 61.0 忍 0
138.462 138.707 64.0 心 0
138.707 139.199 59.0 你 0
139.199 139.445 59.0 枯 0
139.445 139.691 59.0 萎 1
140.273 140.519 57.0 凋 0
140.519 140.765 54.0 零 0
140.765 141.256 59.0 的 0
141.256 141.502 61.0 玫 0
141.502 141.994 59.0 瑰 1
142.151 142.397 57.0 仿 0
142.397 142.643 59.0 佛 0
142.643 143.135 59.0 希 0
143.135 143.626 61.0 望 0
143.626 143.995 64.0 化 0
143.995 144.241 61.0 - 0
144.61 145.102 59.0 成 0
145.102 146.577 61.0 灰 1
147.108 147.354 66.0 要 0
147.354 147.6 66.0 不 0
147.6 147.969 66.0 是 0
147.969 148.338 66.0 痛 0
148.338 148.583 64.0 彻 0
148.583 149.075 66.0 心 0
149.075 149.813 69.0 扉 0
149.813 149.936 66.0 - 1
150.498 150.99 64.0 谁 0
150.99 151.481 61.0 又 0
151.481 151.727 64.0 记 0
151.727 151.973 64.0 得 0
151.973 152.219 66.0 - 0
152.219 152.465 64.0 - 0
152.465 153.449 64.0 谁 1
154.048 154.294 61.0 只 0
154.294 154.54 64.0 是 0
154.54 155.032 66.0 云 0
155.032 155.278 64.0 和 0
155.278 156.016 66.0 月 0
156.261 156.507 66.0 相 0
156.507 156.999 68.0 互 0
156.999 157.245 61.0 以 0
157.245 157.737 61.0 为 1
157.742 158.48 68.0 是 0
158.48 158.971 69.0 彼 0
158.971 159.463 66.0 此 0
159.463 159.709 66.0 的 0
159.709 160.201 69.0 盈 0
160.201 160.447 68.0 - 0
160.447 161.184 68.0 缺 1
161.3 161.792 69.0 不 0
161.792 162.284 66.0 能 0
162.284 163.022 66.0 哭 0
163.022 163.268 61.0 - 0
163.268 164.251 61.0 喊 0
164.251 164.743 64.0 已 0
164.743 164.989 66.0 破 0
164.989 165.973 66.0 碎 1
166.16 166.652 64.0 曾 0
166.652 167.144 64.0 经 0
167.144 167.39 59.0 的 0
167.39 167.636 62.0 最 0
167.636 167.882 64.0 - 0
167.882 168.128 61.0 - 0
168.128 169.111 61.0 美 1
169.626 169.872 61.0 独 0
169.872 170.118 59.0 自 0
170.118 170.61 54.0 一 0
170.61 170.856 54.0 个 0
170.856 171.593 54.0 人 0
171.839 172.085 66.0 熟 0
172.085 172.577 64.0 悉 0
172.577 172.823 64.0 的 0
172.823 173.601 66.0 街 1
174.168 174.66 66.0 别 0
174.66 175.152 66.0 问 0
175.152 175.48 66.0 你 0
175.48 175.808 64.0 在 0
175.808 176.135 61.0 想 0
176.135 176.627 59.0 谁 1
177.092 177.584 69.0 不 0
177.584 178.076 68.0 去 0
178.076 178.813 66.0 追 0
178.813 179.059 61.0 - 0
179.059 180.043 61.0 悔 0
180.043 180.535 64.0 已 0
180.535 180.781 66.0 粉 0
180.781 181.518 66.0 碎 1
181.933 182.425 64.0 爱 0
182.425 182.917 64.0 过 0
182.917 183.163 59.0 的 0
183.163 183.409 62.0 机 0
183.409 183.654 64.0 - 0
183.654 183.9 61.0 - 0
183.9 184.884 61.0 会 1
185.428 185.674 61.0 真 0
185.674 185.92 59.0 实 0
185.92 186.411 54.0 已 0
186.411 186.657 54.0 粉 0
186.657 187.395 54.0 碎 0
187.641 187.887 66.0 人 0
187.887 188.297 64.0 事 0
188.297 188.624 64.0 已 0
188.624 189.608 66.0 非 1
189.792 190.038 66.0 还 0
190.038 190.284 68.0 有 0
190.284 190.53 68.0 什 0
190.53 190.776 68.0 么 0
190.776 191.267 69.0 最 0
191.267 191.513 68.0 可 0
191.513 195.243 66.0 贵 1
212.392 212.884 69.0 不 0
212.884 213.376 66.0 能 0
213.376 214.113 66.0 哭 0
214.113 214.359 61.0 - 0
214.359 215.343 61.0 喊 0
215.343 215.835 64.0 已 0
215.835 216.08 66.0 破 0
216.08 217.064 66.0 碎 1
217.333 217.825 64.0 曾 0
217.825 218.317 64.0 经 0
218.317 218.562 59.0 的 0
218.562 218.808 62.0 最 0
218.808 219.054 64.0 - 0
219.054 219.3 61.0 - 0
219.3 220.284 61.0 美 1
220.933 221.179 61.0 独 0
221.179 221.424 59.0 自 0
221.424 221.916 54.0 一 0
221.916 222.162 54.0 个 0
222.162 222.9 54.0 人 0
223.146 223.392 66.0 熟 0
223.392 223.883 64.0 悉 0
223.883 224.129 64.0 的 0
224.129 224.908 66.0 街 1
225.241 225.733 66.0 别 0
225.733 226.224 66.0 问 0
226.224 226.552 66.0 你 0
226.552 226.88 64.0 在 0
226.88 227.208 61.0 想 0
227.208 227.7 59.0 谁 1
228.324 228.815 69.0 不 0
228.815 229.307 68.0 去 0
229.307 230.045 66.0 追 0
230.045 230.291 61.0 - 0
230.291 231.274 61.0 悔 0
231.274 231.766 64.0 已 0
231.766 232.012 66.0 憔 0
232.012 232.75 66.0 悴 1
233.137 233.629 64.0 爱 0
233.629 234.12 64.0 过 0
234.12 234.366 59.0 的 0
234.366 234.612 62.0 机 0
234.612 234.858 64.0 - 0
234.858 235.104 61.0 - 0
235.104 236.088 61.0 会 1
236.656 236.902 61.0 真 0
236.902 237.148 59.0 实 0
237.148 237.64 57.0 已 0
237.64 237.886 54.0 粉 0
237.886 238.624 54.0 碎 0
238.869 239.115 66.0 人 0
239.115 239.525 64.0 事 0
239.525 239.853 64.0 已 0
239.853 240.837 66.0 非 1
241.039 241.284 66.0 还 0
241.284 241.53 68.0 有 0
241.53 241.776 68.0 什 0
241.776 242.022 68.0 么 0
242.022 242.76 69.0 最 0
242.76 243.006 68.0 可 0
243.006 247.555 66.0 贵 1
