32.432 32.662 54.0 如 0
32.662 32.892 54.0 果 0
32.892 33.124 59.0 爱 0
33.124 33.355 59.0 是 0
33.355 33.586 59.0 一 0
33.586 33.818 59.0 杯 0
33.818 34.28 59.0 穿 0
34.28 34.512 59.0 肠 0
34.512 34.743 57.0 的 0
34.743 34.975 59.0 毒 0
34.975 35.437 62.0 药 1
36.247 36.478 54.0 我 0
36.478 36.934 57.0 喝 0
36.934 37.275 54.0 过 1
39.694 39.924 54.0 如 0
39.927 40.157 54.0 果 0
40.16 40.392 59.0 情 0
40.392 40.623 59.0 是 0
40.623 40.854 59.0 一 0
40.854 41.086 59.0 汪 0
41.086 41.317 59.0 人 0
41.317 41.548 59.0 世 0
41.548 41.78 59.0 间 0
41.78 42.011 57.0 的 0
42.011 42.241 59.0 浑 0
42.241 42.704 57.0 水 1
43.747 43.977 54.0 我 0
43.977 44.433 57.0 趟 0
44.433 44.776 52.0 过 1
47.255 47.487 54.0 如 0
47.487 47.72 54.0 果 0
47.72 47.953 57.0 我 0
47.953 48.185 57.0 的 0
48.185 48.418 57.0 命 0
48.418 48.65 57.0 运 0
48.65 49.115 57.0 注 0
49.115 49.348 54.0 定 0
49.348 49.812 52.0 坎 0
49.812 50.159 54.0 坷 1
50.652 50.884 57.0 我 0
50.884 51.115 57.0 不 0
51.115 51.346 57.0 会 0
51.346 51.694 59.0 问 0
52.272 52.735 59.0 为 0
52.735 52.966 57.0 什 0
52.966 53.427 57.0 么 1
54.646 54.875 54.0 如 0
54.875 55.104 54.0 果 0
55.104 55.333 57.0 自 0
55.333 55.562 57.0 暴 0
55.562 55.79 57.0 自 0
55.79 56.019 57.0 弃 0
56.019 56.476 57.0 怨 0
56.476 56.705 54.0 天 0
56.705 57.165 52.0 由 0
57.165 57.396 54.0 命 1
57.497 57.728 54.0 那 0
57.728 58.191 62.0 不 0
58.191 58.422 61.0 是 0
58.422 58.769 59.0 我 0
58.769 59.347 59.0 - 1
61.948 62.179 54.0 如 0
62.179 62.408 54.0 果 0
62.411 62.639 59.0 你 0
62.639 62.871 59.0 有 0
62.871 63.102 59.0 一 0
63.102 63.334 59.0 双 0
63.334 63.796 59.0 飞 0
63.796 64.028 59.0 翔 0
64.028 64.259 57.0 的 0
64.259 64.491 59.0 翅 0
64.491 64.953 62.0 膀 1
65.822 66.053 57.0 还 0
66.053 66.514 54.0 等 0
66.514 66.745 57.0 什 0
66.745 66.976 57.0 么 0
66.976 67.322 54.0 - 1
69.236 69.457 54.0 如 0
69.465 69.681 54.0 果 0
69.695 69.922 59.0 你 0
69.926 70.157 59.0 的 0
70.157 70.389 59.0 泪 0
70.389 70.62 59.0 水 0
70.62 70.852 59.0 已 0
70.852 71.083 59.0 经 0
71.083 71.314 59.0 汇 0
71.314 71.546 57.0 聚 0
71.546 71.772 59.0 成 0
71.772 72.225 57.0 河 1
73.069 73.295 54.0 你 0
73.295 73.521 54.0 在 0
73.521 73.992 57.0 酿 0
73.992 74.227 50.0 酒 0
74.227 74.58 52.0 吗 1
76.628 76.856 54.0 如 0
76.856 77.084 54.0 果 0
77.084 77.317 57.0 历 0
77.317 77.55 57.0 尽 0
77.55 77.782 57.0 磨 0
77.782 78.015 57.0 难 0
78.015 78.48 57.0 受 0
78.48 78.713 54.0 尽 0
78.713 79.177 52.0 挫 0
79.177 79.524 54.0 折 1
80.174 80.405 57.0 老 0
80.405 80.636 57.0 天 0
80.636 80.868 57.0 还 0
80.868 81.099 59.0 依 0
81.099 81.562 59.0 然 0
81.562 81.794 59.0 不 0
81.794 82.257 59.0 放 0
82.257 82.488 57.0 过 0
82.488 82.951 57.0 我 1
84.082 84.313 54.0 那 0
84.313 84.542 54.0 么 0
84.544 84.775 57.0 就 0
84.775 85.005 57.0 让 0
85.005 85.234 57.0 狂 0
85.236 85.466 57.0 风 0
85.466 85.927 54.0 暴 0
85.927 86.158 54.0 雨 0
86.158 86.619 52.0 来 0
86.619 86.849 54.0 的 1
87.285 87.631 62.0 更 0
87.631 87.977 61.0 猛 0
87.977 88.207 62.0 烈 0
88.207 88.552 61.0 些 0
88.552 89.013 59.0 吧 1
91.427 91.657 54.0 如 0
91.657 91.887 54.0 果 0
91.887 92.117 57.0 历 0
92.117 92.348 57.0 尽 0
92.348 92.578 57.0 磨 0
92.578 92.808 57.0 难 0
92.808 93.268 57.0 受 0
93.268 93.498 54.0 尽 0
93.498 93.96 52.0 挫 0
93.96 94.191 54.0 折 1
94.99 95.222 57.0 老 0
95.222 95.453 57.0 天 0
95.453 95.684 57.0 还 0
95.684 95.915 59.0 依 0
95.915 96.378 59.0 然 0
96.378 96.609 59.0 不 0
96.609 97.072 59.0 放 0
97.072 97.304 57.0 过 0
97.304 97.535 57.0 我 0
97.535 97.882 54.0 - 1
98.786 99.017 54.0 那 0
99.017 99.249 54.0 么 0
99.249 99.479 57.0 就 0
99.479 99.71 57.0 让 0
99.71 99.94 57.0 狂 0
99.94 100.171 57.0 风 0
100.171 100.632 54.0 暴 0
100.632 100.862 54.0 雨 0
100.862 101.324 52.0 来 0
101.324 101.555 54.0 的 1
102.033 102.341 66.0 更 0
102.341 102.65 64.0 猛 0
102.65 102.958 66.0 烈 0
102.958 103.188 66.0 些 0
103.188 106.169 66.0 吧 1
106.605 107.126 66.0 把 0
107.126 107.531 59.0 - 0
107.531 107.993 59.0 酒 0
107.993 108.456 62.0 倒 0
108.456 108.919 57.0 满 0
108.919 109.382 54.0 - 0
110.307 110.615 62.0 来 0
110.615 110.924 62.0 他 0
110.924 111.232 62.0 个 0
111.232 111.464 62.0 不 0
111.464 111.926 59.0 醉 0
111.926 112.158 66.0 不 0
112.158 112.843 66.0 休 1
113.841 114.069 59.0 我 0
114.069 114.535 69.0 不 0
114.535 114.769 59.0 想 0
114.769 115.002 59.0 再 0
115.002 115.235 59.0 问 0
115.235 115.702 66.0 君 0
115.702 115.935 66.0 有 0
115.935 116.168 64.0 几 0
116.168 116.635 66.0 多 0
116.635 117.101 57.0 愁 1
117.912 118.141 62.0 所 0
118.141 118.371 62.0 有 0
118.371 118.6 62.0 烦 0
118.6 118.83 62.0 恼 0
118.83 119.289 66.0 向 0
119.289 119.518 69.0 东 0
119.518 119.977 64.0 流 0
119.977 120.666 64.0 - 1
121.438 122.361 66.0 把 0
122.361 122.823 59.0 酒 0
122.823 123.284 62.0 倒 0
123.284 123.746 54.0 满 0
123.746 124.208 54.0 - 0
125.13 125.437 62.0 来 0
125.437 125.744 62.0 他 0
125.744 126.053 62.0 个 0
126.056 126.259 62.0 不 0
126.281 126.741 59.0 醉 0
126.741 126.972 66.0 不 0
126.972 127.657 66.0 休 1
128.631 128.862 59.0 我 0
128.862 129.325 69.0 不 0
129.325 129.556 59.0 想 0
129.556 129.788 59.0 再 0
129.788 130.019 59.0 问 0
130.019 130.482 66.0 君 0
130.482 130.713 66.0 有 0
130.713 130.945 64.0 几 0
130.945 131.407 66.0 多 0
131.407 131.874 57.0 愁 1
132.626 132.856 62.0 幸 0
132.857 133.087 62.0 福 0
133.087 133.318 62.0 的 0
133.318 133.549 62.0 人 0
133.549 134.008 66.0 请 0
134.01 134.241 69.0 举 0
134.241 136.318 64.0 手 0
137.243 137.706 66.0 跟 0
137.706 137.937 66.0 我 0
137.937 140.01 62.0 走 1
169.128 169.358 54.0 如 0
169.359 169.59 54.0 果 0
169.59 169.82 59.0 你 0
169.82 170.041 59.0 有 0
170.05 170.271 59.0 一 0
170.279 170.495 59.0 双 0
170.509 170.968 59.0 飞 0
170.968 171.197 59.0 翔 0
171.197 171.427 57.0 的 0
171.427 171.657 59.0 翅 0
171.657 172.12 62.0 膀 1
172.945 173.175 57.0 还 0
173.175 173.635 54.0 等 0
173.635 173.864 57.0 什 0
173.864 174.441 54.0 么 1
176.337 176.567 54.0 如 0
176.567 176.797 54.0 果 0
176.797 177.028 59.0 你 0
177.028 177.255 59.0 的 0
177.259 177.476 59.0 泪 0
177.489 177.697 59.0 水 0
177.72 177.938 59.0 已 0
177.951 178.168 59.0 经 0
178.182 178.413 59.0 汇 0
178.413 178.644 57.0 聚 0
178.644 178.874 59.0 成 0
178.874 179.336 57.0 河 1
180.095 180.326 54.0 你 0
180.326 180.556 54.0 在 0
180.556 181.019 57.0 酿 0
181.019 181.251 50.0 酒 0
181.251 181.604 52.0 吗 1
183.864 184.093 54.0 如 0
184.096 184.325 54.0 果 0
184.327 184.55 57.0 历 0
184.559 184.782 57.0 尽 0
184.79 185.013 57.0 磨 0
185.022 185.244 57.0 难 0
185.253 185.716 54.0 受 0
185.716 185.947 54.0 尽 0
185.947 186.409 52.0 挫 0
186.409 186.755 54.0 折 1
187.277 187.504 57.0 老 0
187.507 187.734 57.0 天 0
187.738 187.96 57.0 还 0
187.969 188.191 59.0 依 0
188.2 188.659 59.0 然 0
188.663 188.876 59.0 不 0
188.894 189.357 59.0 放 0
189.357 189.588 57.0 过 0
189.588 190.051 57.0 我 1
191.208 191.439 54.0 那 0
191.439 191.669 54.0 么 0
191.67 191.89 57.0 就 0
191.9 192.125 57.0 让 0
192.13 192.359 57.0 狂 0
192.36 192.584 57.0 风 0
192.59 193.044 57.0 暴 0
193.05 193.28 54.0 雨 0
193.28 193.741 52.0 来 0
193.741 193.972 54.0 的 1
194.493 194.839 62.0 更 0
194.84 195.186 61.0 猛 0
195.186 195.417 62.0 烈 0
195.417 195.763 61.0 些 0
195.764 196.224 59.0 吧 1
198.519 198.746 54.0 如 0
198.749 198.957 54.0 果 0
198.98 199.195 57.0 历 0
199.209 199.419 57.0 尽 0
199.437 199.639 57.0 磨 0
199.666 199.881 57.0 难 0
199.895 200.334 57.0 受 0
200.352 200.581 54.0 尽 0
200.581 201.039 52.0 挫 0
201.039 201.268 54.0 折 1
201.96 202.181 57.0 老 0
202.189 202.405 57.0 天 0
202.417 202.646 57.0 还 0
202.646 202.879 59.0 依 0
202.879 203.342 59.0 然 0
203.346 203.577 59.0 不 0
203.579 204.046 57.0 放 0
204.046 204.279 57.0 过 0
204.279 204.51 57.0 我 0
204.512 204.862 54.0 - 1
205.937 206.168 54.0 那 0
206.17 206.401 54.0 么 0
206.403 206.633 57.0 就 0
206.633 206.863 57.0 让 0
206.863 207.076 57.0 狂 0
207.093 207.31 57.0 风 0
207.323 207.77 57.0 暴 0
207.783 208.012 54.0 雨 0
208.012 208.473 52.0 来 0
208.473 208.704 54.0 的 1
209.109 209.417 66.0 更 0
209.417 209.724 64.0 猛 0
209.724 210.032 66.0 烈 0
210.032 210.494 66.0 些 0
210.494 213.247 66.0 吧 1
213.779 214.705 66.0 把 0
214.705 215.168 59.0 酒 0
215.168 215.63 62.0 倒 0
215.63 216.093 54.0 满 0
216.093 216.556 54.0 - 0
217.481 217.79 62.0 来 0
217.79 218.098 62.0 他 0
218.098 218.407 62.0 个 0
218.407 218.638 62.0 不 0
218.638 219.101 59.0 醉 0
219.101 219.332 66.0 不 0
219.332 220.026 66.0 休 1
220.983 221.214 59.0 我 0
221.214 221.677 69.0 不 0
221.677 221.908 59.0 想 0
221.908 222.14 59.0 再 0
222.14 222.371 59.0 问 0
222.371 222.834 66.0 君 0
222.834 223.065 66.0 有 0
223.065 223.296 64.0 几 0
223.296 223.759 66.0 多 0
223.759 224.222 57.0 愁 1
224.804 225.031 62.0 所 0
225.031 225.259 62.0 有 0
225.259 225.486 62.0 烦 0
225.486 225.714 62.0 恼 0
225.714 226.168 66.0 向 0
226.168 226.396 69.0 东 0
226.396 226.854 66.0 流 0
226.854 227.544 64.0 - 1
228.552 229.477 66.0 把 0
229.477 229.94 59.0 酒 0
229.94 230.402 62.0 倒 0
230.402 230.865 54.0 满 0
230.865 231.328 54.0 - 0
232.253 232.562 62.0 来 0
232.562 232.87 62.0 他 0
232.87 233.179 62.0 个 0
233.179 233.41 62.0 不 0
233.41 233.873 59.0 醉 0
233.873 234.104 66.0 不 0
234.104 234.789 66.0 休 1
235.664 235.895 62.0 我 0
235.895 236.357 69.0 不 0
236.357 236.588 59.0 想 0
236.588 236.819 59.0 再 0
236.819 237.049 59.0 问 0
237.049 237.511 66.0 君 0
237.511 237.742 66.0 有 0
237.742 237.973 64.0 几 0
237.973 238.435 66.0 多 0
238.435 238.897 57.0 愁 1
239.584 239.813 62.0 幸 0
239.815 240.046 62.0 福 0
240.046 240.277 62.0 的 0
240.277 240.508 62.0 人 0
240.508 240.967 66.0 请 0
240.97 241.201 69.0 举 0
241.201 243.279 64.0 手 0
244.206 244.669 66.0 跟 0
244.669 244.9 66.0 我 0
244.9 246.97 62.0 走 1
248.766 248.997 62.0 幸 0
248.997 249.228 62.0 福 0
249.228 249.46 62.0 的 0
249.46 249.691 62.0 人 0
249.691 250.154 66.0 请 0
250.154 250.385 69.0 举 0
250.385 252.467 64.0 手 0
255.125 255.408 66.0 跟 0
255.414 256.902 66.0 我 0
258.014 261.686 62.0 走 1
