20.461 20.69 56.0 你 0
20.77 21.077 56.0 说 0
21.079 21.541 65.0 的 0
21.698 22.468 65.0 话 1
22.853 23.16 61.0 我 0
23.162 23.469 63.0 都 0
23.471 23.855 68.0 相 0
24.09 24.474 68.0 信 1
25.368 25.755 68.0 说 0
25.755 25.984 60.0 得 0
25.987 26.603 60.0 好 0
26.605 27.144 61.0 听 1
27.784 28.168 61.0 说 0
28.248 28.4 61.0 得 0
28.403 29.019 60.0 甜 0
29.021 29.637 65.0 蜜 1
30.337 30.875 56.0 你 0
30.955 32.112 58.0 说 0
32.192 32.886 60.0 的 0
33.429 33.968 68.0 每 0
34.048 34.587 65.0 一 0
34.666 35.437 61.0 句 0
35.594 35.901 61.0 我 0
35.904 37.061 58.0 都 1
37.734 38.35 61.0 相 0
38.353 39.201 63.0 信 1
40.179 40.563 56.0 为 0
40.643 40.795 56.0 了 0
40.798 41.182 65.0 爱 0
41.417 42.187 65.0 情 1
42.635 43.096 61.0 失 0
43.099 43.251 63.0 了 0
43.253 43.56 68.0 聪 0
43.872 44.488 68.0 明 1
45.232 45.616 68.0 听 0
45.696 45.848 60.0 你 0
45.85 46.466 60.0 的 0
46.469 47.085 61.0 话 1
47.671 48.055 61.0 闭 0
48.135 48.287 61.0 上 0
48.29 48.906 60.0 眼 0
48.908 49.602 65.0 睛 1
50.068 50.607 56.0 这 0
50.687 51.844 58.0 个 0
51.924 52.617 60.0 梦 0
53.161 53.777 68.0 多 0
53.78 54.396 65.0 美 0
54.398 54.937 61.0 丽 0
55.326 55.633 61.0 让 0
55.635 56.638 58.0 它 1
57.59 58.129 60.0 继 0
58.209 59.366 61.0 续 1
59.914 60.221 61.0 你 0
60.224 60.53 63.0 说 0
60.533 61.071 65.0 的 0
61.151 61.767 68.0 话 0
61.77 62.309 63.0 总 0
62.389 62.927 65.0 那 0
63.007 63.314 63.0 么 0
63.316 63.932 58.0 好 0
63.935 64.551 61.0 听 1
65.033 65.262 63.0 你 0
65.342 65.571 65.0 爱 0
65.651 66.267 66.0 不 0
66.27 66.886 70.0 爱 0
66.888 67.504 65.0 我 0
67.51 68.123 66.0 不 0
68.126 68.432 65.0 能 0
68.435 68.896 63.0 确 0
69.053 69.669 63.0 定 1
69.864 70.171 61.0 也 0
70.173 70.48 63.0 许 0
70.483 71.099 65.0 你 0
71.101 71.717 68.0 只 0
71.72 72.336 63.0 把 0
72.338 72.954 65.0 他 0
72.957 73.264 63.0 当 0
73.266 73.805 58.0 游 0
73.885 74.423 61.0 戏 1
74.897 75.203 63.0 我 0
75.206 75.513 65.0 却 0
75.515 76.131 66.0 爱 0
76.134 76.752 65.0 得 0
76.752 77.368 61.0 太 0
77.371 77.832 63.0 用 0
77.989 79.765 61.0 力 1
99.62 99.849 56.0 你 0
99.929 100.236 56.0 说 0
100.238 100.7 65.0 的 0
100.857 101.628 65.0 话 1
102.05 102.357 61.0 我 0
102.359 102.666 63.0 都 0
102.669 103.053 68.0 相 0
103.287 103.671 68.0 信 1
104.541 105.003 68.0 说 0
105.005 105.157 60.0 得 0
105.16 105.776 60.0 好 0
105.778 106.317 61.0 听 1
107.046 107.43 61.0 说 0
107.51 107.662 61.0 得 0
107.664 108.28 60.0 甜 0
108.283 108.899 65.0 蜜 1
109.531 110.069 56.0 你 0
110.149 111.307 58.0 说 0
111.387 112.08 60.0 的 0
112.624 113.162 68.0 每 0
113.242 113.781 65.0 一 0
113.861 114.631 61.0 句 0
114.789 115.095 61.0 我 0
115.098 116.255 58.0 都 1
116.832 117.448 61.0 相 0
117.45 118.298 63.0 信 1
119.354 119.738 56.0 为 0
119.818 119.97 56.0 了 0
119.972 120.356 65.0 爱 0
120.591 121.361 65.0 情 1
121.768 122.229 61.0 失 0
122.232 122.384 63.0 了 0
122.387 122.693 68.0 聪 0
123.005 123.621 68.0 明 1
124.288 124.672 68.0 听 0
124.752 124.904 60.0 你 0
124.907 125.523 60.0 的 0
125.525 126.141 61.0 话 1
126.726 127.11 61.0 闭 0
127.19 127.342 61.0 上 0
127.345 127.961 60.0 眼 0
127.964 128.657 65.0 睛 1
129.2 129.738 56.0 这 0
129.818 130.975 58.0 个 0
131.055 131.749 60.0 梦 0
132.292 132.908 68.0 多 0
132.911 133.527 65.0 美 0
133.53 134.068 61.0 丽 0
134.457 134.764 61.0 让 0
134.767 135.769 58.0 它 1
136.744 137.283 60.0 继 0
137.363 138.52 61.0 续 1
139.18 139.486 61.0 你 0
139.489 139.796 63.0 说 0
139.798 140.337 65.0 的 0
140.417 141.033 68.0 话 0
141.035 141.574 63.0 总 0
141.654 142.192 65.0 那 0
142.272 142.579 63.0 么 0
142.582 143.198 58.0 好 0
143.2 143.816 61.0 听 1
144.02 144.249 63.0 你 0
144.329 144.559 65.0 爱 0
144.639 145.255 66.0 不 0
145.257 145.873 70.0 爱 0
145.876 146.492 65.0 我 0
146.497 147.11 66.0 不 0
147.113 147.42 65.0 能 0
147.422 147.883 63.0 确 0
148.041 148.657 63.0 定 1
149.123 149.43 61.0 也 0
149.433 149.739 63.0 许 0
149.742 150.358 65.0 你 0
150.361 150.977 68.0 只 0
150.979 151.595 63.0 把 0
151.598 152.214 65.0 爱 0
152.216 152.523 63.0 当 0
152.526 153.064 58.0 游 0
153.144 153.683 61.0 戏 1
153.978 154.285 63.0 我 0
154.287 154.594 65.0 却 0
154.597 155.212 66.0 没 0
155.215 155.834 65.0 那 0
155.834 156.45 61.0 么 0
156.452 156.991 63.0 聪 0
157.071 158.615 61.0 明 1
158.887 159.194 61.0 你 0
159.197 159.503 63.0 说 0
159.506 160.045 65.0 的 0
160.125 160.74 68.0 话 0
160.743 161.282 63.0 总 0
161.362 161.9 65.0 那 0
161.98 162.287 63.0 么 0
162.289 162.905 58.0 好 0
162.908 163.524 61.0 听 1
163.881 164.11 63.0 你 0
164.19 164.42 65.0 爱 0
164.499 165.115 66.0 不 0
165.118 165.734 70.0 爱 0
165.737 166.353 65.0 我 0
166.358 166.971 66.0 不 0
166.974 167.28 65.0 想 0
167.283 167.744 63.0 确 0
167.901 168.517 63.0 定 1
168.878 169.185 61.0 我 0
169.188 169.494 63.0 会 0
169.497 170.113 65.0 关 0
170.115 170.731 68.0 掉 0
170.734 171.35 63.0 你 0
171.353 171.969 65.0 送 0
171.971 172.278 63.0 的 0
172.28 172.819 58.0 手 0
172.899 173.438 61.0 机 1
173.867 174.173 63.0 然 0
174.176 174.483 65.0 后 0
174.485 175.101 66.0 静 0
175.104 175.72 65.0 静 0
175.722 176.34 61.0 不 0
176.343 176.95 63.0 去 0
177.04 178.433 65.0 理 1
179.072 179.37 63.0 你 0
179.372 179.67 65.0 说 0
179.672 180.211 67.0 的 0
180.291 180.907 70.0 话 0
180.909 181.448 65.0 总 0
181.528 182.067 67.0 那 0
182.147 182.453 65.0 么 0
182.456 183.072 60.0 好 0
183.074 183.69 63.0 听 1
184.023 184.253 65.0 你 0
184.333 184.562 67.0 爱 0
184.642 185.258 68.0 不 0
185.26 185.876 72.0 爱 0
185.879 186.495 67.0 我 0
186.5 187.113 68.0 不 0
187.116 187.423 67.0 想 0
187.503 187.887 65.0 确 0
188.044 188.66 65.0 定 1
188.992 189.298 63.0 我 0
189.301 189.608 65.0 会 0
189.61 190.226 67.0 关 0
190.229 190.845 70.0 掉 0
190.847 191.463 65.0 你 0
191.466 192.082 67.0 送 0
192.084 192.391 65.0 的 0
192.394 192.932 60.0 手 0
193.012 193.551 63.0 机 1
193.832 194.139 65.0 然 0
194.141 194.448 67.0 后 0
194.451 195.067 68.0 静 0
195.069 195.685 67.0 静 1
196.91 197.526 68.0 静 0
197.528 198.84 67.0 静 1
199.068 199.375 67.0 是 0
199.377 199.993 68.0 再 0
199.996 200.612 67.0 也 0
200.614 201.076 63.0 不 0
201.233 201.849 65.0 去 0
201.851 203.782 63.0 理 1
