16.733 17.042 56.0 我 0
17.046 17.292 59.0 想 0
17.296 17.792 61.0 做 0
17.797 18.043 59.0 一 0
18.047 18.168 56.0 个 0
18.297 18.793 56.0 梦 0
18.797 19.043 59.0 给 0
19.048 19.919 61.0 你 1
20.506 20.752 59.0 填 0
20.756 21.002 61.0 满 0
21.006 21.252 63.0 你 0
21.256 21.753 64.0 心 0
21.757 22.003 63.0 中 0
22.007 22.128 61.0 所 0
22.257 22.754 61.0 有 0
22.758 23.129 59.0 空 0
23.258 24.13 56.0 隙 1
25.164 25.41 56.0 让 0
25.414 25.66 59.0 流 0
25.664 26.035 61.0 过 0
26.102 26.348 61.0 泪 0
26.352 26.723 61.0 后 0
26.853 27.286 61.0 的 0
27.353 27.536 59.0 苦 0
27.603 27.912 59.0 涩 1
27.954 28.137 59.0 转 0
28.204 28.7 59.0 成 0
28.704 29.075 59.0 甜 0
29.205 30.827 56.0 蜜 1
32.722 32.968 56.0 我 0
32.972 33.218 59.0 想 0
33.222 33.718 61.0 摘 0
33.722 33.968 59.0 两 0
33.973 34.094 56.0 颗 0
34.223 34.719 56.0 星 0
34.723 34.969 59.0 给 0
34.973 35.219 59.0 你 0
35.224 35.72 61.0 - 1
36.612 36.795 61.0 放 0
36.862 37.108 61.0 在 0
37.112 37.358 63.0 你 0
37.362 37.859 64.0 眺 0
37.863 38.109 63.0 望 0
38.113 38.234 61.0 我 0
38.363 38.859 61.0 的 0
38.864 39.36 59.0 眼 0
39.364 40.361 56.0 里 1
40.824 41.07 56.0 于 0
41.074 41.32 54.0 是 0
41.325 41.821 56.0 黑 0
41.825 42.071 49.0 夜 0
42.075 42.321 52.0 里 1
42.573 42.756 52.0 你 0
42.823 43.069 52.0 可 0
43.073 43.319 54.0 以 0
43.323 43.694 56.0 整 0
43.824 44.07 61.0 夜 0
44.074 44.508 56.0 看 0
44.574 44.945 54.0 我 1
45.224 45.591 52.0 如 0
45.718 46.205 52.0 何 0
46.209 46.636 51.0 的 0
46.701 46.943 52.0 想 0
46.947 47.25 51.0 - 0
47.254 49.218 49.0 你 1
50.892 51.137 56.0 我 0
51.142 51.387 59.0 想 0
51.391 51.887 61.0 留 0
51.891 52.137 59.0 一 0
52.141 52.324 56.0 张 0
52.39 52.886 56.0 纸 0
52.89 53.136 59.0 给 0
53.14 54.01 61.0 你 1
54.531 54.776 61.0 告 0
54.78 55.026 61.0 诉 0
55.03 55.276 63.0 你 0
55.28 55.775 64.0 我 0
55.78 56.025 63.0 一 0
56.029 56.15 61.0 生 0
56.279 56.775 63.0 的 0
56.779 57.149 59.0 际 0
57.278 58.148 56.0 遇 1
59.127 59.372 56.0 让 0
59.377 59.622 61.0 受 0
59.626 60.122 61.0 过 0
60.126 60.247 61.0 伤 0
60.376 60.871 61.0 后 0
60.875 61.371 61.0 的 0
61.375 61.621 59.0 刺 0
61.625 61.933 59.0 痛 1
62.059 62.243 59.0 随 0
62.309 62.805 59.0 风 0
62.809 63.179 59.0 而 0
63.308 64.928 56.0 去 1
66.726 66.972 56.0 我 0
66.976 67.222 59.0 想 0
67.226 67.721 61.0 沏 0
67.726 67.971 59.0 一 0
67.975 68.096 56.0 壶 0
68.225 68.721 56.0 酒 0
68.725 68.97 59.0 给 0
68.975 69.22 59.0 你 0
69.224 69.72 61.0 - 1
70.602 70.848 61.0 藏 0
70.852 71.098 61.0 在 0
71.102 71.347 63.0 你 0
71.352 71.847 64.0 思 0
71.851 72.097 63.0 念 0
72.101 72.222 61.0 我 0
72.351 72.846 61.0 的 0
72.85 73.346 59.0 心 0
73.35 74.345 56.0 底 1
74.729 74.974 56.0 日 0
74.979 75.224 54.0 后 0
75.228 75.724 56.0 再 0
75.728 75.974 49.0 相 0
75.978 76.223 52.0 聚 1
76.486 76.732 52.0 你 0
76.736 76.982 52.0 听 0
76.986 77.231 54.0 我 0
77.236 77.669 56.0 醉 0
77.735 77.981 61.0 后 0
77.985 78.418 56.0 言 0
78.485 78.98 54.0 语 1
79.231 79.602 52.0 说 0
79.731 80.226 52.0 的 0
80.23 80.726 51.0 都 0
80.73 81.225 52.0 是 0
81.229 82.224 49.0 你 1
83.537 83.721 54.0 翻 0
83.787 83.97 54.0 遍 0
84.037 84.22 54.0 日 0
84.287 84.72 54.0 记 1
84.815 85.061 54.0 将 0
85.065 85.81 56.0 千 0
85.815 86.31 54.0 言 0
86.564 86.997 52.0 万 0
87.064 87.309 54.0 语 0
87.313 87.809 56.0 找 0
87.813 88.059 61.0 一 0
88.063 88.558 59.0 个 0
88.562 89.058 56.0 字 0
89.062 89.37 54.0 代 0
89.374 90.931 56.0 替 1
91.605 91.85 61.0 却 0
91.855 92.1 61.0 发 0
92.104 92.35 61.0 现 0
92.354 92.787 61.0 爱 0
92.854 93.037 61.0 是 0
93.104 93.474 63.0 最 0
93.853 94.348 61.0 深 0
94.352 94.473 61.0 的 0
94.602 95.098 61.0 痕 0
95.102 95.223 59.0 - 0
95.352 96.472 59.0 迹 1
98.524 98.707 61.0 想 0
98.774 99.019 61.0 你 0
99.024 99.269 63.0 就 0
99.273 99.519 63.0 乱 0
99.773 100.019 63.0 乱 0
100.272 100.705 64.0 乱 0
100.772 101.268 64.0 头 0
101.272 101.892 63.0 绪 1
102.563 102.808 63.0 不 0
102.812 103.058 63.0 想 0
103.062 103.308 64.0 又 0
103.312 103.745 66.0 伤 0
103.812 104.245 66.0 伤 0
104.311 104.682 66.0 伤 0
104.811 105.181 63.0 自 0
105.31 106.18 61.0 己 1
106.453 106.636 61.0 情 0
106.703 106.886 61.0 深 0
106.953 107.136 63.0 就 0
107.203 107.698 64.0 不 0
107.702 107.823 57.0 必 0
107.952 108.198 57.0 问 1
109.043 109.289 64.0 是 0
109.293 109.664 63.0 合 0
109.793 110.288 63.0 不 0
110.292 110.538 59.0 合 0
110.792 111.225 59.0 逻 0
111.291 112.536 59.0 辑 1
114.455 114.7 61.0 想 0
114.704 114.95 61.0 你 0
114.954 115.2 63.0 就 0
115.204 115.637 64.0 乱 0
115.704 116.137 64.0 乱 0
116.205 116.636 64.0 乱 0
116.703 117.198 64.0 头 0
117.202 117.823 63.0 绪 1
118.515 118.698 63.0 不 0
118.765 119.011 63.0 想 0
119.015 119.198 64.0 又 0
119.265 119.698 66.0 伤 0
119.764 120.197 66.0 伤 0
120.264 120.634 66.0 伤 0
120.763 121.134 63.0 自 0
121.263 122.133 61.0 己 1
122.524 122.707 61.0 刻 0
122.774 123.019 61.0 一 0
123.024 123.269 63.0 个 0
123.273 123.769 64.0 爱 0
123.773 123.894 57.0 给 0
124.023 124.268 57.0 你 1
125.054 125.3 64.0 在 0
125.304 125.549 63.0 今 0
125.803 126.111 63.0 生 0
126.303 126.986 64.0 今 0
127.052 127.298 63.0 世 0
127.302 127.673 61.0 - 0
127.677 130.17 61.0 里 1
154.627 154.873 56.0 我 0
154.877 155.123 59.0 想 0
155.127 155.622 61.0 做 0
155.626 155.872 59.0 一 0
155.876 156.122 56.0 个 0
156.126 156.621 56.0 梦 0
156.625 156.871 59.0 给 0
156.875 157.745 61.0 你 1
158.371 158.617 59.0 填 0
158.621 158.866 61.0 满 0
158.871 159.116 63.0 你 0
159.12 159.616 64.0 心 0
159.62 159.866 63.0 中 0
159.87 159.99 61.0 所 0
160.12 160.615 63.0 有 0
160.619 160.99 59.0 空 0
161.119 161.989 56.0 隙 1
163.032 163.278 56.0 让 0
163.282 163.528 59.0 流 0
163.532 163.902 61.0 过 0
164.031 164.277 61.0 泪 0
164.281 164.652 61.0 后 0
164.718 165.214 61.0 的 0
165.28 165.464 59.0 苦 0
165.53 165.838 59.0 涩 1
165.885 166.13 59.0 转 0
166.135 166.567 59.0 成 0
166.634 167.13 56.0 甜 0
167.134 168.691 56.0 蜜 1
170.782 171.027 56.0 我 0
171.032 171.277 59.0 想 0
171.281 171.777 61.0 摘 0
171.781 172.027 59.0 两 0
172.031 172.151 56.0 颗 0
172.281 172.776 56.0 星 0
172.78 173.026 59.0 给 0
173.03 173.276 59.0 你 0
173.28 173.775 61.0 - 1
174.343 174.526 61.0 放 0
174.592 174.838 61.0 在 0
174.842 175.088 63.0 你 0
175.092 175.587 63.0 眺 0
175.592 175.837 63.0 望 0
175.841 175.962 61.0 我 0
176.091 176.587 61.0 的 0
176.591 177.086 59.0 眼 0
177.09 178.085 56.0 里 1
178.659 178.905 56.0 于 0
178.909 179.155 54.0 是 0
179.159 179.654 56.0 黑 0
179.658 179.904 49.0 夜 0
179.908 180.154 52.0 里 1
180.445 180.628 52.0 你 0
180.694 180.94 52.0 可 0
180.944 181.19 54.0 以 0
181.194 181.565 56.0 整 0
181.694 181.939 61.0 夜 0
181.943 182.376 56.0 看 0
182.443 182.814 54.0 我 1
183.167 183.538 52.0 如 0
183.667 184.162 52.0 何 0
184.167 184.599 51.0 的 0
184.666 185.162 51.0 想 0
185.166 186.785 49.0 你 1
187.481 187.664 54.0 翻 0
187.731 187.914 54.0 遍 0
187.98 188.164 54.0 日 0
188.23 188.663 54.0 记 1
188.706 188.951 54.0 将 0
188.956 189.701 56.0 千 0
189.705 190.2 54.0 言 0
190.454 190.887 52.0 万 0
190.954 191.2 54.0 语 0
191.204 191.699 56.0 找 0
191.703 191.949 61.0 一 0
191.953 192.448 59.0 个 0
192.453 192.948 56.0 字 0
192.952 193.26 54.0 代 0
193.264 194.822 56.0 替 1
195.404 195.65 61.0 却 0
195.654 195.9 61.0 发 0
195.904 196.149 61.0 现 0
196.154 196.587 61.0 爱 0
196.653 196.836 61.0 是 0
196.903 197.586 63.0 最 0
197.652 198.148 61.0 深 0
198.152 198.273 61.0 的 0
198.402 198.897 61.0 痕 0
198.901 199.022 59.0 - 0
199.151 200.271 59.0 迹 1
202.357 202.541 61.0 想 0
202.607 202.853 61.0 你 0
202.857 203.103 63.0 就 0
203.107 203.477 64.0 乱 0
203.606 203.977 64.0 乱 0
204.106 204.539 64.0 乱 0
204.605 205.101 64.0 头 0
205.105 205.725 63.0 绪 1
206.439 206.685 63.0 不 0
206.689 206.934 63.0 想 0
206.939 207.184 64.0 又 0
207.188 207.621 66.0 伤 0
207.688 208.121 66.0 伤 0
208.188 208.558 66.0 伤 0
208.687 209.058 63.0 自 0
209.187 210.057 61.0 己 1
210.316 210.499 61.0 情 0
210.565 210.749 61.0 深 0
210.815 210.998 63.0 就 0
211.065 211.56 64.0 不 0
211.565 211.685 57.0 必 0
211.814 212.06 57.0 问 1
212.895 213.14 64.0 是 0
213.144 213.515 63.0 合 0
213.644 214.139 63.0 不 0
214.144 214.389 61.0 合 0
214.643 215.076 59.0 逻 0
215.143 216.138 59.0 辑 1
216.356 216.601 56.0 哦 0
216.605 216.851 59.0 哦 0
216.855 217.101 59.0 哦 0
217.105 217.6 60.0 - 1
218.315 218.561 61.0 想 0
218.565 218.81 61.0 你 0
218.815 219.06 63.0 就 0
219.064 219.497 64.0 乱 0
219.564 219.997 64.0 乱 0
220.066 220.497 64.0 乱 0
220.563 221.059 64.0 头 0
221.063 221.683 63.0 绪 1
222.401 222.584 63.0 不 0
222.65 222.896 63.0 想 0
222.9 223.083 64.0 又 0
223.15 223.583 66.0 伤 0
223.65 224.083 66.0 伤 0
224.149 224.52 66.0 伤 0
224.649 225.019 63.0 自 0
225.148 226.018 61.0 己 1
226.358 226.542 61.0 刻 0
226.608 226.854 61.0 一 0
226.858 227.104 63.0 个 0
227.108 227.603 64.0 爱 0
227.607 227.728 57.0 给 0
227.857 228.103 57.0 你 1
228.927 229.173 64.0 在 0
229.177 229.423 63.0 今 0
229.677 229.985 63.0 生 0
230.176 230.859 64.0 今 0
230.926 231.171 63.0 世 0
231.175 231.546 61.0 - 0
231.55 233.669 61.0 里 1
234.45 234.633 61.0 想 0
234.699 234.945 61.0 你 0
234.949 235.195 63.0 就 0
235.199 235.57 64.0 乱 0
235.699 236.069 64.0 乱 0
236.198 236.631 64.0 乱 0
236.698 236.943 63.0 头 0
236.948 237.818 63.0 绪 1
238.342 238.588 63.0 不 0
238.592 238.838 63.0 想 0
238.842 239.088 64.0 又 0
239.092 239.525 66.0 伤 0
239.591 240.024 66.0 伤 0
240.091 240.461 66.0 伤 0
240.59 240.836 63.0 自 0
240.84 242.085 61.0 己 1
242.285 242.468 61.0 情 0
242.535 242.718 61.0 深 0
242.785 242.968 63.0 就 0
243.034 243.53 64.0 不 0
243.534 243.655 57.0 必 0
243.784 244.029 57.0 问 1
244.902 245.148 64.0 是 0
245.152 245.522 63.0 合 0
245.651 246.147 63.0 不 0
246.151 246.397 59.0 合 0
246.65 247.083 59.0 逻 0
247.15 248.145 59.0 辑 1
248.34 248.586 56.0 哦 0
248.59 248.835 59.0 哦 0
248.84 249.085 59.0 哦 0
249.089 249.585 60.0 - 1
250.426 250.672 61.0 想 0
250.676 250.922 61.0 你 0
250.926 251.172 63.0 就 0
251.176 251.609 64.0 乱 0
251.675 252.108 64.0 乱 0
252.177 252.608 64.0 乱 0
252.674 253.17 64.0 头 0
253.174 253.794 63.0 绪 1
254.409 254.592 63.0 不 0
254.659 254.904 63.0 想 0
254.909 255.092 64.0 又 0
255.158 255.591 66.0 伤 0
255.658 256.091 66.0 伤 0
256.158 256.528 66.0 伤 0
256.657 257.028 63.0 自 0
257.157 258.027 61.0 己 1
258.461 258.644 61.0 刻 0
258.71 258.956 61.0 一 0
258.96 259.206 63.0 个 0
259.21 259.705 64.0 爱 0
259.71 259.83 57.0 给 0
259.959 260.205 57.0 你 1
260.357 261.102 64.0 在 0
261.106 261.602 63.0 今 0
261.606 261.976 63.0 生 0
262.106 262.788 64.0 今 0
262.855 263.101 63.0 世 0
263.105 263.475 61.0 - 0
263.479 265.598 61.0 里 1
