23.443 24.49 56.0 愁 0
24.49 24.839 55.0 - 0
24.839 25.363 53.0 啊 0
25.363 25.886 53.0 - 0
25.886 26.061 48.0 - 0
26.235 27.457 51.0 愁 0
29.028 29.377 58.0 愁 0
29.377 30.075 60.0 - 0
30.075 30.424 58.0 就 0
30.424 30.773 56.0 白 0
30.773 31.122 55.0 - 0
31.122 31.471 53.0 了 0
31.471 31.82 56.0 - 0
31.82 33.216 58.0 头 1
34.666 34.841 60.0 自 0
35.015 35.365 60.0 从 0
35.365 35.714 63.0 - 0
35.714 36.063 60.0 我 0
36.063 36.412 63.0 与 0
36.412 36.673 65.0 - 0
36.761 37.11 65.0 你 0
37.11 37.459 63.0 呀 0
37.459 37.808 60.0 分 0
37.982 38.157 63.0 - 0
38.157 38.506 60.0 别 0
38.506 38.68 58.0 - 0
38.855 39.902 56.0 后 0
39.902 40.251 55.0 - 1
40.273 40.622 53.0 我 0
40.622 40.797 53.0 就 0
40.971 41.32 53.0 住 0
41.32 41.669 63.0 进 0
41.669 42.018 60.0 监 0
42.018 42.367 58.0 狱 0
42.367 42.716 58.0 - 0
42.716 42.891 53.0 的 0
43.065 44.985 56.0 楼 1
45.84 46.189 53.0 眼 0
46.189 46.887 56.0 泪 0
46.887 47.236 55.0 呀 0
47.236 47.759 53.0 止 0
47.759 47.934 55.0 不 0
47.934 48.283 53.0 住 0
48.283 48.458 48.0 的 0
48.632 49.854 51.0 流 1
51.368 51.892 60.0 止 0
51.892 52.066 63.0 不 0
52.066 52.415 60.0 住 0
52.415 52.765 63.0 的 0
52.765 53.114 65.0 往 0
53.114 53.463 63.0 - 0
53.463 53.812 60.0 下 0
53.812 54.161 58.0 - 0
54.161 55.557 58.0 流 1
57.006 57.181 56.0 二 0
57.355 57.704 56.0 尺 0
57.704 58.053 56.0 八 0
58.053 58.402 58.0 的 0
58.402 58.751 58.0 牌 0
58.751 59.1 60.0 - 0
59.1 59.449 60.0 子 0
59.449 59.798 60.0 我 0
59.798 59.973 63.0 脖 0
60.147 60.322 63.0 子 0
60.496 60.845 63.0 上 0
60.845 61.194 55.0 - 0
61.194 61.544 53.0 挂 0
61.544 61.893 53.0 - 0
61.893 62.242 51.0 呀 1
62.472 62.821 58.0 大 0
62.821 62.995 58.0 街 0
63.17 63.344 58.0 小 0
63.519 63.868 60.0 巷 0
63.868 64.217 55.0 把 0
64.217 64.566 53.0 - 0
64.566 65.264 51.0 我 0
65.264 66.486 53.0 游 1
68.15 68.499 53.0 手 0
68.499 69.197 56.0 里 0
69.197 69.546 55.0 呀 0
69.546 70.07 53.0 捧 0
70.07 70.245 55.0 着 0
70.245 70.594 53.0 窝 0
70.594 70.768 48.0 窝 0
70.943 72.164 51.0 头 1
73.802 74.325 60.0 菜 0
74.325 74.5 63.0 里 0
74.5 74.849 60.0 没 0
74.849 75.198 63.0 有 0
75.198 75.547 65.0 一 0
75.547 75.896 63.0 - 0
75.896 76.245 60.0 滴 0
76.245 76.594 58.0 - 0
76.594 77.99 58.0 油 1
79.223 79.397 56.0 监 0
79.572 79.921 56.0 狱 0
79.921 80.27 56.0 里 0
80.27 80.619 58.0 的 0
80.619 80.968 60.0 生 0
81.317 81.666 60.0 活 0
81.666 82.015 60.0 是 0
82.015 82.189 63.0 多 0
82.364 82.538 63.0 么 0
82.713 83.062 63.0 痛 0
83.062 83.411 55.0 - 0
83.411 83.76 53.0 苦 0
83.76 84.109 55.0 - 0
84.109 84.458 51.0 呀 1
84.997 85.346 58.0 一 0
85.346 85.521 58.0 步 0
85.695 85.87 58.0 一 0
86.044 86.393 58.0 个 0
86.393 86.742 55.0 窝 0
86.742 87.091 53.0 - 0
87.091 87.79 51.0 心 0
87.79 89.011 53.0 头 1
90.508 90.857 53.0 手 0
90.857 91.555 56.0 里 0
91.555 91.904 55.0 呀 0
91.904 92.428 53.0 捧 0
92.428 92.602 55.0 着 0
92.602 92.951 53.0 窝 0
92.951 93.649 48.0 窝 0
93.649 94.522 51.0 头 1
95.43 95.779 60.0 眼 0
95.779 96.128 63.0 泪 0
96.128 96.652 60.0 止 0
96.652 96.827 63.0 不 0
96.827 97.176 60.0 住 0
97.176 97.525 63.0 的 0
97.525 97.874 65.0 往 0
97.874 98.223 63.0 - 0
98.223 98.572 60.0 下 0
98.572 98.921 58.0 - 0
98.921 100.317 58.0 流 1
101.666 101.841 56.0 犯 0
102.015 102.713 56.0 下 0
102.713 103.062 58.0 的 0
103.062 103.411 60.0 罪 0
103.76 104.109 60.0 行 0
104.109 104.458 60.0 是 0
104.458 104.633 63.0 多 0
104.807 104.982 63.0 么 0
105.157 105.506 63.0 可 0
105.506 105.855 55.0 - 0
105.855 106.204 53.0 耻 0
106.204 106.553 53.0 - 0
106.553 106.902 51.0 啊 1
107.175 107.524 58.0 叫 0
107.524 107.698 58.0 我 0
107.873 108.047 58.0 怎 0
108.222 108.571 60.0 能 0
108.571 108.92 55.0 抬 0
108.92 109.269 53.0 - 0
109.269 109.967 51.0 起 0
109.967 111.189 53.0 头 1
112.763 113.112 53.0 离 0
113.112 113.811 56.0 开 0
113.811 114.16 55.0 了 0
114.16 114.683 53.0 亲 0
114.683 114.858 55.0 - 0
114.858 115.207 53.0 人 0
115.207 115.556 51.0 我 0
115.556 115.905 53.0 失 0
115.905 116.254 56.0 去 0
116.254 116.603 53.0 自 0
116.603 116.952 51.0 - 0
116.952 117.65 48.0 由 1
118.34 118.515 60.0 泪 0
118.689 118.864 60.0 水 0
119.038 119.387 60.0 化 0
119.387 119.736 58.0 作 0
119.736 120.085 56.0 苦 0
120.085 120.434 55.0 - 0
120.434 120.783 53.0 水 0
120.783 121.132 56.0 - 0
121.132 122.529 58.0 流 1
124.07 124.244 60.0 从 0
124.419 125.117 63.0 今 0
125.117 125.466 60.0 后 0
125.466 125.989 65.0 无 0
126.164 126.513 65.0 颜 0
126.513 126.862 63.0 - 0
126.862 127.037 60.0 再 0
127.211 127.56 60.0 见 0
127.56 127.909 60.0 亲 0
127.909 128.258 58.0 人 0
128.258 129.305 56.0 面 0
129.305 129.654 55.0 - 1
129.659 129.834 53.0 心 0
130.008 130.183 53.0 中 0
130.357 130.706 53.0 增 0
130.706 131.055 63.0 添 0
131.055 131.405 60.0 无 0
131.405 131.754 60.0 限 0
131.754 132.103 58.0 忧 0
132.103 132.277 53.0 - 0
132.452 134.197 56.0 愁 1
157.45 158.497 56.0 愁 0
158.497 158.846 55.0 - 0
158.846 159.369 53.0 啊 0
159.369 159.893 53.0 - 0
159.893 160.067 48.0 - 0
160.242 161.463 51.0 愁 0
163.034 163.383 58.0 愁 0
163.383 164.081 60.0 - 0
164.081 164.43 58.0 就 0
164.43 164.779 56.0 白 0
164.779 165.128 55.0 - 0
165.128 165.477 53.0 了 0
165.477 165.826 56.0 - 0
165.826 167.223 58.0 头 1
168.629 168.803 60.0 自 0
168.978 169.327 60.0 从 0
169.327 169.676 63.0 - 0
169.676 170.025 60.0 我 0
170.025 170.549 65.0 与 0
170.723 171.072 65.0 你 0
171.072 171.421 65.0 呀 0
171.421 171.77 60.0 分 0
171.945 172.119 63.0 - 0
172.119 172.468 60.0 别 0
172.468 172.643 58.0 - 0
172.817 173.864 56.0 后 0
173.864 174.213 55.0 - 1
174.253 174.602 53.0 我 0
174.602 174.777 53.0 就 0
174.952 175.301 53.0 住 0
175.301 175.65 63.0 进 0
175.65 175.999 60.0 监 0
175.999 176.348 60.0 狱 0
176.348 176.697 58.0 - 0
176.697 176.871 53.0 的 0
177.046 178.965 56.0 楼 1
179.769 180.118 53.0 眼 0
180.118 180.816 56.0 泪 0
180.816 181.165 55.0 呀 0
181.165 181.689 53.0 止 0
181.689 181.863 55.0 不 0
181.863 182.212 53.0 住 0
182.212 182.387 48.0 的 0
182.561 183.783 51.0 流 1
185.457 185.98 60.0 止 0
185.98 186.155 63.0 不 0
186.155 186.504 60.0 住 0
186.504 186.853 63.0 的 0
186.853 187.202 65.0 往 0
187.202 187.551 63.0 - 0
187.551 187.9 60.0 下 0
187.9 188.249 58.0 - 0
188.249 189.645 58.0 流 1
191.026 191.201 56.0 二 0
191.375 191.724 56.0 尺 0
191.724 192.073 56.0 八 0
192.073 192.423 58.0 的 0
192.423 192.772 60.0 牌 0
193.121 193.47 60.0 子 0
193.47 193.819 60.0 我 0
193.819 193.993 63.0 脖 0
194.168 194.342 63.0 子 0
194.517 194.866 63.0 上 0
194.866 195.215 55.0 - 0
195.215 195.564 53.0 挂 0
195.564 195.913 53.0 - 0
195.913 196.262 51.0 呀 1
196.644 196.993 58.0 大 0
196.993 197.168 58.0 街 0
197.342 197.517 58.0 小 0
197.691 198.04 58.0 巷 0
198.04 198.389 55.0 把 0
198.389 198.738 53.0 - 0
198.738 199.436 51.0 我 0
199.436 200.658 53.0 游 1
202.151 202.5 53.0 手 0
202.5 203.198 56.0 里 0
203.198 203.547 55.0 呀 0
203.547 204.07 53.0 捧 0
204.07 204.245 55.0 着 0
204.245 204.594 53.0 窝 0
204.594 204.768 48.0 窝 0
204.943 206.165 51.0 头 1
207.82 208.344 60.0 菜 0
208.344 208.518 63.0 里 0
208.518 208.867 60.0 没 0
208.867 209.216 63.0 有 0
209.216 209.565 65.0 一 0
209.565 209.914 63.0 - 0
209.914 210.264 60.0 滴 0
210.264 210.613 58.0 - 0
210.613 212.009 58.0 油 1
213.412 213.586 56.0 监 0
213.761 214.11 56.0 狱 0
214.11 214.459 56.0 里 0
214.459 214.808 58.0 的 0
214.808 215.157 60.0 生 0
215.506 215.855 60.0 活 0
215.855 216.204 60.0 是 0
216.204 216.379 63.0 多 0
216.553 216.728 63.0 么 0
216.902 217.251 63.0 痛 0
217.251 217.6 55.0 - 0
217.6 217.949 53.0 苦 0
217.949 218.298 55.0 - 0
218.298 218.647 51.0 呀 1
218.994 219.343 58.0 一 0
219.343 219.517 58.0 步 0
219.692 219.866 58.0 一 0
220.041 220.39 60.0 个 0
220.39 220.739 55.0 窝 0
220.739 221.088 53.0 - 0
221.088 221.786 51.0 心 0
221.786 223.007 53.0 头 1
224.454 224.803 53.0 手 0
224.803 225.501 56.0 里 0
225.501 225.85 55.0 呀 0
225.85 226.374 53.0 捧 0
226.374 226.548 55.0 着 0
226.548 226.897 53.0 窝 0
226.897 227.596 48.0 窝 0
227.596 228.468 51.0 头 1
229.495 229.844 60.0 眼 0
229.844 230.193 63.0 泪 0
230.193 230.716 60.0 止 0
230.716 230.891 63.0 不 0
230.891 231.24 60.0 住 0
231.24 231.589 63.0 的 0
231.589 231.938 65.0 往 0
231.938 232.287 63.0 - 0
232.287 232.636 60.0 下 0
232.636 232.985 58.0 - 0
232.985 234.381 58.0 流 1
235.627 235.802 56.0 犯 0
235.976 236.675 56.0 下 0
236.675 237.024 58.0 的 0
237.024 237.373 60.0 罪 0
237.722 238.071 60.0 行 0
238.071 238.42 60.0 是 0
238.42 238.594 63.0 多 0
238.769 238.943 63.0 么 0
239.118 239.467 63.0 可 0
239.467 239.816 55.0 - 0
239.816 240.165 53.0 耻 0
240.165 240.514 53.0 - 0
240.514 240.863 51.0 啊 1
241.272 241.621 58.0 叫 0
241.621 241.796 58.0 我 0
241.97 242.145 58.0 怎 0
242.319 242.668 58.0 能 0
242.668 243.017 55.0 抬 0
243.017 243.366 53.0 - 0
243.366 244.064 51.0 起 0
244.064 245.286 53.0 头 1
