32.672 32.908 65.0 我 0
32.908 33.145 67.0 - 0
33.145 33.381 69.0 在 0
33.381 33.617 67.0 大 0
33.617 33.853 69.0 雨 0
33.853 34.09 67.0 刚 0
34.09 34.326 69.0 停 0
34.326 34.798 72.0 的 0
34.798 35.271 69.0 夜 0
35.655 35.891 69.0 晚 0
35.891 36.127 67.0 一 0
36.127 36.836 69.0 个 0
36.836 37.309 67.0 人 0
37.309 37.781 65.0 游 0
40.289 40.525 69.0 荡 0
40.525 40.762 72.0 经 0
40.762 40.998 74.0 过 0
40.998 41.234 72.0 一 0
41.234 41.47 74.0 个 0
41.47 41.707 72.0 又 0
41.707 41.943 74.0 一 0
41.943 42.415 77.0 个 0
42.415 42.888 74.0 橱 0
43.211 43.447 74.0 窗 0
43.447 43.684 74.0 只 0
43.684 44.156 74.0 想 0
44.156 44.392 69.0 等 0
44.392 45.101 72.0 天 0
47.734 47.971 69.0 亮 0
47.971 48.207 72.0 面 0
48.207 48.443 74.0 对 0
48.443 48.679 72.0 就 0
48.679 48.915 74.0 要 0
48.915 49.152 72.0 失 0
49.152 49.388 74.0 去 0
49.388 49.86 77.0 的 0
49.86 50.333 74.0 爱 0
50.773 51.009 77.0 情 0
51.009 51.246 77.0 有 0
51.246 51.718 77.0 一 0
51.718 51.954 74.0 点 0
51.954 52.427 72.0 释 0
52.663 52.899 69.0 怀 0
52.899 53.135 69.0 有 0
53.135 53.608 69.0 一 0
53.608 54.08 67.0 点 0
54.08 54.789 65.0 彷 0
56.589 56.826 67.0 徨 0
56.826 57.062 67.0 最 0
57.062 57.534 67.0 怕 0
57.771 58.243 67.0 的 0
58.243 58.479 67.0 其 0
58.479 58.952 65.0 实 0
59.188 59.424 62.0 是 0
59.424 60.133 67.0 孤 0
62.989 63.226 65.0 单 0
63.226 63.462 67.0 你 0
63.462 63.698 69.0 像 0
63.698 63.934 67.0 一 0
63.934 64.171 69.0 个 0
64.171 64.407 67.0 小 0
64.407 64.643 69.0 小 0
64.643 65.115 72.0 的 0
65.115 65.588 69.0 太 0
65.966 66.202 69.0 阳 0
66.202 66.675 67.0 有 0
66.675 67.147 69.0 一 0
67.147 67.62 67.0 种 0
67.62 68.328 65.0 温 0
70.548 70.785 69.0 暖 0
70.785 71.021 72.0 总 0
71.021 71.257 74.0 是 0
71.257 71.493 72.0 让 0
71.493 71.73 74.0 我 0
71.73 71.966 72.0 将 0
71.966 72.202 74.0 要 0
72.202 72.438 74.0 冰 0
72.438 72.674 77.0 冷 0
72.674 73.147 74.0 的 0
73.578 73.815 74.0 心 0
73.815 74.051 74.0 有 0
74.051 74.523 74.0 地 0
74.523 74.759 69.0 方 0
74.759 74.996 69.0 取 0
74.996 75.468 72.0 暖 0
77.959 78.195 69.0 我 0
78.195 78.431 72.0 - 0
78.431 78.667 74.0 是 0
78.667 78.903 72.0 多 0
78.903 79.14 74.0 么 0
79.14 79.376 72.0 习 0
79.376 79.612 74.0 惯 0
79.612 80.085 77.0 的 0
80.085 80.557 74.0 向 0
81.03 81.267 77.0 你 0
81.267 81.503 77.0 要 0
81.503 81.975 77.0 一 0
81.975 82.211 74.0 点 0
82.211 82.684 72.0 友 0
82.92 83.156 69.0 善 0
83.156 83.629 69.0 和 0
83.629 83.865 69.0 许 0
83.865 84.337 67.0 多 0
84.337 85.046 65.0 依 0
86.798 87.034 67.0 赖 0
87.034 87.27 67.0 修 0
87.27 87.743 67.0 补 0
87.979 88.451 69.0 我 0
88.451 88.687 69.0 脆 0
88.687 89.16 67.0 弱 0
89.396 89.632 65.0 的 0
89.632 90.813 65.0 情 0
92.694 93.167 77.0 感 0
93.167 93.639 76.0 你 0
93.639 94.348 74.0 总 0
94.348 94.584 72.0 是 0
94.584 95.056 69.0 微 0
95.056 95.529 74.0 笑 0
95.529 96.001 72.0 如 0
96.846 97.082 69.0 花 0
97.082 97.319 72.0 总 0
97.319 97.555 74.0 是 0
97.555 97.791 72.0 看 0
97.791 98.027 74.0 我 0
98.027 98.263 72.0 沈 0
98.263 98.5 69.0 醉 0
98.5 98.972 67.0 和 0
98.972 99.681 69.0 绝 0
100.654 100.89 69.0 望 0
100.89 101.126 67.0 我 0
101.126 102.071 65.0 却 0
102.071 102.78 77.0 迟 0
102.78 103.016 77.0 迟 0
103.016 103.488 76.0 都 0
103.488 103.961 72.0 没 0
103.961 104.433 72.0 发 0
104.433 104.669 69.0 现 0
104.669 105.378 74.0 真 0
106.51 106.746 72.0 爱 0
106.746 107.219 74.0 原 0
107.219 107.691 72.0 来 0
107.691 108.164 74.0 在 0
108.164 110.998 79.0 身 0
111.727 111.963 72.0 旁 0
111.963 112.199 74.0 你 0
112.199 112.436 77.0 应 0
112.436 112.908 81.0 该 0
112.908 113.144 81.0 被 0
113.144 113.381 81.0 呵 0
113.516 113.988 81.0 护 0
113.988 114.224 79.0 被 0
114.224 114.46 77.0 珍 0
114.46 114.933 81.0 惜 0
114.933 115.169 81.0 被 0
115.169 115.405 81.0 认 0
115.405 115.878 81.0 真 0
115.878 116.114 79.0 被 0
116.114 116.35 77.0 深 0
116.376 116.612 79.0 爱 0
116.612 117.085 79.0 被 0
117.085 117.321 81.0 捧 0
117.321 117.794 79.0 在 0
117.794 118.03 77.0 手 0
118.03 118.502 74.0 掌 0
118.502 119.211 72.0 心 0
120.0 120.472 77.0 上 0
120.472 120.708 77.0 像 0
120.708 120.945 77.0 一 0
120.945 121.417 77.0 艘 0
121.417 121.653 77.0 从 0
121.653 121.89 77.0 来 0
121.89 122.126 72.0 都 0
122.126 122.598 81.0 不 0
122.598 122.834 81.0 曾 0
122.834 123.307 81.0 靠 0
123.307 123.543 79.0 岸 0
123.543 123.779 77.0 的 0
123.874 124.111 79.0 船 0
124.111 124.347 79.0 终 0
124.347 124.583 79.0 於 0
124.583 124.819 81.0 有 0
124.819 125.055 79.0 了 0
125.055 125.528 77.0 你 0
125.528 125.764 74.0 的 0
125.764 126.473 79.0 港 0
126.995 127.231 72.0 湾 0
127.231 127.468 74.0 你 0
127.468 127.704 77.0 应 0
127.704 128.176 81.0 该 0
128.176 128.412 81.0 更 0
128.412 128.649 81.0 自 0
128.651 129.123 81.0 私 0
129.123 129.359 79.0 更 0
129.359 129.596 77.0 贪 0
129.596 130.068 81.0 心 0
130.068 130.304 81.0 更 0
130.304 130.54 81.0 坚 0
130.54 131.013 81.0 持 0
131.013 131.249 79.0 更 0
131.249 131.485 77.0 明 0
131.493 131.73 79.0 白 0
131.73 131.966 79.0 将 0
131.966 132.202 79.0 我 0
132.202 132.438 81.0 的 0
132.438 132.911 79.0 心 0
132.911 133.147 77.0 全 0
133.147 133.619 74.0 部 0
133.619 134.328 72.0 霸 0
135.115 135.587 77.0 占 0
135.587 135.824 77.0 你 0
135.824 136.06 77.0 给 0
136.06 136.532 77.0 我 0
136.532 136.768 77.0 从 0
136.768 137.005 77.0 来 0
137.005 137.241 72.0 不 0
137.241 137.713 81.0 奢 0
137.713 137.95 81.0 望 0
137.95 138.422 81.0 回 0
138.422 138.658 79.0 报 0
138.658 138.894 77.0 的 0
138.929 139.166 79.0 爱 0
139.166 139.402 79.0 让 0
139.402 139.638 79.0 我 0
139.638 139.874 81.0 好 0
139.874 140.111 79.0 好 0
140.111 140.583 77.0 的 0
140.583 141.764 77.0 对 0
151.616 151.853 65.0 待 0
151.853 152.089 67.0 你 0
152.089 152.325 69.0 像 0
152.325 152.561 67.0 一 0
152.561 152.797 69.0 个 0
152.797 153.034 67.0 小 0
153.034 153.27 69.0 小 0
153.27 153.742 72.0 的 0
153.742 154.215 69.0 太 0
154.798 155.034 69.0 阳 0
155.034 155.507 67.0 有 0
155.507 155.979 69.0 一 0
155.979 156.452 67.0 种 0
156.452 157.397 65.0 温 0
159.364 159.601 69.0 暖 0
159.601 159.837 72.0 总 0
159.837 160.073 74.0 是 0
160.073 160.309 72.0 让 0
160.309 160.545 74.0 我 0
160.545 160.782 72.0 将 0
160.782 161.018 74.0 要 0
161.018 161.254 74.0 冰 0
161.254 161.49 77.0 冷 0
161.49 161.963 74.0 的 0
162.313 162.549 74.0 心 0
162.549 162.786 74.0 有 0
162.786 163.258 74.0 地 0
163.258 163.494 69.0 方 0
163.494 164.203 72.0 取 0
166.824 167.061 69.0 暖 0
167.061 167.297 72.0 我 0
167.297 167.533 74.0 是 0
167.533 167.769 72.0 多 0
167.769 168.006 74.0 么 0
168.006 168.242 72.0 习 0
168.242 168.478 74.0 惯 0
168.478 168.95 77.0 的 0
168.95 169.423 74.0 向 0
169.918 170.155 77.0 你 0
170.155 170.391 77.0 要 0
170.391 170.863 77.0 一 0
170.863 171.099 74.0 点 0
171.099 171.572 72.0 友 0
171.808 172.044 69.0 善 0
172.044 172.517 69.0 和 0
172.517 172.753 69.0 许 0
172.753 173.225 67.0 多 0
173.225 173.934 65.0 依 0
175.569 175.805 67.0 赖 0
175.805 176.041 67.0 修 0
176.041 176.513 67.0 补 0
176.75 177.222 69.0 我 0
177.222 177.458 69.0 脆 0
177.458 177.931 67.0 弱 0
178.167 178.403 65.0 的 0
178.403 179.584 65.0 情 0
181.532 182.005 77.0 感 0
182.005 182.477 76.0 你 0
182.477 183.186 74.0 总 0
183.186 183.422 72.0 是 0
183.422 183.894 69.0 微 0
183.894 184.367 74.0 笑 0
184.367 184.839 72.0 如 0
185.775 186.011 69.0 花 0
186.011 186.248 72.0 总 0
186.248 186.484 74.0 是 0
186.484 186.72 72.0 看 0
186.72 186.956 74.0 我 0
186.956 187.192 72.0 沈 0
187.192 187.429 69.0 醉 0
187.429 187.901 67.0 和 0
187.901 188.61 69.0 绝 0
189.481 189.717 69.0 望 0
189.717 189.953 67.0 我 0
189.953 190.898 65.0 却 0
190.898 191.607 77.0 迟 0
191.607 191.843 77.0 迟 0
191.843 192.315 76.0 都 0
192.315 192.788 72.0 没 0
192.788 193.26 72.0 发 0
193.26 193.496 69.0 现 0
193.496 194.205 74.0 真 0
195.466 195.702 72.0 爱 0
195.702 196.175 74.0 原 0
196.175 196.647 72.0 来 0
196.647 197.12 74.0 在 0
197.12 199.954 79.0 身 0
200.51 200.746 72.0 旁 0
200.746 200.982 74.0 你 0
200.982 201.219 77.0 应 0
201.219 201.691 81.0 该 0
201.691 201.927 81.0 被 0
201.927 202.164 81.0 呵 0
202.347 202.819 81.0 护 0
202.819 203.055 79.0 被 0
203.055 203.291 77.0 珍 0
203.291 203.764 81.0 惜 0
203.764 204.0 81.0 被 0
204.0 204.236 81.0 认 0
204.236 204.709 81.0 真 0
204.709 204.945 79.0 被 0
204.945 205.181 77.0 深 0
205.191 205.427 79.0 爱 0
205.427 205.9 79.0 被 0
205.9 206.136 81.0 捧 0
206.136 206.608 79.0 在 0
206.608 206.845 77.0 手 0
206.845 207.317 74.0 掌 0
207.317 208.026 72.0 心 0
208.827 209.299 77.0 上 0
209.299 209.535 77.0 像 0
209.535 209.772 77.0 一 0
209.772 210.244 77.0 艘 0
210.244 210.48 77.0 从 0
210.48 210.716 77.0 来 0
210.716 210.953 72.0 都 0
210.953 211.425 81.0 不 0
211.425 211.661 81.0 曾 0
211.661 212.134 81.0 靠 0
212.134 212.37 79.0 岸 0
212.37 212.606 77.0 的 0
212.755 212.991 79.0 船 0
212.991 213.228 79.0 终 0
213.228 213.464 79.0 於 0
213.464 213.7 81.0 有 0
213.7 213.936 79.0 了 0
213.936 214.409 77.0 你 0
214.409 214.645 74.0 的 0
214.645 215.354 79.0 港 0
215.635 215.871 72.0 湾 0
215.871 216.108 74.0 你 0
216.108 216.344 77.0 应 0
216.344 216.816 81.0 该 0
216.816 217.052 81.0 更 0
217.052 217.289 81.0 自 0
217.307 217.779 81.0 私 0
217.779 218.015 79.0 更 0
218.015 218.252 77.0 贪 0
218.252 218.724 81.0 心 0
218.724 218.96 81.0 更 0
218.96 219.196 81.0 坚 0
219.196 219.669 81.0 持 0
219.669 219.905 79.0 更 0
219.905 220.141 77.0 明 0
220.239 220.475 79.0 白 0
220.475 220.712 79.0 将 0
220.712 220.948 79.0 我 0
220.948 221.184 81.0 的 0
221.184 221.657 79.0 心 0
221.657 221.893 77.0 全 0
221.893 222.365 74.0 部 0
222.365 223.074 72.0 霸 0
223.97 224.442 77.0 占 0
224.442 224.678 77.0 你 0
224.678 224.915 77.0 给 0
224.915 225.387 77.0 我 0
225.387 225.623 77.0 从 0
225.623 225.86 77.0 来 0
225.86 226.096 72.0 不 0
226.096 226.568 81.0 奢 0
226.568 226.804 81.0 望 0
226.804 227.277 81.0 回 0
227.277 227.513 79.0 报 0
227.513 227.749 77.0 的 0
227.79 228.027 79.0 爱 0
228.027 228.263 79.0 让 0
228.263 228.499 79.0 我 0
228.499 228.735 81.0 好 0
228.735 228.971 79.0 好 0
228.971 229.444 77.0 地 0
229.444 230.625 77.0 对 0
231.503 231.975 77.0 待 0
231.975 232.212 77.0 你 0
232.212 232.448 77.0 给 0
232.448 232.92 77.0 我 0
232.92 233.156 77.0 从 0
233.156 233.393 77.0 来 0
233.393 233.629 72.0 不 0
233.629 234.101 81.0 奢 0
234.101 234.338 81.0 望 0
234.338 234.81 81.0 回 0
234.81 235.046 79.0 报 0
235.046 235.282 77.0 的 0
235.296 235.533 79.0 爱 0
235.533 235.769 79.0 让 0
235.769 236.005 79.0 我 0
236.005 236.241 81.0 好 0
236.241 236.714 79.0 好 0
236.714 237.186 77.0 地 0
237.777 240.493 77.0 对 0
253.566 253.803 72.0 待 0
253.803 254.039 74.0 你 0
254.039 254.275 77.0 应 0
254.275 254.747 81.0 该 0
254.747 254.984 81.0 被 0
254.984 255.22 81.0 呵 0
255.22 255.692 81.0 护 0
255.692 255.929 79.0 被 0
255.929 256.165 77.0 珍 0
256.165 256.637 81.0 惜 0
256.637 256.873 81.0 被 0
256.873 257.11 81.0 认 0
257.11 257.582 81.0 真 0
257.582 257.818 79.0 被 0
257.818 258.055 77.0 深 0
258.086 258.322 79.0 爱 0
258.322 258.794 79.0 被 0
258.794 259.03 81.0 捧 0
259.03 259.503 79.0 在 0
259.503 259.739 77.0 手 0
259.739 260.212 74.0 掌 0
260.212 260.92 72.0 心 0
261.821 262.294 77.0 上 0
262.294 262.53 77.0 像 0
262.53 262.766 77.0 一 0
262.766 263.238 77.0 艘 0
263.238 263.475 77.0 从 0
263.475 263.711 77.0 来 0
263.711 263.947 72.0 都 0
263.947 264.42 81.0 不 0
264.42 264.656 81.0 曾 0
264.656 265.128 81.0 靠 0
265.128 265.364 79.0 岸 0
265.364 265.601 77.0 的 0
265.655 265.891 79.0 船 0
265.891 266.127 79.0 终 0
266.127 266.363 79.0 於 0
266.363 266.599 81.0 有 0
266.599 266.836 79.0 了 0
266.836 267.308 77.0 你 0
267.308 267.544 74.0 的 0
267.544 268.253 79.0 港 0
268.631 268.868 72.0 湾 0
268.868 269.104 74.0 你 0
269.104 269.34 77.0 应 0
269.34 269.813 81.0 该 0
269.813 270.049 81.0 更 0
270.049 270.285 81.0 自 0
270.313 270.785 81.0 私 0
270.785 271.022 79.0 更 0
271.022 271.258 77.0 贪 0
271.258 271.73 81.0 心 0
271.73 271.967 81.0 更 0
271.967 272.203 81.0 坚 0
272.203 272.675 81.0 持 0
272.675 272.911 79.0 更 0
272.911 273.148 77.0 明 0
273.22 273.456 79.0 白 0
273.456 273.692 79.0 将 0
273.692 273.928 79.0 我 0
273.928 274.165 81.0 的 0
274.165 274.637 79.0 心 0
274.637 274.873 77.0 全 0
274.873 275.346 74.0 部 0
275.346 276.054 72.0 霸 0
276.855 277.328 77.0 占 0
277.328 277.564 77.0 你 0
277.564 277.8 77.0 给 0
277.8 278.273 77.0 我 0
278.273 278.509 77.0 从 0
278.509 278.745 77.0 来 0
278.745 278.981 72.0 不 0
278.981 279.454 81.0 奢 0
279.454 279.69 81.0 望 0
279.69 280.162 81.0 回 0
280.162 280.398 79.0 报 0
280.398 280.635 77.0 的 0
280.785 281.021 79.0 爱 0
281.021 281.257 79.0 让 0
281.257 281.493 79.0 我 0
281.493 281.73 81.0 好 0
281.73 281.966 79.0 好 0
281.966 282.438 77.0 地 0
282.438 283.619 77.0 对 0
284.484 284.957 77.0 待 0
284.957 285.193 77.0 你 0
285.193 285.429 77.0 给 0
285.429 285.902 77.0 我 0
285.902 286.138 77.0 从 0
286.138 286.374 77.0 来 0
286.374 286.61 72.0 不 0
286.61 287.083 81.0 奢 0
287.083 287.319 81.0 望 0
287.319 287.791 81.0 回 0
287.791 288.028 79.0 报 0
288.028 288.264 77.0 的 0
288.343 288.579 79.0 爱 0
288.579 288.815 79.0 让 0
288.815 289.051 79.0 我 0
289.051 289.288 81.0 好 0
289.288 289.76 79.0 好 0
289.76 290.233 77.0 地 0
290.764 293.067 77.0 对 0
