32.161 32.543 52.0 那 0
32.546 32.735 53.0 一 0
32.738 32.927 53.0 天 0
32.93 33.312 53.0 我 0
33.315 33.696 55.0 - 0
33.7 34.081 57.0 拉 0
34.084 34.466 55.0 着 0
34.469 34.85 53.0 你 0
34.854 35.235 50.0 的 0
35.238 36.773 48.0 手 1
38.37 38.751 57.0 多 0
38.755 39.136 57.0 么 0
39.139 39.521 57.0 希 0
39.527 39.905 60.0 望 0
39.909 40.29 62.0 能 0
40.293 40.675 60.0 把 0
40.678 41.059 60.0 你 0
41.062 41.444 53.0 挽 0
41.447 43.751 55.0 留 1
44.416 45.182 57.0 为 0
45.185 45.567 57.0 什 0
45.57 45.951 57.0 么 0
45.954 46.336 57.0 你 0
46.339 47.105 60.0 - 0
47.108 47.493 57.0 要 0
47.493 47.874 55.0 一 0
47.877 48.259 57.0 个 0
48.262 48.643 57.0 人 0
48.647 49.028 53.0 - 0
49.031 50.182 50.0 走 1
50.712 51.093 48.0 甚 0
51.096 51.478 60.0 至 0
51.481 51.862 60.0 你 0
51.866 52.247 57.0 都 0
52.25 52.632 55.0 没 0
52.635 53.016 57.0 有 0
53.019 53.401 55.0 回 0
53.404 53.785 50.0 回 0
53.789 55.324 53.0 头 1
56.649 56.838 48.0 我 0
56.842 57.223 53.0 任 0
57.226 57.608 53.0 凭 0
57.611 57.992 53.0 泪 0
57.995 58.377 55.0 水 0
58.38 58.761 57.0 肆 0
58.765 59.146 55.0 - 0
59.149 59.531 53.0 意 0
59.534 59.915 50.0 的 0
59.919 61.454 48.0 流 1
62.921 63.119 55.0 你 0
63.119 63.494 57.0 已 0
63.498 63.687 57.0 经 0
63.691 64.072 57.0 不 0
64.075 64.264 57.0 会 0
64.268 64.457 60.0 再 0
64.46 64.841 60.0 牵 0
64.845 65.226 60.0 - 0
65.229 65.611 60.0 我 0
65.614 65.995 57.0 的 0
65.998 68.303 55.0 手 1
69.039 69.421 55.0 我 0
69.424 69.805 57.0 - 0
69.809 70.19 55.0 不 0
70.193 70.575 57.0 想 0
70.578 70.956 57.0 再 0
70.956 71.344 60.0 - 0
71.347 71.728 60.0 祈 0
71.732 72.113 57.0 求 0
72.116 72.498 55.0 你 0
72.501 72.882 57.0 - 0
72.885 73.267 57.0 的 0
73.27 73.651 52.0 保 0
73.655 75.19 50.0 佑 1
75.221 75.603 48.0 只 0
75.606 75.987 60.0 盼 0
75.99 76.372 60.0 来 0
76.375 76.564 57.0 生 0
76.567 76.756 57.0 和 0
76.76 77.141 55.0 妈 0
77.144 77.526 55.0 妈 0
77.529 77.91 55.0 常 0
77.913 78.295 50.0 相 0
78.298 80.603 53.0 守 1
81.362 81.743 60.0 多 0
81.747 82.128 60.0 想 0
82.131 82.513 60.0 你 0
82.516 82.897 62.0 再 0
82.9 83.282 65.0 摸 0
83.285 83.666 64.0 摸 0
83.67 84.051 62.0 我 0
84.054 84.436 57.0 的 0
84.439 86.743 60.0 头 1
87.617 87.998 60.0 多 0
88.001 88.383 60.0 想 0
88.386 88.767 60.0 你 0
88.771 89.152 62.0 再 0
89.155 89.537 65.0 牵 0
89.54 89.921 64.0 牵 0
89.925 90.306 62.0 我 0
90.309 90.691 57.0 的 0
90.694 92.998 55.0 手 1
93.711 94.092 55.0 多 0
94.095 94.477 57.0 - 0
94.48 94.861 55.0 希 0
94.865 95.246 57.0 望 0
95.249 95.635 57.0 你 0
95.635 96.015 60.0 - 0
96.018 96.4 60.0 是 0
96.403 96.784 57.0 到 0
96.788 97.169 55.0 天 0
97.172 97.554 57.0 国 0
97.557 97.938 57.0 去 0
97.941 98.323 52.0 旅 0
98.326 99.477 50.0 游 1
99.571 99.952 48.0 可 0
99.956 100.337 60.0 天 0
100.34 100.529 60.0 堂 0
100.532 100.722 60.0 的 0
100.725 101.106 60.0 路 0
101.109 101.491 57.0 啊 0
101.494 101.875 55.0 来 0
101.879 102.26 53.0 去 0
102.263 102.645 55.0 不 0
102.648 103.032 62.0 自 0
103.032 106.106 60.0 由 1
106.116 106.69 60.0 妈 0
106.693 107.267 60.0 妈 0
107.27 107.652 62.0 呀 0
107.655 108.229 65.0 妈 0
108.232 108.805 65.0 妈 0
108.809 109.19 64.0 呀 0
109.193 110.344 62.0 我 0
110.347 110.729 57.0 想 0
110.732 112.267 60.0 你 1
112.268 112.65 62.0 再 0
112.653 113.034 62.0 喊 0
113.037 113.419 62.0 你 0
113.422 113.803 65.0 - 0
113.807 114.188 62.0 只 0
114.191 114.38 60.0 能 0
114.384 114.573 60.0 是 0
114.576 114.957 60.0 在 0
114.961 115.342 57.0 梦 0
115.345 117.65 55.0 里 1
118.392 118.966 55.0 妈 0
118.969 119.543 55.0 妈 0
119.546 119.927 57.0 呀 0
119.931 120.504 60.0 妈 0
120.507 121.081 60.0 妈 0
121.084 121.466 57.0 呀 0
121.469 121.85 55.0 我 0
121.854 122.62 57.0 - 0
122.623 123.004 52.0 想 0
123.007 123.773 50.0 你 1
124.383 124.764 48.0 来 0
124.768 125.149 60.0 世 0
125.152 125.534 60.0 我 0
125.537 125.918 57.0 们 0
125.921 126.303 55.0 约 0
126.306 126.687 57.0 好 0
126.691 127.072 55.0 再 0
127.075 127.457 50.0 相 0
127.46 130.534 53.0 聚 1
161.164 161.353 48.0 我 0
161.356 161.737 53.0 任 0
161.741 162.122 53.0 凭 0
162.125 162.507 53.0 泪 0
162.51 162.891 55.0 水 0
162.894 163.276 57.0 肆 0
163.279 163.66 55.0 - 0
163.664 164.045 53.0 意 0
164.048 164.43 50.0 的 0
164.433 166.737 48.0 流 1
167.645 167.836 55.0 你 0
167.836 168.227 57.0 已 0
168.227 168.406 57.0 经 0
168.414 168.795 57.0 不 0
168.799 168.988 57.0 会 0
168.991 169.188 60.0 再 0
169.19 169.565 62.0 牵 0
169.568 169.949 60.0 - 0
169.953 170.336 57.0 我 0
170.336 170.72 57.0 的 0
170.722 173.026 55.0 手 1
173.633 174.399 57.0 我 0
174.402 174.783 55.0 不 0
174.787 175.168 57.0 想 0
175.171 175.937 60.0 再 0
175.94 176.322 60.0 祈 0
176.325 176.706 57.0 求 0
176.71 177.091 55.0 你 0
177.094 177.476 57.0 - 0
177.479 177.86 57.0 的 0
177.863 178.245 52.0 保 0
178.248 179.399 50.0 佑 1
179.851 180.232 48.0 只 0
180.235 180.617 60.0 盼 0
180.62 181.001 60.0 来 0
181.004 181.193 57.0 生 0
181.197 181.386 57.0 和 0
181.389 181.77 55.0 妈 0
181.774 182.155 57.0 妈 0
182.158 182.54 55.0 常 0
182.543 182.924 50.0 相 0
182.927 185.232 53.0 守 1
186.082 186.464 60.0 多 0
186.467 186.848 60.0 想 0
186.852 187.233 60.0 你 0
187.236 187.618 62.0 再 0
187.621 188.002 65.0 摸 0
188.005 188.387 64.0 摸 0
188.39 188.771 62.0 我 0
188.775 189.156 57.0 的 0
189.159 191.464 60.0 头 1
192.175 192.557 60.0 多 0
192.56 192.941 60.0 想 0
192.944 193.326 60.0 你 0
193.329 193.71 62.0 再 0
193.72 194.095 65.0 牵 0
194.098 194.48 64.0 牵 0
194.483 194.864 62.0 我 0
194.868 195.249 57.0 的 0
195.252 197.557 55.0 手 1
198.289 198.67 55.0 多 0
198.674 199.055 57.0 - 0
199.058 199.44 55.0 希 0
199.443 199.824 57.0 望 0
199.828 200.22 57.0 你 0
200.22 200.594 60.0 - 0
200.597 200.978 60.0 是 0
200.981 201.363 57.0 到 0
201.366 201.747 55.0 天 0
201.751 202.132 57.0 国 0
202.135 202.517 57.0 去 0
202.52 202.901 52.0 旅 0
202.904 204.055 50.0 游 1
204.189 204.571 48.0 可 0
204.574 204.955 60.0 天 0
204.959 205.148 60.0 堂 0
205.151 205.34 60.0 的 0
205.343 205.725 60.0 路 0
205.728 206.109 57.0 啊 0
206.112 206.494 55.0 来 0
206.497 206.878 53.0 去 0
206.882 207.263 55.0 不 0
207.266 207.648 60.0 自 0
207.651 210.725 60.0 由 1
210.73 211.304 60.0 妈 0
211.307 211.88 60.0 妈 0
211.884 212.265 62.0 呀 0
212.268 212.842 65.0 妈 0
212.845 213.419 65.0 妈 0
213.422 213.804 64.0 呀 0
213.807 214.957 62.0 我 0
214.961 215.342 57.0 想 0
215.345 216.88 60.0 你 1
216.883 217.264 62.0 再 0
217.267 217.649 62.0 喊 0
217.652 218.033 62.0 你 0
218.036 218.418 65.0 - 0
218.421 218.803 62.0 只 0
218.806 218.995 60.0 能 0
218.998 219.187 60.0 是 0
219.19 219.572 60.0 在 0
219.575 219.956 57.0 梦 0
219.96 222.264 55.0 里 1
222.901 223.091 53.0 妈 0
223.103 223.475 55.0 - 0
223.478 224.052 55.0 妈 0
224.055 224.437 57.0 呀 0
224.44 224.623 57.0 妈 0
224.623 225.014 60.0 - 0
225.017 225.591 60.0 妈 0
225.594 225.975 57.0 呀 0
225.978 226.36 55.0 我 0
226.363 227.129 57.0 - 0
227.132 227.514 52.0 想 0
227.517 228.283 50.0 你 1
229.113 229.495 48.0 来 0
229.498 229.879 60.0 世 0
229.883 230.264 60.0 我 0
230.267 230.649 57.0 们 0
230.652 231.033 55.0 约 0
231.036 231.418 57.0 好 0
231.421 231.802 55.0 再 0
231.806 232.187 50.0 相 0
232.19 235.264 53.0 聚 1
235.304 235.686 60.0 多 0
235.689 236.07 60.0 想 0
236.073 236.455 60.0 你 0
236.458 236.839 62.0 再 0
236.843 237.224 65.0 摸 0
237.227 237.609 64.0 摸 0
237.612 237.993 62.0 我 0
237.996 238.378 57.0 的 0
238.381 240.686 60.0 头 1
241.378 241.759 60.0 多 0
241.763 242.144 60.0 想 0
242.147 242.529 60.0 你 0
242.532 242.913 62.0 再 0
242.916 243.298 65.0 牵 0
243.301 243.683 64.0 牵 0
243.686 244.067 62.0 我 0
244.07 244.452 57.0 的 0
244.455 246.759 55.0 手 1
247.575 247.956 55.0 多 0
247.959 248.341 57.0 - 0
248.344 248.726 55.0 希 0
248.729 249.11 57.0 望 0
249.113 249.496 57.0 你 0
249.496 249.879 60.0 - 0
249.883 250.264 60.0 是 0
250.267 250.649 57.0 到 0
250.652 251.033 55.0 天 0
251.036 251.418 57.0 国 0
251.421 251.802 57.0 去 0
251.806 252.187 52.0 旅 0
252.19 253.341 50.0 游 1
253.398 253.78 48.0 可 0
253.783 254.164 60.0 天 0
254.167 254.356 60.0 堂 0
254.36 254.549 60.0 的 0
254.552 254.933 60.0 路 0
254.937 255.318 57.0 啊 0
255.321 255.703 55.0 来 0
255.706 256.087 53.0 去 0
256.09 256.472 55.0 不 0
256.475 256.86 62.0 自 0
256.86 259.933 60.0 由 1
259.955 260.528 60.0 妈 0
260.531 261.105 60.0 妈 0
261.108 261.49 62.0 呀 0
261.493 262.067 65.0 妈 0
262.07 262.644 65.0 妈 0
262.647 263.028 64.0 呀 0
263.031 264.182 62.0 我 0
264.185 264.567 57.0 想 0
264.57 266.105 60.0 你 1
266.105 266.487 62.0 再 0
266.49 266.871 62.0 喊 0
266.875 267.256 62.0 你 0
267.259 267.641 65.0 - 0
267.644 268.025 62.0 只 0
268.028 268.218 60.0 能 0
268.221 268.41 60.0 是 0
268.413 268.795 60.0 在 0
268.798 269.179 57.0 梦 0
269.182 271.487 55.0 里 1
272.229 272.803 55.0 妈 0
272.806 273.38 55.0 妈 0
273.383 273.765 57.0 呀 0
273.768 274.341 60.0 妈 0
274.345 274.918 60.0 妈 0
274.922 275.303 57.0 呀 0
275.306 275.688 55.0 我 0
275.691 276.457 57.0 - 0
276.46 276.841 52.0 想 0
276.845 277.611 50.0 你 1
278.352 278.734 48.0 来 0
278.737 279.118 60.0 世 0
279.121 279.503 60.0 我 0
279.506 279.887 57.0 们 0
279.891 280.272 55.0 约 0
280.275 280.657 57.0 好 0
280.66 281.041 55.0 再 0
281.044 281.426 50.0 相 0
281.429 284.503 53.0 聚 1
284.527 284.908 48.0 来 0
284.912 285.293 60.0 世 0
285.296 285.678 60.0 我 0
285.681 286.062 57.0 们 0
286.065 286.447 55.0 约 0
286.45 286.831 57.0 好 0
286.835 287.408 55.0 再 0
287.412 289.043 50.0 相 0
289.046 292.216 53.0 聚 1
