27.4 27.8 65.0 爱 0
27.936 28.469 65.0 上 0
28.472 28.737 61.0 一 0
28.739 29.005 66.0 个 0
29.007 29.473 68.0 - 0
29.543 30.076 65.0 天 0
30.078 30.612 61.0 使 0
30.614 31.08 63.0 的 0
31.149 31.884 61.0 缺 0
31.953 33.423 58.0 点 1
35.99 36.389 65.0 用 0
36.525 37.058 65.0 一 0
37.061 37.326 61.0 种 0
37.328 38.13 68.0 魔 0
38.132 38.665 65.0 鬼 0
38.667 39.201 61.0 的 0
39.203 40.004 63.0 语 0
40.073 41.745 65.0 言 1
42.846 43.112 58.0 上 0
43.114 43.379 60.0 帝 0
43.382 43.647 61.0 在 0
43.649 43.982 58.0 云 0
44.185 45.856 70.0 端 1
46.89 47.088 58.0 只 0
47.158 47.423 58.0 眨 0
47.425 47.691 60.0 了 0
47.693 47.959 61.0 一 0
48.028 48.762 72.0 眨 0
48.764 49.833 68.0 眼 0
49.835 50.904 65.0 - 1
51.394 51.86 65.0 最 0
51.93 52.396 68.0 后 0
52.465 53.266 66.0 眉 0
53.269 53.802 65.0 一 0
54.072 55.208 67.0 皱 0
55.679 56.011 58.0 头 0
56.214 56.948 68.0 一 0
57.285 59.225 65.0 点 1
61.546 61.945 65.0 爱 0
62.082 62.615 65.0 上 0
62.617 62.883 61.0 一 0
62.885 63.15 66.0 个 0
63.153 63.619 68.0 - 0
63.688 64.222 65.0 认 0
64.224 64.757 61.0 真 0
64.759 65.226 63.0 的 0
65.295 66.029 61.0 消 0
66.098 67.569 58.0 遣 1
70.147 70.547 65.0 用 0
70.683 71.216 65.0 一 0
71.218 71.484 61.0 朵 0
71.486 72.287 68.0 花 0
72.289 72.823 65.0 开 0
72.825 73.358 61.0 的 0
73.36 74.162 63.0 时 0
74.231 75.902 65.0 间 1
77.251 77.517 58.0 你 0
77.519 77.785 60.0 在 0
77.787 78.053 61.0 我 0
78.055 78.387 58.0 旁 0
78.858 80.262 70.0 边 1
81.229 81.428 58.0 只 0
81.497 81.763 58.0 打 0
81.765 82.03 60.0 了 0
82.033 82.298 61.0 个 0
82.434 83.102 72.0 照 0
83.104 84.173 68.0 面 0
84.175 85.244 65.0 - 1
85.702 86.168 65.0 五 0
86.237 86.704 68.0 月 0
86.773 87.574 66.0 的 0
87.576 88.109 65.0 晴 0
88.379 89.515 67.0 天 0
89.986 90.319 58.0 闪 0
90.522 91.256 68.0 了 0
91.593 93.532 65.0 电 1
95.443 95.909 61.0 有 0
95.978 96.445 65.0 生 0
96.514 96.913 68.0 之 0
97.05 97.382 65.0 年 0
97.585 98.052 63.0 狭 0
98.121 98.52 70.0 路 0
98.656 99.123 70.0 相 0
99.192 99.591 63.0 逢 1
99.668 100.135 73.0 终 0
100.204 100.47 72.0 不 0
100.472 100.938 70.0 能 0
101.275 101.675 68.0 幸 0
101.811 102.88 65.0 免 1
103.417 103.683 65.0 手 0
103.685 103.951 66.0 心 0
103.953 104.286 68.0 忽 0
104.489 104.687 61.0 然 0
104.756 105.223 61.0 长 0
105.292 105.558 68.0 出 0
105.56 105.825 70.0 - 0
106.095 106.562 68.0 纠 0
106.631 106.763 61.0 缠 0
106.899 107.365 61.0 的 0
107.434 107.901 68.0 曲 0
107.97 108.168 65.0 - 0
108.238 110.11 65.0 线 0
110.112 112.118 65.0 - 1
112.529 113.063 61.0 懂 0
113.065 113.531 66.0 事 0
113.6 114.067 68.0 之 0
114.136 114.468 65.0 前 0
114.671 115.004 63.0 情 0
115.207 115.54 70.0 动 0
115.743 116.276 70.0 以 0
116.278 116.812 72.0 后 1
116.841 117.374 73.0 长 0
117.376 117.642 72.0 不 0
117.644 118.11 70.0 过 0
118.447 118.847 65.0 一 0
118.849 119.784 61.0 天 1
120.616 120.881 58.0 留 0
120.884 121.082 60.0 不 0
121.151 121.417 60.0 住 0
121.419 122.019 61.0 - 0
122.758 123.024 60.0 算 0
123.026 123.224 61.0 不 0
123.294 124.496 65.0 出 0
124.9 125.701 61.0 流 0
125.704 127.576 58.0 年 1
147.356 147.761 65.0 遇 0
147.899 148.439 65.0 见 0
148.442 148.711 61.0 一 0
148.713 148.982 66.0 场 0
148.985 149.451 68.0 - 0
149.52 150.054 65.0 烟 0
150.056 150.59 61.0 火 0
150.592 150.991 63.0 的 0
151.128 151.862 61.0 表 0
151.931 153.402 58.0 演 1
155.994 156.394 65.0 用 0
156.53 157.063 65.0 一 0
157.065 157.331 61.0 场 0
157.333 158.135 68.0 轮 0
158.137 158.67 65.0 回 0
158.673 159.206 61.0 的 0
159.208 160.01 63.0 时 0
160.079 161.751 65.0 间 1
162.82 163.086 58.0 紫 0
163.088 163.354 60.0 微 0
163.356 163.622 61.0 星 0
163.624 163.956 58.0 流 0
164.16 165.831 70.0 过 1
166.913 167.112 58.0 来 0
167.181 167.447 58.0 不 0
167.449 167.714 60.0 及 0
167.717 167.982 61.0 说 0
168.118 168.719 72.0 再 0
168.788 169.857 68.0 见 0
169.86 170.929 65.0 - 1
171.425 171.891 65.0 已 0
171.96 172.427 68.0 经 0
172.496 173.297 66.0 远 0
173.3 173.833 65.0 离 0
174.103 175.239 67.0 我 0
175.71 176.043 58.0 一 0
176.246 176.98 68.0 光 0
177.318 179.257 65.0 年 1
181.131 181.597 61.0 有 0
181.666 182.133 65.0 生 0
182.202 182.601 68.0 之 0
182.738 183.07 65.0 年 0
183.273 183.74 63.0 狭 0
183.809 184.276 68.0 路 0
184.345 184.811 70.0 相 0
184.881 185.28 63.0 逢 1
185.347 185.814 73.0 终 0
185.883 186.149 72.0 不 0
186.151 186.617 70.0 能 0
186.954 187.354 68.0 幸 0
187.49 188.559 65.0 免 1
189.146 189.412 65.0 手 0
189.414 189.68 66.0 心 0
189.682 190.015 68.0 忽 0
190.218 190.416 61.0 然 0
190.486 190.952 61.0 长 0
191.021 191.287 68.0 出 0
191.289 191.555 70.0 - 0
191.825 192.291 68.0 纠 0
192.361 192.492 61.0 缠 0
192.628 193.095 61.0 的 0
193.164 193.631 68.0 曲 0
193.7 193.898 65.0 - 0
193.968 195.773 65.0 线 0
195.843 197.849 65.0 - 1
198.301 198.835 61.0 懂 0
198.837 199.304 66.0 事 0
199.373 199.839 68.0 之 0
199.908 200.241 65.0 前 0
200.444 200.777 63.0 情 0
200.98 201.313 70.0 动 0
201.516 202.049 70.0 以 0
202.051 202.585 72.0 后 1
202.638 203.172 73.0 长 0
203.174 203.439 72.0 不 0
203.442 203.908 70.0 过 0
204.245 204.645 65.0 一 0
204.647 205.582 61.0 天 1
206.325 206.591 58.0 留 0
206.593 206.792 60.0 不 0
206.861 207.126 60.0 住 0
207.129 207.729 61.0 - 0
208.468 208.734 60.0 算 0
208.736 209.202 61.0 不 0
209.271 210.207 65.0 出 0
210.611 211.144 61.0 流 0
211.146 213.019 58.0 年 1
215.454 215.921 61.0 有 0
215.99 216.456 65.0 生 0
216.526 216.925 68.0 之 0
217.061 217.394 65.0 年 0
217.597 218.064 63.0 狭 0
218.133 218.599 68.0 路 0
218.668 219.135 70.0 相 0
219.204 219.604 63.0 逢 1
219.764 220.23 73.0 终 0
220.3 220.565 72.0 不 0
220.567 221.034 70.0 能 0
221.371 221.771 68.0 幸 0
221.907 222.976 65.0 免 1
223.492 223.758 65.0 手 0
223.76 224.025 66.0 心 0
224.028 224.36 68.0 忽 0
224.563 224.762 61.0 然 0
224.831 225.298 61.0 长 0
225.367 225.633 68.0 出 0
225.635 225.9 70.0 - 0
226.17 226.637 68.0 纠 0
226.706 226.838 61.0 缠 0
226.974 227.441 61.0 的 0
227.51 227.976 68.0 曲 0
228.045 228.244 65.0 - 0
228.313 230.119 65.0 线 0
230.188 232.195 65.0 - 1
232.627 233.161 61.0 懂 0
233.163 233.629 66.0 事 0
233.698 234.165 68.0 之 0
234.234 234.567 65.0 前 0
234.77 235.102 63.0 情 0
235.306 235.638 70.0 动 0
235.841 236.375 70.0 以 0
236.377 236.911 72.0 后 1
236.917 237.45 73.0 长 0
237.452 237.718 72.0 不 0
237.72 238.187 70.0 过 0
238.524 238.99 65.0 一 0
239.06 239.861 58.0 天 1
240.588 240.853 58.0 哪 0
240.856 241.054 60.0 一 0
241.123 241.389 60.0 年 0
241.391 241.992 61.0 - 0
242.731 242.996 60.0 让 0
242.998 243.264 61.0 一 0
243.266 244.202 65.0 生 0
244.873 245.675 61.0 改 0
245.711 247.048 70.0 变 1
