28.481 28.686 49.0 关 0
28.686 28.892 47.0 于 0
28.892 29.097 49.0 郑 0
29.097 29.508 49.0 州 0
29.508 29.714 47.0 我 0
29.714 29.919 49.0 知 0
29.919 30.33 49.0 道 0
30.33 30.947 45.0 的 0
30.947 31.152 52.0 不 0
31.152 31.974 49.0 多 1
35.083 35.289 49.0 为 0
35.289 35.494 47.0 了 0
35.494 35.905 49.0 爱 0
35.905 36.111 47.0 情 0
36.111 36.521 49.0 曾 0
36.521 36.932 49.0 经 0
37.138 37.549 49.0 去 0
37.549 37.754 47.0 过 0
37.754 38.371 49.0 那 0
38.371 38.782 40.0 里 1
41.596 41.802 54.0 多 0
41.802 42.007 52.0 少 0
42.007 42.418 54.0 次 0
42.418 42.624 52.0 在 0
42.624 43.035 54.0 火 0
43.035 43.446 57.0 车 0
43.446 43.651 57.0 上 0
43.651 43.857 57.0 路 0
43.857 44.268 57.0 过 0
44.268 44.473 49.0 这 0
44.473 44.884 49.0 城 0
44.884 45.706 52.0 市 1
48.318 48.523 47.0 一 0
48.523 48.729 47.0 个 0
48.729 48.934 47.0 人 0
48.934 49.14 49.0 悄 0
49.14 49.551 52.0 悄 0
49.551 49.962 52.0 地 0
50.578 50.784 47.0 想 0
50.784 50.989 49.0 起 0
50.989 51.605 45.0 他 1
54.798 55.004 49.0 他 0
55.004 55.209 47.0 说 0
55.209 55.62 49.0 他 0
55.62 55.826 47.0 喜 0
55.826 56.442 49.0 欢 0
56.442 56.647 49.0 郑 0
56.647 56.853 49.0 州 0
56.853 57.264 49.0 冬 0
57.264 57.469 47.0 天 0
57.469 57.675 45.0 的 0
57.675 58.086 52.0 阳 0
58.086 58.702 49.0 光 1
61.451 61.657 49.0 巷 0
61.657 61.862 47.0 子 0
61.862 62.273 49.0 里 0
62.273 62.479 47.0 飘 0
62.479 63.095 49.0 满 0
63.095 63.506 49.0 煤 0
63.506 63.917 49.0 炉 0
63.917 64.123 47.0 的 0
64.123 64.739 49.0 味 0
64.739 65.15 40.0 道 1
67.895 68.1 54.0 雾 0
68.1 68.306 52.0 气 0
68.306 68.717 54.0 穿 0
68.717 68.922 57.0 过 0
68.922 69.539 57.0 他 0
69.539 69.95 57.0 年 0
69.95 70.361 57.0 轻 0
70.361 70.566 49.0 的 0
70.566 71.183 49.0 脖 0
71.183 72.004 52.0 子 1
74.476 74.682 47.0 直 0
74.682 74.887 47.0 到 0
74.887 75.093 47.0 今 0
75.093 75.504 49.0 天 0
75.504 75.915 50.0 都 0
75.915 76.12 52.0 没 0
76.12 76.942 52.0 有 0
76.942 77.353 47.0 散 0
77.353 77.969 45.0 去 1
81.146 81.351 57.0 关 0
81.351 81.556 54.0 于 0
81.556 81.762 57.0 郑 0
81.762 82.173 57.0 州 0
82.173 82.378 57.0 我 0
82.378 82.584 57.0 想 0
82.584 82.995 57.0 的 0
82.995 83.611 57.0 全 0
83.611 84.022 54.0 是 0
84.022 84.844 52.0 你 1
87.616 87.821 57.0 想 0
87.821 88.027 54.0 来 0
88.027 88.232 57.0 想 0
88.232 88.643 57.0 去 0
88.643 89.054 57.0 都 0
89.054 89.465 57.0 是 0
89.671 89.876 57.0 忏 0
89.876 90.287 57.0 悔 0
90.287 90.493 49.0 和 0
90.493 90.904 49.0 委 0
90.904 91.725 52.0 屈 1
94.243 94.449 57.0 关 0
94.449 94.654 54.0 于 0
94.654 94.86 57.0 郑 0
94.86 95.271 57.0 州 0
95.271 95.476 57.0 我 0
95.476 95.682 57.0 爱 0
95.682 96.093 61.0 的 0
96.093 96.709 61.0 全 0
96.709 97.12 54.0 是 0
97.12 97.942 52.0 你 1
100.836 101.041 47.0 爱 0
101.041 101.247 47.0 来 0
101.247 101.452 47.0 爱 0
101.452 101.863 49.0 去 0
101.863 102.068 49.0 不 0
102.068 102.274 52.0 明 0
102.274 102.89 52.0 白 0
102.89 103.301 49.0 爱 0
103.301 103.507 47.0 的 0
103.507 104.123 49.0 意 0
104.123 104.74 45.0 义 1
107.469 107.674 49.0 关 0
107.674 107.88 47.0 于 0
107.88 108.085 49.0 郑 0
108.085 108.496 49.0 州 0
108.496 108.702 49.0 只 0
108.702 109.113 49.0 是 0
109.524 109.935 49.0 偶 0
109.935 110.14 45.0 尔 0
110.192 110.757 52.0 想 0
110.757 111.578 49.0 起 1
113.91 114.116 49.0 现 0
114.116 114.321 47.0 在 0
114.321 114.732 49.0 他 0
114.732 114.938 47.0 的 0
114.938 115.349 49.0 味 0
115.349 115.76 49.0 道 0
115.76 115.965 44.0 都 0
115.965 116.376 49.0 在 0
116.376 116.581 47.0 回 0
116.581 117.198 49.0 忆 0
117.198 117.609 40.0 里 1
120.643 120.848 54.0 每 0
120.848 121.054 52.0 次 0
121.054 121.465 54.0 和 0
121.465 121.67 57.0 朋 0
121.67 122.286 57.0 友 0
122.286 122.492 57.0 说 0
122.492 122.697 57.0 起 0
122.697 122.903 57.0 过 0
122.903 123.314 57.0 去 0
123.314 123.519 49.0 的 0
123.519 123.93 49.0 旅 0
123.93 124.752 52.0 行 1
127.11 127.315 47.0 我 0
127.315 127.521 47.0 不 0
127.521 127.726 47.0 敢 0
127.726 128.137 49.0 说 0
128.137 128.754 52.0 我 0
128.754 129.165 52.0 曾 0
129.165 129.576 49.0 去 0
129.576 129.781 47.0 过 0
129.781 130.398 49.0 那 0
130.398 131.22 45.0 里 1
159.993 160.198 57.0 关 0
160.198 160.404 54.0 于 0
160.404 160.609 57.0 郑 0
160.609 161.02 57.0 州 0
161.02 161.226 57.0 我 0
161.226 161.431 57.0 想 0
161.431 161.842 57.0 的 0
161.842 162.458 57.0 全 0
162.458 162.869 54.0 是 0
162.869 163.691 52.0 你 1
166.586 166.791 57.0 想 0
166.791 166.997 54.0 来 0
166.997 167.202 57.0 生 0
167.202 167.613 57.0 活 0
167.613 168.024 57.0 无 0
168.024 168.435 57.0 非 0
168.435 168.641 57.0 是 0
168.641 168.846 57.0 痛 0
168.846 169.257 57.0 苦 0
169.257 169.463 49.0 和 0
169.463 169.874 49.0 美 0
169.874 170.285 52.0 丽 1
173.177 173.383 57.0 关 0
173.383 173.588 54.0 于 0
173.588 173.794 57.0 郑 0
173.794 174.205 57.0 州 0
174.205 174.41 57.0 我 0
174.41 174.616 57.0 爱 0
174.616 175.027 61.0 的 0
175.027 175.643 61.0 全 0
175.643 176.054 54.0 是 0
176.054 176.876 52.0 你 1
179.656 179.861 47.0 爱 0
179.861 180.067 47.0 到 0
180.067 180.272 47.0 最 0
180.272 180.683 49.0 后 0
180.683 180.889 49.0 我 0
180.889 181.505 52.0 们 0
181.505 181.71 52.0 都 0
181.71 182.121 49.0 无 0
182.121 182.327 47.0 路 0
182.327 182.943 49.0 可 0
182.943 183.971 45.0 去 1
186.336 186.542 49.0 似 0
186.542 186.747 49.0 是 0
186.747 186.952 49.0 而 0
186.952 187.363 49.0 非 0
187.363 187.569 49.0 或 0
187.569 187.98 49.0 是 0
188.391 188.802 49.0 世 0
188.802 189.007 45.0 事 0
189.007 189.418 49.0 可 0
189.418 190.035 49.0 畏 1
192.886 193.092 49.0 有 0
193.092 193.297 47.0 情 0
193.297 193.708 49.0 有 0
193.708 193.914 47.0 义 0
193.914 194.325 49.0 又 0
194.325 194.736 44.0 是 0
194.941 195.352 49.0 有 0
195.352 195.558 47.0 米 0
195.558 196.174 49.0 无 0
196.174 196.585 44.0 炊 1
199.395 199.6 54.0 时 0
199.6 199.806 52.0 间 0
199.806 200.011 54.0 改 0
200.011 200.422 57.0 变 0
200.422 200.628 57.0 了 0
200.628 200.833 57.0 很 0
200.833 201.244 57.0 多 0
201.244 201.45 57.0 也 0
201.45 201.655 57.0 什 0
201.655 202.066 57.0 么 0
202.066 202.271 49.0 都 0
202.271 202.631 49.0 没 0
202.631 203.093 52.0 有 1
206.123 206.329 47.0 让 0
206.329 206.534 47.0 我 0
206.534 206.74 47.0 再 0
206.74 207.15 49.0 次 0
207.15 207.356 49.0 拥 0
207.356 207.767 52.0 抱 0
207.767 208.178 52.0 你 0
208.64 209.0 49.0 郑 0
209.051 209.822 45.0 州 1
