29.434 29.751 57.0 可 0
29.751 30.067 59.0 不 0
30.067 30.377 59.0 可 0
30.384 30.7 59.0 以 0
30.7 31.017 57.0 不 0
31.017 31.333 59.0 想 0
31.333 31.65 56.0 - 0
31.65 32.282 56.0 你 0
34.509 34.825 50.0 我 0
34.825 35.142 52.0 - 0
35.142 35.458 54.0 需 0
35.458 35.775 52.0 要 0
35.775 36.091 50.0 振 0
36.091 36.407 54.0 作 0
36.407 37.357 52.0 一 0
39.521 39.837 57.0 下 0
39.837 40.075 59.0 七 0
40.075 40.47 61.0 八 0
40.47 40.787 59.0 九 0
40.787 41.103 57.0 月 0
41.103 41.42 61.0 的 0
41.42 41.736 56.0 天 0
41.736 42.686 56.0 - 0
44.614 44.931 50.0 气 0
44.931 45.247 52.0 像 0
45.247 45.564 54.0 我 0
45.564 45.88 52.0 和 0
45.88 46.197 50.0 你 0
46.197 46.434 52.0 需 0
46.434 47.067 57.0 要 0
47.067 47.7 56.0 下 0
47.7 48.412 57.0 一 0
48.412 48.886 59.0 场 0
49.003 49.715 59.0 雨 0
49.715 50.031 61.0 需 0
50.031 50.822 61.0 要 0
50.842 51.159 59.0 你 0
51.159 51.475 57.0 我 0
51.475 51.792 64.0 是 0
51.792 52.425 61.0 一 0
52.425 52.741 61.0 只 0
53.399 53.636 61.0 鱼 0
53.636 54.032 64.0 水 0
54.032 54.348 64.0 里 0
54.348 54.981 62.0 的 0
54.981 55.614 62.0 空 0
56.067 56.383 61.0 气 0
56.383 56.7 62.0 是 0
56.7 57.016 61.0 你 0
57.016 57.332 59.0 小 0
57.332 57.649 59.0 心 0
57.649 57.886 57.0 眼 0
57.886 58.282 61.0 和 0
58.282 58.598 59.0 坏 0
58.598 58.915 57.0 脾 0
58.915 59.231 57.0 气 0
59.235 59.473 59.0 没 0
59.473 60.185 61.0 有 0
60.185 60.659 61.0 你 0
60.796 61.113 61.0 像 0
61.113 61.429 59.0 - 0
61.429 61.746 57.0 离 0
61.746 62.062 64.0 开 0
62.062 62.695 61.0 水 0
62.695 63.012 61.0 的 0
63.294 63.611 61.0 鱼 0
63.611 63.927 61.0 快 0
63.927 64.244 64.0 要 0
64.244 64.56 64.0 活 0
64.56 65.193 62.0 不 0
65.193 65.509 62.0 下 0
65.727 66.043 61.0 去 0
66.043 66.36 61.0 不 0
66.36 66.676 62.0 能 0
66.676 66.993 61.0 在 0
66.993 67.309 59.0 一 0
67.701 68.017 57.0 起 0
68.017 68.65 59.0 游 0
68.65 69.283 61.0 来 0
69.283 70.549 57.0 游 0
80.119 80.436 57.0 去 0
80.436 80.752 59.0 能 0
80.752 81.069 61.0 不 0
81.069 81.385 59.0 能 0
81.385 81.702 57.0 让 0
81.702 82.018 59.0 你 0
82.018 82.334 56.0 清 0
82.334 82.967 56.0 醒 0
85.074 85.39 50.0 爱 0
85.39 85.706 52.0 - 0
85.706 86.023 54.0 是 0
86.023 86.339 52.0 快 0
86.339 86.656 50.0 乐 0
86.656 86.972 54.0 的 0
86.972 87.922 52.0 事 0
90.195 90.511 57.0 情 0
90.511 90.749 59.0 我 0
90.749 91.144 61.0 只 0
91.144 91.461 59.0 有 0
91.461 91.777 57.0 真 0
91.777 92.094 61.0 心 0
92.094 92.41 56.0 而 0
92.41 93.359 56.0 - 0
95.182 95.499 50.0 已 0
95.499 95.815 52.0 世 0
95.815 96.132 54.0 界 0
96.132 96.448 52.0 末 0
96.448 96.764 50.0 日 0
96.764 97.002 52.0 我 0
97.002 97.635 57.0 都 0
97.635 98.268 56.0 不 0
98.268 98.98 57.0 会 0
98.98 99.454 59.0 离 0
99.645 100.357 59.0 去 0
100.357 100.674 61.0 需 0
100.674 101.465 61.0 要 0
101.481 101.798 59.0 你 0
101.798 102.114 57.0 我 0
102.114 102.431 64.0 是 0
102.431 103.064 61.0 一 0
103.064 103.38 61.0 只 0
104.178 104.415 61.0 鱼 0
104.415 104.811 64.0 水 0
104.811 105.127 64.0 里 0
105.127 105.76 62.0 的 0
105.76 106.393 62.0 空 0
106.624 106.94 61.0 气 0
106.94 107.256 62.0 是 0
107.256 107.573 61.0 你 0
107.573 107.889 59.0 小 0
107.889 108.206 59.0 心 0
108.206 108.443 57.0 眼 0
108.443 108.839 61.0 和 0
108.839 109.155 59.0 坏 0
109.155 109.472 57.0 脾 0
109.472 109.788 57.0 气 0
109.855 110.092 59.0 没 0
110.092 110.804 61.0 有 0
110.804 111.279 61.0 你 0
111.387 111.704 61.0 像 0
111.704 112.02 59.0 离 0
112.02 112.337 57.0 开 0
112.337 112.653 64.0 水 0
112.653 113.286 61.0 的 0
113.286 113.603 61.0 鱼 0
113.87 114.186 61.0 快 0
114.186 114.503 61.0 - 0
114.503 114.819 64.0 要 0
114.819 115.136 64.0 活 0
115.136 115.769 62.0 不 0
115.769 116.085 62.0 下 0
116.442 116.758 61.0 去 0
116.758 117.075 61.0 不 0
117.075 117.391 62.0 能 0
117.391 117.707 61.0 在 0
117.707 118.024 59.0 一 0
118.311 118.628 57.0 起 0
118.628 119.261 59.0 游 0
119.261 119.894 61.0 来 0
119.894 121.159 57.0 游 0
130.762 131.079 61.0 去 0
131.079 131.395 61.0 我 0
131.395 131.712 61.0 是 0
131.712 132.028 61.0 一 0
132.028 132.344 61.0 只 0
132.344 132.661 63.0 站 0
132.661 132.977 61.0 在 0
132.977 133.294 59.0 岸 0
133.294 133.531 56.0 上 0
133.531 134.243 59.0 的 0
134.246 134.563 61.0 鱼 0
134.563 134.879 56.0 哦 0
134.879 135.196 54.0 - 0
135.336 135.652 61.0 - 0
135.652 135.969 61.0 如 0
135.969 136.285 61.0 何 0
136.285 136.602 61.0 能 0
136.602 136.918 61.0 忘 0
136.918 137.235 61.0 记 0
137.235 137.551 63.0 曾 0
137.551 137.868 61.0 经 0
137.868 138.184 59.0 活 0
138.184 138.421 56.0 在 0
138.421 139.133 59.0 海 0
139.216 139.533 63.0 里 0
139.533 139.849 61.0 曾 0
139.849 140.166 59.0 经 0
140.166 140.482 61.0 我 0
140.482 140.799 63.0 活 0
141.036 141.748 64.0 在 0
141.748 142.065 66.0 你 0
142.065 142.381 63.0 的 0
142.381 142.856 63.0 生 0
142.856 143.647 61.0 命 0
143.695 144.011 59.0 哦 0
144.011 144.486 63.0 耶 0
144.486 144.961 61.0 耶 0
144.961 145.277 59.0 耶 0
145.289 145.764 61.0 需 0
145.764 146.238 63.0 要 0
146.238 146.555 63.0 你 0
147.026 147.421 61.0 我 0
147.421 147.738 59.0 - 0
147.738 148.054 66.0 是 0
148.054 148.687 63.0 一 0
148.687 149.32 63.0 只 0
149.656 149.973 63.0 鱼 0
149.973 150.289 63.0 水 0
150.289 150.606 66.0 里 0
150.606 151.239 64.0 的 0
151.239 151.872 64.0 空 0
152.253 152.57 63.0 气 0
152.57 152.886 64.0 是 0
152.886 153.202 61.0 你 0
153.202 153.519 61.0 小 0
153.519 153.835 61.0 心 0
153.835 154.152 59.0 眼 0
154.152 154.627 63.0 和 0
154.627 155.101 59.0 坏 0
155.101 155.418 59.0 脾 0
155.443 155.759 61.0 气 0
155.759 156.392 63.0 没 0
156.392 156.709 63.0 有 0
156.952 157.268 63.0 你 0
157.268 157.585 61.0 像 0
157.585 157.901 59.0 离 0
157.901 158.218 66.0 开 0
158.218 158.851 63.0 水 0
158.851 159.167 63.0 的 0
159.372 159.688 63.0 鱼 0
159.688 160.005 63.0 快 0
160.005 160.321 66.0 要 0
160.321 160.637 66.0 活 0
160.637 161.27 64.0 不 0
161.27 161.587 64.0 下 0
162.065 162.382 63.0 去 0
162.382 162.698 61.0 为 0
162.698 163.015 59.0 什 0
163.015 163.331 68.0 么 0
163.331 163.964 66.0 不 0
163.964 164.201 68.0 能 0
164.201 164.597 63.0 在 0
164.597 165.23 61.0 一 0
165.263 165.579 59.0 起 0
165.579 165.896 61.0 我 0
165.896 166.529 63.0 需 0
166.529 166.845 63.0 要 0
167.359 167.754 61.0 你 0
167.754 168.071 59.0 我 0
168.071 168.387 66.0 是 0
168.387 169.02 63.0 一 0
169.02 169.653 63.0 只 0
169.903 170.219 63.0 鱼 0
170.219 170.536 66.0 水 0
170.536 170.852 66.0 里 0
170.852 171.485 64.0 的 0
171.485 172.118 64.0 空 0
172.538 172.855 63.0 气 0
172.855 173.171 64.0 是 0
173.171 173.488 63.0 你 0
173.488 173.804 61.0 小 0
173.804 174.121 61.0 心 0
174.121 174.437 59.0 眼 0
174.437 174.912 63.0 和 0
174.912 175.386 59.0 坏 0
175.386 175.703 59.0 脾 0
175.704 176.02 61.0 气 0
176.02 176.653 63.0 没 0
176.653 176.97 63.0 有 0
177.109 177.426 63.0 你 0
177.426 177.742 61.0 像 0
177.742 178.058 59.0 离 0
178.058 178.375 66.0 开 0
178.375 179.008 63.0 水 0
179.008 179.324 63.0 的 0
179.636 179.952 63.0 鱼 0
179.952 180.269 63.0 快 0
180.269 180.585 66.0 要 0
180.585 180.902 66.0 活 0
180.902 181.534 64.0 不 0
181.534 181.851 64.0 下 0
182.291 182.608 63.0 去 0
182.608 182.924 63.0 不 0
182.924 183.241 64.0 能 0
183.241 183.557 61.0 在 0
183.557 184.19 61.0 一 0
184.254 184.571 59.0 起 0
184.571 185.203 61.0 游 0
185.203 185.836 63.0 来 0
185.836 187.656 59.0 游 0
