35.091 35.849 55.0 天 0
35.849 36.355 55.0 - 0
36.608 36.861 58.0 走 0
36.861 37.114 60.0 - 0
37.114 38.131 62.0 - 0
38.64 38.895 58.0 走 0
38.895 39.149 60.0 - 0
39.149 39.403 60.0 来 0
39.403 39.658 62.0 一 0
39.658 39.912 60.0 - 0
39.912 40.421 60.0 片 0
40.676 40.93 58.0 云 0
40.93 41.184 60.0 - 0
41.184 41.693 58.0 - 0
41.693 42.457 55.0 彩 1
43.169 43.678 55.0 是 0
43.678 43.932 58.0 - 0
43.932 44.187 60.0 你 0
44.187 44.441 58.0 把 0
44.441 44.696 55.0 眷 0
44.696 44.95 55.0 - 0
45.204 45.713 65.0 落 0
45.713 45.967 67.0 - 0
45.967 46.221 67.0 在 0
46.221 46.729 67.0 我 0
46.729 47.237 62.0 心 0
47.237 49.779 62.0 - 1
51.319 51.574 60.0 阳 0
51.574 52.082 62.0 - 0
52.082 52.844 62.0 - 0
52.844 53.353 65.0 光 0
53.353 54.369 67.0 知 0
54.877 55.131 65.0 知 0
55.131 55.386 67.0 - 0
55.386 55.64 65.0 道 0
55.64 56.148 67.0 我 0
56.148 56.402 55.0 - 0
56.402 56.91 58.0 的 0
56.91 57.419 60.0 情 0
57.419 58.945 60.0 - 1
59.446 59.955 62.0 那 0
59.955 60.209 65.0 一 0
60.209 60.464 67.0 片 0
60.464 60.718 65.0 花 0
60.718 60.973 65.0 - 0
60.973 61.227 62.0 海 0
61.227 61.482 60.0 - 0
61.482 61.99 60.0 在 0
61.99 62.245 62.0 为 0
62.245 62.499 65.0 你 0
62.499 62.881 60.0 盛 0
62.881 63.263 53.0 - 0
63.263 63.517 58.0 - 0
63.517 65.552 55.0 开 1
67.693 68.456 55.0 风 0
68.456 68.965 55.0 - 0
69.219 69.474 58.0 带 0
69.474 69.728 60.0 - 0
69.728 70.745 62.0 - 0
71.253 71.507 58.0 带 0
71.507 71.761 60.0 - 0
71.761 72.015 60.0 走 0
72.015 72.269 62.0 一 0
72.269 72.523 60.0 - 0
72.523 73.031 60.0 片 0
73.285 73.539 58.0 云 0
73.539 73.793 60.0 - 0
73.793 74.301 58.0 - 0
74.301 75.064 55.0 彩 1
75.682 76.19 55.0 是 0
76.19 76.444 58.0 - 0
76.444 76.698 60.0 你 0
76.698 76.952 58.0 把 0
76.952 77.206 55.0 牵 0
77.206 77.46 55.0 - 0
77.714 78.223 65.0 寄 0
78.223 78.477 67.0 - 0
78.477 78.731 67.0 在 0
78.731 79.239 67.0 我 0
79.239 79.747 62.0 心 0
79.747 82.289 62.0 - 1
83.968 84.223 60.0 月 0
84.223 84.731 62.0 - 0
84.731 85.493 62.0 光 0
85.493 86.002 65.0 知 0
86.002 86.32 65.0 道 0
86.32 87.019 67.0 - 0
87.528 87.783 65.0 知 0
87.783 88.037 67.0 道 0
88.037 88.291 65.0 我 0
88.291 88.8 67.0 - 0
88.8 89.055 55.0 的 0
89.055 89.564 60.0 思 0
89.564 90.072 62.0 - 0
90.072 91.345 60.0 念 1
91.938 92.447 62.0 心 0
92.447 92.701 65.0 - 0
92.701 92.956 67.0 上 0
92.956 93.21 65.0 的 0
93.21 93.464 65.0 人 0
93.464 93.719 62.0 - 0
93.719 93.973 60.0 啊 0
93.973 94.482 60.0 - 0
94.482 94.737 62.0 何 0
94.737 94.991 65.0 时 0
94.991 95.373 60.0 才 0
95.373 95.754 53.0 回 0
95.754 96.009 58.0 - 0
96.009 97.535 55.0 - 1
100.067 101.593 62.0 我 0
101.593 101.848 69.0 - 0
101.848 102.102 67.0 爱 0
102.102 103.12 67.0 - 0
103.629 103.883 70.0 就 0
103.883 104.138 72.0 - 0
104.138 104.646 74.0 像 0
104.646 104.901 72.0 天 0
104.901 105.155 74.0 上 0
105.155 105.537 72.0 的 0
105.537 105.919 70.0 云 0
105.919 106.173 67.0 - 0
106.173 107.693 67.0 - 1
108.386 108.639 67.0 心 0
108.639 108.892 69.0 - 0
108.892 109.146 67.0 随 0
109.146 109.399 69.0 你 0
109.399 109.652 67.0 远 0
109.652 109.906 67.0 - 0
109.906 110.159 65.0 走 0
110.412 110.667 65.0 走 0
110.667 110.921 67.0 - 0
110.921 111.176 65.0 向 0
111.176 111.43 67.0 那 0
111.43 111.685 58.0 天 0
111.685 111.939 60.0 - 0
111.939 112.193 62.0 之 0
112.193 112.448 65.0 - 0
112.448 115.501 62.0 外 1
116.441 117.967 67.0 我 0
117.967 118.222 62.0 爱 0
118.222 118.476 65.0 - 0
118.476 119.494 60.0 你 0
120.003 120.257 60.0 就 0
120.257 120.512 62.0 像 0
120.512 121.021 65.0 绵 0
121.021 121.275 65.0 绵 0
121.275 122.038 62.0 的 0
122.038 122.293 74.0 山 0
122.293 122.547 72.0 - 0
122.547 124.074 72.0 脉 1
124.603 125.366 65.0 一 0
125.366 125.62 65.0 生 0
125.62 125.875 65.0 一 0
125.875 126.129 62.0 - 0
126.129 126.638 62.0 世 0
126.638 127.147 72.0 为 0
128.165 128.419 67.0 等 0
128.419 128.673 65.0 - 0
128.673 131.725 67.0 待 1
148.921 149.681 55.0 天 0
149.681 150.188 55.0 边 0
150.442 150.695 58.0 走 0
150.695 150.949 60.0 - 0
150.949 151.965 62.0 来 0
152.474 152.728 58.0 走 0
152.728 152.982 60.0 来 0
152.982 153.49 62.0 一 0
153.49 153.744 60.0 片 0
153.744 154.253 60.0 片 0
154.507 154.761 58.0 云 0
154.761 155.015 60.0 - 0
155.015 155.524 58.0 彩 0
155.524 156.286 55.0 - 1
157.081 157.589 55.0 是 0
157.589 157.843 58.0 - 0
157.843 158.097 60.0 你 0
158.097 158.352 58.0 把 0
158.352 158.606 55.0 眷 0
158.606 158.86 55.0 - 0
159.114 159.622 65.0 落 0
159.622 159.877 67.0 - 0
159.877 160.131 67.0 在 0
160.131 160.639 67.0 我 0
160.639 161.147 62.0 心 0
161.147 163.692 62.0 - 1
165.203 165.458 60.0 阳 0
165.458 165.967 62.0 - 0
165.967 166.73 62.0 - 0
166.73 167.239 65.0 光 0
167.239 168.257 67.0 知 0
168.765 169.02 65.0 知 0
169.02 169.274 67.0 - 0
169.274 169.529 65.0 道 0
169.529 170.037 67.0 我 0
170.037 170.292 55.0 - 0
170.292 170.8 58.0 的 0
170.8 171.309 60.0 情 0
171.309 172.835 60.0 - 1
173.34 173.849 62.0 那 0
173.849 174.103 65.0 - 0
174.103 174.358 67.0 一 0
174.358 174.612 65.0 片 0
174.612 174.866 65.0 花 0
174.866 175.121 62.0 - 0
175.121 175.375 60.0 海 0
175.375 175.884 60.0 - 0
175.884 176.138 62.0 在 0
176.138 176.392 65.0 为 0
176.392 176.774 60.0 你 0
176.774 177.155 53.0 盛 0
177.155 177.41 58.0 - 0
177.41 179.445 55.0 - 1
181.565 181.82 53.0 风 0
181.82 182.329 55.0 - 0
182.329 182.838 55.0 - 0
183.092 183.347 58.0 带 0
183.347 183.601 60.0 - 0
183.601 184.617 62.0 - 0
185.124 185.378 58.0 带 0
185.378 185.632 60.0 - 0
185.632 185.886 60.0 走 0
185.886 186.14 62.0 一 0
186.14 186.394 60.0 - 0
186.394 186.902 60.0 片 0
187.155 187.409 58.0 云 0
187.409 187.663 60.0 - 0
187.663 188.171 58.0 - 0
188.171 188.933 55.0 彩 1
189.625 190.133 55.0 是 0
190.133 190.387 58.0 你 0
190.387 190.641 60.0 把 0
190.641 190.895 58.0 牵 0
190.895 191.149 55.0 - 0
191.149 191.403 55.0 挂 0
191.657 192.165 65.0 寄 0
192.165 192.42 67.0 在 0
192.42 192.674 67.0 我 0
192.674 193.183 67.0 心 0
193.183 193.692 62.0 - 0
193.692 196.236 62.0 怀 1
197.859 198.113 60.0 月 0
198.113 198.622 62.0 - 0
198.622 199.385 62.0 光 0
199.385 199.894 65.0 知 0
199.894 200.911 67.0 道 0
201.42 201.674 65.0 知 0
201.674 201.928 67.0 道 0
201.928 202.182 65.0 我 0
202.182 202.691 67.0 - 0
202.691 202.945 55.0 的 0
202.945 203.453 58.0 思 0
203.453 203.962 62.0 - 0
203.962 205.233 60.0 念 1
205.813 206.068 60.0 心 0
206.068 206.322 62.0 - 0
206.322 206.576 65.0 - 0
206.576 206.83 67.0 上 0
206.83 207.085 67.0 的 0
207.085 207.339 65.0 人 0
207.339 207.593 62.0 - 0
207.593 207.847 60.0 啊 0
207.847 208.356 60.0 - 0
208.356 208.61 62.0 何 0
208.61 208.864 65.0 时 0
208.864 209.245 60.0 才 0
209.245 209.627 53.0 回 0
209.627 209.881 58.0 - 0
209.881 211.406 55.0 - 1
214.012 215.538 62.0 我 0
215.538 215.792 69.0 - 0
215.792 216.046 67.0 爱 0
216.046 217.063 67.0 - 0
217.571 217.826 70.0 就 0
217.826 218.08 72.0 - 0
218.08 218.588 74.0 像 0
218.588 218.842 72.0 天 0
218.842 219.096 74.0 上 0
219.096 219.476 72.0 的 0
219.476 219.857 70.0 云 0
219.857 220.111 67.0 - 0
220.111 221.635 67.0 - 1
222.17 222.36 67.0 心 0
222.36 222.678 69.0 - 0
222.678 222.932 67.0 - 0
222.932 223.186 69.0 随 0
223.186 223.439 67.0 你 0
223.439 223.693 67.0 远 0
223.693 223.947 65.0 - 0
224.201 224.71 67.0 走 0
224.71 224.965 65.0 - 0
224.965 225.219 67.0 向 0
225.219 225.473 58.0 那 0
225.473 225.728 60.0 天 0
225.728 225.982 62.0 - 0
225.982 226.237 65.0 之 0
226.237 229.544 62.0 - 1
230.357 231.883 67.0 我 0
231.883 232.138 62.0 爱 0
232.138 232.392 65.0 - 0
232.392 233.41 60.0 你 0
233.919 234.173 60.0 就 0
234.173 234.427 62.0 像 0
234.427 234.936 65.0 绵 0
234.936 235.191 65.0 绵 0
235.191 235.954 62.0 的 0
235.954 236.208 74.0 山 0
236.208 236.463 72.0 - 0
236.463 237.989 72.0 脉 1
238.472 239.234 65.0 一 0
239.234 239.488 65.0 - 0
239.488 239.742 65.0 生 0
239.742 239.996 62.0 一 0
239.996 240.503 62.0 - 0
240.503 241.011 72.0 世 0
242.027 242.281 67.0 等 0
242.281 242.535 65.0 - 0
242.535 245.582 67.0 - 1
246.504 247.266 65.0 一 0
247.266 247.52 65.0 生 0
247.52 247.774 65.0 一 0
247.774 248.028 62.0 - 0
248.028 248.535 62.0 世 0
248.535 249.299 72.0 为 0
249.299 249.553 74.0 - 0
249.553 251.08 69.0 你 0
252.097 252.352 67.0 等 0
252.352 252.606 65.0 - 0
252.606 256.734 67.0 待 1
