17.057 17.307 63.0 有 0
17.307 17.557 63.0 人 0
17.557 17.807 63.0 等 0
17.807 18.057 63.0 在 0
18.057 18.307 63.0 那 0
18.307 18.557 65.0 家 0
18.557 18.932 63.0 咖 0
18.932 19.307 62.0 啡 0
19.307 19.932 62.0 馆 1
21.137 21.387 62.0 熟 0
21.387 21.637 62.0 悉 0
21.637 21.887 62.0 音 0
21.887 22.137 62.0 乐 0
22.137 22.387 62.0 播 0
22.387 22.637 63.0 放 0
22.637 23.012 62.0 不 0
23.012 23.387 60.0 间 0
23.387 24.012 60.0 断 1
25.005 25.255 60.0 只 0
25.255 25.505 60.0 为 0
25.505 25.755 60.0 了 0
25.755 26.255 60.0 纪 0
26.255 27.005 59.0 念 0
27.005 27.255 60.0 他 0
27.255 27.505 59.0 们 0
27.505 27.755 60.0 的 0
27.755 28.255 55.0 走 0
28.255 28.755 55.0 散 1
32.99 33.24 63.0 有 0
33.24 33.49 63.0 一 0
33.49 33.74 63.0 些 0
33.74 34.24 63.0 习 0
34.24 34.49 65.0 惯 0
34.49 34.74 63.0 确 0
34.74 34.99 62.0 实 0
34.99 35.24 62.0 伤 0
35.24 35.865 62.0 感 1
36.927 37.177 62.0 假 0
37.177 37.427 62.0 装 0
37.427 37.677 62.0 隐 0
37.677 38.177 62.0 藏 0
38.177 38.427 62.0 却 0
38.427 38.677 67.0 莫 0
38.677 38.927 60.0 名 0
38.927 39.177 60.0 心 0
39.177 39.677 60.0 酸 1
41.007 41.257 60.0 想 0
41.257 41.507 60.0 表 0
41.507 41.757 60.0 现 0
41.757 42.257 60.0 坦 0
42.257 42.757 60.0 然 0
43.257 43.507 59.0 明 0
43.507 43.757 59.0 明 0
43.757 44.257 59.0 两 0
44.257 45.507 60.0 难 1
47.498 47.748 70.0 没 0
47.748 47.998 68.0 有 0
47.998 48.248 67.0 谁 0
48.248 48.498 65.0 能 0
48.498 48.998 67.0 比 0
48.998 49.498 60.0 谁 0
49.498 49.998 67.0 更 0
49.998 50.248 68.0 加 0
50.248 50.748 65.0 好 0
50.748 51.248 65.0 过 1
51.542 51.792 70.0 掩 0
51.792 52.042 68.0 饰 0
52.042 52.292 67.0 伤 0
52.292 52.542 65.0 口 0
52.542 53.042 67.0 不 0
53.042 53.542 58.0 代 0
53.542 54.042 65.0 表 0
54.042 54.292 67.0 谁 0
54.292 54.792 65.0 软 0
54.792 55.542 63.0 弱 1
55.712 55.962 63.0 不 0
55.962 56.212 63.0 要 0
56.212 56.462 63.0 解 0
56.462 56.962 65.0 - 0
56.962 57.212 63.0 释 0
57.212 57.962 63.0 反 0
57.962 58.212 62.0 而 0
58.212 58.962 59.0 弄 0
58.962 59.212 59.0 巧 0
59.212 59.712 60.0 成 0
59.712 59.962 62.0 拙 1
60.216 60.716 63.0 想 0
60.716 60.966 63.0 洒 0
60.966 61.216 63.0 脱 0
61.216 61.466 63.0 就 0
61.466 61.716 63.0 别 0
61.716 62.216 65.0 执 0
62.216 62.466 65.0 着 0
62.466 62.841 67.0 - 1
63.497 63.747 70.0 没 0
63.747 63.997 68.0 了 0
63.997 64.247 67.0 谁 0
64.247 64.497 65.0 谁 0
64.497 64.997 67.0 都 0
64.997 65.497 60.0 一 0
65.497 65.997 67.0 样 0
65.997 66.247 68.0 的 0
66.247 66.747 67.0 好 0
66.747 67.247 65.0 过 1
67.478 67.728 70.0 伤 0
67.728 67.978 68.0 口 0
67.978 68.228 67.0 随 0
68.228 68.478 65.0 时 0
68.478 68.978 67.0 间 0
68.978 69.478 58.0 都 0
69.478 69.978 65.0 会 0
69.978 70.228 67.0 愈 0
70.228 70.728 65.0 合 0
70.728 71.478 63.0 - 1
72.082 72.332 63.0 终 0
72.332 72.582 63.0 于 0
72.582 72.832 65.0 - 0
72.832 73.082 63.0 - 0
73.082 73.332 63.0 明 0
73.332 74.082 63.0 白 0
74.082 74.332 62.0 过 0
74.332 75.082 59.0 往 0
75.082 75.332 59.0 会 0
75.332 75.832 60.0 吞 0
75.832 76.082 62.0 没 0
76.582 78.332 62.0 所 0
78.332 79.582 60.0 有 1
97.097 97.347 63.0 有 0
97.347 97.597 63.0 一 0
97.597 97.972 63.0 些 0
97.972 98.347 63.0 习 0
98.347 98.597 65.0 惯 0
98.597 98.847 63.0 确 0
98.847 99.097 62.0 实 0
99.097 99.347 62.0 伤 0
99.347 99.972 62.0 感 1
100.929 101.179 62.0 假 0
101.179 101.429 62.0 装 0
101.429 101.679 62.0 隐 0
101.679 102.179 62.0 藏 0
102.179 102.429 62.0 却 0
102.429 102.679 67.0 莫 0
102.679 102.929 60.0 名 0
102.929 103.179 60.0 心 0
103.179 103.679 60.0 酸 1
104.954 105.204 60.0 想 0
105.204 105.454 60.0 表 0
105.454 105.704 60.0 现 0
105.704 106.204 60.0 坦 0
106.204 106.704 60.0 然 0
107.204 107.454 59.0 明 0
107.454 107.704 59.0 明 0
107.704 108.204 59.0 两 0
108.204 109.454 60.0 难 1
111.498 111.748 70.0 没 0
111.748 111.998 68.0 有 0
111.998 112.248 67.0 谁 0
112.248 112.498 65.0 能 0
112.498 112.998 67.0 比 0
112.998 113.498 60.0 谁 0
113.498 113.998 67.0 更 0
113.998 114.248 68.0 加 0
114.248 114.748 65.0 好 0
114.748 115.248 65.0 过 1
115.513 115.763 70.0 掩 0
115.763 116.013 68.0 饰 0
116.013 116.263 67.0 伤 0
116.263 116.513 65.0 口 0
116.513 117.013 67.0 不 0
117.013 117.513 58.0 代 0
117.513 118.013 65.0 表 0
118.013 118.263 67.0 谁 0
118.263 118.763 65.0 软 0
118.763 119.513 63.0 弱 1
119.751 120.001 63.0 不 0
120.001 120.251 63.0 要 0
120.251 120.501 63.0 解 0
120.501 121.001 65.0 - 0
121.001 121.251 63.0 释 0
121.251 122.001 63.0 反 0
122.001 122.251 62.0 而 0
122.251 123.001 59.0 弄 0
123.001 123.251 59.0 巧 0
123.251 123.751 60.0 成 0
123.751 124.001 62.0 拙 1
124.252 124.752 63.0 想 0
124.752 125.002 63.0 洒 0
125.002 125.252 63.0 脱 0
125.252 125.502 63.0 就 0
125.502 125.752 63.0 别 0
125.752 126.252 65.0 执 0
126.252 126.502 65.0 着 0
126.502 126.877 67.0 - 1
127.597 127.847 70.0 没 0
127.847 128.097 68.0 了 0
128.097 128.347 67.0 谁 0
128.347 128.597 65.0 谁 0
128.597 129.097 67.0 都 0
129.097 129.597 60.0 一 0
129.597 130.097 67.0 样 0
130.097 130.347 68.0 的 0
130.347 130.847 67.0 好 0
130.847 131.347 65.0 过 1
131.557 131.807 70.0 伤 0
131.807 132.057 68.0 口 0
132.057 132.307 67.0 随 0
132.307 132.557 65.0 时 0
132.557 133.057 67.0 间 0
133.057 133.557 58.0 都 0
133.557 134.057 65.0 会 0
134.057 134.307 67.0 愈 0
134.307 134.807 65.0 合 0
134.807 135.557 63.0 - 1
136.064 136.314 63.0 终 0
136.314 136.564 63.0 于 0
136.564 136.814 65.0 - 0
136.814 137.064 63.0 - 0
137.064 137.314 63.0 明 0
137.314 138.064 63.0 白 0
138.064 138.314 62.0 过 0
138.314 139.064 59.0 往 0
139.064 139.314 59.0 会 0
139.314 139.814 60.0 吞 0
139.814 140.064 62.0 没 0
140.564 142.314 62.0 所 0
142.314 143.564 60.0 有 1
143.601 143.851 70.0 没 0
143.851 144.101 68.0 有 0
144.101 144.351 67.0 谁 0
144.351 144.601 65.0 能 0
144.601 145.101 67.0 比 0
145.101 145.601 60.0 谁 0
145.601 146.101 67.0 更 0
146.101 146.351 68.0 加 0
146.351 146.851 67.0 好 0
146.851 147.351 65.0 过 1
147.482 147.732 70.0 掩 0
147.732 147.982 68.0 饰 0
147.982 148.232 67.0 伤 0
148.232 148.482 65.0 口 0
148.482 148.982 67.0 不 0
148.982 149.482 58.0 代 0
149.482 149.982 65.0 表 0
149.982 150.232 67.0 谁 0
150.232 150.732 65.0 软 0
150.732 151.482 63.0 弱 1
151.803 152.053 63.0 不 0
152.053 152.303 63.0 要 0
152.303 152.553 63.0 解 0
152.553 153.053 65.0 - 0
153.053 153.428 63.0 释 0
153.428 154.053 63.0 反 0
154.053 154.303 62.0 而 0
154.303 155.053 59.0 弄 0
155.053 155.303 59.0 巧 0
155.303 155.803 60.0 成 0
155.803 156.053 62.0 拙 1
156.457 156.791 63.0 想 0
156.791 157.124 63.0 洒 0
157.124 157.457 63.0 脱 0
157.457 157.791 63.0 就 0
157.791 158.124 65.0 别 0
158.124 158.457 63.0 执 0
158.457 158.957 67.0 着 1
159.58 159.83 70.0 没 0
159.83 160.08 68.0 了 0
160.08 160.33 67.0 谁 0
160.33 160.58 65.0 谁 0
160.58 161.08 67.0 都 0
161.08 161.58 60.0 一 0
161.58 162.08 67.0 样 0
162.08 162.33 68.0 的 0
162.33 162.83 67.0 好 0
162.83 163.33 65.0 过 1
163.603 163.853 70.0 伤 0
163.853 164.103 68.0 口 0
164.103 164.353 67.0 随 0
164.353 164.603 65.0 时 0
164.603 165.103 67.0 间 0
165.103 165.603 58.0 都 0
165.603 166.103 65.0 会 0
166.103 166.353 67.0 愈 0
166.353 166.853 65.0 合 0
166.853 167.603 63.0 - 1
168.065 168.315 63.0 终 0
168.315 168.565 63.0 于 0
168.565 168.815 65.0 - 0
168.815 169.065 63.0 - 0
169.065 169.315 63.0 明 0
169.315 170.065 63.0 白 0
170.065 170.315 62.0 过 0
170.315 171.065 59.0 往 0
171.065 171.315 59.0 会 0
171.315 171.815 60.0 吞 0
171.815 172.065 62.0 没 0
172.565 174.315 62.0 所 0
174.315 175.565 60.0 有 1
