15.757 15.987 56.0 不 0
15.987 16.218 56.0 要 0
16.218 16.449 58.0 再 0
16.449 16.679 56.0 逗 0
16.679 17.026 58.0 留 0
17.026 17.602 60.0 - 1
19.41 19.756 58.0 人 0
19.756 20.217 60.0 心 0
20.217 20.448 60.0 太 0
20.448 20.909 58.0 拥 0
20.909 21.832 58.0 挤 1
23.19 23.421 56.0 被 0
23.421 23.651 58.0 混 0
23.651 23.882 58.0 乱 0
23.882 24.113 56.0 的 0
24.113 24.574 58.0 游 0
24.574 25.036 56.0 戏 1
25.41 25.641 53.0 或 0
25.641 25.871 56.0 是 0
25.871 26.333 58.0 真 0
26.333 26.794 56.0 理 0
26.794 27.025 56.0 的 0
27.025 27.486 56.0 命 0
27.486 28.64 60.0 运 1
30.291 30.521 51.0 我 0
30.521 30.752 56.0 自 0
30.752 30.983 56.0 己 0
30.983 31.213 58.0 问 0
31.213 31.444 56.0 自 0
31.444 31.79 58.0 己 0
31.79 32.367 60.0 - 1
34.143 34.489 60.0 完 0
34.489 34.835 60.0 成 0
34.835 35.181 60.0 到 0
35.181 35.412 60.0 这 0
35.412 36.796 58.0 里 1
37.861 38.091 56.0 到 0
38.091 38.322 58.0 底 0
38.322 38.553 58.0 还 0
38.553 38.784 56.0 剩 0
38.784 39.245 58.0 多 0
39.245 40.168 56.0 少 1
40.194 40.424 53.0 不 0
40.424 40.655 56.0 用 0
40.655 41.117 58.0 挣 0
41.117 41.578 56.0 扎 0
41.578 41.924 60.0 的 0
41.924 42.27 58.0 阴 0
42.27 43.885 56.0 霾 1
45.34 45.571 60.0 只 0
45.571 46.263 63.0 是 0
46.263 46.724 63.0 无 0
46.724 47.186 67.0 奈 0
47.186 47.532 65.0 这 0
47.532 47.762 65.0 些 0
47.762 47.993 67.0 问 0
47.993 48.339 63.0 - 0
48.339 49.031 63.0 题 0
49.031 49.339 63.0 无 0
49.339 49.646 63.0 人 0
49.646 49.954 63.0 交 0
49.954 50.531 56.0 流 0
50.531 51.684 60.0 - 1
54.194 54.424 64.0 只 0
54.424 54.655 65.0 好 0
54.655 55.001 63.0 任 0
55.001 55.232 63.0 凭 0
55.232 55.578 63.0 生 0
55.578 56.039 61.0 - 0
56.039 56.501 61.0 命 0
56.501 56.731 56.0 去 0
56.731 57.193 60.0 阻 0
57.193 57.539 61.0 碍 0
57.539 58.346 58.0 - 1
60.189 60.419 61.0 中 0
60.419 60.881 63.0 途 0
60.881 61.112 63.0 的 0
61.112 61.458 67.0 放 0
61.458 62.38 67.0 纵 0
63.303 63.88 67.0 才 0
63.88 64.111 67.0 选 0
64.111 64.572 60.0 错 0
64.572 64.803 60.0 了 0
64.803 65.149 60.0 出 0
65.149 66.187 69.0 口 1
67.9 68.131 65.0 泛 0
68.131 68.362 65.0 滥 0
68.362 68.823 65.0 的 0
68.823 69.285 63.0 欲 0
69.285 69.746 61.0 望 0
69.746 69.977 61.0 无 0
69.977 70.9 61.0 邪 1
70.9 71.13 61.0 却 0
71.13 71.476 61.0 沦 0
71.476 71.822 61.0 为 0
71.822 72.053 61.0 成 0
72.053 72.399 63.0 烂 0
72.399 73.899 63.0 醉 1
74.883 75.114 63.0 早 0
75.114 75.46 63.0 已 0
75.46 75.806 63.0 该 0
75.806 76.268 67.0 放 0
76.268 77.536 60.0 手 1
78.354 78.585 56.0 这 0
78.585 78.815 63.0 无 0
78.815 79.161 63.0 休 0
79.161 79.507 63.0 的 0
79.507 79.969 67.0 阴 0
79.969 81.122 60.0 谋 1
82.165 82.511 63.0 玩 0
82.511 82.858 63.0 笑 0
82.858 83.204 63.0 已 0
83.204 83.665 68.0 过 0
83.665 84.818 65.0 半 1
85.759 85.99 56.0 不 0
85.99 86.221 56.0 由 0
86.221 86.682 60.0 不 0
86.682 87.143 60.0 该 0
87.143 87.836 58.0 - 1
89.691 89.922 63.0 路 0
89.922 90.268 63.0 还 0
90.268 90.614 63.0 有 0
90.614 91.075 67.0 汗 0
91.075 92.113 60.0 流 1
93.234 93.465 61.0 梦 0
93.465 93.811 63.0 还 0
93.811 94.157 63.0 没 0
94.157 94.618 67.0 腐 0
94.618 95.541 60.0 朽 1
96.975 97.206 63.0 命 0
97.206 97.552 63.0 运 0
97.552 97.898 63.0 到 0
97.898 98.36 68.0 最 0
98.36 99.513 65.0 后 1
100.213 100.559 65.0 勿 0
100.559 100.905 65.0 忘 0
100.905 101.251 65.0 心 0
101.251 103.904 63.0 安 1
108.075 108.306 56.0 不 0
108.306 108.536 56.0 要 0
108.536 108.767 58.0 再 0
108.767 108.998 56.0 逗 0
108.998 109.344 58.0 留 0
109.344 109.921 60.0 - 1
111.641 112.103 51.0 人 0
112.103 112.449 63.0 心 0
112.449 112.795 63.0 太 0
112.795 113.256 60.0 闪 0
113.256 114.179 58.0 躲 1
115.484 115.715 56.0 被 0
115.715 115.946 58.0 混 0
115.946 116.176 58.0 乱 0
116.176 116.407 56.0 的 0
116.407 116.869 58.0 双 0
116.869 117.33 56.0 眼 0
117.791 118.022 53.0 或 0
118.022 118.253 56.0 是 0
118.253 118.483 58.0 听 0
118.483 118.829 58.0 - 0
118.829 119.406 60.0 觉 1
119.442 119.673 60.0 卑 0
119.673 119.904 60.0 微 0
119.904 120.134 61.0 不 0
120.134 120.596 61.0 前 0
120.596 121.403 60.0 - 1
122.658 122.889 51.0 我 0
122.889 123.119 56.0 自 0
123.119 123.35 56.0 己 0
123.35 123.581 58.0 问 0
123.581 123.811 56.0 自 0
123.811 124.158 58.0 己 0
124.158 124.734 60.0 - 1
126.328 126.559 51.0 退 0
126.559 126.79 63.0 路 0
126.79 127.136 63.0 已 0
127.136 127.482 63.0 在 0
127.482 127.828 58.0 原 0
127.828 129.097 58.0 地 1
129.977 130.208 51.0 不 0
130.208 130.439 58.0 可 0
130.439 130.669 58.0 能 0
130.669 130.9 58.0 撑 0
130.9 131.131 56.0 不 0
131.131 131.592 58.0 下 0
131.592 132.515 56.0 去 1
132.643 132.874 53.0 沦 0
132.874 133.104 56.0 落 0
133.104 133.566 58.0 逃 0
133.566 134.027 56.0 避 0
134.027 134.373 60.0 的 0
134.373 134.719 58.0 宣 0
134.719 136.334 56.0 判 1
137.576 137.807 60.0 只 0
137.807 138.499 63.0 是 0
138.499 138.73 63.0 无 0
138.73 139.422 67.0 奈 0
139.422 139.768 65.0 这 0
139.768 140.114 65.0 些 0
140.114 140.575 63.0 问 0
140.575 141.268 63.0 题 0
141.268 141.575 63.0 无 0
141.575 141.883 63.0 人 0
141.883 142.19 63.0 交 0
142.19 142.767 56.0 流 0
142.767 143.921 60.0 - 1
146.448 146.679 65.0 只 0
146.679 146.909 65.0 好 0
146.909 147.371 63.0 任 0
147.371 147.601 63.0 凭 0
147.601 147.832 63.0 生 0
147.832 148.293 61.0 - 0
148.293 148.755 61.0 命 0
148.755 148.986 56.0 去 0
148.986 149.447 60.0 阻 0
149.447 149.793 60.0 碍 0
149.793 150.6 58.0 - 1
152.375 152.606 63.0 中 0
152.606 153.067 63.0 途 0
153.067 153.298 63.0 的 0
153.298 153.644 67.0 放 0
153.644 154.567 67.0 纵 0
155.374 155.605 65.0 才 0
155.605 156.066 67.0 - 0
156.066 156.297 67.0 选 0
156.297 156.758 60.0 错 0
156.758 156.989 60.0 了 0
156.989 157.22 60.0 出 0
157.22 158.835 69.0 口 1
160.306 160.536 65.0 泛 0
160.536 160.767 65.0 滥 0
160.767 161.229 65.0 的 0
161.229 161.69 63.0 欲 0
161.69 162.151 63.0 望 0
162.151 162.382 61.0 无 0
162.382 163.305 61.0 邪 1
163.305 163.536 61.0 却 0
163.536 163.882 61.0 沦 0
163.882 164.228 61.0 为 0
164.228 164.458 61.0 成 0
164.458 164.804 63.0 烂 0
164.804 168.611 63.0 醉 1
170.839 171.07 63.0 早 0
171.07 171.416 63.0 已 0
171.416 171.762 63.0 该 0
171.762 172.223 67.0 放 0
172.223 173.492 60.0 手 1
174.372 174.603 63.0 这 0
174.603 174.834 63.0 无 0
174.834 175.18 63.0 休 0
175.18 175.526 63.0 的 0
175.526 175.987 67.0 阴 0
175.987 177.141 60.0 谋 1
178.053 178.399 63.0 玩 0
178.399 178.745 63.0 笑 0
178.745 179.091 63.0 已 0
179.091 179.552 68.0 过 0
179.552 180.706 65.0 半 1
181.403 181.634 56.0 不 0
181.634 181.864 56.0 能 0
181.864 182.095 56.0 不 0
182.095 182.787 60.0 由 0
182.787 182.903 58.0 不 0
182.903 184.171 58.0 该 1
185.417 185.648 63.0 一 0
185.648 185.878 63.0 路 0
185.878 186.224 63.0 还 0
186.224 186.57 63.0 有 0
186.57 187.032 67.0 汗 0
187.032 188.07 60.0 流 1
189.059 189.29 63.0 梦 0
189.29 189.52 63.0 还 0
189.52 189.867 63.0 没 0
189.867 190.213 63.0 有 0
190.213 190.674 67.0 腐 0
190.674 191.712 60.0 朽 1
192.922 193.268 63.0 命 0
193.268 193.614 63.0 运 0
193.614 193.845 63.0 到 0
193.845 194.306 68.0 最 0
194.306 195.46 65.0 后 1
195.96 196.421 65.0 记 0
196.421 196.652 65.0 得 0
196.652 197.114 65.0 勿 0
197.114 197.344 65.0 忘 0
197.344 197.575 65.0 心 0
197.575 199.882 63.0 安 1
200.414 200.645 65.0 早 0
200.645 200.991 65.0 已 0
200.991 201.337 65.0 该 0
201.337 201.798 69.0 放 0
201.798 202.952 62.0 手 1
204.098 204.329 65.0 无 0
204.329 204.675 65.0 休 0
204.675 205.021 65.0 的 0
205.021 205.483 69.0 阴 0
205.483 206.636 62.0 谋 1
207.788 208.018 63.0 玩 0
208.018 208.364 65.0 笑 0
208.364 208.71 65.0 已 0
208.71 209.172 70.0 过 0
209.172 210.325 67.0 半 1
210.897 211.359 67.0 不 0
211.359 211.705 67.0 由 0
211.705 212.051 67.0 不 0
212.051 213.666 65.0 该 0
213.666 214.127 67.0 - 1
214.817 215.048 65.0 一 0
215.048 215.279 65.0 路 0
215.279 215.74 65.0 还 0
215.74 215.971 65.0 有 0
215.971 216.663 69.0 汗 0
216.663 217.124 62.0 流 0
217.124 217.816 62.0 - 1
218.575 218.806 65.0 梦 0
218.806 219.152 65.0 还 0
219.152 219.498 65.0 没 0
219.498 219.729 65.0 有 0
219.729 220.19 69.0 腐 0
220.19 221.575 69.0 朽 1
222.588 222.934 65.0 命 0
222.934 223.28 65.0 运 0
223.28 223.511 65.0 到 0
223.511 223.973 70.0 最 0
223.973 224.895 67.0 后 1
225.436 225.898 65.0 记 0
225.898 226.244 67.0 得 0
226.244 226.59 67.0 勿 0
226.59 226.821 67.0 忘 0
226.821 227.051 67.0 心 0
227.051 230.627 65.0 安 1
