1.97 2.439 56.0 下 0
2.439 2.907 57.0 雨 0
2.907 3.376 59.0 天 0
3.376 3.611 59.0 了 0
3.611 4.314 59.0 怎 0
4.314 4.548 59.0 么 0
4.548 5.017 59.0 办 0
5.251 5.72 59.0 我 0
5.72 6.306 63.0 好 0
6.423 7.009 64.0 想 0
7.009 8.532 64.0 你 1
9.786 10.02 64.0 不 0
10.02 10.254 68.0 敢 0
10.254 10.723 68.0 打 0
10.723 10.958 69.0 给 0
10.958 11.661 64.0 你 0
11.895 12.129 60.0 我 0
12.129 12.598 60.0 找 0
12.598 13.067 60.0 不 0
13.067 13.536 66.0 到 0
13.536 14.004 68.0 原 0
14.004 15.879 68.0 因 1
17.051 17.286 68.0 为 0
17.286 17.52 68.0 什 0
17.52 17.754 68.0 么 0
17.754 18.223 68.0 失 0
18.223 18.458 69.0 眠 0
18.458 19.161 71.0 的 0
19.161 19.629 64.0 声 0
19.629 20.567 66.0 音 1
21.555 22.141 68.0 变 0
22.141 22.61 69.0 得 0
22.61 23.079 71.0 好 0
23.079 23.547 59.0 熟 0
23.547 23.782 65.0 悉 0
23.782 24.251 65.0 - 1
24.494 24.728 68.0 沉 0
24.728 24.963 69.0 默 0
24.963 25.197 71.0 的 0
25.197 25.666 66.0 场 0
25.666 26.369 64.0 景 0
26.369 26.603 68.0 做 0
26.603 26.838 69.0 你 0
26.838 27.072 71.0 的 0
27.072 27.541 66.0 代 0
27.541 28.244 64.0 替 1
28.244 28.478 68.0 陪 0
28.478 28.713 69.0 我 0
28.713 29.181 71.0 听 0
29.181 29.65 64.0 雨 0
29.65 31.056 64.0 滴 1
32.88 33.349 59.0 期 0
33.349 33.584 59.0 待 0
33.584 34.287 59.0 让 0
34.287 34.521 59.0 人 0
34.521 35.224 59.0 越 0
35.224 35.459 59.0 来 0
35.459 36.162 66.0 越 0
36.162 36.63 63.0 沉 0
36.63 37.568 64.0 溺 1
39.953 40.187 68.0 谁 0
40.187 40.421 68.0 和 0
40.421 40.89 68.0 我 0
40.89 41.125 69.0 一 0
41.125 41.359 64.0 样 1
41.936 42.17 60.0 等 0
42.17 42.639 60.0 不 0
42.639 43.108 60.0 到 0
43.108 43.577 66.0 他 0
43.577 43.811 68.0 的 0
43.811 46.389 68.0 谁 1
47.1 47.335 56.0 爱 0
47.335 47.569 68.0 上 0
47.569 47.803 68.0 你 0
47.803 48.272 68.0 我 0
48.272 48.507 69.0 总 0
48.507 49.21 71.0 在 0
49.21 49.678 64.0 学 0
49.678 51.085 66.0 会 1
51.492 51.961 68.0 寂 0
51.961 52.196 69.0 寞 0
52.196 52.43 69.0 的 0
52.43 52.899 71.0 - 0
52.899 53.133 59.0 滋 0
53.133 54.305 65.0 味 1
54.442 54.676 68.0 一 0
54.676 54.911 69.0 个 0
54.911 55.145 71.0 人 0
55.145 55.614 66.0 撑 0
55.614 56.317 64.0 伞 0
56.317 56.551 68.0 一 0
56.551 56.786 69.0 个 0
56.786 57.02 71.0 人 0
57.02 57.489 66.0 擦 0
57.489 58.192 64.0 泪 1
58.215 58.449 68.0 一 0
58.449 58.684 69.0 个 0
58.684 58.918 71.0 人 0
58.918 59.387 66.0 好 0
59.387 61.027 64.0 累 1
61.437 61.906 59.0 怎 0
61.906 62.375 71.0 样 0
62.375 62.609 69.0 的 0
62.609 62.843 66.0 雨 0
62.843 63.312 68.0 - 0
63.312 63.781 59.0 怎 0
63.781 64.25 71.0 样 0
64.25 64.484 69.0 的 0
64.484 64.718 66.0 夜 0
64.718 65.187 68.0 - 1
65.21 65.679 59.0 怎 0
65.679 66.148 71.0 样 0
66.148 66.382 69.0 的 0
66.382 66.851 66.0 我 0
66.851 67.085 64.0 能 0
67.085 67.32 66.0 让 0
67.32 67.554 64.0 你 0
67.554 67.788 66.0 更 0
67.788 68.257 68.0 想 0
68.257 68.96 68.0 念 1
68.996 69.465 59.0 雨 0
69.465 69.934 71.0 要 0
69.934 70.168 69.0 多 0
70.168 70.402 66.0 大 0
70.402 70.871 68.0 - 1
70.892 71.361 59.0 天 0
71.361 71.83 71.0 要 0
71.83 72.064 73.0 多 0
72.064 72.767 66.0 黑 0
72.767 73.002 66.0 才 0
73.002 73.47 64.0 能 0
73.47 73.939 66.0 够 0
74.173 74.642 69.0 有 0
74.642 74.877 68.0 你 0
74.877 75.345 64.0 的 0
75.345 75.814 66.0 体 0
75.814 76.752 68.0 贴 1
76.932 77.166 71.0 其 0
77.166 77.635 73.0 实 0
77.635 78.104 71.0 没 0
78.104 78.338 71.0 有 0
78.338 78.573 73.0 我 0
78.573 78.807 71.0 你 0
78.807 79.041 73.0 分 0
79.041 79.276 73.0 不 0
79.276 79.51 71.0 清 0
79.51 79.979 76.0 那 0
79.979 80.448 73.0 些 1
80.492 80.96 76.0 差 0
80.96 81.429 73.0 别 0
81.429 81.898 71.0 接 0
81.898 82.132 71.0 近 0
82.132 82.367 71.0 还 0
82.367 82.601 68.0 能 0
82.601 82.835 71.0 多 0
82.835 83.304 73.0 一 0
83.304 84.242 68.0 些 1
84.295 84.763 71.0 别 0
84.763 85.115 69.0 说 0
85.115 85.349 68.0 你 0
85.349 85.818 68.0 会 0
85.818 86.053 69.0 难 0
86.053 86.756 61.0 过 1
86.837 87.071 64.0 别 0
87.071 87.774 68.0 说 0
87.774 88.009 66.0 你 0
88.009 88.477 63.0 想 0
88.477 88.946 63.0 改 0
89.063 90.352 66.0 变 0
90.352 91.993 68.0 - 1
91.997 92.348 71.0 被 0
92.348 92.7 69.0 爱 0
92.7 92.934 68.0 的 0
92.934 93.403 68.0 人 0
93.403 93.638 69.0 不 0
93.638 94.106 61.0 用 0
94.106 94.575 63.0 道 0
94.575 95.747 63.0 歉 1
128.507 128.976 59.0 期 0
128.976 129.211 59.0 待 0
129.211 129.914 59.0 让 0
129.914 130.148 59.0 人 0
130.148 130.851 59.0 越 0
130.851 131.086 59.0 来 0
131.086 131.789 66.0 越 0
131.789 132.257 63.0 疲 0
132.257 134.132 64.0 惫 1
135.533 135.767 68.0 谁 0
135.767 136.001 68.0 和 0
136.001 136.47 68.0 我 0
136.47 136.705 69.0 一 0
136.705 137.408 64.0 样 1
137.587 137.821 60.0 等 0
137.821 138.29 60.0 不 0
138.29 138.759 60.0 到 0
138.759 139.228 66.0 他 0
139.228 139.462 68.0 的 0
139.462 140.868 68.0 谁 0
140.868 141.806 66.0 - 0
141.806 142.275 66.0 - 1
142.673 142.908 56.0 爱 0
142.908 143.142 68.0 上 0
143.142 143.376 68.0 你 0
143.376 143.845 68.0 我 0
143.845 144.08 69.0 总 0
144.08 144.783 71.0 在 0
144.783 145.251 64.0 学 0
145.251 146.658 66.0 会 1
147.164 147.633 68.0 寂 0
147.633 147.868 69.0 寞 0
147.868 148.336 71.0 的 0
148.336 148.805 73.0 滋 0
148.805 149.977 65.0 味 1
150.06 150.294 68.0 一 0
150.294 150.529 69.0 个 0
150.529 150.763 71.0 人 0
150.763 151.232 66.0 撑 0
151.232 151.935 64.0 伞 0
151.935 152.169 68.0 一 0
152.169 152.404 69.0 个 0
152.404 152.638 71.0 人 0
152.638 153.107 66.0 擦 0
153.107 153.81 64.0 泪 1
153.838 154.072 68.0 一 0
154.072 154.307 69.0 个 0
154.307 154.541 71.0 人 0
154.541 154.775 64.0 好 0
154.775 155.01 66.0 - 0
155.01 155.244 64.0 - 0
155.244 156.65 64.0 累 1
157.099 157.568 59.0 怎 0
157.568 158.037 71.0 样 0
158.037 158.271 69.0 的 0
158.271 158.505 66.0 雨 0
158.505 158.974 68.0 - 0
158.974 159.443 59.0 怎 0
159.443 159.912 71.0 样 0
159.912 160.146 69.0 的 0
160.146 160.38 66.0 夜 0
160.38 160.849 68.0 - 1
160.9 161.369 59.0 怎 0
161.369 161.838 71.0 样 0
161.838 162.072 69.0 的 0
162.072 162.541 66.0 我 0
162.541 162.775 64.0 能 0
162.775 163.01 66.0 让 0
163.01 163.244 64.0 你 0
163.244 163.478 64.0 更 0
163.478 163.947 68.0 想 0
163.947 164.65 68.0 念 1
164.652 165.121 59.0 雨 0
165.121 165.59 71.0 要 0
165.59 165.824 69.0 多 0
165.824 166.058 66.0 大 0
166.058 166.527 68.0 - 1
166.529 166.998 59.0 天 0
166.998 167.467 71.0 要 0
167.467 167.701 73.0 多 0
167.701 168.404 66.0 黑 0
168.404 168.873 66.0 才 0
168.873 169.107 64.0 能 0
169.107 169.576 66.0 够 0
169.81 170.279 69.0 有 0
170.279 170.514 68.0 你 0
170.514 170.982 64.0 的 0
170.982 171.451 66.0 体 0
171.451 172.389 68.0 贴 1
172.572 172.806 71.0 其 0
172.806 173.275 73.0 实 0
173.275 173.744 71.0 没 0
173.744 173.978 71.0 有 0
173.978 174.213 73.0 我 0
174.213 174.447 71.0 你 0
174.447 174.681 73.0 分 0
174.681 174.916 73.0 不 0
174.916 175.15 71.0 清 0
175.15 175.619 76.0 那 0
175.619 176.088 73.0 些 1
176.125 176.593 76.0 差 0
176.593 177.062 73.0 别 0
177.062 177.531 71.0 接 0
177.531 177.765 71.0 近 0
177.765 178.0 71.0 还 0
178.0 178.234 68.0 能 0
178.234 178.468 71.0 多 0
178.468 178.937 73.0 一 0
178.937 179.875 68.0 些 1
179.967 180.435 71.0 别 0
180.435 180.787 69.0 说 0
180.787 181.021 68.0 你 0
181.021 181.49 68.0 会 0
181.49 181.725 69.0 难 0
181.725 182.428 61.0 过 1
182.443 182.677 64.0 别 0
182.677 183.38 68.0 说 0
183.38 183.615 66.0 你 0
183.615 184.083 63.0 想 0
184.083 184.552 63.0 改 0
184.669 185.958 66.0 变 0
185.958 187.599 68.0 - 1
187.62 187.971 71.0 被 0
187.971 188.323 69.0 爱 0
188.323 188.557 68.0 的 0
188.557 189.026 68.0 人 0
189.026 189.261 69.0 不 0
189.261 189.729 61.0 用 0
189.729 190.198 63.0 道 0
190.198 191.37 63.0 歉 1
192.622 193.091 59.0 怎 0
193.091 193.56 71.0 样 0
193.56 193.794 69.0 的 0
193.794 194.028 66.0 雨 0
194.028 194.497 68.0 - 0
194.497 194.966 59.0 怎 0
194.966 195.435 71.0 样 0
195.435 195.669 69.0 的 0
195.669 195.903 66.0 夜 0
195.903 196.138 68.0 - 0
196.138 196.372 66.0 - 1
196.671 196.905 59.0 怎 0
196.905 197.374 71.0 样 0
197.374 197.608 73.0 的 0
197.608 198.077 64.0 我 0
198.077 198.311 64.0 能 0
198.311 198.546 66.0 让 0
198.546 198.78 64.0 你 0
198.78 199.014 66.0 更 0
199.014 199.483 71.0 想 0
199.483 199.952 68.0 念 1
200.228 200.697 59.0 雨 0
200.697 201.166 71.0 要 0
201.166 201.4 69.0 多 0
201.4 201.634 66.0 大 0
201.634 202.103 68.0 - 1
202.126 202.595 59.0 天 0
202.595 203.064 71.0 要 0
203.064 203.298 73.0 多 0
203.298 204.001 66.0 黑 0
204.001 204.47 66.0 才 0
204.47 204.704 64.0 能 0
204.704 205.173 66.0 够 0
205.407 205.876 69.0 有 0
205.876 206.111 68.0 你 0
206.111 206.579 71.0 的 0
206.579 207.048 66.0 体 0
207.048 207.517 66.0 贴 0
207.517 207.986 68.0 - 1
208.188 208.422 71.0 其 0
208.422 208.891 73.0 实 0
208.891 209.36 71.0 没 0
209.36 209.594 71.0 有 0
209.594 209.829 73.0 我 0
209.829 210.063 71.0 你 0
210.063 210.297 73.0 分 0
210.297 210.532 73.0 不 0
210.532 210.766 71.0 清 0
210.766 211.235 76.0 那 0
211.235 211.704 73.0 些 1
211.744 212.212 76.0 差 0
212.212 212.681 73.0 别 0
212.681 213.15 71.0 接 0
213.15 213.384 71.0 近 0
213.384 213.619 71.0 还 0
213.619 213.853 68.0 能 0
213.853 214.087 71.0 多 0
214.087 214.556 73.0 一 0
214.556 215.494 68.0 些 1
215.619 216.087 71.0 别 0
216.087 216.439 69.0 说 0
216.439 216.673 68.0 你 0
216.673 217.142 68.0 会 0
217.142 217.377 69.0 难 0
217.377 218.08 61.0 过 1
218.084 218.318 64.0 别 0
218.318 219.021 68.0 说 0
219.021 219.256 66.0 你 0
219.256 219.724 64.0 想 0
219.724 220.193 63.0 改 0
220.31 221.599 66.0 变 0
221.599 223.24 68.0 - 1
223.248 223.599 71.0 被 0
223.599 223.951 69.0 爱 0
223.951 224.185 68.0 的 0
224.185 224.654 68.0 人 0
224.654 224.889 69.0 不 0
224.889 225.357 61.0 用 0
225.357 225.826 61.0 道 0
225.826 226.998 63.0 歉 1
