15.387 15.804 51.0 承 0
15.804 16.012 54.0 认 0
16.012 16.429 54.0 不 0
16.429 16.845 56.0 勇 0
16.845 17.054 54.0 - 0
17.054 17.887 54.0 敢 1
18.213 18.421 56.0 你 0
18.421 18.629 58.0 能 0
18.629 19.046 59.0 不 0
19.046 19.254 58.0 能 0
19.254 19.879 59.0 别 0
19.879 20.088 51.0 离 0
20.088 21.546 54.0 开 1
22.04 22.456 56.0 很 0
22.456 22.665 63.0 多 0
22.665 23.29 61.0 爱 0
23.29 23.498 59.0 不 0
23.498 23.706 56.0 能 0
23.706 24.123 58.0 - 0
24.123 24.331 56.0 重 0
24.331 24.956 54.0 来 1
25.263 25.68 52.0 我 0
25.68 25.888 54.0 应 0
25.888 26.096 54.0 该 0
26.096 26.513 56.0 - 0
26.513 26.93 51.0 释 0
26.93 27.763 49.0 怀 1
28.676 29.093 51.0 在 0
29.093 29.301 54.0 街 0
29.301 29.718 54.0 头 0
29.718 30.135 56.0 徘 0
30.135 30.343 54.0 - 0
30.343 31.176 54.0 徊 1
31.578 31.786 56.0 下 0
31.786 31.995 58.0 雨 0
31.995 32.411 59.0 时 0
32.411 32.62 58.0 为 0
32.62 33.245 59.0 你 0
33.245 33.453 51.0 撑 0
33.453 34.911 54.0 伞 1
35.35 35.767 56.0 对 0
35.767 35.975 61.0 你 0
35.975 36.6 61.0 的 0
36.6 37.017 59.0 爱 0
37.017 37.433 58.0 成 0
37.433 37.642 54.0 阻 0
37.642 37.85 58.0 碍 0
37.85 38.267 59.0 - 1
38.73 39.147 64.0 祝 0
39.147 39.564 63.0 福 0
39.564 39.772 59.0 - 0
39.772 39.98 59.0 你 0
39.98 40.397 58.0 愉 0
40.397 41.647 59.0 快 1
41.952 42.368 63.0 窗 0
42.368 42.785 56.0 外 0
42.785 42.993 63.0 的 0
42.993 43.41 63.0 天 0
43.41 43.618 61.0 - 0
43.618 44.452 61.0 气 1
44.957 45.166 58.0 像 0
45.166 45.374 59.0 你 0
45.374 45.791 61.0 心 0
45.791 46.207 54.0 忐 0
46.207 46.624 61.0 忑 0
46.624 46.832 59.0 不 0
46.832 47.874 60.0 定 1
48.283 48.491 56.0 如 0
48.491 48.699 58.0 果 0
48.699 49.116 59.0 这 0
49.116 49.324 56.0 是 0
49.324 49.741 59.0 结 0
49.741 50.158 61.0 局 1
50.259 50.676 63.0 我 0
50.676 50.884 61.0 希 0
50.884 51.301 59.0 望 0
51.301 51.926 59.0 你 1
51.931 52.347 63.0 是 0
52.347 52.556 64.0 真 0
52.556 52.764 64.0 的 0
52.764 52.972 66.0 - 0
52.972 53.181 59.0 - 0
53.181 53.389 59.0 满 0
53.389 55.264 61.0 意 1
57.072 57.905 63.0 你 0
57.905 58.113 61.0 就 0
58.113 58.322 63.0 是 0
58.322 58.53 63.0 我 0
58.53 58.738 59.0 的 0
58.738 59.155 61.0 小 0
59.155 59.572 66.0 星 0
59.572 60.197 66.0 星 1
60.221 61.054 59.0 挂 0
61.054 61.263 59.0 在 0
61.263 61.471 59.0 那 0
61.471 61.679 59.0 天 0
61.679 61.888 56.0 上 0
61.888 62.304 58.0 放 0
62.304 62.721 63.0 光 0
62.721 63.138 63.0 明 1
63.281 63.697 54.0 我 0
63.697 64.322 56.0 已 0
64.531 64.947 68.0 经 0
64.947 65.156 66.0 决 0
65.156 65.364 64.0 定 0
65.364 65.781 63.0 要 0
65.781 66.197 61.0 爱 0
66.197 66.822 59.0 你 1
66.999 67.207 56.0 就 0
67.207 67.415 59.0 不 0
67.415 67.624 61.0 会 0
67.624 68.04 66.0 轻 0
68.04 68.248 63.0 易 0
68.248 68.457 59.0 放 0
68.457 69.498 61.0 弃 1
70.255 71.088 63.0 海 0
71.088 71.296 61.0 上 0
71.296 71.505 63.0 流 0
71.505 71.713 61.0 浪 0
71.713 71.921 59.0 的 0
71.921 72.338 61.0 许 0
72.338 72.755 66.0 愿 0
72.755 73.38 66.0 瓶 1
73.705 74.538 59.0 每 0
74.538 74.747 59.0 个 0
74.747 74.955 59.0 心 0
74.955 75.163 59.0 愿 0
75.163 75.372 56.0 都 0
75.372 75.788 58.0 是 0
75.788 76.205 63.0 为 0
76.205 76.622 63.0 你 1
76.663 77.079 54.0 就 0
77.079 77.704 56.0 算 0
77.913 78.329 68.0 不 0
78.329 78.538 66.0 能 0
78.538 78.746 64.0 够 0
78.746 79.163 63.0 在 0
79.163 79.579 61.0 一 0
79.579 80.413 59.0 起 1
80.418 80.626 56.0 我 0
80.626 80.834 59.0 还 0
80.834 81.043 61.0 是 0
81.043 81.459 66.0 为 0
81.459 81.668 54.0 你 0
81.668 82.084 59.0 担 0
82.084 83.334 59.0 心 1
96.116 96.533 59.0 哦 0
96.533 96.949 61.0 - 0
96.949 97.366 63.0 窗 0
97.366 97.783 56.0 外 0
97.783 97.991 63.0 的 0
97.991 98.408 63.0 天 0
98.408 98.616 61.0 - 0
98.616 99.449 61.0 气 1
99.873 100.081 58.0 像 0
100.081 100.29 59.0 你 0
100.29 100.706 61.0 心 0
100.706 101.123 54.0 忐 0
101.123 101.54 61.0 忑 0
101.54 101.748 59.0 不 0
101.748 102.79 60.0 定 1
103.181 103.39 56.0 如 0
103.39 103.598 58.0 果 0
103.598 104.015 59.0 这 0
104.015 104.223 56.0 是 0
104.223 104.64 59.0 结 0
104.64 105.056 61.0 局 1
105.333 105.749 63.0 我 0
105.749 105.958 61.0 希 0
105.958 106.374 61.0 望 0
106.374 106.999 59.0 你 1
107.078 107.495 63.0 是 0
107.495 107.703 64.0 真 0
107.703 107.912 64.0 的 0
107.912 108.12 66.0 - 0
108.12 108.328 59.0 - 0
108.328 108.537 59.0 满 0
108.537 110.412 61.0 意 1
111.929 112.763 63.0 你 0
112.763 112.971 61.0 就 0
112.971 113.179 63.0 是 0
113.179 113.388 63.0 我 0
113.388 113.596 59.0 的 0
113.596 114.013 61.0 小 0
114.013 114.429 66.0 星 0
114.429 115.054 66.0 星 1
115.312 116.145 59.0 挂 0
116.145 116.353 59.0 在 0
116.353 116.562 59.0 那 0
116.562 116.77 59.0 天 0
116.77 116.978 56.0 上 0
116.978 117.395 58.0 放 0
117.395 117.812 63.0 光 0
117.812 118.228 63.0 明 1
118.236 118.653 54.0 我 0
118.653 119.278 56.0 已 0
119.486 119.903 68.0 经 0
119.903 120.111 66.0 决 0
120.111 120.32 64.0 定 0
120.32 120.736 63.0 要 0
120.736 121.153 61.0 爱 0
121.153 121.778 59.0 你 1
121.934 122.143 56.0 就 0
122.143 122.351 59.0 不 0
122.351 122.559 61.0 会 0
122.559 122.976 66.0 轻 0
122.976 123.184 63.0 易 0
123.184 123.393 59.0 放 0
123.393 124.434 61.0 弃 1
125.308 126.141 63.0 海 0
126.141 126.349 61.0 上 0
126.349 126.558 63.0 流 0
126.558 126.766 61.0 浪 0
126.766 126.974 59.0 的 0
126.974 127.391 61.0 许 0
127.391 127.808 66.0 愿 0
127.808 128.433 66.0 瓶 1
128.712 129.545 59.0 每 0
129.545 129.754 59.0 个 0
129.754 129.962 59.0 心 0
129.962 130.17 59.0 愿 0
130.17 130.379 56.0 都 0
130.379 130.795 58.0 是 0
130.795 131.212 63.0 为 0
131.212 131.629 63.0 你 1
131.631 132.047 54.0 就 0
132.047 132.672 56.0 算 0
132.881 133.297 68.0 不 0
133.297 133.506 66.0 能 0
133.506 133.714 64.0 够 0
133.714 134.131 63.0 在 0
134.131 134.547 61.0 一 0
134.547 135.381 59.0 起 1
135.39 135.598 56.0 我 0
135.598 135.806 59.0 还 0
135.806 136.015 61.0 是 0
136.015 136.431 66.0 为 0
136.431 136.64 54.0 你 0
136.64 137.056 59.0 担 0
137.056 138.306 59.0 心 1
139.806 140.223 54.0 哦 0
140.223 141.056 63.0 把 0
141.056 141.264 61.0 悲 0
141.264 141.473 63.0 伤 0
141.473 141.681 63.0 写 0
141.681 141.889 59.0 成 0
141.889 142.306 61.0 协 0
142.306 142.723 66.0 奏 0
142.723 143.348 66.0 曲 1
143.554 144.387 68.0 在 0
144.387 144.596 68.0 角 0
144.596 144.804 68.0 落 0
144.804 145.012 68.0 里 0
145.012 145.221 63.0 为 0
145.221 145.637 66.0 你 0
145.637 146.054 63.0 弹 0
146.054 146.471 63.0 琴 1
146.569 146.985 54.0 就 0
146.985 147.61 64.0 算 0
147.819 148.235 68.0 你 0
148.235 148.444 66.0 可 0
148.444 148.652 64.0 能 0
148.652 149.069 63.0 听 0
149.069 149.485 61.0 不 0
149.485 150.11 59.0 清 1
150.355 150.563 56.0 也 0
150.563 150.771 59.0 代 0
150.771 150.98 61.0 表 0
150.98 151.396 66.0 我 0
151.396 151.605 63.0 的 0
151.605 151.813 59.0 心 0
151.813 152.855 61.0 意 1
153.733 154.566 63.0 爱 0
154.566 154.775 61.0 不 0
154.775 154.983 63.0 一 0
154.983 155.191 61.0 定 0
155.191 155.4 59.0 要 0
155.4 155.816 61.0 很 0
155.816 156.233 66.0 甜 0
156.233 156.858 66.0 蜜 1
157.005 157.839 68.0 说 0
157.839 158.047 68.0 山 0
158.047 158.255 68.0 盟 0
158.255 158.464 68.0 海 0
158.464 158.672 63.0 誓 0
158.672 159.089 66.0 的 0
159.089 159.505 63.0 言 0
159.505 159.922 63.0 语 1
159.928 160.345 54.0 只 0
160.345 160.97 56.0 要 0
161.178 161.595 68.0 那 0
161.595 161.803 66.0 幸 0
161.803 162.011 64.0 福 0
162.011 162.428 66.0 在 0
162.428 162.845 63.0 心 0
162.845 163.678 59.0 底 1
163.747 163.955 56.0 哪 0
163.955 164.164 59.0 怕 0
164.164 164.372 61.0 我 0
164.372 164.789 66.0 一 0
164.789 164.997 54.0 人 0
164.997 165.414 61.0 演 0
165.414 166.664 59.0 戏 1
