26.115 26.468 62.0 风 0
26.468 26.821 64.0 - 0
26.821 27.88 62.0 吹 0
27.88 28.586 59.0 雨 0
28.586 29.645 60.0 成 1
31.858 32.211 62.0 时 0
32.211 32.564 64.0 - 0
32.564 32.917 62.0 间 0
32.917 33.27 60.0 追 0
33.27 33.623 62.0 不 0
33.623 34.329 67.0 上 0
34.329 36.799 64.0 白 1
37.504 37.857 67.0 你 0
37.857 38.21 69.0 年 0
38.21 38.916 67.0 少 0
38.916 39.269 64.0 掌 0
39.269 39.622 62.0 心 0
39.622 40.328 64.0 的 0
40.328 41.034 62.0 梦 0
41.034 42.445 60.0 话 1
42.535 43.241 64.0 依 0
43.241 43.594 62.0 然 0
43.594 43.947 60.0 紧 0
43.947 45.006 62.0 握 0
45.006 45.712 59.0 着 0
45.712 47.477 57.0 吗 1
48.839 49.192 62.0 云 0
49.192 49.545 64.0 - 0
49.545 50.604 62.0 翻 0
50.604 51.31 59.0 涌 0
51.31 53.075 60.0 成 1
54.405 54.758 62.0 眼 0
54.758 55.111 64.0 - 0
55.111 55.464 62.0 泪 0
55.464 55.817 60.0 被 0
55.817 56.17 62.0 岁 0
56.17 56.876 67.0 月 0
56.876 58.641 64.0 蒸 1
60.085 60.438 67.0 这 0
60.438 60.791 69.0 - 0
60.791 61.497 67.0 条 0
61.497 61.85 64.0 路 0
61.85 62.203 62.0 上 0
62.203 62.909 64.0 的 0
62.909 63.615 62.0 你 0
63.615 64.321 60.0 我 1
65.072 65.778 64.0 有 0
65.778 66.13 62.0 - 0
66.13 66.483 60.0 谁 0
66.483 67.542 62.0 迷 0
67.542 67.895 59.0 路 0
67.895 69.307 60.0 了 1
74.287 74.64 64.0 我 0
74.64 74.993 67.0 们 0
74.993 75.699 69.0 说 0
75.699 76.405 72.0 好 0
76.405 77.464 71.0 不 0
77.464 77.817 67.0 分 0
77.817 78.875 64.0 离 1
78.889 79.242 60.0 要 0
79.242 80.301 60.0 一 0
80.301 80.654 67.0 直 0
80.654 81.007 69.0 一 0
81.007 81.36 67.0 直 0
81.36 81.713 64.0 在 0
81.713 82.066 62.0 一 0
82.066 83.478 64.0 起 1
85.541 85.894 64.0 就 0
85.894 86.247 67.0 算 0
86.247 86.953 69.0 与 0
86.953 87.659 72.0 时 0
87.659 88.718 71.0 间 0
88.718 89.071 64.0 为 0
89.071 90.129 72.0 敌 1
90.17 90.523 62.0 就 0
90.523 91.229 62.0 算 0
91.582 91.935 67.0 与 0
91.935 92.288 69.0 全 0
92.288 92.641 67.0 世 0
92.641 92.994 64.0 界 0
92.994 93.347 62.0 背 0
93.347 93.7 60.0 - 0
93.7 95.465 60.0 离 1
108.076 108.429 62.0 风 0
108.429 108.782 64.0 - 0
108.782 109.841 62.0 吹 0
109.841 110.547 59.0 亮 0
110.547 112.312 60.0 雪 1
113.659 114.012 62.0 吹 0
114.012 114.365 64.0 - 0
114.365 114.718 62.0 白 0
114.718 115.071 60.0 我 0
115.071 115.424 62.0 们 0
115.424 116.13 67.0 的 0
116.13 117.895 64.0 头 1
119.291 119.643 67.0 当 0
119.643 119.996 69.0 初 0
119.996 120.702 67.0 说 0
120.702 121.055 64.0 一 0
121.055 121.408 62.0 起 0
121.408 122.114 64.0 闯 0
122.114 122.82 62.0 天 0
122.82 124.232 60.0 下 1
124.358 125.064 64.0 你 0
125.064 125.417 62.0 - 0
125.417 125.769 60.0 们 0
125.769 126.828 62.0 还 0
126.828 127.534 59.0 记 0
127.534 129.299 57.0 得 1
130.722 131.075 64.0 那 0
131.075 131.428 64.0 - 0
131.428 132.486 62.0 一 0
132.486 132.839 59.0 年 0
132.839 134.251 60.0 盛 1
136.403 136.756 64.0 心 0
136.756 137.109 64.0 愿 0
137.109 137.462 62.0 许 0
137.462 137.814 60.0 的 0
137.814 138.167 62.0 无 0
138.167 138.873 67.0 限 0
138.873 139.932 64.0 大 1
141.971 142.324 69.0 我 0
142.324 142.677 69.0 - 0
142.677 143.383 67.0 们 0
143.383 143.735 64.0 手 0
143.735 144.088 62.0 拉 0
144.088 144.794 64.0 手 0
144.794 145.5 62.0 也 0
145.5 146.206 60.0 成 1
146.839 147.545 64.0 划 0
147.545 147.898 62.0 - 0
147.898 148.251 60.0 过 0
148.251 148.957 62.0 悲 0
149.31 149.662 59.0 河 0
149.662 152.31 60.0 - 1
156.181 156.534 64.0 你 0
156.534 156.887 67.0 曾 0
156.887 157.593 69.0 说 0
157.593 158.299 72.0 过 0
158.299 159.358 71.0 不 0
159.358 159.711 67.0 分 0
159.711 160.77 64.0 离 1
160.772 161.125 60.0 要 0
161.125 162.183 60.0 一 0
162.183 162.536 67.0 直 0
162.536 162.889 69.0 一 0
162.889 163.242 67.0 直 0
163.242 163.595 64.0 在 0
163.595 163.948 62.0 一 0
163.948 166.066 64.0 起 1
167.36 167.712 64.0 现 0
167.712 168.065 67.0 - 0
168.065 168.771 69.0 在 0
168.771 169.477 72.0 我 0
169.477 170.536 71.0 想 0
170.536 170.889 64.0 问 0
170.889 171.948 72.0 问 1
172.032 172.385 64.0 是 0
172.385 173.444 62.0 - 0
173.444 173.796 67.0 否 0
173.796 174.149 69.0 只 0
174.149 174.502 67.0 是 0
174.502 174.855 64.0 童 0
174.855 175.208 62.0 言 0
175.208 176.62 60.0 无 1
178.736 179.089 64.0 天 0
179.089 179.442 67.0 真 0
179.442 180.147 69.0 岁 0
180.147 180.853 72.0 月 0
180.853 181.912 71.0 不 0
181.912 182.265 67.0 忍 0
182.265 183.324 64.0 欺 1
183.357 183.71 60.0 青 0
183.71 184.769 60.0 春 0
184.769 185.122 69.0 荒 0
185.122 185.475 69.0 唐 0
185.475 185.827 67.0 我 0
185.827 186.18 64.0 不 0
186.18 186.886 62.0 负 0
186.886 188.651 64.0 你 1
189.883 190.236 64.0 大 0
190.236 190.589 67.0 - 0
190.589 190.942 67.0 雪 0
190.942 191.647 69.0 求 0
191.647 192.0 72.0 - 0
192.0 192.706 71.0 你 0
192.706 193.412 64.0 别 0
193.412 194.471 72.0 抹 0
194.586 194.939 64.0 去 1
194.939 195.998 62.0 我 0
195.998 196.351 69.0 们 0
196.351 196.704 69.0 在 0
196.704 197.057 67.0 一 0
197.057 197.409 64.0 起 0
197.409 197.762 62.0 的 0
197.762 198.115 60.0 痕 0
198.115 200.586 60.0 - 1
201.236 201.589 64.0 大 0
201.589 201.942 67.0 - 0
201.942 202.648 69.0 雪 0
202.648 203.353 72.0 也 0
203.353 204.412 71.0 无 0
204.412 204.765 64.0 法 0
204.765 205.118 72.0 抹 0
205.118 205.824 72.0 去 1
205.937 206.29 62.0 我 0
206.29 207.349 62.0 们 0
207.349 207.702 69.0 给 0
207.702 208.055 69.0 彼 0
208.055 208.408 67.0 此 0
208.408 209.114 64.0 的 0
209.114 209.466 62.0 印 0
209.466 209.819 60.0 - 0
209.819 211.231 60.0 记 1
212.541 213.247 64.0 今 0
213.247 214.306 62.0 - 0
214.306 215.012 59.0 夕 0
215.012 216.776 60.0 何 1
218.188 218.894 64.0 青 0
218.894 219.953 62.0 - 0
219.953 220.659 67.0 草 0
220.659 222.423 64.0 离 1
223.853 224.559 69.0 明 0
224.559 225.265 67.0 月 0
225.265 225.618 64.0 夜 0
225.618 225.971 62.0 送 0
225.971 227.03 64.0 君 0
227.03 227.382 62.0 千 0
227.382 228.794 60.0 里 1
228.831 229.537 64.0 等 0
229.537 229.89 62.0 来 0
229.89 230.243 60.0 年 0
230.243 232.008 62.0 秋 0
232.008 232.714 59.0 风 0
232.714 237.302 57.0 起 1
