12.917 13.972 60.0 问 0
14.071 14.453 55.0 世 0
14.456 15.606 62.0 间 0
15.61 15.991 55.0 转 0
15.994 16.376 63.0 过 0
16.379 16.76 62.0 多 0
16.763 17.049 60.0 少 0
17.148 17.529 58.0 流 0
17.533 18.683 55.0 年 1
18.902 19.668 53.0 才 0
19.671 20.341 63.0 会 0
20.441 20.822 62.0 有 0
20.825 21.207 60.0 一 0
21.21 21.591 58.0 次 0
21.594 21.784 53.0 擦 0
21.979 24.38 55.0 肩 1
24.836 25.218 55.0 明 0
25.221 26.083 60.0 镜 0
26.375 26.756 55.0 水 0
26.759 27.718 62.0 月 0
27.913 28.295 55.0 菩 0
28.298 28.679 63.0 提 0
28.683 28.968 62.0 树 0
29.067 29.449 63.0 下 0
29.452 29.737 65.0 又 0
29.836 30.795 67.0 见 1
31.209 31.975 65.0 缘 0
31.978 32.744 60.0 刻 0
32.747 33.513 62.0 眷 0
33.901 34.09 58.0 指 0
34.286 36.686 60.0 尖 1
37.52 38.19 65.0 燎 0
38.674 39.055 60.0 岁 0
39.058 40.113 63.0 月 0
40.212 40.593 61.0 惹 0
40.597 40.978 60.0 尘 0
40.981 41.267 63.0 埃 0
41.366 41.747 63.0 动 0
41.75 42.132 65.0 情 0
42.135 43.286 60.0 念 1
43.304 43.493 56.0 可 0
43.689 44.839 58.0 会 0
44.842 45.128 65.0 熬 0
45.227 45.801 65.0 不 0
45.804 46.378 63.0 过 0
46.381 46.666 65.0 时 0
46.765 48.589 67.0 间 1
49.021 49.403 65.0 百 0
49.406 49.787 67.0 转 0
49.79 50.556 68.0 千 0
50.56 51.326 72.0 遍 0
51.329 52.191 67.0 愿 1
52.777 53.159 65.0 最 0
53.162 53.543 67.0 好 0
53.547 53.928 68.0 是 0
53.931 54.313 63.0 成 0
54.316 55.659 63.0 全 1
55.88 56.646 61.0 含 0
56.649 57.416 68.0 笑 0
57.419 57.8 67.0 一 0
57.803 58.185 65.0 睹 0
58.188 58.569 63.0 你 0
58.573 58.954 58.0 容 0
58.957 60.492 60.0 颜 1
61.261 61.642 65.0 天 0
61.645 61.931 67.0 地 0
62.03 62.7 68.0 多 0
62.799 63.565 72.0 辽 0
63.569 64.719 67.0 远 1
65.142 65.523 65.0 而 0
65.527 65.908 67.0 你 0
65.911 66.293 68.0 在 0
66.296 66.581 70.0 眼 0
66.68 68.216 72.0 前 1
68.248 68.918 70.0 怎 0
69.017 69.783 65.0 拂 0
69.786 70.456 67.0 去 0
70.94 71.322 63.0 眷 0
71.325 74.11 65.0 恋 1
86.747 87.802 60.0 问 0
87.901 88.283 55.0 世 0
88.286 89.437 62.0 间 0
89.44 89.821 55.0 转 0
89.824 90.206 63.0 过 0
90.209 90.59 62.0 多 0
90.594 90.879 60.0 少 0
90.978 91.36 58.0 流 0
91.363 91.552 55.0 - 0
91.747 92.514 55.0 年 1
92.752 93.518 53.0 才 0
93.522 94.191 63.0 会 0
94.291 94.672 62.0 有 0
94.675 95.057 60.0 一 0
95.06 95.441 58.0 次 0
95.445 95.634 53.0 擦 0
95.829 98.23 55.0 肩 1
98.666 99.047 55.0 明 0
99.05 99.912 60.0 镜 0
100.204 100.585 55.0 水 0
100.589 101.547 62.0 月 0
101.742 102.124 55.0 菩 0
102.127 102.509 63.0 提 0
102.512 102.797 62.0 树 0
102.896 103.278 63.0 下 0
103.281 103.566 65.0 又 0
103.666 104.624 67.0 见 1
105.06 105.826 65.0 缘 0
105.829 106.595 60.0 刻 0
106.598 107.365 62.0 眷 0
107.752 107.941 58.0 指 0
108.137 110.538 60.0 尖 1
111.375 112.045 65.0 燎 0
112.529 112.91 60.0 岁 0
112.913 113.968 63.0 月 0
114.067 114.449 61.0 惹 0
114.452 114.833 60.0 尘 0
114.836 115.122 63.0 埃 0
115.221 115.602 63.0 动 0
115.606 115.795 65.0 情 0
115.798 116.179 67.0 - 0
116.375 117.141 60.0 念 1
117.148 117.337 56.0 可 0
117.533 118.683 58.0 会 0
118.687 118.972 65.0 熬 0
119.071 119.645 65.0 不 0
119.648 120.222 63.0 过 0
120.225 120.51 65.0 时 0
120.61 122.433 67.0 间 1
122.761 123.143 65.0 百 0
123.146 123.527 67.0 转 0
123.531 124.297 68.0 千 0
124.3 125.066 72.0 遍 0
125.069 125.931 67.0 愿 1
126.741 127.123 65.0 最 0
127.126 127.508 67.0 好 0
127.511 127.892 68.0 是 0
127.895 128.277 65.0 成 0
128.28 129.623 63.0 全 1
129.682 130.448 61.0 含 0
130.452 131.218 68.0 笑 0
131.221 131.602 67.0 一 0
131.606 131.987 65.0 睹 0
131.99 132.372 63.0 你 0
132.375 132.756 58.0 容 0
132.759 134.295 60.0 颜 1
135.139 135.52 65.0 天 0
135.524 135.809 67.0 地 0
135.908 136.578 68.0 多 0
136.678 137.444 72.0 辽 0
137.447 138.597 67.0 远 1
138.934 139.316 65.0 而 0
139.319 139.7 67.0 你 0
139.703 140.085 68.0 在 0
140.088 140.373 70.0 眼 0
140.473 142.008 72.0 前 1
142.097 142.767 70.0 怎 0
142.866 143.632 65.0 拂 0
143.636 144.305 67.0 去 0
144.789 145.171 63.0 眷 0
145.174 146.613 65.0 恋 1
147.444 147.825 65.0 百 0
147.828 148.21 67.0 转 0
148.213 148.979 68.0 千 0
148.982 149.748 72.0 遍 0
149.751 150.613 67.0 劫 1
151.249 151.63 65.0 最 0
151.633 152.015 67.0 难 0
152.018 152.399 68.0 是 0
152.403 152.784 65.0 成 0
152.787 154.13 63.0 全 1
154.322 155.088 61.0 等 0
155.091 155.857 68.0 一 0
155.86 156.241 67.0 世 0
156.245 156.626 65.0 我 0
156.629 157.011 63.0 亦 0
157.017 157.206 65.0 甘 0
157.209 157.591 67.0 - 0
157.786 158.934 60.0 愿 1
159.769 160.151 65.0 一 0
160.154 160.439 67.0 生 0
160.538 161.208 68.0 多 0
161.308 162.074 72.0 遥 0
162.077 163.228 67.0 远 1
163.53 163.912 65.0 但 0
163.915 164.296 67.0 求 0
164.3 164.681 68.0 一 0
164.684 164.969 70.0 瞬 0
165.069 166.604 72.0 间 1
166.781 167.451 70.0 刻 0
167.551 168.317 65.0 骨 0
168.32 168.99 67.0 绕 0
169.474 169.855 63.0 心 0
169.858 172.259 65.0 间 1
199.849 200.231 67.0 百 0
200.234 200.615 69.0 转 0
200.619 201.385 70.0 千 0
201.388 202.154 74.0 遍 0
202.157 203.308 69.0 夜 1
203.709 204.09 67.0 你 0
204.093 204.475 69.0 陪 0
204.478 205.244 70.0 我 0
205.247 205.628 67.0 默 0
205.632 206.494 65.0 念 1
206.709 207.475 63.0 来 0
207.478 207.859 70.0 生 0
208.247 208.628 69.0 可 0
208.632 209.013 67.0 否 0
209.016 209.398 65.0 能 0
209.401 209.782 67.0 再 0
209.785 210.167 62.0 - 0
210.17 211.801 62.0 见 1
212.077 212.459 67.0 一 0
212.462 212.747 69.0 诺 0
212.846 213.228 70.0 永 0
213.616 214.189 74.0 生 0
214.193 214.382 69.0 - 0
214.385 215.439 69.0 缘 1
215.972 216.354 67.0 偈 0
216.357 216.738 69.0 言 0
216.742 217.123 70.0 颂 0
217.126 217.411 75.0 离 0
217.511 219.046 74.0 别 1
219.083 219.753 72.0 愿 0
219.852 220.33 67.0 此 0
220.622 221.772 69.0 情 0
221.776 222.157 65.0 不 0
222.16 224.849 67.0 灭 1
225.245 226.3 72.0 愿 0
227.072 227.358 67.0 此 0
227.553 229.473 69.0 情 0
230.149 230.819 65.0 不 0
231.495 235.531 67.0 灭 1
