17.631 17.896 51.0 别 0
17.896 18.161 54.0 再 0
18.161 18.956 54.0 说 0
18.956 19.221 51.0 是 0
19.221 19.486 54.0 谁 0
19.486 19.751 54.0 - 0
19.751 20.016 54.0 的 0
20.016 20.281 54.0 错 1
21.071 21.336 49.0 让 0
21.336 21.866 49.0 一 0
21.866 23.059 47.0 切 0
23.059 23.456 49.0 成 0
23.456 24.517 51.0 灰 1
26.176 26.441 52.0 除 0
26.441 26.706 52.0 非 0
26.706 26.971 52.0 放 0
26.971 27.236 51.0 - 0
27.236 27.633 51.0 下 0
27.633 28.031 54.0 心 0
28.031 28.561 54.0 中 0
28.561 28.826 54.0 的 0
28.826 29.356 51.0 负 0
29.356 30.416 47.0 累 1
30.501 30.766 47.0 一 0
30.766 31.031 44.0 切 0
31.031 31.296 47.0 难 0
31.296 31.561 49.0 以 0
31.561 32.091 51.0 挽 0
32.091 33.151 49.0 回 1
34.571 34.836 51.0 你 0
34.836 35.101 54.0 总 0
35.101 35.896 54.0 爱 0
35.896 36.161 51.0 让 0
36.161 36.691 56.0 往 0
36.691 36.956 58.0 事 0
36.956 37.486 56.0 跟 0
37.486 38.016 54.0 随 1
38.075 38.473 51.0 怕 0
38.473 38.87 49.0 过 0
38.87 39.666 47.0 去 0
39.931 40.461 54.0 白 0
40.461 42.051 51.0 费 1
43.161 43.426 56.0 你 0
43.426 43.691 54.0 总 0
43.691 44.088 54.0 以 0
44.088 44.883 59.0 为 0
44.883 45.413 58.0 要 0
45.413 45.678 59.0 体 0
45.678 45.943 61.0 会 0
45.943 46.341 56.0 人 0
46.473 47.401 59.0 生 1
47.476 47.741 59.0 就 0
47.741 48.006 59.0 要 0
48.006 48.271 59.0 多 0
48.271 48.536 56.0 爱 0
48.536 49.066 59.0 几 0
49.066 51.593 61.0 回 1
53.855 54.121 63.0 与 0
54.121 54.386 63.0 其 0
54.386 54.652 66.0 让 0
54.652 54.917 63.0 - 0
54.917 55.183 63.0 你 0
55.183 55.448 63.0 在 0
55.448 55.979 61.0 我 0
55.979 56.245 61.0 怀 0
56.245 56.51 61.0 中 0
56.51 56.776 61.0 枯 0
56.776 57.041 63.0 - 0
57.041 57.307 61.0 萎 0
57.307 57.838 59.0 - 1
58.084 58.35 59.0 宁 0
58.35 58.615 56.0 愿 0
58.615 59.146 59.0 你 0
59.146 59.412 61.0 犯 0
59.412 59.677 59.0 错 0
59.677 60.208 59.0 后 0
60.208 61.27 54.0 悔 1
62.27 62.536 56.0 让 0
62.536 62.801 59.0 你 0
62.801 63.067 59.0 飞 0
63.067 63.332 54.0 - 0
63.332 63.73 54.0 向 0
63.73 64.128 63.0 梦 0
64.128 64.659 63.0 中 0
64.659 64.925 63.0 的 0
64.925 65.19 61.0 世 0
65.19 65.456 63.0 - 0
65.456 65.721 61.0 界 0
65.721 66.252 59.0 - 1
66.504 66.769 59.0 留 0
66.769 67.035 56.0 我 0
67.035 67.3 59.0 独 0
67.3 67.566 61.0 自 0
67.566 67.831 61.0 伤 0
67.831 68.097 63.0 - 0
68.097 69.69 61.0 悲 1
70.744 71.009 63.0 与 0
71.009 71.275 66.0 其 0
71.275 71.54 66.0 让 0
71.54 71.806 63.0 - 0
71.806 72.071 63.0 你 0
72.071 72.337 63.0 在 0
72.337 72.868 61.0 我 0
72.868 73.133 61.0 爱 0
73.133 73.399 61.0 中 0
73.399 73.664 61.0 憔 0
73.664 73.929 63.0 - 0
73.929 74.195 61.0 悴 0
74.195 74.726 59.0 - 1
74.938 75.204 59.0 宁 0
75.204 75.469 56.0 愿 0
75.469 76.0 59.0 你 0
76.0 76.266 61.0 受 0
76.266 76.664 59.0 伤 0
76.664 77.195 59.0 流 0
77.195 78.124 54.0 泪 1
79.195 79.461 56.0 莫 0
79.461 79.726 59.0 非 0
79.726 79.992 59.0 要 0
79.992 80.257 54.0 - 0
80.257 80.523 54.0 你 0
80.523 80.788 61.0 尝 0
80.788 81.054 63.0 - 0
81.054 81.585 66.0 尽 0
81.585 81.85 66.0 了 0
81.85 82.116 61.0 苦 0
82.116 82.381 63.0 - 0
82.381 82.647 61.0 悲 0
82.647 83.178 59.0 - 1
83.55 83.815 59.0 才 0
83.815 84.081 56.0 懂 0
84.081 84.346 59.0 真 0
84.346 84.612 61.0 情 0
84.612 84.877 61.0 可 0
84.877 85.143 63.0 - 0
85.143 87.267 59.0 贵 1
123.979 124.245 51.0 别 0
124.245 124.51 54.0 再 0
124.51 125.307 54.0 说 0
125.307 125.572 51.0 是 0
125.572 125.838 54.0 谁 0
125.838 126.103 54.0 - 0
126.103 126.369 54.0 的 0
126.369 126.634 54.0 错 1
127.471 127.736 51.0 让 0
127.736 128.267 49.0 一 0
128.267 129.329 47.0 切 0
129.329 129.86 49.0 成 0
129.86 131.453 51.0 灰 1
132.456 132.721 52.0 除 0
132.721 132.987 52.0 非 0
132.987 133.252 52.0 放 0
133.252 133.518 51.0 - 0
133.518 133.916 51.0 下 0
133.916 134.314 54.0 心 0
134.314 134.845 54.0 中 0
134.845 135.111 54.0 的 0
135.111 135.509 51.0 负 0
135.509 135.907 49.0 累 0
135.907 136.438 47.0 - 1
136.788 137.053 47.0 一 0
137.053 137.319 44.0 切 0
137.319 137.584 47.0 难 0
137.584 137.85 49.0 以 0
137.85 138.381 51.0 挽 0
138.381 139.442 49.0 回 1
141.097 141.363 51.0 你 0
141.363 141.628 54.0 总 0
141.628 142.425 54.0 爱 0
142.425 142.69 51.0 让 0
142.69 143.221 56.0 往 0
143.221 143.487 58.0 事 0
143.487 144.018 56.0 跟 0
144.018 144.549 54.0 随 1
144.55 144.815 51.0 怕 0
144.815 145.213 49.0 过 0
145.213 146.143 47.0 去 0
146.408 146.939 54.0 白 0
146.939 148.532 51.0 费 1
149.54 149.805 56.0 你 0
149.805 150.071 54.0 总 0
150.071 150.336 54.0 以 0
150.336 151.133 59.0 为 0
151.133 151.664 58.0 要 0
151.664 151.929 59.0 体 0
151.929 152.195 61.0 会 0
152.195 152.726 56.0 人 0
152.726 153.788 59.0 生 1
153.816 154.081 59.0 就 0
154.081 154.347 59.0 要 0
154.347 154.612 59.0 多 0
154.612 154.878 56.0 爱 0
154.878 155.143 59.0 几 0
155.143 158.064 61.0 回 1
160.022 160.288 63.0 与 0
160.288 160.553 63.0 其 0
160.553 160.819 66.0 让 0
160.819 161.084 63.0 - 0
161.084 161.35 63.0 你 0
161.35 161.615 63.0 在 0
161.615 162.146 61.0 我 0
162.146 162.412 61.0 怀 0
162.412 162.677 61.0 中 0
162.677 162.943 61.0 枯 0
162.943 163.208 63.0 - 0
163.208 163.474 61.0 萎 0
163.474 164.005 59.0 - 1
164.337 164.603 59.0 宁 0
164.603 164.868 56.0 愿 0
164.868 165.399 59.0 你 0
165.399 165.665 61.0 犯 0
165.665 166.196 59.0 错 0
166.196 166.727 59.0 后 0
166.727 167.523 54.0 悔 1
168.54 168.805 56.0 让 0
168.805 169.071 59.0 你 0
169.071 169.336 59.0 飞 0
169.336 169.602 54.0 - 0
169.602 170.0 54.0 向 0
170.0 170.398 63.0 梦 0
170.398 170.929 63.0 中 0
170.929 171.195 63.0 的 0
171.195 171.46 61.0 世 0
171.46 171.726 63.0 - 0
171.726 171.991 61.0 界 0
171.991 172.522 59.0 - 1
172.894 173.159 59.0 留 0
173.159 173.425 56.0 我 0
173.425 173.69 59.0 独 0
173.69 173.956 61.0 自 0
173.956 174.221 61.0 伤 0
174.221 174.619 63.0 - 0
174.619 176.08 61.0 悲 1
177.168 177.433 63.0 与 0
177.433 177.831 66.0 其 0
177.831 178.097 66.0 让 0
178.097 178.362 63.0 - 0
178.362 178.628 63.0 你 0
178.628 178.893 63.0 在 0
178.893 179.291 61.0 我 0
179.291 179.557 61.0 爱 0
179.557 179.822 61.0 中 0
179.822 180.088 61.0 憔 0
180.088 180.353 63.0 - 0
180.353 180.619 61.0 悴 0
180.619 181.15 59.0 - 1
181.307 181.573 59.0 宁 0
181.573 181.838 56.0 愿 0
181.838 182.369 59.0 你 0
182.369 182.635 59.0 受 0
182.635 182.9 59.0 伤 0
182.9 183.431 59.0 流 0
183.431 185.024 63.0 泪 1
185.671 185.937 56.0 莫 0
185.937 186.202 59.0 非 0
186.202 186.468 59.0 要 0
186.468 186.733 54.0 - 0
186.733 186.999 54.0 你 0
186.999 187.264 61.0 尝 0
187.264 187.53 63.0 - 0
187.53 188.061 66.0 尽 0
188.061 188.326 66.0 了 0
188.326 188.592 61.0 苦 0
188.592 188.857 63.0 - 0
188.857 189.122 61.0 悲 0
189.122 189.653 59.0 - 1
189.89 190.155 59.0 才 0
190.155 190.421 56.0 懂 0
190.421 190.686 59.0 真 0
190.686 191.085 61.0 情 0
191.085 191.616 63.0 可 0
191.616 194.138 59.0 贵 1
196.148 196.413 56.0 莫 0
196.413 196.679 59.0 非 0
196.679 196.944 59.0 要 0
196.944 197.21 54.0 - 0
197.21 197.608 54.0 你 0
197.608 198.006 63.0 尝 0
198.006 198.537 66.0 尽 0
198.537 198.802 66.0 了 0
198.802 199.333 63.0 苦 0
199.333 199.599 61.0 悲 0
199.599 200.13 59.0 - 1
200.43 200.829 59.0 才 0
200.829 201.227 56.0 懂 0
201.227 201.625 59.0 真 0
201.625 202.422 61.0 情 0
202.554 203.085 63.0 可 0
203.085 205.74 59.0 贵 1
