38.529 39.07 57.0 你 0
39.401 39.724 57.0 的 0
39.837 40.051 55.0 泪 0
40.273 41.033 57.0 光 1
41.946 42.27 57.0 柔 0
42.382 42.706 60.0 弱 0
42.818 43.142 57.0 中 0
43.254 43.578 55.0 带 0
43.69 44.559 57.0 伤 1
45.468 45.9 53.0 惨 0
46.34 46.772 53.0 白 0
46.776 47.099 55.0 的 0
47.212 47.644 57.0 月 0
47.648 47.971 60.0 弯 0
48.084 48.516 57.0 弯 1
48.928 49.469 55.0 勾 0
49.8 50.233 53.0 住 0
50.236 50.451 53.0 过 0
50.672 51.541 55.0 往 1
52.438 53.743 57.0 夜 0
53.747 54.179 60.0 太 0
54.183 54.615 62.0 漫 0
54.619 55.596 60.0 长 1
55.91 56.342 62.0 凝 0
56.346 56.56 60.0 结 0
56.782 57.214 60.0 成 0
57.218 57.541 57.0 了 0
57.654 58.631 60.0 霜 1
59.227 59.441 48.0 是 0
59.445 59.878 55.0 谁 0
59.881 60.205 57.0 - 0
60.317 60.75 55.0 在 0
60.753 61.186 57.0 阁 0
61.189 61.84 60.0 楼 0
62.061 62.385 57.0 上 0
62.497 62.821 55.0 冰 0
62.933 63.475 55.0 冷 0
63.806 64.238 55.0 地 0
64.242 64.456 53.0 绝 0
64.678 65.873 55.0 望 1
66.369 67.021 57.0 雨 0
67.243 67.677 57.0 轻 0
67.681 67.896 55.0 轻 0
68.118 68.989 57.0 叹 1
69.961 70.395 57.0 朱 0
70.399 70.832 57.0 红 0
70.836 71.16 57.0 色 0
71.273 71.488 55.0 的 0
71.711 73.019 57.0 窗 1
73.406 73.621 52.0 我 0
73.625 73.949 53.0 - 0
74.281 74.714 53.0 一 0
74.718 75.152 55.0 生 0
75.155 75.589 57.0 在 0
75.593 75.917 60.0 纸 0
76.03 76.464 57.0 上 0
76.904 77.12 53.0 被 0
77.123 77.557 55.0 - 0
77.779 78.103 55.0 风 0
78.216 78.431 53.0 吹 0
78.654 79.853 55.0 乱 1
80.309 81.617 57.0 梦 0
81.621 82.055 60.0 在 0
82.058 82.492 62.0 远 0
82.496 82.711 60.0 - 0
82.714 83.148 60.0 方 0
83.152 83.257 57.0 - 1
83.858 84.291 62.0 化 0
84.295 84.51 60.0 成 0
84.732 85.057 60.0 一 0
85.17 85.494 57.0 缕 0
85.607 86.696 60.0 香 1
87.281 87.919 57.0 随 0
87.923 88.026 55.0 - 0
88.137 88.561 55.0 风 0
88.565 88.882 57.0 飘 0
88.993 89.631 60.0 散 1
90.025 90.449 57.0 你 0
90.453 90.663 55.0 的 0
90.881 91.198 55.0 模 0
91.309 93.338 53.0 样 1
96.805 97.237 53.0 菊 0
97.241 97.564 55.0 花 0
97.677 97.891 55.0 残 0
97.895 98.218 57.0 - 0
98.548 98.98 57.0 满 0
98.984 99.307 60.0 地 0
99.42 99.634 60.0 伤 0
99.638 100.07 62.0 - 1
100.368 100.8 62.0 你 0
100.804 101.236 69.0 的 0
101.24 101.672 65.0 笑 0
101.675 101.89 65.0 容 0
102.111 102.543 65.0 已 0
102.547 102.979 62.0 泛 0
102.983 103.741 60.0 黄 1
104.663 105.096 62.0 花 0
105.099 105.531 60.0 落 0
105.535 105.967 57.0 人 0
105.971 106.403 53.0 断 0
106.406 106.947 53.0 肠 1
107.327 107.759 50.0 我 0
107.763 108.086 53.0 心 0
108.198 108.413 53.0 事 0
108.416 108.739 55.0 - 0
109.07 109.502 55.0 静 0
109.505 109.829 53.0 静 0
109.941 110.155 53.0 淌 0
110.159 110.482 55.0 - 1
110.849 111.281 53.0 北 0
111.284 111.716 55.0 风 0
111.72 112.261 57.0 乱 0
112.592 112.915 57.0 夜 0
113.027 113.35 60.0 未 0
113.463 114.004 62.0 央 1
114.38 114.813 62.0 你 0
114.816 115.139 69.0 的 0
115.252 115.684 67.0 影 0
115.688 115.902 65.0 子 0
116.123 116.338 65.0 剪 0
116.559 116.991 65.0 不 0
116.995 117.427 65.0 断 0
117.431 118.407 65.0 - 1
118.559 119.1 60.0 徒 0
119.43 119.753 60.0 留 0
119.866 120.189 57.0 我 0
120.302 120.625 64.0 孤 0
120.737 121.061 65.0 单 0
121.173 121.496 53.0 在 0
121.609 122.041 55.0 湖 0
122.045 123.348 57.0 面 0
123.788 125.309 55.0 神 0
125.313 125.527 53.0 - 0
125.53 128.141 53.0 伤 1
153.506 154.046 57.0 花 0
154.376 154.698 57.0 已 0
154.811 155.024 55.0 向 0
155.245 156.003 57.0 晚 1
156.946 157.269 57.0 飘 0
157.381 157.704 60.0 落 0
157.816 158.138 57.0 了 0
158.251 158.573 55.0 灿 0
158.686 159.552 57.0 烂 1
160.389 160.82 53.0 凋 0
161.258 161.689 53.0 谢 0
161.693 162.016 55.0 的 0
162.128 162.559 57.0 世 0
162.563 162.885 60.0 道 0
162.997 163.429 57.0 上 1
164.018 164.558 55.0 命 0
164.888 165.319 53.0 运 0
165.322 165.536 53.0 不 0
165.757 166.623 55.0 堪 1
167.439 168.74 57.0 愁 0
168.744 169.175 57.0 莫 0
169.178 169.61 62.0 渡 0
169.613 170.588 60.0 江 1
170.917 171.349 62.0 秋 0
171.352 171.566 60.0 心 0
171.787 172.218 60.0 拆 0
172.222 172.544 57.0 两 0
172.657 173.631 60.0 半 1
174.242 174.456 48.0 怕 0
174.46 175.0 57.0 你 0
175.112 175.326 55.0 - 0
175.329 175.76 55.0 上 0
175.764 176.195 57.0 不 0
176.199 176.847 60.0 了 0
177.068 177.5 57.0 岸 1
177.512 177.835 55.0 一 0
177.947 178.378 53.0 辈 0
178.382 178.704 55.0 - 0
178.817 179.248 53.0 子 0
179.251 179.465 53.0 摇 0
179.686 180.878 55.0 晃 1
181.357 182.013 57.0 谁 0
182.292 182.728 57.0 的 0
182.732 182.948 55.0 江 0
183.172 183.608 55.0 山 0
183.612 184.048 57.0 - 1
184.989 185.426 57.0 马 0
185.429 185.645 57.0 蹄 0
185.649 185.865 60.0 - 0
185.869 186.085 57.0 - 0
186.089 186.195 55.0 声 0
186.309 186.525 55.0 狂 0
186.749 188.065 57.0 乱 1
188.459 188.676 52.0 我 0
188.679 189.006 53.0 - 0
189.339 189.775 53.0 一 0
189.779 190.215 55.0 身 0
190.219 190.655 57.0 的 0
190.659 190.985 60.0 戎 0
191.099 191.535 57.0 装 1
191.803 192.017 53.0 呼 0
192.021 192.451 55.0 - 0
192.672 192.994 55.0 啸 0
193.106 193.319 53.0 沧 0
193.54 194.73 55.0 桑 1
195.369 196.668 57.0 天 0
196.671 197.102 60.0 微 0
197.105 197.536 62.0 微 0
197.539 198.187 60.0 亮 1
198.769 199.199 62.0 你 0
199.203 199.417 60.0 轻 0
199.637 199.851 60.0 - 0
199.854 199.959 57.0 声 0
200.071 200.393 57.0 的 0
200.506 201.587 60.0 叹 1
202.724 203.155 57.0 一 0
203.158 203.589 55.0 夜 0
203.593 203.915 57.0 惆 0
204.027 204.566 60.0 怅 1
204.819 205.25 57.0 如 0
205.253 205.467 55.0 此 0
205.687 206.009 55.0 委 0
206.122 208.18 53.0 婉 1
211.941 212.371 53.0 菊 0
212.375 212.697 55.0 花 0
212.809 213.022 55.0 残 0
213.026 213.348 57.0 - 0
213.677 214.108 57.0 满 0
214.111 214.433 60.0 地 0
214.545 214.759 60.0 伤 0
214.763 215.193 62.0 - 1
215.409 215.839 62.0 你 0
215.843 216.273 69.0 的 0
216.277 216.708 67.0 笑 0
216.711 216.925 65.0 容 0
217.145 217.576 65.0 已 0
217.58 218.01 62.0 泛 0
218.014 218.77 60.0 黄 1
219.72 220.151 62.0 花 0
220.154 220.586 60.0 落 0
220.589 221.02 57.0 人 0
221.024 221.455 55.0 断 0
221.459 221.999 53.0 肠 1
222.249 222.68 50.0 我 0
222.684 223.007 53.0 心 0
223.119 223.333 53.0 事 0
223.336 223.659 55.0 - 0
223.988 224.42 55.0 静 0
224.423 224.746 53.0 静 0
224.858 225.072 53.0 淌 0
225.075 225.398 55.0 - 1
225.829 226.26 53.0 北 0
226.263 226.694 55.0 风 0
226.698 227.238 57.0 乱 0
227.568 227.89 57.0 夜 0
228.002 228.325 60.0 未 0
228.437 228.977 62.0 央 1
229.325 229.756 62.0 你 0
229.76 230.082 69.0 的 0
230.194 230.626 67.0 影 0
230.629 230.843 65.0 子 0
231.064 231.278 65.0 剪 0
231.499 231.93 67.0 不 0
231.933 232.365 65.0 断 0
232.368 233.343 65.0 - 1
233.569 234.108 60.0 徒 0
234.438 234.761 60.0 留 0
234.873 235.195 57.0 我 0
235.308 235.63 64.0 孤 0
235.743 236.065 65.0 单 0
236.177 236.5 53.0 在 0
236.612 237.043 55.0 湖 0
237.047 238.348 57.0 面 0
238.786 240.304 55.0 神 0
240.308 240.522 53.0 - 0
240.525 242.261 53.0 伤 1
243.211 243.642 55.0 菊 0
243.646 243.968 57.0 花 0
244.08 244.294 57.0 残 0
244.298 244.62 59.0 - 0
244.95 245.381 59.0 满 0
245.385 245.707 62.0 地 0
245.82 246.033 62.0 伤 0
246.037 246.468 64.0 - 1
246.567 246.998 64.0 你 0
247.002 247.433 71.0 的 0
247.437 247.868 67.0 笑 0
247.871 248.085 67.0 容 0
248.306 248.737 67.0 已 0
248.741 249.172 64.0 泛 0
249.176 249.933 62.0 黄 1
251.038 251.469 64.0 花 0
251.473 251.904 62.0 落 0
251.907 252.339 59.0 人 0
252.342 252.773 57.0 断 0
252.777 253.317 55.0 肠 1
253.662 254.093 52.0 我 0
254.096 254.419 55.0 心 0
254.531 254.745 55.0 事 0
254.749 255.071 57.0 - 0
255.401 255.832 57.0 静 0
255.836 256.158 55.0 静 0
256.27 256.701 59.0 淌 0
256.705 257.028 57.0 - 1
257.134 257.565 55.0 北 0
257.569 258.0 55.0 风 0
258.003 258.543 59.0 乱 0
258.873 259.195 59.0 夜 0
259.308 259.63 62.0 未 0
259.743 259.956 62.0 央 0
259.96 260.282 64.0 - 1
260.553 260.984 64.0 你 0
260.988 261.31 71.0 的 0
261.423 261.854 67.0 影 0
261.857 262.071 67.0 子 0
262.292 262.506 67.0 剪 0
262.727 263.158 67.0 不 0
263.162 263.593 67.0 断 0
263.597 264.571 67.0 - 1
266.701 267.241 62.0 徒 0
267.571 267.893 62.0 留 0
268.005 268.328 59.0 我 0
268.44 268.763 66.0 孤 0
268.875 269.197 67.0 单 0
269.31 269.632 55.0 在 0
269.745 270.176 57.0 湖 0
270.179 271.48 59.0 面 0
271.918 273.437 57.0 成 0
273.44 273.654 55.0 - 0
273.658 276.263 55.0 双 1
