15.321 15.51 47.0 初 0
15.513 15.894 54.0 秋 0
15.898 16.087 55.0 的 0
16.09 16.664 55.0 天 0
16.859 17.048 47.0 冰 0
17.051 17.433 52.0 冷 0
17.436 17.625 54.0 的 0
17.628 18.202 54.0 夜 0
18.307 18.496 50.0 回 0
18.499 18.88 50.0 - 0
18.883 19.265 52.0 忆 0
19.268 19.649 50.0 慢 0
19.653 20.034 48.0 慢 0
20.037 20.803 50.0 袭 0
21.487 21.677 47.0 来 0
21.68 22.061 55.0 真 0
22.064 22.253 55.0 心 0
22.257 22.638 55.0 的 0
23.026 23.215 47.0 爱 0
23.218 23.6 54.0 就 0
23.603 23.792 54.0 像 0
23.795 24.177 54.0 落 0
24.548 24.737 50.0 叶 0
24.741 25.122 50.0 为 0
25.125 25.507 55.0 何 0
25.51 25.891 57.0 却 0
25.895 26.276 59.0 要 0
26.279 27.045 59.0 分 0
27.559 27.748 47.0 开 0
27.752 28.133 55.0 灰 0
28.136 28.325 55.0 色 0
28.329 28.71 55.0 的 0
29.098 29.287 47.0 天 0
29.29 29.671 54.0 独 0
29.675 29.864 54.0 自 0
29.867 30.248 54.0 彷 0
30.756 30.945 50.0 徨 0
30.949 31.33 50.0 城 0
31.333 31.715 52.0 市 0
31.718 31.907 50.0 的 0
31.91 32.099 48.0 老 0
32.102 32.484 50.0 地 0
32.487 33.061 50.0 方 0
33.685 33.874 47.0 真 0
33.877 34.259 55.0 - 0
34.262 34.451 55.0 的 0
34.454 34.836 55.0 孤 0
35.224 35.413 47.0 单 0
35.416 35.797 52.0 走 0
35.801 35.99 54.0 过 0
35.993 36.374 54.0 忧 0
36.772 36.961 50.0 伤 0
36.964 37.346 50.0 心 0
37.349 37.73 55.0 碎 0
37.734 38.115 57.0 还 0
38.118 38.5 55.0 要 0
38.503 39.077 55.0 逞 0
39.799 39.988 55.0 强 0
39.991 40.18 57.0 想 0
40.183 40.661 59.0 为 0
40.953 41.334 55.0 你 0
41.337 41.526 55.0 披 0
41.529 41.719 57.0 件 0
41.722 42.488 59.0 外 0
42.814 43.003 55.0 衣 0
43.006 43.195 57.0 天 0
43.198 43.58 59.0 凉 0
43.583 43.964 64.0 要 0
43.967 44.349 59.0 爱 0
44.352 44.541 59.0 惜 0
44.544 44.926 57.0 自 0
44.929 45.503 52.0 己 0
47.119 47.501 62.0 - 0
47.504 47.693 64.0 没 0
47.696 47.885 62.0 有 0
47.889 48.27 62.0 人 0
48.273 48.462 62.0 比 0
48.465 48.847 62.0 我 0
48.85 49.328 57.0 更 0
49.427 51.058 59.0 疼 0
51.969 52.158 55.0 你 0
52.162 52.351 57.0 告 0
52.354 53.12 59.0 诉 0
53.508 53.697 55.0 你 0
53.7 53.889 57.0 在 0
53.892 54.082 57.0 每 0
54.085 54.466 59.0 个 0
55.127 55.509 55.0 - 0
55.512 55.893 59.0 想 0
55.896 56.278 64.0 你 0
56.281 56.47 64.0 的 0
56.473 56.855 66.0 夜 0
56.858 58.586 64.0 里 0
59.301 59.49 62.0 我 0
59.493 59.875 64.0 - 0
59.878 60.259 64.0 哭 0
60.263 60.452 62.0 - 0
60.455 60.836 62.0 的 0
60.839 61.221 62.0 好 0
61.224 61.606 59.0 无 0
61.609 64.009 64.0 力 0
64.414 64.603 64.0 就 0
64.606 64.795 66.0 - 0
64.799 65.18 66.0 让 0
65.183 65.372 67.0 秋 0
65.376 65.757 67.0 风 0
65.76 66.045 67.0 带 0
66.337 66.719 66.0 走 0
66.722 66.911 66.0 我 0
66.914 67.295 64.0 的 0
67.299 67.584 62.0 思 0
67.861 68.242 62.0 念 0
68.245 68.627 64.0 带 0
68.63 68.819 62.0 走 0
68.822 69.396 60.0 我 0
69.399 70.165 59.0 的 0
70.535 70.724 64.0 泪 0
70.727 70.916 66.0 我 0
70.919 71.301 66.0 还 0
71.304 71.493 67.0 一 0
71.496 71.878 67.0 直 0
71.881 72.262 67.0 静 0
72.458 72.839 64.0 静 0
72.843 73.032 64.0 守 0
73.035 73.512 62.0 候 0
73.945 74.327 64.0 在 0
74.33 74.711 64.0 相 0
74.715 74.904 66.0 约 0
74.907 75.288 62.0 的 0
75.292 76.25 64.0 地 0
76.625 76.814 64.0 点 0
76.817 77.006 66.0 求 0
77.009 77.391 66.0 求 0
77.394 77.583 67.0 老 0
77.586 77.968 67.0 天 0
77.971 78.448 67.0 淋 0
78.548 78.929 64.0 湿 0
78.932 79.121 66.0 我 0
79.125 79.506 64.0 的 0
79.509 79.795 62.0 双 0
80.164 80.546 62.0 眼 0
80.549 80.93 62.0 冰 0
80.933 81.123 62.0 冻 0
81.126 81.507 60.0 我 0
81.51 81.892 62.0 的 0
81.895 82.276 59.0 心 0
82.894 83.083 64.0 让 0
83.086 83.275 66.0 我 0
83.278 83.66 67.0 不 0
83.663 83.852 67.0 再 0
83.855 84.044 67.0 苦 0
84.24 84.429 67.0 苦 0
84.432 84.813 69.0 - 0
84.817 85.198 64.0 奢 0
85.201 85.39 64.0 求 0
85.394 85.775 62.0 你 0
85.778 86.063 62.0 还 0
86.344 86.629 64.0 回 0
86.729 87.11 64.0 来 0
87.113 87.302 66.0 我 0
87.498 87.879 62.0 身 0
87.883 89.706 64.0 边 0
90.19 90.572 67.0 我 0
90.575 90.956 66.0 身 0
90.959 91.149 62.0 边 0
91.152 93.456 64.0 ~ 0
122.998 123.187 47.0 灰 0
123.19 123.572 55.0 - 0
123.575 123.764 55.0 色 0
123.767 124.341 55.0 的 0
124.536 124.725 47.0 天 0
124.729 125.11 52.0 独 0
125.113 125.302 54.0 自 0
125.305 125.879 54.0 彷 0
125.987 126.176 50.0 徨 0
126.179 126.56 50.0 城 0
126.564 126.945 52.0 市 0
126.948 127.137 50.0 的 0
127.141 127.522 48.0 老 0
127.525 128.291 50.0 地 0
129.098 129.287 47.0 方 0
129.29 129.671 54.0 真 0
129.675 129.864 55.0 的 0
129.867 130.248 55.0 孤 0
130.636 130.825 47.0 单 0
130.828 131.21 52.0 走 0
131.213 131.402 54.0 过 0
131.405 131.787 54.0 忧 0
132.191 132.38 50.0 伤 0
132.383 132.764 50.0 心 0
132.767 133.149 55.0 碎 0
133.152 133.534 57.0 还 0
133.537 133.918 55.0 要 0
133.921 134.687 55.0 逞 0
135.171 135.36 55.0 强 0
135.363 135.553 57.0 想 0
135.556 136.033 59.0 为 0
136.325 136.706 55.0 你 0
136.71 136.899 55.0 披 0
136.902 137.091 57.0 件 0
137.094 137.86 59.0 外 0
138.179 138.368 55.0 衣 0
138.371 138.561 57.0 天 0
138.564 138.945 59.0 凉 0
138.948 139.33 64.0 要 0
139.333 139.714 59.0 爱 0
139.718 139.907 59.0 惜 0
139.91 140.291 57.0 自 0
140.294 140.868 52.0 己 0
142.45 142.831 62.0 - 0
142.834 143.024 64.0 没 0
143.027 143.216 62.0 有 0
143.219 143.601 64.0 人 0
143.604 143.793 62.0 比 0
143.796 144.177 62.0 我 0
144.181 144.658 57.0 更 0
144.758 146.389 59.0 疼 0
147.375 147.564 55.0 你 0
147.567 147.756 57.0 告 0
147.759 148.525 59.0 诉 0
148.913 149.102 55.0 你 0
149.106 149.295 57.0 在 0
149.298 149.487 57.0 每 0
149.49 149.872 59.0 个 0
150.451 150.832 55.0 - 0
150.835 151.217 59.0 想 0
151.22 151.601 64.0 你 0
151.605 151.794 64.0 的 0
151.797 152.178 66.0 夜 0
152.182 153.909 64.0 - 0
154.818 155.007 62.0 里 0
155.01 155.391 64.0 我 0
155.394 155.776 64.0 哭 0
155.779 155.968 62.0 - 0
155.971 156.353 62.0 的 0
156.356 156.737 62.0 好 0
156.741 157.122 59.0 无 0
157.125 159.526 64.0 力 0
159.652 159.841 64.0 就 0
159.844 160.033 66.0 - 0
160.036 160.418 67.0 让 0
160.421 160.61 67.0 秋 0
160.613 160.994 67.0 风 0
160.998 161.283 67.0 带 0
161.575 161.956 64.0 走 0
161.959 162.148 66.0 我 0
162.152 162.533 64.0 的 0
162.536 162.821 62.0 思 0
163.216 163.597 62.0 念 0
163.601 163.982 62.0 带 0
163.985 164.174 62.0 走 0
164.178 164.655 60.0 我 0
164.658 164.944 62.0 的 0
164.947 165.521 59.0 泪 0
165.878 166.067 64.0 - 0
166.071 166.26 66.0 我 0
166.263 166.644 66.0 还 0
166.648 166.837 67.0 一 0
166.84 167.221 67.0 直 0
167.225 167.606 67.0 静 0
167.801 168.183 64.0 静 0
168.186 168.375 64.0 守 0
168.378 168.856 62.0 候 0
169.308 169.689 64.0 在 0
169.693 170.074 64.0 相 0
170.077 170.266 66.0 约 0
170.269 170.651 62.0 的 0
170.654 171.612 64.0 地 0
171.973 172.162 64.0 点 0
172.166 172.355 66.0 求 0
172.358 172.739 66.0 求 0
172.742 172.932 67.0 老 0
172.935 173.316 67.0 天 0
173.319 173.797 67.0 淋 0
173.896 174.278 64.0 湿 0
174.281 174.47 66.0 我 0
174.473 174.855 64.0 的 0
174.858 175.143 62.0 双 0
175.507 175.888 62.0 眼 0
175.891 176.273 62.0 冰 0
176.276 176.465 62.0 冻 0
176.468 176.85 60.0 我 0
176.853 177.234 62.0 的 0
177.238 177.619 59.0 心 0
178.128 178.317 64.0 让 0
178.32 178.509 66.0 - 0
178.513 178.894 67.0 我 0
178.897 179.086 67.0 不 0
179.09 179.279 67.0 再 0
179.474 179.663 67.0 苦 0
179.667 180.048 69.0 苦 0
180.051 180.433 66.0 - 0
180.436 180.625 64.0 奢 0
180.628 181.009 62.0 求 0
181.013 181.298 62.0 你 0
181.754 182.039 64.0 还 0
182.138 182.52 64.0 回 0
182.523 182.712 66.0 来 0
182.907 183.289 62.0 我 0
183.292 185.116 64.0 身 0
185.56 185.749 64.0 边 0
185.752 186.133 66.0 就 0
186.329 186.71 66.0 让 0
186.714 186.903 67.0 秋 0
186.906 187.287 67.0 风 0
187.291 187.576 67.0 带 0
187.867 188.249 64.0 走 0
188.252 188.441 66.0 我 0
188.444 188.826 64.0 的 0
188.829 189.114 62.0 思 0
189.259 189.64 62.0 念 0
189.644 190.025 62.0 带 0
190.028 190.217 62.0 走 0
190.22 190.794 60.0 我 0
190.797 191.563 59.0 的 0
192.116 192.305 64.0 泪 0
192.309 192.498 66.0 我 0
192.501 192.882 66.0 还 0
192.885 193.075 67.0 一 0
193.078 193.459 67.0 直 0
193.462 193.844 67.0 静 0
194.039 194.421 64.0 静 0
194.424 194.613 64.0 守 0
194.616 195.094 62.0 候 0
195.469 195.85 64.0 在 0
195.853 196.235 64.0 相 0
196.238 196.427 66.0 约 0
196.43 196.812 62.0 的 0
196.815 197.773 64.0 地 0
198.108 198.297 64.0 点 0
198.3 198.489 66.0 求 0
198.493 198.874 66.0 求 0
198.877 199.066 67.0 老 0
199.07 199.451 67.0 天 0
199.454 199.932 67.0 淋 0
200.031 200.413 66.0 湿 0
200.416 200.605 66.0 我 0
200.608 200.989 64.0 的 0
200.993 201.278 62.0 双 0
201.696 202.077 62.0 眼 0
202.08 202.462 64.0 冰 0
202.465 202.654 62.0 冻 0
202.657 203.039 62.0 我 0
203.042 203.423 62.0 的 0
203.426 203.808 59.0 心 0
204.415 204.604 64.0 - 0
204.607 204.796 66.0 让 0
204.799 205.181 67.0 我 0
205.184 205.373 67.0 不 0
205.376 205.566 67.0 再 0
205.761 205.95 67.0 苦 0
205.953 206.335 69.0 苦 0
206.338 206.719 64.0 奢 0
206.723 206.912 64.0 求 0
206.915 207.296 62.0 你 0
207.299 207.585 62.0 还 0
207.805 208.091 64.0 回 0
208.19 208.571 64.0 - 0
208.575 208.764 66.0 来 0
208.959 209.341 62.0 我 0
209.344 211.168 64.0 身 0
211.652 212.033 67.0 边 0
212.036 212.418 66.0 我 0
212.421 212.61 62.0 身 0
212.613 214.437 64.0 边 0
214.652 214.842 64.0 ~ 0
214.845 215.226 66.0 就 0
215.422 215.803 66.0 让 0
215.806 215.995 67.0 秋 0
215.999 216.38 67.0 风 0
216.383 216.669 67.0 带 0
216.96 217.342 66.0 走 0
217.345 217.534 66.0 我 0
217.537 217.919 64.0 的 0
217.922 218.207 62.0 思 0
218.514 218.895 62.0 念 0
218.898 219.28 62.0 带 0
219.283 219.472 62.0 走 0
219.475 220.049 60.0 我 0
220.052 220.818 59.0 的 0
221.363 221.552 64.0 泪 0
221.555 221.744 66.0 我 0
221.748 222.129 66.0 还 0
222.132 222.321 67.0 一 0
222.324 222.706 67.0 直 0
222.709 223.09 67.0 静 0
223.286 223.667 64.0 静 0
223.671 223.86 64.0 守 0
223.863 224.34 62.0 候 0
225.405 225.69 64.0 在 0
225.789 225.978 64.0 相 0
225.982 226.363 67.0 约 0
226.366 227.325 66.0 - 0
227.52 228.478 62.0 的 0
229.251 233.382 64.0 地 0
