32.196 32.662 58.0 院 0
32.662 32.895 65.0 子 0
32.895 33.127 65.0 里 0
33.127 33.593 65.0 开 0
33.593 34.059 61.0 满 0
34.059 34.524 63.0 了 0
34.524 34.99 61.0 玫 0
34.99 35.456 58.0 瑰 1
35.846 36.312 56.0 挂 0
36.312 36.778 53.0 满 0
36.778 37.01 56.0 了 0
37.01 37.476 60.0 葡 0
37.476 37.709 58.0 - 0
37.709 38.64 58.0 萄 1
39.577 40.042 58.0 我 0
40.042 40.508 65.0 们 0
40.508 40.974 65.0 坐 0
40.974 41.439 61.0 在 0
41.439 41.905 63.0 摇 0
41.905 42.371 61.0 摇 0
42.371 42.836 58.0 椅 0
43.302 44.222 63.0 开 0
44.222 44.682 68.0 心 0
44.682 45.142 70.0 的 0
45.142 46.075 65.0 笑 1
46.574 46.807 65.0 你 0
46.807 47.04 68.0 说 0
47.04 47.273 70.0 我 0
47.273 47.506 70.0 们 0
47.506 47.739 70.0 永 0
47.739 47.971 70.0 远 0
47.971 48.204 70.0 这 0
48.204 48.669 68.0 - 0
48.669 48.902 68.0 么 0
48.902 49.366 70.0 相 0
49.366 49.831 73.0 爱 0
50.76 52.158 68.0 好 0
52.158 52.623 70.0 不 0
52.623 53.089 65.0 好 1
54.124 54.357 58.0 我 0
54.357 54.59 61.0 不 0
54.59 54.823 63.0 说 0
54.823 55.056 63.0 话 0
55.056 55.289 63.0 只 0
55.289 55.522 63.0 是 0
55.522 55.988 63.0 紧 0
55.988 56.221 61.0 紧 0
56.454 56.92 63.0 依 0
56.92 57.153 63.0 偎 0
57.153 57.386 63.0 在 0
57.386 57.619 63.0 你 0
57.619 58.085 61.0 - 0
58.085 58.318 61.0 怀 0
58.318 60.147 65.0 抱 1
61.941 62.405 58.0 空 0
62.405 62.638 65.0 中 0
62.638 62.87 65.0 有 0
62.87 63.335 65.0 几 0
63.335 63.799 61.0 朵 0
63.799 64.264 63.0 白 0
64.264 64.496 61.0 云 0
64.496 64.728 60.0 在 0
64.728 65.193 58.0 飘 0
65.425 65.658 58.0 和 0
65.658 66.124 56.0 对 0
66.124 66.591 53.0 对 0
66.591 67.057 56.0 成 0
67.057 67.29 58.0 双 0
67.29 67.524 60.0 的 0
67.524 68.453 58.0 鸟 1
69.34 69.805 58.0 我 0
69.805 70.269 65.0 们 0
70.269 70.734 65.0 相 0
70.734 71.199 61.0 偎 0
71.199 71.663 63.0 又 0
71.663 72.128 61.0 相 0
72.128 72.593 58.0 依 0
73.057 73.987 63.0 幸 0
73.987 74.451 68.0 福 0
74.451 74.916 70.0 的 0
74.916 75.845 65.0 笑 1
76.279 76.511 65.0 我 0
76.511 76.744 68.0 把 0
76.744 76.976 70.0 一 0
76.976 77.209 70.0 生 0
77.209 77.442 70.0 一 0
77.442 77.675 70.0 世 0
77.675 77.908 70.0 爱 0
77.908 78.374 68.0 - 0
78.374 78.607 68.0 你 0
78.607 79.072 70.0 的 0
79.072 79.538 73.0 心 0
80.47 81.871 68.0 准 0
81.871 82.338 70.0 备 0
82.338 83.272 65.0 好 1
83.765 83.998 58.0 不 0
83.998 84.232 61.0 管 0
84.232 84.464 63.0 未 0
84.464 84.695 63.0 来 0
84.695 84.927 63.0 有 0
84.927 85.159 61.0 多 0
85.159 85.39 63.0 艰 0
85.39 85.622 63.0 辛 0
85.854 86.085 65.0 我 0
86.085 86.549 68.0 是 0
86.549 86.78 65.0 你 0
86.78 87.244 63.0 的 0
87.475 87.939 61.0 依 0
87.939 89.797 58.0 靠 1
91.244 91.477 65.0 我 0
91.477 91.709 68.0 要 0
91.709 92.175 70.0 陪 0
92.175 92.408 70.0 着 0
92.408 92.641 70.0 你 0
92.641 92.874 70.0 一 0
92.874 93.339 68.0 - 0
93.339 93.572 68.0 起 0
93.572 94.038 70.0 变 0
94.038 94.504 73.0 老 1
94.897 95.13 68.0 你 0
95.13 95.363 70.0 就 0
95.363 95.596 68.0 是 0
95.596 95.829 68.0 我 0
95.829 96.061 68.0 最 0
96.061 96.294 65.0 疼 0
96.294 96.527 63.0 爱 0
96.527 96.993 61.0 - 0
96.993 97.226 61.0 的 0
97.226 98.155 65.0 宝 1
98.652 98.884 58.0 我 0
98.884 99.117 61.0 愿 0
99.117 99.349 63.0 和 0
99.349 99.581 63.0 你 0
99.581 99.814 63.0 聊 0
99.814 100.046 63.0 到 0
100.046 100.278 63.0 整 0
100.278 100.743 61.0 - 0
100.743 100.975 61.0 夜 0
100.975 101.208 63.0 不 0
101.208 101.673 63.0 睡 0
101.673 101.906 65.0 - 0
101.906 102.371 63.0 觉 1
102.855 103.088 63.0 喜 0
103.088 103.321 63.0 欢 0
103.321 103.553 63.0 看 0
103.553 103.786 63.0 你 0
103.786 104.018 63.0 的 0
104.018 104.484 61.0 - 0
104.484 104.716 61.0 撒 0
104.716 105.651 65.0 娇 1
106.131 106.364 65.0 我 0
106.364 106.598 68.0 要 0
106.598 107.065 70.0 陪 0
107.065 107.299 70.0 着 0
107.299 107.533 70.0 你 0
107.533 107.766 70.0 一 0
107.766 108.234 68.0 - 0
108.234 108.468 68.0 起 0
108.468 108.93 70.0 变 0
108.93 109.393 73.0 老 1
109.855 110.086 68.0 让 0
110.086 110.317 70.0 爱 0
110.317 110.549 68.0 停 0
110.549 110.78 68.0 在 0
110.78 111.011 68.0 这 0
111.011 111.243 65.0 时 0
111.243 111.474 63.0 光 0
111.474 111.937 61.0 - 0
111.937 112.168 61.0 隧 0
112.168 113.098 65.0 道 1
113.525 113.758 58.0 我 0
113.758 113.99 61.0 会 0
113.99 114.223 63.0 珍 0
114.223 114.456 63.0 惜 0
114.456 114.689 63.0 和 0
114.689 114.922 63.0 你 0
114.922 115.388 63.0 的 0
115.388 115.621 63.0 每 0
115.621 115.853 61.0 分 0
115.853 116.319 63.0 每 0
116.319 116.785 63.0 秒 1
117.321 117.554 63.0 直 0
117.554 117.787 65.0 到 0
117.787 118.019 68.0 海 0
118.019 118.252 68.0 枯 0
118.252 118.484 68.0 石 0
118.484 118.716 65.0 烂 0
118.716 118.949 63.0 天 0
118.949 119.413 63.0 荒 0
119.413 119.646 61.0 地 0
119.646 121.04 58.0 老 1
154.873 155.338 58.0 空 0
155.338 155.57 65.0 中 0
155.57 155.803 65.0 有 0
155.803 156.268 65.0 几 0
156.268 156.732 61.0 朵 0
156.732 157.197 63.0 白 0
157.197 157.43 61.0 云 0
157.43 157.662 60.0 在 0
157.662 158.127 58.0 飘 0
158.359 158.591 58.0 和 0
158.591 159.056 56.0 对 0
159.056 159.521 53.0 对 0
159.521 159.986 56.0 成 0
159.986 160.218 58.0 双 0
160.218 160.45 60.0 的 0
160.45 161.38 58.0 鸟 1
162.445 162.914 58.0 我 0
162.914 163.382 65.0 们 0
163.382 163.85 65.0 相 0
163.85 164.318 61.0 偎 0
164.318 164.779 63.0 又 0
164.779 165.24 61.0 相 0
165.24 165.702 58.0 依 0
166.163 167.094 63.0 幸 0
167.094 167.56 68.0 福 0
167.56 168.025 70.0 的 0
168.025 168.957 65.0 笑 1
169.396 169.629 65.0 我 0
169.629 169.862 68.0 把 0
169.862 170.095 70.0 一 0
170.095 170.329 70.0 生 0
170.329 170.562 70.0 一 0
170.562 170.796 70.0 世 0
170.796 171.029 70.0 爱 0
171.029 171.496 68.0 - 0
171.496 171.729 68.0 你 0
171.729 172.196 70.0 的 0
172.196 173.129 73.0 心 0
173.596 174.99 68.0 准 0
174.99 175.455 63.0 备 0
175.455 176.385 65.0 好 1
176.903 177.135 58.0 不 0
177.135 177.367 61.0 管 0
177.367 177.6 63.0 未 0
177.6 177.832 63.0 来 0
177.832 178.064 63.0 有 0
178.064 178.297 61.0 多 0
178.297 178.529 63.0 艰 0
178.529 178.762 63.0 辛 0
178.994 179.226 65.0 我 0
179.226 179.691 68.0 是 0
179.691 179.923 65.0 你 0
179.923 180.156 63.0 的 0
180.621 181.085 61.0 依 0
181.085 182.943 58.0 靠 1
184.21 184.442 65.0 我 0
184.442 184.674 68.0 要 0
184.674 185.139 70.0 陪 0
185.139 185.371 70.0 着 0
185.371 185.604 70.0 你 0
185.604 185.836 70.0 一 0
185.836 186.301 68.0 - 0
186.301 186.533 68.0 起 0
186.533 186.998 70.0 变 0
186.998 187.463 73.0 老 1
188.032 188.265 68.0 你 0
188.265 188.497 70.0 就 0
188.497 188.73 68.0 是 0
188.73 188.962 68.0 我 0
188.962 189.194 68.0 最 0
189.194 189.427 65.0 疼 0
189.427 189.659 63.0 爱 0
189.659 190.124 61.0 - 0
190.124 190.356 61.0 的 0
190.356 191.286 65.0 宝 1
191.683 191.915 58.0 我 0
191.915 192.147 61.0 愿 0
192.147 192.381 63.0 和 0
192.381 192.614 63.0 你 0
192.614 192.847 63.0 聊 0
192.847 193.081 63.0 到 0
193.081 193.314 63.0 整 0
193.314 193.781 61.0 - 0
193.781 194.014 61.0 夜 0
194.014 194.247 63.0 不 0
194.247 194.711 63.0 睡 0
194.711 194.944 65.0 - 0
194.944 195.409 63.0 觉 1
195.83 196.063 63.0 喜 0
196.063 196.295 63.0 欢 0
196.295 196.527 63.0 看 0
196.527 196.76 63.0 你 0
196.76 196.992 63.0 的 0
196.992 197.457 61.0 - 0
197.457 197.689 61.0 撒 0
197.689 198.619 65.0 娇 1
199.101 199.333 65.0 我 0
199.333 199.565 68.0 要 0
199.565 200.03 70.0 陪 0
200.03 200.262 70.0 着 0
200.262 200.495 70.0 你 0
200.495 200.727 70.0 一 0
200.727 201.192 68.0 - 0
201.192 201.424 68.0 起 0
201.424 201.89 70.0 变 0
201.89 202.356 73.0 老 1
202.832 203.065 68.0 让 0
203.065 203.298 70.0 爱 0
203.298 203.531 68.0 停 0
203.531 203.764 68.0 在 0
203.764 203.997 68.0 这 0
203.997 204.23 65.0 时 0
204.23 204.463 63.0 光 0
204.463 204.929 61.0 - 0
204.929 205.163 61.0 隧 0
205.163 206.095 65.0 道 1
206.567 206.8 58.0 我 0
206.8 207.033 61.0 会 0
207.033 207.266 63.0 珍 0
207.266 207.499 63.0 惜 0
207.499 207.732 63.0 和 0
207.732 207.965 63.0 你 0
207.965 208.431 63.0 的 0
208.431 208.664 63.0 每 0
208.664 208.897 61.0 分 0
208.897 209.36 65.0 每 0
209.36 209.823 63.0 秒 1
210.224 210.456 63.0 直 0
210.456 210.687 65.0 到 0
210.687 210.919 68.0 海 0
210.919 211.151 68.0 枯 0
211.151 211.382 68.0 石 0
211.382 211.614 65.0 烂 0
211.614 211.846 63.0 天 0
211.846 212.309 63.0 荒 0
212.309 212.541 61.0 地 0
212.541 213.935 58.0 老 1
215.801 216.035 65.0 我 0
216.035 216.268 68.0 要 0
216.268 216.733 70.0 陪 0
216.733 216.965 70.0 着 0
216.965 217.198 70.0 你 0
217.198 217.43 70.0 一 0
217.43 217.895 68.0 - 0
217.895 218.127 68.0 起 0
218.127 218.592 70.0 变 0
218.592 219.057 73.0 老 1
219.548 219.78 68.0 你 0
219.78 220.012 70.0 就 0
220.012 220.245 68.0 是 0
220.245 220.477 68.0 我 0
220.477 220.709 68.0 最 0
220.709 220.942 65.0 疼 0
220.942 221.174 63.0 爱 0
221.174 221.639 61.0 - 0
221.639 221.871 61.0 的 0
221.871 222.81 65.0 宝 1
223.39 223.624 58.0 我 0
223.624 223.859 61.0 愿 0
223.859 224.091 63.0 和 0
224.091 224.323 63.0 你 0
224.323 224.555 63.0 聊 0
224.555 224.786 63.0 到 0
224.786 225.018 63.0 整 0
225.018 225.482 61.0 - 0
225.482 225.714 61.0 夜 0
225.714 225.946 63.0 不 0
225.946 226.409 63.0 睡 0
226.409 226.641 65.0 - 0
226.641 227.105 63.0 觉 1
227.442 227.673 63.0 喜 0
227.673 227.905 63.0 欢 0
227.905 228.137 63.0 看 0
228.137 228.369 63.0 你 0
228.369 228.601 63.0 的 0
228.601 229.064 61.0 - 0
229.064 229.296 61.0 撒 0
229.296 230.228 65.0 娇 1
230.774 231.007 65.0 我 0
231.007 231.24 68.0 要 0
231.24 231.706 70.0 陪 0
231.706 231.938 70.0 着 0
231.938 232.171 70.0 你 0
232.171 232.404 70.0 一 0
232.404 232.87 68.0 - 0
232.87 233.103 68.0 起 0
233.103 233.567 70.0 变 0
233.567 234.032 73.0 老 1
234.388 234.62 68.0 让 0
234.62 234.853 70.0 爱 0
234.853 235.085 68.0 停 0
235.085 235.317 68.0 在 0
235.317 235.55 68.0 这 0
235.55 235.782 65.0 时 0
235.782 236.014 63.0 光 0
236.014 236.479 61.0 - 0
236.479 236.712 61.0 隧 0
236.712 237.644 65.0 道 1
238.287 238.521 58.0 我 0
238.521 238.754 61.0 会 0
238.754 238.987 63.0 珍 0
238.987 239.22 63.0 惜 0
239.22 239.453 63.0 和 0
239.453 239.686 63.0 你 0
239.686 240.152 63.0 的 0
240.152 240.386 63.0 每 0
240.386 240.619 61.0 分 0
240.619 241.084 65.0 每 0
241.084 241.549 63.0 秒 1
241.866 242.098 63.0 直 0
242.098 242.331 65.0 到 0
242.331 242.563 68.0 海 0
242.563 242.796 68.0 枯 0
242.796 243.028 68.0 石 0
243.028 243.261 65.0 烂 0
243.261 243.493 63.0 天 0
243.493 243.958 63.0 荒 0
243.958 244.191 61.0 地 0
244.191 245.119 58.0 老 1
245.633 245.865 58.0 我 0
245.865 246.097 61.0 会 0
246.097 246.329 63.0 珍 0
246.329 246.561 63.0 惜 0
246.561 246.793 63.0 和 0
246.793 247.025 63.0 你 0
247.025 247.49 63.0 的 0
247.49 247.722 63.0 每 0
247.722 247.954 61.0 分 0
247.954 248.418 63.0 每 0
248.418 248.883 63.0 秒 1
249.294 249.526 63.0 直 0
249.526 249.759 65.0 到 0
249.759 250.107 68.0 海 0
250.107 250.482 68.0 枯 0
250.487 250.835 68.0 石 0
250.835 251.372 65.0 烂 0
252.547 253.012 63.0 天 0
253.012 253.709 63.0 荒 0
254.058 254.639 61.0 地 0
254.639 256.265 58.0 老 1
