30.741 31.09 69.0 思 0
31.109 31.471 69.0 念 0
31.477 31.839 66.0 是 0
31.845 32.207 64.0 一 0
32.213 32.397 62.0 种 0
32.949 33.256 64.0 很 0
33.317 33.639 66.0 玄 0
33.685 33.916 64.0 的 0
33.962 34.405 64.0 东 0
34.422 34.995 62.0 西 1
36.036 36.214 59.0 如 0
36.22 36.766 62.0 影 0
36.772 37.754 59.0 - 0
38.889 39.619 59.0 随 0
39.625 40.913 57.0 形 1
42.552 42.9 69.0 无 0
42.92 43.282 69.0 声 0
43.288 43.625 66.0 又 0
43.656 44.018 64.0 无 0
44.024 44.392 62.0 息 0
44.76 45.122 64.0 出 0
45.129 45.483 66.0 没 0
45.497 45.859 64.0 在 0
45.865 46.227 64.0 心 0
46.233 46.785 62.0 底 1
47.699 48.061 59.0 转 0
48.067 48.619 57.0 眼 0
48.619 49.478 59.0 - 0
50.644 51.006 64.0 吞 0
51.012 51.728 66.0 没 0
51.748 52.11 64.0 我 0
52.116 52.791 67.0 在 0
52.853 53.483 66.0 寂 0
53.497 53.859 62.0 寞 0
53.865 54.264 62.0 里 1
54.433 54.701 62.0 我 0
54.709 55.046 62.0 无 0
55.077 55.415 62.0 力 0
55.445 55.869 64.0 抗 0
55.905 56.458 62.0 拒 0
56.642 56.918 74.0 特 0
56.918 57.28 73.0 别 0
57.286 57.638 71.0 是 0
57.654 58.016 71.0 夜 0
58.022 58.451 69.0 里 0
58.758 59.115 64.0 喔 0
59.126 59.924 62.0 - 1
60.067 60.413 62.0 想 0
60.435 60.797 62.0 你 0
60.803 61.165 62.0 到 0
61.171 61.539 64.0 无 0
61.631 62.198 62.0 法 0
62.275 62.637 64.0 呼 0
62.643 63.855 66.0 吸 1
65.973 66.311 62.0 恨 0
66.341 66.688 62.0 不 0
66.709 67.056 62.0 能 0
67.077 67.424 64.0 立 0
67.445 67.915 62.0 即 0
68.182 68.534 74.0 朝 0
68.55 68.912 73.0 你 0
68.918 69.271 71.0 狂 0
69.286 69.648 71.0 奔 0
69.654 70.283 69.0 去 1
71.253 71.56 74.0 大 0
71.622 72.204 74.0 声 0
72.358 73.088 71.0 的 0
73.094 73.456 66.0 告 0
73.462 74.192 62.0 诉 0
74.198 75.487 64.0 你 0
76.775 77.689 66.0 嗯 0
77.695 78.984 64.0 - 1
80.566 80.928 69.0 愿 0
80.934 81.48 66.0 意 0
81.486 82.032 64.0 为 0
82.038 82.59 62.0 你 0
83.143 83.327 57.0 我 0
83.511 83.873 66.0 愿 0
83.879 84.241 66.0 意 0
84.247 84.977 64.0 为 0
84.983 85.345 66.0 - 0
85.351 85.903 62.0 你 1
85.948 86.218 62.0 我 0
86.316 86.678 74.0 愿 0
86.685 87.047 73.0 意 0
87.053 87.973 73.0 为 0
88.157 88.709 71.0 你 0
88.893 89.255 69.0 忘 0
89.261 89.623 71.0 记 0
89.629 89.991 69.0 我 0
89.997 90.359 66.0 姓 0
90.366 91.102 69.0 名 1
91.871 92.233 62.0 就 0
92.239 92.601 74.0 算 0
92.607 92.969 73.0 多 0
92.975 93.896 73.0 一 0
94.08 94.632 71.0 秒 0
94.816 95.178 69.0 停 0
95.184 95.546 69.0 留 0
95.552 95.914 74.0 在 0
95.92 96.656 66.0 你 0
96.656 97.392 64.0 怀 0
97.392 98.08 62.0 里 1
98.517 98.879 66.0 失 0
98.885 99.247 67.0 去 0
99.253 99.615 66.0 世 0
99.621 99.983 62.0 界 0
99.989 100.351 59.0 也 0
100.357 101.093 62.0 不 0
101.369 102.106 59.0 可 0
102.106 103.21 57.0 惜 1
103.615 103.977 57.0 我 0
103.983 104.313 69.0 愿 0
104.351 104.713 66.0 意 0
104.719 105.449 64.0 为 0
105.456 106.008 62.0 你 0
106.56 106.744 57.0 我 0
106.928 107.29 66.0 愿 0
107.296 107.48 66.0 意 0
107.664 108.394 64.0 为 0
108.4 108.762 66.0 - 0
108.768 109.321 62.0 你 1
109.639 109.976 62.0 我 0
110.007 110.344 74.0 愿 0
110.375 110.712 73.0 意 0
110.743 111.08 73.0 为 0
111.847 112.185 71.0 你 0
112.583 112.921 69.0 被 0
112.952 113.289 71.0 放 0
113.32 113.657 69.0 逐 0
113.688 114.025 66.0 天 0
114.24 115.068 69.0 际 1
115.519 115.881 62.0 只 0
115.887 116.249 74.0 要 0
116.255 116.624 73.0 你 0
116.624 117.544 73.0 真 0
117.728 118.288 71.0 心 0
118.464 118.826 69.0 拿 0
118.832 119.194 69.0 爱 0
119.2 119.562 74.0 与 0
119.568 120.305 66.0 我 0
120.305 121.035 64.0 回 0
121.041 121.777 62.0 应 1
122.441 122.803 66.0 什 0
122.809 123.116 66.0 么 0
123.177 123.509 62.0 都 0
123.545 123.894 59.0 愿 0
123.913 124.409 62.0 意 0
125.386 125.748 66.0 什 0
125.754 126.116 66.0 么 0
126.122 126.484 62.0 都 0
126.49 126.852 59.0 愿 0
126.858 127.41 62.0 意 0
128.331 129.211 64.0 为 0
129.251 130.539 62.0 你 1
152.947 153.309 59.0 我 0
153.315 153.677 62.0 无 0
153.683 154.045 62.0 力 0
154.052 154.413 64.0 抗 0
154.42 154.604 62.0 拒 0
155.156 155.518 74.0 特 0
155.524 155.886 73.0 别 0
155.892 156.254 71.0 是 0
156.26 156.622 73.0 夜 0
156.628 156.996 69.0 里 0
157.364 157.726 64.0 喔 0
157.733 158.094 65.0 - 0
158.101 158.469 62.0 - 1
158.703 159.065 59.0 想 0
159.071 159.433 62.0 你 0
159.439 159.801 62.0 到 0
159.807 159.985 62.0 无 0
159.991 160.353 64.0 - 0
160.359 160.911 62.0 法 0
161.095 161.457 64.0 呼 0
161.463 163.141 66.0 吸 1
164.765 165.127 62.0 恨 0
165.133 165.495 62.0 不 0
165.502 165.863 62.0 能 0
165.87 166.232 66.0 立 0
166.238 166.79 62.0 即 0
166.974 167.336 74.0 朝 0
167.342 167.704 73.0 你 0
167.71 168.072 71.0 狂 0
168.078 168.532 71.0 奔 0
168.538 169.275 69.0 去 1
169.901 170.261 74.0 大 0
170.269 170.99 74.0 声 0
171.005 171.711 71.0 的 0
171.741 172.091 66.0 告 0
172.109 172.846 62.0 诉 0
172.846 174.686 64.0 你 0
175.33 176.06 64.0 嗯 0
176.066 177.692 64.0 - 1
178.906 179.259 69.0 愿 0
179.274 179.627 66.0 意 0
179.642 179.995 64.0 为 0
180.01 181.007 62.0 你 0
181.483 181.84 57.0 我 0
181.851 182.213 66.0 愿 0
182.219 182.673 66.0 意 0
182.679 183.293 64.0 为 0
183.323 184.336 62.0 你 1
184.649 185.011 62.0 我 0
185.017 185.379 74.0 愿 0
185.385 185.747 73.0 意 0
185.753 186.643 73.0 为 0
186.673 187.225 71.0 你 0
187.501 187.859 69.0 忘 0
187.87 188.227 71.0 记 0
188.238 188.595 69.0 我 0
188.606 188.963 66.0 姓 0
188.974 190.17 69.0 名 1
190.395 190.742 62.0 就 0
190.763 191.11 74.0 算 0
191.131 191.478 73.0 多 0
191.499 192.358 73.0 一 0
192.512 193.064 71.0 秒 0
193.34 193.702 69.0 停 0
193.708 194.07 69.0 留 0
194.076 194.438 74.0 在 0
194.444 195.15 66.0 你 0
195.18 195.886 64.0 怀 0
195.917 196.765 62.0 里 1
197.26 197.617 66.0 失 0
197.628 197.985 67.0 去 0
197.996 198.272 66.0 世 0
198.364 198.722 62.0 界 0
198.732 199.09 59.0 也 0
199.1 199.898 62.0 不 0
200.021 200.705 59.0 可 0
200.757 201.953 57.0 惜 1
202.143 202.481 57.0 我 0
202.511 202.873 66.0 愿 0
202.88 203.303 66.0 意 0
203.34 204.07 64.0 为 0
204.076 204.812 62.0 你 0
205.18 205.542 57.0 我 0
205.548 205.91 66.0 愿 0
205.916 206.278 66.0 意 0
206.284 206.898 64.0 为 0
206.929 207.291 66.0 - 0
207.297 207.887 62.0 你 1
208.031 208.393 62.0 我 0
208.399 208.761 73.0 愿 0
208.767 209.129 73.0 意 0
209.135 210.055 73.0 为 0
210.239 210.792 71.0 你 0
210.976 211.338 69.0 被 0
211.344 211.706 71.0 放 0
211.712 212.074 69.0 逐 0
212.08 212.626 66.0 天 0
212.632 213.552 69.0 际 1
214.039 214.398 62.0 只 0
214.408 214.76 74.0 要 0
214.776 215.113 73.0 你 0
215.144 216.156 73.0 真 0
216.248 216.954 71.0 心 0
216.984 217.342 69.0 拿 0
217.352 217.71 69.0 爱 0
217.72 218.078 74.0 与 0
218.089 218.806 66.0 我 0
218.825 219.543 64.0 回 0
219.561 220.757 62.0 应 1
221.08 221.448 67.0 什 0
221.448 221.724 66.0 么 0
221.724 222.085 62.0 都 0
222.093 222.453 59.0 愿 0
222.461 223.22 62.0 意 0
224.117 224.479 66.0 什 0
224.485 224.847 66.0 么 0
224.853 225.215 62.0 都 0
225.221 225.583 59.0 愿 0
225.59 226.142 62.0 意 0
227.43 227.792 62.0 为 0
227.798 228.16 62.0 - 0
228.166 230.007 62.0 你 1
236.528 236.973 66.0 我 0
236.989 237.351 66.0 什 0
237.357 237.803 66.0 么 0
237.817 238.179 62.0 都 0
238.185 238.547 59.0 愿 0
238.553 239.105 62.0 意 0
240.025 240.387 66.0 什 0
240.393 240.755 66.0 么 0
240.762 241.124 62.0 都 0
241.13 241.676 59.0 愿 0
241.682 242.97 62.0 意 0
243.338 243.516 62.0 为 0
243.522 243.884 64.0 - 0
243.89 246.651 62.0 你 1
