34.571 34.977 57.0 停 0
34.977 35.382 61.0 在 0
35.382 35.788 61.0 这 0
35.788 36.193 61.0 里 0
36.193 36.598 62.0 不 0
36.598 37.004 64.0 敢 0
37.004 37.815 61.0 走 0
37.815 38.22 57.0 下 0
38.22 39.842 59.0 去 0
40.597 41.408 59.0 让 0
41.408 41.814 61.0 - 0
41.814 42.016 61.0 悲 0
42.016 42.422 62.0 伤 0
42.422 42.624 59.0 - 0
42.624 43.03 61.0 无 0
43.047 43.452 62.0 - 0
43.452 43.858 59.0 法 0
43.858 45.479 59.0 上 0
47.451 47.857 57.0 演 0
47.857 48.262 61.0 下 0
48.262 48.668 61.0 一 0
48.668 49.073 61.0 页 0
49.073 49.478 62.0 你 0
49.478 49.884 64.0 亲 0
49.884 50.289 66.0 手 0
50.289 50.695 64.0 写 0
50.695 51.1 64.0 上 0
51.1 51.505 57.0 的 0
51.505 52.722 59.0 离 0
53.541 53.947 59.0 别 0
53.947 54.352 64.0 由 0
54.352 54.758 64.0 不 0
54.758 55.568 61.0 得 0
56.025 56.836 57.0 我 0
56.836 59.065 59.0 拒 0
60.126 60.531 64.0 绝 0
60.531 60.937 64.0 这 0
60.937 61.342 62.0 条 0
61.342 61.748 59.0 路 0
61.748 62.119 62.0 我 0
62.153 62.558 59.0 们 0
62.558 62.964 62.0 走 0
62.964 63.166 59.0 得 0
63.166 63.572 61.0 太 0
63.572 64.18 59.0 匆 0
64.18 65.396 59.0 忙 0
66.634 67.04 64.0 拥 0
67.04 67.445 64.0 抱 0
67.445 67.851 62.0 着 0
67.851 68.256 61.0 并 0
68.256 68.661 62.0 不 0
68.661 69.067 57.0 真 0
69.067 69.472 57.0 实 0
69.472 70.283 64.0 的 0
70.283 70.688 64.0 欲 0
70.688 72.31 66.0 望 0
73.047 73.452 69.0 来 0
73.452 73.858 69.0 - 0
73.858 74.601 64.0 不 0
74.752 75.158 62.0 及 0
75.158 75.563 62.0 等 0
75.563 75.969 61.0 不 0
75.969 76.171 59.0 及 0
76.171 76.577 61.0 回 0
76.577 77.185 62.0 头 0
77.185 77.996 61.0 欣 0
77.996 79.212 59.0 赏 0
79.59 79.996 59.0 木 0
79.996 80.198 64.0 兰 0
80.198 80.604 66.0 - 0
80.604 81.212 64.0 香 0
81.212 82.023 61.0 遮 0
82.023 82.428 62.0 不 0
82.428 82.631 59.0 住 0
82.631 83.036 61.0 - 0
83.036 84.253 59.0 伤 0
84.856 85.261 66.0 不 0
85.261 85.666 69.0 - 0
85.666 86.072 69.0 再 0
86.072 86.883 71.0 看 0
86.883 87.288 71.0 - 0
87.288 87.693 69.0 天 0
87.693 88.099 64.0 上 0
88.099 88.504 62.0 太 0
88.504 88.91 64.0 阳 0
88.91 89.315 66.0 透 0
89.315 89.72 69.0 过 0
89.72 90.126 64.0 云 0
90.126 90.531 64.0 彩 0
90.531 91.139 62.0 的 0
91.359 91.765 66.0 光 0
91.765 92.136 69.0 不 0
92.17 92.575 69.0 再 0
92.575 93.386 71.0 找 0
93.386 93.792 69.0 约 0
93.792 94.197 69.0 定 0
94.197 94.602 64.0 了 0
94.602 95.008 62.0 的 0
95.008 95.819 64.0 天 0
95.819 97.237 66.0 堂 0
97.836 98.241 66.0 不 0
98.241 98.646 69.0 再 0
98.646 99.052 69.0 叹 0
99.052 99.863 71.0 - 0
99.863 100.268 71.0 你 0
100.268 100.673 69.0 说 0
100.673 101.079 64.0 过 0
101.079 101.484 62.0 的 0
101.484 101.89 64.0 人 0
101.89 102.295 66.0 间 0
102.295 102.7 69.0 世 0
102.7 103.106 69.0 事 0
103.106 103.511 64.0 无 0
103.511 104.119 62.0 常 0
104.161 104.566 64.0 借 0
104.566 104.769 64.0 - 0
104.972 105.58 59.0 不 0
105.58 106.56 66.0 到 0
106.594 107.202 64.0 的 0
107.202 108.215 62.0 三 0
108.215 108.418 59.0 寸 0
108.418 108.823 61.0 日 0
108.823 110.242 59.0 - 0
141.577 141.983 57.0 光 0
141.983 142.388 61.0 停 0
142.388 142.794 61.0 在 0
142.794 143.199 61.0 这 0
143.199 143.604 62.0 里 0
143.604 144.01 64.0 不 0
144.01 144.821 61.0 敢 0
144.821 145.226 57.0 走 0
145.226 146.848 59.0 下 0
147.73 148.541 59.0 去 0
148.541 148.947 61.0 让 0
148.947 149.149 61.0 悲 0
149.149 149.555 62.0 伤 0
149.555 149.757 59.0 无 0
149.757 150.163 61.0 - 0
150.163 150.568 62.0 法 0
150.568 150.974 59.0 上 0
150.974 152.595 59.0 演 0
154.608 155.014 57.0 下 0
155.014 155.419 61.0 一 0
155.419 155.825 61.0 页 0
155.825 156.23 61.0 你 0
156.23 156.635 62.0 亲 0
156.635 157.041 64.0 手 0
157.041 157.446 64.0 写 0
157.446 157.852 64.0 上 0
157.852 158.257 64.0 的 0
158.257 158.662 57.0 离 0
158.662 159.879 59.0 别 0
160.658 161.064 59.0 由 0
161.064 161.469 64.0 不 0
161.469 161.875 64.0 得 0
161.875 162.685 61.0 我 0
163.118 163.929 57.0 拒 0
163.929 166.158 59.0 绝 0
167.135 167.54 64.0 这 0
167.54 167.946 64.0 条 0
167.946 168.351 62.0 路 0
168.351 168.757 59.0 我 0
168.757 169.128 62.0 们 0
169.162 169.567 59.0 走 0
169.567 169.973 62.0 得 0
169.973 170.175 59.0 太 0
170.175 170.581 61.0 - 0
170.581 171.189 59.0 匆 0
171.189 172.405 59.0 忙 0
173.683 174.089 64.0 拥 0
174.089 174.494 64.0 抱 0
174.494 174.9 62.0 着 0
174.9 175.305 61.0 并 0
175.305 175.71 62.0 不 0
175.71 176.116 57.0 真 0
176.116 176.521 57.0 实 0
176.521 177.332 64.0 的 0
177.332 177.737 64.0 欲 0
177.737 179.359 66.0 望 0
180.015 180.42 69.0 来 0
180.42 180.826 69.0 - 0
180.826 181.569 64.0 不 0
181.624 182.029 64.0 及 0
182.029 182.434 62.0 等 0
182.434 182.84 61.0 不 0
182.84 183.042 59.0 及 0
183.042 183.448 61.0 回 0
183.448 184.056 62.0 - 0
184.056 184.867 61.0 头 0
184.867 186.083 59.0 欣 0
186.517 186.923 59.0 赏 0
186.923 187.126 64.0 木 0
187.126 187.531 66.0 兰 0
187.531 188.139 64.0 - 0
188.139 188.95 61.0 香 0
188.95 189.355 62.0 遮 0
189.355 189.558 59.0 不 0
189.558 189.963 61.0 住 0
189.963 191.18 59.0 - 0
198.365 198.771 64.0 伤 0
198.771 199.176 69.0 不 0
199.176 199.581 69.0 再 0
199.581 200.392 71.0 看 0
200.392 200.798 69.0 - 0
200.798 201.203 69.0 天 0
201.203 201.608 64.0 上 0
201.608 202.014 62.0 太 0
202.014 202.419 64.0 阳 0
202.419 202.825 64.0 透 0
202.825 203.23 69.0 过 0
203.23 203.635 64.0 云 0
203.635 204.041 64.0 彩 0
204.041 204.649 62.0 的 0
204.732 205.137 66.0 光 0
205.137 205.509 69.0 不 0
205.542 205.948 69.0 再 0
205.948 206.759 71.0 找 0
206.759 207.164 71.0 - 0
207.164 207.569 69.0 约 0
207.569 207.975 64.0 定 0
207.975 208.38 62.0 了 0
208.38 209.191 64.0 的 0
209.191 210.61 66.0 天 0
211.211 211.617 64.0 堂 0
211.617 212.022 69.0 不 0
212.022 212.427 69.0 再 0
212.427 213.238 71.0 叹 0
213.238 213.644 69.0 你 0
213.644 214.049 69.0 说 0
214.049 214.454 64.0 过 0
214.454 214.86 62.0 的 0
214.86 215.265 64.0 人 0
215.265 215.671 64.0 间 0
215.671 216.076 69.0 世 0
216.076 216.481 69.0 事 0
216.481 216.887 64.0 无 0
216.887 217.495 62.0 常 0
217.68 218.085 66.0 借 0
218.085 218.49 64.0 - 0
218.49 219.099 59.0 不 0
219.099 220.078 66.0 到 0
220.112 220.72 64.0 的 0
220.72 221.328 62.0 三 0
221.328 221.936 64.0 寸 0
222.139 224.977 66.0 日 0
227.478 227.884 65.0 光 0
227.884 228.289 70.0 不 0
228.289 228.695 70.0 再 0
228.695 229.505 72.0 看 0
229.505 229.911 70.0 - 0
229.911 230.316 70.0 天 0
230.316 230.722 65.0 上 0
230.722 231.127 63.0 太 0
231.127 231.532 65.0 阳 0
231.532 231.938 65.0 透 0
231.938 232.343 70.0 过 0
232.343 232.749 65.0 云 0
232.749 233.154 67.0 彩 0
233.154 233.762 63.0 的 0
233.909 234.314 67.0 光 0
234.314 234.686 70.0 不 0
234.72 235.125 70.0 再 0
235.125 235.936 72.0 找 0
235.936 236.341 74.0 - 0
236.341 236.747 74.0 约 0
236.747 237.152 72.0 定 0
237.152 237.557 70.0 了 0
237.557 238.368 65.0 的 0
238.368 239.867 67.0 天 0
240.475 240.881 65.0 堂 0
240.881 241.286 70.0 不 0
241.286 241.692 70.0 再 0
241.692 242.502 72.0 叹 0
242.502 242.908 70.0 你 0
242.908 243.313 70.0 说 0
243.313 243.719 65.0 过 0
243.719 244.124 63.0 的 0
244.124 244.529 65.0 人 0
244.529 244.935 65.0 间 0
244.935 245.34 70.0 世 0
245.34 245.746 70.0 事 0
245.746 246.151 67.0 无 0
246.151 246.759 63.0 常 0
246.976 247.381 65.0 借 0
247.381 247.584 65.0 - 0
247.787 248.395 60.0 不 0
248.395 249.374 67.0 到 0
249.408 250.016 65.0 的 0
250.016 250.624 63.0 三 0
250.624 251.435 62.0 寸 0
251.435 252.854 60.0 日 0
253.398 253.804 65.0 光 0
253.804 254.209 65.0 那 0
254.209 254.817 60.0 天 0
254.817 255.797 67.0 堂 0
255.831 256.033 65.0 是 0
256.033 256.439 65.0 我 0
256.439 257.047 63.0 爱 0
257.047 257.25 60.0 过 0
257.25 257.655 62.0 你 0
257.655 259.152 63.0 - 0
259.277 260.256 62.0 的 0
260.29 262.52 60.0 地 0
