19.079 19.356 70.0 昨 0
19.356 19.633 70.0 夜 0
19.633 20.186 70.0 的 1
20.758 21.035 70.0 昨 0
21.035 21.311 72.0 夜 0
21.311 21.588 70.0 的 0
21.588 22.141 67.0 星 0
22.141 22.694 67.0 辰 0
22.694 23.242 63.0 - 0
23.516 23.79 55.0 已 0
23.79 24.338 63.0 坠 0
24.338 25.16 63.0 - 0
25.16 27.625 58.0 落 1
30.019 30.294 60.0 消 0
30.294 30.568 60.0 失 0
30.568 31.393 63.0 在 0
31.947 32.224 65.0 遥 0
32.224 32.778 72.0 远 0
32.778 33.055 70.0 的 0
33.055 33.332 67.0 银 0
33.332 33.609 67.0 - 0
33.609 37.734 67.0 河 1
38.859 39.134 65.0 想 0
39.134 39.409 65.0 记 0
39.409 39.684 65.0 起 0
39.684 40.234 70.0 - 0
40.784 41.059 67.0 偏 0
41.059 41.334 67.0 又 0
41.334 41.884 67.0 已 0
41.884 42.159 65.0 忘 0
42.159 42.434 63.0 - 0
42.434 45.729 60.0 记 1
46.362 46.635 58.0 那 0
46.635 46.909 58.0 份 0
46.909 48.284 60.0 爱 0
48.559 48.834 60.0 换 0
48.834 49.109 67.0 - 0
49.109 49.934 65.0 来 0
49.934 50.209 67.0 的 0
50.209 50.484 58.0 是 0
50.484 50.759 55.0 - 0
50.759 51.034 58.0 寂 0
51.034 51.309 65.0 - 0
51.309 54.609 63.0 寞 1
55.666 56.491 60.0 爱 0
56.491 56.766 60.0 是 0
56.766 57.04 60.0 不 0
57.04 57.315 63.0 变 0
57.315 57.59 65.0 的 0
57.59 58.138 67.0 星 0
58.138 59.499 60.0 辰 1
60.105 60.93 60.0 爱 0
60.93 61.205 60.0 是 0
61.205 61.48 60.0 永 0
61.48 61.755 63.0 恒 0
61.755 62.03 65.0 的 0
62.03 62.58 67.0 星 0
62.58 63.955 67.0 辰 1
64.329 64.607 67.0 绝 0
64.607 65.164 67.0 不 0
65.164 65.442 65.0 会 0
65.442 65.721 67.0 在 0
65.721 65.999 65.0 - 0
65.999 66.277 65.0 银 0
66.277 66.556 65.0 河 0
66.556 67.107 67.0 - 0
67.383 67.658 67.0 中 0
67.658 68.21 72.0 坠 0
68.21 69.035 67.0 - 0
69.035 72.607 70.0 落 1
73.137 73.413 67.0 常 0
73.413 73.965 70.0 忆 0
73.965 74.241 70.0 着 0
74.241 74.517 70.0 那 0
74.517 74.793 67.0 - 0
74.793 75.069 65.0 份 0
75.069 76.167 67.0 情 0
76.441 76.989 67.0 那 0
76.989 77.263 63.0 份 0
77.263 77.537 65.0 - 0
77.537 80.275 60.0 爱 1
81.939 82.215 55.0 今 0
82.215 82.49 58.0 夜 0
82.49 82.766 60.0 星 0
82.766 83.041 58.0 辰 0
83.041 83.317 60.0 今 0
83.317 83.593 63.0 夜 0
83.593 83.868 65.0 星 0
83.868 84.144 67.0 - 0
84.144 84.691 65.0 辰 1
85.042 85.316 65.0 依 0
85.316 85.59 65.0 然 0
85.59 86.128 65.0 - 0
86.138 86.411 63.0 闪 0
86.411 86.69 60.0 - 0
86.69 90.838 63.0 烁 1
107.061 107.335 70.0 今 0
107.335 107.609 70.0 夜 0
107.609 108.431 70.0 的 1
108.765 109.039 70.0 今 0
109.039 109.313 72.0 夜 0
109.313 109.587 70.0 的 0
109.587 110.136 67.0 星 0
110.136 110.547 65.0 辰 0
110.547 111.235 63.0 - 0
111.511 111.786 55.0 依 0
111.786 112.338 63.0 然 0
112.338 112.889 60.0 闪 0
112.889 113.164 63.0 - 0
113.164 116.193 58.0 烁 1
118.013 118.288 60.0 像 0
118.288 118.564 60.0 眼 0
118.564 118.84 60.0 神 0
118.84 119.391 63.0 - 0
119.934 120.205 65.0 点 0
120.205 120.748 72.0 燃 0
120.748 121.02 70.0 爱 0
121.02 121.291 67.0 的 0
121.291 121.563 67.0 - 0
121.563 125.993 67.0 火 1
126.952 127.227 65.0 想 0
127.227 127.503 65.0 得 0
127.503 127.779 65.0 到 0
127.779 128.33 70.0 - 0
128.877 129.151 67.0 偏 0
129.151 129.424 67.0 又 0
129.424 129.971 67.0 怕 0
129.971 130.245 65.0 失 0
130.245 130.519 65.0 - 0
130.519 133.817 60.0 去 1
134.365 134.641 58.0 那 0
134.641 134.917 58.0 份 0
134.917 136.295 60.0 爱 0
136.571 136.846 60.0 深 0
136.846 137.122 67.0 - 0
137.122 137.939 65.0 深 0
137.939 138.212 67.0 埋 0
138.212 138.757 55.0 在 0
138.757 139.029 58.0 心 0
139.029 139.302 65.0 - 0
139.302 143.147 63.0 窝 1
143.714 144.541 60.0 爱 0
144.541 144.817 60.0 是 0
144.817 145.093 60.0 不 0
145.093 145.368 63.0 变 0
145.368 145.644 65.0 的 0
145.644 146.195 67.0 星 0
146.195 147.574 60.0 辰 1
148.066 148.89 60.0 爱 0
148.89 149.165 60.0 是 0
149.165 149.439 60.0 永 0
149.439 149.714 63.0 恒 0
149.714 149.989 65.0 的 0
149.989 150.538 67.0 星 0
150.538 151.909 67.0 辰 1
152.351 152.627 67.0 绝 0
152.627 153.181 67.0 不 0
153.181 153.458 65.0 会 0
153.458 154.011 67.0 在 0
154.011 154.288 65.0 银 0
154.288 154.565 65.0 河 0
154.565 155.115 67.0 - 0
155.391 155.666 67.0 中 0
155.666 156.217 72.0 坠 0
156.217 157.043 67.0 - 0
157.043 160.627 70.0 落 1
161.18 161.454 67.0 常 0
161.454 162.002 70.0 忆 0
162.002 162.275 70.0 着 0
162.275 162.549 70.0 那 0
162.549 162.823 67.0 - 0
162.823 163.097 65.0 份 0
163.097 163.37 65.0 情 0
163.37 163.922 67.0 - 0
164.473 165.024 67.0 那 0
165.024 165.3 63.0 份 0
165.3 165.576 65.0 - 0
165.576 168.871 60.0 爱 1
170.125 170.401 55.0 今 0
170.401 170.676 58.0 夜 0
170.676 170.952 60.0 星 0
170.952 171.228 58.0 辰 0
171.228 171.503 60.0 今 0
171.503 171.779 63.0 夜 0
171.779 172.055 65.0 星 0
172.055 172.33 67.0 - 0
172.33 172.879 65.0 辰 1
173.068 173.342 65.0 依 0
173.342 173.617 65.0 然 0
173.617 174.166 65.0 - 0
174.166 174.44 63.0 闪 0
174.44 174.716 60.0 - 0
174.716 178.31 63.0 烁 1
