0.788 1.253 66.0 那 0
1.537 1.815 66.0 天 0
1.911 2.189 64.0 - 0
2.286 2.938 62.0 的 0
3.035 3.687 64.0 云 0
3.784 4.062 66.0 是 0
4.159 4.436 69.0 否 0
4.533 4.811 66.0 都 0
4.908 5.185 64.0 已 0
5.282 6.122 66.0 料 1
6.766 7.231 66.0 所 0
7.515 7.793 66.0 以 0
7.89 8.168 64.0 脚 0
8.264 8.636 62.0 步 0
9.014 9.385 69.0 才 0
9.388 9.572 66.0 - 0
9.763 10.134 66.0 轻 0
10.137 10.321 64.0 - 0
10.512 11.819 64.0 巧 1
12.847 13.218 66.0 以 0
13.221 13.593 69.0 - 0
13.596 13.967 62.0 免 0
13.97 14.342 59.0 打 0
14.345 15.091 57.0 扰 1
15.36 15.637 59.0 我 0
15.734 16.293 62.0 - 0
16.483 16.761 59.0 的 0
16.858 17.229 62.0 - 0
17.232 18.353 64.0 时 1
18.888 19.353 64.0 因 0
19.637 20.009 64.0 为 0
20.012 20.29 59.0 - 0
20.386 21.039 62.0 定 0
21.136 21.507 59.0 那 0
21.51 21.788 57.0 - 0
21.885 23.66 57.0 少 1
24.731 25.477 69.0 风 0
25.48 26.6 64.0 - 0
26.978 27.63 66.0 吹 0
27.727 28.192 64.0 - 0
28.476 28.848 64.0 白 0
28.851 29.128 62.0 - 0
29.225 29.878 59.0 - 0
29.974 30.346 57.0 云 1
30.705 31.17 66.0 你 0
31.454 31.826 66.0 到 0
31.829 32.2 64.0 - 0
32.203 32.762 62.0 - 0
32.953 33.324 69.0 里 0
33.327 33.511 66.0 - 0
33.702 34.073 66.0 去 0
34.076 34.26 64.0 - 0
34.451 35.758 64.0 了 1
36.722 37.0 66.0 想 0
37.096 37.374 69.0 - 0
37.471 37.749 62.0 你 0
37.845 38.123 59.0 的 0
38.22 38.966 57.0 时 1
39.554 39.926 59.0 哦 0
39.929 40.675 62.0 抬 0
40.678 41.049 59.0 头 0
41.053 41.424 62.0 微 0
41.427 42.548 64.0 笑 0
42.878 43.812 64.0 知 0
44.002 44.373 59.0 道 0
44.377 45.122 62.0 不 0
45.126 45.497 59.0 知 0
45.5 45.778 57.0 - 0
45.875 48.119 57.0 道 1
83.649 84.114 66.0 那 0
84.398 84.676 66.0 天 0
84.773 85.05 64.0 - 0
85.147 85.799 62.0 的 0
85.896 86.549 64.0 云 0
86.645 86.923 66.0 是 0
87.02 87.298 69.0 否 0
87.394 87.672 66.0 都 0
87.769 88.047 64.0 已 0
88.143 88.983 66.0 料 1
89.689 90.154 66.0 所 0
90.438 90.715 66.0 以 0
90.812 91.09 64.0 - 0
91.187 91.558 62.0 脚 0
91.936 92.307 69.0 才 0
92.31 92.494 66.0 - 0
92.685 93.056 66.0 轻 0
93.059 93.243 64.0 - 0
93.434 94.742 64.0 巧 1
95.766 96.137 66.0 以 0
96.141 96.512 69.0 免 0
96.515 96.887 62.0 打 0
96.89 97.261 59.0 扰 0
97.264 98.01 57.0 到 1
98.423 98.701 59.0 我 0
98.797 99.356 62.0 们 0
99.546 99.824 59.0 的 0
99.921 100.292 62.0 时 0
100.295 101.416 64.0 光 1
101.617 102.082 64.0 因 0
102.366 102.737 64.0 为 0
102.74 103.018 59.0 - 0
103.115 103.767 62.0 定 0
103.864 104.235 59.0 那 0
104.238 104.516 57.0 - 0
104.613 106.389 57.0 少 1
107.696 108.442 69.0 风 0
108.445 109.566 64.0 - 0
109.943 110.596 66.0 吹 0
110.692 111.157 64.0 着 0
111.441 111.813 64.0 白 0
111.816 112.094 62.0 - 0
112.19 112.843 59.0 云 0
112.94 113.311 57.0 飘 1
113.767 114.186 66.0 你 0
114.47 114.841 66.0 到 0
114.844 115.216 64.0 - 0
115.219 115.777 62.0 哪 0
115.968 116.339 69.0 里 0
116.342 116.526 66.0 - 0
116.717 117.088 66.0 去 0
117.091 117.276 64.0 - 0
117.466 118.774 64.0 了 1
119.692 119.97 66.0 想 0
120.067 120.344 69.0 你 0
120.441 120.719 62.0 的 0
120.816 121.093 59.0 时 0
121.19 121.936 57.0 候 1
122.423 122.794 59.0 哦 0
122.797 123.543 62.0 抬 0
123.546 123.918 59.0 头 0
123.921 124.292 62.0 微 0
124.295 125.416 64.0 笑 0
125.747 126.68 64.0 知 0
126.87 127.242 59.0 道 0
127.245 127.991 62.0 不 0
127.994 128.365 59.0 知 0
128.368 128.646 57.0 - 0
128.743 130.987 57.0 道 1
