41.488 41.913 55.0 日 0
41.913 42.339 57.0 出 0
42.339 43.586 60.0 嵩 0
43.586 44.002 67.0 山 0
44.002 45.279 64.0 坳 0
45.279 47.394 64.0 - 1
48.203 48.625 55.0 晨 0
48.625 49.047 57.0 钟 0
49.047 50.295 60.0 惊 0
50.295 50.71 67.0 飞 0
50.71 51.986 62.0 鸟 0
51.986 54.512 62.0 - 1
55.024 55.447 64.0 林 0
55.447 55.869 67.0 - 0
55.869 57.532 69.0 间 0
58.389 58.818 64.0 小 0
58.818 59.246 67.0 溪 0
59.246 60.085 60.0 水 0
60.504 60.924 64.0 潺 0
60.924 61.77 62.0 潺 0
61.77 62.404 57.0 - 1
63.019 63.859 62.0 坡 0
63.859 64.279 64.0 上 0
64.279 64.699 62.0 青 0
64.699 65.119 62.0 青 0
65.119 65.54 59.0 - 0
65.54 65.96 57.0 - 0
65.96 67.656 55.0 草 1
68.395 68.815 67.0 野 0
68.815 69.235 69.0 果 0
69.235 70.496 72.0 香 0
70.496 73.022 72.0 - 0
73.443 73.863 64.0 山 0
73.863 74.284 72.0 花 0
74.284 75.546 71.0 俏 0
75.546 77.653 71.0 - 1
78.636 79.059 69.0 狗 0
79.059 79.482 64.0 儿 0
79.482 80.323 62.0 跳 0
81.165 81.585 64.0 羊 0
81.585 82.425 71.0 - 0
82.425 82.845 69.0 儿 0
82.845 84.954 67.0 跑 1
85.297 85.718 67.0 举 0
85.718 86.14 69.0 起 0
86.14 87.401 72.0 鞭 0
87.401 87.822 69.0 - 0
87.822 89.928 72.0 儿 0
90.349 90.77 64.0 轻 0
90.77 91.192 72.0 轻 0
91.192 92.458 71.0 摇 0
92.458 94.555 71.0 - 1
95.466 95.889 69.0 小 0
95.889 96.313 64.0 曲 0
96.313 97.156 62.0 满 0
97.578 98.0 64.0 山 0
98.0 99.263 67.0 飘 0
100.107 100.529 62.0 满 0
100.529 100.951 62.0 山 0
100.951 101.374 57.0 - 0
101.374 104.314 60.0 飘 1
146.018 146.444 55.0 莫 0
146.444 146.869 57.0 道 0
146.869 148.123 60.0 女 0
148.123 148.541 64.0 儿 0
148.541 149.818 64.0 娇 0
149.818 151.907 64.0 - 1
152.686 153.114 55.0 无 0
153.114 153.542 57.0 暇 0
153.542 154.789 60.0 有 0
154.789 155.205 64.0 奇 0
155.205 156.481 62.0 巧 0
156.481 158.569 62.0 - 1
159.416 159.842 64.0 冬 0
159.842 160.267 67.0 - 0
160.267 161.93 69.0 去 0
162.786 163.213 64.0 春 0
163.213 163.641 67.0 来 0
163.641 164.9 60.0 十 0
164.9 165.32 64.0 六 0
165.32 166.165 59.0 载 0
166.165 167.011 57.0 - 1
167.475 168.314 62.0 黄 0
168.314 168.734 64.0 花 0
168.734 169.156 62.0 正 0
169.156 169.578 62.0 年 0
169.578 170.0 59.0 - 0
170.0 170.422 57.0 - 0
170.422 172.12 55.0 少 1
172.88 173.297 67.0 腰 0
173.297 173.713 69.0 身 0
173.713 174.985 72.0 壮 0
174.985 177.516 72.0 - 0
177.935 178.354 64.0 胆 0
178.354 178.773 72.0 气 0
178.773 180.034 71.0 豪 0
180.034 182.15 71.0 - 1
182.919 183.341 67.0 常 0
183.341 183.763 64.0 练 0
183.763 185.022 62.0 武 0
185.441 185.863 64.0 勤 0
185.863 186.706 71.0 - 0
186.706 187.127 69.0 操 0
187.127 189.238 67.0 劳 1
189.688 190.106 67.0 耕 0
190.106 190.524 69.0 田 0
190.524 191.788 72.0 放 0
191.788 192.209 69.0 - 0
192.209 194.318 72.0 牧 0
194.74 195.162 64.0 打 0
195.162 195.585 71.0 豺 0
195.585 196.842 71.0 狼 0
196.842 198.946 71.0 - 1
199.925 200.348 69.0 风 0
200.348 200.772 64.0 雨 0
200.772 202.029 62.0 一 0
202.029 202.448 64.0 肩 0
202.448 203.717 67.0 挑 0
204.56 204.979 62.0 一 0
204.979 205.398 62.0 肩 0
205.398 205.817 57.0 - 0
205.817 207.926 60.0 挑 1
208.189 208.611 69.0 风 0
208.611 209.033 64.0 雨 0
209.033 210.289 62.0 一 0
210.289 210.707 64.0 肩 0
210.707 211.965 67.0 挑 0
212.818 213.252 62.0 一 0
213.252 213.686 62.0 肩 0
213.686 214.12 57.0 - 0
214.12 216.585 60.0 挑 1
217.604 218.836 62.0 一 0
219.247 220.089 62.0 肩 0
220.089 220.93 57.0 - 0
220.93 224.224 60.0 挑 1
