36.614 36.791 64.0 神 0
36.791 36.968 65.0 秘 0
36.968 37.144 65.0 北 0
37.144 37.321 65.0 极 0
37.321 37.675 65.0 圈 1
37.757 37.933 65.0 阿 0
37.933 38.11 65.0 拉 0
38.11 38.287 65.0 斯 0
38.287 38.464 65.0 加 0
38.464 38.641 65.0 的 0
38.641 38.817 65.0 山 0
38.817 39.524 65.0 巅 1
39.589 39.943 64.0 谁 0
39.943 40.12 64.0 的 0
40.12 40.473 64.0 脸 1
40.526 40.703 64.0 出 0
40.703 40.879 64.0 现 0
40.879 41.233 65.0 海 0
41.233 41.41 65.0 角 0
41.41 41.586 67.0 的 0
41.586 41.94 65.0 天 0
41.94 42.293 65.0 边 1
42.324 42.501 57.0 忽 0
42.501 42.678 65.0 然 0
42.678 42.855 65.0 的 0
42.855 43.032 65.0 瞬 0
43.032 43.385 65.0 间 1
43.422 43.599 65.0 在 0
43.599 43.776 65.0 那 0
43.776 43.952 65.0 遥 0
43.952 44.129 65.0 远 0
44.129 44.306 65.0 的 0
44.306 44.483 65.0 地 0
44.483 45.19 65.0 点 1
45.212 45.565 64.0 我 0
45.565 45.742 64.0 看 0
45.742 46.095 64.0 见 1
46.189 46.366 64.0 恋 0
46.366 46.543 64.0 人 0
46.543 46.896 65.0 幸 0
46.896 47.073 65.0 福 0
47.073 47.25 67.0 的 0
47.25 47.603 65.0 光 0
47.603 47.957 65.0 点 1
48.074 48.781 69.0 灵 0
48.781 49.488 65.0 魂 1
49.506 49.859 65.0 在 0
49.859 50.036 58.0 招 0
50.036 50.478 65.0 唤 1
50.815 50.992 64.0 唱 0
50.992 51.169 64.0 着 0
51.169 51.345 64.0 古 0
51.345 51.876 64.0 老 1
51.899 52.075 64.0 陌 0
52.075 52.252 64.0 生 0
52.252 52.606 65.0 熟 0
52.606 52.782 65.0 悉 0
52.782 52.959 67.0 的 0
52.959 53.313 65.0 歌 0
53.313 53.666 65.0 谣 1
53.732 54.439 69.0 天 0
54.439 55.146 65.0 空 0
55.146 55.5 65.0 在 0
55.5 55.677 58.0 微 0
55.677 56.207 65.0 笑 1
56.396 56.573 64.0 我 0
56.573 56.75 64.0 的 0
56.75 56.927 64.0 世 0
56.927 57.457 64.0 界 1
57.504 57.858 64.0 缤 0
57.858 58.211 65.0 纷 0
58.211 58.565 67.0 闪 0
58.565 59.183 65.0 耀 1
59.341 59.517 69.0 爱 0
59.517 59.694 69.0 是 0
59.694 59.871 69.0 一 0
59.871 60.048 69.0 道 0
60.048 60.755 69.0 光 1
60.816 60.992 72.0 如 0
60.992 61.169 72.0 此 0
61.169 61.523 72.0 美 0
61.523 62.053 72.0 妙 1
62.181 62.534 67.0 指 0
62.534 62.711 67.0 引 0
62.711 62.888 67.0 我 0
62.888 63.241 65.0 - 0
63.241 63.595 65.0 们 1
63.61 63.963 72.0 想 0
63.963 64.14 72.0 要 0
64.14 64.317 74.0 的 0
64.317 64.67 67.0 未 0
64.67 65.024 67.0 来 1
65.036 65.213 69.0 魔 0
65.213 65.39 69.0 力 0
65.39 65.566 69.0 北 0
65.566 65.743 69.0 极 0
65.743 66.362 65.0 光 1
66.385 66.562 69.0 奇 0
66.562 66.739 69.0 幻 0
66.739 66.915 69.0 的 0
66.915 67.092 69.0 预 0
67.092 67.711 65.0 言 1
67.792 68.146 67.0 赶 0
68.146 68.322 67.0 快 0
68.322 68.853 67.0 去 0
68.853 69.03 65.0 找 0
69.03 69.206 65.0 不 0
69.206 69.56 69.0 思 0
69.56 69.913 69.0 议 0
69.913 70.267 67.0 的 0
70.267 70.62 67.0 爱 1
70.686 70.863 67.0 爱 0
70.863 71.04 69.0 是 0
71.04 71.217 69.0 一 0
71.217 71.393 69.0 道 0
71.393 72.012 69.0 光 1
72.091 72.268 72.0 如 0
72.268 72.445 72.0 此 0
72.445 72.799 72.0 美 0
72.799 73.417 72.0 妙 1
73.511 73.864 67.0 照 0
73.864 74.041 67.0 亮 0
74.041 74.218 67.0 我 0
74.218 74.571 65.0 - 0
74.571 74.925 65.0 们 1
74.938 75.291 72.0 勇 0
75.291 75.468 72.0 气 0
75.468 75.645 74.0 的 0
75.645 75.998 67.0 未 0
75.998 76.352 67.0 来 1
76.369 76.546 69.0 魔 0
76.546 76.722 69.0 力 0
76.722 76.899 69.0 北 0
76.899 77.076 69.0 极 0
77.076 77.694 65.0 光 1
77.757 77.934 69.0 传 0
77.934 78.11 69.0 说 0
78.11 78.287 69.0 的 0
78.287 78.464 69.0 预 0
78.464 79.083 65.0 言 1
79.196 79.549 67.0 原 0
79.549 79.726 67.0 来 0
79.726 80.257 67.0 就 0
80.257 80.61 65.0 是 1
80.623 80.977 69.0 恋 0
80.977 81.33 69.0 人 0
81.33 81.684 69.0 的 0
81.684 82.037 65.0 眼 0
82.037 83.805 65.0 光 1
104.611 104.964 57.0 沉 0
104.964 105.141 65.0 默 0
105.141 105.317 65.0 一 0
105.317 105.671 65.0 眨 0
105.671 105.847 65.0 眼 1
105.866 106.043 65.0 一 0
106.043 106.219 65.0 万 0
106.219 106.396 65.0 年 0
106.396 106.573 65.0 外 0
106.573 106.749 65.0 的 0
106.749 107.456 65.0 光 0
107.456 107.544 62.0 年 1
107.555 107.996 64.0 我 0
107.996 108.35 64.0 相 0
108.526 108.703 64.0 信 1
108.703 108.879 64.0 未 0
108.879 108.968 64.0 来 0
108.968 109.233 65.0 其 0
109.233 109.409 65.0 实 0
109.409 109.586 67.0 并 0
109.586 109.939 65.0 不 0
109.939 110.292 65.0 远 1
110.292 110.469 57.0 哭 0
110.469 110.645 65.0 泣 0
110.645 110.822 65.0 的 0
110.822 110.998 65.0 眼 0
110.998 111.528 65.0 泪 1
111.528 111.705 65.0 是 0
111.705 111.881 65.0 喜 0
111.881 112.058 65.0 悦 0
112.058 112.235 65.0 的 0
112.235 112.411 65.0 赞 0
112.411 113.118 65.0 美 1
113.119 113.472 64.0 是 0
113.472 113.648 64.0 因 0
113.648 114.002 64.0 为 1
114.002 114.179 64.0 有 0
114.179 114.355 64.0 你 0
114.355 114.709 65.0 能 0
114.709 114.885 65.0 展 0
114.885 115.062 67.0 翅 0
115.062 115.415 65.0 高 0
115.415 115.768 65.0 飞 1
115.831 116.538 69.0 灵 0
116.538 117.244 65.0 魂 1
117.275 117.628 65.0 在 0
117.628 117.805 58.0 招 0
117.805 118.246 65.0 唤 1
118.576 118.752 64.0 唱 0
118.752 118.929 64.0 着 0
118.929 119.105 64.0 古 0
119.105 119.635 64.0 老 1
119.759 119.936 64.0 陌 0
119.936 120.112 64.0 生 0
120.112 120.466 65.0 熟 0
120.466 120.642 65.0 悉 0
120.642 120.819 67.0 的 0
120.819 121.172 65.0 歌 0
121.172 121.525 65.0 谣 1
121.545 122.252 69.0 天 0
122.252 122.958 65.0 空 0
122.958 123.311 72.0 在 0
123.311 123.488 70.0 微 0
123.488 124.018 69.0 笑 1
124.04 124.216 67.0 我 0
124.216 124.393 65.0 的 0
124.393 124.569 67.0 世 0
124.569 124.746 65.0 界 1
124.749 124.925 67.0 缤 0
124.925 125.455 65.0 纷 0
125.455 125.808 69.0 闪 0
125.808 126.868 65.0 耀 1
127.236 127.413 69.0 爱 0
127.413 127.589 69.0 是 0
127.589 127.766 69.0 一 0
127.766 127.943 69.0 道 0
127.943 128.649 69.0 光 1
128.658 128.835 72.0 如 0
128.835 129.011 72.0 此 0
129.011 129.364 72.0 美 0
129.364 129.894 72.0 妙 1
130.072 130.425 67.0 指 0
130.425 130.602 67.0 引 0
130.602 130.778 67.0 我 0
130.778 131.131 65.0 - 0
131.131 131.485 65.0 们 1
131.486 131.839 72.0 想 0
131.839 132.015 72.0 要 0
132.015 132.192 74.0 的 0
132.192 132.545 67.0 未 0
132.545 132.898 67.0 来 1
132.9 133.077 67.0 魔 0
133.077 133.253 69.0 力 0
133.253 133.43 69.0 北 0
133.43 133.607 69.0 极 0
133.607 134.225 65.0 光 1
134.241 134.418 69.0 奇 0
134.418 134.594 69.0 幻 0
134.594 134.771 69.0 的 0
134.771 134.947 69.0 预 0
134.947 135.566 65.0 言 1
135.611 135.964 67.0 赶 0
135.964 136.141 67.0 快 0
136.141 136.67 67.0 去 0
136.67 136.847 65.0 找 0
136.847 137.024 65.0 不 0
137.024 137.377 69.0 思 0
137.377 137.73 69.0 议 0
137.73 138.083 67.0 的 0
138.083 138.436 67.0 爱 1
138.509 138.686 67.0 爱 0
138.686 138.863 69.0 是 0
138.863 139.039 69.0 一 0
139.039 139.216 69.0 道 0
139.216 139.834 69.0 光 1
139.868 140.045 72.0 如 0
140.045 140.221 72.0 此 0
140.221 140.574 72.0 美 0
140.574 141.193 72.0 妙 1
141.264 141.617 67.0 照 0
141.617 141.794 67.0 亮 0
141.794 141.97 67.0 我 0
141.97 142.323 65.0 - 0
142.323 142.677 65.0 们 1
142.73 143.083 72.0 勇 0
143.083 143.259 72.0 气 0
143.259 143.436 74.0 的 0
143.436 143.789 67.0 未 0
143.789 144.142 67.0 来 1
144.191 144.368 67.0 魔 0
144.368 144.545 69.0 力 0
144.545 144.721 69.0 北 0
144.721 144.898 69.0 极 0
144.898 145.516 65.0 光 1
145.604 145.781 69.0 传 0
145.781 145.957 69.0 说 0
145.957 146.134 69.0 的 0
146.134 146.311 69.0 预 0
146.311 146.929 65.0 言 1
146.945 147.298 67.0 原 0
147.298 147.475 67.0 来 0
147.475 148.004 67.0 就 0
148.004 148.358 65.0 是 1
148.425 148.778 69.0 恋 0
148.778 149.131 69.0 人 0
149.131 149.484 69.0 的 0
149.484 149.837 65.0 眼 1
149.852 150.559 69.0 红 0
150.559 151.265 69.0 橙 0
151.265 151.618 65.0 黄 0
151.618 151.795 67.0 绿 0
151.795 152.678 69.0 蓝 1
152.678 153.031 72.0 五 0
153.031 153.384 70.0 彩 0
153.384 153.738 69.0 的 0
153.738 154.091 67.0 欧 0
154.091 154.621 69.0 若 0
154.621 154.797 67.0 - 0
154.797 155.415 67.0 拉 1
155.466 156.173 69.0 爱 0
156.173 156.879 69.0 就 0
156.879 157.232 65.0 在 0
157.232 157.409 67.0 心 0
157.409 158.115 69.0 中 1
158.276 158.453 67.0 相 0
158.453 158.629 67.0 信 0
158.629 158.806 67.0 就 0
158.806 159.336 67.0 会 0
159.336 159.512 67.0 存 0
159.512 160.748 65.0 在 1
160.983 161.689 69.0 红 0
161.689 162.395 69.0 橙 0
162.395 162.748 65.0 黄 0
162.748 162.925 67.0 绿 0
162.925 163.808 69.0 蓝 1
163.937 164.29 72.0 美 0
164.29 164.643 74.0 丽 0
164.643 164.997 69.0 的 0
164.997 165.35 67.0 欧 0
165.35 165.88 69.0 若 0
165.88 166.056 67.0 - 0
166.056 166.674 67.0 拉 1
166.769 167.475 69.0 爱 0
167.475 168.181 69.0 就 0
168.181 168.535 65.0 在 0
168.535 168.711 67.0 心 0
168.711 169.418 69.0 中 1
169.579 169.756 67.0 相 0
169.756 169.932 67.0 信 0
169.932 170.109 67.0 就 0
170.109 170.639 67.0 是 0
170.639 170.815 67.0 永 0
170.815 172.051 65.0 远 1
194.874 195.05 69.0 爱 0
195.05 195.227 69.0 是 0
195.227 195.404 69.0 一 0
195.404 195.58 69.0 道 0
195.58 196.287 69.0 光 1
196.32 196.496 72.0 如 0
196.496 196.673 72.0 此 0
196.673 197.026 72.0 美 0
197.026 197.556 72.0 妙 1
197.721 198.075 67.0 指 0
198.075 198.251 67.0 引 0
198.251 198.428 67.0 我 0
198.428 198.781 65.0 - 0
198.781 199.134 65.0 们 1
199.153 199.506 72.0 想 0
199.506 199.683 72.0 要 0
199.683 199.859 74.0 的 0
199.859 200.213 67.0 未 0
200.213 200.566 67.0 来 1
200.625 200.801 67.0 魔 0
200.801 200.978 69.0 力 0
200.978 201.155 69.0 北 0
201.155 201.331 69.0 极 0
201.331 201.949 65.0 光 1
202.087 202.263 67.0 奇 0
202.263 202.44 69.0 幻 0
202.44 202.616 69.0 的 0
202.616 202.793 69.0 预 0
202.793 203.411 65.0 言 1
203.538 203.892 67.0 赶 0
203.892 204.068 67.0 快 0
204.068 204.598 67.0 去 0
204.598 204.775 65.0 找 0
204.775 204.951 65.0 不 0
204.951 205.304 69.0 思 0
205.304 205.658 69.0 议 0
205.658 206.011 67.0 的 0
206.011 206.364 67.0 爱 1
206.367 206.544 69.0 爱 0
206.544 206.72 69.0 是 0
206.72 206.897 69.0 一 0
206.897 207.073 69.0 道 0
207.073 207.691 69.0 光 1
207.746 207.922 72.0 如 0
207.922 208.099 72.0 此 0
208.099 208.452 72.0 美 0
208.452 209.07 72.0 妙 1
209.104 209.458 67.0 照 0
209.458 209.634 67.0 亮 0
209.634 209.811 67.0 我 0
209.811 210.164 65.0 - 0
210.164 210.517 65.0 们 1
210.523 210.876 72.0 勇 0
210.876 211.053 72.0 气 0
211.053 211.23 74.0 的 0
211.23 211.583 67.0 未 0
211.583 211.936 67.0 来 1
211.937 212.114 69.0 魔 0
212.114 212.29 69.0 力 0
212.29 212.467 69.0 北 0
212.467 212.643 69.0 极 0
212.643 213.261 65.0 光 1
213.376 213.552 67.0 传 0
213.552 213.729 69.0 说 0
213.729 213.906 69.0 的 0
213.906 214.082 69.0 预 0
214.082 214.7 65.0 言 1
214.726 215.08 67.0 原 0
215.08 215.256 67.0 来 0
215.256 215.786 67.0 就 0
215.786 216.139 65.0 是 1
216.253 216.606 69.0 恋 0
216.606 216.96 69.0 人 0
216.96 217.313 69.0 的 0
217.313 217.666 65.0 眼 1
217.667 218.373 69.0 红 0
218.373 219.08 69.0 橙 0
219.08 219.433 65.0 黄 0
219.433 219.61 67.0 绿 0
219.61 220.493 69.0 蓝 1
220.493 220.846 72.0 五 0
220.846 221.199 70.0 彩 0
221.199 221.552 69.0 的 0
221.552 221.905 67.0 欧 0
221.905 222.435 69.0 若 0
222.435 222.612 67.0 - 0
222.612 223.23 67.0 拉 1
223.301 224.007 69.0 爱 0
224.007 224.714 69.0 就 0
224.714 225.067 65.0 在 0
225.067 225.244 67.0 心 0
225.244 225.95 69.0 中 1
226.127 226.303 67.0 相 0
226.303 226.48 67.0 信 0
226.48 226.656 67.0 就 0
226.656 227.186 67.0 会 0
227.186 227.363 69.0 存 0
227.363 228.599 65.0 在 1
228.772 229.478 69.0 红 0
229.478 230.185 69.0 橙 0
230.185 230.538 65.0 黄 0
230.538 230.715 67.0 绿 0
230.715 231.598 69.0 蓝 1
231.635 231.988 72.0 美 0
231.988 232.341 74.0 丽 0
232.341 232.694 69.0 的 0
232.694 233.047 67.0 欧 0
233.047 233.577 69.0 若 0
233.577 233.754 67.0 - 0
233.754 234.372 67.0 拉 1
234.494 235.201 69.0 爱 0
235.201 235.907 69.0 就 0
235.907 236.26 65.0 在 0
236.26 236.437 67.0 心 0
236.437 237.143 69.0 中 1
237.34 237.516 67.0 相 0
237.516 237.693 67.0 信 0
237.693 237.869 67.0 就 0
237.869 238.399 67.0 是 0
238.399 238.576 67.0 永 0
238.576 239.812 65.0 远 1
