8.403 8.519 55.0 还 0
8.634 8.865 55.0 记 0
8.865 9.095 57.0 得 0
9.095 9.326 60.0 那 0
9.326 9.442 62.0 场 0
9.557 10.018 64.0 音 0
10.018 10.076 67.0 乐 0
10.076 10.653 67.0 会 0
10.711 10.941 64.0 的 0
10.941 11.172 62.0 烟 0
11.172 11.403 62.0 火 0
11.403 11.807 60.0 - 1
12.187 12.418 60.0 还 0
12.418 12.648 62.0 记 0
12.648 12.879 60.0 得 0
12.879 13.11 59.0 那 0
13.11 13.283 60.0 个 0
13.341 13.802 65.0 凉 0
13.802 14.033 57.0 凉 0
14.033 14.494 60.0 的 0
14.494 14.956 64.0 深 0
14.956 15.187 64.0 秋 0
15.187 15.648 62.0 - 1
15.866 16.096 62.0 还 0
16.096 16.327 64.0 记 0
16.327 16.558 62.0 得 0
16.558 16.789 61.0 人 0
16.789 17.019 62.0 潮 0
17.019 17.481 67.0 把 0
17.481 17.712 59.0 你 0
17.712 18.173 62.0 推 0
18.173 18.404 64.0 向 0
18.404 18.635 62.0 了 0
18.635 18.865 62.0 我 0
18.865 19.327 60.0 - 1
19.539 19.77 60.0 游 0
19.77 20.001 62.0 乐 0
20.001 20.232 60.0 园 0
20.232 20.462 59.0 拥 0
20.462 20.693 60.0 挤 0
20.693 21.155 65.0 的 0
21.155 21.385 57.0 正 0
21.385 21.847 60.0 是 0
21.847 22.308 55.0 时 0
22.308 22.539 57.0 候 0
22.539 23.0 55.0 - 1
23.259 23.49 55.0 一 0
23.49 23.721 55.0 个 0
23.721 23.951 57.0 夜 0
23.951 24.182 60.0 晚 0
24.182 24.413 62.0 坚 0
24.413 24.874 64.0 持 0
24.874 25.105 69.0 不 0
25.105 25.567 67.0 睡 0
25.567 25.797 64.0 的 0
25.797 26.028 62.0 等 0
26.028 26.259 62.0 候 0
26.259 26.663 60.0 - 1
26.976 27.207 60.0 一 0
27.207 27.437 62.0 起 0
27.437 27.668 60.0 泡 0
27.668 27.899 59.0 温 0
27.899 28.072 60.0 泉 0
28.13 28.591 65.0 奢 0
28.591 28.822 57.0 侈 0
28.822 29.283 60.0 的 0
29.283 29.745 64.0 享 0
29.745 29.975 64.0 受 0
29.975 30.437 62.0 - 1
30.502 30.732 62.0 有 0
30.732 30.963 64.0 一 0
30.963 31.194 62.0 次 0
31.194 31.425 61.0 日 0
31.425 31.655 62.0 记 0
31.655 32.117 67.0 里 0
32.117 32.348 59.0 愚 0
32.348 32.809 62.0 蠢 0
32.809 33.04 64.0 的 0
33.04 33.27 62.0 困 0
33.27 34.136 60.0 惑 1
34.385 34.616 60.0 因 0
34.616 34.847 62.0 为 0
34.847 35.078 60.0 你 0
35.078 35.308 59.0 的 0
35.308 35.539 60.0 微 0
35.539 36.001 65.0 笑 0
36.001 36.231 57.0 幻 0
36.231 36.693 60.0 化 0
36.693 37.154 62.0 成 0
37.154 37.385 62.0 风 0
37.385 37.846 60.0 - 1
37.905 38.136 64.0 你 0
38.136 38.367 65.0 大 0
38.367 38.597 64.0 大 0
38.597 38.828 62.0 的 0
38.828 39.059 64.0 勇 0
39.059 39.52 65.0 敢 0
39.52 39.751 64.0 保 0
39.751 40.212 62.0 护 0
40.212 40.674 64.0 着 0
40.674 40.905 64.0 我 0
40.905 41.366 65.0 - 1
41.74 41.971 65.0 我 0
41.971 42.201 67.0 小 0
42.201 42.432 65.0 小 0
42.432 42.663 67.0 的 0
42.663 42.894 65.0 关 0
42.894 43.355 64.0 怀 0
43.355 43.586 62.0 喋 0
43.586 44.047 60.0 喋 0
44.047 44.509 62.0 不 0
44.509 44.739 62.0 休 0
44.739 45.201 64.0 - 1
45.435 45.665 64.0 感 0
45.665 45.896 64.0 谢 0
45.896 46.127 62.0 我 0
46.127 46.358 61.0 们 0
46.358 46.588 64.0 一 0
46.588 47.05 64.0 起 0
47.05 47.28 62.0 走 0
47.28 47.742 62.0 了 0
47.742 47.973 62.0 那 0
47.973 48.203 61.0 么 0
48.203 49.126 62.0 久 1
49.13 49.361 62.0 又 0
49.361 49.592 62.0 再 0
49.592 49.823 64.0 一 0
49.823 50.053 66.0 起 0
50.053 50.284 62.0 回 0
50.284 50.745 69.0 到 0
50.745 50.976 67.0 凉 0
50.976 51.438 67.0 凉 0
51.438 51.899 66.0 深 0
51.899 52.822 67.0 秋 1
52.829 53.06 64.0 给 0
53.06 53.291 65.0 你 0
53.291 53.521 64.0 我 0
53.521 53.752 65.0 的 0
53.752 54.56 67.0 手 1
54.618 54.849 64.0 像 0
54.849 55.079 65.0 温 0
55.079 55.31 64.0 柔 0
55.31 55.541 65.0 野 0
55.541 56.233 67.0 兽 1
56.441 56.672 67.0 把 0
56.672 56.902 69.0 自 0
56.902 57.133 67.0 由 0
57.133 57.364 69.0 交 0
57.364 57.595 71.0 给 0
57.595 58.056 72.0 草 0
58.056 58.287 64.0 原 0
58.287 58.748 64.0 的 0
58.748 59.21 69.0 辽 0
59.21 60.594 67.0 阔 1
60.619 60.85 60.0 我 0
60.85 61.081 62.0 们 0
61.081 61.311 60.0 小 0
61.311 61.773 65.0 手 0
61.773 62.003 64.0 拉 0
62.003 62.465 62.0 大 0
62.465 63.099 60.0 手 1
63.198 63.429 64.0 一 0
63.429 63.89 64.0 起 0
63.89 64.352 62.0 交 0
64.352 64.813 60.0 游 1
64.817 65.048 60.0 今 0
65.048 65.509 62.0 天 0
65.509 65.74 57.0 别 0
65.74 66.202 60.0 想 0
66.202 66.663 64.0 太 0
66.663 67.528 67.0 多 1
67.586 67.817 64.0 你 0
67.817 68.048 65.0 是 0
68.048 68.278 64.0 我 0
68.278 68.509 65.0 的 0
68.509 69.317 67.0 梦 1
69.367 69.598 64.0 像 0
69.598 69.828 65.0 北 0
69.828 70.059 64.0 方 0
70.059 70.29 65.0 的 0
70.29 70.521 65.0 风 0
70.521 70.982 67.0 - 1
71.183 71.414 67.0 吹 0
71.414 71.644 69.0 着 0
71.644 71.875 67.0 南 0
71.875 72.106 69.0 方 0
72.106 72.336 71.0 暖 0
72.336 72.798 72.0 洋 0
72.798 73.029 64.0 洋 0
73.029 73.49 64.0 的 0
73.49 73.952 69.0 哀 0
73.952 75.336 67.0 愁 1
75.456 75.687 60.0 我 0
75.687 75.917 62.0 们 0
75.917 76.148 60.0 小 0
76.148 76.61 65.0 手 0
76.61 76.84 64.0 拉 0
76.84 77.302 62.0 大 0
77.302 77.936 60.0 手 1
77.936 78.167 64.0 今 0
78.167 78.628 64.0 天 0
78.628 79.09 62.0 加 0
79.09 79.551 60.0 油 0
79.551 79.782 60.0 向 0
79.782 80.243 62.0 昨 0
80.243 80.474 57.0 天 0
80.474 80.936 60.0 挥 0
80.936 81.397 62.0 挥 0
81.397 83.474 60.0 手 1
84.063 84.178 55.0 还 0
84.294 84.524 55.0 记 0
84.524 84.755 57.0 得 0
84.755 84.986 60.0 那 0
84.986 85.101 62.0 场 0
85.217 85.678 64.0 音 0
85.678 85.736 67.0 乐 0
85.736 86.313 67.0 会 0
86.37 86.601 64.0 的 0
86.601 86.832 62.0 烟 0
86.832 87.062 62.0 火 0
87.062 87.466 60.0 - 1
87.896 88.126 60.0 还 0
88.126 88.357 62.0 记 0
88.357 88.588 60.0 得 0
88.588 88.819 59.0 那 0
88.819 88.992 60.0 个 0
89.049 89.511 65.0 凉 0
89.511 89.741 57.0 凉 0
89.741 90.203 60.0 的 0
90.203 90.664 64.0 深 0
90.664 90.895 64.0 秋 0
90.895 91.357 62.0 - 1
91.511 91.742 62.0 还 0
91.742 91.973 64.0 记 0
91.973 92.204 62.0 得 0
92.204 92.434 61.0 人 0
92.434 92.665 62.0 潮 0
92.665 93.126 67.0 把 0
93.126 93.357 59.0 你 0
93.357 93.819 62.0 推 0
93.819 94.049 64.0 向 0
94.049 94.28 62.0 了 0
94.28 94.511 62.0 我 0
94.511 94.972 60.0 - 1
95.272 95.503 60.0 游 0
95.503 95.734 62.0 乐 0
95.734 95.964 60.0 园 0
95.964 96.195 59.0 拥 0
96.195 96.426 60.0 挤 0
96.426 96.887 65.0 的 0
96.887 97.118 57.0 正 0
97.118 97.579 60.0 是 0
97.579 98.041 55.0 时 0
98.041 98.272 57.0 候 0
98.272 98.733 55.0 - 1
98.976 99.207 55.0 一 0
99.207 99.437 55.0 个 0
99.437 99.668 57.0 夜 0
99.668 99.899 60.0 晚 0
99.899 100.129 62.0 坚 0
100.129 100.591 64.0 持 0
100.591 100.822 69.0 不 0
100.822 101.283 67.0 睡 0
101.283 101.514 64.0 的 0
101.514 101.745 62.0 等 0
101.745 101.975 62.0 候 0
101.975 102.379 60.0 - 1
102.619 102.849 60.0 一 0
102.849 103.08 62.0 起 0
103.08 103.311 60.0 泡 0
103.311 103.541 59.0 温 0
103.541 103.715 60.0 泉 0
103.772 104.234 65.0 奢 0
104.234 104.464 57.0 侈 0
104.464 104.926 60.0 的 0
104.926 105.387 64.0 享 0
105.387 105.618 64.0 受 0
105.618 106.08 62.0 - 1
106.247 106.478 62.0 有 0
106.478 106.709 64.0 一 0
106.709 106.939 62.0 次 0
106.939 107.17 61.0 日 0
107.17 107.401 62.0 记 0
107.401 107.862 67.0 里 0
107.862 108.093 59.0 愚 0
108.093 108.555 62.0 蠢 0
108.555 108.785 64.0 的 0
108.785 109.016 62.0 困 0
109.016 109.881 60.0 惑 1
110.032 110.263 60.0 因 0
110.263 110.493 62.0 为 0
110.493 110.724 60.0 你 0
110.724 110.955 59.0 的 0
110.955 111.186 60.0 微 0
111.186 111.647 65.0 笑 0
111.647 111.878 57.0 幻 0
111.878 112.339 60.0 化 0
112.339 112.801 60.0 成 0
112.801 113.493 60.0 风 1
113.698 113.928 64.0 你 0
113.928 114.159 65.0 大 0
114.159 114.39 64.0 大 0
114.39 114.621 62.0 的 0
114.621 114.851 64.0 勇 0
114.851 115.313 65.0 敢 0
115.313 115.544 64.0 保 0
115.544 116.005 62.0 护 0
116.005 116.467 64.0 着 0
116.467 116.697 64.0 我 0
116.697 117.159 65.0 - 1
117.418 117.649 65.0 我 0
117.649 117.88 67.0 小 0
117.88 118.111 65.0 小 0
118.111 118.341 67.0 的 0
118.341 118.572 65.0 关 0
118.572 119.034 64.0 怀 0
119.034 119.264 62.0 喋 0
119.264 119.726 60.0 喋 0
119.726 120.187 62.0 不 0
120.187 120.418 62.0 休 0
120.418 120.879 64.0 - 1
120.957 121.188 64.0 感 0
121.188 121.419 64.0 谢 0
121.419 121.649 62.0 我 0
121.649 121.88 61.0 们 0
121.88 122.111 64.0 一 0
122.111 122.572 64.0 起 0
122.572 122.803 62.0 走 0
122.803 123.265 62.0 了 0
123.265 123.495 62.0 那 0
123.495 123.726 61.0 么 0
123.726 124.649 62.0 久 1
124.783 125.014 62.0 又 0
125.014 125.244 62.0 再 0
125.244 125.475 64.0 一 0
125.475 125.706 66.0 起 0
125.706 125.937 62.0 回 0
125.937 126.398 69.0 到 0
126.398 126.629 67.0 凉 0
126.629 127.09 67.0 凉 0
127.09 127.552 66.0 深 0
127.552 128.475 67.0 秋 1
128.505 128.735 64.0 给 0
128.735 128.966 65.0 你 0
128.966 129.197 64.0 我 0
129.197 129.428 65.0 的 0
129.428 130.235 67.0 手 1
130.272 130.502 64.0 像 0
130.502 130.733 65.0 温 0
130.733 130.964 64.0 柔 0
130.964 131.194 65.0 野 0
131.194 131.887 67.0 兽 1
132.022 132.253 67.0 我 0
132.253 132.484 69.0 们 0
132.484 132.715 67.0 一 0
132.715 132.945 69.0 直 0
132.945 133.176 71.0 就 0
133.176 133.638 72.0 这 0
133.638 133.868 64.0 样 0
133.868 134.33 64.0 向 0
134.33 134.791 69.0 前 0
134.791 136.176 67.0 走 1
136.224 136.454 60.0 我 0
136.454 136.685 62.0 们 0
136.685 136.916 60.0 小 0
136.916 137.377 65.0 手 0
137.377 137.608 64.0 拉 0
137.608 138.069 62.0 大 0
138.069 138.704 60.0 手 1
138.865 139.095 64.0 一 0
139.095 139.557 64.0 起 0
139.557 140.018 62.0 交 0
140.018 140.48 60.0 游 1
140.488 140.719 60.0 今 0
140.719 141.18 62.0 天 0
141.18 141.411 57.0 别 0
141.411 141.872 60.0 想 0
141.872 142.334 64.0 太 0
142.334 143.199 67.0 多 1
143.232 143.462 64.0 你 0
143.462 143.693 65.0 是 0
143.693 143.924 64.0 我 0
143.924 144.155 65.0 的 0
144.155 144.962 67.0 梦 1
144.992 145.222 64.0 像 0
145.222 145.453 65.0 北 0
145.453 145.684 64.0 方 0
145.684 145.914 65.0 的 0
145.914 146.145 65.0 风 0
146.145 146.607 67.0 - 1
146.939 147.17 67.0 吹 0
147.17 147.401 69.0 着 0
147.401 147.632 67.0 南 0
147.632 147.862 69.0 方 0
147.862 148.093 71.0 暖 0
148.093 148.555 72.0 洋 0
148.555 148.785 64.0 洋 0
148.785 149.247 64.0 的 0
149.247 149.708 69.0 哀 0
149.708 151.093 67.0 愁 1
151.129 151.359 60.0 我 0
151.359 151.59 62.0 们 0
151.59 151.821 60.0 小 0
151.821 152.282 65.0 手 0
152.282 152.513 64.0 拉 0
152.513 152.974 62.0 大 0
152.974 153.609 60.0 手 1
153.62 153.85 64.0 今 0
153.85 154.312 64.0 天 0
154.312 154.773 62.0 加 0
154.773 155.235 60.0 油 0
155.235 155.466 60.0 向 0
155.466 155.927 62.0 昨 0
155.927 156.158 57.0 天 0
156.158 156.619 60.0 挥 0
156.619 157.081 62.0 挥 0
157.081 159.157 60.0 手 1
165.847 167.462 69.0 啦 0
167.462 168.846 65.0 - 0
168.846 170.23 67.0 - 1
178.356 178.587 64.0 给 0
178.587 178.818 65.0 你 0
178.818 179.048 64.0 我 0
179.048 179.279 65.0 的 0
179.279 180.087 67.0 手 1
180.212 180.443 64.0 像 0
180.443 180.673 65.0 温 0
180.673 180.904 64.0 柔 0
180.904 181.135 65.0 野 0
181.135 181.827 67.0 兽 1
181.888 182.119 67.0 我 0
182.119 182.349 69.0 们 0
182.349 182.58 67.0 一 0
182.58 182.811 69.0 直 0
182.811 183.042 71.0 就 0
183.042 183.503 72.0 这 0
183.503 183.734 64.0 样 0
183.734 184.195 64.0 向 0
184.195 184.657 69.0 前 0
184.657 186.041 67.0 走 1
186.057 186.288 60.0 我 0
186.288 186.519 62.0 们 0
186.519 186.749 60.0 小 0
186.749 186.98 65.0 手 0
186.98 187.441 64.0 拉 0
187.441 187.903 62.0 大 0
187.903 188.537 60.0 手 1
188.642 188.873 64.0 一 0
188.873 189.334 64.0 起 0
189.334 189.796 62.0 交 0
189.796 190.257 60.0 游 1
190.306 190.537 60.0 今 0
190.537 190.998 62.0 天 0
190.998 191.229 57.0 别 0
191.229 191.691 60.0 想 0
191.691 192.152 64.0 太 0
192.152 193.017 67.0 多 1
193.127 193.819 64.0 啦 0
193.819 194.858 67.0 - 1
194.978 195.209 64.0 像 0
195.209 195.439 65.0 北 0
195.439 195.67 64.0 方 0
195.67 195.901 65.0 的 0
195.901 196.132 65.0 风 0
196.132 196.593 67.0 - 1
196.687 196.918 67.0 吹 0
196.918 197.148 69.0 着 0
197.148 197.379 67.0 南 0
197.379 197.61 69.0 方 0
197.61 197.84 71.0 暖 0
197.84 198.302 72.0 洋 0
198.302 198.533 64.0 洋 0
198.533 198.994 64.0 的 0
198.994 199.456 69.0 哀 0
199.456 200.84 67.0 愁 1
200.861 201.092 60.0 我 0
201.092 201.322 62.0 们 0
201.322 201.553 60.0 小 0
201.553 201.842 65.0 手 0
201.842 202.245 64.0 拉 0
202.245 202.707 62.0 大 0
202.707 203.341 60.0 手 1
203.357 203.588 64.0 今 0
203.588 204.049 64.0 天 0
204.049 204.511 62.0 加 0
204.511 204.972 60.0 油 0
204.972 205.203 60.0 向 0
205.203 205.664 62.0 昨 0
205.664 205.895 57.0 天 0
205.895 206.357 60.0 挥 0
206.357 206.818 62.0 挥 0
206.818 208.145 60.0 手 1
208.201 208.432 60.0 我 0
208.432 208.663 62.0 们 0
208.663 208.894 60.0 小 0
208.894 209.182 65.0 手 0
209.182 209.586 64.0 拉 0
209.586 210.047 62.0 大 0
210.047 210.278 60.0 手 1
210.33 210.561 60.0 今 0
210.561 210.792 60.0 天 0
210.792 211.022 64.0 为 0
211.022 211.484 64.0 我 0
211.484 211.945 60.0 加 0
211.945 212.407 60.0 油 1
212.473 212.703 60.0 舍 0
212.703 213.165 62.0 不 0
213.165 213.396 57.0 得 0
213.396 213.857 60.0 挥 0
213.857 214.319 62.0 挥 0
214.319 216.395 60.0 手 1
