30.007 30.445 52.0 午 0
30.448 31.327 52.0 夜 0
31.33 31.547 52.0 的 0
31.551 31.768 57.0 收 0
31.772 32.209 59.0 音 0
32.213 32.981 59.0 机 0
33.095 33.312 57.0 轻 0
33.315 33.532 59.0 轻 0
33.536 33.973 61.0 传 0
33.977 34.415 64.0 来 0
34.418 34.856 59.0 一 0
34.859 35.076 57.0 首 0
35.08 36.179 54.0 歌 1
37.076 37.403 52.0 那 0
37.517 38.396 52.0 是 0
38.399 38.837 57.0 你 0
38.84 39.719 59.0 我 0
40.164 40.381 57.0 都 0
40.384 40.601 59.0 已 0
40.605 41.042 61.0 熟 0
41.046 41.483 64.0 悉 0
41.487 41.924 59.0 的 0
41.928 42.145 57.0 旋 0
42.149 43.689 54.0 律 1
44.029 44.466 57.0 在 0
44.47 44.797 57.0 你 0
44.911 45.128 57.0 遗 0
45.131 45.459 61.0 忘 0
45.573 45.789 61.0 的 0
45.793 46.231 61.0 时 0
46.234 46.892 59.0 候 1
47.135 47.573 64.0 我 0
47.577 48.014 66.0 依 0
48.018 48.235 64.0 然 0
48.459 48.676 64.0 还 0
48.679 49.117 64.0 记 0
49.12 50.44 61.0 得 1
50.948 51.165 54.0 明 0
51.168 51.496 59.0 天 0
51.61 52.047 59.0 你 0
52.051 52.268 59.0 是 0
52.271 52.709 57.0 否 0
52.712 53.15 61.0 依 0
53.153 53.37 59.0 - 0
53.374 54.253 59.0 然 0
54.256 54.473 56.0 爱 0
54.477 54.914 54.0 - 0
54.918 56.899 52.0 我 1
58.159 58.597 52.0 我 0
58.6 59.479 52.0 早 0
59.483 59.699 52.0 已 0
59.703 59.92 57.0 经 0
59.924 60.251 59.0 了 0
60.365 61.023 59.0 解 1
61.211 61.428 56.0 追 0
61.432 61.648 59.0 逐 0
61.652 62.09 61.0 爱 0
62.093 62.531 64.0 情 0
62.534 62.972 59.0 的 0
62.975 63.192 57.0 规 0
63.196 64.736 54.0 则 1
65.253 65.58 52.0 虽 0
65.694 66.573 52.0 然 0
66.576 66.793 52.0 不 0
66.797 67.014 57.0 能 0
67.017 67.345 59.0 爱 0
67.459 68.117 59.0 你 1
68.435 68.652 57.0 却 0
68.655 68.872 59.0 又 0
68.876 69.313 61.0 不 0
69.317 69.754 64.0 知 0
69.758 70.196 59.0 该 0
70.199 70.416 57.0 如 0
70.42 71.96 54.0 何 1
72.228 72.665 57.0 相 0
72.669 73.106 57.0 信 0
73.11 73.327 57.0 总 0
73.331 73.768 61.0 会 0
73.772 73.989 61.0 有 0
73.992 74.43 61.0 一 0
74.433 75.091 59.0 天 1
75.506 75.943 64.0 你 0
75.947 76.384 66.0 一 0
76.388 76.715 64.0 定 0
76.829 77.046 64.0 会 0
77.049 77.487 64.0 离 0
77.491 78.81 61.0 去 1
79.208 79.425 54.0 但 0
79.429 79.756 59.0 明 0
79.87 80.197 59.0 天 0
80.311 80.528 59.0 你 0
80.531 80.859 57.0 是 0
80.972 81.189 57.0 否 0
81.193 81.63 61.0 依 0
81.634 82.292 59.0 然 0
82.296 82.623 59.0 爱 0
82.627 82.844 59.0 - 0
82.847 82.954 57.0 - 0
82.957 85.159 57.0 我 1
86.941 87.269 66.0 所 0
87.383 87.82 64.0 有 0
87.824 88.041 64.0 的 0
88.044 88.482 66.0 故 0
88.485 88.702 64.0 - 0
88.706 89.143 61.0 事 0
89.588 89.805 61.0 只 0
89.809 90.026 64.0 能 0
90.029 90.467 66.0 有 0
90.47 90.687 64.0 一 0
90.691 90.908 64.0 首 0
90.911 91.128 64.0 主 0
91.132 91.569 66.0 题 0
91.573 91.79 64.0 - 0
91.794 93.334 64.0 歌 1
93.891 94.218 66.0 我 0
94.332 94.77 66.0 知 0
94.773 94.99 64.0 道 0
94.994 95.211 64.0 你 0
95.215 95.652 66.0 最 0
95.656 96.093 64.0 后 0
96.097 96.534 59.0 的 0
96.538 96.755 57.0 选 0
96.758 98.96 59.0 择 1
101.027 101.354 66.0 所 0
101.468 101.906 66.0 有 0
101.909 102.126 64.0 的 0
102.13 102.567 66.0 爱 0
102.571 102.788 64.0 - 0
102.791 103.449 64.0 情 0
103.674 103.891 61.0 只 0
103.894 104.111 64.0 能 0
104.115 104.552 66.0 有 0
104.556 104.993 64.0 一 0
104.997 105.434 59.0 个 0
105.438 105.655 57.0 结 0
105.659 107.419 57.0 果 1
108.316 108.533 54.0 我 0
108.537 108.974 59.0 深 0
108.978 109.195 61.0 深 0
109.199 109.636 59.0 知 0
109.64 110.518 57.0 道 0
110.742 111.18 61.0 那 0
111.184 111.621 66.0 绝 0
111.625 111.842 64.0 对 0
112.066 112.283 64.0 不 0
112.286 112.614 66.0 是 0
112.727 113.606 66.0 我 0
113.61 115.591 64.0 - 1
116.501 116.938 52.0 既 0
116.942 117.821 52.0 然 0
117.824 118.041 52.0 曾 0
118.045 118.262 57.0 经 0
118.265 118.593 59.0 爱 0
118.707 119.144 59.0 过 1
119.264 119.481 59.0 又 0
119.485 119.702 57.0 何 0
119.705 119.922 59.0 必 0
119.926 120.363 61.0 真 0
120.367 120.804 64.0 正 0
120.808 121.245 59.0 拥 0
121.249 121.466 57.0 有 0
121.47 123.01 54.0 你 1
123.465 123.902 52.0 即 0
123.906 124.784 52.0 使 0
124.788 125.225 54.0 离 0
125.229 126.108 59.0 别 0
126.332 126.549 57.0 也 0
126.553 126.769 57.0 不 0
126.773 126.99 59.0 会 0
126.994 127.431 61.0 有 0
127.435 127.872 64.0 太 0
127.876 128.313 59.0 多 0
128.317 128.534 57.0 难 0
128.538 130.078 54.0 过 1
130.464 130.791 57.0 午 0
130.905 131.232 57.0 夜 0
131.346 131.783 57.0 里 0
131.787 132.004 61.0 的 0
132.007 132.224 59.0 旋 0
132.228 132.445 61.0 - 0
132.449 132.665 59.0 - 0
132.669 133.327 59.0 律 1
133.603 133.82 59.0 一 0
133.824 134.041 64.0 直 0
134.044 134.482 66.0 重 0
134.486 134.702 64.0 复 0
134.706 134.923 64.0 着 0
134.927 135.144 64.0 那 0
135.147 135.585 64.0 首 0
135.588 137.129 61.0 歌 1
137.955 138.393 57.0 WILL 0
138.397 138.834 57.0 YOU 0
138.838 139.055 61.0 STILL 0
139.058 139.496 61.0 LOVE 0
139.499 140.378 59.0 ME 0
140.602 140.819 59.0 TO 0
140.823 141.26 59.0 MOR 0
141.264 144.348 57.0 ROW 1
173.357 173.574 64.0 所 0
173.578 174.015 66.0 有 0
174.019 174.456 64.0 - 0
174.46 174.677 64.0 的 0
174.681 175.118 64.0 故 0
175.122 175.559 61.0 事 0
176.004 176.221 61.0 只 0
176.225 176.441 64.0 能 0
176.445 176.883 66.0 有 0
176.886 177.103 64.0 一 0
177.107 177.324 64.0 首 0
177.327 177.544 64.0 主 0
177.548 177.985 66.0 题 0
177.989 178.206 64.0 - 0
178.21 179.75 64.0 歌 1
180.382 180.709 66.0 我 0
180.823 181.261 66.0 知 0
181.264 181.481 64.0 道 0
181.485 181.702 64.0 你 0
181.705 182.143 66.0 最 0
182.147 182.584 64.0 后 0
182.588 183.025 59.0 的 0
183.029 183.246 57.0 选 0
183.249 185.451 59.0 择 1
187.55 187.767 66.0 所 0
187.77 188.428 66.0 有 0
188.432 188.649 64.0 - 0
188.653 188.87 64.0 的 0
188.873 189.311 64.0 爱 0
189.314 189.972 61.0 情 0
190.197 190.413 61.0 只 0
190.417 190.634 64.0 能 0
190.638 191.075 66.0 有 0
191.079 191.516 64.0 一 0
191.52 191.957 59.0 个 0
191.961 192.178 57.0 结 0
192.182 193.942 57.0 果 1
194.725 194.942 54.0 我 0
194.946 195.383 59.0 深 0
195.387 195.604 61.0 深 0
195.607 196.045 59.0 知 0
196.049 196.927 57.0 道 0
197.151 197.589 61.0 那 0
197.592 198.03 66.0 绝 0
198.034 198.25 64.0 对 0
198.475 198.692 64.0 不 0
198.695 199.022 66.0 是 0
199.136 200.015 66.0 我 0
200.019 202.0 64.0 - 1
202.931 203.368 52.0 既 0
203.372 204.25 52.0 然 0
204.254 204.471 52.0 曾 0
204.475 204.692 57.0 经 0
204.695 205.022 59.0 爱 0
205.136 205.574 59.0 过 1
205.674 205.891 59.0 又 0
205.895 206.111 57.0 何 0
206.115 206.332 59.0 必 0
206.336 206.773 61.0 真 0
206.777 207.214 64.0 正 0
207.218 207.655 59.0 拥 0
207.659 207.876 57.0 有 0
207.88 209.42 54.0 你 1
209.955 210.392 52.0 即 0
210.396 211.274 52.0 使 0
211.278 211.715 54.0 离 0
211.719 212.598 59.0 别 0
212.822 213.039 59.0 也 0
213.042 213.259 57.0 不 0
213.263 213.48 59.0 会 0
213.483 213.921 61.0 有 0
213.925 214.362 64.0 太 0
214.366 214.803 59.0 多 0
214.807 215.024 57.0 难 0
215.027 216.568 54.0 过 1
217.095 217.423 57.0 午 0
217.536 217.864 57.0 夜 0
217.978 218.415 57.0 里 0
218.419 218.636 61.0 的 0
218.639 218.856 59.0 旋 0
218.86 219.077 61.0 - 0
219.08 219.297 59.0 - 0
219.301 219.959 59.0 律 1
220.092 220.309 59.0 一 0
220.313 220.53 64.0 直 0
220.533 220.971 66.0 重 0
220.974 221.191 64.0 复 0
221.195 221.412 64.0 着 0
221.415 221.632 64.0 那 0
221.636 222.073 64.0 首 0
222.077 223.617 61.0 歌 1
224.437 224.875 57.0 WILL 0
224.878 225.316 57.0 YOU 0
225.319 225.536 61.0 STILL 0
225.54 225.977 61.0 LOVE 0
225.981 226.86 59.0 ME 0
227.084 227.301 59.0 TO 0
227.304 227.742 59.0 MOR 0
227.746 230.83 57.0 ROW 1
231.589 232.082 57.0 WILL 0
232.085 232.523 57.0 YOU 0
232.582 232.909 61.0 STILL 0
232.912 233.405 61.0 LOVE 0
233.409 235.28 59.0 ME 0
236.276 236.493 59.0 TO 0
236.496 236.989 57.0 MOR 0
236.993 239.636 57.0 ROW 1
