17.68 18.271 55.0 是 0
18.271 18.863 57.0 - 0
18.863 19.146 59.0 否 0
19.146 19.429 62.0 冥 0
19.429 19.712 62.0 冥 0
19.712 19.995 62.0 之 1
20.139 20.422 62.0 注 0
20.422 20.705 59.0 - 0
20.705 20.988 57.0 定 0
20.988 21.271 55.0 你 0
21.271 21.554 57.0 我 0
21.554 21.837 59.0 没 0
21.837 22.12 57.0 有 0
22.12 22.686 55.0 结 1
23.417 23.7 59.0 为 0
23.7 23.983 62.0 - 0
23.983 24.266 62.0 何 0
24.266 24.549 62.0 还 0
24.549 24.832 64.0 要 0
24.832 25.115 62.0 飞 0
25.115 25.398 59.0 蛾 0
25.398 26.53 62.0 扑 1
27.677 27.96 62.0 是 0
27.96 28.243 64.0 被 0
28.243 28.526 67.0 情 0
28.526 28.809 67.0 所 0
28.809 29.658 67.0 困 0
29.658 30.224 64.0 是 0
30.224 30.507 62.0 为 0
30.507 30.79 64.0 爱 0
30.79 31.215 62.0 蹉 0
31.215 31.922 59.0 跎 1
32.507 32.79 57.0 是 0
32.79 33.073 57.0 - 0
33.073 33.356 57.0 傻 0
33.356 33.639 55.0 是 0
33.639 34.206 52.0 对 0
34.206 34.772 59.0 还 0
34.772 35.338 57.0 是 1
35.841 36.407 55.0 也 0
36.407 36.973 57.0 - 0
36.973 37.256 59.0 许 0
37.256 37.539 62.0 缘 0
37.539 37.822 62.0 分 0
37.822 38.105 62.0 注 0
38.121 38.404 62.0 定 1
38.404 38.687 59.0 你 0
38.687 38.97 57.0 我 0
38.97 39.253 55.0 只 0
39.253 39.536 57.0 能 0
39.536 39.819 59.0 擦 0
39.819 40.102 57.0 肩 0
40.102 40.668 55.0 而 1
41.658 41.941 59.0 既 0
41.941 42.224 62.0 然 0
42.224 42.507 62.0 如 0
42.507 42.79 62.0 此 0
42.79 43.073 64.0 何 0
43.073 43.356 62.0 必 0
43.356 43.639 59.0 难 0
43.639 45.054 62.0 过 1
45.846 46.129 62.0 看 0
46.129 46.412 64.0 花 0
46.412 46.695 67.0 谢 0
46.695 46.978 67.0 花 0
46.978 47.827 67.0 开 0
47.827 48.393 64.0 看 0
48.393 48.676 62.0 潮 0
48.676 48.96 64.0 起 0
48.96 49.243 62.0 潮 0
49.243 50.092 59.0 落 1
50.688 50.971 57.0 看 0
50.971 51.254 57.0 世 0
51.254 51.537 57.0 间 0
51.537 51.82 55.0 悲 0
51.82 52.386 52.0 欢 0
52.386 52.952 57.0 离 0
52.952 54.084 55.0 合 1
55.082 55.365 52.0 往 0
55.365 55.648 59.0 - 0
55.648 55.931 59.0 事 0
55.931 56.214 59.0 随 0
56.214 56.497 59.0 风 0
56.497 56.78 62.0 我 0
56.78 57.063 64.0 随 0
57.063 57.346 64.0 往 0
57.346 57.629 66.0 事 0
57.629 58.195 64.0 - 0
58.195 59.044 62.0 漂 1
59.297 59.58 62.0 越 0
59.58 59.863 67.0 - 0
59.863 60.146 64.0 逃 0
60.146 60.429 64.0 避 0
60.429 60.712 62.0 就 0
60.712 61.278 64.0 越 0
61.278 61.561 62.0 受 0
61.561 62.693 59.0 折 1
64.251 64.534 52.0 旧 0
64.534 64.817 59.0 日 0
64.817 65.1 59.0 如 0
65.1 65.383 59.0 梦 0
65.383 65.666 59.0 我 0
65.666 65.949 62.0 被 0
65.949 66.232 64.0 旧 0
66.232 66.515 64.0 日 0
66.515 66.798 66.0 - 0
66.798 67.081 64.0 淹 0
67.081 67.364 62.0 - 0
67.364 68.213 62.0 没 1
68.675 68.958 64.0 除 0
68.958 69.241 67.0 - 0
69.241 69.524 67.0 了 0
69.524 69.807 67.0 回 0
69.807 70.09 67.0 忆 0
70.09 70.373 67.0 还 0
70.373 70.656 64.0 剩 0
70.656 72.071 69.0 什 1
72.222 72.788 62.0 曾 0
72.788 73.354 64.0 经 0
73.354 73.637 71.0 恩 0
73.637 73.92 71.0 恩 0
73.92 74.203 71.0 爱 0
74.203 74.486 71.0 爱 0
74.486 74.769 69.0 卿 0
74.769 75.052 67.0 卿 0
75.052 75.335 59.0 我 0
75.335 76.467 62.0 我 1
77.282 77.565 62.0 如 0
77.565 77.848 64.0 今 0
77.848 78.131 67.0 孤 0
78.131 78.414 67.0 孤 0
78.414 78.698 67.0 单 0
78.698 78.981 67.0 单 0
78.981 79.264 64.0 只 0
79.264 79.547 62.0 剩 0
79.547 79.83 62.0 寂 0
79.83 80.962 59.0 寞 1
81.793 82.076 62.0 什 0
82.076 82.359 64.0 么 0
82.359 82.642 67.0 缘 0
82.642 82.925 64.0 分 0
82.925 83.208 64.0 已 0
83.208 84.057 64.0 尽 0
84.34 84.623 62.0 想 0
84.623 84.906 64.0 一 0
84.906 85.189 62.0 个 0
85.189 85.543 74.0 人 0
85.543 86.321 71.0 过 1
86.358 86.641 62.0 难 0
86.641 86.924 64.0 道 0
86.924 87.207 67.0 这 0
87.207 87.49 67.0 就 0
87.49 87.773 67.0 是 0
87.773 88.056 64.0 你 0
88.056 88.339 71.0 给 0
88.339 88.622 69.0 的 0
88.622 88.905 67.0 承 0
88.905 89.188 67.0 诺 0
89.188 89.754 69.0 - 1
90.24 90.806 62.0 曾 0
90.806 91.372 64.0 - 0
91.372 91.655 71.0 经 0
91.655 91.938 71.0 风 0
91.938 92.221 71.0 风 0
92.221 92.504 71.0 雨 0
92.504 92.787 69.0 雨 0
92.787 93.07 67.0 一 0
93.07 93.353 59.0 起 0
93.353 94.486 62.0 走 1
95.386 95.669 62.0 如 0
95.669 95.952 64.0 今 0
95.952 96.235 69.0 孤 0
96.235 96.518 67.0 孤 0
96.518 96.801 67.0 伶 0
96.801 97.084 67.0 伶 0
97.084 97.367 64.0 泪 0
97.367 97.65 62.0 眼 0
97.65 98.216 62.0 滂 0
98.216 99.065 59.0 沱 1
99.9 100.183 62.0 怎 0
100.183 100.466 64.0 么 0
100.466 100.749 67.0 爱 0
100.749 101.032 64.0 的 0
101.032 101.315 64.0 越 0
101.315 102.164 64.0 深 0
102.447 102.73 62.0 付 0
102.73 103.013 64.0 出 0
103.013 103.296 62.0 就 0
103.296 103.721 74.0 越 0
103.721 104.428 71.0 多 1
104.443 104.726 62.0 既 0
104.726 105.009 64.0 - 0
105.009 105.292 67.0 然 0
105.292 105.575 67.0 你 0
105.575 105.858 67.0 要 0
105.858 107.273 64.0 自 0
108.122 108.406 62.0 我 0
108.406 108.83 71.0 - 0
108.83 109.255 69.0 无 0
109.255 109.821 64.0 话 0
109.821 111.519 67.0 可 1
135.585 136.151 55.0 是 0
136.151 136.717 57.0 否 0
136.717 137.0 59.0 冥 0
137.0 137.283 62.0 冥 0
137.283 137.566 62.0 之 0
137.566 137.849 62.0 中 1
137.886 138.17 62.0 注 0
138.17 138.453 59.0 定 0
138.453 138.736 57.0 你 0
138.736 139.019 55.0 我 0
139.019 139.302 57.0 没 0
139.302 139.585 59.0 有 0
139.585 139.868 57.0 结 0
139.868 140.434 55.0 果 1
141.162 141.445 59.0 为 0
141.445 141.728 62.0 - 0
141.728 142.011 62.0 何 0
142.011 142.294 62.0 还 0
142.294 142.577 64.0 要 0
142.577 142.86 62.0 飞 0
142.86 143.143 59.0 蛾 0
143.143 144.275 62.0 扑 1
145.342 145.625 62.0 是 0
145.625 145.908 64.0 - 0
145.908 146.191 67.0 被 0
146.191 146.474 67.0 情 0
146.474 147.323 67.0 所 0
147.323 147.889 64.0 困 0
147.889 148.172 62.0 是 0
148.172 148.455 64.0 为 0
148.455 148.88 62.0 爱 0
148.88 149.587 59.0 蹉 1
150.292 150.575 57.0 是 0
150.575 150.858 57.0 傻 0
150.858 151.141 57.0 是 0
151.141 151.424 55.0 对 0
151.424 151.99 52.0 还 0
151.99 152.556 59.0 是 0
152.556 153.123 57.0 错 1
153.575 154.141 55.0 也 0
154.141 154.707 57.0 - 0
154.707 154.99 59.0 许 0
154.99 155.273 62.0 缘 0
155.273 155.556 62.0 分 0
155.556 155.839 62.0 注 1
155.897 156.18 62.0 你 0
156.18 156.463 59.0 - 0
156.463 156.746 57.0 我 0
156.746 157.029 55.0 只 0
157.029 157.312 57.0 能 0
157.312 157.595 59.0 擦 0
157.595 157.878 57.0 肩 0
157.878 158.444 55.0 而 1
159.311 159.594 59.0 既 0
159.594 159.877 62.0 然 0
159.877 160.16 62.0 如 0
160.16 160.443 62.0 此 0
160.443 160.726 64.0 何 0
160.726 161.009 62.0 必 0
161.009 161.292 59.0 难 0
161.292 162.707 62.0 过 1
163.598 163.881 62.0 看 0
163.881 164.164 64.0 花 0
164.164 164.447 67.0 谢 0
164.447 164.73 67.0 花 0
164.73 165.579 67.0 开 0
165.579 166.145 64.0 看 0
166.145 166.428 62.0 潮 0
166.428 166.711 64.0 起 0
166.711 166.994 62.0 潮 0
166.994 167.843 59.0 落 1
168.355 168.638 57.0 看 0
168.638 168.921 57.0 - 0
168.921 169.204 57.0 世 0
169.204 169.487 55.0 间 0
169.487 170.053 52.0 悲 0
170.053 170.619 57.0 欢 0
170.619 171.751 55.0 离 1
172.967 173.25 52.0 往 0
173.25 173.533 59.0 事 0
173.533 173.816 59.0 随 0
173.816 174.099 59.0 风 0
174.099 174.382 59.0 我 0
174.382 174.665 62.0 随 0
174.665 174.948 64.0 往 0
174.948 175.231 64.0 事 0
175.231 175.571 66.0 漂 0
175.575 176.08 64.0 - 0
176.08 176.929 62.0 泊 1
177.202 177.485 62.0 越 0
177.485 177.768 67.0 - 0
177.768 178.051 64.0 逃 0
178.051 178.334 64.0 避 0
178.334 178.617 62.0 就 0
178.617 179.183 64.0 越 0
179.183 179.466 62.0 受 0
179.466 180.598 59.0 折 1
181.973 182.256 52.0 旧 0
182.256 182.539 59.0 日 0
182.539 182.823 59.0 如 0
182.823 183.106 59.0 梦 0
183.106 183.389 59.0 我 0
183.389 183.672 62.0 被 0
183.672 183.955 64.0 旧 0
183.955 184.238 64.0 日 0
184.238 184.521 66.0 - 0
184.521 184.804 64.0 淹 0
184.804 185.087 62.0 - 0
185.087 185.936 62.0 没 1
186.404 186.687 64.0 除 0
186.687 186.97 67.0 了 0
186.97 187.253 67.0 回 0
187.253 187.536 67.0 忆 0
187.536 187.819 67.0 还 0
187.819 188.102 67.0 剩 0
188.102 188.385 64.0 什 0
188.385 189.8 69.0 么 1
189.905 190.471 62.0 曾 0
190.471 191.037 64.0 经 0
191.037 191.32 71.0 恩 0
191.32 191.603 71.0 恩 0
191.603 191.886 71.0 爱 0
191.886 192.169 71.0 爱 0
192.169 192.452 69.0 卿 0
192.452 192.735 67.0 卿 0
192.735 193.018 59.0 我 0
193.018 194.15 62.0 我 1
194.948 195.231 62.0 如 0
195.231 195.514 64.0 - 0
195.514 195.797 67.0 今 0
195.797 196.08 67.0 孤 0
196.08 196.363 67.0 孤 0
196.363 196.646 67.0 单 0
196.646 196.929 64.0 单 0
196.929 197.212 62.0 只 0
197.212 197.495 62.0 剩 0
197.495 198.628 59.0 寂 1
199.42 199.703 62.0 什 0
199.703 199.986 64.0 - 0
199.986 200.269 67.0 么 0
200.269 200.552 64.0 缘 0
200.552 200.835 64.0 分 0
200.835 201.684 64.0 已 0
201.967 202.25 62.0 想 0
202.25 202.533 64.0 - 0
202.533 202.816 62.0 一 0
202.816 203.17 74.0 个 0
203.17 203.948 71.0 人 0
203.949 204.232 62.0 过 1
204.232 204.515 64.0 难 0
204.515 204.798 67.0 道 0
204.798 205.081 67.0 这 0
205.081 205.364 67.0 就 0
205.364 205.647 64.0 是 0
205.647 205.93 71.0 你 0
205.93 206.213 69.0 给 0
206.213 206.496 67.0 的 0
206.496 206.779 67.0 承 0
206.779 207.345 69.0 诺 1
207.886 208.452 62.0 曾 0
208.452 209.018 64.0 - 0
209.018 209.301 71.0 经 0
209.301 209.584 71.0 风 0
209.584 209.867 71.0 风 0
209.867 210.15 71.0 雨 0
210.15 210.433 69.0 雨 0
210.433 210.716 67.0 一 0
210.716 210.999 59.0 起 0
210.999 212.131 62.0 走 1
212.991 213.274 62.0 如 0
213.274 213.557 64.0 - 0
213.557 213.84 69.0 今 0
213.84 214.123 67.0 孤 0
214.123 214.406 67.0 孤 0
214.406 214.689 67.0 伶 0
214.689 214.972 64.0 伶 0
214.972 215.255 62.0 泪 0
215.255 215.821 62.0 眼 0
215.821 216.67 59.0 滂 1
217.66 217.943 62.0 怎 0
217.943 218.226 64.0 - 0
218.226 218.509 67.0 么 0
218.509 218.792 64.0 爱 0
218.792 219.075 64.0 的 0
219.075 219.924 64.0 越 0
220.207 220.49 62.0 付 0
220.49 220.773 64.0 - 0
220.773 221.056 62.0 出 0
221.056 221.481 74.0 就 0
221.481 222.188 71.0 越 1
222.211 222.494 62.0 既 0
222.494 222.777 64.0 然 0
222.777 223.06 67.0 你 0
223.06 223.343 67.0 要 0
223.343 223.626 67.0 自 0
223.626 225.041 64.0 由 0
225.89 226.173 62.0 我 0
226.173 226.598 71.0 无 0
226.598 227.022 69.0 话 0
227.022 227.589 64.0 可 0
227.589 229.287 67.0 说 1
230.582 231.148 62.0 曾 0
231.148 231.714 64.0 经 0
231.714 231.997 71.0 恩 0
231.997 232.28 71.0 恩 0
232.28 232.563 71.0 爱 0
232.563 232.846 71.0 爱 0
232.846 233.129 69.0 卿 0
233.129 233.412 67.0 卿 0
233.412 233.695 59.0 我 0
233.695 234.827 62.0 我 1
235.697 235.98 62.0 如 0
235.98 236.263 64.0 - 0
236.263 236.546 67.0 今 0
236.546 236.829 67.0 孤 0
236.829 237.112 67.0 孤 0
237.112 237.395 67.0 单 0
237.395 237.678 64.0 单 0
237.678 237.961 62.0 只 0
237.961 238.244 62.0 剩 0
238.244 239.376 59.0 寂 1
240.208 240.491 62.0 什 0
240.491 240.774 64.0 - 0
240.774 241.057 67.0 么 0
241.057 241.34 64.0 缘 0
241.34 241.623 64.0 分 0
241.623 242.473 64.0 已 0
242.756 243.039 62.0 想 0
243.039 243.322 64.0 - 0
243.322 243.605 62.0 一 0
243.605 243.958 74.0 个 0
243.958 244.737 71.0 人 1
244.81 245.093 62.0 难 0
245.093 245.376 64.0 道 0
245.376 245.659 67.0 这 0
245.659 245.942 67.0 就 0
245.942 246.225 67.0 是 0
246.225 246.508 64.0 你 0
246.508 246.791 71.0 给 0
246.791 247.074 69.0 的 0
247.074 247.357 67.0 承 0
247.357 247.64 67.0 诺 0
247.64 248.206 69.0 - 1
248.714 249.28 62.0 曾 0
249.28 249.846 64.0 - 0
249.846 250.129 71.0 经 0
250.129 250.412 71.0 风 0
250.412 250.695 71.0 风 0
250.695 250.978 71.0 雨 0
250.978 251.261 69.0 雨 0
251.261 251.544 67.0 一 0
251.544 251.827 59.0 起 0
251.827 252.959 62.0 走 1
253.893 254.176 62.0 如 0
254.176 254.459 64.0 今 0
254.459 254.742 67.0 孤 0
254.742 255.025 67.0 孤 0
255.025 255.308 67.0 伶 0
255.308 255.591 67.0 伶 0
255.591 255.874 64.0 泪 0
255.874 256.157 62.0 眼 0
256.157 256.723 62.0 滂 0
256.723 257.573 59.0 沱 1
258.362 258.645 62.0 怎 0
258.645 258.928 64.0 - 0
258.928 259.211 67.0 么 0
259.211 259.494 64.0 爱 0
259.494 259.777 64.0 的 0
259.777 260.626 64.0 越 0
260.909 261.192 62.0 付 0
261.192 261.475 64.0 - 0
261.475 261.758 62.0 出 0
261.758 262.182 74.0 就 0
262.182 262.89 71.0 越 1
262.967 263.25 62.0 既 0
263.25 263.533 64.0 - 0
263.533 263.816 67.0 然 0
263.816 264.099 67.0 你 0
264.099 264.382 67.0 要 0
264.382 265.797 64.0 自 0
266.646 266.929 62.0 我 0
266.929 267.354 71.0 - 0
267.354 267.778 69.0 无 0
267.778 268.344 64.0 话 0
268.344 270.042 67.0 可 0
