5.663 5.91 69.0 我 0
5.996 6.327 69.0 的 0
6.33 6.577 67.0 好 0
6.663 6.911 67.0 妈 0
6.997 7.911 65.0 妈 1
8.276 8.44 69.0 下 0
8.61 8.941 69.0 班 0
8.943 9.107 74.0 回 0
9.277 9.607 74.0 到 0
9.61 10.608 72.0 家 1
10.887 11.218 67.0 劳 0
11.22 11.551 69.0 - 0
11.554 11.885 72.0 动 0
11.887 12.218 74.0 了 0
12.221 12.551 69.0 一 0
12.554 12.885 67.0 - 0
12.888 13.302 69.0 天 1
13.593 13.923 72.0 多 0
13.926 14.257 62.0 么 0
14.259 14.59 72.0 辛 0
14.593 14.924 69.0 苦 0
14.926 15.924 67.0 呀 1
16.173 16.504 69.0 妈 0
16.673 16.754 69.0 妈 0
16.84 17.171 69.0 妈 0
17.173 17.504 67.0 妈 0
17.507 17.838 65.0 快 0
17.84 18.171 62.0 坐 0
18.174 18.504 60.0 下 1
18.844 19.091 69.0 妈 0
19.344 19.424 69.0 妈 0
19.511 19.841 69.0 妈 0
19.844 20.175 67.0 妈 0
20.177 20.508 65.0 快 0
20.511 20.842 62.0 坐 0
20.844 21.258 60.0 下 1
21.56 21.891 60.0 请 0
21.894 22.224 62.0 喝 0
22.227 22.558 65.0 一 0
22.561 22.891 67.0 杯 0
22.894 23.975 69.0 茶 1
24.171 24.418 72.0 让 0
24.504 24.835 69.0 我 0
24.838 25.002 74.0 亲 0
25.171 25.502 74.0 亲 0
25.505 25.835 72.0 你 0
25.838 26.169 69.0 - 0
26.171 26.502 67.0 吧 1
26.986 27.317 72.0 让 0
27.32 27.65 69.0 我 0
27.653 27.817 74.0 亲 0
27.987 28.317 74.0 亲 0
28.32 28.651 72.0 你 0
28.654 28.984 69.0 - 0
28.987 29.401 67.0 吧 1
29.491 29.822 60.0 我 0
29.824 29.988 69.0 的 0
30.158 30.488 69.0 好 0
30.491 30.822 67.0 妈 0
30.825 31.822 65.0 妈 1
32.293 33.291 69.0 我 0
33.294 33.624 72.0 的 0
33.627 33.958 67.0 好 0
34.294 34.875 67.0 妈 0
34.961 36.459 65.0 妈 1
41.673 41.92 69.0 我 0
42.006 42.337 69.0 的 0
42.34 42.587 67.0 好 0
42.673 42.921 67.0 妈 0
43.007 43.921 65.0 妈 1
44.261 44.425 69.0 下 0
44.595 44.926 69.0 班 0
44.928 45.092 74.0 回 0
45.262 45.592 74.0 到 0
45.595 46.593 72.0 家 1
46.921 47.252 67.0 劳 0
47.254 47.585 69.0 - 0
47.588 47.919 72.0 动 0
47.921 48.252 74.0 了 0
48.255 48.585 69.0 一 0
48.588 48.919 67.0 - 0
48.922 49.336 69.0 天 1
49.641 49.971 72.0 多 0
49.974 50.305 62.0 么 0
50.307 50.638 72.0 辛 0
50.641 50.972 69.0 苦 0
50.974 51.972 67.0 呀 1
52.33 52.661 69.0 妈 0
52.83 52.911 69.0 妈 0
52.997 53.328 69.0 妈 0
53.33 53.661 67.0 妈 0
53.664 53.995 65.0 快 0
53.997 54.328 62.0 坐 0
54.331 54.661 60.0 下 1
54.916 55.163 69.0 妈 0
55.416 55.496 69.0 妈 0
55.583 55.913 69.0 妈 0
55.916 56.247 67.0 妈 0
56.249 56.58 65.0 快 0
56.583 56.914 62.0 坐 0
56.916 57.33 60.0 下 1
57.655 57.986 60.0 请 0
57.989 58.319 62.0 喝 0
58.322 58.653 65.0 一 0
58.656 58.986 67.0 杯 0
58.989 60.07 69.0 茶 1
60.167 60.414 72.0 让 0
60.5 60.831 69.0 我 0
60.834 60.998 74.0 亲 0
61.167 61.498 74.0 亲 0
61.501 61.831 72.0 你 0
61.834 62.165 69.0 - 0
62.167 62.498 67.0 吧 1
62.991 63.322 72.0 让 0
63.325 63.655 69.0 我 0
63.658 63.822 74.0 亲 0
63.992 64.322 74.0 亲 0
64.325 64.656 72.0 你 0
64.659 64.989 69.0 - 0
64.992 65.406 67.0 吧 1
65.61 65.941 60.0 我 0
65.943 66.107 69.0 的 0
66.277 66.607 69.0 好 0
66.61 66.941 67.0 妈 0
66.944 67.941 65.0 妈 1
68.361 69.359 69.0 我 0
69.362 69.692 72.0 的 0
69.695 70.026 67.0 好 0
70.362 70.943 67.0 妈 0
71.029 72.527 65.0 妈 1
