22.263 22.591 60.0 觥 0
22.591 22.92 63.0 筹 0
22.92 23.576 65.0 交 0
23.576 24.232 65.0 错 0
24.889 25.217 60.0 时 0
25.217 25.545 63.0 光 0
25.545 25.873 65.0 如 0
25.873 26.529 65.0 梭 0
26.529 26.857 63.0 - 1
27.48 27.808 60.0 迷 0
27.808 28.136 63.0 失 0
28.136 28.792 65.0 自 0
28.792 29.449 60.0 我 0
30.105 30.433 60.0 享 0
30.433 30.761 58.0 受 0
30.761 31.089 63.0 折 0
31.089 31.418 60.0 磨 1
32.799 33.127 60.0 这 0
33.127 33.455 58.0 是 0
33.455 33.782 60.0 你 0
33.782 34.438 58.0 要 0
34.438 34.765 56.0 的 0
35.748 36.731 60.0 哦 0
36.731 37.386 58.0 - 0
38.369 38.697 58.0 物 0
38.697 39.025 58.0 质 0
39.025 39.68 60.0 生 0
39.68 40.663 60.0 活 1
43.299 43.627 60.0 一 0
43.627 43.954 63.0 身 0
43.954 44.61 65.0 污 0
44.61 45.265 65.0 浊 0
45.92 46.248 60.0 自 0
46.248 46.576 63.0 得 0
46.576 46.903 65.0 其 0
46.903 47.559 65.0 乐 0
47.559 47.886 63.0 - 1
48.453 48.78 68.0 谁 0
48.78 49.108 67.0 的 0
49.108 49.436 63.0 命 0
49.436 49.763 60.0 运 0
50.419 50.746 68.0 谁 0
50.746 51.074 68.0 又 0
51.074 51.565 67.0 能 0
51.565 52.057 63.0 把 0
52.057 52.384 63.0 握 1
53.707 54.035 65.0 这 0
54.035 54.362 63.0 是 0
54.362 54.69 65.0 种 0
54.69 55.345 58.0 孤 0
55.345 55.673 56.0 独 0
56.656 57.639 60.0 哦 0
57.639 58.294 58.0 - 0
58.95 59.277 60.0 没 0
59.277 59.605 58.0 有 0
59.605 59.933 53.0 结 0
59.933 60.902 56.0 果 0
60.905 61.396 53.0 - 1
63.863 64.027 72.0 精 0
64.027 64.191 72.0 神 0
64.191 64.519 72.0 虚 0
64.519 64.846 70.0 伪 0
64.846 65.174 68.0 的 0
65.174 65.502 67.0 寄 0
65.502 65.829 65.0 托 0
66.157 66.485 65.0 不 0
66.485 66.812 60.0 择 0
66.82 67.14 65.0 手 0
67.14 67.795 72.0 段 0
67.802 68.778 70.0 的 1
69.203 69.367 69.0 迷 0
69.367 69.53 70.0 离 0
69.53 69.858 70.0 恍 0
69.858 70.186 68.0 惚 0
70.186 70.513 67.0 的 0
70.513 70.841 65.0 假 0
70.841 71.169 63.0 想 0
71.496 71.824 63.0 推 0
71.824 72.152 60.0 翻 0
72.152 72.479 63.0 不 0
72.479 72.807 63.0 假 0
72.807 73.135 70.0 思 0
73.135 73.791 70.0 索 0
73.791 74.12 68.0 - 1
74.748 75.077 72.0 如 0
75.077 75.406 70.0 果 0
75.406 75.734 68.0 换 0
75.734 76.063 67.0 做 0
76.063 76.391 65.0 是 0
76.719 77.047 60.0 我 0
77.047 77.702 60.0 又 0
77.702 78.03 68.0 是 0
78.03 78.358 67.0 何 0
78.358 79.014 68.0 得 0
79.014 79.341 67.0 的 1
79.609 79.773 67.0 变 0
79.773 79.937 67.0 作 0
79.937 80.265 67.0 无 0
80.265 80.593 68.0 趣 0
80.599 80.92 70.0 的 0
80.92 81.576 67.0 枷 0
81.576 82.887 63.0 锁 1
83.625 83.952 65.0 啊 0
83.952 84.608 63.0 - 1
84.957 85.121 71.0 肉 0
85.121 85.285 72.0 体 0
85.285 85.612 72.0 诚 0
85.612 85.94 70.0 实 0
85.94 86.268 68.0 的 0
86.268 86.596 67.0 反 0
86.596 86.924 65.0 驳 0
87.251 87.579 65.0 不 0
87.579 87.907 60.0 合 0
87.907 88.235 65.0 时 0
88.235 88.89 72.0 宜 0
88.89 89.874 70.0 的 1
90.177 90.341 69.0 消 0
90.341 90.504 70.0 散 0
90.504 90.832 70.0 太 0
90.832 91.16 68.0 快 0
91.16 91.488 67.0 的 0
91.488 91.816 65.0 热 0
91.816 92.143 63.0 度 0
92.471 92.799 63.0 假 0
92.799 93.127 60.0 装 0
93.127 93.455 63.0 不 0
93.455 93.782 63.0 食 0
93.782 94.11 70.0 烟 0
94.11 94.766 70.0 火 0
94.766 95.094 68.0 - 1
95.498 95.662 63.0 不 0
95.662 95.826 65.0 由 0
95.826 96.154 68.0 分 0
96.154 96.482 68.0 说 0
96.482 96.81 68.0 的 0
96.81 97.465 68.0 我 0
97.465 97.793 65.0 - 0
98.121 98.285 65.0 换 0
98.285 98.449 65.0 个 0
98.449 98.776 65.0 身 0
98.776 99.104 60.0 份 0
99.104 99.432 68.0 变 0
99.432 100.087 68.0 作 0
100.087 100.415 67.0 - 1
100.636 100.963 67.0 有 0
100.963 101.291 67.0 趣 0
101.291 101.619 68.0 的 0
101.619 102.274 70.0 恶 0
102.274 104.895 68.0 魔 1
106.142 106.469 60.0 觥 0
106.469 106.797 63.0 筹 0
106.797 107.452 65.0 交 0
107.452 108.11 65.0 错 0
108.768 109.096 60.0 时 0
109.096 109.425 63.0 光 0
109.425 109.754 65.0 如 0
109.754 110.411 65.0 梭 0
110.411 110.738 63.0 - 1
111.396 111.724 60.0 迷 0
111.724 112.052 63.0 失 0
112.052 112.707 65.0 自 0
112.707 113.362 60.0 我 0
114.018 114.345 60.0 享 0
114.345 114.673 58.0 受 0
114.673 115.001 63.0 折 0
115.001 115.328 60.0 磨 1
116.744 117.072 60.0 这 0
117.072 117.399 58.0 是 0
117.399 117.727 60.0 你 0
117.727 118.382 58.0 要 0
118.382 118.71 56.0 的 0
119.693 120.676 60.0 啊 0
120.676 121.331 58.0 - 0
122.314 122.642 58.0 物 0
122.642 122.969 58.0 质 0
122.969 123.625 60.0 生 0
123.625 124.608 60.0 活 1
127.237 127.565 60.0 一 0
127.565 127.892 63.0 身 0
127.892 128.22 65.0 污 0
128.22 128.877 65.0 浊 0
129.867 130.197 60.0 自 0
130.197 130.527 63.0 得 0
130.527 130.857 65.0 其 0
130.857 131.515 65.0 乐 0
131.515 131.843 63.0 - 1
132.453 132.781 68.0 谁 0
132.781 133.109 67.0 的 0
133.109 133.437 63.0 命 0
133.437 133.765 60.0 运 0
134.421 134.749 68.0 谁 0
134.749 135.077 68.0 又 0
135.077 135.569 67.0 能 0
135.569 136.061 63.0 把 0
136.061 136.717 63.0 握 1
137.669 137.997 65.0 这 0
137.997 138.325 63.0 是 0
138.325 138.653 65.0 种 0
138.653 139.309 58.0 孤 0
139.309 139.637 56.0 独 0
140.62 141.276 60.0 啊 0
141.276 142.26 58.0 - 0
142.916 143.244 60.0 没 0
143.244 143.572 58.0 有 0
143.572 143.9 53.0 结 0
143.9 144.556 56.0 果 0
144.556 145.212 53.0 - 1
147.884 148.048 71.0 精 0
148.048 148.212 72.0 神 0
148.212 148.54 72.0 虚 0
148.54 148.868 70.0 伪 0
148.868 149.196 68.0 的 0
149.196 149.524 67.0 寄 0
149.524 149.852 65.0 托 0
150.18 150.508 65.0 不 0
150.508 150.836 60.0 择 0
150.836 151.164 65.0 手 0
151.164 151.82 72.0 段 0
151.82 152.804 70.0 的 1
153.052 153.216 70.0 迷 0
153.216 153.38 70.0 离 0
153.38 153.708 70.0 恍 0
153.708 154.036 68.0 惚 0
154.036 154.363 67.0 的 0
154.363 154.691 65.0 假 0
154.691 155.019 63.0 想 0
155.347 155.675 63.0 推 0
155.675 156.003 60.0 翻 0
156.003 156.331 63.0 不 0
156.331 156.659 63.0 假 0
156.659 156.987 70.0 思 0
156.987 157.643 70.0 索 0
157.643 157.971 68.0 - 1
158.653 158.981 72.0 如 0
158.981 159.309 70.0 果 0
159.309 159.637 68.0 换 0
159.637 159.965 67.0 做 0
159.965 160.293 65.0 是 0
160.621 160.949 60.0 我 0
160.949 161.605 60.0 又 0
161.605 161.933 68.0 是 0
161.933 162.261 67.0 何 0
162.261 162.917 68.0 得 0
162.917 163.245 67.0 的 1
163.586 163.75 67.0 变 0
163.75 163.914 67.0 作 0
163.914 164.242 67.0 无 0
164.242 164.57 68.0 趣 0
164.57 164.898 70.0 的 0
164.898 165.554 67.0 枷 0
165.554 166.866 63.0 锁 1
170.551 171.206 65.0 啊 0
171.533 172.187 68.0 - 0
173.169 173.823 67.0 啊 0
174.15 174.805 70.0 - 0
178.409 179.064 70.0 啊 0
179.064 179.72 68.0 - 0
179.72 180.048 68.0 - 1
189.912 190.076 72.0 精 0
190.076 190.239 72.0 神 0
190.239 190.567 72.0 虚 0
190.567 190.895 70.0 伪 0
190.895 191.223 68.0 的 0
191.223 191.551 67.0 寄 0
191.551 191.878 65.0 托 0
192.206 192.534 65.0 不 0
192.534 192.862 60.0 择 0
192.862 193.19 65.0 手 0
193.19 193.517 72.0 段 0
193.517 193.845 70.0 - 0
193.845 194.829 70.0 的 1
195.142 195.306 69.0 迷 0
195.306 195.47 70.0 离 0
195.47 195.798 70.0 恍 0
195.798 196.126 68.0 惚 0
196.126 196.454 67.0 的 0
196.454 196.781 65.0 假 0
196.781 197.109 63.0 想 0
197.437 197.765 63.0 推 0
197.765 198.093 60.0 翻 0
198.093 198.42 63.0 不 0
198.42 198.748 63.0 假 0
198.748 199.076 70.0 思 0
199.076 199.732 70.0 索 0
199.732 200.059 68.0 - 1
200.73 201.058 72.0 如 0
201.058 201.386 70.0 果 0
201.386 201.713 68.0 换 0
201.713 202.041 67.0 做 0
202.041 202.369 65.0 是 0
202.697 203.025 60.0 我 0
203.025 203.68 60.0 又 0
203.68 204.008 68.0 是 0
204.008 204.336 67.0 何 0
204.336 204.991 68.0 得 0
204.991 205.319 67.0 的 1
205.54 205.704 66.0 变 0
205.704 205.868 67.0 作 0
205.868 206.195 67.0 无 0
206.195 206.523 68.0 趣 0
206.523 206.851 70.0 的 0
206.851 207.507 67.0 枷 0
207.507 208.49 63.0 锁 1
208.794 209.429 65.0 啊 0
209.456 210.433 63.0 - 1
210.737 210.901 72.0 肉 0
210.901 211.064 72.0 体 0
211.064 211.392 72.0 诚 0
211.392 211.72 70.0 实 0
211.72 212.048 68.0 的 0
212.048 212.376 67.0 反 0
212.376 212.703 65.0 驳 0
213.031 213.359 65.0 不 0
213.359 213.687 60.0 合 0
213.687 214.015 65.0 时 0
214.015 214.342 72.0 宜 0
214.342 214.67 70.0 - 0
214.67 215.654 70.0 的 1
215.991 216.155 70.0 消 0
216.155 216.319 70.0 散 0
216.319 216.647 70.0 太 0
216.647 216.975 68.0 快 0
216.975 217.303 67.0 的 0
217.303 217.63 65.0 热 0
217.63 217.958 63.0 度 0
218.286 218.614 63.0 假 0
218.614 218.942 60.0 装 0
218.942 219.269 63.0 不 0
219.269 219.597 63.0 食 0
219.597 219.925 70.0 烟 0
219.925 220.581 70.0 火 0
220.581 220.908 68.0 - 1
221.333 221.497 63.0 不 0
221.497 221.661 65.0 由 0
221.661 221.989 68.0 分 0
221.989 222.317 68.0 说 0
222.317 222.644 68.0 的 0
222.644 223.3 68.0 我 0
223.3 223.628 65.0 - 0
223.956 224.119 65.0 换 0
224.119 224.283 65.0 个 0
224.283 224.611 65.0 身 0
224.611 224.939 60.0 份 0
224.939 225.267 68.0 变 0
225.267 225.922 68.0 作 0
225.922 226.25 67.0 - 1
226.57 226.898 67.0 有 0
226.898 227.225 67.0 趣 0
227.225 227.553 68.0 的 0
227.553 228.209 70.0 恶 0
228.209 230.831 68.0 魔 1
