24.12 24.49 50.0 兄 0
24.49 24.861 49.0 弟 0
24.861 25.231 47.0 你 0
25.231 25.601 54.0 瘦 0
25.601 25.972 50.0 了 1
26.962 27.332 45.0 看 0
27.332 27.703 47.0 着 0
27.703 28.073 57.0 疲 0
28.073 28.443 57.0 惫 0
28.443 28.814 54.0 啊 1
29.953 30.323 59.0 一 0
30.323 30.694 57.0 路 0
30.694 31.064 50.0 风 0
31.064 31.434 52.0 尘 0
31.434 31.805 54.0 盖 0
31.805 31.99 57.0 不 0
31.99 32.545 52.0 住 1
32.927 33.297 52.0 岁 0
33.297 33.668 52.0 月 0
33.668 34.038 50.0 的 0
34.038 34.408 52.0 脸 0
34.408 35.149 54.0 颊 1
35.893 36.263 50.0 兄 0
36.263 36.634 49.0 弟 0
36.634 37.004 47.0 你 0
37.004 37.374 54.0 变 0
37.374 37.745 50.0 了 1
38.827 39.197 45.0 变 0
39.197 39.567 47.0 得 0
39.567 39.938 57.0 沉 0
39.938 40.308 57.0 默 0
40.308 40.679 54.0 了 1
41.735 41.92 47.0 说 0
41.92 42.29 59.0 说 0
42.29 42.66 57.0 吧 1
42.717 43.088 50.0 那 0
43.088 43.458 52.0 些 0
43.458 43.829 54.0 放 0
43.829 44.199 57.0 在 0
44.199 44.477 57.0 心 0
44.477 44.754 57.0 里 0
44.754 44.94 59.0 的 0
44.94 46.051 54.0 话 1
46.986 47.356 54.0 兄 0
47.356 47.727 57.0 弟 0
47.727 48.097 59.0 我 0
48.097 48.467 57.0 们 0
48.467 48.838 59.0 的 0
48.838 49.208 62.0 青 0
49.208 49.949 61.0 春 1
50.407 50.592 57.0 就 0
50.592 50.778 54.0 是 0
50.778 51.148 57.0 长 0
51.148 51.518 54.0 在 0
51.518 51.889 57.0 那 0
51.889 52.259 59.0 心 0
52.259 53.0 59.0 底 1
53.291 53.662 59.0 经 0
53.662 54.032 62.0 过 0
54.032 54.402 59.0 风 0
54.402 54.773 62.0 吹 0
54.773 54.958 59.0 雨 0
54.958 55.143 59.0 打 0
55.143 55.513 61.0 才 0
55.513 55.884 57.0 会 0
55.884 56.254 59.0 开 0
56.254 56.625 61.0 的 0
56.625 58.106 59.0 花 1
59.678 60.049 50.0 兄 0
60.049 60.419 49.0 弟 0
60.419 60.79 47.0 你 0
60.79 61.16 54.0 说 0
61.16 61.53 50.0 了 1
62.357 62.542 45.0 以 0
62.542 62.913 45.0 后 0
62.913 63.283 47.0 就 0
63.283 63.654 57.0 不 0
63.654 64.024 57.0 拼 0
64.024 64.394 54.0 了 1
65.417 65.602 47.0 只 0
65.602 65.973 59.0 想 0
65.973 66.343 57.0 做 0
66.343 66.714 50.0 爱 0
66.714 67.084 52.0 情 0
67.084 67.454 54.0 的 0
67.454 67.825 57.0 傻 0
67.825 68.195 52.0 瓜 1
68.215 68.4 45.0 只 0
68.4 68.585 45.0 想 0
68.585 68.956 54.0 安 0
68.956 69.326 52.0 稳 0
69.326 69.882 50.0 有 0
69.882 70.067 52.0 个 0
70.067 70.808 54.0 家 1
71.098 71.283 47.0 是 0
71.283 71.468 47.0 啊 0
71.468 71.839 47.0 我 0
71.839 72.209 54.0 们 0
72.209 72.579 47.0 都 0
72.579 72.95 54.0 变 0
72.95 73.32 50.0 了 1
74.476 74.847 45.0 变 0
74.847 75.217 47.0 的 0
75.217 75.587 57.0 现 0
75.587 75.958 57.0 实 0
75.958 76.328 54.0 了 1
77.247 77.432 47.0 不 0
77.432 77.803 59.0 再 0
77.803 78.173 57.0 去 0
78.173 78.543 50.0 说 0
78.543 78.729 50.0 那 0
78.729 78.914 52.0 些 1
78.927 79.297 54.0 年 0
79.297 79.668 57.0 少 0
79.668 80.038 57.0 热 0
80.038 80.223 57.0 血 0
80.223 80.408 59.0 的 0
80.408 81.519 54.0 话 1
82.549 82.92 54.0 兄 0
82.92 83.29 57.0 弟 0
83.29 83.661 59.0 我 0
83.661 84.031 57.0 们 0
84.031 84.401 59.0 都 0
84.401 84.772 62.0 像 0
84.772 85.512 61.0 是 1
85.891 86.076 57.0 山 0
86.076 86.261 54.0 坡 0
86.261 86.632 57.0 滚 0
86.632 87.002 54.0 落 0
87.002 87.372 57.0 的 0
87.372 87.743 61.0 石 0
87.743 88.483 59.0 子 1
88.964 89.334 59.0 都 0
89.334 89.705 62.0 在 0
89.705 90.075 59.0 颠 0
90.075 90.445 62.0 碰 0
90.445 90.63 59.0 之 0
90.63 90.816 59.0 中 1
90.858 91.228 61.0 磨 0
91.228 91.598 57.0 掉 0
91.598 91.969 59.0 了 0
91.969 92.339 59.0 尖 0
92.339 94.191 59.0 牙 1
94.406 94.777 62.0 兄 0
94.777 95.147 61.0 弟 0
95.147 95.888 59.0 抱 0
95.888 96.629 62.0 一 0
96.629 97.369 64.0 下 1
97.787 98.157 57.0 说 0
98.157 98.527 66.0 说 0
98.527 98.898 57.0 你 0
98.898 99.268 64.0 心 0
99.268 99.639 57.0 里 0
99.639 100.379 62.0 话 1
100.713 101.083 59.0 说 0
101.083 101.453 62.0 尽 0
101.453 101.824 59.0 这 0
101.824 102.194 62.0 些 0
102.194 102.564 59.0 年 1
102.636 103.007 64.0 你 0
103.007 103.377 57.0 的 0
103.377 103.748 64.0 委 0
103.748 104.118 57.0 屈 0
104.118 104.488 66.0 和 0
104.488 104.859 64.0 沧 0
104.859 105.229 62.0 桑 0
105.229 105.599 66.0 变 0
105.599 105.97 66.0 化 1
106.298 106.669 62.0 兄 0
106.669 107.039 61.0 弟 0
107.039 107.78 59.0 抱 0
107.78 108.52 62.0 一 0
108.52 109.261 64.0 下 1
109.566 109.936 57.0 有 0
109.936 110.306 69.0 泪 0
110.306 110.677 66.0 你 0
110.677 111.047 66.0 就 0
111.047 111.417 57.0 流 0
111.417 112.158 59.0 吧 1
112.591 112.962 59.0 流 0
112.962 113.332 62.0 尽 0
113.332 113.703 59.0 这 0
113.703 114.073 62.0 些 0
114.073 114.443 59.0 年 0
114.443 114.814 64.0 深 0
114.814 115.184 57.0 埋 0
115.184 115.74 64.0 的 1
115.912 116.282 57.0 辛 0
116.282 116.653 54.0 酸 0
116.653 117.023 57.0 和 0
117.023 117.393 57.0 苦 0
117.393 118.134 59.0 辣 1
130.798 131.168 50.0 兄 0
131.168 131.538 49.0 弟 0
131.538 131.909 47.0 你 0
131.909 132.279 54.0 说 0
132.279 132.649 50.0 了 1
133.468 133.654 45.0 以 0
133.654 134.024 45.0 后 0
134.024 134.394 47.0 就 0
134.394 134.765 57.0 不 0
134.765 135.135 57.0 拼 0
135.135 135.505 54.0 了 1
136.495 136.681 47.0 只 0
136.681 137.051 59.0 想 0
137.051 137.421 57.0 做 0
137.421 137.792 50.0 爱 0
137.792 138.162 52.0 情 0
138.162 138.532 54.0 的 0
138.532 138.903 57.0 傻 0
138.903 139.273 52.0 瓜 1
139.327 139.512 45.0 只 0
139.512 139.698 45.0 想 0
139.698 140.068 54.0 安 0
140.068 140.438 52.0 稳 0
140.438 140.994 50.0 有 0
140.994 141.179 52.0 个 0
141.179 141.92 54.0 家 1
142.164 142.349 47.0 是 0
142.349 142.534 47.0 啊 0
142.534 142.905 47.0 我 0
142.905 143.275 54.0 们 0
143.275 143.646 47.0 都 0
143.646 144.016 54.0 变 0
144.016 144.386 50.0 了 1
145.532 145.903 45.0 变 0
145.903 146.273 47.0 的 0
146.273 146.644 57.0 现 0
146.644 147.014 57.0 实 0
147.014 147.384 54.0 了 1
148.321 148.506 47.0 不 0
148.506 148.877 57.0 再 0
148.877 149.247 57.0 去 0
149.247 149.618 50.0 说 0
149.618 149.803 50.0 那 0
149.803 149.988 52.0 些 1
150.005 150.375 54.0 年 0
150.375 150.746 57.0 少 0
150.746 151.116 57.0 热 0
151.116 151.301 57.0 血 0
151.301 151.486 59.0 的 0
151.486 152.597 54.0 话 1
153.706 154.076 54.0 兄 0
154.076 154.446 57.0 弟 0
154.446 154.817 59.0 我 0
154.817 155.187 57.0 们 0
155.187 155.557 59.0 都 0
155.557 155.928 62.0 像 0
155.928 156.669 61.0 是 1
157.138 157.323 57.0 山 0
157.323 157.508 54.0 坡 0
157.508 157.879 57.0 滚 0
157.879 158.249 54.0 落 0
158.249 158.619 57.0 的 0
158.619 158.99 59.0 石 0
158.99 159.731 59.0 子 1
160.049 160.419 59.0 都 0
160.419 160.79 62.0 在 0
160.79 161.16 59.0 颠 0
161.16 161.53 62.0 簸 0
161.53 161.716 59.0 之 0
161.716 161.901 59.0 中 1
161.964 162.334 61.0 磨 0
162.334 162.704 57.0 掉 0
162.704 163.075 59.0 了 0
163.075 163.445 59.0 尖 0
163.445 165.297 59.0 牙 1
165.48 165.851 62.0 兄 0
165.851 166.221 61.0 弟 0
166.221 166.962 59.0 抱 0
166.962 167.703 62.0 一 0
167.703 168.443 64.0 下 1
168.859 169.229 57.0 说 0
169.229 169.6 66.0 说 0
169.6 169.97 57.0 你 0
169.97 170.34 64.0 心 0
170.34 170.711 57.0 里 0
170.711 171.451 62.0 话 1
171.942 172.312 59.0 说 0
172.312 172.682 62.0 尽 0
172.682 173.053 59.0 这 0
173.053 173.423 62.0 些 0
173.423 173.794 59.0 年 1
173.811 174.181 64.0 你 0
174.181 174.551 57.0 的 0
174.551 174.922 64.0 委 0
174.922 175.292 57.0 屈 0
175.292 175.662 66.0 和 0
175.662 176.033 64.0 沧 0
176.033 176.403 62.0 桑 0
176.403 176.774 66.0 变 0
176.774 177.144 66.0 化 1
177.435 177.806 62.0 兄 0
177.806 178.176 61.0 弟 0
178.176 178.917 59.0 抱 0
178.917 179.658 62.0 一 0
179.658 180.398 64.0 下 1
180.68 181.05 57.0 为 0
181.05 181.42 69.0 岁 0
181.42 181.791 66.0 月 0
181.791 182.161 66.0 的 0
182.161 182.532 57.0 牵 0
182.532 183.272 59.0 挂 1
183.759 184.129 59.0 为 0
184.129 184.499 62.0 那 0
184.499 184.87 59.0 心 0
184.87 185.24 62.0 中 0
185.24 185.61 59.0 曾 0
185.61 185.981 64.0 翻 0
185.981 186.351 57.0 滚 0
186.351 186.907 64.0 的 1
187.097 187.467 57.0 汹 0
187.467 187.838 54.0 涌 0
187.838 188.208 57.0 的 0
188.208 188.578 59.0 浪 0
188.578 189.319 59.0 花 1
189.609 189.979 59.0 为 0
189.979 190.349 62.0 哥 0
190.349 190.72 59.0 们 0
190.72 191.09 62.0 并 0
191.09 191.46 59.0 肩 0
191.46 191.831 64.0 走 0
191.831 192.201 57.0 过 0
192.201 192.757 64.0 的 1
192.968 193.338 57.0 青 0
193.338 193.709 54.0 春 0
193.709 194.079 57.0 的 0
194.079 194.449 59.0 年 0
194.449 195.19 59.0 华 1
218.829 219.199 62.0 兄 0
219.199 219.57 61.0 弟 0
219.57 220.31 59.0 抱 0
220.31 221.051 62.0 一 0
221.051 221.792 64.0 下 1
222.188 222.559 57.0 说 0
222.559 222.929 66.0 说 0
222.929 223.299 57.0 你 0
223.299 223.67 64.0 心 0
223.67 224.04 57.0 里 0
224.04 224.781 62.0 话 1
225.224 225.594 59.0 说 0
225.594 225.965 62.0 尽 0
225.965 226.335 59.0 这 0
226.335 226.706 62.0 些 0
226.706 227.076 59.0 年 1
227.15 227.52 64.0 你 0
227.52 227.891 57.0 的 0
227.891 228.261 64.0 委 0
228.261 228.631 57.0 屈 0
228.631 229.002 66.0 和 0
229.002 229.372 64.0 沧 0
229.372 229.743 62.0 桑 0
229.743 230.113 66.0 变 0
230.113 230.483 66.0 化 1
230.7 231.07 62.0 兄 0
231.07 231.44 61.0 弟 0
231.44 232.181 59.0 抱 0
232.181 232.922 62.0 一 0
232.922 233.663 64.0 下 1
234.19 234.56 57.0 有 0
234.56 234.931 69.0 泪 0
234.931 235.301 66.0 你 0
235.301 235.671 66.0 就 0
235.671 236.042 57.0 流 0
236.042 236.783 59.0 吧 1
236.985 237.355 59.0 流 0
237.355 237.726 62.0 尽 0
237.726 238.096 59.0 这 0
238.096 238.466 62.0 些 0
238.466 238.837 59.0 年 0
238.837 239.207 64.0 深 0
239.207 239.578 57.0 埋 0
239.578 240.133 64.0 的 1
240.354 240.725 57.0 辛 0
240.725 241.095 54.0 酸 0
241.095 241.465 57.0 和 0
241.465 241.836 59.0 苦 0
241.836 242.577 59.0 辣 1
242.939 243.309 59.0 让 0
243.309 243.68 62.0 深 0
243.68 244.05 59.0 埋 0
244.05 244.42 62.0 的 0
244.42 244.791 59.0 话 0
244.791 245.161 64.0 抚 0
245.161 245.531 57.0 慰 0
245.531 246.087 64.0 那 1
246.376 246.747 57.0 久 0
246.747 247.117 54.0 违 0
247.117 247.487 57.0 的 0
247.487 247.858 59.0 泪 0
247.858 248.598 59.0 花 1
