7.978 9.034 62.0 当 0
9.19 9.489 62.0 一 0
9.493 9.792 60.0 艘 0
9.796 10.549 58.0 船 0
10.705 11.307 62.0 沉 0
11.311 11.61 67.0 入 0
11.614 12.166 65.0 海 0
12.169 13.603 60.0 底 1
15.011 16.094 58.0 当 0
16.17 16.457 58.0 一 0
16.46 16.746 57.0 个 0
16.75 17.616 55.0 人 0
17.62 17.978 58.0 成 0
17.982 18.485 63.0 了 0
18.489 18.793 62.0 - 0
18.874 20.659 62.0 谜 1
22.244 22.976 60.0 你 0
23.127 23.711 67.0 不 0
23.715 24.005 65.0 知 0
24.009 24.888 67.0 道 1
25.027 25.318 65.0 他 0
25.322 25.612 67.0 们 0
25.616 26.641 69.0 为 0
26.792 27.083 65.0 何 0
27.086 27.377 62.0 离 0
27.38 28.259 65.0 去 1
28.582 28.872 62.0 那 0
28.876 29.166 65.0 声 0
29.17 29.755 67.0 再 0
29.758 30.196 65.0 见 0
30.347 30.637 63.0 竟 0
30.641 30.931 62.0 是 0
30.935 31.666 60.0 他 0
31.817 31.887 58.0 最 0
31.891 32.402 60.0 后 0
32.405 32.696 62.0 一 0
32.699 34.461 63.0 句 1
36.324 37.203 62.0 当 0
37.5 37.791 62.0 一 0
37.794 38.085 60.0 辆 0
38.089 38.967 58.0 车 0
38.971 39.556 62.0 消 0
39.559 39.85 67.0 失 0
39.853 40.364 65.0 天 0
40.442 42.497 60.0 际 1
43.321 44.346 58.0 当 0
44.497 44.788 58.0 一 0
44.791 45.082 57.0 个 0
45.085 45.817 55.0 人 0
45.968 46.405 58.0 成 0
46.409 46.994 63.0 了 0
46.997 47.361 62.0 - 0
47.365 49.126 62.0 谜 1
50.431 51.162 60.0 你 0
51.313 51.897 67.0 不 0
51.901 52.192 65.0 知 0
52.195 53.221 67.0 道 1
53.305 53.595 65.0 他 0
53.599 53.889 67.0 们 0
53.893 54.919 69.0 为 0
55.069 55.36 65.0 何 0
55.364 55.654 62.0 离 0
55.658 56.536 65.0 去 1
56.794 57.085 63.0 就 0
57.088 57.379 65.0 像 0
57.382 57.967 67.0 你 0
57.971 58.555 63.0 不 0
58.559 58.849 60.0 知 0
58.853 59.143 58.0 道 0
59.147 59.879 57.0 这 0
60.029 60.32 57.0 竟 0
60.324 60.614 58.0 是 0
60.618 61.202 60.0 结 0
61.206 61.496 58.0 - 0
61.5 62.967 58.0 局 1
64.148 64.439 57.0 在 0
64.442 64.88 55.0 每 0
65.03 65.321 55.0 个 0
65.325 65.762 58.0 繁 0
65.913 66.203 58.0 星 0
66.207 66.644 63.0 抛 0
66.795 67.086 63.0 弃 0
67.089 67.306 67.0 银 0
67.383 67.6 67.0 河 0
67.677 67.968 67.0 的 0
67.972 68.262 65.0 夜 0
68.266 68.483 62.0 - 0
68.56 69.88 62.0 里 1
71.342 71.632 62.0 我 0
71.636 71.926 63.0 会 0
71.93 72.221 62.0 告 0
72.224 73.103 63.0 别 0
73.695 73.912 62.0 告 0
73.989 74.279 62.0 别 0
74.283 74.721 65.0 我 0
74.871 75.162 65.0 自 0
75.165 77.221 62.0 己 1
78.128 78.345 65.0 因 0
78.422 78.712 65.0 为 0
78.716 79.742 69.0 我 0
79.892 80.183 65.0 不 0
80.186 80.477 62.0 知 0
80.481 81.506 65.0 道 0
81.657 81.947 62.0 我 0
81.951 82.095 65.0 也 0
82.245 83.271 69.0 不 0
83.422 83.712 65.0 想 0
83.716 84.006 62.0 知 0
84.01 84.889 65.0 道 1
85.467 85.757 62.0 和 0
85.761 86.345 67.0 相 0
86.349 86.786 65.0 聚 0
86.937 87.154 63.0 之 0
87.231 87.522 62.0 间 0
87.525 88.551 60.0 的 0
88.996 89.286 62.0 距 0
89.29 91.198 63.0 离 1
92.707 93.733 62.0 当 0
93.884 94.174 62.0 一 0
94.178 94.469 60.0 辆 0
94.472 95.204 58.0 车 0
95.355 95.939 62.0 消 0
95.943 96.233 67.0 失 0
96.237 96.821 65.0 天 0
96.825 98.292 60.0 际 1
99.735 100.835 58.0 当 0
100.912 101.202 58.0 一 0
101.206 101.496 57.0 个 0
101.5 102.379 55.0 人 0
102.382 102.746 58.0 成 0
102.897 103.408 63.0 了 0
103.412 103.776 62.0 - 0
103.779 105.54 62.0 谜 1
106.823 107.555 60.0 你 0
107.705 108.29 67.0 不 0
108.294 108.584 65.0 知 0
108.588 109.467 67.0 道 1
109.855 110.146 65.0 他 0
110.149 110.44 67.0 们 0
110.444 111.469 69.0 为 0
111.62 111.91 65.0 何 0
111.914 112.205 62.0 离 0
112.208 113.087 65.0 去 1
113.242 113.532 63.0 就 0
113.536 113.826 65.0 像 0
113.83 114.415 67.0 你 0
114.418 115.003 63.0 不 0
115.006 115.297 60.0 知 0
115.301 115.591 58.0 道 0
115.595 116.326 57.0 这 0
116.477 116.767 57.0 竟 0
116.771 117.062 57.0 是 0
117.065 117.65 60.0 结 0
117.653 117.944 58.0 - 0
117.948 119.415 58.0 局 1
120.583 120.873 58.0 在 0
120.877 121.314 55.0 每 0
121.465 121.755 55.0 个 0
121.759 122.197 58.0 银 0
122.347 122.638 58.0 河 0
122.641 123.079 63.0 坠 0
123.23 123.52 63.0 入 0
123.524 123.741 67.0 山 0
123.818 124.035 67.0 谷 0
124.112 124.403 67.0 的 0
124.406 124.697 65.0 梦 0
124.7 124.917 62.0 - 0
124.994 126.314 62.0 里 1
127.687 127.978 62.0 我 0
127.982 128.272 63.0 会 0
128.276 128.566 62.0 醒 0
128.57 129.449 63.0 来 0
129.526 129.743 62.0 也 0
129.746 130.184 63.0 忘 0
130.335 130.846 63.0 记 0
130.923 131.213 63.0 梦 0
131.217 131.507 65.0 - 0
131.511 133.272 62.0 境 1
134.556 134.773 65.0 因 0
134.85 135.141 65.0 为 0
135.144 136.17 69.0 你 0
136.321 136.611 65.0 不 0
136.615 136.905 62.0 知 0
136.909 137.935 65.0 道 0
138.086 138.376 62.0 你 0
138.38 138.523 65.0 也 0
138.674 139.7 69.0 不 0
139.85 140.141 65.0 会 0
140.144 140.435 62.0 知 0
140.439 141.317 65.0 道 1
141.792 142.083 62.0 逝 0
142.086 142.671 67.0 去 0
142.674 143.112 65.0 的 0
143.263 143.48 63.0 就 0
143.557 143.847 62.0 已 0
143.851 144.877 60.0 经 0
145.322 145.612 62.0 失 0
145.616 147.524 63.0 去 1
149.311 150.337 62.0 当 0
150.488 150.778 62.0 一 0
150.782 151.072 60.0 艘 0
151.076 151.807 58.0 船 0
152.179 152.543 62.0 沉 0
152.546 152.837 67.0 入 0
152.84 153.425 65.0 海 0
153.429 154.896 60.0 底 1
156.335 157.434 58.0 当 0
157.511 157.802 58.0 一 0
157.806 158.096 57.0 个 0
158.1 158.978 55.0 人 0
158.982 159.346 58.0 成 0
159.35 159.714 63.0 了 0
159.717 160.008 62.0 - 0
160.011 161.772 62.0 谜 1
163.316 164.047 60.0 你 0
164.198 164.783 67.0 不 0
164.786 165.077 65.0 知 0
165.08 165.959 67.0 道 1
166.256 166.546 65.0 他 0
166.55 166.84 67.0 们 0
166.844 167.87 69.0 为 0
168.021 168.311 65.0 何 0
168.315 168.605 62.0 离 0
168.609 169.488 65.0 去 1
169.707 169.998 63.0 那 0
170.001 170.292 65.0 声 0
170.296 170.88 67.0 再 0
170.884 171.468 63.0 见 0
171.472 171.762 60.0 竟 0
171.766 172.057 58.0 是 0
172.06 172.792 57.0 他 0
172.943 173.233 57.0 最 0
173.237 173.527 57.0 后 0
173.531 174.115 60.0 一 0
174.119 174.41 58.0 - 0
174.413 175.88 58.0 句 1
177.454 178.48 63.0 当 0
178.631 178.921 63.0 一 0
178.925 179.215 61.0 辆 0
179.219 179.951 59.0 车 0
180.101 180.392 63.0 消 0
180.396 180.686 66.0 失 0
180.69 180.98 68.0 - 0
180.984 181.568 66.0 天 0
181.572 183.039 61.0 际 1
184.464 185.563 59.0 当 0
185.641 185.931 59.0 一 0
185.935 186.225 61.0 个 0
186.229 187.108 63.0 人 0
187.111 187.475 59.0 成 0
187.552 188.063 64.0 了 0
188.141 188.505 63.0 - 0
188.508 190.269 63.0 谜 1
191.542 192.274 61.0 你 0
192.424 193.009 68.0 不 0
193.013 193.303 66.0 知 0
193.307 194.185 68.0 道 1
194.591 194.882 66.0 他 0
194.885 195.176 68.0 们 0
195.179 196.205 70.0 为 0
196.356 196.646 66.0 何 0
196.65 196.94 63.0 离 0
196.944 197.823 66.0 去 1
198.002 198.292 63.0 就 0
198.296 198.586 66.0 像 0
198.59 199.174 68.0 你 0
199.178 199.763 64.0 不 0
199.766 200.057 61.0 知 0
200.06 200.351 59.0 道 0
200.355 202.998 58.0 这 0
204.766 205.057 58.0 竟 0
205.06 205.351 58.0 是 0
205.355 205.939 61.0 结 0
205.943 208.071 59.0 局 1
