23.652 23.971 61.0 我 0
23.971 24.29 61.0 - 0
24.29 24.609 61.0 有 0
24.609 24.928 65.0 一 0
24.928 25.248 68.0 只 0
25.248 25.567 68.0 小 0
25.567 25.886 68.0 毛 0
25.949 26.268 68.0 驴 1
26.268 26.587 70.0 我 0
26.587 26.906 70.0 从 0
26.906 27.225 70.0 来 0
27.225 27.545 73.0 也 0
27.545 28.183 68.0 不 1
28.771 29.09 66.0 有 0
29.09 29.409 66.0 - 0
29.409 29.729 66.0 一 0
29.729 30.048 70.0 天 0
30.048 30.367 65.0 我 0
30.367 30.686 65.0 心 0
30.686 31.005 65.0 血 0
31.005 31.324 65.0 来 0
31.344 31.664 63.0 潮 1
31.664 31.983 63.0 骑 0
31.983 32.302 63.0 着 0
32.302 32.621 63.0 去 0
32.621 32.94 68.0 赶 1
33.476 33.796 61.0 我 0
33.796 34.115 61.0 - 0
34.115 34.434 61.0 手 0
34.434 34.753 61.0 里 0
34.753 35.072 65.0 拿 0
35.072 35.391 68.0 着 0
35.391 35.71 68.0 小 0
35.71 36.03 68.0 皮 1
36.138 36.457 68.0 我 0
36.457 36.776 70.0 - 0
36.776 37.095 70.0 心 0
37.095 37.414 70.0 里 0
37.414 37.733 73.0 正 0
37.733 38.372 68.0 得 1
38.874 39.193 66.0 不 0
39.193 39.512 66.0 - 0
39.512 39.831 66.0 知 0
39.831 40.151 70.0 怎 0
40.157 40.476 65.0 么 1
40.476 40.635 65.0 哗 0
40.635 40.795 65.0 - 0
40.795 40.954 65.0 啦 1
41.26 41.579 65.0 啦 0
41.579 41.898 63.0 摔 0
41.898 42.217 63.0 了 0
42.217 42.537 63.0 一 0
42.537 42.856 65.0 身 0
42.856 43.494 61.0 泥 1
54.283 54.602 61.0 我 0
54.602 54.921 61.0 - 0
54.921 55.241 61.0 有 0
55.241 55.56 65.0 一 0
55.56 55.879 68.0 只 0
55.879 56.198 68.0 小 0
56.198 56.517 68.0 毛 0
56.521 56.84 68.0 驴 1
56.84 57.159 70.0 我 0
57.159 57.479 70.0 从 0
57.479 57.798 70.0 来 0
57.798 58.117 73.0 也 0
58.117 58.755 68.0 不 1
59.314 59.634 66.0 有 0
59.634 59.953 66.0 一 0
59.953 60.272 66.0 天 0
60.272 60.591 70.0 我 0
60.591 60.91 65.0 心 0
60.91 61.229 65.0 血 0
61.229 61.549 65.0 来 0
61.549 61.868 65.0 潮 1
62.005 62.324 63.0 骑 0
62.324 62.643 63.0 着 0
62.643 62.962 63.0 去 0
62.962 63.281 63.0 赶 0
63.281 63.6 68.0 集 1
64.126 64.445 61.0 我 0
64.445 64.764 61.0 - 0
64.764 65.083 61.0 手 0
65.083 65.402 61.0 里 0
65.402 65.721 65.0 拿 0
65.721 66.041 68.0 着 0
66.041 66.36 68.0 小 0
66.36 66.679 68.0 皮 0
66.688 67.007 68.0 鞭 1
67.007 67.326 70.0 我 0
67.326 67.645 70.0 心 0
67.645 67.965 70.0 里 0
67.965 68.284 73.0 正 0
68.284 68.922 68.0 得 1
69.649 69.968 66.0 不 0
69.968 70.288 66.0 知 0
70.288 70.607 66.0 怎 0
70.607 70.926 70.0 么 1
70.935 71.254 65.0 哗 0
71.254 71.414 65.0 啦 0
71.414 71.573 65.0 啦 0
71.573 71.733 65.0 啦 1
71.814 72.133 65.0 我 0
72.133 72.453 63.0 - 0
72.453 72.772 63.0 摔 0
72.772 73.091 63.0 了 0
73.091 73.41 65.0 一 0
73.41 74.048 61.0 身 1
95.099 95.418 61.0 我 0
95.418 95.737 61.0 - 0
95.737 96.057 61.0 有 0
96.057 96.376 65.0 一 0
96.376 96.695 68.0 只 0
96.695 97.014 68.0 小 0
97.014 97.333 68.0 毛 0
97.366 97.685 68.0 驴 1
97.685 98.005 70.0 我 0
98.005 98.324 70.0 从 0
98.324 98.643 70.0 来 0
98.643 98.962 73.0 也 0
98.962 99.6 68.0 不 1
100.321 100.64 66.0 有 0
100.64 100.959 66.0 一 0
100.959 101.278 66.0 天 0
101.278 101.597 70.0 我 0
101.597 101.916 65.0 心 0
101.916 102.235 65.0 血 0
102.235 102.555 65.0 来 0
102.555 102.874 65.0 潮 1
102.884 103.203 63.0 骑 0
103.203 103.522 63.0 着 0
103.522 103.841 63.0 去 0
103.841 104.16 63.0 赶 0
104.16 104.479 68.0 集 1
105.02 105.339 61.0 我 0
105.339 105.658 61.0 - 0
105.658 105.977 61.0 手 0
105.977 106.296 61.0 里 0
106.296 106.616 65.0 拿 0
106.616 106.935 68.0 着 0
106.935 107.254 68.0 小 0
107.254 107.573 68.0 皮 1
107.605 107.924 68.0 我 0
107.924 108.243 70.0 心 0
108.243 108.562 70.0 里 0
108.562 108.882 70.0 正 0
108.882 109.201 73.0 得 0
109.201 109.839 68.0 意 1
110.391 110.71 66.0 不 0
110.71 111.03 66.0 - 0
111.03 111.349 66.0 知 0
111.349 111.668 70.0 怎 0
111.7 112.019 65.0 么 1
112.019 112.179 65.0 哗 0
112.179 112.338 65.0 啦 0
112.338 112.498 65.0 啦 1
112.737 113.057 65.0 我 0
113.057 113.376 63.0 摔 0
113.376 113.695 63.0 了 0
113.695 114.014 63.0 一 0
114.014 114.333 65.0 身 0
114.333 114.971 61.0 泥 1
125.753 126.073 61.0 我 0
126.073 126.392 61.0 有 0
126.392 126.711 61.0 一 0
126.711 127.03 65.0 只 0
127.03 127.349 68.0 小 0
127.349 127.668 68.0 毛 0
127.668 127.988 68.0 驴 1
128.064 128.383 68.0 我 0
128.383 128.702 70.0 从 0
128.702 129.021 70.0 来 0
129.021 129.34 70.0 也 0
129.34 129.659 73.0 不 0
129.659 130.298 68.0 骑 1
130.825 131.144 66.0 有 0
131.144 131.463 66.0 一 0
131.463 131.782 66.0 天 0
131.782 132.101 70.0 我 0
132.101 132.421 65.0 心 0
132.421 132.74 65.0 血 0
132.74 133.059 65.0 来 0
133.059 133.378 65.0 潮 1
133.431 133.75 63.0 骑 0
133.75 134.069 63.0 - 0
134.069 134.388 63.0 着 0
134.388 134.708 63.0 去 0
134.708 135.027 68.0 赶 1
135.747 136.066 61.0 我 0
136.066 136.385 61.0 手 0
136.385 136.705 61.0 里 0
136.705 137.024 61.0 拿 0
137.024 137.343 65.0 着 0
137.343 137.662 68.0 小 0
137.662 137.981 68.0 皮 0
137.981 138.3 68.0 鞭 1
138.31 138.629 68.0 我 0
138.629 138.949 70.0 心 0
138.949 139.268 70.0 里 0
139.268 139.587 70.0 正 0
139.587 139.906 73.0 得 0
139.906 140.544 68.0 意 1
141.11 141.429 66.0 不 0
141.429 141.748 66.0 - 0
141.748 142.067 66.0 知 0
142.067 142.386 70.0 怎 1
142.457 142.67 65.0 哗 0
142.67 142.883 65.0 啦 0
142.883 143.096 65.0 啦 0
143.096 143.255 65.0 啦 1
143.266 143.585 65.0 我 0
143.585 143.904 63.0 - 0
143.904 144.223 63.0 摔 0
144.223 144.542 63.0 了 0
144.542 144.861 65.0 一 0
144.861 145.5 61.0 身 0
