36.796 37.157 44.0 又 0
37.157 37.519 46.0 是 0
37.519 37.88 53.0 午 0
37.88 38.242 53.0 夜 0
38.242 38.603 53.0 的 0
38.603 38.965 51.0 小 0
38.965 39.326 53.0 雨 1
39.829 40.19 51.0 不 0
40.19 40.551 53.0 知 0
40.551 40.913 56.0 不 0
40.913 41.274 53.0 觉 0
41.274 41.636 56.0 想 0
41.636 41.997 58.0 起 0
41.997 42.359 56.0 你 1
43.349 43.71 56.0 回 0
43.71 44.072 58.0 忆 0
44.072 44.433 58.0 总 0
44.433 44.795 56.0 是 0
44.795 45.156 53.0 刺 0
45.156 45.518 51.0 痛 0
45.518 45.879 51.0 我 0
45.879 46.241 49.0 的 0
46.241 47.325 51.0 心 1
48.404 48.766 51.0 望 0
48.766 49.127 53.0 着 0
49.127 49.489 56.0 街 0
49.489 49.85 56.0 中 0
49.85 50.211 56.0 的 0
50.211 50.573 58.0 人 0
50.573 50.934 56.0 群 1
51.419 51.78 58.0 我 0
51.78 52.142 56.0 的 0
52.142 52.503 53.0 幸 0
52.503 52.865 53.0 福 0
52.865 53.226 53.0 在 0
53.226 53.588 51.0 哪 0
53.588 54.31 49.0 里 1
54.902 55.264 51.0 都 0
55.264 55.625 51.0 怪 0
55.625 55.987 51.0 我 0
55.987 56.348 49.0 自 0
56.348 56.71 46.0 己 0
57.071 57.432 46.0 丢 0
57.432 57.794 51.0 了 0
57.794 59.24 51.0 你 1
60.027 60.388 44.0 无 0
60.388 60.749 46.0 怨 0
60.749 61.111 53.0 无 0
61.111 61.472 53.0 悔 0
61.472 61.834 53.0 爱 0
61.834 62.195 51.0 上 0
62.195 62.557 53.0 你 1
62.876 63.238 51.0 哪 0
63.238 63.599 53.0 怕 0
63.599 63.96 56.0 只 0
63.96 64.322 53.0 是 0
64.322 64.683 56.0 场 0
64.683 65.045 58.0 游 0
65.045 65.406 56.0 戏 1
66.522 66.883 58.0 输 0
66.883 67.244 58.0 的 0
67.244 67.606 58.0 是 0
67.606 67.967 56.0 我 0
67.967 68.69 53.0 还 0
69.052 69.413 49.0 是 0
69.413 70.859 51.0 你 1
71.661 72.022 51.0 那 0
72.022 72.384 53.0 些 0
72.384 72.745 56.0 难 0
72.745 73.107 56.0 忘 0
73.107 73.468 56.0 的 0
73.468 73.829 58.0 甜 0
73.829 74.552 56.0 蜜 1
75.196 75.558 53.0 在 0
75.558 75.919 53.0 我 0
75.919 76.281 53.0 的 0
76.281 76.642 51.0 梦 0
76.642 77.365 49.0 里 1
78.056 78.417 51.0 轻 0
78.417 78.598 51.0 轻 0
78.598 78.779 51.0 的 0
78.779 79.14 51.0 告 0
79.14 79.502 58.0 诉 0
79.502 79.863 56.0 我 0
80.225 80.586 53.0 勿 0
80.586 80.947 51.0 忘 0
80.947 82.755 49.0 你 1
83.042 83.404 56.0 啊 0
83.404 83.765 58.0 - 0
83.765 84.126 61.0 亲 0
84.126 84.307 61.0 爱 0
84.307 84.488 61.0 的 0
84.488 84.849 61.0 亲 0
84.849 85.03 61.0 爱 0
85.03 85.211 63.0 的 0
85.211 85.572 65.0 别 0
85.572 85.934 63.0 为 0
85.934 86.295 61.0 我 0
86.295 86.657 65.0 哭 0
86.657 88.102 58.0 泣 1
89.564 89.926 63.0 亲 0
89.926 90.106 63.0 爱 0
90.106 90.287 63.0 的 0
90.287 90.648 63.0 亲 0
90.648 90.829 63.0 爱 0
90.829 91.01 65.0 的 0
91.01 91.371 63.0 别 0
91.371 91.733 61.0 为 0
91.733 92.094 61.0 我 0
92.094 92.456 58.0 伤 0
92.456 93.901 56.0 心 1
94.626 94.988 51.0 你 0
94.988 95.349 53.0 依 0
95.349 95.711 56.0 然 0
95.711 96.072 56.0 出 0
96.072 96.434 56.0 现 0
96.434 96.795 53.0 在 0
96.795 97.156 56.0 我 0
97.518 97.879 61.0 的 0
97.879 98.241 63.0 梦 0
98.241 100.048 58.0 里 1
101.205 101.748 63.0 叫 0
101.748 101.928 63.0 我 0
101.928 102.29 63.0 怎 0
102.29 102.651 65.0 么 0
102.651 103.013 63.0 舍 0
103.013 103.374 61.0 得 0
103.374 103.736 58.0 忘 0
103.736 104.097 61.0 了 0
104.097 106.266 63.0 你 1
107.065 107.426 61.0 亲 0
107.426 107.607 61.0 爱 0
107.607 107.787 61.0 的 0
107.787 108.149 61.0 亲 0
108.149 108.33 61.0 爱 0
108.33 108.51 63.0 的 0
108.51 108.872 65.0 我 0
108.872 109.233 63.0 还 0
109.233 109.595 61.0 爱 0
109.595 109.956 65.0 着 0
109.956 111.763 58.0 你 1
112.737 113.098 63.0 亲 0
113.098 113.279 63.0 爱 0
113.279 113.46 63.0 的 0
113.46 113.821 63.0 亲 0
113.821 114.002 63.0 爱 0
114.002 114.182 65.0 的 0
114.182 114.544 63.0 你 0
114.544 114.905 61.0 又 0
114.905 115.267 61.0 在 0
115.267 115.628 58.0 哪 0
115.628 117.074 56.0 里 1
117.926 118.287 51.0 是 0
118.287 118.649 53.0 否 0
118.649 119.01 56.0 依 0
119.01 119.372 56.0 然 0
119.372 119.733 56.0 还 0
119.733 120.095 53.0 把 0
120.095 120.456 56.0 我 0
120.817 121.179 61.0 放 0
121.179 121.54 63.0 心 0
121.54 123.348 58.0 里 1
124.292 124.834 63.0 今 0
124.834 125.015 63.0 生 0
125.015 125.376 63.0 无 0
125.376 125.738 65.0 缘 0
125.738 126.099 63.0 我 0
126.099 126.461 61.0 们 0
126.461 126.822 58.0 来 0
126.822 127.545 61.0 世 0
127.545 130.075 61.0 续 1
152.531 152.892 44.0 无 0
152.892 153.254 46.0 怨 0
153.254 153.615 53.0 无 0
153.615 153.976 53.0 悔 0
153.976 154.338 53.0 爱 0
154.338 154.699 51.0 上 0
154.699 155.061 53.0 你 1
155.419 155.781 51.0 哪 0
155.781 156.142 53.0 怕 0
156.142 156.504 56.0 只 0
156.504 156.865 53.0 是 0
156.865 157.227 56.0 场 0
157.227 157.588 58.0 游 0
157.588 158.13 56.0 戏 1
159.011 159.372 58.0 输 0
159.372 159.734 58.0 的 0
159.734 160.095 58.0 是 0
160.095 160.457 56.0 我 0
160.457 161.179 53.0 还 0
161.541 161.902 49.0 是 0
161.902 163.348 51.0 你 1
164.04 164.401 51.0 那 0
164.401 164.763 53.0 些 0
164.763 165.124 56.0 难 0
165.124 165.486 56.0 忘 0
165.486 165.847 56.0 的 0
165.847 166.209 58.0 甜 0
166.209 166.932 56.0 蜜 1
167.744 168.106 53.0 在 0
168.106 168.467 53.0 我 0
168.467 168.829 53.0 的 0
168.829 169.19 51.0 梦 0
169.19 169.913 49.0 里 1
170.647 171.008 51.0 轻 0
171.008 171.189 51.0 轻 0
171.189 171.37 51.0 的 0
171.37 171.731 51.0 告 0
171.731 172.093 58.0 诉 0
172.093 172.454 56.0 我 0
172.816 173.177 53.0 勿 0
173.177 173.539 51.0 忘 0
173.539 175.346 49.0 你 1
175.738 176.1 56.0 啊 0
176.1 176.461 58.0 - 0
176.461 176.823 61.0 亲 0
176.823 177.003 61.0 爱 0
177.003 177.184 61.0 的 0
177.184 177.545 61.0 亲 0
177.545 177.726 61.0 爱 0
177.726 177.907 63.0 的 0
177.907 178.268 65.0 别 0
178.268 178.63 63.0 为 0
178.63 178.991 61.0 我 0
178.991 179.353 65.0 哭 0
179.353 180.799 58.0 泣 1
182.116 182.478 63.0 亲 0
182.478 182.658 63.0 爱 0
182.658 182.839 63.0 的 0
182.839 183.201 63.0 亲 0
183.201 183.381 63.0 爱 0
183.381 183.562 65.0 的 0
183.562 183.924 63.0 别 0
183.924 184.285 61.0 为 0
184.285 184.646 61.0 我 0
184.646 185.008 58.0 伤 0
185.008 186.454 56.0 心 1
187.283 187.644 51.0 你 0
187.644 188.005 53.0 依 0
188.005 188.367 56.0 然 0
188.367 188.728 56.0 出 0
188.728 189.09 56.0 现 0
189.09 189.451 53.0 在 0
189.451 189.813 56.0 我 0
190.174 190.536 61.0 的 0
190.536 190.897 63.0 梦 0
190.897 192.704 58.0 里 1
193.656 194.198 63.0 叫 0
194.198 194.378 63.0 我 0
194.378 194.74 63.0 怎 0
194.74 195.101 65.0 么 0
195.101 195.463 63.0 舍 0
195.463 195.824 61.0 得 0
195.824 196.186 58.0 忘 0
196.186 196.547 61.0 了 0
196.547 198.716 63.0 你 1
199.579 199.94 61.0 亲 0
199.94 200.121 61.0 爱 0
200.121 200.302 61.0 的 0
200.302 200.663 61.0 亲 0
200.663 200.844 61.0 爱 0
200.844 201.024 63.0 的 0
201.024 201.386 65.0 我 0
201.386 201.747 63.0 还 0
201.747 202.109 61.0 爱 0
202.109 202.47 65.0 着 0
202.47 204.277 58.0 你 1
205.384 205.745 63.0 亲 0
205.745 205.926 63.0 爱 0
205.926 206.107 63.0 的 0
206.107 206.468 63.0 亲 0
206.468 206.649 63.0 爱 0
206.649 206.83 65.0 的 0
206.83 207.191 63.0 你 0
207.191 207.553 61.0 又 0
207.553 207.914 61.0 在 0
207.914 208.275 58.0 哪 0
208.275 209.721 56.0 里 1
210.452 210.814 51.0 是 0
210.814 211.175 53.0 否 0
211.175 211.536 56.0 依 0
211.536 211.898 56.0 然 0
211.898 212.259 56.0 还 0
212.259 212.621 53.0 把 0
212.621 212.982 56.0 我 0
213.344 213.705 61.0 放 0
213.705 214.067 63.0 心 0
214.067 215.874 58.0 里 1
216.954 217.496 63.0 今 0
217.496 217.677 63.0 生 0
217.677 218.038 63.0 无 0
218.038 218.4 65.0 缘 0
218.4 218.761 63.0 我 0
218.761 219.123 61.0 们 0
219.123 219.484 58.0 来 0
219.484 220.207 61.0 世 0
220.207 221.653 61.0 续 1
222.554 222.916 61.0 亲 0
222.916 223.096 61.0 爱 0
223.096 223.277 61.0 的 0
223.277 223.639 61.0 亲 0
223.639 223.819 61.0 爱 0
223.819 224.0 63.0 的 0
224.0 224.361 65.0 别 0
224.361 224.723 63.0 为 0
224.723 225.084 61.0 我 0
225.084 225.446 65.0 哭 0
225.446 226.892 58.0 泣 1
228.468 228.83 63.0 亲 0
228.83 229.011 63.0 爱 0
229.011 229.191 63.0 的 0
229.191 229.553 63.0 亲 0
229.553 229.733 63.0 爱 0
229.733 229.914 65.0 的 0
229.914 230.276 63.0 别 0
230.276 230.637 61.0 为 0
230.637 230.998 61.0 我 0
230.998 231.36 58.0 伤 0
231.36 232.806 56.0 心 1
233.443 233.804 51.0 你 0
233.804 234.166 53.0 依 0
234.166 234.527 56.0 然 0
234.527 234.888 56.0 出 0
234.888 235.25 56.0 现 0
235.25 235.611 53.0 在 0
235.611 235.973 56.0 我 0
236.334 236.696 61.0 的 0
236.696 237.057 63.0 梦 0
237.057 238.864 58.0 里 1
239.981 240.523 63.0 叫 0
240.523 240.704 63.0 我 0
240.704 241.065 63.0 怎 0
241.065 241.426 65.0 么 0
241.426 241.788 63.0 舍 0
241.788 242.149 61.0 得 0
242.149 242.511 58.0 忘 0
242.511 242.872 61.0 了 0
242.872 245.041 63.0 你 1
245.702 246.063 61.0 亲 0
246.063 246.244 61.0 爱 0
246.244 246.425 61.0 的 0
246.425 246.786 61.0 亲 0
246.786 246.967 61.0 爱 0
246.967 247.148 63.0 的 0
247.148 247.509 65.0 我 0
247.509 247.87 63.0 还 0
247.87 248.232 61.0 爱 0
248.232 248.593 65.0 着 0
248.593 250.401 58.0 你 1
251.632 251.993 63.0 亲 0
251.993 252.174 63.0 爱 0
252.174 252.355 63.0 的 0
252.355 252.716 63.0 亲 0
252.716 252.897 63.0 爱 0
252.897 253.078 65.0 的 0
253.078 253.439 63.0 你 0
253.439 253.801 61.0 又 0
253.801 254.162 61.0 在 0
254.162 254.523 58.0 哪 0
254.523 255.969 56.0 里 1
256.601 256.963 51.0 是 0
256.963 257.324 53.0 否 0
257.324 257.685 56.0 依 0
257.685 258.047 56.0 然 0
258.047 258.408 56.0 还 0
258.408 258.77 53.0 把 0
258.77 259.131 56.0 我 0
259.493 259.854 61.0 放 0
259.854 260.216 61.0 心 0
260.216 262.023 58.0 里 1
263.167 263.709 63.0 今 0
263.709 263.89 63.0 生 0
263.89 264.252 63.0 无 0
264.252 264.613 65.0 缘 0
264.613 264.974 63.0 我 0
264.974 265.336 61.0 们 0
265.336 265.697 58.0 来 0
265.697 266.42 61.0 世 0
266.42 267.866 61.0 续 1
269.015 269.557 63.0 今 0
269.557 269.738 63.0 生 0
269.738 270.1 63.0 无 0
270.1 270.461 65.0 缘 0
270.461 270.823 63.0 我 0
270.823 271.094 61.0 们 0
271.094 271.365 58.0 - 0
271.365 271.907 58.0 来 0
271.907 274.076 61.0 世 0
274.798 277.69 61.0 续 1
