18.652 19.107 57.0 我 0
19.107 19.562 50.0 知 0
19.562 20.13 50.0 道 0
20.472 20.926 57.0 故 0
20.926 21.381 59.0 事 0
21.381 21.836 59.0 不 0
21.836 22.291 57.0 会 0
22.746 23.201 55.0 太 0
23.201 23.656 57.0 曲 0
23.656 24.907 54.0 折 1
25.985 26.434 57.0 我 0
26.44 26.895 50.0 总 0
26.895 27.805 50.0 会 0
27.805 28.146 57.0 遇 0
28.254 28.715 59.0 见 0
28.715 29.169 57.0 一 0
29.169 30.079 55.0 个 0
30.079 30.534 54.0 什 0
30.534 30.989 55.0 么 0
30.989 32.24 52.0 人 1
33.235 33.69 57.0 陪 0
33.69 34.145 50.0 我 0
34.145 34.486 50.0 过 0
34.6 35.51 57.0 没 0
35.51 35.965 59.0 有 0
35.965 36.42 61.0 了 0
36.42 37.329 57.0 她 0
37.329 37.784 59.0 的 0
37.784 38.239 61.0 人 0
38.239 39.604 62.0 生 1
40.304 40.52 50.0 成 0
40.532 40.987 57.0 家 0
40.987 41.441 50.0 立 0
41.441 41.764 50.0 业 0
41.896 42.351 57.0 之 0
42.351 42.806 55.0 类 0
42.806 43.261 54.0 的 0
43.716 44.057 52.0 等 0
44.057 44.51 50.0 - 0
44.626 45.536 50.0 等 1
47.758 48.213 57.0 她 0
48.213 48.668 50.0 做 0
48.668 49.123 50.0 了 0
49.123 49.578 57.0 她 0
50.032 50.487 59.0 觉 0
50.487 50.942 59.0 得 0
50.942 51.397 57.0 对 0
51.852 52.307 55.0 的 0
52.307 52.762 57.0 选 0
52.762 54.013 54.0 择 1
55.2 55.649 57.0 我 0
55.655 56.11 50.0 只 0
56.11 57.02 50.0 好 0
57.02 57.361 57.0 祝 0
57.49 57.93 59.0 福 0
57.93 58.384 57.0 她 0
58.384 59.294 55.0 真 0
59.294 59.749 54.0 的 0
59.749 60.204 55.0 对 0
60.204 61.455 52.0 了 1
62.362 62.817 57.0 爱 0
62.817 63.272 50.0 不 0
63.272 63.613 50.0 到 0
63.727 64.637 57.0 我 0
64.637 65.092 59.0 最 0
65.092 65.547 61.0 想 0
65.547 66.456 57.0 要 0
66.456 66.911 59.0 爱 0
66.911 67.366 61.0 的 0
67.366 68.731 62.0 人 1
69.396 69.737 57.0 谁 0
69.737 70.192 57.0 还 0
70.192 70.639 57.0 能 0
70.646 71.101 57.0 要 0
71.101 72.007 62.0 我 0
72.011 72.466 57.0 怎 0
72.466 72.921 62.0 样 0
72.921 75.195 64.0 呢 1
75.654 76.109 57.0 我 0
76.109 76.791 64.0 爱 0
76.791 77.019 61.0 的 0
77.019 78.26 62.0 人 0
78.384 78.838 57.0 不 0
78.838 79.293 54.0 是 0
79.293 79.748 57.0 我 0
79.748 80.431 64.0 的 0
80.431 80.656 61.0 爱 0
80.658 82.023 62.0 人 1
82.197 82.425 57.0 她 0
82.425 82.879 54.0 心 0
82.879 83.334 57.0 里 0
83.334 83.562 64.0 每 0
83.562 84.244 66.0 一 0
84.244 84.699 62.0 寸 1
85.132 85.587 62.0 都 0
85.587 85.814 62.0 属 0
85.814 86.269 61.0 于 0
86.269 86.497 59.0 - 0
86.497 86.951 59.0 另 0
86.951 87.179 57.0 一 0
87.179 87.861 55.0 个 0
87.861 89.453 57.0 人 1
90.231 90.686 50.0 她 0
90.686 91.141 62.0 真 0
91.141 91.592 61.0 幸 0
91.595 92.96 59.0 福 0
92.96 93.415 54.0 幸 0
93.415 93.87 52.0 福 0
93.87 94.325 54.0 得 0
94.325 95.235 61.0 真 0
95.235 95.689 57.0 残 0
95.689 96.607 57.0 忍 1
96.667 96.894 57.0 让 0
96.894 97.349 62.0 我 0
97.349 97.576 64.0 又 0
97.576 97.918 64.0 爱 0
97.918 98.486 66.0 又 0
98.486 98.714 59.0 - 0
98.714 99.169 59.0 恨 1
99.2 99.654 59.0 她 0
99.654 99.882 61.0 的 0
99.882 100.342 62.0 爱 0
100.564 101.01 66.0 怎 0
101.019 101.247 64.0 么 0
101.247 101.815 64.0 那 0
101.929 102.156 62.0 么 0
102.156 103.606 64.0 深 1
104.779 105.234 57.0 我 0
105.234 105.689 64.0 爱 0
105.689 105.916 61.0 - 0
105.916 106.144 61.0 的 0
106.144 107.385 62.0 人 0
107.509 107.963 57.0 她 0
107.963 108.418 54.0 已 0
108.418 108.873 57.0 有 0
108.873 109.556 64.0 了 0
109.556 109.781 61.0 爱 0
109.783 111.148 62.0 人 1
111.178 111.52 57.0 从 0
111.52 111.974 54.0 他 0
111.974 112.429 57.0 们 0
112.429 112.657 64.0 的 0
112.657 113.339 66.0 眼 0
113.339 113.794 62.0 神 1
114.3 114.755 62.0 说 0
114.755 114.982 62.0 明 0
114.982 115.665 61.0 了 0
115.665 116.119 59.0 我 0
116.119 116.347 57.0 不 0
116.347 117.029 55.0 可 0
117.029 118.621 57.0 能 1
119.328 119.783 50.0 每 0
119.783 120.237 62.0 当 0
120.237 120.689 61.0 听 0
120.692 122.057 59.0 见 1
122.063 122.518 54.0 她 0
122.518 122.973 52.0 或 0
122.973 123.428 54.0 他 0
123.428 124.337 61.0 说 0
124.337 124.906 57.0 我 0
124.906 125.71 57.0 们 1
125.861 126.088 57.0 就 0
126.088 126.543 62.0 像 0
126.543 126.77 64.0 听 0
126.77 127.112 64.0 见 0
127.112 127.68 66.0 爱 0
127.68 127.908 59.0 - 0
127.908 128.362 59.0 情 1
128.437 128.892 59.0 永 0
128.892 129.347 61.0 恒 0
129.347 129.802 62.0 的 0
129.802 130.712 62.0 嘲 0
130.712 131.167 61.0 笑 0
131.167 133.328 62.0 声 1
146.012 146.581 57.0 她 0
146.581 147.036 50.0 做 0
147.036 147.491 50.0 了 0
147.491 148.401 57.0 她 0
148.401 148.856 59.0 觉 0
148.856 149.31 61.0 得 0
149.31 150.22 57.0 对 0
150.22 150.675 55.0 的 0
150.675 151.13 57.0 选 0
151.13 152.381 54.0 择 1
153.424 153.874 57.0 我 0
153.879 154.334 50.0 只 0
154.334 155.244 50.0 好 0
155.244 155.585 57.0 祝 0
155.699 156.154 59.0 福 0
156.154 156.609 57.0 她 0
156.609 157.518 55.0 真 0
157.518 157.973 54.0 的 0
157.973 158.428 55.0 对 0
158.428 159.679 52.0 了 1
160.656 161.111 57.0 爱 0
161.111 161.565 50.0 不 0
161.565 161.907 50.0 到 0
162.02 162.93 57.0 我 0
162.93 163.385 59.0 最 0
163.385 163.84 61.0 想 0
163.84 164.75 57.0 要 0
164.75 165.205 59.0 爱 0
165.205 165.659 61.0 的 0
165.659 167.024 62.0 人 1
167.594 167.935 57.0 谁 0
167.935 168.389 57.0 还 0
168.389 168.835 57.0 能 0
168.843 169.296 57.0 要 0
169.296 170.2 62.0 我 0
170.204 170.658 57.0 怎 0
170.658 170.998 66.0 样 0
170.998 171.452 64.0 - 0
171.452 173.722 64.0 呢 1
173.902 174.356 57.0 我 0
174.356 174.81 64.0 爱 0
174.81 175.037 61.0 - 0
175.037 175.264 61.0 的 0
175.264 176.502 62.0 人 0
176.625 177.079 57.0 不 0
177.079 177.533 54.0 是 0
177.533 177.987 57.0 我 0
177.987 178.667 64.0 的 0
178.667 178.893 61.0 爱 0
178.894 180.256 62.0 人 1
180.407 180.634 57.0 她 0
180.634 181.088 54.0 心 0
181.088 181.542 57.0 里 0
181.542 181.768 64.0 每 0
181.768 182.449 66.0 一 0
182.449 182.903 62.0 寸 1
183.348 183.802 62.0 都 0
183.802 184.029 62.0 属 0
184.029 184.483 61.0 于 0
184.483 184.71 59.0 - 0
184.71 185.163 57.0 另 0
185.163 185.39 57.0 一 0
185.39 186.071 55.0 个 0
186.071 187.66 57.0 人 1
188.307 188.761 50.0 她 0
188.761 189.215 62.0 真 0
189.215 189.665 61.0 幸 0
189.669 191.031 59.0 福 0
191.031 191.484 54.0 幸 0
191.484 191.938 52.0 福 0
191.938 192.392 54.0 得 0
192.392 193.3 61.0 真 0
193.3 193.754 57.0 残 0
193.754 194.669 57.0 忍 1
194.893 195.12 57.0 让 0
195.12 195.574 62.0 我 0
195.574 195.801 64.0 又 0
195.801 196.141 64.0 爱 0
196.141 196.709 66.0 又 0
196.709 196.936 59.0 - 0
196.936 197.39 59.0 恨 1
197.469 197.922 59.0 她 0
197.922 198.149 61.0 的 0
198.149 198.609 62.0 爱 0
198.83 199.275 66.0 怎 0
199.284 199.511 64.0 么 0
199.511 199.965 64.0 那 0
199.965 200.078 62.0 - 0
200.192 200.419 62.0 么 0
200.419 201.865 64.0 深 1
202.864 203.318 58.0 我 0
203.318 203.772 65.0 爱 0
203.772 203.999 62.0 - 0
203.999 204.225 62.0 的 0
204.225 205.464 63.0 人 0
205.587 206.041 58.0 她 0
206.041 206.495 55.0 已 0
206.495 206.949 58.0 有 0
206.949 207.629 65.0 了 0
207.629 207.854 62.0 爱 0
207.856 209.218 63.0 人 1
209.391 209.732 58.0 从 0
209.732 210.186 55.0 他 0
210.186 210.639 58.0 们 0
210.639 210.866 65.0 的 0
210.866 211.547 67.0 眼 0
211.547 212.001 63.0 神 1
212.422 212.876 63.0 说 0
212.876 213.103 63.0 明 0
213.103 213.783 62.0 了 0
213.783 214.237 60.0 我 0
214.237 214.464 58.0 不 0
214.464 215.145 56.0 可 0
215.145 216.734 58.0 能 1
217.415 217.869 51.0 每 0
217.869 218.323 63.0 当 0
218.323 218.773 62.0 听 0
218.777 220.138 60.0 见 1
220.153 220.607 55.0 她 0
220.607 221.061 53.0 或 0
221.061 221.515 55.0 他 0
221.515 222.423 62.0 说 0
222.423 222.99 58.0 我 0
223.104 223.792 58.0 们 1
223.934 224.161 58.0 就 0
224.161 224.615 63.0 像 0
224.615 224.842 65.0 听 0
224.842 225.182 65.0 见 0
225.296 225.523 67.0 爱 0
225.523 225.977 60.0 - 0
225.977 226.431 60.0 情 1
226.485 226.938 60.0 永 0
226.938 227.392 62.0 恒 0
227.392 227.846 63.0 的 0
227.846 228.754 63.0 嘲 0
228.754 229.208 62.0 笑 0
229.208 231.363 63.0 声 1
231.917 232.371 51.0 每 0
232.371 232.825 62.0 当 0
232.825 233.275 62.0 听 0
233.278 234.64 60.0 见 1
234.702 235.156 55.0 她 0
235.156 235.61 53.0 或 0
235.61 236.064 55.0 他 0
236.064 237.198 62.0 说 0
237.312 237.539 60.0 我 0
237.539 238.227 58.0 们 1
238.415 238.642 58.0 就 0
238.642 239.096 63.0 像 0
239.096 239.322 65.0 听 0
239.322 239.663 65.0 见 0
239.776 240.003 65.0 爱 0
240.003 240.23 67.0 - 0
240.23 240.457 60.0 - 0
240.457 240.97 60.0 情 1
241.033 241.55 60.0 永 0
241.55 242.067 62.0 恒 0
242.067 242.584 63.0 的 0
242.584 243.619 63.0 嘲 0
243.619 244.653 62.0 笑 0
245.946 248.274 63.0 声 1
