37.107 37.37 50.0 如 0
37.37 37.896 52.0 果 0
37.896 38.319 55.0 再 0
38.319 38.741 55.0 回 0
38.741 39.164 55.0 到 0
39.164 39.375 52.0 从 0
39.375 40.431 57.0 前 0
40.431 40.854 52.0 所 0
40.854 41.276 50.0 有 0
41.276 41.699 57.0 一 0
41.699 42.121 59.0 切 0
42.121 42.544 55.0 重 0
42.544 43.811 55.0 演 1
44.234 44.657 50.0 我 0
44.657 45.079 59.0 是 0
45.079 45.502 62.0 否 0
45.502 45.924 62.0 会 0
45.924 46.347 59.0 明 0
46.347 47.192 64.0 白 0
47.192 47.826 62.0 生 0
47.826 48.037 64.0 活 0
48.037 48.459 62.0 重 0
48.459 49.727 59.0 点 1
50.467 50.89 52.0 不 0
50.89 51.312 55.0 怕 0
51.312 51.735 57.0 挫 0
51.735 52.157 57.0 折 0
52.157 52.58 55.0 打 0
52.58 53.847 57.0 击 0
53.847 54.27 55.0 没 0
54.27 54.692 55.0 有 0
54.692 55.115 57.0 空 0
55.115 55.537 57.0 虚 0
55.537 55.96 55.0 埋 0
55.96 57.228 52.0 怨 1
57.668 58.091 50.0 让 0
58.091 58.724 59.0 我 0
58.724 59.781 59.0 - 0
60.203 60.626 57.0 看 0
60.626 61.471 59.0 得 0
61.471 61.682 59.0 更 0
61.682 62.105 57.0 - 0
62.316 64.006 57.0 远 1
64.025 64.448 50.0 如 0
64.448 64.87 52.0 果 0
64.87 65.293 55.0 再 0
65.293 65.715 55.0 回 0
65.715 66.138 55.0 到 0
66.138 66.349 52.0 从 0
66.349 67.405 57.0 前 0
67.405 67.828 52.0 还 0
67.828 68.251 50.0 是 0
68.251 68.673 57.0 与 0
68.673 69.096 59.0 你 0
69.096 69.518 57.0 相 0
69.518 70.786 55.0 恋 1
71.258 71.681 50.0 你 0
71.681 72.116 62.0 是 0
72.116 72.55 62.0 否 0
72.55 72.985 62.0 会 0
72.985 73.42 59.0 在 0
73.42 74.289 64.0 乎 0
74.289 74.942 62.0 永 0
74.942 75.159 64.0 不 0
75.159 75.594 62.0 永 0
75.594 77.768 59.0 远 1
77.783 78.218 52.0 还 0
78.218 78.652 55.0 是 0
78.652 79.075 55.0 热 0
79.075 79.497 57.0 恋 0
79.497 79.92 55.0 以 0
79.92 81.188 57.0 后 0
81.188 81.61 55.0 简 0
81.61 82.033 55.0 短 0
82.033 82.449 57.0 说 0
82.449 82.866 57.0 声 0
82.866 83.283 55.0 再 0
83.283 84.533 52.0 见 1
85.027 85.444 50.0 给 0
85.444 86.069 62.0 我 0
86.069 87.111 59.0 - 0
87.527 87.944 55.0 一 0
87.944 88.361 55.0 点 0
88.361 88.777 52.0 空 0
88.777 90.492 55.0 间 1
91.339 91.767 55.0 我 0
91.767 92.196 57.0 不 0
92.196 93.91 59.0 再 0
94.767 95.196 57.0 轻 0
95.196 95.624 55.0 许 0
95.624 95.839 55.0 诺 0
95.839 97.339 52.0 言 1
98.127 98.555 55.0 不 0
98.555 98.984 57.0 再 0
98.984 99.841 59.0 为 0
99.841 100.466 59.0 谁 0
100.466 100.674 62.0 而 0
100.674 101.097 64.0 把 0
101.097 101.52 64.0 自 0
101.52 101.942 62.0 己 0
101.942 102.365 59.0 改 0
102.365 104.865 62.0 变 1
104.909 105.325 62.0 历 0
105.325 105.742 59.0 经 0
105.742 106.159 64.0 生 0
106.159 106.575 62.0 活 0
106.575 106.992 57.0 试 0
106.992 108.242 59.0 验 0
108.242 108.659 57.0 爱 0
108.659 109.075 55.0 情 0
109.075 109.492 57.0 挫 0
109.492 109.909 57.0 折 0
109.909 110.325 55.0 难 0
110.325 112.04 52.0 免 1
112.054 112.495 50.0 我 0
112.495 112.937 62.0 依 0
112.937 114.26 59.0 然 0
114.701 115.142 55.0 期 0
115.142 115.357 55.0 待 0
115.357 115.785 57.0 - 0
115.785 116.0 55.0 明 0
116.0 118.535 55.0 天 1
118.553 118.975 50.0 如 0
118.975 119.398 52.0 果 0
119.398 119.82 52.0 再 0
119.82 120.243 55.0 回 0
120.243 120.666 55.0 到 0
120.666 120.877 52.0 从 0
120.877 121.933 57.0 前 0
121.933 122.356 52.0 还 0
122.356 122.778 50.0 是 0
122.778 123.201 59.0 与 0
123.201 123.623 59.0 你 0
123.623 124.046 57.0 相 0
124.046 125.313 55.0 恋 1
125.718 126.14 50.0 你 0
126.14 126.563 59.0 是 0
126.563 126.986 62.0 否 0
126.986 127.408 62.0 会 0
127.408 127.831 59.0 在 0
127.831 128.042 62.0 乎 0
128.042 128.676 64.0 永 0
128.676 129.309 62.0 不 0
129.309 129.521 64.0 永 0
129.521 132.056 59.0 远 1
132.066 132.488 52.0 还 0
132.488 132.911 55.0 是 0
132.911 133.334 57.0 热 0
133.334 133.756 57.0 恋 0
133.756 134.179 55.0 以 0
134.179 135.446 57.0 后 0
135.446 135.869 57.0 简 0
135.869 136.291 55.0 短 0
136.291 136.714 59.0 说 0
136.714 137.136 57.0 声 0
137.136 137.559 55.0 再 0
137.559 138.827 52.0 见 1
139.186 139.609 50.0 给 0
139.609 141.721 59.0 我 0
141.721 142.144 55.0 一 0
142.144 142.566 55.0 点 0
142.566 142.989 52.0 空 0
142.989 146.369 55.0 间 1
172.698 173.139 55.0 我 0
173.139 173.581 57.0 不 0
173.581 175.247 59.0 再 0
176.081 176.497 57.0 轻 0
176.497 176.914 55.0 许 0
176.914 177.336 55.0 诺 0
177.336 178.604 52.0 言 1
179.466 179.895 55.0 不 0
179.895 180.323 57.0 再 0
180.323 181.18 59.0 为 0
181.18 181.823 59.0 谁 0
181.823 182.038 62.0 而 0
182.038 182.466 64.0 把 0
182.466 182.895 64.0 自 0
182.895 183.323 62.0 己 0
183.323 183.752 59.0 改 0
183.752 186.323 62.0 变 1
186.367 186.796 62.0 历 0
186.796 187.224 59.0 经 0
187.224 187.653 64.0 生 0
187.653 188.082 62.0 活 0
188.082 188.51 57.0 试 0
188.51 189.796 59.0 验 0
189.796 190.224 57.0 爱 0
190.224 190.653 55.0 情 0
190.653 191.082 59.0 挫 0
191.082 191.51 57.0 折 0
191.51 191.939 55.0 难 0
191.939 193.224 52.0 免 1
193.587 194.016 50.0 我 0
194.016 194.432 62.0 依 0
194.432 195.682 59.0 然 0
196.099 196.516 57.0 期 0
196.516 196.724 55.0 待 0
196.724 197.141 57.0 - 0
197.141 197.349 55.0 明 0
197.349 199.016 55.0 天 1
199.749 200.166 51.0 如 0
200.166 200.582 53.0 果 0
200.582 201.011 53.0 再 0
201.011 201.439 56.0 回 0
201.439 201.868 56.0 到 0
201.868 202.082 53.0 从 0
202.082 203.154 58.0 前 0
203.154 203.582 53.0 所 0
203.582 204.011 51.0 有 0
204.011 204.439 60.0 一 0
204.439 204.868 60.0 切 0
204.868 205.297 58.0 重 0
205.297 206.582 56.0 演 1
207.103 207.531 51.0 我 0
207.531 207.96 60.0 是 0
207.96 208.389 63.0 否 0
208.389 208.817 63.0 会 0
208.817 209.246 60.0 明 0
209.246 210.103 65.0 白 0
210.103 210.746 63.0 生 0
210.746 210.96 65.0 活 0
210.96 211.389 63.0 重 0
211.389 212.674 60.0 点 1
213.404 213.82 53.0 不 0
213.82 214.237 56.0 怕 0
214.237 214.654 58.0 挫 0
214.654 215.07 58.0 折 0
215.07 215.487 56.0 打 0
215.487 216.737 58.0 击 0
216.737 217.154 58.0 没 0
217.154 217.57 56.0 有 0
217.57 217.993 60.0 空 0
217.993 218.415 58.0 虚 0
218.415 218.838 56.0 埋 0
218.838 220.105 53.0 怨 1
220.633 221.055 51.0 让 0
221.055 221.689 61.0 我 0
221.689 222.746 60.0 - 0
223.168 223.591 60.0 看 0
223.591 224.224 60.0 得 0
224.224 224.436 58.0 - 0
224.436 224.864 60.0 更 0
224.864 226.15 58.0 远 1
226.975 227.404 51.0 如 0
227.404 227.832 53.0 果 0
227.832 228.261 53.0 再 0
228.261 228.689 56.0 回 0
228.689 229.118 56.0 到 0
229.118 229.332 53.0 从 0
229.332 230.404 58.0 前 0
230.404 230.832 53.0 还 0
230.832 231.261 51.0 是 0
231.261 231.689 58.0 与 0
231.689 232.118 60.0 你 0
232.118 232.547 58.0 相 0
232.547 233.809 56.0 恋 1
234.221 234.638 51.0 你 0
234.638 235.055 63.0 是 0
235.055 235.471 63.0 否 0
235.471 235.888 63.0 会 0
235.888 236.305 60.0 在 0
236.305 236.513 63.0 乎 0
236.513 237.138 65.0 永 0
237.138 237.763 63.0 - 0
237.763 237.971 65.0 不 0
237.971 238.394 63.0 永 0
238.394 239.661 60.0 远 1
240.534 240.957 53.0 还 0
240.957 241.379 56.0 是 0
241.379 241.808 56.0 热 0
241.808 242.237 58.0 恋 0
242.237 242.665 56.0 以 0
242.665 243.951 58.0 后 0
243.951 244.379 58.0 简 0
244.379 244.808 56.0 短 0
244.808 245.237 60.0 说 0
245.237 245.665 58.0 声 0
245.665 246.094 56.0 再 0
246.094 247.379 53.0 见 1
247.842 248.271 51.0 给 0
248.271 248.913 61.0 我 0
248.913 249.985 60.0 - 0
250.413 250.842 56.0 一 0
250.842 251.271 56.0 点 0
251.271 251.699 53.0 空 0
251.699 253.413 56.0 间 1
