25.448 25.71 58.0 风 0
25.801 26.151 58.0 - 0
26.154 26.769 56.0 吹 0
27.213 27.827 53.0 雨 0
27.919 29.239 54.0 成 0
31.167 31.429 58.0 花 0
31.52 31.87 58.0 时 0
31.873 32.223 56.0 间 0
32.226 32.576 54.0 追 0
32.579 32.929 56.0 不 0
32.932 33.282 61.0 上 0
33.285 33.458 58.0 白 0
33.638 35.047 58.0 马 0
36.784 37.046 63.0 你 0
37.137 37.487 63.0 - 0
37.49 38.017 61.0 年 0
38.196 38.546 58.0 少 0
38.549 38.899 56.0 掌 0
38.902 39.605 58.0 心 0
39.608 39.958 56.0 的 0
39.961 40.134 54.0 梦 0
40.314 41.193 54.0 - 0
41.71 42.413 58.0 话 0
42.416 42.766 56.0 依 0
42.769 43.119 54.0 然 0
43.122 43.737 56.0 紧 0
44.181 44.531 53.0 握 0
44.534 44.796 51.0 着 0
44.887 46.384 51.0 吗 0
48.074 48.336 58.0 云 0
48.427 48.777 58.0 - 0
48.78 49.483 56.0 翻 0
49.839 50.454 53.0 涌 0
50.545 52.307 54.0 成 0
53.723 53.985 58.0 夏 0
54.076 54.426 58.0 眼 0
54.429 54.779 56.0 泪 0
54.782 55.132 54.0 被 0
55.135 55.485 56.0 岁 0
55.488 55.838 61.0 月 0
55.841 56.191 58.0 蒸 0
56.282 57.956 58.0 - 0
59.31 59.572 63.0 发 0
59.663 60.013 63.0 这 0
60.016 60.366 61.0 条 0
60.369 60.543 58.0 路 0
60.722 61.072 58.0 - 0
61.075 61.425 56.0 上 0
61.428 62.131 58.0 的 0
62.134 62.484 56.0 你 0
62.487 62.837 54.0 我 0
62.84 63.543 54.0 - 0
64.267 64.969 58.0 她 0
64.972 65.322 56.0 有 0
65.325 65.587 54.0 谁 0
65.678 66.293 56.0 迷 0
66.737 67.087 54.0 路 0
67.09 67.793 54.0 了 0
73.489 73.839 58.0 吗 0
73.842 74.104 61.0 我 0
74.195 74.633 63.0 们 0
74.901 75.604 66.0 说 0
75.607 76.31 65.0 好 0
76.665 76.927 61.0 不 0
77.018 77.81 58.0 分 0
78.066 78.328 54.0 离 0
78.419 79.122 54.0 要 0
79.478 79.74 63.0 一 0
79.831 80.181 63.0 直 0
80.184 80.446 61.0 一 0
80.537 80.799 58.0 直 0
80.89 81.152 56.0 在 0
81.243 83.446 58.0 一 0
84.841 85.191 58.0 起 0
85.194 85.456 61.0 就 0
85.547 86.25 63.0 算 0
86.253 86.956 66.0 与 0
86.959 87.573 65.0 时 0
87.665 87.926 58.0 间 0
88.018 88.368 58.0 为 0
88.371 89.073 66.0 敌 0
89.324 89.674 58.0 就 0
89.677 90.292 56.0 - 0
90.736 90.998 63.0 算 0
91.089 91.439 63.0 与 0
91.442 91.704 61.0 全 0
91.795 92.145 58.0 世 0
92.148 92.498 56.0 界 0
92.501 92.674 54.0 背 0
92.854 93.998 54.0 - 0
107.359 107.621 58.0 离 0
107.712 108.062 58.0 风 0
108.065 108.68 56.0 吹 0
109.124 109.739 53.0 亮 0
109.83 111.151 54.0 雪 0
113.11 113.372 58.0 花 0
113.463 113.725 58.0 吹 0
113.816 114.166 56.0 白 0
114.169 114.519 54.0 我 0
114.522 114.872 56.0 们 0
114.875 115.225 61.0 的 0
115.228 115.402 58.0 头 0
115.581 116.99 58.0 - 0
118.709 118.971 63.0 发 0
119.062 119.412 63.0 当 0
119.415 119.942 61.0 初 0
120.121 120.471 58.0 说 0
120.474 120.824 56.0 一 0
120.827 121.53 58.0 起 0
121.533 121.883 56.0 闯 0
121.886 122.059 54.0 天 0
122.239 123.118 54.0 - 0
123.66 124.363 58.0 下 0
124.366 124.716 56.0 你 0
124.718 125.068 54.0 们 0
125.071 125.686 56.0 还 0
126.13 126.48 53.0 记 0
126.483 126.745 51.0 得 0
126.836 128.333 51.0 - 0
129.993 130.254 58.0 吗 0
130.346 130.696 58.0 那 0
130.698 131.401 56.0 一 0
131.757 132.372 53.0 年 0
132.463 134.225 54.0 盛 0
135.738 135.999 58.0 夏 0
136.091 136.441 58.0 心 0
136.444 136.794 56.0 愿 0
136.796 137.146 54.0 许 0
137.149 137.499 56.0 的 0
137.502 137.852 61.0 无 0
137.855 138.205 58.0 限 0
138.208 139.97 58.0 大 0
141.248 141.509 63.0 我 0
141.601 141.951 63.0 们 0
141.954 142.48 61.0 手 0
142.659 143.009 58.0 拉 0
143.012 143.362 56.0 手 0
143.365 144.068 58.0 也 0
144.071 144.421 56.0 成 0
144.424 144.774 54.0 - 0
144.777 145.48 54.0 舟 0
146.18 146.883 58.0 划 0
146.886 147.236 56.0 - 0
147.239 147.5 54.0 过 0
147.592 148.206 56.0 悲 0
148.65 149.0 54.0 伤 0
149.003 149.706 54.0 河 0
155.348 155.698 58.0 流 0
155.701 155.963 61.0 你 0
156.054 156.492 63.0 曾 0
156.76 157.463 66.0 说 0
157.466 158.169 65.0 过 0
158.525 158.787 61.0 不 0
158.878 159.669 58.0 分 0
160.032 160.293 54.0 离 0
160.384 161.087 54.0 要 0
161.443 161.705 63.0 一 0
161.796 162.146 63.0 直 0
162.149 162.411 61.0 一 0
162.502 162.764 58.0 直 0
162.855 163.117 56.0 在 0
163.208 165.411 58.0 一 0
166.799 167.149 58.0 起 0
167.152 167.414 61.0 现 0
167.505 168.208 63.0 在 0
168.211 168.914 66.0 我 0
168.917 169.532 65.0 想 0
169.623 169.885 58.0 问 0
169.976 170.326 58.0 问 0
170.329 171.032 66.0 你 0
171.277 171.627 58.0 是 0
171.63 172.244 56.0 否 0
172.688 172.95 63.0 只 0
173.041 173.391 63.0 是 0
173.394 173.656 61.0 童 0
173.747 174.009 58.0 言 0
174.1 174.45 56.0 无 0
174.453 175.95 54.0 忌 0
178.095 178.445 58.0 天 0
178.447 178.709 61.0 真 0
178.8 179.239 63.0 岁 0
179.506 180.209 66.0 月 0
180.212 180.915 65.0 不 0
181.271 181.621 61.0 忍 0
181.624 182.415 58.0 欺 0
182.563 182.825 54.0 青 0
182.916 183.619 54.0 - 0
183.975 184.236 63.0 春 0
184.327 184.677 63.0 荒 0
184.68 184.942 61.0 唐 0
185.033 185.295 58.0 我 0
185.386 185.648 56.0 不 0
185.739 187.942 58.0 负 0
189.352 189.702 58.0 你 0
189.705 189.966 61.0 大 0
190.058 190.76 63.0 雪 0
190.763 191.466 66.0 求 0
191.469 192.084 65.0 你 0
192.175 192.437 58.0 别 0
192.528 192.878 58.0 抹 0
192.881 193.584 66.0 去 0
193.865 194.215 58.0 我 0
194.218 194.833 56.0 们 0
195.277 195.538 63.0 在 0
195.63 195.98 63.0 一 0
195.983 196.244 61.0 起 0
196.335 196.597 58.0 的 0
196.688 197.038 56.0 痕 0
197.041 197.394 54.0 - 0
197.394 198.715 54.0 迹 0
200.495 200.845 58.0 大 0
200.848 201.109 61.0 - 0
201.201 201.904 63.0 雪 0
201.907 202.609 66.0 也 0
202.612 203.227 65.0 无 0
203.318 203.58 58.0 法 0
203.671 204.021 58.0 - 0
204.024 204.418 68.0 抹 0
204.421 204.948 66.0 去 0
205.255 205.605 58.0 - 0
205.608 206.223 56.0 我 0
206.667 206.929 63.0 们 0
207.02 207.37 63.0 给 0
207.373 207.634 61.0 彼 0
207.726 207.987 58.0 此 0
208.079 208.429 56.0 的 0
208.431 208.784 54.0 印 0
208.784 209.929 54.0 记 0
211.782 212.397 58.0 今 0
212.488 213.102 56.0 - 0
213.547 214.25 53.0 夕 0
214.252 215.661 54.0 何 0
217.919 218.269 58.0 夕 0
218.272 218.798 56.0 青 0
219.375 219.725 61.0 草 0
219.728 219.901 58.0 离 0
220.081 221.401 58.0 离 0
223.15 223.5 63.0 明 0
223.503 223.676 61.0 - 0
223.856 224.206 61.0 - 0
224.209 224.471 58.0 月 0
224.562 224.912 58.0 - 0
224.915 225.265 56.0 夜 0
225.268 225.971 58.0 送 0
225.974 226.324 56.0 君 0
226.326 226.5 54.0 千 0
226.679 227.382 54.0 - 0
228.032 228.559 58.0 里 0
228.562 228.735 56.0 等 0
228.738 229.088 56.0 - 0
229.091 229.441 54.0 来 0
229.444 230.059 56.0 年 0
230.591 231.117 53.0 秋 0
231.12 231.562 51.0 风 0
231.562 233.5 51.0 - 0
