9.491 9.876 54.0 愿 0
9.891 10.261 54.0 做 0
10.261 10.645 54.0 - 0
10.645 11.03 52.0 - 0
11.03 11.414 54.0 菩 0
11.799 12.184 57.0 萨 0
12.184 12.568 59.0 - 0
12.583 13.337 61.0 那 0
13.337 14.107 61.0 朵 0
14.107 14.684 61.0 莲 0
14.684 15.261 59.0 - 0
15.261 15.645 57.0 - 1
15.66 16.045 59.0 修 0
16.045 16.429 59.0 炼 0
16.814 17.199 57.0 - 0
17.214 17.968 59.0 心 0
17.968 18.545 59.0 法 0
18.545 18.737 61.0 - 0
18.737 19.314 59.0 永 0
19.314 19.506 61.0 - 0
19.506 19.891 57.0 无 0
19.891 20.276 59.0 杂 0
20.276 21.237 54.0 念 1
21.764 22.149 54.0 花 0
22.149 22.533 57.0 开 0
22.533 22.918 54.0 - 0
22.918 23.302 52.0 - 0
23.302 23.687 54.0 花 0
24.072 24.456 57.0 落 0
24.472 24.841 59.0 在 0
24.841 25.61 59.0 你 0
25.61 26.379 59.0 身 0
26.379 26.956 59.0 边 0
26.956 27.533 57.0 - 0
27.533 27.918 59.0 - 1
28.233 28.602 59.0 做 0
28.602 28.987 59.0 前 0
28.987 29.371 61.0 世 0
29.371 29.948 64.0 今 0
29.948 30.525 59.0 生 0
30.54 30.91 59.0 的 0
30.91 31.487 52.0 水 0
31.502 33.217 54.0 莲 1
37.125 37.509 49.0 善 0
37.524 37.894 54.0 因 0
37.894 38.278 54.0 结 0
38.278 38.663 52.0 善 0
38.663 39.048 49.0 缘 1
39.478 39.863 49.0 慈 0
39.863 40.248 52.0 悲 0
40.248 40.824 54.0 大 0
40.824 41.017 57.0 - 0
41.017 41.401 54.0 无 0
41.401 41.786 52.0 - 0
41.786 42.555 54.0 边 1
43.25 43.635 54.0 宽 0
43.65 44.02 59.0 阔 0
44.02 44.404 59.0 的 0
44.404 44.789 61.0 胸 0
44.789 45.174 59.0 怀 1
45.539 45.924 57.0 动 0
45.924 46.308 54.0 感 0
46.308 46.693 52.0 天 0
46.693 47.078 54.0 - 0
47.078 47.462 54.0 地 0
47.462 47.847 52.0 - 0
47.847 48.616 49.0 间 1
49.367 49.752 49.0 斩 0
49.863 50.137 57.0 断 0
50.137 50.521 57.0 尘 0
50.521 50.906 52.0 世 0
50.906 51.29 49.0 缘 1
51.735 52.12 52.0 烦 0
52.12 52.504 54.0 恼 0
52.504 53.273 59.0 丢 0
53.273 53.658 59.0 一 0
53.658 54.043 59.0 - 0
54.043 55.004 59.0 边 1
55.628 56.013 54.0 跪 0
56.028 56.397 54.0 拜 0
56.397 56.782 59.0 在 0
56.782 57.167 61.0 佛 0
57.167 57.551 59.0 前 1
57.93 58.314 59.0 常 0
58.314 58.699 61.0 常 0
58.699 59.276 52.0 把 0
59.468 59.853 54.0 经 0
59.853 60.238 57.0 - 0
60.238 60.622 54.0 - 0
60.622 62.545 54.0 念 1
64.877 65.262 54.0 愿 0
65.262 65.646 57.0 做 0
65.646 66.031 54.0 - 0
66.031 66.415 52.0 - 0
66.415 66.8 54.0 菩 0
67.185 67.569 57.0 萨 0
67.569 67.954 59.0 - 0
67.969 68.354 59.0 那 0
68.354 68.723 61.0 - 0
68.723 69.492 61.0 朵 0
69.492 70.069 61.0 莲 0
70.069 70.646 61.0 - 0
70.646 71.031 57.0 - 1
71.04 71.424 59.0 修 0
71.424 71.809 59.0 炼 0
72.194 72.578 57.0 - 0
72.578 73.347 59.0 心 0
73.347 73.924 59.0 法 0
73.924 74.117 61.0 - 0
74.117 74.501 59.0 开 0
74.501 74.886 61.0 - 0
74.886 75.271 57.0 的 0
75.271 75.655 59.0 娇 0
75.655 76.617 54.0 艳 1
77.005 77.389 54.0 那 0
77.404 77.774 54.0 河 0
77.774 78.158 54.0 - 0
78.158 78.543 52.0 水 0
78.543 78.928 54.0 声 0
79.312 79.697 57.0 荡 0
79.712 80.082 59.0 - 0
80.082 80.851 59.0 在 0
80.851 81.62 59.0 心 0
81.62 82.197 59.0 间 0
82.197 82.774 57.0 - 0
82.774 83.158 59.0 - 1
83.556 83.941 61.0 有 0
83.941 84.325 61.0 如 0
84.325 84.71 61.0 歌 0
84.71 85.095 59.0 声 0
85.095 85.479 61.0 般 0
85.494 85.864 64.0 地 0
85.864 86.248 59.0 迷 0
86.264 88.171 61.0 恋 1
89.487 89.872 54.0 愿 0
89.872 90.256 57.0 做 0
90.256 90.641 54.0 - 0
90.641 91.026 52.0 - 0
91.026 91.41 54.0 菩 0
91.795 92.18 57.0 萨 0
92.18 92.564 59.0 - 0
92.579 93.333 61.0 那 0
93.333 94.103 61.0 朵 0
94.103 94.68 61.0 莲 0
94.68 95.256 61.0 - 0
95.256 95.641 57.0 - 1
95.641 96.026 59.0 修 0
96.026 96.41 59.0 炼 0
96.795 97.18 57.0 - 0
97.18 97.949 59.0 心 0
97.949 98.526 59.0 法 0
98.526 98.718 61.0 - 0
98.718 99.295 59.0 永 0
99.295 99.487 61.0 - 0
99.487 99.872 57.0 无 0
99.872 100.256 59.0 杂 0
100.256 100.641 54.0 念 0
100.641 101.026 54.0 - 1
101.669 102.054 54.0 花 0
102.054 102.438 57.0 开 0
102.438 102.823 54.0 - 0
102.823 103.207 52.0 - 0
103.207 103.592 54.0 花 0
103.977 104.361 57.0 落 0
104.376 104.746 59.0 在 0
104.746 105.515 59.0 你 0
105.515 106.284 59.0 身 0
106.284 106.861 59.0 边 0
106.861 107.438 57.0 - 0
107.438 107.823 59.0 - 1
108.299 108.684 61.0 做 0
108.684 109.069 59.0 前 0
109.069 109.453 61.0 世 0
109.468 109.661 61.0 今 0
109.661 110.03 64.0 - 0
110.03 110.607 59.0 生 0
110.607 110.992 61.0 的 0
110.992 111.569 52.0 水 0
111.584 113.684 54.0 莲 1
125.485 125.87 57.0 啊 0
125.87 126.254 56.0 - 0
126.254 127.793 54.0 啊 0
128.577 130.87 59.0 - 0
131.639 132.024 59.0 啊 0
132.024 132.408 57.0 - 0
132.408 133.947 56.0 啊 0
134.731 137.408 54.0 - 1
138.583 138.968 49.0 善 0
138.968 139.352 57.0 因 0
139.352 139.737 54.0 结 0
139.737 140.121 52.0 善 0
140.121 140.506 49.0 缘 1
140.978 141.362 49.0 慈 0
141.362 141.747 52.0 悲 0
141.747 142.324 54.0 大 0
142.324 142.516 57.0 - 0
142.516 142.901 54.0 无 0
142.901 143.285 52.0 - 0
143.285 144.055 54.0 边 1
144.75 145.134 54.0 宽 0
145.15 145.519 59.0 阔 0
145.519 145.904 59.0 的 0
145.904 146.288 61.0 胸 0
146.288 146.673 59.0 怀 1
147.12 147.504 57.0 动 0
147.504 147.889 54.0 感 0
147.889 148.273 52.0 天 0
148.273 148.658 54.0 - 0
148.658 149.043 54.0 地 0
149.043 149.427 52.0 - 0
149.427 150.196 49.0 间 1
151.021 151.405 49.0 斩 0
151.405 151.79 57.0 断 0
151.79 152.175 57.0 尘 0
152.175 152.559 52.0 世 0
152.559 152.944 49.0 缘 1
153.284 153.669 52.0 烦 0
153.669 154.054 54.0 恼 0
154.054 154.823 59.0 丢 0
154.823 155.207 59.0 一 0
155.207 155.592 61.0 - 0
155.592 156.554 59.0 边 1
157.013 157.397 54.0 跪 0
157.46 157.782 59.0 拜 0
157.782 158.166 59.0 在 0
158.166 158.551 61.0 佛 0
158.551 158.936 59.0 前 1
159.478 159.863 59.0 常 0
159.863 160.247 61.0 常 0
160.247 161.017 52.0 把 0
161.017 161.401 54.0 经 0
161.401 161.786 57.0 - 0
161.786 162.171 54.0 - 0
162.171 164.094 54.0 念 1
166.401 166.786 54.0 愿 0
166.786 167.17 57.0 做 0
167.17 167.555 54.0 - 0
167.555 167.94 52.0 - 0
167.94 168.324 54.0 菩 0
168.709 169.094 57.0 萨 0
169.094 169.478 59.0 那 0
169.493 170.247 61.0 - 0
170.247 171.017 61.0 朵 0
171.017 171.594 61.0 莲 0
171.594 172.17 61.0 - 0
172.17 172.555 57.0 - 1
172.566 172.951 59.0 修 0
172.951 173.335 59.0 炼 0
173.72 174.105 57.0 - 0
174.105 174.874 59.0 心 0
174.874 175.451 59.0 法 0
175.451 175.643 61.0 - 0
175.643 176.028 59.0 开 0
176.028 176.412 61.0 - 0
176.412 176.797 57.0 的 0
176.797 177.181 59.0 娇 0
177.181 178.143 54.0 艳 1
178.692 179.077 54.0 那 0
179.077 179.461 57.0 河 0
179.461 179.846 54.0 - 0
179.846 180.23 52.0 水 0
180.23 180.615 54.0 声 0
181.0 181.384 57.0 荡 0
181.399 181.769 59.0 - 0
181.769 182.538 59.0 在 0
182.538 183.307 59.0 心 0
183.307 183.884 59.0 间 0
183.884 184.461 57.0 - 0
184.461 184.846 59.0 - 1
185.222 185.607 61.0 有 0
185.607 185.992 61.0 如 0
185.992 186.376 61.0 歌 0
186.376 186.761 59.0 声 0
186.761 187.145 61.0 般 0
187.161 187.53 61.0 地 0
187.53 187.915 59.0 迷 0
187.915 190.03 61.0 恋 1
190.913 191.297 54.0 愿 0
191.297 191.682 57.0 做 0
191.682 192.066 54.0 - 0
192.066 192.451 52.0 - 0
192.451 192.836 54.0 菩 0
193.22 193.605 57.0 萨 0
193.605 193.99 59.0 那 0
194.005 194.759 61.0 - 0
194.759 195.528 61.0 朵 0
195.528 196.105 61.0 莲 0
196.105 196.682 61.0 - 0
196.682 197.066 57.0 - 1
197.167 197.552 59.0 修 0
197.552 197.937 59.0 炼 0
198.321 198.706 57.0 - 0
198.706 199.475 59.0 心 0
199.475 200.052 59.0 法 0
200.052 200.244 61.0 - 0
200.244 200.821 59.0 永 0
200.821 201.014 59.0 - 0
201.014 201.398 57.0 无 0
201.398 201.783 59.0 杂 0
201.783 202.552 54.0 念 1
203.173 203.558 54.0 花 0
203.558 203.943 57.0 开 0
203.943 204.327 54.0 - 0
204.327 204.712 52.0 - 0
204.712 205.096 54.0 花 0
205.481 205.866 57.0 落 0
205.881 206.25 59.0 在 0
206.25 207.019 59.0 你 0
207.019 207.789 59.0 身 0
207.789 208.366 59.0 边 0
208.366 208.943 57.0 - 0
208.943 209.327 59.0 - 1
209.88 210.264 61.0 做 0
210.264 210.649 59.0 前 0
210.649 211.034 61.0 世 0
211.049 211.241 61.0 今 0
211.241 211.611 64.0 - 0
211.611 212.187 59.0 生 0
212.187 212.572 61.0 的 0
212.572 213.149 52.0 水 0
213.149 215.264 54.0 莲 1
215.475 215.86 54.0 愿 0
215.86 216.244 57.0 做 0
216.244 216.629 54.0 - 0
216.629 217.013 52.0 - 0
217.013 217.398 54.0 菩 0
217.783 218.167 57.0 萨 0
218.167 218.552 59.0 那 0
218.567 219.321 61.0 - 0
219.321 220.09 61.0 朵 0
220.09 220.667 61.0 莲 0
220.667 221.244 61.0 - 0
221.244 221.629 57.0 - 1
221.75 222.134 59.0 修 0
222.134 222.519 59.0 炼 0
222.904 223.288 57.0 - 0
223.288 224.058 59.0 心 0
224.058 224.634 59.0 法 0
224.634 224.827 61.0 - 0
224.827 225.211 59.0 开 0
225.211 225.596 61.0 - 0
225.596 225.981 57.0 的 0
225.981 226.365 59.0 娇 0
226.365 227.327 54.0 艳 1
227.967 228.351 54.0 那 0
228.351 228.736 57.0 河 0
228.736 229.121 54.0 - 0
229.121 229.505 52.0 水 0
229.505 229.89 54.0 声 0
230.274 230.659 57.0 荡 0
230.659 231.044 61.0 - 0
231.044 231.813 59.0 在 0
231.813 232.582 59.0 心 0
232.582 233.159 59.0 间 0
233.159 233.736 57.0 - 0
233.736 234.121 59.0 - 1
234.441 234.826 61.0 有 0
234.826 235.21 61.0 如 0
235.21 235.595 61.0 歌 0
235.595 235.98 59.0 声 0
235.98 236.364 61.0 般 0
236.379 236.749 61.0 地 0
236.749 237.133 59.0 迷 0
237.133 239.826 61.0 恋 1
