12.158 12.337 63.0 看 0
12.337 12.515 61.0 着 0
12.515 12.872 63.0 你 0
12.872 13.051 61.0 和 0
13.051 13.587 63.0 她 0
13.855 14.301 61.0 走 0
14.301 14.48 66.0 到 0
14.48 14.658 59.0 我 0
14.658 15.015 59.0 面 0
15.015 16.087 59.0 前 1
17.153 17.51 61.0 微 0
17.51 17.689 63.0 笑 0
17.689 17.867 61.0 地 0
17.867 18.046 63.0 对 0
18.046 18.225 61.0 我 0
18.225 18.582 63.0 说 0
18.582 18.939 66.0 声 1
19.276 19.722 64.0 好 0
19.722 20.079 63.0 久 0
20.079 20.436 61.0 不 0
20.436 21.865 63.0 见 1
23.61 23.788 66.0 如 0
23.788 23.967 68.0 果 0
23.967 24.324 68.0 当 0
24.324 24.503 68.0 初 0
24.503 24.681 64.0 没 0
24.681 25.038 66.0 - 0
25.038 25.395 59.0 有 0
26.735 27.36 61.0 我 0
27.36 27.538 63.0 的 0
27.538 27.895 59.0 成 0
27.895 28.431 59.0 全 1
28.462 28.641 61.0 是 0
28.641 28.819 61.0 不 0
28.819 28.998 63.0 是 0
28.998 29.355 64.0 今 0
29.355 29.712 66.0 天 0
29.712 30.069 64.0 还 0
30.069 30.426 63.0 在 0
30.426 30.605 61.0 原 0
30.605 30.962 63.0 - 0
30.962 31.498 59.0 地 0
31.498 32.212 59.0 盘 0
32.212 33.998 61.0 旋 1
35.102 35.281 63.0 不 0
35.281 35.459 61.0 为 0
35.459 35.817 63.0 了 0
35.817 35.995 61.0 勉 0
35.995 36.888 63.0 强 0
36.888 37.245 61.0 可 0
37.245 37.424 66.0 笑 0
37.424 37.602 59.0 的 0
37.602 37.959 59.0 尊 0
37.959 38.674 59.0 严 1
40.103 40.46 61.0 所 0
40.46 40.639 63.0 有 0
40.639 40.818 61.0 的 0
40.818 40.996 63.0 悲 0
40.996 41.175 61.0 伤 0
41.175 41.532 63.0 丢 0
41.532 42.246 66.0 在 1
42.329 42.686 64.0 分 0
42.686 43.043 63.0 手 0
43.043 43.401 61.0 那 0
43.401 44.829 63.0 天 1
46.585 46.763 68.0 未 0
46.763 46.942 68.0 必 0
46.942 47.299 68.0 永 0
47.299 47.478 68.0 远 0
47.478 47.656 64.0 才 0
47.656 48.013 66.0 - 0
48.013 48.549 59.0 算 0
49.799 49.978 59.0 爱 0
49.978 50.335 61.0 - 0
50.335 50.513 63.0 得 0
50.513 50.871 61.0 完 0
50.871 51.228 59.0 全 1
51.387 51.566 61.0 一 0
51.566 51.744 63.0 个 0
51.744 51.923 64.0 人 0
51.923 52.28 66.0 的 0
52.28 52.548 71.0 成 0
52.548 52.994 71.0 全 1
53.037 53.216 64.0 好 0
53.216 53.395 66.0 过 0
53.395 53.573 68.0 三 0
53.573 53.752 66.0 个 0
53.752 54.109 66.0 人 0
54.109 54.466 63.0 的 0
54.466 54.823 61.0 纠 0
54.823 56.252 59.0 结 1
58.543 58.99 63.0 我 0
58.99 59.347 63.0 对 0
59.347 59.704 64.0 你 0
59.704 60.061 66.0 付 0
60.061 60.418 68.0 出 0
60.418 61.133 66.0 的 0
61.133 61.49 71.0 青 0
61.49 62.026 66.0 春 0
62.204 62.561 64.0 这 0
62.561 62.918 61.0 么 0
62.918 63.276 64.0 多 0
63.276 63.99 63.0 年 1
64.339 64.696 59.0 换 0
64.696 65.053 59.0 来 0
65.053 65.41 61.0 了 0
65.41 65.768 63.0 一 0
65.768 66.125 64.0 句 1
66.237 66.951 66.0 谢 0
66.951 67.665 61.0 谢 0
67.665 68.022 64.0 你 0
68.022 68.38 63.0 的 0
68.38 68.737 61.0 成 0
68.737 69.094 61.0 全 0
69.094 69.808 63.0 - 1
70.009 70.366 63.0 成 0
70.366 70.724 63.0 全 0
70.724 71.081 64.0 了 0
71.081 71.438 66.0 你 0
71.438 71.795 68.0 的 0
71.795 72.509 70.0 潇 0
72.509 73.224 63.0 洒 0
73.224 73.581 63.0 与 0
73.581 74.295 61.0 冒 0
74.295 74.652 63.0 险 0
74.652 75.366 59.0 - 1
75.831 76.188 59.0 成 0
76.188 76.545 68.0 全 0
76.545 76.902 70.0 了 0
76.902 77.259 71.0 我 0
77.259 77.616 70.0 的 0
77.616 78.688 68.0 碧 0
78.688 79.581 66.0 海 0
79.759 80.116 68.0 蓝 0
80.116 80.473 66.0 天 0
80.473 81.188 66.0 - 1
81.48 81.837 63.0 她 0
81.837 82.194 63.0 许 0
82.194 82.551 64.0 你 0
82.551 82.908 66.0 的 0
82.908 83.266 68.0 海 0
83.266 83.98 66.0 誓 0
83.98 84.337 71.0 山 0
84.337 85.051 66.0 盟 0
85.051 85.408 64.0 蜜 0
85.408 85.766 61.0 语 0
85.766 86.123 64.0 甜 0
86.123 86.837 63.0 言 1
87.234 87.591 59.0 我 0
87.591 87.948 59.0 只 0
87.948 88.306 61.0 有 0
88.306 88.663 63.0 一 0
88.663 89.02 64.0 句 1
89.053 89.767 66.0 不 0
89.767 90.481 61.0 后 0
90.481 90.839 64.0 悔 0
90.839 91.196 63.0 的 0
91.196 91.553 61.0 成 0
91.553 92.624 63.0 全 1
92.973 93.331 63.0 成 0
93.331 93.688 63.0 全 0
93.688 94.045 64.0 了 0
94.045 94.402 66.0 你 0
94.402 94.759 68.0 的 0
94.759 95.473 70.0 今 0
95.473 96.188 63.0 天 0
96.188 96.545 63.0 与 0
96.545 97.259 70.0 明 0
97.259 97.795 71.0 天 0
97.795 98.331 68.0 - 1
98.75 99.107 68.0 成 0
99.107 99.464 66.0 全 0
99.464 99.821 68.0 了 0
99.821 100.178 66.0 我 0
100.178 100.535 68.0 的 0
100.535 101.607 66.0 下 0
101.607 103.393 61.0 个 0
105.535 106.25 61.0 夏 0
106.25 106.964 59.0 天 1
117.931 118.11 63.0 不 0
118.11 118.289 61.0 为 0
118.289 118.646 63.0 了 0
118.646 118.824 61.0 勉 0
118.824 119.36 63.0 强 0
119.628 120.074 61.0 可 0
120.074 120.253 66.0 笑 0
120.253 120.431 59.0 的 0
120.431 120.789 59.0 尊 0
120.789 121.86 59.0 严 1
122.982 123.34 61.0 所 0
123.34 123.518 63.0 有 0
123.518 123.697 61.0 的 0
123.697 123.875 63.0 悲 0
123.875 124.054 61.0 伤 0
124.054 124.411 63.0 留 0
124.411 124.768 66.0 在 1
125.022 125.468 64.0 分 0
125.468 125.647 63.0 手 0
125.647 126.004 61.0 - 0
126.004 126.183 61.0 那 0
126.183 127.611 63.0 天 1
129.274 129.453 68.0 未 0
129.453 129.631 68.0 必 0
129.631 129.988 68.0 永 0
129.988 130.167 68.0 远 0
130.167 130.345 64.0 才 0
130.345 130.703 66.0 - 0
130.703 131.06 59.0 算 0
132.399 133.024 61.0 爱 0
133.024 133.203 66.0 得 0
133.203 133.56 64.0 完 0
133.56 133.917 63.0 全 1
134.162 134.341 63.0 一 0
134.341 134.52 63.0 个 0
134.52 134.698 64.0 人 0
134.698 135.055 66.0 的 0
135.055 135.412 71.0 成 0
135.412 135.77 71.0 全 1
135.888 136.066 64.0 好 0
136.066 136.245 66.0 过 0
136.245 136.423 68.0 三 0
136.423 136.602 66.0 个 0
136.602 136.959 66.0 人 0
136.959 137.316 63.0 的 0
137.316 137.673 61.0 纠 0
137.673 139.102 59.0 结 1
141.456 141.902 63.0 我 0
141.902 142.259 63.0 对 0
142.259 142.616 64.0 你 0
142.616 142.973 66.0 付 0
142.973 143.331 68.0 出 0
143.331 144.045 66.0 的 0
144.045 144.402 71.0 青 0
144.402 144.938 66.0 春 0
145.116 145.473 64.0 这 0
145.473 145.831 61.0 么 0
145.831 146.188 64.0 多 0
146.188 146.902 63.0 年 1
147.285 147.642 59.0 换 0
147.642 147.999 59.0 来 0
147.999 148.357 61.0 了 0
148.357 148.714 63.0 一 0
148.714 149.071 64.0 句 1
149.088 149.802 66.0 谢 0
149.802 150.516 61.0 谢 0
150.516 150.874 64.0 你 0
150.874 151.231 63.0 的 0
151.231 151.588 61.0 成 0
151.588 151.945 63.0 全 1
153.007 153.365 63.0 成 0
153.365 153.722 63.0 全 0
153.722 154.079 64.0 了 0
154.079 154.436 66.0 你 0
154.436 154.793 68.0 的 0
154.793 155.507 70.0 潇 0
155.507 156.222 63.0 洒 0
156.222 156.579 63.0 与 0
156.579 157.293 61.0 冒 0
157.293 157.65 63.0 险 0
157.65 158.365 59.0 - 1
158.693 159.05 59.0 成 0
159.05 159.407 68.0 全 0
159.407 159.764 70.0 了 0
159.764 160.121 71.0 我 0
160.121 160.478 70.0 的 0
160.478 161.55 68.0 碧 0
161.55 162.443 66.0 海 0
162.621 162.978 68.0 蓝 0
162.978 163.336 66.0 天 0
163.336 164.05 66.0 - 1
164.204 164.65 63.0 她 0
164.65 165.007 63.0 许 0
165.007 165.364 64.0 你 0
165.364 165.722 66.0 的 0
165.722 166.079 68.0 海 0
166.079 166.793 66.0 誓 0
166.793 167.15 71.0 山 0
167.15 167.686 66.0 盟 0
167.864 168.222 64.0 蜜 0
168.222 168.579 61.0 语 0
168.579 168.936 64.0 甜 0
168.936 169.65 63.0 言 1
170.042 170.399 59.0 我 0
170.399 170.757 59.0 只 0
170.757 171.114 61.0 有 0
171.114 171.471 63.0 一 0
171.471 171.828 64.0 句 1
171.83 172.544 66.0 不 0
172.544 173.259 61.0 后 0
173.259 173.616 64.0 悔 0
173.616 173.973 63.0 的 0
173.973 174.33 61.0 成 0
174.33 174.509 61.0 全 0
174.509 174.866 63.0 - 1
175.73 176.087 63.0 成 0
176.087 176.444 63.0 全 0
176.444 176.801 64.0 了 0
176.801 177.158 66.0 你 0
177.158 177.515 68.0 的 0
177.515 178.23 70.0 今 0
178.23 178.944 63.0 天 0
178.944 179.301 63.0 与 0
179.301 180.015 70.0 明 0
180.015 180.551 71.0 天 0
180.551 181.087 68.0 - 1
181.536 181.893 68.0 成 0
181.893 182.25 66.0 全 0
182.25 182.607 68.0 了 0
182.607 182.964 66.0 我 0
182.964 183.322 68.0 的 0
183.322 184.393 66.0 下 0
184.393 185.464 61.0 个 0
185.822 186.536 63.0 夏 0
186.536 187.607 71.0 天 1
209.949 210.395 63.0 我 0
210.395 210.753 63.0 对 0
210.753 211.11 64.0 你 0
211.11 211.467 66.0 付 0
211.467 211.824 68.0 出 0
211.824 212.538 66.0 的 0
212.538 212.895 71.0 青 0
212.895 213.431 66.0 春 0
213.61 213.967 64.0 这 0
213.967 214.324 61.0 么 0
214.324 214.681 64.0 多 0
214.681 215.395 63.0 年 1
215.738 216.095 59.0 换 0
216.095 216.452 59.0 来 0
216.452 216.809 61.0 了 0
216.809 217.166 63.0 一 0
217.166 217.523 64.0 句 1
217.584 218.299 66.0 谢 0
218.299 219.013 61.0 谢 0
219.013 219.37 64.0 你 0
219.37 219.727 63.0 的 0
219.727 220.084 61.0 成 0
220.084 220.441 61.0 全 0
220.441 221.156 63.0 - 1
221.416 221.773 63.0 成 0
221.773 222.13 63.0 全 0
222.13 222.487 64.0 了 0
222.487 222.844 66.0 你 0
222.844 223.202 68.0 的 0
223.202 223.916 70.0 潇 0
223.916 224.63 63.0 洒 0
224.63 224.987 61.0 与 0
224.987 225.702 64.0 冒 0
225.702 226.237 63.0 险 0
226.237 226.773 59.0 - 1
227.254 227.611 59.0 成 0
227.611 227.968 68.0 全 0
227.968 228.326 70.0 了 0
228.326 228.683 71.0 我 0
228.683 229.04 70.0 的 0
229.04 230.111 68.0 碧 0
230.111 231.004 66.0 海 0
231.183 231.54 68.0 蓝 0
231.54 231.897 68.0 天 0
231.897 232.611 66.0 - 1
232.917 233.364 63.0 她 0
233.364 233.721 63.0 许 0
233.721 234.078 64.0 你 0
234.078 234.435 66.0 的 0
234.435 234.792 68.0 海 0
234.792 235.506 66.0 誓 0
235.506 235.864 71.0 山 0
235.864 236.399 66.0 盟 0
236.578 236.935 64.0 蜜 0
236.935 237.292 61.0 语 0
237.292 237.649 64.0 甜 0
237.649 238.364 63.0 言 1
238.575 238.932 59.0 我 0
238.932 239.289 59.0 只 0
239.289 239.646 61.0 有 0
239.646 240.003 63.0 一 0
240.003 240.36 64.0 句 1
240.428 241.143 66.0 不 0
241.143 241.857 61.0 后 0
241.857 242.214 64.0 悔 0
242.214 242.571 63.0 的 0
242.571 242.928 61.0 成 0
242.928 243.107 61.0 全 0
243.107 243.464 63.0 - 1
244.457 244.814 63.0 成 0
244.814 245.171 63.0 全 0
245.171 245.528 64.0 了 0
245.528 245.886 66.0 你 0
245.886 246.243 68.0 的 0
246.243 246.957 70.0 今 0
246.957 247.671 63.0 天 0
247.671 248.028 63.0 与 0
248.028 248.743 70.0 明 0
248.743 249.278 71.0 天 0
249.278 249.814 68.0 - 1
250.082 250.439 68.0 成 0
250.439 250.797 66.0 全 0
250.797 251.154 68.0 了 0
251.154 251.511 66.0 我 0
251.511 251.868 68.0 的 0
251.868 252.939 66.0 下 0
252.939 255.439 61.0 个 0
256.868 257.85 61.0 夏 0
257.939 259.011 59.0 天 1
