20.098 20.337 55.0 今 0
20.339 20.821 55.0 年 0
20.823 21.063 55.0 我 0
21.065 21.305 62.0 三 0
21.307 21.547 60.0 十 0
21.549 22.031 58.0 出 0
22.033 22.275 60.0 头 0
22.275 22.757 62.0 - 1
23.906 24.145 65.0 就 0
24.147 24.387 62.0 是 0
24.389 24.629 62.0 没 0
24.631 24.871 60.0 有 0
24.873 25.355 58.0 女 0
25.357 25.839 62.0 朋 0
25.841 26.083 62.0 友 0
26.083 26.565 60.0 - 1
27.655 28.137 55.0 看 0
28.381 28.621 58.0 着 0
28.623 29.105 55.0 别 0
29.107 29.589 60.0 人 0
29.591 30.075 55.0 手 0
30.075 30.557 60.0 牵 0
30.559 31.283 55.0 手 1
31.595 31.835 57.0 心 0
31.837 32.077 57.0 里 0
32.079 32.319 57.0 感 0
32.321 32.561 55.0 觉 0
32.563 33.045 53.0 酸 0
33.047 33.529 50.0 溜 0
33.531 34.255 55.0 溜 1
35.45 35.69 55.0 尤 0
35.692 36.174 55.0 其 0
36.176 36.416 55.0 是 0
36.418 36.658 62.0 到 0
36.66 36.9 60.0 了 0
36.902 37.384 58.0 晚 0
37.386 38.11 62.0 上 1
39.317 39.557 65.0 我 0
39.559 39.799 62.0 一 0
39.801 40.041 62.0 个 0
40.043 40.283 60.0 人 0
40.285 40.767 58.0 更 0
40.769 41.251 62.0 难 0
41.253 41.495 62.0 受 0
41.495 41.977 60.0 - 1
43.294 43.776 55.0 眼 0
44.02 44.26 58.0 泪 0
44.262 44.744 55.0 不 0
44.746 44.986 60.0 停 0
44.988 45.228 58.0 的 0
45.23 45.714 55.0 往 0
45.714 46.196 60.0 下 0
46.198 46.921 55.0 流 1
46.998 47.238 57.0 只 0
47.24 47.48 57.0 好 0
47.482 47.722 57.0 抱 0
47.724 47.964 55.0 着 0
47.966 48.448 53.0 花 0
48.45 48.934 53.0 枕 0
48.934 49.176 53.0 头 0
49.176 49.658 55.0 - 1
58.62 58.86 55.0 不 0
58.862 59.344 55.0 是 0
59.346 59.586 55.0 我 0
59.588 60.07 62.0 不 0
60.072 60.554 58.0 爱 0
60.556 60.798 60.0 你 0
60.798 61.28 62.0 - 1
62.596 62.836 65.0 可 0
62.838 63.078 62.0 惜 0
63.08 63.32 62.0 你 0
63.322 63.562 60.0 妈 0
63.564 63.804 58.0 不 0
63.806 64.046 55.0 同 0
64.048 64.29 60.0 - 0
64.29 64.53 62.0 - 0
64.532 64.774 62.0 意 0
64.774 65.255 60.0 - 1
66.397 66.879 53.0 她 0
67.123 67.363 58.0 说 0
67.365 67.847 55.0 我 0
67.849 68.089 60.0 没 0
68.091 68.331 58.0 啥 0
68.333 68.817 55.0 出 0
68.817 69.298 58.0 - 0
69.3 70.024 55.0 息 1
70.413 70.653 57.0 不 0
70.655 70.895 57.0 让 0
70.897 71.137 57.0 我 0
71.139 71.379 55.0 俩 0
71.381 71.863 53.0 在 0
71.865 72.347 50.0 一 0
72.349 72.591 53.0 起 0
72.591 73.072 55.0 - 1
74.224 74.464 55.0 男 0
74.466 74.948 55.0 人 0
74.95 75.19 55.0 要 0
75.192 75.432 62.0 顶 0
75.434 75.674 60.0 天 0
75.676 76.158 58.0 立 0
76.16 76.883 62.0 地 1
77.99 78.23 65.0 努 0
78.232 78.472 62.0 力 0
78.474 78.714 62.0 奋 0
78.716 78.956 60.0 斗 0
78.958 79.44 58.0 要 0
79.442 79.924 62.0 争 0
79.926 80.168 62.0 气 0
80.168 80.649 60.0 - 1
81.849 82.331 53.0 打 0
82.575 82.815 58.0 拼 0
82.817 83.299 55.0 几 0
83.301 83.783 60.0 年 0
83.785 84.024 55.0 荣 0
84.026 84.266 58.0 归 0
84.268 84.75 60.0 故 0
84.752 85.476 55.0 里 1
85.809 86.049 57.0 一 0
86.051 86.291 57.0 定 0
86.293 86.533 57.0 会 0
86.535 86.775 58.0 来 0
86.777 87.261 60.0 把 0
87.261 87.742 50.0 你 0
87.745 87.986 53.0 娶 0
87.986 88.468 55.0 - 1
105.232 105.472 55.0 今 0
105.474 105.956 55.0 年 0
105.958 106.198 55.0 我 0
106.2 106.44 62.0 三 0
106.442 106.681 60.0 十 0
106.683 107.165 58.0 出 0
107.167 107.409 60.0 头 0
107.409 107.891 62.0 - 1
109.003 109.243 65.0 就 0
109.245 109.485 62.0 是 0
109.487 109.727 62.0 没 0
109.729 109.969 60.0 有 0
109.971 110.452 58.0 女 0
110.454 110.936 60.0 朋 0
110.938 111.178 62.0 友 0
111.18 111.662 60.0 - 1
112.827 113.309 55.0 看 0
113.553 113.793 58.0 着 0
113.795 114.276 58.0 别 0
114.278 114.76 60.0 人 0
114.762 115.246 55.0 手 0
115.246 115.728 60.0 牵 0
115.73 116.454 55.0 手 1
116.795 117.035 57.0 心 0
117.037 117.277 57.0 里 0
117.279 117.519 57.0 感 0
117.521 117.76 55.0 觉 0
117.763 118.244 55.0 酸 0
118.246 118.728 50.0 溜 0
118.73 119.454 55.0 溜 1
120.668 120.908 55.0 尤 0
120.91 121.392 55.0 其 0
121.394 121.633 55.0 是 0
121.635 121.875 62.0 到 0
121.877 122.117 60.0 了 0
122.119 122.601 58.0 晚 0
122.603 123.327 62.0 上 1
124.49 124.73 65.0 我 0
124.732 124.972 62.0 一 0
124.974 125.213 62.0 个 0
125.216 125.455 60.0 人 0
125.457 125.939 58.0 更 0
125.941 126.425 60.0 难 0
126.425 126.667 62.0 受 0
126.667 127.149 60.0 - 1
128.42 128.902 55.0 眼 0
129.145 129.385 58.0 泪 0
129.387 129.869 55.0 不 0
129.871 130.111 60.0 停 0
130.113 130.353 58.0 的 0
130.355 130.837 55.0 往 0
130.839 131.321 60.0 下 0
131.323 132.047 55.0 流 1
132.248 132.488 57.0 只 0
132.49 132.729 57.0 好 0
132.732 132.971 57.0 抱 0
132.973 133.213 55.0 着 0
133.215 133.697 53.0 花 0
133.699 134.181 50.0 枕 0
134.183 134.425 53.0 头 0
134.425 134.907 55.0 - 1
143.945 144.184 55.0 不 0
144.186 144.668 55.0 是 0
144.67 144.91 55.0 我 0
144.912 145.394 62.0 不 0
145.396 145.878 58.0 爱 0
145.88 146.122 60.0 你 0
146.122 146.604 62.0 - 1
147.785 148.024 65.0 可 0
148.026 148.266 62.0 惜 0
148.268 148.508 62.0 你 0
148.51 148.75 60.0 妈 0
148.752 149.234 58.0 不 0
149.236 149.718 60.0 同 0
149.72 149.962 62.0 意 0
149.962 150.444 60.0 - 1
151.589 152.071 53.0 她 0
152.315 152.555 58.0 说 0
152.557 153.039 55.0 我 0
153.041 153.281 60.0 没 0
153.283 153.523 58.0 啥 0
153.525 154.009 55.0 出 0
154.009 154.491 60.0 - 0
154.493 155.216 55.0 息 1
155.451 155.691 57.0 不 0
155.693 155.933 57.0 让 0
155.935 156.175 57.0 我 0
156.177 156.417 55.0 俩 0
156.419 156.901 53.0 在 0
156.903 157.385 50.0 一 0
157.387 157.629 53.0 起 0
157.629 158.111 55.0 - 1
159.347 159.587 55.0 男 0
159.589 160.071 55.0 人 0
160.073 160.313 55.0 要 0
160.315 160.555 62.0 顶 0
160.557 160.797 60.0 天 0
160.799 161.281 58.0 立 0
161.283 162.007 62.0 地 1
163.245 163.485 65.0 努 0
163.487 163.727 62.0 力 0
163.729 163.969 62.0 奋 0
163.971 164.211 60.0 斗 0
164.213 164.695 58.0 要 0
164.697 165.179 62.0 争 0
165.181 165.423 62.0 气 0
165.423 165.905 60.0 - 1
167.156 167.638 55.0 打 0
167.882 168.122 58.0 拼 0
168.124 168.606 55.0 几 0
168.608 169.09 60.0 年 0
169.092 169.332 55.0 荣 0
169.334 169.574 58.0 归 0
169.576 170.058 60.0 故 0
170.06 170.783 55.0 里 1
170.959 171.199 57.0 一 0
171.201 171.441 57.0 定 0
171.443 171.683 57.0 会 0
171.685 171.925 58.0 来 0
171.927 172.409 60.0 把 0
172.411 172.893 50.0 你 0
172.895 173.137 53.0 娶 0
173.137 173.619 55.0 - 1
174.794 175.276 55.0 妹 0
175.52 175.76 58.0 妹 0
175.762 176.004 55.0 等 0
176.004 176.246 58.0 - 0
176.246 176.486 60.0 - 0
176.488 176.728 58.0 我 0
176.73 177.214 55.0 别 0
177.214 177.695 60.0 心 0
177.698 178.542 55.0 急 1
178.786 179.026 57.0 哥 0
179.028 179.268 57.0 哥 0
179.27 179.51 57.0 永 0
179.512 179.752 58.0 远 0
179.754 180.236 60.0 只 0
180.238 180.72 65.0 爱 0
180.722 182.655 67.0 你 1
