30.082 30.512 58.0 鸳 0
30.512 30.942 60.0 鸯 0
30.942 32.228 63.0 双 0
32.228 32.657 65.0 栖 0
32.657 33.085 65.0 蝶 0
33.085 33.514 62.0 - 0
33.514 33.942 60.0 双 0
33.942 34.371 58.0 - 0
34.371 36.085 60.0 飞 1
36.893 37.322 63.0 满 0
37.322 37.751 65.0 园 0
37.751 39.036 67.0 春 0
39.036 39.465 70.0 色 0
39.465 39.893 70.0 惹 0
39.893 40.322 63.0 - 0
40.322 40.751 67.0 人 0
40.751 41.179 68.0 - 0
41.179 43.322 67.0 醉 1
43.906 44.334 67.0 悄 0
44.334 44.763 70.0 悄 0
44.763 46.048 72.0 问 0
46.048 46.477 70.0 圣 0
46.477 47.334 72.0 僧 1
47.368 47.797 60.0 女 0
47.797 48.011 65.0 儿 0
48.011 48.332 67.0 - 0
48.332 49.511 65.0 美 0
49.511 49.94 63.0 不 0
49.94 50.797 65.0 美 1
50.803 51.231 65.0 女 0
51.231 51.66 67.0 - 0
51.66 52.946 58.0 儿 0
52.946 53.374 60.0 - 0
53.374 53.803 62.0 美 0
53.803 54.66 67.0 - 0
54.66 55.088 60.0 不 0
55.088 57.66 63.0 美 1
58.809 59.237 70.0 说 0
59.237 59.666 70.0 什 0
59.666 60.094 72.0 么 0
60.094 60.737 75.0 王 0
60.737 61.38 74.0 权 0
61.38 61.809 70.0 富 0
61.809 65.237 72.0 贵 1
65.671 66.099 70.0 怕 0
66.099 66.528 70.0 什 0
66.528 66.956 72.0 么 0
66.956 67.599 75.0 戒 0
67.599 68.242 74.0 律 0
68.242 69.099 70.0 清 0
69.099 70.814 67.0 规 1
71.321 71.75 58.0 只 0
71.75 72.178 60.0 愿 0
72.178 73.464 63.0 天 0
73.464 73.893 65.0 长 0
73.893 74.75 62.0 地 0
74.75 75.607 58.0 - 0
75.607 77.321 60.0 久 1
78.124 78.553 63.0 与 0
78.553 78.981 65.0 我 0
78.981 80.267 67.0 意 0
80.267 80.696 70.0 中 0
80.696 81.124 70.0 人 0
81.124 81.553 63.0 儿 0
81.553 81.981 65.0 紧 0
81.981 82.41 68.0 相 0
82.41 84.553 67.0 随 1
85.001 85.43 67.0 爱 0
85.43 85.859 70.0 - 0
85.859 87.144 72.0 恋 0
87.144 87.573 70.0 - 0
87.573 88.43 72.0 伊 0
88.43 88.859 60.0 爱 0
88.859 89.287 65.0 - 0
89.287 90.573 65.0 恋 0
90.573 91.001 63.0 - 0
91.001 91.859 65.0 伊 1
91.887 92.744 67.0 愿 0
92.744 94.029 58.0 今 0
94.029 94.458 60.0 生 0
94.458 94.887 62.0 常 0
94.887 95.744 67.0 - 0
95.744 96.172 60.0 相 0
96.172 98.744 63.0 随 1
126.246 126.679 58.0 鸳 0
126.679 127.112 60.0 鸯 0
127.112 128.398 63.0 双 0
128.398 128.826 65.0 栖 0
128.826 129.255 65.0 蝶 0
129.255 129.684 62.0 - 0
129.684 130.112 60.0 双 0
130.112 130.541 58.0 - 0
130.541 132.255 60.0 飞 1
133.086 133.515 63.0 满 0
133.515 133.943 65.0 园 0
133.943 135.229 67.0 春 0
135.229 135.658 70.0 色 0
135.658 136.086 70.0 惹 0
136.086 136.515 63.0 - 0
136.515 136.943 65.0 人 0
136.943 137.372 68.0 - 0
137.372 139.515 67.0 醉 1
139.912 140.341 67.0 悄 0
140.341 140.769 70.0 悄 0
140.769 142.055 72.0 问 0
142.055 142.484 70.0 圣 0
142.484 143.341 72.0 僧 1
143.36 143.788 60.0 女 0
143.788 144.003 65.0 儿 0
144.003 144.324 67.0 - 0
144.324 145.503 65.0 美 0
145.503 145.931 63.0 不 0
145.931 146.788 65.0 美 1
146.824 147.253 65.0 女 0
147.253 147.682 67.0 - 0
147.682 148.967 58.0 儿 0
148.967 149.396 60.0 - 0
149.396 149.824 62.0 美 0
149.824 150.682 67.0 - 0
150.682 151.11 60.0 不 0
151.11 153.682 63.0 美 1
154.83 155.259 70.0 说 0
155.259 155.687 70.0 什 0
155.687 156.116 72.0 么 0
156.116 156.759 75.0 王 0
156.759 157.402 74.0 权 0
157.402 157.83 72.0 富 0
157.83 161.259 72.0 贵 1
161.706 162.135 70.0 怕 0
162.135 162.564 70.0 什 0
162.564 162.992 72.0 么 0
162.992 163.635 75.0 戒 0
163.635 164.278 74.0 律 0
164.278 165.135 70.0 清 0
165.135 166.849 67.0 规 1
167.265 167.693 58.0 只 0
167.693 168.122 60.0 愿 0
168.122 169.408 63.0 天 0
169.408 169.836 65.0 长 0
169.836 170.693 62.0 地 0
170.693 171.551 58.0 - 0
171.551 173.265 60.0 久 1
174.109 174.538 63.0 与 0
174.538 174.966 65.0 我 0
174.966 176.252 67.0 意 0
176.252 176.68 70.0 中 0
176.68 177.109 70.0 人 0
177.109 177.538 63.0 儿 0
177.538 177.966 65.0 紧 0
177.966 178.395 68.0 相 0
178.395 180.538 67.0 随 1
180.955 181.384 67.0 爱 0
181.384 181.812 70.0 - 0
181.812 183.098 72.0 恋 0
183.098 183.527 70.0 - 0
183.527 184.384 72.0 伊 0
184.384 184.812 60.0 爱 0
184.812 185.241 65.0 - 0
185.241 186.527 65.0 恋 0
186.527 186.955 63.0 - 0
186.955 187.812 65.0 伊 1
187.84 188.697 67.0 愿 0
188.697 189.983 58.0 今 0
189.983 190.412 60.0 生 0
190.412 190.84 62.0 常 0
190.84 191.697 67.0 - 0
191.697 192.126 60.0 相 0
192.126 194.697 63.0 随 1
196.096 196.525 70.0 说 0
196.525 196.953 70.0 什 0
196.953 197.382 72.0 么 0
197.382 198.025 75.0 王 0
198.025 198.668 74.0 权 0
198.668 199.096 72.0 富 0
199.096 202.525 72.0 贵 1
202.793 203.222 70.0 怕 0
203.222 203.65 70.0 什 0
203.65 204.079 72.0 么 0
204.079 204.722 75.0 戒 0
204.722 205.365 74.0 律 0
205.365 206.222 70.0 清 0
206.222 207.936 67.0 规 1
208.449 208.877 58.0 只 0
208.877 209.306 60.0 愿 0
209.306 210.592 63.0 天 0
210.592 211.02 65.0 长 0
211.02 211.877 62.0 地 0
211.877 212.734 58.0 - 0
212.734 214.449 60.0 久 1
215.29 215.718 63.0 与 0
215.718 216.147 65.0 我 0
216.147 217.433 67.0 意 0
217.433 217.861 70.0 中 0
217.861 218.29 70.0 人 0
218.29 218.718 63.0 儿 0
218.718 219.147 65.0 紧 0
219.147 219.576 68.0 相 0
219.576 221.718 67.0 随 1
222.091 222.52 67.0 爱 0
222.52 222.948 70.0 - 0
222.948 224.234 72.0 恋 0
224.234 224.662 70.0 - 0
224.662 225.52 72.0 伊 0
225.52 225.948 60.0 爱 0
225.948 226.377 67.0 - 0
226.377 227.662 65.0 恋 0
227.662 228.091 63.0 - 0
228.091 228.948 65.0 伊 1
229.099 229.956 67.0 愿 0
229.956 231.242 58.0 今 0
231.242 231.671 60.0 生 0
231.671 232.099 62.0 常 0
232.099 232.956 67.0 - 0
232.956 233.385 60.0 相 0
233.385 235.956 63.0 随 1
235.956 236.813 67.0 愿 0
236.813 238.099 58.0 今 0
238.099 238.528 60.0 生 0
238.528 238.956 62.0 常 0
238.956 239.813 67.0 - 0
239.813 240.242 60.0 相 0
240.242 242.813 63.0 随 1
243.524 245.238 62.0 常 0
245.238 246.095 67.0 相 0
246.095 247.274 60.0 - 0
247.274 252.095 63.0 随 1
