35.798 36.207 47.0 对 0
36.207 36.62 54.0 面 0
36.62 37.031 54.0 山 0
37.031 37.237 47.0 上 0
37.237 37.438 47.0 的 0
37.438 37.853 54.0 阿 0
37.853 38.264 54.0 哥 1
39.036 39.449 54.0 请 0
39.449 39.859 47.0 你 0
39.859 40.266 50.0 抬 0
40.271 40.681 54.0 起 0
40.681 41.504 52.0 头 1
42.348 42.758 47.0 青 0
42.758 43.17 52.0 山 0
43.17 43.786 52.0 绿 0
43.786 43.992 47.0 水 0
43.992 44.197 50.0 白 0
44.197 44.403 52.0 云 0
44.403 44.814 52.0 间 1
45.526 45.937 50.0 萦 0
45.937 46.348 50.0 绕 0
46.348 46.759 52.0 阿 0
46.759 46.965 50.0 妹 0
46.965 47.169 52.0 的 0
47.169 47.58 54.0 笑 0
47.58 47.991 54.0 脸 1
48.833 49.243 54.0 阿 0
49.243 49.655 59.0 哥 0
49.655 50.066 59.0 嘹 0
50.066 50.271 57.0 亮 0
50.271 50.476 54.0 的 0
50.476 50.888 59.0 歌 0
50.888 51.299 59.0 声 1
52.042 52.454 59.0 飘 0
52.454 52.865 57.0 荡 0
53.276 53.481 54.0 天 0
53.481 53.686 52.0 地 0
53.686 54.098 54.0 间 1
55.509 55.92 47.0 点 0
55.92 56.331 52.0 点 0
56.331 56.742 52.0 滴 0
56.742 57.153 50.0 滴 0
57.153 57.564 54.0 洒 0
57.564 57.975 52.0 落 1
58.809 59.221 54.0 阿 0
59.221 59.427 52.0 妹 0
59.427 59.632 54.0 的 0
59.632 60.043 52.0 心 0
60.043 60.453 50.0 - 0
60.453 61.276 47.0 间 1
61.97 62.38 47.0 绵 0
62.38 62.792 54.0 绵 0
62.792 63.203 54.0 不 0
63.203 63.408 47.0 断 0
63.408 63.613 47.0 的 0
63.613 64.025 54.0 春 0
64.025 64.436 54.0 雨 1
65.298 65.709 54.0 代 0
65.709 66.12 47.0 表 0
66.12 66.326 50.0 我 0
66.326 66.531 52.0 的 0
66.531 66.942 54.0 情 0
66.942 67.559 52.0 意 1
68.627 69.037 47.0 今 0
69.037 69.449 52.0 天 0
69.449 69.86 47.0 和 0
69.86 70.27 47.0 你 0
70.27 70.682 52.0 相 0
70.682 71.093 52.0 遇 1
71.929 72.341 50.0 幸 0
72.341 72.751 50.0 福 0
72.751 73.163 52.0 洋 0
73.163 73.368 50.0 溢 0
73.368 73.573 52.0 着 0
73.573 73.985 54.0 甜 0
73.985 74.396 54.0 蜜 1
75.187 75.598 54.0 阿 0
75.598 76.009 59.0 妹 0
76.009 76.42 59.0 不 0
76.42 76.83 57.0 求 0
76.83 77.242 61.0 富 0
77.242 77.653 59.0 贵 1
78.449 78.86 61.0 只 0
78.86 79.272 61.0 要 0
79.272 79.683 59.0 哥 0
79.683 79.889 57.0 哥 0
79.889 80.094 54.0 的 0
80.094 80.505 54.0 心 1
81.691 82.307 54.0 你 0
82.307 82.513 59.0 我 0
82.513 82.924 59.0 携 0
82.924 83.334 54.0 手 0
83.334 83.746 54.0 前 0
83.746 84.157 54.0 - 0
84.157 84.568 52.0 进 1
85.104 85.515 54.0 十 0
85.515 85.926 52.0 指 0
85.926 86.337 52.0 连 0
86.337 86.748 50.0 - 0
86.748 88.392 47.0 心 1
91.618 92.029 59.0 阿 0
92.029 92.44 59.0 哥 0
92.44 92.85 62.0 爱 0
92.85 93.261 66.0 阿 0
93.261 94.289 66.0 妹 1
94.978 95.389 66.0 阿 0
95.389 95.595 64.0 妹 0
95.595 95.8 66.0 的 0
95.8 96.211 64.0 心 0
96.211 96.622 62.0 儿 0
96.622 97.444 59.0 醉 1
98.237 98.648 54.0 田 0
98.648 99.059 59.0 间 0
99.059 99.47 59.0 太 0
99.47 99.88 59.0 阳 0
99.88 101.114 64.0 落 0
101.114 101.319 66.0 - 1
101.477 101.888 59.0 炊 0
101.888 102.299 59.0 烟 0
102.299 102.71 59.0 催 0
102.71 103.121 57.0 你 0
103.121 103.943 54.0 回 1
104.704 105.115 62.0 头 0
105.115 105.321 62.0 上 0
105.321 105.526 62.0 的 0
105.526 105.937 64.0 喜 0
105.937 106.348 66.0 鹊 0
106.348 107.376 66.0 飞 1
108.121 108.532 66.0 东 0
108.532 108.944 66.0 去 0
108.944 109.355 64.0 春 0
109.355 109.766 62.0 又 0
109.766 110.588 59.0 归 1
111.387 111.798 54.0 青 0
111.798 112.209 59.0 山 0
112.209 112.62 59.0 绿 0
112.62 113.031 59.0 水 0
113.031 113.442 66.0 畔 0
113.442 114.264 64.0 - 1
114.544 114.956 57.0 又 0
114.956 115.366 59.0 添 0
115.366 115.777 62.0 人 0
115.777 116.188 64.0 一 0
116.188 117.01 59.0 对 0
117.01 117.216 59.0 耶 1
150.712 151.123 47.0 对 0
151.123 151.534 54.0 面 0
151.534 151.945 54.0 山 0
151.945 152.15 47.0 上 0
152.15 152.356 47.0 的 0
152.356 152.767 54.0 阿 0
152.767 153.178 54.0 哥 1
154.019 154.43 54.0 请 0
154.43 154.841 47.0 你 0
154.841 155.251 52.0 抬 0
155.251 155.662 54.0 起 0
155.662 156.484 52.0 头 1
157.374 157.785 47.0 青 0
157.785 158.196 52.0 山 0
158.196 158.813 52.0 绿 0
158.813 159.018 47.0 水 0
159.018 159.224 50.0 白 0
159.224 159.429 52.0 云 0
159.429 159.84 52.0 间 1
160.707 161.118 50.0 萦 0
161.118 161.529 50.0 绕 0
161.529 161.94 52.0 阿 0
161.94 162.145 50.0 妹 0
162.145 162.351 52.0 的 0
162.351 162.762 54.0 笑 0
162.762 163.173 54.0 脸 1
163.885 164.296 54.0 阿 0
164.296 164.707 59.0 哥 0
164.707 165.117 59.0 嘹 0
165.117 165.323 57.0 亮 0
165.323 165.528 54.0 的 0
165.528 165.939 59.0 歌 0
165.939 166.35 59.0 声 1
167.306 167.717 59.0 飘 0
167.717 168.128 57.0 荡 0
168.539 168.745 54.0 天 0
168.745 168.95 52.0 地 0
168.95 169.361 54.0 间 1
170.449 170.86 47.0 点 0
170.86 171.271 52.0 点 0
171.271 171.682 52.0 滴 0
171.682 172.093 47.0 滴 0
172.093 172.504 54.0 洒 0
172.504 172.915 52.0 落 1
173.693 174.104 54.0 阿 0
174.104 174.309 52.0 妹 0
174.309 174.515 54.0 的 0
174.515 174.926 52.0 心 0
174.926 175.336 50.0 - 0
175.336 176.158 47.0 间 1
177.117 177.528 47.0 绵 0
177.528 177.939 54.0 绵 0
177.939 178.35 54.0 不 0
178.35 178.556 47.0 断 0
178.556 178.761 47.0 的 0
178.761 179.172 54.0 春 0
179.172 179.583 54.0 雨 1
180.281 180.692 54.0 代 0
180.692 181.103 47.0 表 0
181.103 181.308 50.0 我 0
181.308 181.514 52.0 的 0
181.514 181.925 54.0 情 0
181.925 182.541 52.0 意 1
183.568 183.979 47.0 今 0
183.979 184.39 52.0 天 0
184.39 184.801 52.0 和 0
184.801 185.211 47.0 你 0
185.211 185.622 52.0 相 0
185.622 186.033 52.0 遇 1
187.01 187.421 50.0 幸 0
187.421 187.832 50.0 福 0
187.832 188.243 52.0 洋 0
188.243 188.449 50.0 溢 0
188.449 188.654 52.0 着 0
188.654 189.065 54.0 甜 0
189.065 189.476 54.0 蜜 1
190.297 190.708 54.0 阿 0
190.708 191.119 59.0 妹 0
191.119 191.53 59.0 不 0
191.53 191.941 54.0 求 0
191.941 192.352 61.0 富 0
192.352 192.763 59.0 贵 1
193.411 193.822 61.0 只 0
193.822 194.233 61.0 要 0
194.233 194.644 59.0 哥 0
194.644 194.849 57.0 哥 0
194.849 195.055 54.0 的 0
195.055 195.465 54.0 心 1
196.817 197.434 54.0 你 0
197.434 197.639 59.0 我 0
197.639 198.05 59.0 携 0
198.05 198.461 54.0 手 0
198.461 198.872 54.0 前 0
198.872 199.283 50.0 - 0
199.283 199.694 52.0 进 1
200.177 200.588 54.0 十 0
200.588 200.999 54.0 指 0
200.999 201.41 52.0 连 0
201.41 201.821 47.0 - 0
201.821 203.465 47.0 心 1
206.669 207.08 62.0 阿 0
207.08 207.491 59.0 哥 0
207.491 207.902 62.0 爱 0
207.902 208.313 66.0 阿 0
208.313 209.341 66.0 妹 1
209.915 210.326 66.0 阿 0
210.326 210.531 64.0 妹 0
210.531 210.737 66.0 的 0
210.737 211.148 64.0 心 0
211.148 211.559 59.0 儿 0
211.559 212.381 59.0 醉 1
213.29 213.701 54.0 田 0
213.701 214.112 59.0 间 0
214.112 214.523 62.0 太 0
214.523 214.934 59.0 阳 0
214.934 216.166 64.0 落 0
216.166 216.372 66.0 - 1
216.615 217.026 62.0 炊 0
217.026 217.437 59.0 烟 0
217.437 217.848 59.0 催 0
217.848 218.259 59.0 你 0
218.259 219.081 54.0 回 1
219.836 220.247 62.0 头 0
220.247 220.452 62.0 上 0
220.452 220.658 62.0 的 0
220.658 221.069 64.0 喜 0
221.069 221.48 66.0 鹊 0
221.48 222.507 66.0 飞 1
223.014 223.425 66.0 东 0
223.425 223.836 66.0 去 0
223.836 224.247 64.0 春 0
224.247 224.658 59.0 又 0
224.658 225.479 59.0 归 1
226.465 226.876 54.0 青 0
226.876 227.287 59.0 山 0
227.287 227.698 62.0 绿 0
227.698 228.109 59.0 水 0
228.109 228.52 66.0 畔 0
228.52 229.342 64.0 - 1
229.623 230.034 57.0 又 0
230.034 230.445 59.0 添 0
230.445 230.856 62.0 人 0
230.856 231.267 62.0 一 0
231.267 232.089 59.0 对 0
232.089 232.294 59.0 耶 1
233.025 233.436 62.0 阿 0
233.436 233.847 59.0 哥 0
233.847 234.258 62.0 爱 0
234.258 234.669 66.0 阿 0
234.669 235.696 66.0 妹 1
236.246 236.657 66.0 阿 0
236.657 236.863 64.0 妹 0
236.863 237.068 66.0 的 0
237.068 237.479 64.0 心 0
237.479 237.89 62.0 儿 0
237.89 238.712 59.0 醉 1
239.558 239.969 54.0 田 0
239.969 240.38 59.0 间 0
240.38 240.791 62.0 太 0
240.791 241.202 59.0 阳 0
241.202 242.435 64.0 落 0
242.435 242.64 66.0 - 1
242.748 243.159 62.0 炊 0
243.159 243.57 59.0 烟 0
243.57 243.981 59.0 催 0
243.981 244.392 57.0 你 0
244.392 245.214 54.0 回 1
246.05 246.461 62.0 头 0
246.461 246.667 62.0 上 0
246.667 246.872 62.0 的 0
246.872 247.283 64.0 喜 0
247.283 247.694 66.0 鹊 0
247.694 248.722 66.0 飞 1
249.388 249.799 66.0 东 0
249.799 250.21 66.0 去 0
250.21 250.621 64.0 春 0
250.621 251.032 59.0 又 0
251.032 251.854 59.0 归 1
252.599 253.01 54.0 青 0
253.01 253.421 59.0 山 0
253.421 253.832 62.0 绿 0
253.832 254.243 59.0 水 0
254.243 254.654 66.0 畔 0
254.654 255.475 64.0 - 1
255.954 256.365 57.0 又 0
256.365 256.776 59.0 添 0
256.776 257.187 62.0 人 0
257.187 257.598 64.0 一 0
257.598 258.42 59.0 对 0
258.42 258.626 59.0 耶 1
