28.526 29.288 52.0 淡 0
29.288 29.543 59.0 淡 0
29.543 30.051 59.0 的 0
30.051 30.56 55.0 酒 0
30.583 30.837 55.0 杯 0
30.837 31.322 57.0 - 1
32.606 33.369 54.0 装 0
33.369 33.623 54.0 - 0
33.623 34.132 52.0 满 0
34.132 34.386 50.0 了 0
34.386 34.64 52.0 伤 0
34.64 35.403 52.0 - 1
36.637 36.891 52.0 端 0
36.891 37.4 55.0 起 0
37.4 37.654 55.0 的 0
37.654 37.908 55.0 是 0
37.908 38.163 52.0 - 0
38.163 38.417 52.0 那 0
38.671 38.925 57.0 忘 0
38.925 39.434 57.0 情 0
39.434 39.688 55.0 的 0
39.688 39.942 57.0 酒 1
40.769 41.023 62.0 咽 0
41.023 41.278 62.0 - 0
41.278 41.532 62.0 下 0
41.532 41.786 62.0 却 0
41.786 42.294 62.0 是 0
42.294 42.549 59.0 酸 0
42.549 42.803 57.0 楚 0
42.803 43.82 59.0 的 1
44.717 44.971 59.0 也 0
44.971 45.225 59.0 - 0
45.225 45.48 59.0 许 0
45.48 45.734 59.0 爱 0
45.734 45.988 59.0 你 0
45.988 46.497 57.0 真 0
46.497 46.751 55.0 的 0
46.751 47.259 57.0 好 0
47.259 47.768 57.0 累 1
48.297 48.551 55.0 还 0
48.551 48.806 55.0 - 0
48.806 49.568 57.0 是 0
49.568 49.823 59.0 爱 0
49.823 50.204 57.0 你 0
50.204 50.585 57.0 不 0
50.585 50.84 50.0 够 0
50.84 51.348 52.0 完 0
51.348 51.857 52.0 美 1
52.782 53.036 52.0 我 0
53.036 53.291 52.0 伪 0
53.291 53.799 55.0 - 0
53.799 54.053 55.0 装 0
54.053 54.562 55.0 的 0
54.562 54.816 52.0 笑 0
54.816 55.325 57.0 脸 1
55.773 56.027 57.0 是 0
56.027 56.536 55.0 为 0
56.536 57.044 57.0 了 0
57.044 58.57 59.0 谁 1
59.047 59.301 57.0 无 0
59.301 59.81 57.0 - 0
59.81 60.064 57.0 非 0
60.064 60.318 57.0 是 0
60.318 60.573 55.0 为 0
60.573 61.081 55.0 - 0
61.081 61.59 57.0 你 0
61.59 61.844 59.0 守 0
61.844 62.352 57.0 侯 1
62.761 63.015 52.0 那 0
63.015 63.523 54.0 - 0
63.523 64.032 54.0 千 0
64.032 64.286 52.0 年 0
64.286 64.795 50.0 的 0
64.795 66.574 52.0 轮 1
69.282 69.536 59.0 今 0
69.536 70.044 59.0 - 0
70.044 70.299 67.0 夜 0
70.299 70.807 66.0 我 0
70.807 71.061 64.0 再 0
71.061 71.316 62.0 次 0
71.316 72.333 64.0 喝 1
72.736 72.99 62.0 再 0
72.99 73.244 64.0 - 0
73.244 73.499 64.0 次 0
73.499 74.007 66.0 为 0
74.007 74.261 64.0 - 0
74.261 74.77 62.0 你 0
74.77 75.024 64.0 去 0
75.024 75.278 62.0 伤 0
75.278 75.533 59.0 - 0
75.533 76.295 59.0 - 1
77.285 77.539 64.0 爱 0
77.539 78.048 64.0 - 0
78.048 78.302 64.0 过 0
78.302 78.556 62.0 的 0
78.556 78.811 64.0 往 0
78.811 79.319 59.0 - 0
79.319 79.573 55.0 事 0
79.573 80.082 57.0 已 0
80.082 80.336 59.0 经 0
80.336 80.845 57.0 很 1
81.343 82.106 62.0 心 0
82.106 82.36 62.0 - 0
82.36 82.868 57.0 却 0
82.868 83.377 62.0 收 0
83.377 83.885 59.0 不 0
83.885 84.648 59.0 回 1
85.556 85.81 59.0 酒 0
85.81 86.319 59.0 杯 0
86.319 86.573 67.0 里 0
86.573 86.827 67.0 都 0
86.827 87.081 67.0 是 0
87.081 87.336 64.0 那 0
87.336 87.59 62.0 心 0
87.59 88.607 64.0 碎 1
89.021 89.275 62.0 散 0
89.275 89.53 64.0 发 0
89.53 89.784 64.0 着 0
89.784 90.038 66.0 - 0
90.038 90.292 66.0 淡 0
90.292 90.547 64.0 淡 0
90.547 91.055 62.0 苦 0
91.055 91.309 64.0 涩 0
91.309 91.564 62.0 - 0
91.564 92.581 59.0 味 1
93.653 93.908 64.0 阴 0
93.908 94.416 64.0 霾 0
94.416 94.67 64.0 的 0
94.67 94.925 62.0 爱 0
94.925 95.179 64.0 - 0
95.179 95.433 59.0 情 0
95.433 95.687 57.0 已 0
95.687 96.196 57.0 难 0
96.196 96.45 59.0 找 0
96.45 96.704 57.0 - 0
96.704 96.959 57.0 回 1
97.184 97.438 55.0 就 0
97.438 97.692 57.0 - 0
97.692 98.455 62.0 让 0
98.455 98.709 62.0 酒 0
98.709 99.218 57.0 把 0
99.218 99.472 59.0 我 0
99.472 99.726 62.0 灌 0
99.726 100.235 57.0 - 0
100.235 100.997 59.0 醉 1
101.682 102.699 57.0 让 0
102.699 103.207 57.0 - 0
103.462 103.716 55.0 再 0
103.716 103.97 57.0 - 0
103.97 104.479 59.0 梦 0
104.479 104.733 57.0 一 1
105.391 105.646 55.0 泪 0
105.646 105.9 57.0 流 0
105.9 106.154 57.0 干 0
106.154 106.408 59.0 - 0
106.917 107.425 57.0 心 0
107.68 107.934 50.0 成 0
107.934 108.696 52.0 灰 1
109.901 110.155 66.0 任 0
110.155 110.409 66.0 凭 0
110.409 110.663 66.0 窗 0
110.663 110.918 64.0 外 0
110.918 111.426 62.0 雨 0
111.426 111.68 64.0 分 0
111.68 111.935 66.0 - 0
111.935 113.46 64.0 飞 1
150.653 150.907 59.0 也 0
150.907 151.161 59.0 许 0
151.161 151.415 59.0 爱 0
151.415 151.67 59.0 你 0
151.67 151.924 59.0 真 0
151.924 152.432 57.0 的 0
152.432 152.687 55.0 好 0
152.687 153.195 57.0 累 0
153.195 153.704 57.0 - 1
154.139 154.393 55.0 还 0
154.393 154.647 55.0 是 0
154.647 155.41 57.0 爱 0
155.41 155.664 59.0 你 0
155.664 155.919 57.0 不 0
155.919 156.427 57.0 够 0
156.427 156.681 50.0 完 0
156.681 157.19 53.0 美 0
157.19 157.698 52.0 - 1
158.432 158.686 52.0 我 0
158.686 158.94 52.0 - 0
158.94 159.449 55.0 伪 0
159.449 159.703 55.0 - 0
159.703 160.212 55.0 装 0
160.212 160.466 52.0 的 0
160.466 160.974 57.0 笑 1
161.535 161.789 57.0 是 0
161.789 162.298 55.0 为 0
162.298 162.806 57.0 了 0
162.806 164.331 59.0 谁 1
164.84 165.094 57.0 无 0
165.094 165.603 57.0 - 0
165.603 165.857 57.0 非 0
165.857 166.111 57.0 是 0
166.111 166.365 55.0 为 0
166.365 166.874 55.0 - 0
166.874 167.382 57.0 你 0
167.382 167.637 59.0 守 0
167.637 168.145 57.0 侯 1
168.551 168.805 52.0 那 0
168.805 169.313 54.0 - 0
169.313 169.822 54.0 千 0
169.822 170.076 52.0 年 0
170.076 170.584 50.0 的 0
170.584 172.364 52.0 轮 1
174.905 175.16 59.0 今 0
175.16 175.668 59.0 - 0
175.668 175.922 67.0 夜 0
175.922 176.431 66.0 我 0
176.431 176.685 64.0 再 0
176.685 176.939 62.0 次 0
176.939 177.956 64.0 喝 1
178.468 178.722 62.0 再 0
178.722 178.976 64.0 - 0
178.976 179.739 66.0 次 0
179.739 179.993 64.0 为 0
179.993 180.502 62.0 你 0
180.502 180.756 64.0 去 0
180.756 181.01 62.0 伤 0
181.01 181.264 59.0 - 0
181.264 182.027 59.0 - 1
183.107 183.361 62.0 爱 0
183.361 183.87 64.0 - 0
183.87 184.124 64.0 过 0
184.124 184.378 62.0 的 0
184.378 184.632 64.0 往 0
184.632 185.141 59.0 - 0
185.141 185.395 55.0 事 0
185.395 185.904 57.0 已 0
185.904 186.158 59.0 经 0
186.158 186.666 57.0 很 1
187.128 187.382 59.0 心 0
187.382 187.891 62.0 - 0
187.891 188.145 62.0 却 0
188.145 188.653 57.0 收 0
188.653 188.908 59.0 不 0
188.908 189.162 62.0 - 0
189.162 189.67 59.0 回 0
189.67 190.433 59.0 - 1
191.218 191.472 59.0 酒 0
191.472 191.98 59.0 - 0
191.98 192.235 67.0 杯 0
192.235 192.489 67.0 里 0
192.489 192.743 67.0 都 0
192.743 192.997 64.0 是 0
192.997 193.252 62.0 那 0
193.252 194.269 64.0 心 1
194.904 195.158 62.0 散 0
195.158 195.412 64.0 发 0
195.412 195.603 64.0 着 0
195.603 195.921 66.0 - 0
195.921 196.175 66.0 淡 0
196.175 196.429 64.0 淡 0
196.429 196.938 62.0 苦 0
196.938 197.192 64.0 涩 0
197.192 197.446 62.0 - 0
197.446 198.463 59.0 味 1
199.346 199.6 64.0 阴 0
199.6 200.109 64.0 - 0
200.109 200.363 64.0 霾 0
200.363 200.617 62.0 的 0
200.617 200.872 64.0 爱 0
200.872 201.126 59.0 - 0
201.126 201.38 57.0 情 0
201.38 201.889 57.0 已 0
201.889 202.143 59.0 难 0
202.143 202.397 57.0 找 0
202.397 202.651 57.0 - 1
203.041 203.295 55.0 就 0
203.295 203.549 57.0 让 0
203.549 204.312 62.0 酒 0
204.312 204.566 62.0 把 0
204.566 205.074 57.0 我 0
205.074 205.329 59.0 灌 0
205.329 205.583 62.0 - 0
205.583 206.091 59.0 醉 0
206.091 206.854 59.0 - 1
207.423 208.44 57.0 让 0
208.44 208.948 57.0 - 0
209.203 209.457 55.0 再 0
209.457 209.711 57.0 - 0
209.711 210.219 59.0 梦 0
210.219 210.474 57.0 一 1
211.07 211.324 55.0 泪 0
211.324 211.579 57.0 流 0
211.579 211.833 57.0 干 0
211.833 212.087 59.0 - 0
212.596 213.104 57.0 心 0
213.358 213.613 50.0 成 0
213.613 214.375 52.0 灰 1
215.694 215.949 66.0 任 0
215.949 216.203 66.0 凭 0
216.203 216.457 66.0 窗 0
216.457 216.711 64.0 外 0
216.711 217.22 62.0 雨 0
217.22 217.474 64.0 分 0
217.474 217.728 66.0 - 0
217.728 219.254 64.0 飞 1
221.743 221.997 59.0 酒 0
221.997 222.506 59.0 - 0
222.506 222.76 67.0 杯 0
222.76 223.014 67.0 里 0
223.014 223.269 67.0 都 0
223.269 223.523 64.0 是 0
223.523 223.777 62.0 那 0
223.777 224.286 66.0 心 0
224.286 224.794 64.0 碎 1
225.408 225.663 62.0 散 0
225.663 225.917 64.0 发 0
225.917 226.171 64.0 着 0
226.171 226.425 66.0 - 0
226.425 226.68 66.0 淡 0
226.68 226.934 64.0 淡 0
226.934 227.442 62.0 苦 0
227.442 227.697 64.0 涩 0
227.697 227.951 62.0 - 0
227.951 228.968 59.0 味 1
229.933 230.187 64.0 阴 0
230.187 230.695 64.0 霾 0
230.695 230.95 64.0 的 0
230.95 231.458 64.0 爱 0
231.458 231.712 59.0 情 0
231.712 231.967 57.0 已 0
231.967 232.475 57.0 难 0
232.475 232.729 59.0 找 0
232.729 232.984 57.0 - 0
232.984 233.238 57.0 回 1
233.353 233.607 55.0 就 0
233.607 233.862 57.0 - 0
233.862 234.624 62.0 让 0
234.624 234.879 62.0 酒 0
234.879 235.387 57.0 把 0
235.387 235.895 62.0 我 0
235.895 236.404 59.0 灌 0
236.404 237.167 59.0 醉 1
237.93 238.947 57.0 让 0
238.947 239.456 57.0 - 0
239.71 239.964 55.0 再 0
239.964 240.219 57.0 - 0
240.219 240.727 59.0 梦 0
240.727 240.981 57.0 一 1
241.612 241.866 55.0 泪 0
241.866 242.12 57.0 流 0
242.12 242.629 59.0 干 0
243.137 243.646 57.0 心 0
243.9 244.154 50.0 成 0
244.154 244.917 52.0 灰 1
246.089 246.343 66.0 任 0
246.343 246.597 66.0 - 0
246.597 246.852 66.0 凭 0
246.852 247.106 64.0 窗 0
247.106 247.614 62.0 外 0
247.614 247.869 64.0 雨 0
247.869 248.123 66.0 分 0
248.123 249.648 64.0 - 1
252.338 252.719 66.0 任 0
252.719 253.1 66.0 凭 0
253.1 253.482 66.0 窗 0
253.482 253.863 64.0 外 0
253.863 254.626 62.0 雨 0
254.626 255.389 64.0 分 0
255.389 256.914 66.0 - 0
257.677 261.49 64.0 飞 1
