23.957 24.609 58.0 你 0
24.935 25.261 58.0 曾 0
25.261 25.913 57.0 说 0
26.239 26.565 57.0 你 0
26.565 26.891 55.0 永 0
26.891 27.218 57.0 远 0
27.22 27.544 55.0 只 0
27.544 27.87 53.0 爱 0
27.871 28.199 53.0 我 0
28.199 28.522 55.0 - 1
29.172 29.824 58.0 要 0
30.15 30.476 58.0 给 0
30.476 31.129 57.0 我 0
31.455 31.781 58.0 最 0
31.781 32.107 60.0 幸 0
32.107 32.433 62.0 福 0
32.436 32.759 65.0 的 0
32.759 33.085 60.0 生 0
33.085 33.411 62.0 活 1
33.653 33.979 62.0 你 0
33.979 34.305 65.0 说 0
34.308 34.634 65.0 你 0
34.634 34.958 67.0 - 0
34.958 35.284 65.0 的 0
35.286 35.61 65.0 快 0
35.61 36.262 65.0 乐 0
36.588 36.914 62.0 是 0
36.914 37.24 65.0 希 0
37.24 37.566 62.0 望 0
37.566 37.892 62.0 我 0
37.892 38.218 60.0 快 0
38.218 38.545 58.0 乐 1
38.946 39.272 55.0 你 0
39.272 39.598 57.0 的 0
39.598 39.924 58.0 全 0
39.924 40.25 62.0 部 0
40.25 40.576 60.0 意 0
40.576 40.902 58.0 义 0
40.902 41.391 57.0 都 0
41.554 42.207 53.0 是 0
42.207 43.185 55.0 我 1
44.848 45.5 58.0 你 0
45.826 46.153 58.0 要 0
46.153 46.805 57.0 走 0
47.131 47.457 57.0 说 0
47.457 47.783 55.0 爱 0
47.783 48.109 57.0 已 0
48.109 48.435 57.0 到 0
48.435 48.761 53.0 尽 0
48.761 49.413 55.0 头 1
49.979 50.631 58.0 要 0
50.957 51.283 58.0 挽 0
51.283 51.772 57.0 留 0
52.261 52.587 58.0 只 0
52.587 52.913 60.0 剩 0
52.913 53.239 62.0 无 0
53.242 53.566 62.0 情 0
53.566 53.892 60.0 冷 0
53.892 54.218 62.0 漠 1
54.57 54.896 62.0 就 0
54.896 55.222 65.0 算 0
55.225 55.551 65.0 爱 0
55.551 55.874 67.0 - 0
55.874 56.2 65.0 得 0
56.203 56.526 65.0 再 0
56.526 56.852 65.0 深 0
57.505 57.831 62.0 也 0
57.831 58.157 65.0 敌 0
58.157 58.483 62.0 不 0
58.483 58.809 62.0 过 0
58.809 59.135 60.0 离 0
59.135 59.461 58.0 分 1
59.747 60.073 55.0 难 0
60.073 60.399 57.0 道 0
60.399 60.725 58.0 是 0
60.725 61.052 62.0 我 0
61.052 61.378 60.0 对 0
61.378 61.704 62.0 你 0
61.704 62.033 65.0 太 0
62.033 62.356 62.0 - 0
62.356 63.008 62.0 认 0
63.011 64.639 67.0 真 1
64.954 65.28 62.0 为 0
65.28 65.606 65.0 你 0
65.606 65.932 67.0 流 0
65.932 66.258 67.0 过 0
66.258 66.584 67.0 的 0
66.584 66.91 65.0 眼 0
66.913 67.239 65.0 泪 0
67.239 67.562 67.0 - 1
67.876 68.202 62.0 是 0
68.202 68.529 67.0 最 0
68.529 68.855 65.0 后 0
68.855 69.181 65.0 的 0
69.181 69.507 62.0 伤 0
69.507 69.833 65.0 悲 1
70.283 70.609 62.0 纪 0
70.609 70.935 65.0 念 0
70.938 71.261 65.0 我 0
71.261 71.587 65.0 们 0
71.587 71.913 67.0 曾 0
71.913 72.24 70.0 深 0
72.242 72.892 69.0 爱 0
72.892 73.544 65.0 一 0
73.547 74.522 62.0 回 1
75.464 75.79 62.0 就 0
75.79 76.117 65.0 让 0
76.119 76.443 65.0 我 0
76.443 76.769 67.0 被 0
76.769 77.095 67.0 冷 0
77.095 77.421 65.0 风 0
77.424 77.75 65.0 吹 0
77.75 78.073 67.0 - 1
78.396 78.722 70.0 为 0
78.725 79.048 70.0 你 0
79.048 79.374 72.0 独 0
79.374 79.701 72.0 自 0
79.701 80.027 70.0 买 0
80.029 80.355 70.0 醉 0
80.355 81.005 72.0 - 1
81.292 81.618 70.0 心 0
81.618 81.944 69.0 碎 0
81.944 82.27 67.0 我 0
82.27 82.596 70.0 也 0
82.599 82.925 67.0 无 0
82.925 83.248 69.0 - 0
83.248 83.901 65.0 所 0
83.903 85.531 67.0 谓 1
85.827 86.153 62.0 你 0
86.153 86.479 65.0 让 0
86.482 86.805 66.0 我 0
86.805 87.132 67.0 痛 0
87.132 87.458 67.0 彻 0
87.458 87.784 65.0 心 0
87.786 88.113 65.0 扉 0
88.113 88.436 67.0 - 1
88.788 89.114 62.0 并 0
89.117 89.44 65.0 不 0
89.44 89.766 65.0 是 0
89.766 90.092 65.0 你 0
90.092 90.418 62.0 的 0
90.418 90.744 65.0 罪 1
91.076 91.402 62.0 爱 0
91.402 91.728 65.0 一 0
91.728 92.054 67.0 个 0
92.054 92.38 65.0 人 0
92.38 92.706 67.0 没 0
92.706 93.032 70.0 有 0
93.035 93.684 69.0 对 0
93.684 94.336 65.0 不 0
94.339 95.641 62.0 对 1
96.193 96.519 62.0 成 0
96.519 96.845 65.0 全 0
96.848 97.171 65.0 你 0
97.171 97.497 67.0 让 0
97.497 97.823 67.0 你 0
97.823 98.149 65.0 追 0
98.152 98.478 65.0 随 0
98.478 98.802 67.0 - 1
99.24 99.566 70.0 送 0
99.569 99.892 70.0 你 0
99.892 100.218 72.0 远 0
100.218 100.544 72.0 走 0
100.544 100.87 70.0 高 0
100.873 101.199 70.0 飞 0
101.199 101.848 72.0 - 1
102.233 102.559 70.0 爱 0
102.559 102.885 69.0 到 0
102.885 103.211 67.0 尽 0
103.211 103.537 70.0 头 0
103.537 104.189 69.0 也 0
104.189 104.841 65.0 无 0
104.844 107.45 67.0 悔 1
128.139 128.791 58.0 你 0
129.117 129.443 58.0 要 0
129.443 130.095 57.0 走 0
130.421 130.747 57.0 说 0
130.747 131.073 55.0 爱 0
131.073 131.399 57.0 已 0
131.402 131.725 55.0 到 0
131.725 132.052 53.0 尽 0
132.054 132.38 53.0 头 0
132.38 132.704 55.0 - 1
133.38 134.032 58.0 想 0
134.358 134.684 58.0 挽 0
134.684 135.173 57.0 留 0
135.663 135.989 58.0 只 0
135.989 136.315 60.0 剩 0
136.315 136.641 62.0 无 0
136.643 136.967 62.0 情 0
136.967 137.293 60.0 冷 0
137.293 137.619 62.0 漠 1
138.024 138.35 62.0 就 0
138.35 138.676 65.0 算 0
138.679 139.005 65.0 爱 0
139.005 139.328 67.0 - 0
139.328 139.655 65.0 的 0
139.655 139.981 67.0 再 0
139.981 140.307 65.0 深 0
140.959 141.285 62.0 也 0
141.285 141.611 65.0 敌 0
141.611 141.937 62.0 不 0
141.937 142.263 62.0 过 0
142.263 142.589 60.0 离 0
142.589 142.915 58.0 分 1
143.253 143.579 55.0 难 0
143.579 143.905 57.0 道 0
143.905 144.231 58.0 是 0
144.231 144.557 62.0 我 0
144.557 144.883 60.0 对 0
144.883 145.209 62.0 你 0
145.209 145.538 65.0 太 0
145.538 145.861 62.0 - 0
145.861 146.513 62.0 认 0
146.516 150.426 67.0 真 1
150.989 151.315 62.0 为 0
151.315 151.641 65.0 你 0
151.643 151.967 65.0 流 0
151.967 152.293 67.0 过 0
152.293 152.619 67.0 的 0
152.619 152.945 65.0 眼 0
152.948 153.274 65.0 泪 0
153.274 153.597 67.0 - 1
153.969 154.295 62.0 是 0
154.298 154.622 65.0 最 0
154.622 154.948 65.0 后 0
154.948 155.274 65.0 的 0
155.274 155.6 62.0 伤 0
155.6 155.926 65.0 悲 1
156.371 156.697 62.0 纪 0
156.697 157.023 65.0 念 0
157.026 157.349 65.0 我 0
157.349 157.675 65.0 们 0
157.675 158.001 67.0 曾 0
158.001 158.328 70.0 深 0
158.33 158.656 67.0 爱 0
158.656 158.98 69.0 - 0
158.98 159.632 65.0 一 0
159.635 159.961 60.0 回 0
159.961 160.61 62.0 - 1
161.394 161.72 62.0 就 0
161.72 162.047 65.0 让 0
162.049 162.373 65.0 我 0
162.373 162.699 67.0 被 0
162.699 163.025 67.0 冷 0
163.025 163.351 65.0 风 0
163.354 163.68 65.0 吹 0
163.68 164.003 67.0 - 1
164.442 164.768 70.0 为 0
164.771 165.094 70.0 你 0
165.094 165.42 72.0 独 0
165.42 165.747 72.0 自 0
165.747 166.073 70.0 买 0
166.075 166.401 70.0 醉 0
166.401 167.051 72.0 - 1
167.287 167.613 70.0 心 0
167.613 167.939 69.0 碎 0
167.939 168.265 67.0 我 0
168.265 168.591 70.0 也 0
168.594 168.92 67.0 无 0
168.92 169.243 69.0 - 0
169.243 169.896 65.0 所 0
169.898 171.526 67.0 谓 1
171.845 172.171 62.0 你 0
172.171 172.497 65.0 让 0
172.497 172.823 67.0 我 0
172.823 173.15 67.0 痛 0
173.15 173.476 67.0 彻 0
173.476 173.802 65.0 心 0
173.804 174.13 65.0 扉 0
174.13 174.454 67.0 - 1
174.8 175.047 62.0 并 0
175.047 175.452 65.0 不 0
175.452 175.778 65.0 是 0
175.778 176.104 65.0 你 0
176.104 176.43 62.0 的 0
176.43 176.756 65.0 罪 1
177.242 177.568 62.0 爱 0
177.568 177.894 65.0 一 0
177.896 178.22 65.0 个 0
178.22 178.546 65.0 人 0
178.546 178.872 67.0 没 0
178.872 179.198 70.0 有 0
179.201 179.527 67.0 对 0
179.527 179.85 69.0 - 0
179.85 180.502 65.0 不 0
180.502 181.807 62.0 对 1
182.318 182.644 62.0 成 0
182.644 182.97 65.0 全 0
182.97 183.296 67.0 你 0
183.296 183.622 67.0 让 0
183.622 183.948 67.0 你 0
183.948 184.274 65.0 追 0
184.277 184.603 65.0 随 0
184.603 184.927 67.0 - 1
185.197 185.523 70.0 送 0
185.523 185.849 72.0 你 0
185.849 186.175 72.0 远 0
186.175 186.501 72.0 走 0
186.501 186.827 70.0 高 0
186.83 187.156 70.0 飞 0
187.156 187.805 72.0 - 1
188.275 188.601 70.0 爱 0
188.601 188.927 69.0 到 0
188.927 189.253 67.0 尽 0
189.253 189.579 70.0 头 0
189.582 189.908 67.0 也 0
189.908 190.231 69.0 - 0
190.231 190.883 65.0 无 0
190.886 193.166 67.0 悔 1
193.518 193.955 69.0 爱 0
193.981 194.355 69.0 到 0
194.355 194.702 67.0 尽 0
194.709 195.067 70.0 头 0
195.067 197.088 69.0 也 1
197.886 198.701 65.0 无 0
198.704 203.919 67.0 悔 1
