0.462 0.775 52.0 每 0
0.775 0.983 52.0 个 0
0.983 1.4 52.0 人 0
1.4 1.608 54.0 都 0
1.608 1.817 54.0 在 0
1.817 2.233 55.0 问 0
2.337 2.546 55.0 我 1
2.559 2.975 57.0 到 0
3.08 3.496 59.0 底 0
3.6 4.017 57.0 还 0
4.017 4.434 57.0 在 0
4.434 4.746 57.0 等 0
4.85 5.059 52.0 什 0
5.059 6.517 57.0 么 1
7.431 7.64 55.0 等 0
7.64 7.848 57.0 到 0
7.848 8.056 57.0 春 0
8.265 8.473 57.0 夏 0
8.473 8.89 62.0 秋 0
8.89 9.202 62.0 冬 1
9.226 9.435 62.0 都 0
9.435 9.747 62.0 过 0
9.747 9.956 57.0 - 0
9.956 10.268 57.0 了 0
10.372 10.685 55.0 难 0
10.789 11.414 55.0 道 0
11.518 11.726 55.0 还 0
11.831 12.039 57.0 不 0
12.143 13.185 59.0 够 1
14.172 14.485 59.0 其 0
14.485 14.901 59.0 实 0
14.901 15.11 59.0 是 0
15.11 15.526 64.0 因 0
15.526 15.735 64.0 为 0
15.839 16.047 64.0 我 0
16.047 16.464 62.0 - 1
16.541 16.749 62.0 的 0
16.958 17.387 60.0 心 0
17.387 17.601 60.0 有 0
17.815 18.284 60.0 一 0
18.518 18.753 59.0 个 0
18.753 19.236 59.0 缺 0
19.236 19.955 57.0 口 1
20.144 20.378 57.0 等 0
20.378 20.613 57.0 待 0
20.613 20.841 55.0 拿 0
20.841 21.068 52.0 走 0
21.068 21.295 55.0 的 0
21.295 21.522 52.0 人 1
21.68 22.135 55.0 把 0
22.135 22.589 59.0 它 0
22.589 23.839 57.0 还 0
23.953 24.18 50.0 给 0
24.18 24.616 52.0 - 0
24.616 26.042 52.0 我 1
27.925 28.133 50.0 每 0
28.133 28.341 52.0 个 0
28.341 28.758 52.0 人 0
28.758 28.966 54.0 都 0
28.966 29.175 55.0 在 0
29.175 29.591 55.0 说 0
29.591 29.8 55.0 这 0
29.8 30.008 55.0 种 1
30.19 30.607 57.0 爱 0
30.607 31.023 59.0 情 0
31.023 31.44 57.0 没 0
31.44 32.169 57.0 有 0
32.273 32.69 57.0 结 0
32.69 33.002 57.0 - 0
33.107 34.148 57.0 果 1
34.739 34.948 57.0 我 0
34.948 35.156 57.0 也 0
35.156 35.364 57.0 知 0
35.364 35.781 57.0 道 0
35.781 35.989 57.0 你 0
35.989 36.406 62.0 永 0
36.406 36.614 62.0 远 1
36.636 36.845 62.0 都 0
36.845 37.261 57.0 不 0
37.261 37.678 55.0 能 0
37.678 38.928 55.0 够 0
38.928 39.136 57.0 爱 0
39.136 39.553 59.0 - 0
39.553 41.011 59.0 我 1
41.359 41.567 57.0 其 0
41.567 41.776 59.0 实 0
41.776 42.192 59.0 我 0
42.192 42.401 59.0 祗 0
42.401 42.609 59.0 是 0
42.609 43.026 64.0 希 0
43.026 43.234 64.0 望 1
43.256 43.464 64.0 你 0
43.464 43.881 62.0 - 0
43.881 44.298 62.0 有 0
44.298 44.714 60.0 时 0
44.714 45.131 60.0 - 0
45.131 45.548 60.0 想 0
45.548 45.756 59.0 一 0
45.756 46.381 60.0 想 0
46.381 47.006 57.0 我 1
47.269 47.478 59.0 你 0
47.478 47.686 57.0 却 0
47.686 47.894 55.0 已 0
47.894 48.103 52.0 经 0
48.103 48.311 55.0 渐 0
48.311 48.519 52.0 渐 0
48.519 48.936 55.0 渐 0
48.936 49.353 59.0 渐 1
49.355 49.771 57.0 甚 0
49.771 49.98 57.0 么 0
49.98 50.188 57.0 都 0
50.188 50.605 57.0 不 0
50.605 51.438 52.0 再 0
51.438 52.688 52.0 说 1
54.012 54.227 47.0 我 0
54.227 54.643 59.0 睡 0
54.643 55.06 59.0 不 0
55.06 55.477 59.0 着 0
55.477 55.685 59.0 的 0
55.685 56.102 59.0 时 0
56.102 56.727 57.0 候 1
56.89 57.098 57.0 会 0
57.098 57.307 59.0 不 0
57.307 57.515 57.0 会 0
57.515 57.932 55.0 有 0
57.932 58.348 52.0 人 0
58.348 58.765 50.0 陪 0
58.765 58.973 50.0 着 0
58.973 60.015 52.0 我 1
60.708 60.916 47.0 我 0
60.916 61.333 59.0 难 0
61.333 62.062 59.0 过 0
62.166 62.479 59.0 的 0
62.583 63.0 59.0 时 0
63.0 63.416 57.0 候 1
63.56 63.768 57.0 会 0
63.768 63.976 59.0 不 0
63.976 64.185 57.0 会 0
64.185 64.601 55.0 有 0
64.601 65.018 52.0 人 0
65.018 65.435 55.0 安 0
65.435 65.643 57.0 慰 0
65.643 66.685 59.0 我 1
67.391 67.599 47.0 我 0
67.599 68.016 59.0 想 0
68.016 68.432 59.0 说 0
68.432 68.849 59.0 话 0
68.849 69.057 59.0 的 0
69.057 69.474 57.0 时 0
69.474 70.099 57.0 候 1
70.337 70.546 57.0 会 0
70.546 70.754 59.0 不 0
70.754 70.962 57.0 会 0
70.962 71.379 55.0 有 0
71.379 71.796 52.0 人 0
71.796 72.212 50.0 了 0
72.212 72.421 50.0 解 0
72.421 73.462 52.0 我 1
73.973 74.182 47.0 我 0
74.182 74.39 57.0 忘 0
74.39 74.598 59.0 不 0
74.598 75.015 59.0 了 0
75.015 75.327 59.0 你 0
75.432 75.64 59.0 的 0
75.64 75.848 57.0 时 0
75.848 76.265 59.0 - 0
76.265 76.682 57.0 候 1
76.939 77.356 59.0 你 0
77.356 77.564 57.0 会 0
77.564 77.981 55.0 不 0
77.981 78.397 52.0 会 0
78.397 78.814 55.0 来 0
78.814 79.022 57.0 疼 0
79.022 80.064 59.0 我 1
80.569 80.985 59.0 你 0
80.985 81.402 64.0 知 0
81.402 81.819 64.0 不 0
81.819 82.235 66.0 知 0
82.235 83.902 64.0 道 1
83.912 84.329 59.0 你 0
84.329 84.745 64.0 知 0
84.745 85.579 64.0 不 0
85.579 85.787 62.0 知 0
85.787 86.204 60.0 - 0
86.204 87.245 60.0 道 1
88.033 88.449 60.0 我 0
88.449 88.866 62.0 等 0
88.866 89.178 64.0 到 0
89.178 89.595 64.0 花 0
89.595 90.428 62.0 儿 0
90.533 90.949 55.0 也 0
90.949 91.366 59.0 谢 0
91.366 91.991 59.0 了 0
91.991 92.616 55.0 哦 0
92.616 93.449 59.0 - 1
93.938 94.355 59.0 你 0
94.355 94.771 64.0 知 0
94.771 95.188 64.0 不 0
95.188 95.605 66.0 知 0
95.605 97.271 64.0 道 1
97.274 97.691 59.0 你 0
97.691 98.108 64.0 知 0
98.108 98.941 64.0 不 0
98.941 99.149 62.0 知 0
99.149 99.566 60.0 - 0
99.566 100.608 60.0 道 1
101.421 101.838 55.0 我 0
101.838 102.254 55.0 等 0
102.254 102.567 55.0 到 0
102.567 103.088 59.0 花 0
103.088 103.921 57.0 儿 0
103.921 104.338 54.0 也 0
104.338 104.65 55.0 谢 0
104.65 104.963 52.0 - 0
105.067 106.733 52.0 了 1
114.625 114.834 52.0 每 0
114.834 115.042 52.0 个 0
115.042 115.459 52.0 人 0
115.459 115.667 54.0 都 0
115.667 115.875 55.0 在 0
115.875 116.292 55.0 说 0
116.292 116.5 55.0 这 0
116.5 116.709 55.0 种 1
116.735 117.151 57.0 爱 0
117.151 117.568 59.0 情 0
117.568 117.985 57.0 没 0
117.985 118.818 57.0 有 0
118.818 119.235 59.0 结 0
119.235 119.547 57.0 - 0
119.651 120.693 57.0 果 1
121.306 121.514 55.0 我 0
121.514 121.723 57.0 也 0
121.723 121.931 57.0 知 0
121.931 122.348 57.0 道 0
122.348 122.556 57.0 你 0
122.556 122.973 62.0 永 0
122.973 123.181 62.0 远 1
123.199 123.407 62.0 都 0
123.407 123.824 57.0 不 0
123.824 124.241 55.0 能 0
124.241 125.491 55.0 够 0
125.491 125.699 57.0 爱 0
125.699 126.116 59.0 - 0
126.116 127.574 59.0 我 1
128.116 128.324 57.0 其 0
128.324 128.532 59.0 实 0
128.532 128.949 59.0 我 0
128.949 129.157 59.0 祗 0
129.157 129.366 59.0 是 0
129.366 129.782 64.0 希 0
129.782 129.991 64.0 望 1
129.994 130.202 64.0 你 0
130.202 130.619 62.0 - 0
130.619 131.035 62.0 有 0
131.035 131.452 60.0 时 0
131.452 131.869 60.0 - 0
131.869 132.285 60.0 想 0
132.285 132.494 59.0 一 0
132.494 133.119 60.0 想 0
133.119 133.744 57.0 我 1
133.938 134.146 57.0 你 0
134.146 134.355 57.0 却 0
134.355 134.563 55.0 已 0
134.563 134.771 52.0 经 0
134.771 134.98 55.0 渐 0
134.98 135.188 52.0 渐 0
135.188 135.605 55.0 渐 0
135.605 136.021 59.0 渐 1
136.036 136.453 57.0 甚 0
136.453 136.661 57.0 么 0
136.661 136.87 57.0 都 0
136.87 137.286 57.0 不 0
137.286 138.12 52.0 再 0
138.12 139.37 52.0 说 1
140.727 140.935 47.0 我 0
140.935 141.352 59.0 睡 0
141.352 141.769 59.0 不 0
141.769 142.185 59.0 着 0
142.185 142.394 59.0 的 0
142.394 142.81 57.0 时 0
142.81 143.435 57.0 候 1
143.746 143.954 57.0 会 0
143.954 144.162 59.0 不 0
144.162 144.371 57.0 会 0
144.371 144.787 52.0 有 0
144.787 145.204 52.0 人 0
145.204 145.621 50.0 陪 0
145.621 145.829 50.0 着 0
145.829 146.871 52.0 我 1
147.357 147.565 47.0 我 0
147.565 148.398 59.0 难 0
148.398 148.711 59.0 过 0
148.815 149.023 59.0 的 0
149.023 149.44 59.0 时 0
149.44 149.857 57.0 候 1
150.223 150.432 57.0 会 0
150.432 150.64 59.0 不 0
150.64 150.848 57.0 会 0
150.848 151.265 52.0 有 0
151.265 151.682 52.0 人 0
151.682 152.098 55.0 安 0
152.098 152.307 57.0 慰 0
152.307 153.348 59.0 我 1
153.988 154.197 47.0 我 0
154.197 154.613 59.0 想 0
154.613 155.03 59.0 说 0
155.03 155.447 59.0 话 0
155.447 155.655 59.0 的 0
155.655 156.072 59.0 时 0
156.072 156.697 57.0 候 1
157.056 157.264 57.0 会 0
157.264 157.473 59.0 不 0
157.473 157.681 57.0 会 0
157.681 158.098 52.0 有 0
158.098 158.514 52.0 人 0
158.514 158.931 50.0 了 0
158.931 159.139 50.0 解 0
159.139 160.181 52.0 我 1
160.681 160.889 47.0 我 0
160.889 161.098 59.0 忘 0
161.098 161.306 59.0 不 0
161.306 161.723 59.0 了 0
161.723 162.035 59.0 你 0
162.139 162.348 59.0 的 0
162.348 162.556 57.0 时 0
162.556 162.973 59.0 - 0
162.973 163.389 57.0 候 1
163.564 163.98 59.0 你 0
163.98 164.189 57.0 会 0
164.189 164.605 55.0 不 0
164.605 165.022 52.0 会 0
165.022 165.439 55.0 来 0
165.439 165.647 57.0 疼 0
165.647 166.689 59.0 我 1
167.27 167.687 59.0 你 0
167.687 168.104 64.0 知 0
168.104 168.52 64.0 不 0
168.52 168.937 66.0 知 0
168.937 170.604 64.0 道 1
170.612 171.028 59.0 你 0
171.028 171.445 64.0 知 0
171.445 172.278 64.0 不 0
172.278 172.487 62.0 知 0
172.487 172.903 60.0 - 0
172.903 173.945 60.0 道 1
174.766 175.183 60.0 我 0
175.183 175.6 62.0 等 0
175.6 175.808 64.0 到 0
175.808 176.225 64.0 花 0
176.225 177.058 62.0 儿 0
177.162 177.579 55.0 也 0
177.579 177.995 59.0 谢 0
177.995 178.62 59.0 了 0
178.725 179.35 57.0 哦 0
179.35 180.183 59.0 - 1
180.69 180.898 59.0 你 0
180.898 181.315 64.0 知 0
181.315 181.732 64.0 不 0
181.732 182.148 66.0 知 0
182.148 183.815 64.0 道 1
183.825 184.242 59.0 你 0
184.242 184.658 64.0 知 0
184.658 185.492 64.0 不 0
185.492 185.7 62.0 知 0
185.7 186.117 60.0 - 0
186.117 187.158 60.0 道 1
187.944 188.36 55.0 我 0
188.36 188.777 55.0 等 0
188.777 188.985 55.0 到 0
188.985 189.506 59.0 花 0
189.506 190.339 57.0 儿 0
190.339 190.652 54.0 也 0
190.652 190.86 55.0 谢 0
190.86 191.277 52.0 - 0
191.277 192.944 52.0 了 1
220.645 221.113 59.0 你 0
221.113 221.536 64.0 知 0
221.536 221.959 64.0 不 0
221.959 222.381 66.0 知 0
222.381 224.071 64.0 道 1
224.101 224.524 59.0 你 0
224.524 224.946 64.0 知 0
224.946 225.686 64.0 不 0
225.686 225.897 62.0 知 0
225.897 226.214 60.0 - 0
226.319 227.376 60.0 道 1
228.194 228.616 60.0 我 0
228.616 229.039 62.0 等 0
229.039 229.25 64.0 到 0
229.25 229.672 64.0 花 0
229.672 230.517 62.0 儿 0
230.623 231.046 55.0 也 0
231.046 231.468 59.0 谢 0
231.468 232.102 59.0 了 0
232.208 232.841 57.0 哦 0
232.841 233.686 59.0 - 1
234.37 234.582 59.0 你 0
234.582 235.004 64.0 知 0
235.004 235.427 64.0 不 0
235.427 235.849 66.0 知 0
235.849 237.539 64.0 道 1
237.597 238.02 59.0 你 0
238.02 238.442 64.0 知 0
238.442 239.287 64.0 不 0
239.287 239.499 62.0 知 0
239.499 239.921 60.0 - 0
239.921 240.978 60.0 道 1
241.827 242.249 55.0 我 0
242.249 242.672 55.0 等 0
242.672 242.883 55.0 到 0
242.883 243.411 59.0 花 0
243.411 244.256 57.0 儿 0
244.256 244.573 54.0 也 0
244.784 244.996 55.0 谢 0
244.996 245.418 52.0 - 0
245.418 247.108 52.0 了 1
250.992 251.415 59.0 你 0
251.415 251.521 62.0 - 0
251.521 251.837 64.0 知 0
251.837 252.471 64.0 不 0
252.577 253.105 66.0 知 0
253.105 254.373 64.0 道 1
254.374 254.796 59.0 你 0
254.796 255.219 64.0 知 0
255.219 256.064 64.0 不 0
256.064 256.275 62.0 知 0
256.275 256.698 60.0 - 0
256.698 257.754 60.0 道 1
258.693 259.116 55.0 我 0
259.116 259.538 55.0 等 0
259.538 259.749 55.0 到 0
259.961 260.172 57.0 花 0
260.172 260.594 59.0 - 0
260.594 261.44 57.0 儿 0
261.862 262.285 54.0 也 0
262.285 262.707 55.0 谢 0
262.707 263.13 52.0 - 0
263.13 265.031 52.0 了 1
