15.631 16.081 66.0 你 0
16.085 16.309 69.0 的 0
16.54 16.99 69.0 心 0
16.994 18.354 69.0 情 0
19.267 19.718 66.0 现 0
19.722 19.831 62.0 在 0
20.176 20.627 62.0 好 0
20.631 20.968 59.0 - 0
20.972 21.65 62.0 吗 1
22.863 23.314 66.0 你 0
23.318 23.541 69.0 的 0
23.772 23.996 69.0 脸 0
24.0 24.45 71.0 - 0
24.568 25.473 69.0 上 0
26.5 26.95 64.0 还 0
26.954 27.405 66.0 有 0
27.409 27.86 69.0 微 0
27.863 28.2 66.0 笑 0
28.204 29.791 64.0 吗 1
30.096 30.547 66.0 人 0
30.551 30.774 62.0 生 0
31.005 31.456 62.0 自 0
31.46 31.683 59.0 - 0
31.687 32.479 66.0 古 0
33.278 33.501 57.0 就 0
33.505 33.729 59.0 有 0
33.732 34.183 66.0 许 0
34.187 34.524 62.0 多 0
34.642 35.092 62.0 愁 0
35.096 35.32 59.0 和 0
35.323 36.115 66.0 苦 1
37.417 37.868 66.0 请 0
37.871 37.981 64.0 你 0
38.099 38.549 64.0 多 0
38.553 39.004 62.0 一 0
39.008 39.231 59.0 - 0
39.235 39.345 64.0 些 0
39.349 39.799 66.0 开 0
39.917 40.708 64.0 心 1
41.116 41.34 57.0 少 0
41.457 41.681 69.0 一 0
41.798 42.021 69.0 些 0
42.025 42.249 64.0 烦 0
42.309 42.703 66.0 - 0
42.764 44.181 62.0 恼 1
44.713 45.163 66.0 你 0
45.167 45.391 69.0 的 0
45.622 46.072 69.0 所 0
46.076 46.3 66.0 - 0
46.303 47.436 69.0 得 0
48.122 48.345 66.0 还 0
48.349 48.8 66.0 那 0
48.803 49.027 62.0 样 0
49.258 49.709 62.0 少 0
49.713 49.936 59.0 - 0
49.94 50.731 62.0 吗 1
52.036 52.487 66.0 你 0
52.491 52.828 69.0 的 0
52.945 53.169 69.0 付 0
53.173 53.623 71.0 - 0
53.627 54.646 69.0 出 0
55.445 55.669 64.0 还 0
55.673 56.123 64.0 那 0
56.127 56.578 66.0 样 0
56.582 57.032 69.0 多 0
57.036 57.487 64.0 - 0
57.491 58.964 64.0 吗 1
59.172 59.623 66.0 生 0
59.627 59.85 62.0 活 0
60.081 60.305 62.0 的 0
60.308 60.759 59.0 - 0
60.763 61.555 66.0 路 0
62.354 62.577 57.0 总 0
62.581 62.805 59.0 有 0
62.808 63.259 66.0 一 0
63.263 63.6 62.0 些 0
63.717 64.055 62.0 不 0
64.172 64.395 59.0 平 0
64.456 65.305 66.0 事 1
66.459 66.909 66.0 请 0
66.913 67.023 64.0 你 0
67.141 67.591 64.0 不 0
67.595 67.932 62.0 必 0
68.05 68.273 59.0 太 0
68.277 68.728 66.0 在 0
68.731 68.841 64.0 - 0
68.959 69.75 64.0 意 1
70.169 70.393 57.0 洒 0
70.396 70.62 57.0 脱 0
70.624 70.847 69.0 一 0
70.851 71.074 69.0 些 0
71.078 71.302 64.0 过 0
71.305 71.756 64.0 的 0
71.76 73.233 62.0 好 1
77.801 78.138 74.0 祝 0
78.256 78.593 74.0 你 0
78.71 79.161 66.0 平 0
79.165 80.411 69.0 安 0
80.983 81.434 64.0 噢 0
81.437 81.774 62.0 祝 0
81.892 82.115 62.0 你 0
82.346 82.797 71.0 平 0
82.801 83.706 69.0 安 1
85.073 85.41 71.0 让 0
85.527 85.864 71.0 那 0
85.982 86.319 71.0 快 0
86.436 87.569 62.0 乐 0
88.255 88.478 59.0 围 0
88.482 88.592 62.0 绕 0
88.709 89.046 69.0 在 0
89.164 89.501 66.0 你 0
89.618 90.069 66.0 身 0
90.073 91.887 64.0 边 1
92.204 92.542 74.0 祝 0
92.659 92.996 74.0 你 0
93.114 93.564 66.0 平 0
93.568 94.814 69.0 安 0
95.386 95.837 64.0 噢 0
95.841 96.178 62.0 祝 0
96.295 96.519 62.0 你 0
96.75 97.201 71.0 平 0
97.204 98.11 69.0 安 1
99.55 100.001 66.0 你 0
100.005 100.115 62.0 永 0
100.232 100.683 62.0 远 0
100.687 100.91 59.0 - 0
100.914 101.251 59.0 都 0
101.368 101.819 66.0 幸 0
101.823 101.933 64.0 - 0
102.05 102.728 64.0 福 1
103.128 103.237 57.0 是 0
103.355 103.465 57.0 我 0
103.582 103.806 67.0 最 0
103.809 104.033 69.0 大 0
104.037 104.146 64.0 的 0
104.264 104.715 66.0 心 0
104.718 106.306 62.0 愿 1
135.833 136.283 66.0 你 0
136.287 136.511 69.0 的 0
136.742 137.192 69.0 所 0
137.196 137.42 66.0 - 0
137.424 138.556 69.0 得 0
139.242 139.465 64.0 还 0
139.469 139.92 66.0 那 0
139.924 140.147 62.0 样 0
140.378 140.829 62.0 少 0
140.833 141.056 59.0 - 0
141.06 141.852 62.0 吗 1
143.172 143.623 66.0 你 0
143.627 143.964 69.0 的 0
144.081 144.305 69.0 付 0
144.309 144.759 71.0 - 0
144.763 145.782 69.0 出 0
146.581 146.805 64.0 还 0
146.809 147.259 64.0 那 0
147.263 147.714 66.0 样 0
147.718 148.169 69.0 多 0
148.172 148.623 64.0 - 0
148.627 150.1 64.0 吗 1
150.439 150.89 66.0 生 0
150.894 151.117 62.0 活 0
151.348 151.572 62.0 的 0
151.575 152.026 59.0 - 0
152.03 152.822 66.0 路 0
153.621 153.844 57.0 总 0
153.848 154.072 59.0 有 0
154.075 154.526 66.0 一 0
154.53 154.867 62.0 些 0
154.985 155.322 62.0 不 0
155.439 155.663 59.0 平 0
155.723 156.572 66.0 事 1
157.799 158.25 66.0 请 0
158.253 158.363 64.0 你 0
158.481 158.931 64.0 不 0
158.935 159.272 62.0 必 0
159.39 159.613 59.0 太 0
159.617 160.068 66.0 在 0
160.072 160.181 64.0 - 0
160.299 161.09 64.0 意 1
161.321 161.545 57.0 洒 0
161.548 161.772 57.0 脱 0
161.776 161.999 69.0 一 0
162.003 162.226 69.0 些 0
162.23 162.454 64.0 过 0
162.458 162.908 64.0 的 0
162.912 164.386 62.0 好 1
165.027 165.364 74.0 祝 0
165.481 165.818 74.0 你 0
165.936 166.386 66.0 平 0
166.39 167.636 69.0 安 0
168.208 168.659 64.0 噢 0
168.663 169.0 62.0 祝 0
169.117 169.341 62.0 你 0
169.572 170.023 71.0 平 0
170.027 170.932 69.0 安 1
172.393 172.73 71.0 让 0
172.848 173.185 71.0 那 0
173.302 173.639 71.0 快 0
173.757 174.889 62.0 乐 0
175.575 175.799 59.0 围 0
175.802 175.912 62.0 绕 0
176.03 176.367 69.0 在 0
176.484 176.821 66.0 你 0
176.939 177.389 66.0 身 0
177.393 179.208 64.0 边 1
179.529 179.866 74.0 祝 0
179.984 180.321 74.0 你 0
180.438 180.889 66.0 平 0
180.893 182.139 69.0 安 0
182.711 183.162 64.0 噢 0
183.165 183.502 62.0 祝 0
183.62 183.843 62.0 你 0
184.074 184.525 71.0 平 0
184.529 185.434 69.0 安 1
186.82 187.27 66.0 你 0
187.274 187.384 62.0 永 0
187.502 187.952 62.0 远 0
187.956 188.18 59.0 - 0
188.183 188.52 59.0 都 0
188.638 189.089 66.0 幸 0
189.092 189.202 64.0 - 0
189.32 189.998 64.0 福 1
190.381 190.491 57.0 是 0
190.608 190.718 57.0 我 0
190.836 191.059 69.0 最 0
191.063 191.286 69.0 大 0
191.29 191.4 64.0 的 0
191.517 191.968 64.0 心 0
191.972 193.559 62.0 愿 1
194.161 194.499 74.0 祝 0
194.616 194.953 74.0 你 0
195.071 195.521 66.0 平 0
195.525 196.771 69.0 安 0
197.343 197.794 64.0 噢 0
197.798 198.135 62.0 祝 0
198.252 198.476 62.0 你 0
198.707 199.158 71.0 平 0
199.161 200.067 69.0 安 1
201.422 201.759 71.0 让 0
201.877 202.214 71.0 那 0
202.331 202.668 71.0 快 0
202.786 203.918 62.0 乐 0
204.604 204.827 59.0 围 0
204.831 204.941 62.0 绕 0
205.059 205.396 69.0 在 0
205.513 205.85 66.0 你 0
205.968 206.418 66.0 身 0
206.422 208.237 64.0 边 1
208.66 208.997 74.0 祝 0
209.114 209.452 74.0 你 0
209.569 210.02 66.0 平 0
210.024 211.27 69.0 安 0
211.842 212.292 64.0 噢 0
212.296 212.633 62.0 祝 0
212.751 212.974 62.0 你 0
213.205 213.656 71.0 平 0
213.66 214.565 69.0 安 1
215.963 216.413 66.0 你 0
216.417 216.527 62.0 永 0
216.644 217.095 62.0 远 0
217.099 217.322 59.0 - 0
217.326 217.663 59.0 都 0
217.781 218.232 66.0 幸 0
218.235 218.345 64.0 - 0
218.463 219.141 64.0 福 1
219.502 219.612 57.0 是 0
219.729 219.839 57.0 我 0
219.957 220.18 69.0 最 0
220.184 220.407 69.0 大 0
220.411 220.521 64.0 的 0
220.638 220.862 64.0 心 0
220.866 221.203 66.0 - 0
221.32 222.68 62.0 愿 1
