24.585 24.88 58.0 走 0
24.933 25.253 56.0 不 0
25.282 25.598 58.0 完 0
25.675 26.355 59.0 的 0
26.372 26.698 58.0 长 0
26.721 26.98 56.0 - 0
27.07 28.053 56.0 巷 0
28.378 28.637 54.0 原 0
28.727 29.388 54.0 来 0
29.425 29.731 53.0 也 0
29.774 30.374 54.0 就 0
30.471 30.82 56.0 那 0
30.82 31.253 58.0 么 0
31.285 33.095 58.0 长 1
35.874 36.22 58.0 跑 0
36.223 36.532 56.0 不 0
36.571 36.865 58.0 完 0
36.92 37.574 59.0 的 0
37.618 37.932 58.0 操 0
37.967 38.226 56.0 - 0
38.316 39.287 56.0 场 0
39.711 39.97 54.0 原 0
40.06 40.641 54.0 来 0
40.758 41.082 53.0 小 0
41.106 41.749 58.0 成 0
41.804 42.122 56.0 这 0
42.153 42.349 54.0 - 0
42.502 44.199 54.0 样 1
46.959 48.162 61.0 时 0
48.354 49.049 51.0 间 0
49.052 49.31 56.0 的 0
49.4 50.496 56.0 手 0
50.796 51.055 54.0 翻 0
51.145 51.712 54.0 云 0
51.842 52.101 51.0 覆 0
52.191 52.81 51.0 雨 0
52.889 53.168 54.0 了 0
53.238 53.584 58.0 什 0
53.587 55.858 58.0 么 1
58.057 59.236 61.0 从 0
59.453 60.069 51.0 我 0
60.15 60.496 56.0 手 0
60.586 61.592 56.0 中 0
62.243 62.815 51.0 夺 0
62.941 63.248 54.0 走 0
63.29 64.334 58.0 了 0
64.336 64.682 56.0 什 0
64.685 66.104 54.0 么 1
66.575 66.9 58.0 闭 0
66.924 67.222 59.0 上 0
67.273 67.793 61.0 眼 0
67.796 69.147 61.0 看 0
69.366 69.687 58.0 十 0
69.715 70.026 59.0 六 0
70.064 70.323 61.0 岁 0
70.413 71.062 61.0 的 0
71.11 71.456 63.0 夕 0
71.459 71.805 65.0 - 0
71.808 72.799 61.0 阳 1
73.158 73.445 61.0 美 0
73.507 74.202 61.0 得 0
74.205 74.503 59.0 像 0
74.554 75.206 59.0 我 0
75.251 75.552 58.0 们 0
75.6 75.904 56.0 一 0
75.949 77.118 59.0 样 1
77.61 77.933 58.0 边 0
77.959 78.28 59.0 走 0
78.308 78.741 61.0 边 0
78.831 80.202 61.0 唱 0
80.401 80.712 58.0 天 0
80.75 81.078 59.0 真 0
81.099 81.357 61.0 浪 0
81.447 82.08 61.0 漫 0
82.145 82.818 65.0 勇 0
82.843 83.91 61.0 敢 1
84.33 84.672 61.0 以 0
84.679 85.349 65.0 为 0
85.377 85.726 66.0 能 0
85.726 86.353 61.0 走 0
86.423 86.76 59.0 到 0
86.772 87.031 58.0 远 0
87.121 88.967 56.0 方 1
90.229 90.865 58.0 我 0
90.927 91.36 61.0 们 0
91.363 92.272 56.0 曾 0
92.322 92.756 58.0 相 0
92.758 94.495 54.0 爱 0
95.811 96.465 51.0 想 0
96.508 97.203 58.0 到 0
97.206 98.511 56.0 就 0
98.601 99.032 54.0 心 0
99.125 101.487 54.0 酸 1
125.041 125.336 58.0 人 0
125.39 125.71 56.0 潮 0
125.739 126.054 58.0 拍 0
126.088 126.768 59.0 打 0
126.785 127.111 58.0 上 0
127.134 127.393 56.0 - 0
127.483 128.466 56.0 岸 0
128.878 129.137 54.0 一 0
129.227 129.888 54.0 波 0
129.925 130.231 53.0 波 0
130.274 130.874 54.0 欢 0
130.971 131.317 56.0 快 0
131.32 131.666 58.0 的 0
131.669 133.45 58.0 浪 1
136.187 136.533 58.0 校 0
136.536 136.845 56.0 门 0
136.885 137.178 58.0 口 0
137.233 137.887 59.0 老 0
137.931 138.277 58.0 地 0
138.28 138.626 56.0 - 0
138.629 139.6 56.0 方 0
140.024 140.283 54.0 我 0
140.373 140.954 54.0 是 0
141.071 141.395 53.0 等 0
141.419 142.062 58.0 候 0
142.117 142.435 56.0 堤 0
142.466 142.662 54.0 - 0
142.815 144.512 54.0 防 1
147.49 148.533 61.0 牵 0
148.536 148.882 51.0 - 0
148.885 149.58 51.0 你 0
149.583 149.841 56.0 的 0
149.932 151.027 56.0 手 0
151.327 151.586 54.0 人 0
151.676 152.243 54.0 群 0
152.373 152.632 51.0 里 0
152.722 153.341 51.0 慢 0
153.42 153.853 54.0 慢 0
153.856 154.463 58.0 - 0
154.466 156.738 58.0 走 1
158.567 159.746 61.0 我 0
159.963 160.579 51.0 们 0
160.66 161.006 56.0 手 0
161.097 162.102 56.0 中 0
162.753 163.325 51.0 藏 0
163.451 163.758 54.0 有 0
163.8 164.844 58.0 全 0
164.847 165.192 56.0 宇 0
165.195 166.614 54.0 宙 1
166.954 167.278 58.0 闭 0
167.302 167.6 59.0 上 0
167.651 168.172 61.0 眼 0
168.174 169.525 61.0 看 0
169.744 170.065 58.0 最 0
170.093 170.404 59.0 后 0
170.442 170.701 61.0 那 0
170.791 171.44 61.0 颗 0
171.488 171.834 63.0 夕 0
171.837 172.183 65.0 - 0
172.186 173.177 61.0 阳 1
173.481 173.768 61.0 美 0
173.83 174.525 61.0 得 0
174.528 174.826 59.0 像 0
174.877 175.529 59.0 一 0
175.574 175.875 58.0 个 0
175.923 176.227 56.0 遗 0
176.272 177.441 59.0 憾 1
178.177 178.5 58.0 辉 0
178.526 178.847 59.0 煌 0
178.875 179.308 61.0 哀 0
179.398 180.769 61.0 伤 0
180.968 181.279 58.0 青 0
181.317 181.645 59.0 春 0
181.666 181.924 61.0 兵 0
182.015 182.647 61.0 荒 0
182.712 183.385 65.0 马 0
183.41 184.477 61.0 乱 1
184.795 185.137 61.0 我 0
185.144 185.814 65.0 们 0
185.842 186.191 66.0 潦 0
186.191 186.818 61.0 草 0
186.888 187.225 59.0 地 0
187.237 187.496 58.0 离 0
187.586 189.243 56.0 散 1
189.26 189.519 63.0 明 0
189.609 189.868 63.0 明 0
189.958 190.304 59.0 爱 0
190.307 191.612 61.0 啊 0
192.051 192.372 58.0 却 0
192.4 192.711 59.0 不 0
192.748 193.007 61.0 懂 0
193.097 193.747 61.0 怎 0
193.795 194.49 65.0 么 0
194.493 195.484 61.0 办 1
195.904 196.19 61.0 让 0
196.253 196.948 61.0 爱 0
196.951 197.248 59.0 强 0
197.299 197.952 59.0 韧 0
197.997 198.298 58.0 不 0
198.346 198.65 56.0 折 0
198.695 199.863 59.0 断 1
200.352 200.872 58.0 为 0
200.875 201.047 59.0 何 0
201.05 201.483 61.0 生 0
201.573 202.943 61.0 命 0
203.143 203.454 58.0 不 0
203.491 203.82 59.0 准 0
203.84 204.099 61.0 等 0
204.189 204.821 61.0 人 0
204.887 205.56 65.0 成 0
205.584 206.651 61.0 长 1
207.078 207.419 61.0 就 0
207.427 208.097 65.0 可 0
208.124 208.473 66.0 以 0
208.473 209.101 61.0 修 0
209.171 209.508 59.0 正 0
209.52 209.778 58.0 过 0
209.868 211.714 56.0 往 1
213.13 213.825 58.0 我 0
213.828 214.261 61.0 曾 0
214.264 215.046 56.0 拥 0
215.136 215.569 58.0 有 0
215.572 216.965 54.0 你 0
218.799 219.494 51.0 真 0
219.584 219.668 56.0 叫 0
219.671 221.587 56.0 我 0
221.939 222.459 54.0 心 0
222.549 224.988 54.0 酸 1
