37.291 37.697 55.0 藕 0
37.697 38.102 58.0 花 0
38.102 39.318 60.0 香 0
40.535 40.94 60.0 染 0
40.94 41.345 67.0 檐 0
41.345 42.562 65.0 牙 1
43.73 44.135 60.0 惹 0
44.135 44.541 62.0 那 0
44.541 44.946 65.0 诗 0
44.946 45.757 63.0 人 0
46.568 46.973 63.0 纵 0
46.973 47.379 60.0 步 0
47.379 47.784 58.0 随 0
47.784 49.0 55.0 她 1
50.238 50.644 55.0 佩 0
50.644 51.049 58.0 声 0
51.049 52.265 60.0 微 0
53.076 53.482 60.0 琴 0
53.482 53.887 70.0 声 0
53.887 54.292 67.0 儿 0
54.292 55.711 65.0 退 1
56.616 57.021 60.0 斗 0
57.021 57.427 62.0 胆 0
57.427 57.832 63.0 了 0
58.237 58.643 63.0 一 0
58.643 59.048 67.0 - 0
59.048 59.859 65.0 池 0
59.859 60.264 62.0 眉 0
60.264 60.67 58.0 叶 0
60.67 61.075 60.0 丹 0
61.075 62.292 60.0 砂 1
63.121 63.527 55.0 画 0
63.527 63.932 58.0 船 0
63.932 65.148 60.0 开 0
66.365 66.77 60.0 心 0
66.77 67.175 67.0 随 0
67.175 68.392 65.0 他 1
69.53 69.935 60.0 谁 0
69.935 70.341 62.0 不 0
70.341 70.746 65.0 作 0
70.746 71.557 63.0 美 0
72.368 72.773 63.0 偏 0
72.773 73.178 60.0 起 0
73.178 73.584 58.0 风 0
73.584 74.8 55.0 沙 1
76.195 76.601 55.0 倚 0
76.601 77.006 58.0 蓬 0
77.006 78.222 60.0 窗 0
79.033 79.439 60.0 月 0
79.439 79.844 70.0 色 0
79.844 80.249 67.0 轻 0
80.249 81.668 65.0 晃 1
82.695 83.1 60.0 偶 0
83.1 83.506 62.0 闻 0
83.506 83.911 63.0 得 0
84.316 84.722 63.0 渔 0
84.722 85.127 67.0 - 0
85.127 85.533 65.0 翁 0
85.938 86.343 67.0 一 0
86.343 86.749 62.0 席 0
86.749 88.168 60.0 话 1
88.242 89.053 65.0 试 0
89.053 89.459 67.0 问 0
89.864 90.269 65.0 多 0
90.269 90.675 67.0 一 0
90.675 91.08 70.0 份 0
91.08 91.486 67.0 情 0
91.486 91.891 65.0 又 0
91.891 92.296 60.0 怎 0
92.296 92.702 65.0 地 1
93.148 93.554 65.0 站 0
93.554 93.959 67.0 在 0
93.959 94.365 70.0 别 0
94.365 94.77 67.0 人 0
94.77 95.175 65.0 的 0
95.175 95.581 60.0 雨 0
95.581 95.986 63.0 季 1
96.433 96.838 65.0 淋 0
96.838 97.243 63.0 湿 0
97.243 97.649 60.0 自 0
97.649 98.054 58.0 己 0
98.054 98.46 72.0 空 0
98.46 98.865 70.0 弹 0
98.865 99.27 67.0 一 0
99.27 99.676 65.0 出 0
99.676 101.095 67.0 戏 1
101.718 102.123 67.0 空 0
102.123 102.529 65.0 望 0
102.529 102.934 67.0 他 0
102.934 103.339 65.0 功 0
103.339 103.745 67.0 成 0
103.745 104.15 70.0 名 0
104.15 104.556 67.0 就 0
104.556 104.961 65.0 又 0
104.961 105.366 60.0 怎 0
105.366 105.772 65.0 地 1
106.147 106.553 65.0 豆 0
106.553 106.958 67.0 腐 0
106.958 107.363 70.0 换 0
107.363 107.769 67.0 成 0
107.769 108.174 65.0 金 0
108.174 108.58 60.0 羽 0
108.58 108.985 63.0 衣 1
109.365 109.771 65.0 岂 0
109.771 110.176 63.0 不 0
110.176 110.582 60.0 知 0
110.582 110.987 58.0 你 0
110.987 111.393 55.0 已 0
111.393 111.798 58.0 在 0
112.203 112.609 63.0 画 0
112.609 114.23 60.0 里 1
140.94 141.345 55.0 画 0
141.345 141.751 58.0 船 0
141.751 142.967 60.0 开 0
144.183 144.589 60.0 心 0
144.589 144.994 67.0 随 0
144.994 146.21 65.0 他 1
147.553 147.958 60.0 谁 0
147.958 148.363 62.0 不 0
148.363 148.769 65.0 作 0
148.769 149.58 63.0 美 0
150.39 150.796 63.0 偏 0
150.796 151.201 60.0 起 0
151.201 151.607 58.0 风 0
151.607 152.823 55.0 沙 1
153.977 154.382 55.0 倚 0
154.382 154.788 58.0 蓬 0
154.788 156.004 60.0 窗 0
156.815 157.22 60.0 月 0
157.22 157.626 70.0 色 0
157.626 158.031 67.0 轻 0
158.031 159.45 65.0 晃 1
160.537 160.942 60.0 偶 0
160.942 161.347 62.0 闻 0
161.347 161.753 63.0 得 0
162.158 162.564 63.0 渔 0
162.564 162.969 67.0 - 0
162.969 163.374 65.0 翁 0
163.78 164.185 67.0 一 0
164.185 164.591 62.0 席 0
164.591 166.009 60.0 话 1
166.183 166.994 65.0 试 0
166.994 167.399 67.0 问 0
167.805 168.21 65.0 多 0
168.21 168.616 67.0 一 0
168.616 169.021 70.0 份 0
169.021 169.426 67.0 情 0
169.426 169.832 65.0 又 0
169.832 170.237 60.0 怎 0
170.237 170.643 65.0 地 1
171.0 171.405 65.0 站 0
171.405 171.811 67.0 在 0
171.811 172.216 70.0 别 0
172.216 172.622 67.0 人 0
172.622 173.027 65.0 的 0
173.027 173.432 60.0 雨 0
173.432 173.838 63.0 季 1
174.183 174.589 65.0 淋 0
174.589 174.994 63.0 湿 0
174.994 175.4 60.0 自 0
175.4 175.805 58.0 己 0
175.805 176.21 72.0 空 0
176.21 176.616 70.0 弹 0
176.616 177.021 67.0 一 0
177.021 177.427 65.0 出 0
177.427 178.845 67.0 戏 1
179.584 179.989 67.0 空 0
179.989 180.394 65.0 望 0
180.394 180.8 67.0 他 0
180.8 181.205 65.0 功 0
181.205 181.611 67.0 成 0
181.611 182.016 70.0 名 0
182.016 182.421 67.0 就 0
182.421 182.827 65.0 又 0
182.827 183.232 60.0 怎 0
183.232 183.638 65.0 地 1
184.02 184.425 65.0 豆 0
184.425 184.831 67.0 腐 0
184.831 185.236 70.0 换 0
185.236 185.642 67.0 成 0
185.642 186.047 65.0 金 0
186.047 186.452 60.0 羽 0
186.452 186.858 63.0 衣 1
187.133 187.539 65.0 岂 0
187.539 187.944 63.0 不 0
187.944 188.349 60.0 知 0
188.349 188.755 58.0 你 0
188.755 189.16 55.0 已 0
189.16 189.566 58.0 在 0
189.971 190.376 63.0 画 0
190.376 191.998 60.0 里 1
192.045 192.84 65.0 试 0
192.852 193.63 67.0 问 0
193.65 194.055 65.0 多 0
194.055 194.461 67.0 一 0
194.461 194.866 70.0 份 0
194.866 195.271 67.0 情 0
195.271 195.677 65.0 又 0
195.677 196.082 60.0 怎 0
196.082 196.488 65.0 地 1
196.885 197.29 65.0 站 0
197.29 197.696 67.0 在 0
197.696 198.101 70.0 别 0
198.101 198.507 67.0 人 0
198.507 198.912 65.0 的 0
198.912 199.317 60.0 雨 0
199.317 199.723 63.0 季 1
200.196 200.602 65.0 淋 0
200.602 201.007 63.0 湿 0
201.007 201.412 60.0 自 0
201.412 201.818 58.0 己 0
201.818 202.223 72.0 空 0
202.223 202.629 70.0 弹 0
202.629 203.034 72.0 一 0
203.034 203.439 70.0 出 0
203.439 204.858 67.0 戏 1
205.511 205.917 67.0 空 0
205.917 206.322 65.0 望 0
206.322 206.728 67.0 他 0
206.728 207.133 65.0 功 0
207.133 207.539 67.0 成 0
207.539 207.944 70.0 名 0
207.944 208.349 67.0 就 0
208.349 208.755 65.0 又 0
208.755 209.16 60.0 怎 0
209.16 209.566 65.0 地 1
209.861 210.266 65.0 豆 0
210.266 210.672 67.0 腐 0
210.672 211.077 70.0 换 0
211.077 211.483 72.0 成 0
211.483 211.888 72.0 金 0
211.888 212.293 70.0 羽 0
212.293 212.699 67.0 衣 1
213.238 213.644 65.0 岂 0
213.644 214.049 67.0 不 0
214.049 214.454 70.0 知 0
214.454 214.86 67.0 你 0
214.86 215.468 65.0 已 0
215.468 216.076 67.0 在 0
216.076 216.481 70.0 画 0
216.481 218.103 60.0 里 1
218.769 220.897 65.0 啊 0
220.897 222.823 65.0 - 0
222.823 224.445 60.0 - 1
225.211 225.617 55.0 这 0
225.617 226.022 58.0 一 0
226.022 227.238 60.0 搭 0
228.455 228.86 60.0 莲 0
228.86 229.164 70.0 蓬 0
229.164 229.569 65.0 子 0
229.579 229.805 67.0 落 0
229.813 230.279 65.0 - 0
230.279 231.394 65.0 地 0
231.394 231.596 67.0 - 0
234.13 234.738 58.0 几 0
234.738 235.346 55.0 - 0
235.346 235.955 63.0 回 0
235.955 236.968 62.0 - 0
236.968 241.428 60.0 迷 1
