12.481 12.822 68.0 感 0
12.822 13.163 68.0 受 0
13.163 13.504 66.0 停 0
13.504 13.845 66.0 在 0
13.845 14.186 64.0 我 0
14.186 14.526 64.0 发 0
14.526 14.867 63.0 端 0
14.867 15.208 63.0 的 0
15.208 15.549 64.0 指 0
15.549 16.231 64.0 尖 1
16.699 17.04 59.0 如 0
17.04 17.381 59.0 何 0
17.381 18.063 59.0 瞬 0
18.063 19.085 68.0 间 0
19.426 19.767 59.0 冻 0
19.767 20.108 59.0 结 0
20.108 20.79 59.0 时 0
20.79 21.813 66.0 间 1
23.417 23.758 68.0 记 0
23.758 24.099 68.0 住 0
24.099 24.44 66.0 望 0
24.44 24.781 66.0 着 0
24.781 25.122 64.0 我 0
25.122 25.463 63.0 坚 0
25.463 25.803 63.0 定 0
25.803 26.144 63.0 的 0
26.144 26.485 64.0 双 0
26.485 26.826 64.0 眼 0
26.826 27.167 61.0 - 1
27.643 27.984 59.0 也 0
27.984 28.325 59.0 许 0
28.325 29.007 59.0 已 0
29.007 30.029 68.0 经 0
30.37 30.711 59.0 没 0
30.711 31.052 59.0 有 0
31.052 31.734 59.0 明 0
31.734 32.757 66.0 天 1
33.982 34.153 61.0 面 0
34.153 34.323 63.0 对 0
34.323 34.664 61.0 浩 0
34.664 34.835 64.0 瀚 0
34.835 35.005 63.0 的 0
35.005 35.346 66.0 星 0
35.346 35.687 69.0 海 0
35.687 36.028 68.0 - 1
36.693 36.864 61.0 我 0
36.864 37.034 61.0 们 0
37.034 37.204 63.0 微 0
37.204 37.375 61.0 小 0
37.375 37.545 63.0 得 0
37.545 37.886 64.0 像 0
37.886 38.227 64.0 尘 0
38.227 38.568 68.0 埃 0
38.568 38.909 68.0 - 1
39.242 39.412 64.0 漂 0
39.412 39.583 66.0 浮 0
39.583 39.924 69.0 在 0
39.924 40.265 68.0 - 0
40.606 40.946 64.0 一 0
40.946 41.287 68.0 片 0
41.287 41.628 68.0 - 0
41.628 41.799 66.0 无 0
41.969 43.333 66.0 奈 1
45.03 45.371 63.0 缘 0
45.371 45.712 64.0 份 0
45.712 46.053 64.0 让 0
46.053 46.394 66.0 我 0
46.394 46.735 66.0 们 0
46.735 47.076 68.0 相 0
47.076 47.417 68.0 遇 0
47.587 47.758 71.0 乱 0
47.758 48.099 71.0 世 0
48.099 48.439 73.0 以 0
48.439 49.462 73.0 外 1
50.419 50.76 64.0 命 0
50.76 51.101 66.0 运 0
51.101 51.442 66.0 却 0
51.442 51.783 68.0 要 0
51.783 52.123 68.0 我 0
52.123 52.464 71.0 们 0
52.464 52.805 71.0 危 0
52.976 53.146 64.0 难 0
53.146 53.487 68.0 中 0
53.487 53.828 66.0 相 0
53.828 54.51 66.0 爱 1
55.906 56.247 63.0 也 0
56.247 56.588 64.0 许 0
56.588 56.929 64.0 未 0
56.929 57.27 66.0 来 0
57.27 57.611 66.0 遥 0
57.611 57.952 68.0 远 0
57.952 58.293 68.0 在 0
58.463 58.634 71.0 光 0
58.634 58.975 71.0 年 0
58.975 59.316 73.0 之 0
59.316 60.338 73.0 外 1
61.4 61.741 64.0 我 0
61.741 62.082 66.0 愿 0
62.082 62.423 66.0 守 0
62.423 62.764 68.0 候 0
62.764 63.105 68.0 未 0
63.105 63.445 71.0 知 0
63.445 63.786 71.0 里 0
63.957 64.127 64.0 为 0
64.127 64.468 68.0 你 0
64.468 64.809 66.0 等 0
64.809 65.15 66.0 待 1
65.473 65.814 69.0 我 0
65.814 66.155 68.0 没 0
66.155 66.496 64.0 想 0
66.496 66.837 64.0 到 0
66.837 67.007 64.0 为 0
67.007 67.177 71.0 了 0
67.177 67.518 71.0 你 0
67.518 67.859 71.0 我 0
67.859 68.2 71.0 能 0
68.2 68.541 64.0 疯 0
68.712 69.052 64.0 狂 0
69.052 69.223 61.0 - 0
69.223 69.564 61.0 到 1
70.873 71.214 69.0 山 0
71.214 71.555 68.0 崩 0
71.555 71.896 66.0 海 0
71.896 72.237 64.0 啸 0
72.237 72.408 64.0 没 0
72.408 72.578 71.0 有 0
72.578 72.748 71.0 你 0
72.919 73.089 71.0 根 0
73.26 73.43 71.0 本 0
73.601 73.942 64.0 不 0
74.112 74.452 64.0 想 0
74.453 74.618 63.0 - 0
74.623 74.964 63.0 逃 1
76.33 76.662 69.0 我 0
76.671 77.012 68.0 的 0
77.012 77.353 64.0 大 0
77.353 77.694 61.0 脑 0
77.694 77.864 64.0 为 0
77.864 78.035 71.0 了 0
78.035 78.205 71.0 你 0
78.375 78.546 71.0 已 0
78.716 78.887 71.0 经 0
79.057 79.398 64.0 疯 0
79.569 79.91 64.0 狂 0
79.91 80.08 61.0 - 0
80.08 80.421 61.0 到 1
81.838 82.178 69.0 脉 0
82.178 82.519 68.0 搏 0
82.519 82.86 66.0 心 0
82.86 83.201 64.0 跳 0
83.201 83.372 64.0 没 0
83.372 83.542 71.0 有 0
83.542 83.713 71.0 你 0
83.883 84.053 71.0 根 0
84.224 84.394 71.0 本 0
84.565 84.906 64.0 不 0
85.076 85.417 64.0 重 0
85.417 85.588 63.0 - 0
85.588 85.928 63.0 要 1
88.847 89.188 68.0 一 0
89.188 89.528 68.0 双 0
89.528 89.869 66.0 围 0
89.869 90.21 66.0 在 0
90.21 90.551 64.0 我 0
90.551 90.892 64.0 胸 0
90.892 91.233 63.0 口 0
91.233 91.574 63.0 的 0
91.574 91.915 64.0 臂 0
91.915 92.597 64.0 弯 1
92.973 93.313 59.0 足 0
93.313 93.654 59.0 够 0
93.654 94.336 59.0 抵 0
94.336 95.359 68.0 挡 0
95.7 96.041 59.0 天 0
96.041 96.382 59.0 旋 0
96.382 97.063 59.0 地 0
97.063 98.086 66.0 转 1
99.869 100.21 68.0 一 0
100.21 100.551 68.0 种 0
100.551 100.891 66.0 执 0
100.891 101.232 66.0 迷 0
101.232 101.573 64.0 不 0
101.573 101.914 64.0 放 0
101.914 102.255 63.0 手 0
102.255 102.596 63.0 的 0
102.596 102.937 64.0 倔 0
102.937 103.278 63.0 强 0
103.278 103.619 61.0 - 1
103.85 104.191 59.0 足 0
104.191 104.531 59.0 以 0
104.531 105.213 59.0 点 0
105.213 106.236 68.0 燃 0
106.577 106.918 59.0 所 0
106.918 107.259 59.0 有 0
107.259 107.941 59.0 希 0
107.941 108.963 66.0 望 1
110.311 110.481 61.0 宇 0
110.481 110.652 63.0 宙 0
110.652 110.993 63.0 磅 0
110.993 111.163 64.0 R 0
111.163 111.334 63.0 而 0
111.334 111.675 66.0 冷 0
111.675 112.015 68.0 漠 0
112.015 112.356 68.0 - 1
112.939 113.109 61.0 我 0
113.109 113.28 61.0 们 0
113.28 113.45 63.0 的 0
113.45 113.621 61.0 爱 0
113.621 113.791 63.0 微 0
113.791 113.961 64.0 小 0
113.961 114.132 63.0 却 0
114.132 114.473 66.0 闪 0
114.473 114.814 69.0 烁 0
114.814 115.155 68.0 - 1
115.576 115.916 64.0 颠 0
115.916 116.257 68.0 簸 0
116.257 116.598 68.0 - 0
116.939 117.11 64.0 却 0
117.11 117.28 66.0 如 0
117.28 117.621 69.0 此 0
117.621 117.962 68.0 - 0
117.962 118.132 66.0 忘 0
118.303 120.007 66.0 我 1
121.382 121.723 63.0 缘 0
121.723 122.064 64.0 份 0
122.064 122.405 64.0 让 0
122.405 122.746 66.0 我 0
122.746 123.086 66.0 们 0
123.086 123.427 68.0 相 0
123.427 123.939 68.0 遇 0
123.939 124.109 71.0 乱 0
124.109 124.45 71.0 世 0
124.45 124.791 73.0 以 0
124.791 126.155 73.0 外 1
126.819 127.16 64.0 命 0
127.16 127.501 66.0 运 0
127.501 127.842 66.0 却 0
127.842 128.183 68.0 要 0
128.183 128.524 68.0 我 0
128.524 128.865 71.0 们 0
128.865 129.376 71.0 危 0
129.376 129.547 64.0 难 0
129.547 129.888 68.0 中 0
129.888 130.229 66.0 相 0
130.229 131.251 66.0 爱 1
132.231 132.572 63.0 也 0
132.572 132.913 64.0 许 0
132.913 133.254 64.0 未 0
133.254 133.595 66.0 来 0
133.595 133.936 66.0 遥 0
133.936 134.276 68.0 远 0
134.276 134.788 68.0 在 0
134.788 134.958 71.0 光 0
134.958 135.299 71.0 年 0
135.299 135.64 73.0 之 0
135.64 137.004 73.0 外 1
137.78 138.12 64.0 我 0
138.12 138.461 66.0 愿 0
138.461 138.802 66.0 守 0
138.802 139.143 68.0 候 0
139.143 139.484 68.0 未 0
139.484 139.825 71.0 知 0
139.825 140.166 71.0 里 0
140.336 140.507 64.0 为 0
140.507 140.848 68.0 你 0
140.848 141.189 66.0 等 0
141.189 141.53 66.0 待 1
141.752 142.093 69.0 我 0
142.093 142.434 68.0 没 0
142.434 142.775 66.0 想 0
142.775 143.116 64.0 到 0
143.116 143.287 64.0 为 0
143.287 143.457 71.0 了 0
143.457 143.798 71.0 你 0
143.798 144.139 71.0 我 0
144.139 144.48 71.0 能 0
144.48 144.821 64.0 疯 0
144.991 145.332 64.0 狂 0
145.332 145.502 61.0 - 0
145.502 145.843 61.0 到 1
147.265 147.606 69.0 山 0
147.606 147.947 68.0 崩 0
147.947 148.288 64.0 海 0
148.288 148.629 64.0 啸 0
148.629 148.799 64.0 没 0
148.799 148.97 71.0 有 0
148.97 149.14 71.0 你 0
149.31 149.481 71.0 根 0
149.651 149.822 71.0 本 0
149.992 150.333 64.0 不 0
150.504 150.845 64.0 想 0
150.845 151.015 63.0 - 0
151.015 151.356 63.0 逃 1
152.685 153.025 69.0 我 0
153.025 153.366 68.0 的 0
153.366 153.707 66.0 大 0
153.707 154.048 61.0 脑 0
154.048 154.219 64.0 为 0
154.219 154.389 71.0 了 0
154.389 154.56 71.0 你 0
154.73 154.9 71.0 已 0
155.071 155.241 71.0 经 0
155.412 155.753 64.0 疯 0
155.923 156.264 64.0 狂 0
156.264 156.435 61.0 - 0
156.435 156.775 61.0 到 1
158.058 158.399 69.0 脉 0
158.399 158.74 68.0 搏 0
158.74 159.081 64.0 心 0
159.081 159.422 64.0 跳 0
159.422 159.592 64.0 没 0
159.592 159.763 71.0 有 0
159.763 159.933 71.0 你 0
160.104 160.274 71.0 根 0
160.444 160.615 71.0 本 0
160.785 161.126 64.0 不 0
161.297 161.638 64.0 重 0
161.638 161.808 63.0 - 0
161.808 162.149 63.0 要 1
164.22 164.561 64.0 也 0
164.561 164.902 61.0 许 0
165.584 165.925 64.0 航 0
165.925 166.607 63.0 道 0
166.607 167.289 59.0 以 0
167.289 167.97 63.0 外 0
167.97 168.397 64.0 - 0
169.675 170.016 64.0 是 0
170.016 170.698 63.0 醒 0
170.698 171.039 59.0 不 0
171.38 172.061 54.0 来 0
172.061 172.743 59.0 的 0
172.743 173.425 56.0 梦 1
174.859 175.192 68.0 嗯 0
175.2 175.54 66.0 - 0
175.54 175.881 64.0 - 1
176.56 176.898 64.0 乱 0
176.901 177.573 63.0 世 0
177.583 178.265 59.0 以 0
178.265 178.599 64.0 外 0
178.606 178.947 66.0 - 0
178.955 179.287 64.0 - 0
180.651 180.992 64.0 是 0
180.992 181.322 64.0 纯 0
181.333 181.674 63.0 - 0
181.674 182.356 63.0 粹 0
182.356 182.697 63.0 的 0
183.037 183.719 64.0 相 0
183.719 184.06 64.0 拥 0
184.06 184.742 66.0 - 1
185.399 185.74 69.0 我 0
185.74 186.081 68.0 没 0
186.081 186.422 64.0 想 0
186.422 186.762 64.0 到 0
186.762 186.933 64.0 为 0
186.933 187.103 71.0 了 0
187.103 187.444 71.0 你 0
187.444 187.785 71.0 我 0
187.785 188.126 71.0 能 0
188.126 188.467 64.0 疯 0
188.637 188.978 64.0 狂 0
188.978 189.149 61.0 - 0
189.149 189.49 61.0 到 1
190.857 191.198 69.0 山 0
191.198 191.539 68.0 崩 0
191.539 191.88 66.0 海 0
191.88 192.221 64.0 啸 0
192.221 192.391 64.0 没 0
192.391 192.562 71.0 有 0
192.562 192.732 71.0 你 0
192.903 193.073 71.0 根 0
193.244 193.414 71.0 本 0
193.585 193.926 64.0 不 0
194.096 194.437 64.0 想 0
194.437 194.607 63.0 - 0
194.607 194.948 63.0 逃 1
196.372 196.7 69.0 我 0
196.713 197.054 68.0 的 0
197.054 197.395 64.0 大 0
197.395 197.736 61.0 脑 0
197.736 197.906 64.0 为 0
197.906 198.076 71.0 了 0
198.076 198.247 71.0 你 0
198.417 198.588 71.0 已 0
198.758 198.929 71.0 经 0
199.099 199.44 64.0 疯 0
199.611 199.951 64.0 狂 0
199.951 200.122 61.0 - 0
200.122 200.463 61.0 到 1
201.704 202.037 69.0 脉 0
202.045 202.386 68.0 搏 0
202.386 202.727 66.0 心 0
202.727 203.068 64.0 跳 0
203.068 203.239 64.0 没 0
203.239 203.409 71.0 有 0
203.409 203.579 71.0 你 0
203.75 203.92 71.0 根 0
204.091 204.261 71.0 本 0
204.432 204.773 64.0 不 0
204.943 205.28 64.0 重 0
205.284 205.454 63.0 - 0
205.454 205.795 63.0 要 1
207.496 207.828 63.0 相 0
207.837 208.169 64.0 遇 0
208.178 210.199 71.0 乱 0
210.223 210.551 68.0 世 0
210.566 210.879 68.0 以 0
210.905 211.575 71.0 外 0
211.587 211.928 73.0 - 0
213.291 213.62 64.0 危 0
213.632 215.664 71.0 难 0
215.678 216.01 68.0 中 0
216.019 216.36 68.0 相 0
216.36 216.858 66.0 爱 0
216.871 217.553 66.0 - 1
218.459 218.783 63.0 相 0
218.8 219.141 64.0 遇 0
219.141 221.178 71.0 乱 0
221.186 221.523 68.0 世 0
221.523 221.864 68.0 以 0
221.868 222.52 71.0 外 0
222.55 222.891 73.0 - 0
224.254 224.594 64.0 危 0
224.595 226.62 71.0 难 0
226.641 226.98 68.0 中 0
226.982 227.321 68.0 相 0
227.323 227.995 68.0 爱 0
228.004 228.345 66.0 - 1
229.039 229.373 69.0 我 0
229.38 229.721 68.0 没 0
229.721 230.062 64.0 想 0
230.062 230.403 64.0 到 1
