32.555 33.003 54.0 亲 0
33.003 33.226 51.0 爱 0
33.226 33.45 54.0 的 1
33.773 33.997 54.0 谢 0
33.997 34.221 51.0 谢 0
34.221 34.671 54.0 你 0
34.671 34.896 51.0 还 0
34.896 35.572 54.0 记 0
35.572 36.022 61.0 得 0
36.022 36.472 59.0 好 0
36.923 37.373 59.0 久 0
37.373 37.824 51.0 不 0
37.824 38.499 54.0 见 1
39.289 39.514 56.0 分 0
39.514 39.739 56.0 开 0
39.739 40.19 56.0 了 0
40.19 40.415 54.0 以 0
40.415 40.865 56.0 后 0
41.09 41.315 56.0 不 0
41.315 41.541 54.0 是 0
41.541 41.991 56.0 说 0
41.991 42.216 54.0 好 0
42.216 42.441 56.0 了 1
43.348 44.021 54.0 请 0
44.021 44.245 52.0 - 0
44.245 44.693 52.0 勿 0
44.693 45.142 51.0 挂 0
45.142 45.814 51.0 念 1
46.504 46.728 54.0 我 0
46.728 46.952 51.0 已 0
46.952 47.402 54.0 经 0
47.402 47.628 51.0 习 0
47.628 48.078 54.0 惯 1
48.23 48.455 54.0 冷 0
48.455 48.681 51.0 眼 0
48.681 49.131 54.0 看 0
49.131 49.356 51.0 人 0
49.356 50.032 54.0 生 0
50.032 50.482 61.0 的 0
50.482 50.933 59.0 感 0
51.383 51.833 59.0 慨 0
51.833 52.284 51.0 万 0
52.284 52.847 56.0 千 1
53.53 53.755 56.0 我 0
53.755 53.98 54.0 不 0
53.98 54.431 56.0 再 0
54.431 54.656 54.0 贪 0
54.656 55.106 56.0 心 1
55.511 55.737 56.0 也 0
55.737 55.962 54.0 不 0
55.962 56.412 56.0 再 0
56.412 56.637 54.0 想 0
56.637 57.088 56.0 念 0
57.538 57.763 56.0 那 0
57.763 58.214 59.0 过 0
58.214 58.664 59.0 去 0
58.664 59.114 59.0 的 0
59.114 59.565 59.0 疲 0
59.565 60.466 61.0 倦 1
60.737 60.962 54.0 爱 0
60.962 61.187 51.0 已 0
61.187 61.411 54.0 经 0
61.411 61.858 51.0 走 0
61.858 62.306 54.0 远 1
62.554 62.778 54.0 我 0
62.778 63.001 51.0 又 0
63.001 63.452 54.0 回 0
63.452 63.677 51.0 到 0
63.677 64.127 54.0 了 0
64.353 64.803 61.0 一 0
64.803 65.253 59.0 个 0
65.253 65.704 51.0 人 0
65.704 66.154 51.0 的 0
66.154 66.604 54.0 空 0
66.604 67.055 54.0 间 1
68.033 68.258 56.0 记 0
68.258 68.483 54.0 得 0
68.483 68.708 56.0 爱 0
68.708 68.933 54.0 自 0
68.933 69.496 56.0 己 0
69.834 70.059 56.0 不 0
70.059 70.285 54.0 要 0
70.285 70.508 56.0 再 0
70.508 70.955 54.0 想 0
70.955 71.29 56.0 了 1
72.055 72.506 54.0 何 0
72.506 72.956 52.0 - 0
72.956 73.406 52.0 必 0
73.406 73.857 49.0 想 0
73.857 74.758 51.0 念 1
75.238 75.463 54.0 忘 0
75.463 75.688 51.0 掉 0
75.688 76.139 54.0 多 0
76.139 76.364 51.0 少 0
76.364 76.927 54.0 天 0
77.265 77.49 54.0 那 0
77.49 77.94 54.0 些 0
77.94 78.165 51.0 纪 0
78.165 78.503 54.0 念 1
78.781 79.006 59.0 无 0
79.006 79.231 61.0 法 0
79.231 79.681 63.0 再 0
79.681 80.13 64.0 回 0
80.13 80.58 63.0 到 0
80.58 81.029 59.0 从 0
81.029 81.704 59.0 前 1
82.379 82.604 59.0 我 0
82.604 82.828 59.0 也 0
82.828 83.279 59.0 忘 0
83.279 83.504 56.0 了 0
83.504 83.954 59.0 你 0
84.405 84.63 59.0 对 0
84.63 85.08 59.0 我 0
85.08 85.306 56.0 说 0
85.306 85.981 59.0 过 1
86.514 86.964 59.0 那 0
86.964 87.414 59.0 些 0
87.414 87.865 63.0 爱 0
87.865 88.09 64.0 的 0
88.09 88.54 61.0 誓 0
88.54 91.464 61.0 言 1
92.273 92.719 54.0 我 0
92.719 93.166 54.0 已 0
93.166 93.613 66.0 经 0
93.613 94.06 66.0 习 0
94.06 94.506 64.0 惯 0
94.506 94.953 64.0 一 0
94.953 95.177 63.0 个 0
95.177 95.856 66.0 人 0
96.313 96.769 61.0 走 0
96.769 96.997 58.0 在 0
96.997 97.451 61.0 街 0
97.451 98.577 59.0 头 1
99.553 100.003 59.0 用 0
100.003 100.453 59.0 时 0
100.453 100.904 58.0 间 0
100.904 101.353 56.0 将 0
101.353 101.578 54.0 那 0
101.578 101.803 56.0 回 0
101.803 102.253 54.0 忆 0
102.703 103.152 64.0 赶 0
103.152 103.377 63.0 出 0
103.377 103.827 61.0 我 0
103.827 104.277 64.0 胸 0
104.277 104.502 63.0 - 0
104.502 106.301 63.0 口 1
106.81 107.26 54.0 说 0
107.26 107.711 54.0 好 0
107.711 108.161 66.0 了 0
108.161 108.612 66.0 遗 0
108.612 109.062 64.0 忘 0
109.062 109.512 64.0 在 0
109.512 109.737 63.0 心 0
109.737 110.413 66.0 头 0
110.863 111.314 61.0 却 0
111.314 111.539 63.0 上 0
111.539 111.989 61.0 眉 0
111.989 112.665 59.0 头 1
113.907 114.358 59.0 现 0
114.358 114.808 59.0 在 0
114.808 115.259 58.0 是 0
115.259 115.709 56.0 谁 0
115.709 115.934 54.0 陪 0
115.934 116.385 56.0 你 0
116.385 116.835 59.0 左 0
116.835 117.285 61.0 右 1
117.778 118.003 59.0 你 0
118.003 118.678 63.0 对 0
118.678 120.249 56.0 谁 0
121.598 122.047 61.0 温 0
122.047 122.497 59.0 - 0
122.497 125.194 59.0 柔 1
154.327 154.552 54.0 爱 0
154.552 154.777 51.0 已 0
154.777 155.003 54.0 经 0
155.003 155.453 51.0 走 0
155.453 155.903 54.0 远 1
156.303 156.528 54.0 我 0
156.528 156.753 51.0 又 0
156.753 157.203 54.0 回 0
157.203 157.428 51.0 到 0
157.428 157.879 54.0 了 0
158.104 158.554 61.0 一 0
158.554 159.005 59.0 个 0
159.005 159.455 51.0 人 0
159.455 159.906 51.0 的 0
159.906 160.356 54.0 空 0
160.356 160.806 54.0 间 1
161.522 161.747 56.0 记 0
161.747 161.973 54.0 得 0
161.973 162.198 56.0 爱 0
162.198 162.423 54.0 自 0
162.423 163.023 56.0 己 0
163.324 163.549 56.0 不 0
163.549 163.774 54.0 要 0
163.774 163.998 56.0 再 0
163.998 164.447 54.0 想 0
164.447 164.895 56.0 了 1
165.667 166.117 54.0 何 0
166.117 166.568 52.0 - 0
166.568 167.018 52.0 必 0
167.018 167.469 49.0 想 0
167.469 168.369 51.0 念 1
168.745 168.97 54.0 忘 0
168.97 169.195 51.0 掉 0
169.195 169.645 54.0 多 0
169.645 169.87 51.0 少 0
169.87 170.433 54.0 天 0
170.771 170.996 54.0 那 0
170.996 171.446 54.0 些 0
171.446 171.671 51.0 纪 0
171.671 172.009 54.0 念 1
172.436 172.661 59.0 无 0
172.661 172.886 61.0 法 0
172.886 173.336 63.0 再 0
173.336 173.787 64.0 回 0
173.787 174.237 63.0 到 0
174.237 174.688 59.0 从 0
174.688 175.363 59.0 前 1
176.087 176.312 59.0 我 0
176.312 176.537 59.0 也 0
176.537 176.988 56.0 忘 0
176.988 177.213 56.0 了 0
177.213 177.663 59.0 你 0
178.113 178.339 59.0 对 0
178.339 178.788 59.0 我 0
178.788 179.013 56.0 说 0
179.013 179.687 59.0 过 1
180.056 180.506 59.0 那 0
180.506 180.955 59.0 些 0
180.955 181.405 63.0 爱 0
181.405 181.629 64.0 的 0
181.629 182.078 61.0 誓 0
182.078 184.996 61.0 言 1
185.992 186.443 54.0 我 0
186.443 186.894 54.0 已 0
186.894 187.345 66.0 经 0
187.345 187.795 66.0 习 0
187.795 188.246 64.0 惯 0
188.246 188.696 64.0 一 0
188.696 188.921 63.0 个 0
188.921 189.597 66.0 人 0
190.047 190.497 61.0 走 0
190.497 190.723 58.0 在 0
190.723 191.173 61.0 街 0
191.173 192.299 59.0 头 1
193.059 193.509 59.0 用 0
193.509 193.96 59.0 时 0
193.96 194.41 58.0 间 0
194.41 194.859 56.0 将 0
194.859 195.084 54.0 那 0
195.084 195.308 56.0 回 0
195.308 195.758 54.0 忆 0
196.207 196.656 64.0 赶 0
196.656 196.881 63.0 出 0
196.881 197.33 61.0 我 0
197.33 197.779 64.0 胸 0
197.779 198.004 63.0 - 0
198.004 199.803 63.0 口 1
200.273 200.724 54.0 说 0
200.724 201.174 54.0 好 0
201.174 201.624 66.0 了 0
201.624 202.073 66.0 遗 0
202.073 202.521 64.0 忘 0
202.521 202.97 64.0 在 0
202.97 203.194 63.0 心 0
203.194 203.869 66.0 头 0
204.319 204.769 61.0 却 0
204.769 204.995 63.0 上 0
204.995 205.445 61.0 眉 0
205.445 206.345 59.0 头 1
207.44 207.89 59.0 现 0
207.89 208.34 59.0 在 0
208.34 208.789 58.0 是 0
208.789 209.24 56.0 谁 0
209.24 209.465 54.0 陪 0
209.465 209.915 56.0 你 0
209.915 210.366 59.0 左 0
210.366 210.817 61.0 右 1
211.243 211.469 59.0 你 0
211.469 212.149 63.0 对 0
212.149 213.717 56.0 谁 0
215.065 215.515 61.0 温 0
215.515 215.965 59.0 - 0
215.965 217.767 59.0 柔 1
218.394 218.843 54.0 我 0
218.843 219.293 54.0 已 0
219.293 219.743 66.0 经 0
219.743 220.193 66.0 忘 0
220.193 220.644 64.0 了 0
220.644 221.094 64.0 曾 0
221.094 221.319 63.0 是 0
221.319 221.995 66.0 你 0
222.445 222.896 61.0 陪 0
222.896 223.121 63.0 我 0
223.121 223.574 61.0 左 0
223.574 224.712 59.0 右 1
225.599 226.043 59.0 无 0
226.043 226.487 59.0 所 0
226.487 226.931 58.0 谓 0
226.931 227.381 56.0 谁 0
227.381 227.607 54.0 没 0
227.607 228.057 56.0 有 0
228.057 228.507 54.0 谁 0
228.732 229.188 64.0 至 0
229.188 229.417 63.0 少 0
229.417 229.873 61.0 曾 0
229.873 230.329 64.0 拥 0
230.329 230.557 63.0 - 0
230.557 232.332 63.0 有 1
232.73 233.178 54.0 时 0
233.178 233.626 54.0 间 0
233.626 234.074 66.0 会 0
234.074 234.524 66.0 抚 0
234.524 234.973 64.0 平 0
234.973 235.423 64.0 那 0
235.423 235.648 63.0 些 0
235.648 235.873 64.0 伤 0
235.873 236.326 66.0 - 0
236.779 237.232 61.0 无 0
237.232 237.458 63.0 需 0
237.458 237.911 61.0 太 0
237.911 238.591 59.0 久 1
239.962 240.407 59.0 我 0
240.407 240.851 59.0 们 0
240.851 241.295 58.0 曾 0
241.295 241.746 56.0 彼 0
241.746 241.971 54.0 此 0
241.971 242.421 56.0 相 0
242.421 242.872 59.0 爱 0
242.872 243.325 61.0 过 1
243.797 244.025 61.0 我 0
244.025 244.709 63.0 们 0
244.709 245.601 56.0 曾 0
247.616 248.07 61.0 牵 0
248.07 248.524 59.0 - 0
248.524 251.213 59.0 手 1
