30.894 31.122 54.0 我 0
31.122 31.351 54.0 - 0
31.351 31.58 54.0 们 0
31.58 31.809 51.0 乐 0
31.809 32.263 54.0 此 0
32.263 33.172 54.0 不 0
34.706 34.933 54.0 疲 0
34.933 35.16 54.0 沉 0
35.16 35.387 54.0 迷 0
35.387 35.615 51.0 情 0
35.615 36.069 54.0 感 0
36.069 36.977 54.0 游 0
38.315 38.542 54.0 戏 0
38.542 38.769 54.0 大 0
38.769 38.996 54.0 雨 0
38.996 39.223 51.0 总 0
39.223 39.677 54.0 在 0
39.677 39.904 54.0 纷 0
39.904 40.131 54.0 纷 0
40.131 40.585 56.0 扰 0
40.585 41.04 54.0 扰 0
41.04 41.494 54.0 中 0
41.494 41.949 54.0 断 0
41.949 42.63 49.0 句 0
45.489 45.716 52.0 往 0
45.716 45.944 54.0 - 0
45.944 46.171 54.0 事 0
46.171 46.398 51.0 今 0
46.398 46.853 56.0 非 0
46.853 47.762 54.0 昔 0
49.149 49.377 52.0 比 0
49.377 49.604 54.0 回 0
49.604 49.831 54.0 忆 0
49.831 50.058 51.0 如 0
50.058 50.513 54.0 一 0
50.513 51.422 54.0 滩 0
52.731 52.958 54.0 泥 0
52.958 53.185 54.0 陷 0
53.185 53.413 54.0 入 0
53.413 53.64 51.0 沼 0
53.64 54.094 54.0 泽 0
54.094 54.322 54.0 的 0
54.322 54.549 54.0 你 0
54.549 55.003 56.0 遇 0
55.003 55.458 49.0 - 0
55.458 55.913 56.0 到 0
55.913 56.367 54.0 了 0
56.367 57.276 54.0 天 0
58.314 58.769 58.0 敌 0
58.769 59.223 59.0 谎 0
59.223 60.132 61.0 言 0
60.587 61.042 51.0 变 0
61.042 61.951 50.0 本 0
61.951 62.632 59.0 加 0
62.632 62.86 58.0 厉 0
62.86 63.769 58.0 的 0
64.223 64.678 58.0 说 0
64.678 65.587 58.0 客 0
66.381 66.836 56.0 好 0
66.836 67.29 54.0 - 0
67.29 67.745 51.0 多 0
67.745 68.199 51.0 委 0
68.199 68.654 51.0 屈 0
68.654 69.108 53.0 无 0
69.108 69.563 54.0 法 0
69.563 70.017 56.0 平 0
70.017 70.927 58.0 复 0
71.381 71.836 61.0 的 0
71.836 72.501 56.0 过 0
72.819 73.263 56.0 客 0
73.263 73.707 56.0 后 0
73.707 74.162 54.0 退 0
74.643 74.87 49.0 退 0
74.87 75.098 61.0 到 0
75.098 75.325 61.0 没 0
75.325 75.552 61.0 了 0
75.552 76.007 61.0 绝 0
76.007 76.234 61.0 路 0
76.234 76.461 61.0 我 0
76.461 76.916 59.0 好 0
76.916 77.37 59.0 狼 0
77.37 77.825 53.0 狈 0
78.276 78.504 53.0 撑 0
78.504 78.731 61.0 到 0
78.731 78.958 61.0 最 0
78.958 79.186 61.0 后 0
79.186 79.64 59.0 我 0
79.64 79.867 61.0 不 0
79.867 80.095 61.0 敢 0
80.095 80.549 59.0 再 0
80.549 81.004 58.0 奉 0
81.004 81.458 54.0 陪 0
81.888 82.115 54.0 流 0
82.115 82.342 61.0 着 0
82.342 82.57 61.0 眼 0
82.57 82.797 61.0 泪 0
82.797 83.251 61.0 装 0
83.251 83.479 63.0 什 0
83.479 83.706 66.0 么 0
83.706 84.161 61.0 大 0
84.161 84.615 61.0 无 0
84.615 85.07 59.0 畏 0
85.51 85.737 49.0 现 0
85.737 85.965 51.0 在 0
85.965 86.192 54.0 尝 0
86.192 86.419 56.0 到 0
86.419 86.874 56.0 无 0
86.874 87.328 49.0 路 0
87.328 87.783 51.0 可 0
87.783 88.237 54.0 退 0
88.237 88.692 57.0 孤 0
88.692 89.147 59.0 独 0
89.147 89.601 59.0 的 0
89.601 90.056 61.0 滋 0
90.056 90.51 56.0 味 0
90.903 91.357 56.0 后 0
91.357 91.812 56.0 - 0
91.812 92.266 54.0 退 0
92.728 92.955 49.0 退 0
92.955 93.182 61.0 - 0
93.182 93.41 61.0 到 0
93.41 93.637 61.0 悬 0
93.637 94.092 61.0 崖 0
94.092 94.319 61.0 绝 0
94.319 94.546 61.0 壁 0
94.546 95.001 61.0 我 0
95.001 95.455 59.0 好 0
95.455 95.91 53.0 心 0
96.355 96.583 53.0 碎 0
96.583 96.81 61.0 粉 0
96.81 97.037 61.0 身 0
97.037 97.264 61.0 碎 0
97.264 97.719 59.0 骨 0
97.719 97.946 61.0 我 0
97.946 98.173 61.0 不 0
98.173 98.628 59.0 怕 0
98.628 99.083 58.0 成 0
99.083 99.537 54.0 野 0
100.077 100.304 54.0 鬼 0
100.304 100.531 61.0 你 0
100.531 100.758 61.0 的 0
100.758 100.986 61.0 眼 0
100.986 101.44 61.0 角 0
101.44 101.668 63.0 为 0
101.668 101.895 66.0 什 0
101.895 102.349 63.0 么 0
102.349 102.804 61.0 还 0
102.804 103.258 59.0 有 0
103.715 103.942 49.0 泪 0
103.942 104.17 51.0 终 0
104.17 104.397 54.0 于 0
104.397 104.624 56.0 明 0
104.624 105.079 58.0 白 0
105.079 105.533 49.0 我 0
105.533 105.988 51.0 们 0
105.988 106.442 54.0 都 0
106.442 106.897 57.0 在 0
106.897 107.351 59.0 黑 0
107.351 107.806 59.0 夜 0
107.806 108.26 54.0 里 0
108.26 108.721 56.0 沉 0
109.221 109.682 58.0 醉 0
109.682 110.143 54.0 沉 0
110.143 111.506 54.0 醉 0
125.465 125.692 54.0 往 0
125.692 125.919 54.0 - 0
125.919 126.146 54.0 事 0
126.146 126.373 51.0 今 0
126.373 126.827 54.0 非 0
126.827 127.735 54.0 昔 0
129.021 129.248 54.0 比 0
129.248 129.475 54.0 回 0
129.475 129.703 54.0 忆 0
129.703 129.93 51.0 如 0
129.93 130.384 54.0 一 0
130.384 131.294 54.0 滩 0
132.785 133.012 52.0 泥 0
133.012 133.24 54.0 陷 0
133.24 133.467 54.0 入 0
133.467 133.694 51.0 沼 0
133.694 134.149 56.0 泽 0
134.149 134.376 54.0 的 0
134.376 134.603 54.0 你 0
134.603 135.058 56.0 遇 0
135.058 135.512 49.0 - 0
135.512 135.967 56.0 到 0
135.967 136.194 58.0 了 0
136.194 137.103 58.0 天 0
138.12 138.574 58.0 敌 0
138.574 139.029 59.0 谎 0
139.029 139.938 61.0 言 0
140.392 140.847 51.0 变 0
140.847 141.756 50.0 本 0
141.756 142.665 59.0 加 0
142.665 143.574 58.0 厉 0
144.029 144.483 58.0 的 0
144.483 145.392 58.0 说 0
146.432 146.887 54.0 客 0
146.887 147.342 54.0 好 0
147.342 147.796 54.0 多 0
147.796 148.251 51.0 委 0
148.251 148.705 51.0 屈 0
148.705 149.16 53.0 无 0
149.16 149.614 54.0 法 0
149.614 150.069 56.0 平 0
150.069 150.523 56.0 复 0
150.978 151.432 61.0 的 0
151.432 151.887 58.0 过 0
151.887 152.342 56.0 客 0
152.726 153.181 58.0 后 0
153.181 153.635 56.0 - 0
153.635 154.089 54.0 - 0
154.58 154.806 49.0 退 0
154.806 155.033 61.0 退 0
155.033 155.26 61.0 到 0
155.26 155.487 61.0 没 0
155.487 155.941 59.0 了 0
155.941 156.169 61.0 绝 0
156.169 156.396 61.0 路 0
156.396 156.851 61.0 我 0
156.851 157.305 59.0 好 0
157.305 157.76 53.0 狼 0
158.267 158.494 53.0 狈 0
158.494 158.722 61.0 撑 0
158.722 158.949 61.0 到 0
158.949 159.176 61.0 最 0
159.176 159.631 59.0 后 0
159.631 159.858 61.0 我 0
159.858 160.085 61.0 不 0
160.085 160.54 59.0 敢 0
160.54 160.994 59.0 再 0
160.994 161.449 54.0 奉 0
161.754 161.981 54.0 陪 0
161.981 162.208 61.0 流 0
162.208 162.435 61.0 着 0
162.435 162.663 61.0 眼 0
162.663 163.117 61.0 泪 0
163.117 163.344 63.0 装 0
163.344 163.572 66.0 什 0
163.572 164.026 63.0 么 0
164.026 164.481 61.0 大 0
164.481 164.935 59.0 无 0
165.554 165.781 49.0 畏 0
165.781 166.008 51.0 现 0
166.008 166.236 54.0 在 0
166.236 166.463 56.0 尝 0
166.463 166.918 58.0 到 0
166.918 167.372 49.0 无 0
167.372 167.827 51.0 路 0
167.827 168.281 54.0 可 0
168.281 168.736 59.0 退 0
168.736 169.19 59.0 孤 0
169.19 169.645 59.0 独 0
169.645 170.099 59.0 的 0
170.099 170.554 56.0 滋 0
170.991 171.446 56.0 味 0
171.446 171.901 54.0 后 0
171.901 172.355 54.0 退 0
172.767 172.994 49.0 退 0
172.994 173.221 61.0 - 0
173.221 173.448 61.0 到 0
173.448 173.676 61.0 悬 0
173.676 174.13 59.0 崖 0
174.13 174.358 61.0 绝 0
174.358 174.585 61.0 壁 0
174.585 175.039 59.0 我 0
175.039 175.494 59.0 好 0
175.494 175.948 53.0 心 0
176.477 176.704 53.0 碎 0
176.704 176.932 61.0 粉 0
176.932 177.159 61.0 身 0
177.159 177.386 61.0 碎 0
177.386 177.841 61.0 骨 0
177.841 178.068 61.0 我 0
178.068 178.295 61.0 不 0
178.295 178.75 61.0 怕 0
178.75 179.204 59.0 成 0
179.204 179.659 54.0 野 0
180.067 180.295 54.0 鬼 0
180.295 180.522 61.0 你 0
180.522 180.749 61.0 的 0
180.749 180.976 61.0 眼 0
180.976 181.431 61.0 角 0
181.431 181.658 63.0 为 0
181.658 181.886 66.0 什 0
181.886 182.34 63.0 么 0
182.34 182.795 59.0 还 0
182.795 183.249 59.0 有 0
183.586 183.813 49.0 泪 0
183.813 184.04 51.0 终 0
184.04 184.268 54.0 于 0
184.268 184.495 56.0 明 0
184.495 184.949 56.0 白 0
184.949 185.404 49.0 我 0
185.404 185.858 51.0 们 0
185.858 186.313 54.0 都 0
186.313 186.768 59.0 在 0
186.768 187.222 59.0 黑 0
187.222 187.677 59.0 夜 0
187.677 188.131 54.0 里 0
188.131 188.586 56.0 沉 0
189.068 189.523 56.0 醉 0
189.523 189.977 56.0 后 0
189.977 190.432 54.0 退 0
190.864 191.091 49.0 退 0
191.091 191.319 61.0 - 0
191.319 191.547 61.0 到 0
191.547 191.773 61.0 没 0
191.773 192.227 59.0 了 0
192.227 192.455 61.0 绝 0
192.455 192.682 61.0 路 0
192.682 193.136 59.0 我 0
193.136 193.591 58.0 好 0
193.591 194.045 53.0 狼 0
194.528 194.756 53.0 狈 0
194.756 194.983 61.0 撑 0
194.983 195.211 61.0 到 0
195.211 195.438 61.0 最 0
195.438 195.892 59.0 后 0
195.892 196.12 61.0 我 0
196.12 196.347 61.0 不 0
196.347 196.802 61.0 敢 0
196.802 197.256 59.0 再 0
197.256 197.711 54.0 奉 0
198.272 198.499 54.0 陪 0
198.499 198.727 61.0 流 0
198.727 198.954 61.0 着 0
198.954 199.181 61.0 眼 0
199.181 199.636 61.0 泪 0
199.636 199.863 63.0 装 0
199.863 200.09 66.0 什 0
200.09 200.545 63.0 么 0
200.545 200.999 61.0 大 0
200.999 201.454 59.0 无 0
201.773 202.0 49.0 畏 0
202.0 202.227 51.0 现 0
202.227 202.454 54.0 在 0
202.454 202.682 56.0 尝 0
202.682 203.136 56.0 到 0
203.136 203.591 49.0 无 0
203.591 204.045 51.0 路 0
204.045 204.5 54.0 可 0
204.5 204.954 57.0 退 0
204.954 205.409 59.0 孤 0
205.409 205.863 59.0 独 0
205.863 206.318 59.0 的 0
206.318 206.773 56.0 滋 0
207.351 207.806 58.0 味 0
207.806 208.26 56.0 后 0
208.26 208.715 54.0 退 0
209.102 209.33 49.0 退 0
209.33 209.557 61.0 到 0
209.557 209.784 61.0 悬 0
209.784 210.011 61.0 崖 0
210.011 210.466 59.0 绝 0
210.466 210.693 61.0 壁 0
210.693 210.92 61.0 我 0
210.92 211.375 59.0 好 0
211.375 211.83 58.0 心 0
211.83 212.284 53.0 碎 0
212.8 213.027 53.0 粉 0
213.027 213.254 61.0 - 0
213.254 213.481 61.0 身 0
213.481 213.709 61.0 碎 0
213.709 214.163 59.0 骨 0
214.163 214.391 61.0 我 0
214.391 214.618 61.0 不 0
214.618 215.072 59.0 怕 0
215.072 215.527 59.0 成 0
215.527 215.981 54.0 野 0
216.384 216.611 54.0 鬼 0
216.611 216.839 61.0 你 0
216.839 217.066 61.0 的 0
217.066 217.293 61.0 眼 0
217.293 217.748 63.0 角 0
217.748 217.975 63.0 为 0
217.975 218.202 66.0 什 0
218.202 218.657 61.0 么 0
218.657 219.111 61.0 还 0
219.111 219.566 59.0 有 0
219.939 220.167 49.0 泪 0
220.167 220.394 51.0 终 0
220.394 220.621 54.0 于 0
220.621 220.848 56.0 明 0
220.848 221.303 56.0 白 0
221.303 221.758 49.0 我 0
221.758 222.212 51.0 们 0
222.212 222.667 54.0 都 0
222.667 223.121 58.0 在 0
223.121 223.576 59.0 黑 0
223.576 224.03 59.0 夜 0
224.03 224.485 54.0 里 0
224.485 224.939 56.0 沉 0
225.393 225.847 56.0 醉 0
225.847 226.302 56.0 沉 0
226.302 228.184 54.0 醉 0
