16.335 16.826 70.0 星 0
16.835 17.826 70.0 - 0
17.835 18.326 67.0 星 0
18.335 18.451 63.0 还 0
18.46 19.076 65.0 - 0
19.085 19.451 70.0 是 0
19.46 19.826 65.0 那 0
19.835 20.826 63.0 颗 0
20.835 21.826 60.0 星 0
21.835 22.326 58.0 - 0
22.335 22.826 58.0 - 0
22.835 23.585 58.0 星 1
24.286 24.777 63.0 月 0
24.786 25.777 63.0 亮 0
25.786 26.277 60.0 - 0
26.286 27.027 63.0 还 0
27.036 27.277 70.0 是 0
27.286 27.777 60.0 那 0
27.786 28.277 63.0 个 0
28.286 28.777 67.0 月 0
28.786 29.027 65.0 - 0
29.036 31.286 65.0 亮 1
32.441 32.932 70.0 山 0
32.941 33.932 70.0 也 0
33.941 34.432 67.0 - 0
34.441 34.682 72.0 还 0
34.691 35.182 72.0 - 0
35.191 35.432 72.0 是 0
35.441 35.932 72.0 那 0
35.941 36.432 70.0 座 0
36.441 37.182 72.0 山 0
37.191 37.932 67.0 - 0
37.941 38.432 65.0 - 0
38.441 39.182 65.0 哟 0
39.191 40.066 60.0 - 1
40.415 40.656 65.0 梁 0
40.665 41.156 65.0 - 0
41.165 41.406 65.0 也 0
41.415 41.906 65.0 还 0
41.915 42.406 65.0 是 0
42.415 43.156 65.0 那 0
43.165 44.281 70.0 - 0
44.29 44.781 60.0 道 0
44.79 48.406 58.0 梁 1
48.473 48.714 67.0 碾 0
48.723 49.214 67.0 - 0
49.223 49.464 65.0 子 0
49.473 49.964 67.0 是 0
49.973 50.464 65.0 碾 0
50.473 51.223 67.0 子 0
52.473 53.214 60.0 缸 0
53.223 54.089 67.0 - 0
54.098 54.464 60.0 是 0
54.473 54.964 63.0 缸 0
54.973 55.473 63.0 哟 1
56.344 56.585 63.0 爹 0
56.594 57.085 65.0 - 0
57.094 57.335 63.0 - 0
57.344 57.835 65.0 是 0
57.844 58.335 65.0 爹 0
58.344 58.835 63.0 来 0
58.844 59.835 70.0 娘 0
59.844 60.335 67.0 - 0
60.344 63.344 65.0 是 1
64.349 64.715 67.0 麻 0
64.724 65.34 67.0 - 0
65.349 66.09 67.0 油 0
66.099 66.34 65.0 - 0
66.349 66.84 67.0 灯 0
66.849 67.349 67.0 啊 0
67.849 68.34 67.0 还 0
68.349 68.84 67.0 吱 0
68.849 69.84 70.0 吱 0
69.849 70.34 62.0 - 0
70.349 70.84 60.0 响 0
70.849 71.34 58.0 - 0
71.349 71.849 60.0 - 1
72.928 73.669 60.0 点 0
73.678 73.919 58.0 - 0
73.928 74.419 60.0 的 0
74.428 75.169 65.0 还 0
75.178 75.419 63.0 - 0
75.428 76.419 65.0 是 0
76.428 76.919 58.0 那 0
76.928 77.419 58.0 么 0
77.428 77.919 56.0 丁 0
77.928 78.419 60.0 点 0
78.428 79.553 58.0 亮 1
80.374 81.891 70.0 哦 0
81.899 83.899 63.0 - 0
83.908 84.399 62.0 - 0
84.408 85.899 70.0 哦 0
85.908 88.158 63.0 - 1
88.928 89.419 65.0 只 0
89.428 89.919 63.0 - 0
89.928 90.419 65.0 有 0
90.428 91.044 70.0 那 0
91.053 91.419 67.0 篱 0
91.428 92.419 70.0 笆 0
92.428 92.919 63.0 墙 0
92.928 93.419 63.0 影 0
93.428 93.919 63.0 子 0
93.928 94.169 63.0 咋 0
94.178 94.419 63.0 那 0
94.428 95.169 65.0 么 0
95.178 96.428 65.0 长 1
96.958 97.449 65.0 只 0
97.458 97.949 65.0 有 0
97.958 98.449 65.0 那 0
98.458 99.199 70.0 篱 0
99.208 99.449 67.0 笆 0
99.458 99.958 70.0 墙 0
100.458 100.949 67.0 影 0
100.958 101.449 75.0 子 0
101.458 101.949 70.0 咋 0
101.958 102.199 70.0 那 0
102.208 102.449 67.0 么 0
102.458 104.458 65.0 长 1
105.004 105.495 67.0 还 0
105.504 105.995 67.0 - 0
106.004 106.495 67.0 有 0
106.504 106.995 67.0 看 0
107.004 107.495 67.0 家 0
107.504 108.254 58.0 狗 1
108.478 109.103 60.0 叫 0
109.228 109.469 59.0 的 0
109.478 109.969 60.0 叫 0
109.978 110.228 60.0 的 0
110.478 110.978 60.0 叫 0
111.228 111.469 59.0 的 0
111.478 111.969 60.0 叫 0
111.978 112.228 60.0 的 0
112.478 112.969 60.0 咋 0
112.978 113.719 65.0 就 0
113.728 114.219 60.0 这 0
114.228 114.469 60.0 么 0
114.478 115.728 58.0 狂 1
148.489 149.106 70.0 星 0
149.115 149.982 70.0 星 0
149.99 150.482 67.0 咋 0
150.49 151.232 65.0 不 0
151.241 151.483 70.0 像 0
151.491 151.983 65.0 那 0
151.991 152.483 63.0 颗 0
152.491 153.233 65.0 星 0
153.242 153.984 60.0 - 0
153.992 154.484 58.0 - 0
154.492 154.984 58.0 星 0
154.993 155.868 58.0 哟 1
156.401 156.893 63.0 月 0
156.902 157.894 63.0 - 0
157.902 158.394 60.0 亮 0
158.402 159.144 63.0 也 0
159.153 159.395 70.0 不 0
159.403 159.895 60.0 像 0
159.903 160.395 63.0 那 0
160.403 160.895 67.0 个 0
160.904 161.145 65.0 月 0
161.154 162.404 65.0 - 1
164.537 165.029 70.0 河 0
165.038 166.03 70.0 也 0
166.038 166.53 67.0 - 0
166.538 166.78 72.0 不 0
166.788 167.28 72.0 - 0
167.289 167.531 72.0 是 0
167.539 168.031 72.0 那 0
168.039 168.531 70.0 条 0
168.539 169.281 72.0 河 0
169.29 170.032 67.0 - 0
170.04 170.532 65.0 - 0
170.54 171.032 65.0 哟 0
171.041 171.533 62.0 - 0
171.541 172.041 60.0 - 1
172.419 172.661 65.0 房 0
172.669 173.161 65.0 - 0
173.17 173.412 65.0 - 0
173.42 173.912 65.0 也 0
173.92 174.412 65.0 不 0
174.42 174.912 65.0 是 0
174.921 175.913 70.0 那 0
175.921 176.413 60.0 - 0
176.421 178.672 58.0 座 1
180.442 180.684 67.0 驴 0
180.692 181.184 67.0 - 0
181.193 181.435 65.0 - 0
181.443 181.935 67.0 子 0
181.943 182.435 65.0 下 0
182.443 182.944 67.0 了 0
184.444 184.936 60.0 小 0
184.945 185.937 67.0 - 0
185.945 186.437 60.0 - 0
186.445 186.937 63.0 马 0
186.946 187.321 63.0 驹 1
188.433 188.675 63.0 乌 0
188.683 189.175 65.0 - 0
189.184 189.426 64.0 鸡 0
189.434 189.926 65.0 变 0
189.934 190.176 65.0 成 0
190.184 190.426 65.0 了 0
190.434 190.926 63.0 彩 0
190.935 191.927 70.0 - 0
191.935 192.427 67.0 凤 0
192.435 195.437 65.0 凰 1
196.424 196.791 67.0 麻 0
196.8 197.417 67.0 - 0
197.425 198.167 67.0 油 0
198.175 198.417 65.0 - 0
198.425 198.917 67.0 灯 0
198.926 199.301 67.0 啊 0
200.426 200.918 67.0 断 0
200.927 201.919 70.0 了 0
201.927 202.419 62.0 - 0
202.427 203.42 58.0 油 0
203.428 204.178 60.0 - 1
204.918 205.41 60.0 山 0
205.418 205.91 60.0 - 0
205.918 206.41 60.0 村 0
206.418 207.16 65.0 的 0
207.169 207.411 63.0 夜 0
207.419 207.919 65.0 - 0
208.419 208.911 58.0 咋 0
208.92 209.412 58.0 - 0
209.42 209.662 56.0 么 0
209.67 209.912 58.0 这 0
209.92 210.162 60.0 么 0
210.17 210.412 62.0 - 0
210.42 211.421 58.0 - 1
212.399 213.892 70.0 哦 0
213.9 215.893 63.0 - 0
215.901 216.393 62.0 - 0
216.401 217.894 70.0 - 0
217.902 220.403 63.0 哦 1
221.067 221.559 65.0 只 0
221.567 222.059 63.0 - 0
222.067 222.559 65.0 有 0
222.567 223.184 70.0 那 0
223.193 223.56 67.0 篱 0
223.568 224.193 70.0 笆 0
224.568 225.06 63.0 影 0
225.069 225.561 63.0 - 0
225.569 226.061 63.0 子 0
226.069 226.311 63.0 还 0
226.319 226.561 63.0 那 0
226.569 227.311 65.0 么 0
227.32 228.57 65.0 长 1
228.911 229.403 65.0 只 0
229.411 229.903 65.0 - 0
229.911 230.403 65.0 有 0
230.411 231.153 70.0 那 0
231.162 231.404 67.0 篱 0
231.412 232.037 70.0 笆 0
232.412 232.904 67.0 影 0
232.913 233.405 75.0 - 0
233.413 233.905 70.0 子 0
233.913 234.155 70.0 还 0
234.163 234.405 67.0 那 0
234.413 236.414 65.0 么 1
236.999 237.491 67.0 在 0
237.499 237.991 67.0 - 0
237.999 238.491 67.0 那 0
238.499 238.991 67.0 墙 0
239.0 239.492 70.0 上 0
239.5 240.125 58.0 边 0
240.5 241.242 60.0 爬 0
241.251 241.493 59.0 - 0
241.501 241.993 60.0 满 0
242.001 242.493 60.0 了 0
242.501 243.243 60.0 爬 0
243.252 243.494 59.0 - 0
243.502 243.994 60.0 满 0
244.002 244.494 60.0 了 0
244.502 244.994 60.0 豆 0
245.003 245.995 65.0 - 0
246.003 246.495 60.0 角 0
246.503 248.254 58.0 秧 1
248.488 250.013 70.0 哦 0
250.022 252.057 63.0 - 0
252.066 252.568 62.0 - 0
252.577 254.069 70.0 哦 0
254.078 256.329 63.0 - 0
256.579 260.948 65.0 哦 0
260.956 264.95 70.0 - 0
264.958 269.585 70.0 - 1
