20.553 20.851 53.0 瓦 0
20.853 21.151 60.0 蓝 0
21.153 21.451 60.0 蓝 0
21.453 21.751 60.0 的 0
21.753 22.056 63.0 天 0
22.056 22.351 65.0 - 0
22.353 22.951 60.0 上 0
22.953 23.251 58.0 飞 0
23.253 23.851 60.0 - 0
23.853 24.151 56.0 雄 0
24.153 25.351 53.0 鹰 1
25.442 25.74 53.0 我 0
25.742 26.04 56.0 在 0
26.042 26.34 56.0 高 0
26.342 26.64 53.0 岗 0
26.642 26.94 63.0 t 0
26.944 27.24 65.0 - 0
27.242 27.54 63.0 望 0
27.542 27.84 58.0 北 0
27.842 29.64 60.0 京 1
30.242 30.54 60.0 侧 0
30.542 31.14 65.0 耳 0
31.142 31.44 68.0 倾 0
31.442 32.34 65.0 听 0
32.342 32.64 63.0 - 0
32.642 32.94 65.0 母 0
32.942 33.24 63.0 亲 0
33.242 33.54 63.0 的 0
33.542 33.84 56.0 声 0
33.842 34.59 58.0 音 1
35.044 35.342 58.0 放 0
35.344 35.642 60.0 眼 0
35.644 35.942 63.0 欲 0
35.944 36.242 60.0 穿 0
36.244 36.542 58.0 崇 0
36.544 36.851 58.0 山 0
36.851 37.142 60.0 - 0
37.144 37.442 56.0 峻 0
37.444 38.342 53.0 岭 1
40.088 40.386 60.0 绿 0
40.388 40.686 60.0 波 0
40.688 40.986 60.0 波 0
40.988 41.288 63.0 的 0
41.288 41.586 65.0 - 0
41.588 42.186 60.0 草 0
42.188 42.486 58.0 场 0
42.488 43.086 60.0 骏 0
43.088 43.386 56.0 马 0
43.388 44.586 53.0 行 1
44.61 44.908 53.0 我 0
44.91 45.208 56.0 在 0
45.21 45.508 56.0 草 0
45.51 45.808 53.0 原 0
45.81 46.098 63.0 歌 0
46.098 46.408 65.0 - 0
46.41 46.708 63.0 唱 0
46.71 47.008 58.0 北 0
47.01 48.808 60.0 京 1
49.337 49.635 60.0 谁 0
49.637 50.235 65.0 - 0
50.237 50.535 68.0 的 0
50.537 51.435 65.0 眼 0
51.437 51.735 63.0 睛 0
51.737 52.035 65.0 - 0
52.037 52.335 63.0 掠 0
52.337 52.635 63.0 过 0
52.637 52.935 56.0 了 0
52.937 53.685 58.0 风 1
54.193 54.491 58.0 迎 0
54.493 54.791 60.0 风 0
54.793 55.091 63.0 高 0
55.093 55.391 60.0 唱 0
55.393 55.691 63.0 五 0
55.693 56.291 65.0 星 0
56.293 56.591 68.0 红 0
56.593 58.241 65.0 旗 1
58.883 59.481 65.0 我 0
59.483 59.781 65.0 站 0
59.783 60.081 63.0 在 0
60.083 60.381 65.0 草 0
60.383 60.681 68.0 - 0
60.683 60.981 70.0 原 0
60.983 61.281 72.0 - 0
61.283 61.587 70.0 望 0
61.587 61.881 68.0 - 0
61.883 62.181 65.0 - 0
62.183 62.481 63.0 北 0
62.483 63.381 60.0 京 1
63.826 64.124 65.0 一 0
64.126 64.424 65.0 望 0
64.426 64.724 65.0 无 0
64.726 65.024 65.0 际 0
65.026 65.324 65.0 国 0
65.326 65.624 63.0 泰 0
65.626 65.924 58.0 安 0
65.926 66.224 63.0 - 0
66.226 67.05 60.0 宁 0
67.05 68.024 60.0 - 1
68.48 68.778 60.0 唱 0
68.78 69.078 63.0 - 0
69.08 69.378 65.0 出 0
69.38 69.678 68.0 草 0
69.68 70.578 65.0 - 0
70.58 70.878 63.0 原 0
70.88 71.178 65.0 的 0
71.18 71.478 68.0 豪 0
71.48 71.778 70.0 情 0
71.78 72.078 72.0 和 0
72.08 72.978 70.0 美 1
73.297 73.595 60.0 让 0
73.597 73.895 63.0 这 0
73.897 74.195 63.0 歌 0
74.197 74.495 72.0 声 0
74.497 74.795 70.0 回 0
74.797 75.245 68.0 荡 0
75.397 75.695 63.0 紫 0
75.697 77.495 65.0 荆 1
78.125 78.723 65.0 我 0
78.725 79.023 65.0 站 0
79.025 79.323 63.0 在 0
79.325 79.623 65.0 草 0
79.625 79.923 68.0 - 0
79.925 80.223 70.0 原 0
80.225 80.523 72.0 - 0
80.525 80.833 70.0 望 0
80.833 81.123 68.0 - 0
81.125 81.423 65.0 - 0
81.425 81.723 63.0 北 0
81.725 82.623 60.0 京 1
82.877 83.175 65.0 青 0
83.177 83.475 65.0 - 0
83.477 83.775 65.0 青 0
83.777 84.075 68.0 山 0
84.077 84.375 65.0 岗 0
84.377 84.675 63.0 心 0
84.677 84.975 58.0 旷 0
84.977 85.275 63.0 神 0
85.277 86.1 60.0 - 0
86.1 87.075 60.0 怡 1
87.745 88.043 60.0 让 0
88.045 88.343 63.0 - 0
88.345 88.643 65.0 心 0
88.645 88.943 68.0 放 0
88.945 89.843 65.0 - 0
89.845 90.143 63.0 飞 0
90.145 90.443 65.0 着 0
90.445 90.743 68.0 喜 0
90.745 91.043 70.0 悦 0
91.045 91.343 72.0 的 0
91.345 92.243 70.0 心 1
92.543 92.841 60.0 吉 0
92.843 93.141 63.0 - 0
93.143 93.441 63.0 祥 0
93.443 93.741 72.0 彩 0
93.743 94.041 70.0 云 0
94.043 94.341 68.0 献 0
94.343 94.547 65.0 - 0
94.547 94.941 63.0 给 0
94.943 96.741 65.0 - 1
116.491 116.789 53.0 瓦 0
116.791 117.089 60.0 蓝 0
117.091 117.389 60.0 蓝 0
117.391 117.689 60.0 的 0
117.691 117.99 63.0 天 0
117.99 118.289 65.0 - 0
118.291 118.889 60.0 上 0
118.891 119.189 58.0 飞 0
119.191 119.789 60.0 - 0
119.791 120.089 56.0 雄 0
120.091 121.289 53.0 鹰 1
121.354 121.652 53.0 我 0
121.654 121.952 56.0 - 0
121.954 122.252 56.0 在 0
122.254 122.552 53.0 高 0
122.554 123.152 65.0 岗 0
123.154 123.452 63.0 眺 0
123.454 123.752 58.0 望 0
123.754 125.552 60.0 北 1
126.165 126.463 60.0 侧 0
126.465 127.063 65.0 耳 0
127.065 127.363 68.0 倾 0
127.365 128.263 65.0 听 0
128.265 128.563 63.0 - 0
128.565 128.863 65.0 母 0
128.865 129.163 63.0 亲 0
129.165 129.463 63.0 的 0
129.465 129.763 56.0 声 0
129.765 130.513 58.0 音 1
130.895 131.193 58.0 放 0
131.195 131.493 60.0 - 0
131.495 131.793 63.0 眼 0
131.795 132.093 60.0 欲 0
132.095 132.393 58.0 穿 0
132.395 132.993 60.0 崇 0
132.995 133.293 56.0 山 0
133.295 134.193 53.0 峻 1
136.15 136.448 60.0 绿 0
136.45 136.748 60.0 波 0
136.75 137.048 60.0 波 0
137.05 137.35 63.0 的 0
137.35 137.648 65.0 - 0
137.65 138.248 60.0 草 0
138.25 138.548 58.0 场 0
138.55 139.148 60.0 骏 0
139.15 139.448 56.0 马 0
139.45 140.648 53.0 行 1
140.652 140.95 53.0 我 0
140.952 141.25 56.0 在 0
141.252 141.55 56.0 草 0
141.552 141.85 53.0 原 0
141.852 142.45 65.0 歌 0
142.452 142.75 63.0 唱 0
142.752 143.05 58.0 北 0
143.052 144.85 60.0 京 1
145.42 145.718 60.0 谁 0
145.72 146.318 65.0 的 0
146.32 146.618 68.0 眼 0
146.62 147.518 65.0 睛 0
147.52 147.818 63.0 - 0
147.82 148.118 65.0 掠 0
148.12 148.418 63.0 过 0
148.42 148.718 63.0 了 0
148.72 149.018 56.0 风 0
149.02 149.768 58.0 景 1
150.1 150.398 58.0 迎 0
150.4 150.698 60.0 - 0
150.7 150.998 63.0 风 0
151.0 151.298 60.0 高 0
151.3 151.598 63.0 唱 0
151.6 152.198 65.0 五 0
152.2 152.498 68.0 星 0
152.5 154.148 65.0 红 1
154.893 155.491 65.0 我 0
155.493 155.791 65.0 - 0
155.793 156.091 63.0 站 0
156.093 156.391 65.0 在 0
156.393 156.691 68.0 草 0
156.693 156.991 70.0 - 0
156.993 157.291 72.0 原 0
157.293 157.601 70.0 - 0
157.601 157.891 68.0 望 0
157.893 158.191 65.0 - 0
158.193 158.491 63.0 - 0
158.493 159.391 60.0 北 1
159.733 160.031 65.0 一 0
160.033 160.331 65.0 望 0
160.333 160.631 65.0 无 0
160.633 160.931 68.0 际 0
160.933 161.231 65.0 国 0
161.233 161.531 63.0 泰 0
161.533 161.831 58.0 安 0
161.833 162.131 63.0 - 0
162.133 162.958 60.0 宁 0
162.962 163.931 60.0 - 1
164.511 164.809 60.0 唱 0
164.811 165.109 65.0 出 0
165.111 165.409 65.0 草 0
165.411 165.709 68.0 - 0
165.711 166.609 65.0 原 0
166.611 166.909 63.0 的 0
166.911 167.209 65.0 豪 0
167.211 167.509 68.0 情 0
167.511 167.809 70.0 和 0
167.811 168.109 72.0 美 0
168.111 169.009 70.0 丽 1
169.418 169.716 60.0 让 0
169.718 170.016 63.0 这 0
170.018 170.316 63.0 歌 0
170.318 170.616 72.0 声 0
170.618 170.916 70.0 回 0
170.918 171.366 68.0 荡 0
171.518 171.816 63.0 紫 0
171.818 173.616 65.0 荆 1
174.245 174.843 65.0 我 0
174.845 175.143 65.0 - 0
175.145 175.443 63.0 站 0
175.445 175.743 65.0 在 0
175.745 176.043 68.0 草 0
176.045 176.343 70.0 - 0
176.345 176.643 72.0 原 0
176.645 176.945 70.0 - 0
176.945 177.243 68.0 望 0
177.245 177.543 65.0 - 0
177.545 177.843 63.0 - 0
177.845 178.743 60.0 北 1
179.03 179.328 65.0 青 0
179.33 179.628 65.0 青 0
179.63 179.928 65.0 山 0
179.93 180.228 68.0 岗 0
180.23 180.528 65.0 心 0
180.53 180.828 63.0 旷 0
180.83 181.128 58.0 神 0
181.13 181.428 63.0 - 0
181.43 182.327 60.0 怡 0
182.327 183.228 60.0 - 1
183.775 184.073 60.0 让 0
184.075 184.373 65.0 心 0
184.375 184.673 65.0 放 0
184.675 184.973 68.0 - 0
184.975 185.873 65.0 飞 0
185.875 186.173 63.0 着 0
186.175 186.473 65.0 喜 0
186.475 186.773 68.0 悦 0
186.775 187.073 70.0 的 0
187.075 187.373 72.0 心 0
187.375 188.273 70.0 情 1
188.54 188.838 60.0 吉 0
188.84 189.138 63.0 祥 0
189.14 189.438 63.0 彩 0
189.44 189.738 72.0 云 0
189.74 190.038 70.0 献 0
190.04 190.338 68.0 - 0
190.34 190.638 65.0 给 0
190.64 190.938 63.0 - 0
190.94 192.738 65.0 你 1
193.419 194.017 65.0 我 0
194.019 194.317 65.0 站 0
194.319 194.617 63.0 在 0
194.619 194.917 65.0 草 0
194.919 195.217 68.0 - 0
195.219 195.517 70.0 原 0
195.519 195.817 72.0 - 0
195.819 196.119 70.0 望 0
196.119 196.417 68.0 - 0
196.419 196.717 65.0 - 0
196.719 197.017 63.0 北 0
197.019 197.917 60.0 京 1
198.159 198.457 65.0 一 0
198.459 198.757 65.0 望 0
198.759 199.057 65.0 无 0
199.059 199.357 68.0 际 0
199.359 199.657 65.0 国 0
199.659 199.957 63.0 泰 0
199.959 200.257 58.0 安 0
200.259 200.557 63.0 - 0
200.559 201.393 60.0 宁 0
201.393 202.357 60.0 - 1
202.875 203.173 60.0 唱 0
203.175 203.473 65.0 - 0
203.475 203.773 65.0 出 0
203.775 204.073 68.0 草 0
204.075 204.973 65.0 - 0
204.975 205.273 63.0 原 0
205.275 205.573 65.0 的 0
205.575 205.873 68.0 豪 0
205.875 206.173 70.0 情 0
206.175 206.473 72.0 和 0
206.475 207.373 70.0 美 1
207.749 208.047 60.0 让 0
208.049 208.347 63.0 - 0
208.349 208.647 63.0 这 0
208.649 208.947 72.0 歌 0
208.949 209.247 70.0 声 0
209.249 209.847 68.0 回 0
209.849 210.147 63.0 荡 0
210.149 211.947 65.0 紫 1
212.636 213.234 65.0 我 0
213.236 213.534 65.0 站 0
213.536 213.834 63.0 在 0
213.836 214.134 65.0 草 0
214.136 214.434 68.0 - 0
214.436 214.734 70.0 原 0
214.736 215.034 72.0 - 0
215.036 215.34 70.0 望 0
215.34 215.634 68.0 - 0
215.636 215.934 65.0 - 0
215.936 216.234 63.0 北 0
216.236 217.134 60.0 京 1
217.354 217.652 65.0 青 0
217.654 217.952 65.0 - 0
217.954 218.252 65.0 青 0
218.254 218.552 68.0 山 0
218.554 218.852 65.0 岗 0
218.854 219.152 63.0 心 0
219.154 219.452 58.0 旷 0
219.454 219.752 63.0 神 0
219.754 220.577 60.0 - 0
220.583 221.552 60.0 怡 1
222.083 222.381 60.0 让 0
222.383 222.681 65.0 心 0
222.683 222.981 65.0 放 0
222.983 223.281 68.0 - 0
223.283 224.181 65.0 飞 0
224.183 224.481 63.0 着 0
224.483 224.781 65.0 喜 0
224.783 225.081 68.0 悦 0
225.083 225.381 70.0 的 0
225.383 225.681 72.0 心 0
225.683 226.581 70.0 情 1
226.861 227.159 60.0 吉 0
227.161 227.459 63.0 - 0
227.461 227.759 63.0 祥 0
227.761 228.059 72.0 彩 0
228.061 228.359 70.0 云 0
228.361 228.659 68.0 献 0
228.661 228.959 65.0 - 0
228.961 229.259 63.0 给 0
229.261 231.659 65.0 - 0
231.71 232.008 60.0 你 1
232.01 232.308 63.0 吉 0
232.31 232.608 63.0 祥 0
232.61 232.908 72.0 彩 0
232.91 233.208 70.0 云 0
233.21 233.508 68.0 献 0
233.51 235.608 63.0 - 0
235.91 236.208 63.0 献 0
236.21 236.508 68.0 - 0
236.51 240.108 65.0 给 0
