27.859 28.159 54.0 别 0
28.159 28.46 57.0 再 0
28.46 29.363 57.0 说 0
29.363 29.664 54.0 是 0
29.664 30.265 59.0 谁 0
30.265 30.416 57.0 的 0
30.566 31.168 57.0 错 1
31.808 32.109 54.0 让 0
32.109 32.41 52.0 一 0
32.41 33.312 50.0 切 1
33.933 34.234 52.0 成 0
34.234 35.437 54.0 灰 1
37.403 37.703 54.0 除 0
37.703 38.004 55.0 非 0
38.004 38.606 55.0 放 0
38.606 38.907 54.0 下 0
38.907 39.358 57.0 心 0
39.508 39.96 57.0 中 1
40.002 40.303 57.0 的 0
40.303 40.829 54.0 负 0
40.829 41.13 52.0 累 0
41.13 41.713 50.0 - 1
42.192 42.492 50.0 一 0
42.492 42.793 47.0 切 0
42.793 43.094 50.0 难 0
43.094 43.395 52.0 以 0
43.395 43.696 54.0 挽 0
43.696 44.749 52.0 回 1
46.986 47.286 54.0 你 0
47.286 47.587 57.0 总 0
47.587 48.49 57.0 爱 0
48.49 48.79 54.0 让 0
48.79 49.242 59.0 往 0
49.317 49.618 61.0 事 0
49.618 50.144 59.0 跟 0
50.144 50.746 57.0 随 1
50.787 51.088 54.0 怕 0
51.088 51.464 52.0 过 0
51.464 52.441 50.0 去 1
53.242 53.543 57.0 白 0
53.543 53.839 57.0 费 0
53.839 54.494 54.0 - 1
56.524 56.824 59.0 你 0
56.824 57.124 57.0 总 0
57.124 57.424 57.0 以 0
57.424 57.724 61.0 为 0
57.724 58.324 62.0 - 0
58.324 58.774 61.0 要 0
58.774 59.224 62.0 体 0
59.224 59.524 64.0 会 0
59.524 60.124 59.0 人 0
60.124 61.034 62.0 生 1
61.364 61.673 62.0 就 0
61.673 61.983 62.0 要 1
62.127 62.436 62.0 多 0
62.436 62.745 59.0 爱 0
62.745 63.055 62.0 几 0
63.055 65.624 64.0 回 1
67.15 67.45 66.0 与 0
67.45 67.751 69.0 其 0
67.751 68.127 66.0 让 1
68.32 68.621 66.0 你 0
68.621 68.771 66.0 在 0
68.922 69.373 64.0 我 0
69.373 69.824 64.0 怀 0
69.824 70.124 64.0 中 0
70.124 70.726 66.0 枯 0
70.726 71.026 64.0 萎 0
71.026 71.628 62.0 - 1
71.983 72.284 62.0 宁 0
72.284 72.585 59.0 愿 0
72.585 72.885 62.0 你 0
72.885 73.336 64.0 犯 0
73.336 73.637 62.0 错 0
73.787 74.088 62.0 后 1
74.088 75.291 57.0 悔 1
76.598 76.899 59.0 让 0
76.899 77.124 62.0 你 0
77.199 77.8 62.0 飞 1
77.92 78.221 57.0 向 0
78.221 78.822 66.0 梦 0
78.822 79.273 66.0 中 0
79.424 79.724 66.0 的 0
79.724 80.326 66.0 世 0
80.326 81.378 62.0 界 1
81.592 81.893 62.0 留 0
81.893 82.194 59.0 我 0
82.194 82.494 62.0 独 0
82.494 82.795 64.0 自 0
82.795 83.096 66.0 伤 0
83.096 84.9 64.0 悲 1
86.322 86.623 66.0 与 0
86.623 86.923 69.0 其 0
86.923 87.525 66.0 让 0
87.525 87.825 66.0 你 0
87.825 88.126 66.0 在 0
88.126 88.427 64.0 我 0
88.427 88.878 64.0 爱 1
89.039 89.34 64.0 中 0
89.34 89.941 66.0 憔 0
89.941 90.242 64.0 悴 0
90.242 90.843 62.0 - 1
91.124 91.424 62.0 宁 0
91.424 91.725 59.0 愿 0
91.725 92.026 62.0 你 0
92.026 92.627 64.0 受 0
92.627 92.928 62.0 伤 0
92.928 93.228 62.0 流 0
93.228 94.431 57.0 泪 1
96.009 96.31 59.0 莫 0
96.31 96.611 62.0 非 0
96.611 97.061 57.0 要 1
97.243 97.543 57.0 你 0
97.543 98.145 66.0 尝 0
98.145 98.596 69.0 尽 0
98.746 99.047 69.0 了 0
99.047 99.648 66.0 苦 0
99.648 99.949 64.0 悲 0
99.949 100.55 62.0 - 1
100.805 101.105 62.0 才 0
101.105 101.406 59.0 懂 0
101.406 101.707 62.0 真 0
101.707 102.007 64.0 情 0
102.007 102.609 66.0 可 0
102.609 105.014 62.0 贵 1
122.48 122.781 54.0 别 0
122.781 123.082 57.0 再 0
123.082 123.984 57.0 说 0
123.984 124.284 54.0 是 0
124.284 124.886 59.0 谁 0
124.886 125.036 57.0 的 0
125.186 125.788 57.0 错 1
126.215 126.516 54.0 让 0
126.516 126.816 52.0 一 0
126.816 127.718 50.0 切 1
128.327 128.627 52.0 成 0
128.627 129.83 54.0 灰 1
132.094 132.394 54.0 除 0
132.394 132.695 55.0 非 0
132.695 133.296 55.0 放 0
133.296 133.597 54.0 下 0
133.597 134.048 57.0 心 0
134.198 134.649 57.0 中 1
134.661 134.962 57.0 的 0
134.962 135.638 54.0 负 0
135.638 135.939 52.0 累 0
135.939 136.54 50.0 - 1
136.824 137.125 50.0 一 0
137.125 137.425 47.0 切 0
137.425 137.726 50.0 难 0
137.726 138.027 52.0 以 0
138.027 138.327 54.0 挽 0
138.327 139.38 52.0 回 1
141.655 141.955 54.0 你 0
141.955 142.256 57.0 总 0
142.256 143.158 57.0 爱 0
143.158 143.459 54.0 让 0
143.459 143.91 59.0 往 0
143.985 144.286 61.0 事 0
144.286 144.962 59.0 跟 0
144.962 145.563 57.0 随 1
145.641 145.942 54.0 怕 0
145.942 146.243 52.0 过 0
146.243 147.22 50.0 去 1
147.947 148.247 57.0 白 0
148.247 148.623 57.0 费 0
148.623 149.149 54.0 - 1
151.285 151.586 59.0 你 0
151.586 151.886 57.0 总 0
151.886 152.187 57.0 以 0
152.187 152.488 61.0 为 0
152.488 153.089 62.0 - 0
153.089 153.54 61.0 要 0
153.54 153.991 62.0 体 0
153.991 154.292 64.0 会 0
154.292 154.893 59.0 人 0
154.893 155.796 62.0 生 1
156.045 156.346 62.0 就 0
156.346 156.647 62.0 要 1
156.763 157.063 62.0 多 0
157.063 157.364 59.0 爱 0
157.364 157.665 62.0 几 0
157.665 162.175 64.0 回 1
163.278 163.579 66.0 与 0
163.579 163.88 69.0 其 0
163.88 164.256 66.0 让 1
164.527 164.828 66.0 你 0
164.828 164.978 66.0 在 0
165.128 165.579 64.0 我 0
165.579 166.03 64.0 怀 0
166.03 166.331 64.0 中 0
166.331 166.932 66.0 枯 0
166.932 167.233 64.0 萎 0
167.233 167.834 62.0 - 1
168.183 168.484 62.0 宁 0
168.484 168.784 59.0 愿 0
168.784 169.085 62.0 你 0
169.085 169.536 64.0 犯 0
169.536 169.837 62.0 错 0
169.987 170.288 62.0 后 1
170.295 171.497 57.0 悔 1
172.974 173.274 59.0 让 0
173.274 173.5 62.0 你 0
173.575 174.176 62.0 飞 1
174.182 174.483 57.0 向 0
174.483 175.084 66.0 梦 0
175.084 175.535 66.0 中 0
175.685 175.986 66.0 的 0
175.986 176.587 66.0 世 0
176.587 177.64 62.0 界 1
177.804 178.105 62.0 留 0
178.105 178.405 59.0 我 0
178.405 178.706 62.0 独 0
178.706 179.007 64.0 自 0
179.007 179.307 66.0 伤 0
179.307 181.412 64.0 悲 1
182.485 182.785 66.0 与 0
182.785 183.086 69.0 其 0
183.086 183.687 66.0 让 0
183.687 183.988 66.0 你 0
183.988 184.289 66.0 在 0
184.289 184.589 64.0 我 0
184.589 185.04 64.0 爱 1
185.32 185.62 64.0 中 0
185.62 186.222 66.0 憔 0
186.222 186.522 64.0 悴 0
186.522 187.124 62.0 - 1
187.351 187.652 62.0 宁 0
187.652 187.953 59.0 愿 0
187.953 188.253 62.0 你 0
188.253 188.855 64.0 受 0
188.855 189.155 62.0 伤 0
189.155 189.456 62.0 流 0
189.456 190.659 57.0 泪 1
192.056 192.357 59.0 莫 0
192.357 192.657 62.0 非 0
192.657 193.108 57.0 要 1
193.307 193.607 57.0 你 0
193.607 194.208 66.0 尝 0
194.208 194.659 69.0 尽 0
194.81 195.11 69.0 了 0
195.11 195.712 66.0 苦 0
195.712 196.012 64.0 悲 0
196.012 196.614 62.0 - 1
196.905 197.206 62.0 才 0
197.206 197.507 59.0 懂 0
197.507 197.807 62.0 真 0
197.807 198.108 64.0 情 0
198.108 199.01 66.0 可 0
199.01 201.415 62.0 贵 1
204.185 204.486 67.0 与 0
204.486 204.787 70.0 其 0
204.787 205.162 67.0 让 1
205.448 205.749 67.0 你 0
205.749 205.899 67.0 在 0
206.049 206.5 65.0 我 0
206.5 206.951 65.0 怀 0
206.951 207.252 65.0 中 0
207.252 207.853 67.0 枯 0
207.853 208.154 65.0 萎 0
208.154 208.755 63.0 - 1
208.977 209.278 63.0 宁 0
209.278 209.578 60.0 愿 0
209.578 209.879 63.0 你 0
209.879 210.33 65.0 犯 0
210.33 210.631 63.0 错 0
210.781 211.082 63.0 后 1
211.115 212.317 58.0 悔 1
213.814 214.115 60.0 让 0
214.115 214.341 63.0 你 0
214.416 214.716 63.0 飞 0
214.716 215.017 58.0 - 1
215.081 215.382 58.0 向 0
215.382 215.983 67.0 梦 0
215.983 216.434 67.0 中 0
216.584 216.885 67.0 的 0
216.885 217.486 67.0 世 0
217.486 218.539 63.0 界 1
218.596 218.897 63.0 留 0
218.897 219.197 60.0 我 0
219.197 219.498 63.0 独 0
219.498 219.799 65.0 自 0
219.799 220.099 67.0 伤 0
220.099 222.805 65.0 悲 1
223.395 223.695 67.0 与 0
223.695 223.996 70.0 其 0
223.996 224.597 67.0 让 0
224.597 224.898 67.0 你 0
224.898 225.199 67.0 在 0
225.199 225.499 65.0 我 0
225.499 225.95 65.0 爱 1
226.084 226.384 65.0 中 0
226.384 226.986 67.0 憔 0
226.986 227.286 65.0 悴 0
227.286 227.888 63.0 - 1
228.262 228.563 63.0 宁 0
228.563 228.864 60.0 愿 0
228.864 229.164 63.0 你 0
229.164 229.766 65.0 受 0
229.766 230.066 63.0 伤 0
230.066 230.367 63.0 流 0
230.367 230.968 67.0 泪 0
230.968 231.57 68.0 耶 0
231.57 232.171 65.0 - 0
232.171 232.472 63.0 - 1
233.133 233.433 60.0 莫 0
233.433 233.734 63.0 非 0
233.734 234.035 63.0 要 0
234.035 234.335 58.0 - 1
234.335 234.636 58.0 你 0
234.636 235.237 67.0 尝 0
235.237 235.688 70.0 尽 0
235.839 236.139 70.0 了 0
236.139 236.741 67.0 苦 0
236.741 237.041 65.0 悲 0
237.041 237.643 63.0 - 1
237.796 238.097 63.0 才 0
238.097 238.398 60.0 懂 0
238.398 238.698 63.0 真 0
238.698 238.999 65.0 情 0
239.149 240.051 67.0 可 0
240.352 242.607 63.0 贵 1
