15.788 16.007 50.0 不 0
16.007 16.227 52.0 - 0
16.227 16.681 54.0 是 0
16.681 17.136 45.0 为 0
17.136 17.591 50.0 了 0
17.591 17.818 54.0 什 0
17.818 18.269 52.0 么 0
18.269 18.94 54.0 回 0
19.378 19.602 49.0 报 0
19.602 19.825 49.0 所 0
19.825 20.273 50.0 以 0
20.273 20.944 47.0 关 0
22.924 23.15 50.0 怀 0
23.15 23.375 52.0 不 0
23.375 23.815 54.0 是 0
23.815 24.255 45.0 为 0
24.255 24.696 50.0 了 0
24.696 24.916 54.0 什 0
24.916 25.361 52.0 么 0
25.361 25.586 52.0 明 0
25.586 26.036 54.0 天 0
26.584 26.809 50.0 - 0
26.809 27.034 49.0 所 0
27.034 27.484 50.0 以 0
27.484 28.609 54.0 期 0
30.202 30.426 57.0 待 0
30.426 30.651 54.0 因 0
30.651 31.095 55.0 为 0
31.095 31.54 55.0 我 0
31.54 31.984 55.0 是 0
31.984 32.206 54.0 一 0
32.206 32.873 50.0 个 0
33.949 34.171 50.0 人 0
34.171 34.625 55.0 只 0
34.625 35.078 55.0 能 0
35.078 35.531 55.0 够 0
35.531 35.758 54.0 对 0
35.758 36.652 50.0 感 0
37.541 37.763 50.0 觉 0
37.763 39.098 52.0 坦 0
44.394 44.617 50.0 白 0
44.617 44.84 52.0 只 0
44.84 45.287 54.0 是 0
45.287 45.735 45.0 为 0
45.735 46.183 50.0 了 0
46.183 46.407 54.0 你 0
46.407 46.854 52.0 一 0
46.854 47.078 52.0 句 0
47.078 47.526 54.0 话 0
47.972 48.196 49.0 我 0
48.196 48.42 49.0 - 0
48.42 48.644 50.0 全 0
48.644 49.092 47.0 身 0
49.092 49.763 47.0 摇 0
51.55 51.774 50.0 摆 0
51.774 51.997 52.0 只 0
51.997 52.445 54.0 是 0
52.445 52.893 45.0 为 0
52.893 53.34 50.0 了 0
53.34 53.564 57.0 一 0
53.564 54.012 57.0 个 0
54.012 54.459 54.0 笑 0
55.234 55.458 50.0 容 0
55.458 55.682 49.0 爱 0
55.682 56.129 50.0 就 0
56.129 57.472 54.0 存 0
58.783 59.007 57.0 在 0
59.007 59.231 54.0 那 0
59.231 59.679 54.0 些 0
59.679 60.126 55.0 想 0
60.126 60.574 55.0 太 0
60.574 60.798 54.0 多 0
60.798 61.469 50.0 的 0
62.359 62.806 50.0 人 0
62.806 63.254 55.0 有 0
63.254 63.702 55.0 生 0
63.702 64.149 54.0 之 0
64.149 64.373 54.0 年 0
64.373 65.045 55.0 都 0
65.045 65.492 57.0 不 0
65.94 66.388 59.0 会 0
66.388 69.969 57.0 明 0
72.623 73.07 66.0 白 0
73.07 73.518 64.0 因 0
73.518 74.192 66.0 为 0
74.192 74.416 64.0 爱 0
74.569 75.018 64.0 - 0
75.018 75.242 62.0 所 0
75.242 75.467 62.0 以 0
75.467 75.916 64.0 爱 0
76.304 76.753 62.0 温 0
76.753 77.202 61.0 柔 0
77.202 77.651 62.0 经 0
77.651 78.1 61.0 不 0
78.1 78.549 59.0 起 0
78.549 78.773 59.0 安 0
78.773 79.896 54.0 排 0
80.346 80.57 59.0 愉 0
80.57 80.795 61.0 快 0
80.795 81.238 62.0 那 0
81.238 81.459 62.0 么 0
81.459 82.124 62.0 快 0
82.178 82.4 61.0 不 0
82.4 82.621 62.0 要 0
82.621 83.069 64.0 等 0
83.069 83.516 64.0 到 0
83.52 83.855 64.0 互 0
83.855 84.191 62.0 相 0
84.191 84.414 64.0 伤 0
84.414 86.655 66.0 害 0
86.958 87.41 66.0 因 0
87.41 87.862 64.0 - 0
87.862 88.532 66.0 为 0
88.532 88.756 64.0 爱 0
88.887 89.334 64.0 - 0
89.334 89.558 62.0 所 0
89.558 90.452 64.0 以 0
90.611 91.058 64.0 爱 0
91.058 91.505 66.0 感 0
91.505 91.952 67.0 情 0
91.952 92.4 66.0 不 0
92.4 92.847 64.0 必 0
92.847 93.07 66.0 拿 0
93.07 93.518 66.0 来 0
93.518 94.188 59.0 慷 0
94.545 94.768 59.0 慨 0
94.768 94.992 61.0 谁 0
94.992 95.215 61.0 也 0
95.215 95.439 61.0 不 0
95.439 95.663 59.0 用 0
95.663 96.11 62.0 给 0
96.207 96.43 61.0 我 0
96.43 96.878 62.0 一 0
96.878 97.101 64.0 个 0
97.101 97.325 62.0 美 0
97.325 97.548 61.0 好 0
97.548 97.996 64.0 时 0
98.016 98.239 62.0 代 0
98.239 98.686 64.0 我 0
98.686 99.134 62.0 要 0
99.134 99.357 59.0 你 0
99.357 102.264 59.0 现 0
105.35 105.574 50.0 在 0
105.574 105.797 52.0 只 0
105.797 106.25 54.0 是 0
106.25 106.702 45.0 为 0
106.702 107.154 50.0 了 0
107.154 107.38 54.0 你 0
107.38 107.828 52.0 一 0
107.828 108.051 52.0 句 0
108.051 108.496 54.0 话 0
108.902 109.125 49.0 - 0
109.125 109.348 49.0 我 0
109.348 109.801 47.0 全 0
109.801 110.027 47.0 身 0
110.027 110.707 47.0 摇 0
112.594 112.816 50.0 摆 0
112.816 113.038 52.0 只 0
113.038 113.488 54.0 是 0
113.488 113.938 45.0 为 0
113.938 114.388 50.0 了 0
114.388 114.613 57.0 一 0
114.613 115.063 57.0 个 0
115.063 115.513 54.0 笑 0
116.178 116.403 50.0 容 0
116.403 116.628 49.0 爱 0
116.628 117.075 50.0 就 0
117.075 118.416 54.0 存 0
119.648 119.871 57.0 在 0
119.871 120.095 54.0 那 0
120.095 120.542 55.0 些 0
120.542 120.989 55.0 想 0
120.989 121.435 55.0 太 0
121.435 121.659 54.0 多 0
121.659 122.327 50.0 的 0
123.285 123.73 50.0 人 0
123.73 124.174 54.0 有 0
124.174 124.619 55.0 生 0
124.619 125.063 55.0 之 0
125.063 125.286 54.0 年 0
125.286 125.953 55.0 都 0
125.953 126.397 57.0 不 0
126.842 127.286 57.0 会 0
127.286 130.887 57.0 明 0
133.488 133.932 66.0 白 0
133.932 134.377 64.0 因 0
134.377 135.046 66.0 为 0
135.046 135.269 64.0 爱 0
135.393 135.84 64.0 - 0
135.84 136.063 62.0 所 0
136.063 136.286 62.0 以 0
136.286 136.742 64.0 爱 0
137.179 137.635 62.0 - 0
137.635 138.09 61.0 温 0
138.09 138.534 62.0 柔 0
138.534 138.979 61.0 经 0
138.979 139.423 59.0 不 0
139.423 139.645 59.0 起 0
139.645 140.763 54.0 安 0
141.12 141.344 59.0 排 0
141.344 141.568 61.0 愉 0
141.568 142.016 62.0 快 0
142.016 142.239 62.0 那 0
142.239 142.91 62.0 么 0
142.962 143.186 61.0 快 0
143.186 143.41 62.0 不 0
143.41 143.857 64.0 要 0
143.857 144.304 64.0 等 0
144.369 144.705 64.0 到 0
144.705 145.04 62.0 互 0
145.04 145.264 64.0 相 0
145.264 147.497 66.0 伤 0
147.925 148.372 66.0 害 0
148.372 148.818 64.0 因 0
148.818 149.484 66.0 为 0
149.484 149.706 64.0 爱 0
149.767 150.211 64.0 所 0
150.211 150.433 62.0 以 0
150.433 151.327 64.0 爱 0
151.381 151.829 64.0 感 0
151.829 152.277 66.0 情 0
152.277 152.728 67.0 不 0
152.728 153.18 66.0 必 0
153.18 153.631 64.0 拿 0
153.631 153.857 64.0 来 0
153.857 154.31 59.0 慷 0
154.31 154.989 59.0 慨 0
155.515 155.742 59.0 谁 0
155.742 155.968 61.0 - 0
155.968 156.191 61.0 也 0
156.191 156.414 61.0 不 0
156.414 156.637 59.0 用 0
156.637 157.083 62.0 给 0
157.152 157.375 61.0 我 0
157.375 157.821 62.0 一 0
157.821 158.044 64.0 个 0
158.044 158.267 62.0 美 0
158.267 158.49 61.0 好 0
158.49 158.936 64.0 时 0
158.954 159.177 62.0 代 0
159.177 159.623 64.0 我 0
159.623 160.07 59.0 要 0
160.07 160.293 59.0 你 0
160.293 163.646 59.0 现 0
189.147 189.607 66.0 在 0
189.607 190.067 64.0 因 0
190.067 190.74 66.0 为 0
190.74 190.964 64.0 爱 0
190.984 191.433 64.0 所 0
191.433 191.657 62.0 以 0
191.657 191.881 62.0 爱 0
191.881 192.326 64.0 - 0
192.75 193.195 62.0 温 0
193.195 193.639 61.0 柔 0
193.639 194.089 62.0 经 0
194.089 194.539 61.0 不 0
194.539 194.989 59.0 起 0
194.989 195.214 61.0 安 0
195.214 196.336 54.0 排 0
196.671 196.895 59.0 愉 0
196.895 197.12 61.0 快 0
197.12 197.563 62.0 那 0
197.563 197.785 62.0 么 0
197.785 198.45 62.0 快 0
198.554 198.776 61.0 不 0
198.776 198.998 62.0 - 0
198.998 199.451 64.0 要 0
199.451 199.904 64.0 等 0
199.937 200.277 64.0 到 0
200.277 200.617 62.0 互 0
200.617 200.843 64.0 相 0
200.843 203.069 66.0 伤 0
203.404 203.849 66.0 害 0
203.849 204.294 64.0 因 0
204.294 204.962 66.0 为 0
204.962 205.184 64.0 爱 0
205.296 205.742 64.0 - 0
205.742 205.964 62.0 所 0
205.964 206.866 64.0 以 0
206.92 207.373 64.0 爱 0
207.373 207.826 66.0 感 0
207.826 208.268 67.0 情 0
208.268 208.711 66.0 不 0
208.711 209.153 64.0 必 0
209.153 209.375 64.0 拿 0
209.375 209.822 59.0 来 0
209.822 210.498 59.0 慷 0
210.923 211.148 59.0 慨 0
211.148 211.374 61.0 谁 0
211.374 211.599 62.0 也 0
211.599 211.824 61.0 不 0
211.824 212.05 59.0 用 0
212.05 212.501 62.0 给 0
212.667 212.892 61.0 我 0
212.892 213.343 62.0 一 0
213.343 213.567 62.0 个 0
213.567 213.791 62.0 美 0
213.791 214.015 61.0 好 0
214.015 214.463 62.0 时 0
214.486 214.71 62.0 代 0
214.71 215.158 64.0 我 0
215.158 215.604 62.0 要 0
215.604 215.827 59.0 你 0
215.827 217.381 59.0 现 0
217.789 218.227 66.0 在 0
218.227 218.666 64.0 因 0
218.666 219.343 66.0 为 0
219.343 219.569 64.0 爱 0
219.57 220.021 64.0 所 0
220.021 220.247 62.0 以 0
220.247 221.152 64.0 爱 0
221.248 221.7 64.0 感 0
221.7 222.153 66.0 - 0
222.153 222.605 67.0 情 0
222.605 223.056 66.0 不 0
223.056 223.508 64.0 必 0
223.508 223.734 64.0 拿 0
223.734 224.181 66.0 来 0
224.181 224.846 59.0 慷 0
225.378 225.599 59.0 慨 0
225.599 225.821 61.0 谁 0
225.821 226.046 61.0 也 0
226.046 226.271 61.0 不 0
226.271 226.496 59.0 用 0
226.496 226.945 62.0 给 0
226.978 227.203 61.0 我 0
227.203 227.653 62.0 一 0
227.653 227.875 62.0 个 0
227.875 228.098 62.0 美 0
228.098 228.321 61.0 好 0
228.321 228.766 64.0 时 0
228.783 229.005 62.0 代 0
229.005 229.45 64.0 我 0
229.45 229.899 62.0 要 0
229.899 230.123 59.0 你 0
230.123 232.143 59.0 现 0
232.602 232.826 59.0 在 0
232.826 233.05 61.0 谁 0
233.05 233.275 61.0 也 0
233.275 233.501 61.0 不 0
233.501 233.726 59.0 用 0
233.726 234.176 62.0 给 0
234.189 234.414 61.0 我 0
234.414 234.864 62.0 一 0
234.864 235.083 64.0 个 0
235.083 235.303 62.0 美 0
235.303 235.522 61.0 好 0
235.522 235.961 64.0 时 0
235.963 236.183 62.0 代 0
236.183 236.622 64.0 我 0
236.622 237.537 66.0 要 0
237.537 237.995 58.0 你 0
237.995 239.8 59.0 现 0
