16.483 16.709 59.0 今 0
16.709 17.162 61.0 夜 0
17.162 17.388 59.0 微 0
17.388 17.84 64.0 风 0
17.84 18.292 61.0 轻 0
18.292 19.197 56.0 送 1
20.155 20.382 52.0 把 0
20.382 20.834 56.0 我 0
20.834 21.06 59.0 的 0
21.06 21.512 56.0 心 0
21.512 21.965 56.0 吹 0
21.965 22.869 49.0 动 1
23.814 24.04 49.0 多 0
24.04 24.492 52.0 少 0
24.492 24.718 49.0 尘 0
24.718 25.171 47.0 封 0
25.171 25.623 49.0 的 0
25.623 26.301 52.0 往 0
26.301 26.527 54.0 日 0
26.527 26.98 52.0 情 1
27.428 27.654 52.0 重 0
27.654 28.106 54.0 回 0
28.106 28.333 52.0 到 0
28.333 28.785 49.0 我 0
28.785 29.237 54.0 心 0
29.237 30.142 54.0 中 1
31.02 31.246 59.0 往 0
31.246 31.699 61.0 事 0
31.699 31.925 59.0 随 0
31.925 32.377 64.0 风 0
32.377 32.829 61.0 飘 0
32.829 33.734 56.0 送 1
34.612 34.838 52.0 把 0
34.838 35.29 56.0 我 0
35.29 35.516 59.0 的 0
35.516 35.968 56.0 心 0
35.968 36.421 54.0 刺 0
36.421 37.325 49.0 痛 1
38.185 38.411 49.0 你 0
38.411 38.637 52.0 是 0
38.863 39.089 49.0 那 0
39.089 39.542 47.0 美 0
39.542 39.994 49.0 梦 0
39.994 40.672 52.0 难 0
40.672 40.899 54.0 忘 0
40.899 41.351 52.0 记 1
41.979 42.205 52.0 深 0
42.205 42.431 54.0 藏 0
42.658 42.884 52.0 在 0
42.884 43.336 49.0 记 0
43.336 43.788 54.0 忆 0
43.788 44.693 52.0 中 1
45.412 45.639 59.0 总 0
45.639 46.091 56.0 是 0
46.091 46.317 59.0 要 0
46.317 46.769 56.0 历 0
46.769 47.222 59.0 尽 0
47.222 47.448 59.0 百 0
47.448 47.9 61.0 转 0
47.9 48.126 61.0 和 0
48.126 48.578 61.0 千 0
48.578 49.031 59.0 回 1
49.213 49.439 54.0 才 0
49.439 49.891 56.0 知 0
49.891 50.117 54.0 清 0
50.117 50.57 56.0 深 0
50.57 51.022 59.0 意 0
51.022 51.834 56.0 浓 1
52.797 53.023 56.0 总 0
53.023 53.475 56.0 是 0
53.475 53.702 59.0 要 0
53.702 54.154 56.0 走 0
54.154 54.606 59.0 遍 0
54.606 54.832 59.0 千 0
54.832 55.285 61.0 山 0
55.285 55.511 61.0 和 0
55.511 55.963 61.0 万 0
55.963 56.415 59.0 水 1
56.437 56.663 54.0 才 0
56.663 57.116 56.0 知 0
57.116 57.342 54.0 何 0
57.342 57.794 56.0 去 0
57.794 58.246 59.0 何 0
58.246 59.151 56.0 从 1
59.986 60.665 54.0 为 0
60.665 60.891 56.0 何 0
60.891 61.343 54.0 等 0
61.343 61.796 56.0 到 0
61.796 62.474 59.0 错 0
62.474 62.7 61.0 过 0
62.7 63.152 59.0 多 0
63.152 63.605 61.0 年 0
63.605 64.962 64.0 以 0
64.962 65.414 61.0 - 0
65.414 66.771 64.0 后 1
67.198 67.424 59.0 才 0
67.424 67.876 61.0 明 0
67.876 68.103 61.0 白 0
68.103 68.555 59.0 自 0
68.555 69.007 61.0 己 0
69.007 69.686 59.0 最 0
69.686 69.912 56.0 真 0
69.912 70.364 54.0 的 0
70.364 70.816 56.0 - 0
70.816 72.625 59.0 梦 1
74.537 74.763 59.0 是 0
74.763 75.215 61.0 否 0
75.215 75.441 59.0 还 0
75.441 75.893 64.0 记 0
75.893 76.346 61.0 得 0
76.346 77.25 56.0 我 1
78.018 78.244 52.0 还 0
78.244 78.696 56.0 是 0
78.696 78.922 59.0 已 0
78.922 79.375 56.0 忘 0
79.375 79.827 54.0 了 0
79.827 80.732 49.0 我 1
81.635 82.087 52.0 今 0
82.314 82.54 49.0 夜 0
82.54 82.992 47.0 微 0
82.992 83.444 49.0 风 0
83.444 84.123 52.0 轻 0
84.123 84.349 54.0 轻 0
84.349 84.801 52.0 送 1
85.208 85.435 54.0 吹 0
85.435 85.887 54.0 散 0
85.887 86.113 52.0 了 0
86.113 86.565 49.0 我 0
86.565 87.018 56.0 的 0
87.018 87.922 52.0 梦 1
103.368 103.594 59.0 今 0
103.594 104.046 61.0 夜 0
104.046 104.272 59.0 微 0
104.272 104.725 64.0 风 0
104.725 105.177 61.0 轻 0
105.177 106.081 56.0 送 1
106.921 107.147 52.0 把 0
107.147 107.599 56.0 我 0
107.599 107.826 59.0 的 0
107.826 108.278 56.0 心 0
108.278 108.73 54.0 吹 0
108.73 109.635 49.0 动 1
110.62 110.846 49.0 多 0
110.846 111.299 52.0 少 0
111.299 111.525 49.0 尘 0
111.525 111.977 47.0 封 0
111.977 112.429 49.0 的 0
112.429 113.108 52.0 往 0
113.108 113.334 54.0 日 0
113.334 113.786 52.0 情 1
114.269 114.495 52.0 重 0
114.495 114.947 54.0 回 0
114.947 115.173 52.0 到 0
115.173 115.625 49.0 我 0
115.625 116.078 54.0 心 0
116.078 116.982 54.0 中 1
117.773 117.999 59.0 往 0
117.999 118.451 61.0 事 0
118.451 118.677 59.0 随 0
118.677 119.13 64.0 风 0
119.13 119.582 61.0 飘 0
119.582 120.487 56.0 送 1
121.44 121.666 52.0 把 0
121.666 122.119 56.0 我 0
122.119 122.345 59.0 的 0
122.345 122.797 56.0 心 0
122.797 123.249 54.0 刺 0
123.249 124.154 49.0 痛 1
125.146 125.373 52.0 你 0
125.373 125.599 52.0 是 0
125.825 126.051 49.0 那 0
126.051 126.503 47.0 美 0
126.503 126.956 49.0 梦 0
126.956 127.634 52.0 难 0
127.634 127.86 54.0 忘 0
127.86 128.312 52.0 记 1
128.787 129.013 52.0 深 0
129.013 129.239 54.0 藏 0
129.465 129.691 52.0 在 0
129.691 130.144 49.0 记 0
130.144 130.596 54.0 忆 0
130.596 131.5 52.0 中 1
132.347 132.573 56.0 总 0
132.573 133.025 56.0 是 0
133.025 133.252 59.0 要 0
133.252 133.704 56.0 历 0
133.704 134.156 59.0 尽 0
134.156 134.382 59.0 百 0
134.382 134.834 61.0 转 0
134.834 135.061 61.0 和 0
135.061 135.513 61.0 千 0
135.513 135.965 59.0 回 1
136.025 136.251 54.0 才 0
136.251 136.704 56.0 知 0
136.704 136.93 54.0 清 0
136.93 137.382 56.0 深 0
137.382 137.834 59.0 意 0
137.834 138.647 56.0 浓 1
139.562 139.789 56.0 总 0
139.789 140.241 56.0 是 0
140.241 140.467 59.0 要 0
140.467 140.919 56.0 走 0
140.919 141.372 59.0 遍 0
141.372 141.598 59.0 千 0
141.598 142.05 61.0 山 0
142.05 142.276 61.0 和 0
142.276 142.728 61.0 万 0
142.728 143.181 59.0 水 1
143.185 143.524 56.0 才 0
143.524 143.863 56.0 知 0
143.863 144.089 54.0 何 0
144.089 144.542 56.0 去 0
144.542 144.994 59.0 何 0
144.994 145.898 56.0 从 1
146.746 147.424 54.0 为 0
147.424 147.651 56.0 何 0
147.651 148.103 54.0 等 0
148.103 148.555 56.0 到 0
148.555 149.234 59.0 错 0
149.234 149.46 61.0 过 0
149.46 149.912 59.0 多 0
149.912 150.364 61.0 年 0
150.364 151.721 64.0 以 0
151.721 152.173 61.0 - 0
152.173 153.53 64.0 后 1
154.068 154.294 59.0 才 0
154.294 154.746 61.0 明 0
154.746 154.972 61.0 白 0
154.972 155.424 59.0 自 0
155.424 155.877 61.0 己 0
155.877 156.555 59.0 最 0
156.555 156.781 56.0 真 0
156.781 157.234 54.0 的 0
157.234 157.686 56.0 - 0
157.686 159.495 59.0 梦 1
161.233 161.459 59.0 是 0
161.459 161.912 61.0 否 0
161.912 162.138 59.0 还 0
162.138 162.59 64.0 记 0
162.59 163.042 61.0 得 0
163.042 163.947 56.0 我 1
164.914 165.141 54.0 还 0
165.141 165.593 56.0 是 0
165.593 165.819 59.0 已 0
165.819 166.271 54.0 忘 0
166.271 166.724 56.0 了 0
166.724 167.628 49.0 我 1
168.613 169.065 52.0 今 0
169.291 169.517 49.0 夜 0
169.517 169.97 47.0 微 0
169.97 170.422 49.0 风 0
170.422 171.1 52.0 轻 0
171.1 171.326 54.0 轻 0
171.326 171.779 52.0 送 1
172.135 172.361 52.0 吹 0
172.361 172.813 54.0 散 0
172.813 173.039 52.0 了 0
173.039 173.492 49.0 我 0
173.492 173.944 54.0 的 0
173.944 174.849 52.0 梦 1
