51.103 51.532 58.0 想 0
51.532 51.96 58.0 借 0
51.96 52.389 58.0 天 0
52.389 52.817 58.0 使 0
52.817 53.246 60.0 的 0
53.246 53.674 62.0 翅 0
53.674 54.532 58.0 膀 1
54.574 55.002 58.0 抓 0
55.002 55.431 58.0 住 0
55.431 55.859 58.0 云 0
55.859 56.288 58.0 端 0
56.288 56.716 60.0 的 0
56.716 57.145 58.0 彩 0
57.145 59.716 62.0 虹 1
60.561 60.775 58.0 总 0
60.775 60.989 60.0 在 0
60.989 61.418 62.0 将 0
61.418 61.846 63.0 要 0
61.846 62.275 62.0 触 0
62.275 63.132 60.0 碰 0
63.132 63.561 62.0 时 0
63.561 63.989 60.0 消 0
63.989 64.632 58.0 散 1
64.86 65.289 58.0 错 0
65.289 65.717 58.0 觉 0
65.717 66.146 58.0 的 0
66.146 66.575 58.0 地 0
66.575 67.003 60.0 久 0
67.003 67.432 62.0 天 0
67.432 68.075 58.0 长 1
68.344 68.772 58.0 其 0
68.772 69.201 58.0 实 0
69.201 69.63 58.0 是 0
69.63 70.058 57.0 一 0
70.058 70.487 58.0 无 0
70.487 70.915 57.0 所 0
70.915 73.915 55.0 有 1
76.013 76.442 62.0 童 0
76.442 76.87 70.0 话 0
76.87 77.299 69.0 说 0
77.299 77.727 67.0 雨 0
77.727 78.156 65.0 后 0
78.156 79.013 67.0 会 0
79.013 79.87 67.0 有 0
79.87 80.299 67.0 一 0
80.299 80.727 65.0 道 0
80.727 81.156 62.0 彩 0
81.156 82.442 65.0 虹 1
83.172 83.386 62.0 却 0
83.386 83.814 62.0 不 0
83.814 84.243 65.0 曾 0
84.243 84.672 65.0 说 0
84.672 85.1 62.0 过 0
85.1 85.957 65.0 它 0
85.957 86.386 65.0 也 0
86.386 86.814 65.0 会 0
86.814 87.243 62.0 转 0
87.243 87.672 65.0 瞬 0
87.672 88.1 65.0 成 0
88.1 89.814 70.0 空 1
90.096 90.525 70.0 想 0
90.525 90.953 69.0 要 0
90.953 91.382 67.0 把 0
91.382 91.81 65.0 绚 0
91.81 92.667 67.0 烂 0
92.667 93.096 67.0 紧 0
93.096 93.525 67.0 紧 0
93.525 93.953 67.0 握 0
93.953 94.382 65.0 在 0
94.382 94.81 62.0 手 0
94.81 95.239 67.0 中 0
95.239 96.096 65.0 - 1
96.965 97.394 62.0 忽 0
97.394 97.822 63.0 然 0
97.822 98.251 65.0 发 0
98.251 99.537 58.0 现 0
99.537 99.965 62.0 你 0
99.965 101.251 60.0 已 0
101.251 101.679 58.0 不 0
101.679 104.679 58.0 见 1
133.54 133.969 58.0 站 0
133.969 134.398 58.0 在 0
134.398 134.826 58.0 无 0
134.826 135.255 58.0 尽 0
135.255 135.683 60.0 红 0
135.683 136.112 62.0 尘 0
136.112 136.969 58.0 中 1
136.969 137.398 58.0 仰 0
137.398 137.826 58.0 望 0
137.826 138.255 58.0 曾 0
138.255 138.683 58.0 有 0
138.683 139.112 60.0 你 0
139.112 139.54 58.0 的 0
139.54 139.969 63.0 苍 0
139.969 140.398 62.0 - 0
140.398 142.54 62.0 穹 1
142.929 143.143 58.0 得 0
143.143 143.358 60.0 到 0
143.358 143.786 62.0 以 0
143.786 144.215 63.0 后 0
144.215 144.643 62.0 转 0
144.643 145.5 60.0 眼 0
145.5 145.929 62.0 又 0
145.929 146.358 60.0 落 0
146.358 147.0 58.0 空 1
147.203 147.631 58.0 究 0
147.631 148.06 58.0 竟 0
148.06 148.488 58.0 什 0
148.488 148.917 58.0 么 0
148.917 149.346 60.0 是 0
149.346 149.774 62.0 永 0
149.774 150.417 58.0 恒 1
150.536 150.965 58.0 都 0
150.965 151.393 58.0 无 0
151.393 151.822 58.0 法 0
151.822 152.251 57.0 拥 0
152.251 152.679 58.0 有 0
152.679 153.108 57.0 完 0
153.108 155.251 55.0 整 1
155.646 156.075 55.0 Oh 0
156.075 156.503 58.0 my 0
156.503 158.218 58.0 love 1
158.364 158.792 62.0 我 0
158.792 159.221 70.0 看 0
159.221 159.649 69.0 见 0
159.649 160.078 65.0 希 0
160.078 160.506 65.0 望 0
160.506 161.364 67.0 闪 0
161.364 162.221 67.0 耀 0
162.221 162.649 67.0 在 0
162.649 163.078 65.0 虹 0
163.078 163.506 62.0 之 0
163.506 164.792 65.0 间 1
165.505 165.934 62.0 光 0
165.934 166.362 65.0 芒 0
166.362 166.791 65.0 凝 0
166.791 167.22 62.0 结 0
167.22 168.077 65.0 于 0
168.077 168.505 65.0 你 0
168.505 168.934 65.0 我 0
168.934 169.362 62.0 的 0
169.362 169.791 65.0 那 0
169.791 170.22 65.0 片 0
170.22 171.934 70.0 天 1
172.458 172.887 70.0 不 0
172.887 173.316 69.0 再 0
173.316 173.744 65.0 追 0
173.744 174.173 65.0 问 0
174.173 175.03 67.0 你 0
175.03 175.458 67.0 为 0
175.458 175.887 67.0 何 0
175.887 176.316 67.0 不 0
176.316 176.744 65.0 能 0
176.744 177.173 62.0 停 0
177.173 177.601 67.0 留 0
177.601 178.458 65.0 - 1
179.28 179.708 62.0 微 0
179.708 180.137 63.0 笑 0
180.137 180.565 65.0 看 0
180.565 181.851 58.0 见 0
181.851 182.28 62.0 爱 0
182.28 183.565 60.0 的 0
183.565 183.994 58.0 浮 0
183.994 185.28 58.0 现 1
185.791 186.22 62.0 雨 0
186.22 186.648 70.0 后 0
186.648 187.077 69.0 的 0
187.077 187.505 67.0 天 0
187.505 187.934 65.0 空 0
187.934 188.791 67.0 重 0
188.791 189.648 67.0 又 0
189.648 190.077 67.0 出 0
190.077 190.505 65.0 现 0
190.505 190.934 62.0 彩 0
190.934 192.22 65.0 虹 1
193.092 193.52 62.0 天 0
193.52 193.949 65.0 使 0
193.949 194.378 65.0 的 0
194.378 194.806 62.0 恩 0
194.806 195.663 65.0 惠 0
195.663 196.092 65.0 亲 0
196.092 196.52 65.0 吻 0
196.52 196.949 62.0 着 0
196.949 197.378 65.0 世 0
197.378 197.806 65.0 间 0
197.806 198.235 72.0 万 0
198.235 198.663 70.0 - 0
198.663 199.52 70.0 众 1
199.943 200.372 70.0 不 0
200.372 200.8 69.0 再 0
200.8 201.229 65.0 追 0
201.229 201.657 65.0 问 0
201.657 202.514 67.0 你 0
202.514 202.943 67.0 为 0
202.943 203.372 67.0 何 0
203.372 203.8 67.0 不 0
203.8 204.229 65.0 能 0
204.229 204.657 62.0 停 0
204.657 205.086 67.0 留 0
205.086 205.943 65.0 - 1
206.388 206.816 53.0 放 0
206.816 207.245 62.0 下 0
207.245 207.673 63.0 了 0
207.673 208.102 65.0 执 0
208.102 209.388 58.0 念 0
209.388 209.816 62.0 微 0
209.816 211.102 60.0 笑 0
211.102 211.53 58.0 现 0
211.53 213.245 58.0 在 1
