25.835 26.172 55.0 让 0
26.172 27.21 60.0 我 0
27.21 27.901 62.0 掉 0
27.901 28.247 64.0 下 0
28.247 28.593 67.0 眼 0
28.593 28.939 64.0 泪 0
28.939 29.285 64.0 的 0
30.007 30.352 57.0 不 0
30.352 31.39 60.0 止 0
31.39 31.736 62.0 昨 0
31.736 32.082 60.0 夜 0
32.082 32.428 57.0 的 0
32.428 33.107 55.0 酒 0
34.057 34.397 55.0 让 0
34.397 35.444 60.0 - 0
35.444 36.142 62.0 我 0
36.142 36.491 64.0 依 0
36.491 36.838 69.0 依 0
36.838 37.185 64.0 不 0
37.185 37.532 67.0 舍 0
38.221 38.569 62.0 的 0
38.569 39.256 60.0 不 0
39.256 39.599 60.0 止 0
39.599 40.287 62.0 你 0
40.287 40.63 67.0 的 0
40.63 40.972 64.0 温 0
40.972 41.655 62.0 柔 0
42.504 42.846 64.0 - 0
42.846 43.886 67.0 余 0
43.886 44.233 67.0 路 0
44.233 44.58 64.0 还 0
44.58 44.926 67.0 要 0
44.926 45.274 69.0 走 0
45.274 45.622 72.0 多 0
45.622 45.97 69.0 久 0
46.598 46.946 64.0 你 0
46.946 47.29 62.0 攥 0
47.29 47.633 60.0 - 0
47.633 47.977 60.0 着 0
47.977 48.664 62.0 我 0
48.664 49.008 67.0 的 0
49.008 49.692 64.0 手 0
50.744 51.086 64.0 让 0
51.086 52.123 67.0 我 0
52.468 52.813 64.0 感 0
52.813 53.159 64.0 到 0
53.159 53.505 62.0 为 0
53.505 53.852 60.0 难 0
53.852 54.199 60.0 的 0
54.739 55.086 55.0 是 0
55.086 55.773 62.0 - 0
55.773 56.116 60.0 挣 0
56.116 56.804 64.0 扎 0
56.804 57.147 60.0 的 0
57.147 58.865 60.0 自 0
61.015 61.364 55.0 由 0
61.364 62.398 60.0 分 0
62.398 63.087 62.0 别 0
63.087 63.431 64.0 总 0
63.431 63.776 67.0 是 0
63.776 64.121 64.0 在 0
64.121 64.465 64.0 九 0
65.278 65.623 57.0 月 0
65.623 66.308 60.0 回 0
66.308 66.651 60.0 忆 0
66.651 66.994 62.0 是 0
66.994 67.508 60.0 思 0
67.508 67.68 57.0 念 0
67.68 68.369 55.0 的 0
69.366 69.71 55.0 愁 0
69.71 70.745 60.0 深 0
70.745 71.434 62.0 秋 0
71.434 71.779 64.0 嫩 0
71.779 72.124 69.0 绿 0
72.124 72.469 64.0 的 0
72.469 72.641 64.0 垂 0
72.641 72.986 67.0 柳 0
73.468 73.813 64.0 - 0
73.813 74.503 60.0 亲 0
74.503 74.848 60.0 吻 0
74.848 75.537 62.0 着 0
75.537 75.882 67.0 我 0
75.882 76.227 62.0 额 0
76.227 76.917 62.0 头 0
77.575 77.92 64.0 在 0
77.92 78.61 67.0 - 0
78.61 78.955 67.0 那 0
78.955 79.299 67.0 座 0
79.299 79.644 64.0 阴 0
79.644 79.989 67.0 雨 0
79.989 80.592 69.0 的 0
80.679 81.024 72.0 小 0
81.024 81.368 69.0 城 0
81.785 82.13 64.0 里 0
82.13 82.475 62.0 我 0
82.475 82.82 60.0 从 0
82.82 83.164 60.0 未 0
83.164 83.854 62.0 忘 0
83.854 84.199 67.0 记 0
84.199 85.233 64.0 你 0
85.777 86.122 64.0 成 0
86.122 87.501 67.0 - 0
87.846 88.018 64.0 都 0
88.018 88.191 62.0 带 0
88.191 88.536 57.0 - 0
88.536 88.881 60.0 不 0
89.225 89.915 60.0 走 0
89.915 90.26 62.0 的 0
90.26 92.329 60.0 只 0
94.1 94.445 64.0 有 0
94.445 95.134 67.0 你 0
95.134 95.479 67.0 和 0
95.479 95.824 67.0 我 0
95.824 96.169 64.0 到 0
96.169 96.514 67.0 成 0
96.514 97.203 69.0 都 0
97.203 97.548 69.0 的 0
97.548 98.238 64.0 街 0
98.238 98.583 62.0 头 0
98.583 99.272 60.0 走 0
99.575 100.265 62.0 一 0
100.265 101.299 64.0 走 0
102.431 102.776 64.0 哦 0
102.776 103.81 67.0 直 0
103.81 104.155 67.0 到 0
104.155 104.5 64.0 所 0
104.5 104.845 67.0 有 0
104.845 105.534 69.0 的 0
105.534 105.879 69.0 灯 0
105.879 106.569 64.0 都 0
106.569 106.914 60.0 熄 0
106.914 107.258 60.0 灭 0
107.603 107.948 60.0 了 0
107.948 108.638 62.0 也 0
108.638 108.983 64.0 不 0
108.983 109.327 62.0 停 0
109.327 110.017 60.0 留 0
110.665 110.837 57.0 你 0
110.837 111.01 57.0 - 0
111.01 111.702 60.0 会 0
111.702 112.048 60.0 挽 0
112.048 112.394 62.0 着 0
112.394 112.74 62.0 我 0
112.74 113.086 67.0 的 0
113.086 113.776 64.0 衣 0
114.767 114.94 64.0 袖 0
114.94 115.112 67.0 我 0
115.112 115.802 69.0 会 0
115.802 116.147 67.0 把 0
116.147 116.492 69.0 手 0
116.492 116.836 67.0 揣 0
116.836 117.181 62.0 进 0
117.181 117.871 64.0 裤 0
118.939 119.284 60.0 兜 0
119.284 119.974 62.0 走 0
119.974 120.319 62.0 到 0
120.319 120.664 62.0 玉 0
120.664 121.008 60.0 林 0
121.008 121.353 57.0 路 0
121.353 122.043 62.0 的 0
122.043 122.388 62.0 尽 0
122.388 122.733 62.0 头 0
123.072 123.417 60.0 坐 0
123.417 123.762 62.0 - 0
123.762 124.107 62.0 在 0
124.107 124.452 62.0 小 0
124.452 124.796 62.0 酒 0
124.796 125.141 64.0 馆 0
125.141 125.486 69.0 的 0
125.486 128.245 67.0 门 0
162.498 162.843 55.0 口 0
162.843 163.877 60.0 分 0
163.877 164.567 62.0 别 0
164.567 164.912 64.0 总 0
164.912 165.256 67.0 是 0
165.256 165.601 64.0 在 0
165.601 165.946 64.0 九 0
166.625 166.97 57.0 月 0
166.97 167.659 60.0 回 0
167.659 168.004 60.0 忆 0
168.004 168.349 62.0 是 0
168.349 168.866 60.0 思 0
168.866 169.039 57.0 念 0
169.039 169.728 55.0 的 0
170.79 171.134 55.0 愁 0
171.134 172.169 60.0 深 0
172.169 172.859 62.0 秋 0
172.859 173.203 64.0 嫩 0
173.203 173.548 69.0 绿 0
173.548 173.893 64.0 的 0
173.893 174.238 67.0 垂 0
174.432 174.777 64.0 柳 0
174.777 175.121 62.0 亲 0
175.121 175.811 60.0 - 0
175.811 176.156 60.0 吻 0
176.156 176.846 62.0 着 0
176.846 177.19 67.0 我 0
177.19 177.535 64.0 额 0
177.535 178.225 62.0 头 0
178.941 179.286 64.0 - 0
179.286 179.976 67.0 在 0
179.976 180.321 67.0 那 0
180.321 180.666 67.0 座 0
180.666 181.01 64.0 阴 0
181.01 181.355 67.0 雨 0
181.355 182.045 69.0 的 0
182.045 182.39 72.0 小 0
182.39 182.735 69.0 城 0
183.039 183.384 64.0 里 0
183.384 183.729 62.0 我 0
183.729 184.074 60.0 从 0
184.074 184.419 60.0 未 0
184.419 185.108 62.0 忘 0
185.108 185.453 67.0 记 0
185.453 186.488 64.0 你 0
187.171 187.516 64.0 成 0
187.516 188.895 67.0 都 0
189.24 189.413 64.0 带 0
189.413 189.585 62.0 不 0
189.585 189.93 57.0 走 0
189.93 190.275 60.0 的 0
190.62 191.309 60.0 只 0
191.309 191.654 60.0 有 0
191.654 193.378 60.0 你 0
195.601 195.946 64.0 和 0
195.946 196.636 67.0 我 0
196.636 196.981 67.0 到 0
196.981 197.325 67.0 成 0
197.325 197.67 64.0 都 0
197.67 198.015 67.0 的 0
198.015 198.705 69.0 街 0
198.705 199.049 69.0 头 0
199.049 199.739 64.0 走 0
199.739 200.084 62.0 一 0
200.084 200.774 60.0 走 0
201.071 201.761 62.0 哦 0
201.761 202.796 64.0 - 0
203.748 204.093 64.0 - 0
204.093 205.127 67.0 直 0
205.127 205.472 67.0 到 0
205.472 205.817 64.0 所 0
205.817 206.162 67.0 有 0
206.162 206.852 69.0 的 0
206.852 207.196 69.0 灯 0
207.196 207.886 64.0 都 0
207.886 208.231 60.0 熄 0
208.231 208.576 60.0 灭 0
208.92 209.265 60.0 了 0
209.265 209.955 62.0 也 0
209.955 210.3 64.0 不 0
210.3 210.645 62.0 停 0
210.645 211.334 60.0 留 0
212.007 212.179 57.0 你 0
212.179 212.352 57.0 - 0
212.352 213.041 60.0 会 0
213.041 213.386 60.0 挽 0
213.386 213.731 62.0 着 0
213.731 214.076 62.0 我 0
214.076 214.421 67.0 的 0
214.421 215.11 64.0 衣 0
216.281 216.453 64.0 袖 0
216.453 216.626 67.0 我 0
216.626 217.315 69.0 会 0
217.315 217.66 67.0 把 0
217.66 218.005 69.0 手 0
218.005 218.35 67.0 揣 0
218.35 218.695 62.0 进 0
218.695 219.384 64.0 裤 0
220.331 220.676 60.0 兜 0
220.676 221.365 62.0 走 0
221.365 221.71 62.0 到 0
221.71 222.055 62.0 玉 0
222.055 222.4 60.0 林 0
222.4 222.745 57.0 - 0
222.745 223.434 62.0 路 0
223.434 223.779 64.0 的 0
223.779 224.124 62.0 尽 0
224.418 224.763 60.0 头 0
224.763 225.107 62.0 坐 0
225.107 225.452 62.0 在 0
225.452 225.797 62.0 小 0
225.797 226.142 62.0 酒 0
226.142 226.487 64.0 馆 0
226.487 226.832 69.0 的 0
226.832 228.211 67.0 门 0
228.623 228.967 64.0 口 0
228.967 229.657 67.0 和 0
229.657 230.002 67.0 我 0
230.002 230.347 67.0 到 0
230.347 230.692 64.0 成 0
230.692 231.036 67.0 都 0
231.036 231.726 69.0 的 0
231.726 232.071 69.0 街 0
232.071 232.761 64.0 头 0
232.761 233.105 62.0 走 0
233.105 233.795 60.0 一 0
234.229 234.919 62.0 走 0
234.919 236.298 64.0 哦 0
236.834 237.178 64.0 直 0
237.178 238.213 67.0 - 0
238.213 238.558 67.0 到 0
238.558 238.902 64.0 所 0
238.902 239.247 67.0 有 0
239.247 239.937 69.0 的 0
239.937 240.282 69.0 灯 0
240.282 240.971 64.0 都 0
240.971 241.316 62.0 熄 0
241.316 241.661 60.0 灭 0
242.006 242.351 60.0 了 0
242.351 243.04 62.0 也 0
243.04 243.385 64.0 不 0
243.385 243.73 62.0 停 0
243.73 244.42 60.0 留 0
245.185 245.358 57.0 - 0
245.358 245.53 57.0 你 0
245.53 246.22 60.0 会 0
246.22 246.565 60.0 挽 0
246.565 246.91 62.0 着 0
246.91 247.254 62.0 我 0
247.254 247.599 67.0 的 0
247.599 248.289 64.0 衣 0
249.334 249.507 64.0 袖 0
249.507 249.679 67.0 我 0
249.679 250.369 69.0 会 0
250.369 250.714 67.0 把 0
250.714 251.058 69.0 手 0
251.058 251.403 67.0 揣 0
251.403 251.748 62.0 进 0
251.748 252.438 64.0 裤 0
253.533 253.878 60.0 兜 0
253.878 254.568 62.0 走 0
254.568 254.913 62.0 到 0
254.913 255.257 62.0 玉 0
255.257 255.602 60.0 林 0
255.602 255.947 57.0 路 0
255.947 256.637 62.0 的 0
256.637 256.982 62.0 尽 0
256.982 257.326 62.0 头 0
257.661 258.006 60.0 坐 0
258.006 258.351 62.0 在 0
258.351 258.696 62.0 小 0
258.696 259.04 62.0 酒 0
259.04 259.385 62.0 馆 0
259.385 259.73 64.0 的 0
259.73 260.075 69.0 门 0
260.075 262.834 67.0 口 0
