23.02 23.353 59.0 晚 0
23.356 23.521 62.0 风 0
23.692 23.857 62.0 轻 0
24.028 24.277 62.0 拂 0
24.364 24.697 64.0 澎 0
24.7 24.865 67.0 湖 0
24.868 25.369 64.0 湾 0
25.372 25.537 62.0 - 1
25.878 26.127 67.0 白 0
26.214 26.463 67.0 浪 0
26.55 26.799 67.0 逐 0
26.886 27.135 64.0 沙 0
27.221 27.555 62.0 滩 1
28.455 28.704 71.0 没 0
28.791 28.956 71.0 有 0
29.127 29.376 71.0 椰 0
29.463 29.796 71.0 林 0
29.799 30.132 72.0 缀 0
30.135 30.468 71.0 斜 0
30.471 30.804 69.0 阳 0
30.807 31.056 67.0 - 1
31.19 31.355 67.0 只 0
31.358 31.439 69.0 是 0
31.526 31.607 69.0 一 0
31.694 31.775 69.0 片 0
31.862 32.111 69.0 海 0
32.198 32.531 71.0 蓝 0
32.534 33.455 69.0 蓝 1
33.835 34.169 71.0 坐 0
34.171 34.421 71.0 在 0
34.507 34.672 71.0 门 0
34.675 34.924 71.0 前 0
35.011 35.176 71.0 的 0
35.179 35.512 72.0 矮 0
35.515 35.848 71.0 墙 0
35.851 36.184 69.0 上 0
36.187 36.436 67.0 - 1
36.584 36.917 64.0 一 0
36.92 37.001 65.0 遍 0
37.004 37.169 67.0 遍 0
37.256 37.505 67.0 - 0
37.592 37.757 64.0 怀 0
37.76 38.933 62.0 想 1
39.33 39.579 71.0 也 0
39.665 39.831 71.0 是 0
40.001 40.167 71.0 黄 0
40.169 40.335 71.0 昏 0
40.505 40.587 71.0 的 0
40.673 41.006 72.0 沙 0
41.009 41.342 71.0 滩 0
41.345 41.678 69.0 上 0
41.681 41.93 67.0 - 1
41.992 42.073 62.0 有 0
42.16 42.241 62.0 着 0
42.328 42.409 62.0 脚 0
42.496 42.577 62.0 印 0
42.664 42.997 69.0 两 0
43.0 43.333 66.0 对 0
43.336 44.341 67.0 半 1
44.675 45.008 59.0 那 0
45.011 45.26 62.0 是 0
45.347 45.596 62.0 外 0
45.683 45.932 62.0 婆 0
46.018 46.352 64.0 拄 0
46.354 46.52 67.0 着 0
46.522 47.024 64.0 杖 0
47.026 47.275 62.0 - 1
47.28 47.529 67.0 将 0
47.616 47.697 67.0 我 0
47.784 47.865 67.0 手 0
47.952 48.285 67.0 轻 0
48.288 48.537 64.0 轻 0
48.624 49.629 62.0 挽 1
50.024 50.273 71.0 踩 0
50.36 50.609 71.0 着 0
50.696 50.945 71.0 薄 0
51.032 51.365 71.0 幕 0
51.368 51.701 72.0 走 0
51.704 52.037 71.0 向 0
52.039 52.373 69.0 余 0
52.375 52.709 67.0 辉 1
52.709 52.791 69.0 暖 0
52.877 53.127 69.0 暖 0
53.213 53.294 69.0 的 0
53.381 53.546 69.0 澎 0
53.717 53.966 69.0 湖 0
54.053 55.142 69.0 湾 1
55.416 55.665 71.0 一 0
55.752 56.001 71.0 个 0
56.088 56.169 71.0 脚 0
56.256 56.421 71.0 印 0
56.592 56.673 71.0 是 0
56.76 57.093 72.0 笑 0
57.096 57.345 71.0 语 0
57.432 57.597 67.0 一 0
57.768 58.101 67.0 串 1
58.108 58.357 64.0 消 0
58.359 58.525 67.0 磨 0
58.611 58.693 67.0 许 0
58.779 59.029 67.0 多 0
59.115 59.365 64.0 时 0
59.451 60.204 62.0 光 1
60.817 61.066 71.0 直 0
61.153 61.318 71.0 到 0
61.489 61.654 71.0 夜 0
61.825 62.158 71.0 色 0
62.161 62.494 72.0 吞 0
62.497 62.83 71.0 没 0
62.833 62.998 69.0 我 0
63.001 63.334 67.0 俩 1
63.338 63.503 67.0 在 0
63.506 63.671 62.0 回 0
63.842 64.175 62.0 家 0
64.178 64.511 69.0 的 0
64.513 64.847 66.0 路 0
64.849 65.854 67.0 上 1
66.1 66.685 66.0 澎 0
66.772 67.105 66.0 湖 0
67.108 67.441 67.0 - 0
67.444 68.029 69.0 湾 0
68.116 68.533 62.0 - 0
68.788 69.121 67.0 澎 0
69.124 69.373 62.0 - 0
69.46 69.793 67.0 湖 0
69.796 70.129 69.0 - 0
70.132 70.801 71.0 湾 0
70.803 71.221 69.0 - 1
71.398 71.648 72.0 外 0
71.734 72.403 72.0 婆 0
72.406 72.739 71.0 的 0
72.742 73.075 69.0 澎 0
73.078 73.327 67.0 - 0
73.414 73.747 66.0 湖 0
73.75 73.999 67.0 - 0
74.086 75.091 69.0 湾 0
75.094 76.435 69.0 - 1
76.866 77.199 69.0 有 0
77.201 77.619 71.0 - 0
77.873 78.206 71.0 我 0
78.209 78.626 72.0 许 0
78.881 79.214 72.0 多 0
79.385 79.466 72.0 的 0
79.553 79.886 71.0 童 0
79.889 80.222 69.0 年 0
80.225 80.558 67.0 幻 0
80.561 80.894 66.0 - 0
80.897 81.902 64.0 想 1
82.212 82.461 62.0 阳 0
82.548 82.881 62.0 光 0
83.555 83.805 67.0 沙 0
83.891 84.476 67.0 滩 0
84.899 85.568 69.0 海 0
85.571 86.156 67.0 浪 0
86.243 86.66 69.0 仙 0
86.915 87.248 67.0 人 0
87.251 87.584 69.0 - 0
87.587 88.088 71.0 掌 1
88.347 88.68 74.0 还 0
88.683 89.016 72.0 有 0
89.019 89.856 71.0 一 0
89.858 90.024 67.0 - 0
90.026 90.36 67.0 位 0
90.362 90.779 66.0 老 0
91.034 91.367 67.0 船 0
91.37 91.619 69.0 - 0
91.706 94.391 67.0 长 1
105.216 105.549 59.0 晚 0
105.552 105.717 62.0 风 0
105.888 106.053 62.0 轻 0
106.224 106.473 62.0 拂 0
106.56 106.893 64.0 澎 0
106.896 107.061 67.0 湖 0
107.063 107.565 64.0 湾 0
107.567 107.733 62.0 - 1
107.745 107.995 67.0 白 0
108.081 108.33 67.0 浪 0
108.417 108.666 67.0 逐 0
108.753 109.002 64.0 沙 0
109.089 109.422 62.0 滩 1
110.455 110.704 71.0 没 0
110.791 110.956 71.0 有 0
111.127 111.376 71.0 椰 0
111.463 111.796 71.0 林 0
111.799 112.132 72.0 缀 0
112.135 112.468 71.0 斜 0
112.471 112.804 69.0 阳 0
112.807 113.056 67.0 - 1
113.132 113.298 67.0 只 0
113.3 113.382 69.0 是 0
113.468 113.55 69.0 一 0
113.636 113.718 69.0 片 0
113.804 114.054 69.0 海 0
114.14 114.473 71.0 蓝 0
114.476 115.397 69.0 蓝 1
115.835 116.168 71.0 坐 0
116.171 116.42 71.0 在 0
116.507 116.672 71.0 门 0
116.675 116.924 71.0 前 0
117.011 117.176 71.0 的 0
117.179 117.512 72.0 矮 0
117.515 117.848 71.0 墙 0
117.851 118.184 69.0 上 0
118.187 118.436 67.0 - 1
118.65 118.983 64.0 一 0
118.986 119.235 67.0 遍 0
119.322 119.571 67.0 遍 0
119.657 119.907 64.0 怀 0
119.993 120.998 62.0 想 1
121.297 121.546 71.0 也 0
121.633 121.798 71.0 是 0
121.969 122.134 71.0 黄 0
122.137 122.302 71.0 昏 0
122.473 122.554 71.0 的 0
122.641 122.974 72.0 沙 0
122.977 123.31 71.0 滩 0
123.313 123.646 69.0 上 0
123.649 123.898 67.0 - 1
123.933 124.014 62.0 有 0
124.101 124.182 62.0 着 0
124.269 124.35 62.0 脚 0
124.437 124.518 62.0 印 0
124.605 124.938 69.0 两 0
124.941 125.274 66.0 对 0
125.277 126.282 67.0 半 1
126.612 126.945 59.0 那 0
126.948 127.197 62.0 是 0
127.284 127.533 62.0 外 0
127.62 127.953 62.0 婆 0
127.956 128.289 64.0 拄 0
128.292 128.457 67.0 着 0
128.46 128.961 64.0 杖 0
128.964 129.213 62.0 - 1
129.272 129.521 67.0 将 0
129.608 129.689 67.0 我 0
129.776 129.857 67.0 手 0
129.944 130.277 67.0 轻 0
130.28 130.529 64.0 轻 0
130.616 131.621 62.0 挽 1
131.912 132.162 71.0 踩 0
132.248 132.498 71.0 着 0
132.584 132.834 71.0 薄 0
132.92 133.253 71.0 幕 0
133.256 133.589 72.0 走 0
133.592 133.925 71.0 向 0
133.928 134.261 69.0 余 0
134.264 134.597 67.0 辉 1
134.721 134.802 69.0 暖 0
134.889 135.138 69.0 暖 0
135.225 135.306 69.0 的 0
135.393 135.558 69.0 澎 0
135.729 135.978 69.0 湖 0
136.065 137.154 69.0 湾 1
137.361 137.61 71.0 一 0
137.697 137.946 71.0 个 0
138.032 138.114 71.0 脚 0
138.2 138.366 71.0 印 0
138.536 138.618 71.0 是 0
138.704 139.038 72.0 笑 0
139.04 139.289 71.0 语 0
139.376 139.541 67.0 一 0
139.712 140.045 67.0 串 1
140.051 140.3 64.0 消 0
140.303 140.468 67.0 磨 0
140.555 140.636 67.0 许 0
140.723 140.972 67.0 多 0
141.059 141.308 64.0 时 0
141.395 142.148 62.0 光 1
142.743 142.992 71.0 直 0
143.079 143.244 71.0 到 0
143.415 143.58 71.0 夜 0
143.751 144.084 71.0 色 0
144.087 144.42 72.0 吞 0
144.422 144.756 71.0 没 0
144.758 144.924 69.0 我 0
144.926 145.26 67.0 俩 1
145.354 145.519 67.0 在 0
145.522 145.687 62.0 回 0
145.858 146.191 62.0 家 0
146.194 146.527 69.0 的 0
146.53 146.863 66.0 路 0
146.866 147.871 67.0 上 1
148.098 148.683 66.0 澎 0
148.77 149.103 66.0 湖 0
149.106 149.439 67.0 - 0
149.442 150.027 69.0 湾 0
150.114 150.531 62.0 - 0
150.785 151.119 67.0 澎 0
151.121 151.371 62.0 - 0
151.457 151.79 67.0 湖 0
151.793 152.126 69.0 - 0
152.129 152.798 71.0 湾 0
152.801 153.218 69.0 - 1
153.41 153.659 72.0 外 0
153.746 154.415 72.0 婆 0
154.418 154.751 71.0 的 0
154.754 155.087 69.0 澎 0
155.09 155.339 67.0 - 0
155.426 155.759 66.0 湖 0
155.762 156.011 67.0 - 0
156.098 157.103 69.0 湾 0
157.105 158.446 69.0 - 1
158.911 159.244 69.0 有 0
159.247 159.664 71.0 - 0
159.919 160.252 71.0 我 0
160.255 160.672 72.0 许 0
160.927 161.26 72.0 多 0
161.431 161.512 72.0 的 0
161.599 161.932 71.0 童 0
161.935 162.268 69.0 年 0
162.271 162.604 67.0 幻 0
162.607 162.94 66.0 - 0
162.942 163.948 64.0 想 1
164.169 164.418 62.0 阳 0
164.505 164.838 62.0 光 0
165.513 165.762 67.0 沙 0
165.849 166.434 67.0 滩 0
166.857 167.526 69.0 海 0
167.529 168.114 67.0 浪 0
168.201 168.618 69.0 仙 0
168.873 169.206 67.0 人 0
169.208 169.542 69.0 - 0
169.544 170.046 71.0 掌 1
170.303 170.636 74.0 还 0
170.639 170.972 72.0 有 0
170.975 171.77 71.0 一 0
171.857 171.938 67.0 - 0
171.983 172.316 67.0 位 0
172.319 172.736 66.0 老 0
172.991 173.324 67.0 船 0
173.327 173.576 69.0 - 0
173.663 176.348 67.0 长 1
