33.466 33.715 64.0 为 0
33.717 33.966 66.0 你 0
33.968 34.217 64.0 我 0
34.219 34.531 62.0 受 0
34.533 34.97 59.0 冷 0
34.972 35.284 62.0 风 0
35.349 36.728 62.0 吹 1
37.418 37.667 59.0 寂 0
37.669 37.855 62.0 寞 0
37.92 38.169 62.0 时 0
38.171 38.42 64.0 候 0
38.422 38.796 62.0 流 0
38.799 39.173 59.0 眼 0
39.175 40.805 57.0 泪 1
41.346 41.594 57.0 有 0
41.597 41.846 59.0 人 0
41.848 42.097 57.0 问 0
42.099 42.348 55.0 我 0
42.35 42.599 57.0 是 0
42.601 42.85 52.0 与 0
42.852 43.603 55.0 非 1
44.175 44.424 55.0 说 0
44.426 44.675 57.0 是 0
44.677 44.926 52.0 与 0
44.928 45.679 55.0 非 1
45.96 46.147 55.0 可 0
46.211 46.398 55.0 是 0
46.462 46.649 55.0 谁 0
46.713 46.9 55.0 又 0
46.965 47.151 55.0 真 0
47.216 47.465 55.0 的 0
47.467 47.967 62.0 关 0
47.969 48.218 64.0 心 0
48.22 48.72 59.0 谁 0
48.722 49.347 57.0 - 1
49.54 49.789 64.0 若 0
49.791 49.977 64.0 是 0
50.042 50.291 64.0 爱 0
50.293 50.542 59.0 已 0
50.544 50.916 64.0 不 0
50.918 51.289 59.0 可 0
51.291 52.658 62.0 为 1
53.274 53.458 50.0 你 0
53.46 53.707 59.0 明 0
53.772 54.019 59.0 白 0
54.021 54.268 62.0 说 0
54.27 54.517 59.0 吧 0
54.519 54.703 62.0 无 0
54.768 55.014 62.0 所 0
55.017 56.882 57.0 谓 1
57.392 57.577 62.0 不 0
57.641 57.888 62.0 必 0
57.89 58.137 64.0 给 0
58.139 58.386 62.0 我 0
58.388 58.635 67.0 安 0
58.637 59.257 64.0 慰 1
59.411 59.595 62.0 何 0
59.66 59.907 62.0 必 0
59.909 60.156 64.0 怕 0
60.158 60.405 62.0 我 0
60.407 60.654 67.0 伤 0
60.656 61.151 64.0 悲 1
61.64 61.887 62.0 就 0
61.889 62.136 64.0 当 0
62.138 62.385 62.0 我 0
62.387 62.634 67.0 从 0
62.636 62.883 64.0 此 0
62.885 63.132 67.0 收 0
63.134 63.381 64.0 起 0
63.383 63.755 67.0 真 0
63.881 64.128 67.0 情 1
64.14 64.387 67.0 谁 0
64.389 64.651 69.0 - 0
64.653 64.916 71.0 也 0
64.918 65.18 69.0 不 0
65.182 65.869 62.0 给 1
66.113 66.394 62.0 我 0
66.396 66.677 64.0 会 0
66.679 66.937 71.0 试 0
66.939 67.197 69.0 着 0
67.199 67.456 71.0 放 0
67.459 67.716 69.0 下 0
67.718 68.301 71.0 往 0
68.303 68.56 74.0 事 1
68.564 68.951 69.0 管 0
69.018 69.211 69.0 它 0
69.278 69.47 69.0 过 0
69.538 69.795 69.0 去 0
69.797 70.704 71.0 有 0
70.771 71.206 74.0 多 0
71.208 72.818 67.0 美 1
74.197 74.443 67.0 也 0
74.445 74.691 69.0 会 0
74.693 74.939 71.0 试 0
74.941 75.187 69.0 着 0
75.189 75.435 71.0 不 0
75.437 75.683 69.0 去 0
75.685 75.869 71.0 想 0
75.933 76.303 71.0 起 1
76.346 76.592 71.0 你 0
76.594 76.716 69.0 如 0
76.842 76.964 69.0 何 0
77.09 77.211 69.0 用 0
77.337 77.583 69.0 爱 0
77.585 78.079 76.0 将 0
78.081 78.638 74.0 我 0
78.638 79.071 69.0 包 0
79.073 80.063 67.0 围 1
80.555 80.806 67.0 那 0
80.808 81.258 66.0 深 0
81.261 81.582 66.0 情 0
81.584 82.034 66.0 的 0
82.036 82.745 67.0 滋 0
82.748 84.762 64.0 味 0
84.764 85.5 62.0 - 1
85.774 86.018 71.0 但 0
86.02 86.264 69.0 愿 0
86.266 86.51 67.0 我 0
86.512 86.756 69.0 会 0
86.758 87.006 71.0 就 0
87.008 87.256 69.0 此 0
87.258 87.506 71.0 放 0
87.508 87.756 69.0 下 0
87.758 88.256 71.0 往 0
88.258 88.506 74.0 事 1
88.546 88.919 69.0 忘 0
89.046 89.231 69.0 了 0
89.296 89.481 69.0 过 0
89.546 89.731 69.0 去 0
89.796 90.794 71.0 有 0
90.796 91.169 74.0 多 0
91.171 92.669 67.0 美 1
94.268 94.516 67.0 不 0
94.518 94.766 69.0 盼 0
94.768 95.016 71.0 缘 0
95.018 95.266 69.0 尽 0
95.268 95.516 71.0 仍 0
95.518 95.766 69.0 留 0
95.768 95.953 71.0 慈 0
96.018 96.391 74.0 悲 1
96.489 96.737 67.0 虽 0
96.739 96.924 69.0 然 0
96.989 97.174 69.0 我 0
97.239 97.424 69.0 曾 0
97.489 97.737 69.0 经 0
97.739 98.112 76.0 这 0
98.114 98.612 74.0 样 0
98.739 99.174 66.0 以 0
99.239 100.362 67.0 为 1
100.495 100.743 67.0 我 0
100.745 101.18 66.0 真 0
101.245 101.555 66.0 的 0
101.557 102.055 67.0 这 0
102.057 102.68 66.0 样 0
102.745 103.118 62.0 以 0
103.245 104.743 64.0 为 0
104.745 106.993 69.0 - 1
135.881 136.135 64.0 为 0
136.137 136.391 66.0 你 0
136.393 136.648 64.0 我 0
136.65 136.966 62.0 受 0
136.968 137.396 59.0 冷 0
137.398 137.642 62.0 风 0
137.705 139.056 62.0 吹 1
139.833 140.083 59.0 寂 0
140.085 140.272 62.0 寞 0
140.337 140.587 62.0 时 0
140.589 140.839 64.0 候 0
140.841 141.09 62.0 流 0
141.092 141.34 59.0 眼 0
141.342 142.965 57.0 泪 1
143.704 143.952 57.0 有 0
143.954 144.202 59.0 人 0
144.204 144.452 57.0 问 0
144.454 144.702 55.0 我 0
144.704 144.953 57.0 是 0
144.955 145.203 52.0 与 0
145.205 145.953 55.0 非 1
146.608 146.856 55.0 说 0
146.858 147.107 57.0 是 0
147.109 147.357 52.0 与 0
147.359 148.107 55.0 非 1
148.208 148.394 55.0 可 0
148.458 148.644 55.0 是 0
148.708 148.894 55.0 谁 0
148.959 149.144 55.0 又 0
149.209 149.394 55.0 真 0
149.459 149.707 55.0 的 0
149.709 150.207 62.0 关 0
150.209 150.457 64.0 心 0
150.459 150.958 59.0 谁 0
150.96 151.583 57.0 - 1
151.753 152.001 64.0 若 0
152.003 152.189 64.0 是 0
152.253 152.501 64.0 爱 0
152.503 152.751 59.0 已 0
152.753 153.127 64.0 不 0
153.129 153.502 59.0 可 0
153.504 154.877 62.0 为 1
155.482 155.667 50.0 你 0
155.669 155.917 59.0 明 0
155.982 156.23 59.0 白 0
156.232 156.48 62.0 说 0
156.482 156.73 59.0 吧 0
156.732 156.918 62.0 无 0
156.983 157.231 62.0 所 0
157.233 157.981 64.0 谓 0
157.983 159.357 57.0 - 1
159.691 159.876 62.0 不 0
159.941 160.189 62.0 必 0
160.191 160.439 64.0 给 0
160.441 160.689 62.0 我 0
160.691 160.94 67.0 安 0
160.942 161.565 64.0 慰 1
161.802 161.987 62.0 何 0
162.052 162.3 62.0 必 0
162.302 162.55 64.0 怕 0
162.552 162.8 62.0 我 0
162.802 163.051 67.0 伤 0
163.053 163.551 64.0 悲 1
164.083 164.331 62.0 就 0
164.333 164.581 64.0 当 0
164.583 164.831 62.0 我 0
164.833 165.082 67.0 从 0
165.084 165.332 64.0 此 0
165.334 165.582 67.0 收 0
165.584 165.832 64.0 起 0
165.834 166.207 67.0 真 0
166.334 166.582 67.0 情 1
166.605 167.104 69.0 谁 0
167.106 167.354 71.0 也 0
167.356 167.604 69.0 不 0
167.606 168.229 62.0 给 1
168.27 168.518 62.0 我 0
168.52 168.768 64.0 会 0
168.77 169.019 71.0 试 0
169.021 169.269 69.0 着 0
169.271 169.519 71.0 放 0
169.521 169.769 69.0 下 0
169.771 170.332 71.0 往 0
170.334 170.582 74.0 事 1
170.584 170.957 69.0 管 0
171.022 171.207 69.0 它 0
171.272 171.457 69.0 过 0
171.522 171.77 69.0 去 0
171.772 172.645 71.0 有 0
172.71 173.146 74.0 多 0
173.148 174.771 67.0 美 1
176.189 176.437 67.0 也 0
176.439 176.687 69.0 会 0
176.689 176.938 71.0 试 0
176.94 177.188 69.0 着 0
177.19 177.438 71.0 不 0
177.44 177.688 69.0 去 0
177.69 177.875 71.0 想 0
177.94 178.313 71.0 起 1
178.563 178.811 71.0 你 0
178.813 178.936 69.0 如 0
179.064 179.187 69.0 何 0
179.314 179.437 69.0 用 0
179.564 179.812 69.0 爱 0
179.814 180.312 76.0 将 0
180.314 180.812 74.0 我 0
180.814 181.313 69.0 包 0
181.315 182.313 67.0 围 1
182.48 182.728 67.0 那 0
182.73 183.166 66.0 深 0
183.231 183.479 66.0 情 0
183.481 183.916 66.0 的 0
183.981 184.667 71.0 滋 0
184.731 186.73 64.0 味 0
186.732 187.481 62.0 - 1
187.831 188.079 71.0 但 0
188.081 188.329 69.0 愿 0
188.331 188.579 67.0 我 0
188.581 188.829 69.0 会 0
188.831 189.08 71.0 就 0
189.082 189.33 69.0 此 0
189.332 189.58 71.0 放 0
189.582 189.83 69.0 下 0
189.832 190.33 71.0 往 0
190.332 190.58 74.0 事 1
190.624 190.997 69.0 忘 0
191.125 191.31 69.0 了 0
191.375 191.56 69.0 过 0
191.625 191.81 69.0 去 0
191.875 192.811 71.0 有 0
192.813 193.249 74.0 多 0
193.251 194.749 67.0 美 1
196.336 196.584 67.0 不 0
196.586 196.834 69.0 盼 0
196.836 197.085 71.0 缘 0
197.087 197.335 69.0 尽 0
197.337 197.585 71.0 仍 0
197.587 197.835 69.0 留 0
197.837 198.022 71.0 慈 0
198.087 198.46 74.0 悲 1
198.581 198.829 67.0 虽 0
198.831 199.017 69.0 然 0
199.082 199.267 69.0 我 0
199.332 199.517 69.0 曾 0
199.582 199.83 69.0 经 0
199.832 200.33 76.0 这 0
200.332 200.83 74.0 样 0
200.832 201.268 66.0 以 0
201.333 202.456 67.0 为 1
202.646 202.894 67.0 我 0
202.896 203.332 66.0 真 0
203.397 203.707 66.0 的 0
203.709 204.208 67.0 这 0
204.21 204.833 66.0 样 0
204.897 205.271 62.0 以 0
205.398 206.896 64.0 为 0
206.898 209.148 62.0 - 1
215.905 216.18 64.0 为 0
216.182 216.458 66.0 你 0
216.46 216.736 64.0 我 0
216.738 217.083 62.0 受 0
217.085 217.361 59.0 冷 0
217.363 217.708 62.0 风 0
217.78 219.305 62.0 吹 1
220.382 220.588 59.0 寂 0
220.59 220.796 62.0 寞 0
220.868 221.144 62.0 时 0
221.146 221.421 64.0 候 0
221.424 221.692 62.0 流 0
221.694 222.094 59.0 眼 0
222.096 223.846 57.0 泪 1
224.637 224.918 57.0 有 0
224.92 225.201 59.0 人 0
225.203 225.484 57.0 问 0
225.486 225.767 55.0 我 0
225.769 226.035 57.0 是 0
226.037 226.298 52.0 与 0
226.301 227.088 55.0 非 1
227.666 227.927 55.0 说 0
227.929 228.19 57.0 是 0
228.193 228.453 52.0 与 0
228.456 229.243 55.0 非 1
229.659 229.854 55.0 可 0
229.922 230.118 55.0 是 0
230.186 230.404 55.0 谁 0
230.48 230.698 55.0 又 0
230.774 230.992 55.0 真 0
231.068 231.433 55.0 的 0
231.436 232.021 62.0 关 0
232.024 232.242 64.0 心 0
232.318 232.83 59.0 谁 0
232.833 233.533 57.0 - 1
233.868 234.375 57.0 关 0
234.377 234.756 59.0 心 0
234.758 235.265 57.0 谁 0
235.267 236.116 55.0 - 0
236.118 236.856 64.0 会 0
236.927 237.338 62.0 关 0
237.34 237.682 59.0 心 0
237.684 239.608 55.0 谁 1
240.642 240.915 55.0 谁 0
240.986 241.259 55.0 会 0
241.33 243.048 57.0 关 0
243.05 244.218 59.0 心 0
244.22 247.933 55.0 谁 1
