95.474 95.787 57.0 哟 0
95.817 96.16 57.0 微 0
96.16 96.331 57.0 凉 0
96.331 96.674 57.0 的 0
96.674 96.846 56.0 晨 0
96.846 97.188 57.0 露 1
97.211 97.554 57.0 沾 0
97.554 97.726 57.0 湿 0
97.726 98.068 57.0 黑 0
98.068 98.24 56.0 礼 0
98.24 98.567 57.0 服 1
98.575 98.917 57.0 石 0
98.918 99.09 57.0 板 0
99.09 99.432 57.0 路 0
99.432 99.604 56.0 有 0
99.604 99.947 57.0 雾 0
99.947 100.289 57.0 父 0
100.289 100.632 53.0 在 0
100.632 100.804 53.0 低 0
100.804 101.122 50.0 诉 1
101.311 101.654 57.0 无 0
101.654 101.825 57.0 奈 0
101.825 102.168 57.0 的 0
102.168 102.339 55.0 觉 0
102.339 102.682 57.0 悟 1
102.688 103.031 57.0 只 0
103.031 103.202 57.0 能 0
103.202 103.545 57.0 更 0
103.545 103.716 55.0 残 0
103.716 104.043 57.0 酷 1
104.157 104.329 57.0 一 0
104.329 104.5 57.0 切 0
104.5 104.672 57.0 都 0
104.672 104.843 57.0 为 0
104.843 105.186 57.0 了 1
105.203 105.545 57.0 通 0
105.545 105.717 57.0 往 0
105.717 105.888 57.0 圣 0
105.888 106.06 57.0 堂 0
106.06 106.231 57.0 的 0
106.231 106.745 57.0 路 1
106.777 107.12 55.0 吹 0
107.12 107.291 55.0 不 0
107.291 107.634 55.0 散 0
107.634 107.806 53.0 的 0
107.806 108.148 55.0 雾 1
108.149 108.492 55.0 隐 0
108.492 108.663 55.0 没 0
108.663 109.006 55.0 了 0
109.006 109.178 53.0 意 0
109.178 109.52 55.0 图 1
109.53 109.873 55.0 谁 0
109.873 110.045 57.0 轻 0
110.045 110.387 55.0 柔 0
110.387 110.559 53.0 踱 0
110.559 110.902 55.0 步 0
110.902 111.244 57.0 停 0
111.244 111.587 50.0 住 1
111.695 111.867 50.0 还 0
111.867 112.038 53.0 来 0
112.038 112.295 55.0 不 0
112.295 112.552 53.0 及 0
112.552 112.809 55.0 哭 1
112.824 113.081 57.0 穿 0
113.081 113.253 55.0 过 0
113.253 113.51 53.0 的 0
113.51 113.767 55.0 子 0
113.767 113.938 53.0 弹 1
113.946 114.118 55.0 就 0
114.118 114.46 57.0 带 0
114.46 114.718 49.0 走 0
114.718 114.889 49.0 温 0
114.889 115.574 50.0 度 1
117.358 117.53 50.0 我 0
117.53 117.701 50.0 们 0
117.701 117.873 50.0 每 0
117.873 118.044 50.0 个 0
118.044 118.215 50.0 人 0
118.215 118.387 53.0 都 0
118.387 118.558 50.0 有 0
118.558 119.034 53.0 罪 1
119.087 119.259 50.0 犯 0
119.259 119.43 50.0 着 0
119.43 119.601 50.0 不 0
119.601 119.773 53.0 同 0
119.773 119.944 50.0 的 0
119.944 120.411 53.0 罪 1
120.44 120.612 50.0 我 0
120.612 120.783 50.0 能 0
120.783 120.955 50.0 决 0
120.955 121.126 53.0 定 0
121.126 121.297 50.0 谁 0
121.297 121.711 53.0 对 1
121.802 121.974 50.0 谁 0
121.974 122.145 50.0 又 0
122.145 122.317 50.0 该 0
122.317 122.488 53.0 要 0
122.488 122.659 50.0 沉 0
122.659 123.051 53.0 睡 1
123.141 123.483 53.0 争 0
123.483 123.655 53.0 论 0
123.655 123.826 53.0 不 0
123.826 123.998 53.0 能 0
123.998 124.169 53.0 解 0
124.169 124.512 53.0 决 1
124.612 124.783 53.0 在 0
124.783 124.954 53.0 永 0
124.954 125.126 53.0 无 0
125.126 125.297 53.0 止 0
125.297 125.469 53.0 境 0
125.469 125.64 53.0 的 0
125.64 125.983 53.0 夜 1
125.993 126.336 53.0 关 0
126.336 126.678 53.0 掉 0
126.678 126.85 53.0 你 0
126.85 127.021 53.0 的 0
127.021 127.36 53.0 嘴 1
127.375 127.546 53.0 唯 0
127.546 127.718 53.0 一 0
127.718 127.889 53.0 的 0
127.889 128.06 53.0 恩 0
128.06 128.403 53.0 惠 1
128.405 128.577 50.0 挡 0
128.577 128.748 50.0 在 0
128.748 128.919 50.0 前 0
128.919 129.005 50.0 面 0
129.005 129.091 50.0 的 0
129.091 129.262 50.0 人 0
129.262 129.434 53.0 都 0
129.434 129.605 50.0 有 0
129.605 130.033 53.0 罪 1
130.034 130.206 50.0 后 0
130.206 130.292 50.0 悔 0
130.292 130.377 50.0 也 0
130.377 130.549 50.0 无 0
130.549 130.806 53.0 路 0
130.806 130.977 50.0 可 0
130.977 131.406 53.0 退 1
131.469 131.641 55.0 以 0
131.641 131.812 55.0 父 0
131.812 131.983 55.0 之 0
131.983 132.155 55.0 名 0
132.155 132.326 55.0 判 0
132.326 132.669 55.0 决 1
132.691 132.862 55.0 那 0
132.862 133.034 55.0 感 0
133.034 133.205 55.0 觉 0
133.205 133.377 55.0 没 0
133.377 133.548 55.0 有 0
133.548 133.719 55.0 适 0
133.719 133.891 55.0 合 0
133.891 134.062 55.0 词 0
134.062 134.405 57.0 汇 1
134.412 134.583 55.0 就 0
134.583 134.755 55.0 像 0
134.755 134.926 55.0 边 0
134.926 135.097 55.0 笑 0
135.097 135.269 55.0 边 0
135.269 135.44 55.0 掉 0
135.44 135.763 55.0 泪 1
135.763 135.933 55.0 凝 0
135.933 136.114 55.0 视 0
136.114 136.3 55.0 着 0
136.3 136.476 55.0 完 0
136.476 136.66 55.0 全 0
136.66 136.821 55.0 的 0
136.821 137.15 55.0 黑 1
137.15 137.326 55.0 阻 0
137.326 137.497 55.0 挡 0
137.497 137.668 55.0 悲 0
137.668 137.84 55.0 剧 0
137.84 138.011 55.0 蔓 0
138.011 138.182 55.0 延 0
138.182 138.354 55.0 的 0
138.354 138.525 55.0 悲 0
138.525 138.697 55.0 剧 1
138.697 138.868 55.0 会 0
138.868 139.039 55.0 让 0
139.039 139.211 55.0 我 0
139.211 139.382 55.0 沉 0
139.382 139.554 55.0 醉 1
139.554 139.639 57.0 低 0
139.639 139.725 58.0 头 0
139.725 139.896 57.0 亲 0
139.896 140.068 53.0 吻 0
140.068 140.239 53.0 我 0
140.239 140.411 58.0 的 0
140.411 140.753 57.0 左 0
140.753 140.925 57.0 手 1
140.925 141.01 57.0 换 0
141.01 141.096 57.0 取 0
141.096 141.267 57.0 被 0
141.267 141.439 53.0 宽 0
141.439 141.61 53.0 恕 0
141.61 141.782 58.0 的 0
141.782 142.124 57.0 承 0
142.124 142.296 57.0 诺 1
142.296 142.382 57.0 老 0
142.382 142.467 57.0 旧 0
142.467 142.639 57.0 管 0
142.639 142.81 53.0 风 0
142.81 142.981 53.0 琴 0
142.981 143.153 58.0 在 0
143.153 143.496 57.0 角 0
143.496 143.667 57.0 落 1
143.667 143.753 57.0 一 0
143.753 143.838 57.0 直 0
143.838 144.01 57.0 一 0
144.01 144.181 53.0 直 0
144.181 144.352 53.0 一 0
144.352 144.524 50.0 直 0
144.524 144.867 50.0 伴 0
144.867 145.032 50.0 奏 1
145.035 145.378 57.0 黑 0
145.378 145.549 57.0 色 0
145.549 145.721 57.0 帘 0
145.721 145.892 57.0 幕 0
145.892 146.063 57.0 被 0
146.063 146.235 57.0 风 0
146.235 146.406 57.0 吹 0
146.406 146.578 57.0 动 1
146.578 146.749 57.0 阳 0
146.749 146.92 57.0 光 0
146.92 147.092 57.0 无 0
147.092 147.263 57.0 言 0
147.263 147.349 60.0 的 0
147.349 147.606 57.0 穿 0
147.606 147.949 57.0 透 0
147.949 148.291 57.0 洒 0
148.291 148.634 57.0 向 1
148.635 148.807 57.0 那 0
148.807 148.978 57.0 群 0
148.978 149.149 57.0 被 0
149.149 149.321 57.0 我 0
149.321 149.492 57.0 驯 0
149.492 149.664 57.0 服 0
149.664 149.835 57.0 后 0
149.835 150.349 57.0 的 0
150.349 150.546 57.0 兽 1
150.587 150.673 57.0 沉 0
150.673 150.758 57.0 默 0
150.758 150.844 57.0 的 0
150.844 151.101 57.0 喊 0
151.101 151.272 57.0 叫 1
151.362 151.448 57.0 沉 0
151.448 151.534 57.0 默 0
151.534 151.62 57.0 的 0
151.62 151.877 57.0 喊 0
151.877 152.048 57.0 叫 1
152.054 152.225 55.0 孤 0
152.225 152.397 57.0 单 0
152.397 152.568 55.0 开 0
152.568 152.74 57.0 始 0
152.74 153.082 55.0 发 0
153.082 153.425 50.0 酵 1
153.434 153.606 55.0 不 0
153.606 153.777 55.0 停 0
153.777 153.948 55.0 对 0
153.948 154.12 57.0 着 0
154.12 154.291 55.0 我 0
154.291 154.462 53.0 嘲 0
154.462 154.805 50.0 笑 1
154.805 154.977 55.0 回 0
154.977 155.148 57.0 忆 0
155.148 155.319 55.0 逐 0
155.319 155.491 57.0 渐 0
155.491 155.834 55.0 延 0
155.834 156.176 50.0 烧 1
156.177 156.349 55.0 曾 0
156.349 156.52 55.0 经 0
156.52 156.692 55.0 纯 0
156.692 156.863 57.0 真 0
156.863 157.034 55.0 的 0
157.034 157.206 53.0 画 0
157.206 157.548 50.0 面 1
157.548 157.72 55.0 残 0
157.72 157.891 55.0 忍 0
157.891 158.063 55.0 的 0
158.063 158.234 57.0 温 0
158.234 158.405 55.0 柔 0
158.405 158.577 53.0 出 0
158.577 158.748 50.0 现 1
158.76 158.931 50.0 脆 0
158.931 159.102 50.0 弱 0
159.102 159.274 53.0 时 0
159.274 159.445 50.0 间 0
159.445 159.788 50.0 到 1
159.868 160.039 50.0 我 0
160.039 160.211 50.0 们 0
160.211 160.382 50.0 一 0
160.382 160.553 48.0 起 0
160.553 160.896 50.0 来 0
160.896 161.068 48.0 祷 0
161.068 161.41 50.0 告 1
161.644 161.987 57.0 仁 0
161.987 162.329 55.0 慈 0
162.329 162.672 57.0 的 0
162.672 163.015 55.0 父 0
163.015 163.358 57.0 我 0
163.358 163.701 55.0 已 0
163.701 164.043 53.0 坠 0
164.043 164.729 57.0 入 1
164.731 165.074 55.0 看 0
165.074 165.416 57.0 不 0
165.416 165.759 55.0 见 0
165.759 166.102 57.0 罪 0
166.102 166.445 55.0 的 0
166.445 166.788 50.0 国 0
166.788 167.473 50.0 度 1
167.486 167.829 57.0 请 0
167.829 168.172 57.0 原 0
168.172 168.514 57.0 谅 0
168.514 168.857 60.0 我 0
168.857 169.2 55.0 的 0
169.2 169.543 57.0 自 0
169.543 170.314 55.0 负 1
172.482 172.825 55.0 没 0
172.825 173.167 53.0 人 0
173.167 173.51 55.0 能 0
173.51 173.853 53.0 说 0
173.853 174.196 55.0 没 0
174.196 174.538 57.0 人 0
174.538 174.881 53.0 可 0
174.881 175.567 55.0 说 1
175.594 175.937 53.0 好 0
175.937 176.279 55.0 难 0
176.279 176.622 53.0 承 0
176.622 177.308 55.0 受 1
177.358 177.529 48.0 荣 0
177.529 177.7 50.0 耀 0
177.7 178.043 53.0 的 0
178.043 178.386 55.0 背 0
178.386 178.729 55.0 后 1
178.762 179.105 55.0 刻 0
179.105 179.447 53.0 着 0
179.447 179.79 57.0 一 0
179.79 180.133 55.0 道 0
180.133 180.476 50.0 孤 0
180.476 181.405 50.0 独 1
183.402 183.744 57.0 闭 0
183.744 184.087 55.0 上 0
184.087 184.43 57.0 双 0
184.43 184.773 55.0 眼 0
184.773 185.116 57.0 我 0
185.116 185.458 55.0 又 0
185.458 185.801 53.0 看 0
185.801 186.487 57.0 见 1
186.538 186.88 55.0 当 0
186.88 187.223 57.0 年 0
187.223 187.566 55.0 那 0
187.566 187.909 57.0 梦 0
187.909 188.252 55.0 的 0
188.252 188.594 50.0 画 0
188.594 189.28 50.0 面 1
189.395 189.738 57.0 天 0
189.738 190.08 57.0 空 0
190.08 190.423 57.0 是 0
190.423 190.766 60.0  0
190.766 191.109 53.0  0
191.109 191.452 57.0 的 0
191.452 192.223 55.0 雾 1
194.433 194.775 55.0 父 0
194.775 195.118 53.0 亲 0
195.118 195.461 55.0 牵 0
195.461 195.804 53.0 着 0
195.804 196.147 55.0 我 0
196.147 196.489 57.0 的 0
196.489 196.832 53.0 双 0
196.832 197.518 55.0 手 1
197.601 197.943 53.0 轻 0
197.943 198.286 55.0 轻 0
198.286 198.629 53.0 走 0
198.629 199.315 55.0 过 1
199.333 199.504 48.0 清 0
199.504 199.675 50.0 晨 0
199.675 200.018 53.0 那 0
200.018 200.361 55.0 安 0
200.361 200.704 55.0 安 0
200.704 201.046 55.0 静 0
201.046 201.389 53.0 静 0
201.389 201.732 57.0 的 1
201.745 202.088 55.0 石 0
202.088 202.431 50.0 板 0
202.431 203.36 50.0 路 1
235.252 235.337 57.0 低 0
235.337 235.423 58.0 头 0
235.423 235.594 57.0 亲 0
235.594 235.766 53.0 吻 0
235.766 235.937 53.0 我 0
235.937 236.109 58.0 的 0
236.109 236.451 57.0 左 0
236.451 236.623 57.0 手 1
236.624 236.709 57.0 换 0
236.709 236.795 57.0 取 0
236.795 236.967 57.0 被 0
236.967 237.138 53.0 宽 0
237.138 237.309 53.0 恕 0
237.309 237.481 58.0 的 0
237.481 237.823 57.0 承 0
237.823 237.995 57.0 诺 1
237.995 238.081 57.0 老 0
238.081 238.166 57.0 旧 0
238.166 238.338 57.0 管 0
238.338 238.509 53.0 风 0
238.509 238.68 53.0 琴 0
238.68 238.852 58.0 在 0
238.852 239.195 57.0 角 0
239.195 239.366 57.0 落 1
239.366 239.452 57.0 一 0
239.452 239.537 57.0 直 0
239.537 239.709 57.0 一 0
239.709 239.88 53.0 直 0
239.88 240.052 53.0 一 0
240.052 240.223 50.0 直 0
240.223 240.566 50.0 伴 0
240.566 240.731 50.0 奏 1
240.734 241.077 57.0 黑 0
241.077 241.248 57.0 色 0
241.248 241.42 57.0 帘 0
241.42 241.591 57.0 幕 0
241.591 241.762 57.0 被 0
241.762 241.934 57.0 风 0
241.934 242.105 57.0 吹 0
242.105 242.277 57.0 动 1
242.279 242.45 57.0 阳 0
242.45 242.621 57.0 光 0
242.621 242.793 57.0 无 0
242.793 242.964 57.0 言 0
242.964 243.05 60.0 的 0
243.05 243.307 57.0 穿 0
243.307 243.65 57.0 透 1
243.651 243.993 57.0 洒 0
243.993 244.336 57.0 向 1
244.336 244.508 57.0 那 0
244.508 244.679 57.0 群 0
244.679 244.85 57.0 被 0
244.85 245.022 57.0 我 0
245.022 245.193 57.0 驯 0
245.193 245.365 57.0 服 0
245.365 245.536 57.0 后 0
245.536 246.05 57.0 的 0
246.05 246.247 57.0 兽 1
246.324 246.41 57.0 沉 0
246.41 246.495 57.0 默 0
246.495 246.581 57.0 的 0
246.581 246.838 57.0 喊 0
246.838 247.009 57.0 叫 1
247.07 247.156 57.0 沉 0
247.156 247.242 57.0 默 0
247.242 247.328 57.0 的 0
247.328 247.585 57.0 喊 0
247.585 247.756 57.0 叫 1
247.759 247.93 55.0 孤 0
247.93 248.102 57.0 单 0
248.102 248.273 55.0 开 0
248.273 248.445 57.0 始 0
248.445 248.787 55.0 发 0
248.787 249.13 50.0 酵 1
249.13 249.302 55.0 不 0
249.302 249.473 55.0 停 0
249.473 249.644 55.0 对 0
249.644 249.816 57.0 着 0
249.816 249.987 55.0 我 0
249.987 250.159 53.0 嘲 0
250.159 250.501 50.0 笑 1
250.501 250.673 55.0 回 0
250.673 250.844 57.0 忆 0
250.844 251.015 55.0 逐 0
251.015 251.187 57.0 渐 0
251.187 251.53 55.0 延 0
251.53 251.872 50.0 烧 1
251.877 252.049 55.0 曾 0
252.049 252.22 55.0 经 0
252.22 252.392 55.0 纯 0
252.392 252.563 57.0 真 0
252.563 252.734 55.0 的 0
252.734 252.906 53.0 画 0
252.906 253.249 50.0 面 1
253.249 253.42 55.0 残 0
253.42 253.591 55.0 忍 0
253.591 253.763 55.0 的 0
253.763 253.934 57.0 温 0
253.934 254.105 55.0 柔 0
254.105 254.277 53.0 出 0
254.277 254.448 50.0 现 1
254.484 254.655 50.0 脆 0
254.655 254.826 50.0 弱 0
254.826 254.998 53.0 时 0
254.998 255.169 50.0 间 0
255.169 255.512 50.0 到 1
255.605 255.776 50.0 我 0
255.776 255.948 50.0 们 0
255.948 256.119 50.0 一 0
256.119 256.291 48.0 起 0
256.291 256.633 50.0 来 0
256.633 256.805 48.0 祷 0
256.805 257.147 50.0 告 1
257.164 257.507 57.0 仁 0
257.507 257.849 55.0 慈 0
257.849 258.192 57.0 的 0
258.192 258.535 55.0 父 0
258.535 258.878 57.0 我 0
258.878 259.221 55.0 已 0
259.221 259.563 53.0 坠 0
259.563 260.249 57.0 入 1
260.414 260.757 55.0 看 0
260.757 261.099 57.0 不 0
261.099 261.442 55.0 见 0
261.442 261.785 57.0 罪 0
261.785 262.128 55.0 的 0
262.128 262.471 50.0 国 0
262.471 263.156 50.0 度 1
263.171 263.514 57.0 请 0
263.514 263.857 57.0 原 0
263.857 264.199 57.0 谅 0
264.199 264.542 60.0 我 0
264.542 264.885 55.0 的 0
264.885 265.228 57.0 自 0
265.228 265.999 55.0 负 1
268.133 268.476 55.0 没 0
268.476 268.818 53.0 人 0
268.818 269.161 55.0 能 0
269.161 269.504 53.0 说 0
269.504 269.847 55.0 没 0
269.847 270.189 57.0 人 0
270.189 270.532 53.0 可 0
270.532 271.218 55.0 说 1
271.291 271.634 53.0 好 0
271.634 271.976 55.0 难 0
271.976 272.319 53.0 承 0
272.319 273.005 55.0 受 1
273.05 273.221 48.0 荣 0
273.221 273.392 50.0 耀 0
273.392 273.735 53.0 的 0
273.735 274.078 55.0 背 0
274.078 274.421 55.0 后 1
274.467 274.81 55.0 刻 0
274.81 275.152 53.0 着 0
275.152 275.495 57.0 一 0
275.495 275.838 55.0 道 0
275.838 276.181 50.0 孤 0
276.181 277.11 50.0 独 1
279.541 279.884 65.0 仁 0
279.884 280.141 67.0 慈 0
280.141 280.57 65.0 的 0
280.57 281.769 69.0 父 0
281.769 282.112 65.0 - 0
282.284 282.626 65.0 我 0
282.626 282.969 67.0 已 0
282.969 283.312 65.0 坠 0
283.312 284.169 69.0 入 1
285.098 285.441 65.0 看 0
285.441 285.783 67.0 不 0
285.783 286.126 65.0 见 0
286.126 286.812 69.0 罪 0
286.812 287.154 65.0 - 0
287.154 287.497 65.0 的 0
287.497 287.84 67.0 国 0
287.84 288.183 57.0 - 0
288.183 289.124 57.0 度 1
290.42 290.763 67.0 请 0
290.763 291.106 69.0 原 0
291.106 291.449 67.0 谅 0
291.449 292.82 69.0 我 0
292.82 293.162 67.0 - 0
293.162 293.497 67.0 我 0
293.497 293.832 69.0 的 0
293.832 294.167 70.0 自 0
294.167 295.523 64.0 负 1
296.02 296.363 64.0 刻 0
296.363 296.705 64.0 着 0
296.705 297.048 69.0 一 0
297.048 297.734 64.0 道 0
297.734 298.419 65.0 孤 0
298.419 299.422 62.0 独 1
301.085 301.428 57.0 仁 0
301.428 301.771 55.0 慈 0
301.771 302.114 57.0 的 0
302.114 302.456 55.0 父 0
302.456 302.799 57.0 我 0
302.799 303.142 55.0 已 0
303.142 303.484 53.0 坠 0
303.484 304.17 57.0 入 1
304.223 304.566 55.0 看 0
304.566 304.908 57.0 不 0
304.908 305.251 55.0 见 0
305.251 305.594 57.0 罪 0
305.594 305.937 55.0 的 0
305.937 306.279 50.0 国 0
306.279 306.965 50.0 度 1
306.97 307.313 57.0 请 0
307.313 307.655 57.0 原 0
307.655 307.998 57.0 谅 0
307.998 308.341 57.0 我 0
308.341 308.684 53.0 的 0
308.684 309.026 57.0 自 0
309.026 309.797 55.0 负 1
312.051 312.394 55.0 没 0
312.394 312.736 53.0 人 0
312.736 313.079 55.0 能 0
313.079 313.422 53.0 说 0
313.422 313.765 55.0 没 0
313.765 314.107 57.0 人 0
314.107 314.45 53.0 可 0
314.45 315.136 55.0 说 1
315.177 315.519 53.0 好 0
315.519 315.862 55.0 难 0
315.862 316.205 53.0 承 0
316.205 316.89 55.0 受 1
316.911 317.083 48.0 荣 0
317.083 317.254 50.0 耀 0
317.254 317.597 53.0 的 0
317.597 317.94 55.0 背 0
317.94 318.282 55.0 后 1
318.282 318.625 55.0 刻 0
318.625 318.968 53.0 着 0
318.968 319.31 57.0 一 0
319.31 319.653 55.0 道 0
319.653 319.996 50.0 孤 0
319.996 320.926 50.0 独 1
322.986 323.329 57.0 闭 0
323.329 323.671 55.0 上 0
323.671 324.014 57.0 双 0
324.014 324.357 55.0 眼 0
324.357 324.7 57.0 我 0
324.7 325.042 55.0 又 0
325.042 325.385 53.0 看 0
325.385 326.071 57.0 见 1
326.105 326.447 55.0 当 0
326.447 326.79 57.0 年 0
326.79 327.133 55.0 那 0
327.133 327.476 57.0 梦 0
327.476 327.818 55.0 的 0
327.818 328.161 50.0 画 0
328.161 328.847 50.0 面 1
328.888 329.23 57.0 天 0
329.23 329.573 57.0 空 0
329.573 329.916 57.0 是 0
329.916 330.258 60.0  0
330.258 330.601 55.0  0
330.601 330.944 57.0 的 0
330.944 331.715 55.0 雾 1
333.88 334.222 55.0 父 0
334.222 334.565 53.0 亲 0
334.565 334.908 55.0 牵 0
334.908 335.251 53.0 着 0
335.251 335.593 55.0 我 0
335.593 335.936 57.0 的 0
335.936 336.279 53.0 双 0
336.279 336.964 55.0 手 1
337.107 337.45 53.0 轻 0
337.45 337.793 55.0 轻 0
337.793 338.135 53.0 走 0
338.135 338.821 55.0 过 1
338.825 338.996 48.0 清 0
338.996 339.168 50.0 晨 0
339.168 339.51 53.0 那 0
339.51 339.853 55.0 安 0
339.853 340.196 55.0 安 0
340.196 340.539 55.0 静 0
340.539 340.881 53.0 静 0
340.881 341.224 57.0 的 1
341.234 341.577 55.0 石 0
341.577 341.92 50.0 板 0
341.92 342.849 50.0 路 1
