17.015 17.952 57.0 没 0
17.952 18.264 57.0 没 0
18.264 18.498 53.0 有 0
18.498 18.888 57.0 蜡 0
18.888 19.825 55.0 烛 1
20.658 20.97 53.0 就 0
20.97 21.282 53.0 不 0
21.282 21.594 53.0 用 0
21.594 21.907 53.0 勉 0
21.907 22.219 50.0 强 0
22.219 22.531 53.0 庆 0
22.531 23.468 52.0 祝 1
24.361 25.298 53.0 没 0
25.298 25.61 53.0 没 0
25.61 25.922 52.0 想 0
25.922 26.234 53.0 到 0
26.234 27.171 53.0 答 0
27.171 28.108 57.0 案 1
28.231 28.543 55.0 就 0
28.543 28.855 55.0 不 0
28.855 29.167 55.0 要 0
29.167 29.479 55.0 寻 0
29.479 29.792 53.0 找 0
29.792 30.104 52.0 题 0
30.104 31.041 57.0 目 1
31.926 32.238 55.0 没 0
32.238 32.863 57.0 - 0
32.863 33.253 57.0 没 0
33.253 33.721 62.0 有 0
33.721 33.955 53.0 退 0
33.955 34.19 57.0 路 0
34.19 34.736 55.0 - 1
35.723 36.035 57.0 那 0
36.035 36.347 57.0 我 0
36.347 36.659 57.0 也 0
36.659 36.971 57.0 不 0
36.971 37.596 62.0 要 0
37.596 37.908 53.0 散 0
37.908 38.532 55.0 步 1
39.368 39.68 52.0 没 0
39.68 40.305 53.0 - 0
40.305 40.617 53.0 没 0
40.617 40.929 52.0 人 0
40.929 41.241 53.0 去 0
41.241 42.178 53.0 仰 0
42.178 43.115 57.0 慕 1
43.212 43.524 55.0 那 0
43.524 43.836 55.0 我 0
43.836 44.148 55.0 就 0
44.148 44.46 55.0 继 0
44.46 44.773 53.0 续 0
44.773 45.085 52.0 忙 0
45.085 46.021 57.0 碌 1
46.819 47.131 48.0 来 0
47.131 47.756 50.0 - 0
47.756 48.38 53.0 来 0
48.692 49.005 53.0 思 0
49.005 49.317 52.0 前 0
49.317 49.629 50.0 想 0
49.629 50.253 55.0 后 1
50.688 51.0 57.0 差 0
51.0 51.312 57.0 一 0
51.312 51.624 57.0 点 0
51.624 51.936 57.0 忘 0
51.936 52.249 55.0 记 0
52.249 52.561 53.0 了 0
52.561 52.873 57.0 怎 0
52.873 53.185 55.0 么 0
53.185 53.497 53.0 投 0
53.497 54.278 55.0 诉 1
54.464 54.776 48.0 来 0
54.776 55.401 50.0 - 0
55.401 56.025 53.0 来 0
56.337 56.65 53.0 从 0
56.65 56.962 52.0 此 0
56.962 57.274 50.0 以 0
57.274 57.898 55.0 后 1
58.112 58.424 57.0 不 0
58.424 58.736 57.0 要 0
58.736 59.048 57.0 犯 0
59.048 59.36 57.0 同 0
59.36 59.673 60.0 一 0
59.673 59.985 62.0 个 0
59.985 60.531 62.0 错 0
60.531 60.921 60.0 - 0
60.921 61.624 60.0 误 1
61.92 62.544 60.0 将 0
62.544 62.857 60.0 这 0
62.857 63.169 60.0 样 0
63.169 63.481 58.0 的 0
63.481 63.793 57.0 感 0
63.793 64.418 64.0 触 1
64.478 64.79 64.0 写 0
64.79 65.102 62.0 一 0
65.102 65.414 62.0 封 0
65.414 65.727 64.0 情 0
65.727 66.195 65.0 书 0
66.351 66.663 53.0 送 0
66.663 66.975 53.0 给 0
66.975 67.288 55.0 我 0
67.288 67.6 57.0 自 0
67.6 68.224 57.0 己 1
68.353 68.666 57.0 感 0
68.666 69.134 60.0 动 0
69.134 69.29 57.0 得 0
69.29 69.68 55.0 要 0
69.68 70.227 53.0 哭 0
70.539 71.007 62.0 很 0
71.007 71.163 55.0 久 0
71.163 71.554 55.0 没 0
71.554 72.1 53.0 哭 1
73.112 73.424 55.0 不 0
73.424 73.736 55.0 失 0
73.736 74.048 55.0 为 0
74.048 74.36 55.0 天 0
74.36 74.673 53.0 大 0
74.673 74.985 50.0 的 0
74.985 75.609 57.0 幸 0
75.609 75.921 55.0 - 0
75.921 76.546 55.0 福 1
76.871 77.495 60.0 将 0
77.495 77.808 60.0 这 0
77.808 78.12 60.0 一 0
78.12 78.432 58.0 份 0
78.432 78.744 57.0 礼 0
78.744 79.369 64.0 物 1
79.427 79.739 64.0 这 0
79.739 80.051 62.0 一 0
80.051 80.363 62.0 封 0
80.363 80.675 64.0 情 0
80.675 81.144 65.0 书 0
81.3 81.612 53.0 给 0
81.612 81.924 53.0 自 0
81.924 82.237 55.0 己 0
82.237 82.549 57.0 祝 0
82.549 83.173 57.0 福 1
83.409 83.722 57.0 可 0
83.722 84.034 60.0 以 0
84.034 84.346 62.0 不 0
84.346 85.048 55.0 在 0
85.048 85.283 53.0 乎 1
85.653 85.965 60.0 才 0
85.965 86.277 55.0 能 0
86.277 86.902 55.0 对 0
86.902 87.214 55.0 别 0
87.214 87.838 55.0 人 0
87.838 88.385 53.0 在 0
88.385 90.024 53.0 乎 1
95.702 96.639 57.0 有 0
96.639 96.951 57.0 一 0
96.951 97.263 53.0 点 0
97.263 97.654 57.0 帮 0
97.654 98.512 55.0 助 1
99.259 99.571 53.0 就 0
99.571 99.883 53.0 可 0
99.883 100.196 53.0 以 0
100.196 100.508 53.0 对 0
100.508 100.82 50.0 谁 0
100.82 101.132 53.0 倾 0
101.132 102.069 52.0 诉 1
103.204 104.141 53.0 有 0
104.141 104.453 53.0 一 0
104.453 104.765 52.0 个 0
104.765 105.078 53.0 人 0
105.078 106.014 53.0 保 0
106.014 106.873 57.0 护 0
106.873 106.951 53.0 - 1
106.951 107.263 55.0 就 0
107.263 107.575 55.0 不 0
107.575 107.888 55.0 用 0
107.888 108.278 55.0 自 0
108.278 108.59 53.0 我 0
108.59 109.214 52.0 保 0
109.214 110.229 57.0 护 1
110.565 110.878 55.0 有 0
110.878 111.502 57.0 - 0
111.502 111.892 57.0 一 0
111.892 112.204 60.0 点 0
112.204 112.673 62.0 满 0
112.673 113.219 55.0 足 0
113.219 113.844 57.0 - 1
114.326 114.638 57.0 就 0
114.638 114.95 57.0 准 0
114.95 115.262 57.0 备 0
115.262 115.575 57.0 如 0
115.575 115.887 60.0 何 0
115.887 116.121 60.0 结 0
116.121 116.433 62.0 - 0
116.433 117.058 57.0 束 1
117.999 118.312 52.0 有 0
118.312 118.936 53.0 - 0
118.936 119.248 53.0 一 0
119.248 119.56 52.0 点 0
119.56 119.873 53.0 点 0
119.873 120.809 53.0 领 0
120.809 121.746 57.0 悟 1
121.827 122.143 55.0 就 0
122.143 122.461 55.0 可 0
122.461 122.778 55.0 以 0
122.778 123.096 55.0 往 0
123.096 123.492 57.0 后 0
123.492 124.127 55.0 回 0
124.127 125.159 57.0 顾 1
125.569 125.882 48.0 来 0
125.882 126.507 50.0 - 0
126.507 127.132 53.0 来 0
127.444 127.757 53.0 思 0
127.757 128.069 52.0 前 0
128.069 128.382 50.0 想 0
128.382 129.007 55.0 后 1
129.391 129.704 57.0 差 0
129.704 130.016 57.0 一 0
130.016 130.329 57.0 点 0
130.329 130.641 57.0 忘 0
130.641 130.954 55.0 记 0
130.954 131.266 53.0 了 0
131.266 131.579 57.0 怎 0
131.579 131.891 55.0 么 0
131.891 132.204 53.0 投 0
132.204 132.516 55.0 诉 0
132.516 132.829 57.0 - 1
133.23 133.543 48.0 来 0
133.543 134.168 50.0 - 0
134.168 134.793 53.0 来 0
135.105 135.418 53.0 从 0
135.418 135.73 52.0 此 0
135.73 136.043 50.0 以 0
136.043 136.668 55.0 后 1
136.798 137.111 57.0 不 0
137.111 137.423 57.0 要 0
137.423 137.736 57.0 犯 0
137.736 138.048 57.0 同 0
138.048 138.361 60.0 一 0
138.361 138.673 62.0 个 0
138.673 139.22 62.0 错 0
139.22 139.611 60.0 - 0
139.611 140.314 60.0 误 1
140.666 141.291 60.0 将 0
141.291 141.604 60.0 这 0
141.604 141.916 60.0 样 0
141.916 142.229 58.0 的 0
142.229 142.541 57.0 感 0
142.541 143.166 64.0 触 1
143.182 143.495 64.0 写 0
143.495 143.807 62.0 一 0
143.807 144.12 62.0 封 0
144.12 144.432 64.0 情 0
144.432 144.901 65.0 书 0
145.057 145.37 53.0 送 0
145.37 145.682 53.0 给 0
145.682 145.995 55.0 我 0
145.995 146.307 57.0 自 0
146.307 146.932 57.0 己 1
147.191 147.503 57.0 感 0
147.503 147.972 60.0 动 0
147.972 148.128 57.0 得 0
148.128 148.519 55.0 要 0
148.519 149.066 53.0 哭 0
149.378 149.847 62.0 很 0
149.847 150.003 55.0 久 0
150.003 150.394 55.0 没 0
150.394 150.941 53.0 哭 1
151.819 152.132 55.0 不 0
152.132 152.444 55.0 失 0
152.444 152.757 55.0 为 0
152.757 153.069 55.0 天 0
153.069 153.382 53.0 大 0
153.382 153.694 50.0 的 0
153.694 154.319 57.0 幸 0
154.319 154.632 55.0 - 0
154.632 155.257 55.0 福 1
155.666 156.291 60.0 将 0
156.291 156.604 60.0 这 0
156.604 156.916 60.0 一 0
156.916 157.229 58.0 份 0
157.229 157.541 57.0 礼 0
157.541 158.166 64.0 物 1
158.206 158.519 64.0 这 0
158.519 158.831 62.0 一 0
158.831 159.144 62.0 封 0
159.144 159.456 64.0 情 0
159.456 159.925 65.0 书 0
160.081 160.394 53.0 给 0
160.394 160.706 53.0 自 0
160.706 161.019 55.0 己 0
161.019 161.331 57.0 祝 0
161.331 161.956 57.0 福 1
162.125 162.437 57.0 可 0
162.437 162.75 60.0 以 0
162.75 163.062 62.0 不 0
163.062 163.765 55.0 在 0
163.765 164.0 53.0 乎 1
164.427 164.74 62.0 才 0
164.74 165.052 55.0 能 0
165.052 165.677 55.0 对 0
165.677 165.99 57.0 别 0
165.99 166.615 55.0 人 0
166.615 166.927 53.0 在 0
166.927 169.74 53.0 乎 1
181.814 182.127 62.0 啦 0
182.127 182.439 62.0 啦 0
182.439 184.627 60.0 啦 0
184.627 186.814 62.0 - 0
186.814 189.314 62.0 - 1
189.381 189.694 62.0 啦 0
189.694 190.006 62.0 啦 0
190.006 192.194 60.0 啦 0
192.194 194.381 62.0 - 0
194.381 196.881 62.0 - 1
196.94 197.253 62.0 从 0
197.253 197.565 62.0 开 0
197.565 197.878 62.0 始 0
197.878 198.19 62.0 哭 0
198.19 198.503 60.0 着 0
198.503 198.815 55.0 嫉 0
198.815 199.753 55.0 妒 1
200.64 200.953 64.0 变 0
200.953 201.265 64.0 成 0
201.265 201.578 64.0 了 0
201.578 201.89 64.0 笑 0
201.89 202.359 62.0 着 0
202.359 202.515 60.0 羡 0
202.515 203.453 57.0 慕 1
204.433 204.746 55.0 时 0
204.746 205.058 55.0 间 0
205.058 205.371 55.0 是 0
205.371 205.683 55.0 怎 0
205.683 205.996 53.0 么 0
205.996 206.308 52.0 样 0
206.308 206.621 55.0 爬 0
206.621 206.933 55.0 过 0
206.933 207.246 55.0 了 0
207.246 207.558 55.0 我 0
207.558 207.871 58.0 皮 0
207.871 208.183 62.0 肤 1
208.218 208.531 64.0 只 0
208.531 208.843 64.0 有 0
208.843 209.156 64.0 我 0
209.156 209.468 64.0 自 0
209.468 209.781 64.0 己 0
209.781 210.093 62.0 最 0
210.093 210.718 62.0 清 0
210.718 211.031 60.0 - 0
211.031 211.812 60.0 楚 1
211.926 212.551 60.0 将 0
212.551 212.864 60.0 这 0
212.864 213.176 60.0 样 0
213.176 213.489 57.0 的 0
213.489 213.801 57.0 感 0
213.801 214.426 64.0 触 1
214.474 214.787 64.0 写 0
214.787 215.099 64.0 一 0
215.099 215.412 65.0 封 0
215.412 215.724 67.0 情 0
215.724 216.193 65.0 书 0
216.349 216.662 53.0 送 0
216.662 216.974 53.0 给 0
216.974 217.287 55.0 我 0
217.287 217.599 57.0 自 0
217.599 218.224 57.0 己 1
218.497 218.809 57.0 感 0
218.809 219.278 60.0 动 0
219.278 219.434 57.0 得 0
219.434 219.825 55.0 要 0
219.825 220.372 53.0 哭 1
220.742 221.211 62.0 很 0
221.211 221.367 57.0 久 0
221.367 221.758 55.0 没 0
221.758 222.305 53.0 哭 1
223.204 223.517 62.0 不 0
223.517 223.829 62.0 - 0
223.829 224.142 62.0 失 0
224.142 224.22 60.0 为 0
224.22 224.454 62.0 天 0
224.454 224.923 60.0 大 0
224.923 225.079 57.0 的 0
225.079 225.392 57.0 幸 0
225.392 226.017 55.0 福 1
226.924 227.549 60.0 将 0
227.549 227.862 60.0 这 0
227.862 228.174 60.0 一 0
228.174 228.487 58.0 份 0
228.487 228.799 57.0 礼 0
228.799 229.424 64.0 物 1
229.475 229.788 64.0 这 0
229.788 230.1 64.0 一 0
230.1 230.413 65.0 封 0
230.413 230.725 67.0 情 0
230.725 231.116 65.0 书 0
231.35 231.663 53.0 给 0
231.663 231.975 53.0 自 0
231.975 232.288 55.0 己 0
232.288 232.6 57.0 祝 0
232.6 233.225 57.0 福 1
233.465 233.777 57.0 可 0
233.777 234.09 60.0 以 0
234.09 234.402 62.0 不 0
234.402 235.105 55.0 在 0
235.105 235.34 53.0 乎 1
235.579 235.892 62.0 才 0
235.892 236.204 55.0 能 0
236.204 236.829 55.0 对 0
236.829 237.142 57.0 别 0
237.142 237.767 55.0 人 0
237.767 238.079 53.0 在 0
238.079 239.954 53.0 乎 1
