34.643 34.955 67.0 千 0
34.955 35.272 69.0 - 0
35.272 35.586 69.0 里 0
35.586 35.9 67.0 能 0
35.9 36.843 65.0 寻 0
36.843 37.158 67.0 - 0
37.158 37.474 69.0 是 0
37.474 37.789 62.0 - 0
37.789 38.105 69.0 朋 0
38.105 38.421 67.0 - 0
38.421 39.052 65.0 友 1
39.712 40.006 65.0 朋 0
40.006 40.332 67.0 - 0
40.332 40.646 67.0 友 0
40.646 40.961 72.0 - 0
40.961 41.275 72.0 多 0
41.275 41.904 64.0 - 0
41.904 42.218 62.0 了 0
42.218 42.533 60.0 路 0
42.533 42.848 62.0 - 0
42.848 43.163 67.0 好 0
43.163 43.478 64.0 - 0
43.478 44.423 60.0 走 1
44.663 44.985 62.0 以 0
44.985 45.293 65.0 - 0
45.293 45.608 65.0 诚 0
45.608 45.923 62.0 - 0
45.923 46.868 65.0 相 0
46.868 47.183 69.0 见 0
47.183 47.498 67.0 心 0
47.498 47.813 67.0 诚 0
47.813 48.129 67.0 相 0
48.129 48.444 60.0 - 0
48.444 49.074 62.0 待 1
49.729 50.044 65.0 让 0
50.044 50.674 67.0 我 0
50.674 50.989 72.0 们 0
50.989 51.304 67.0 从 0
51.304 51.934 64.0 此 0
51.934 52.249 62.0 - 0
52.249 52.565 60.0 是 0
52.565 52.88 62.0 - 0
52.88 53.196 67.0 朋 0
53.196 53.512 64.0 - 0
53.512 54.459 60.0 友 1
54.86 55.174 67.0 千 0
55.174 55.491 69.0 - 0
55.491 55.807 69.0 金 0
55.807 56.123 67.0 难 0
56.123 57.069 65.0 买 0
57.069 57.385 67.0 - 0
57.385 57.7 69.0 是 0
57.7 58.016 62.0 - 0
58.016 58.332 69.0 朋 0
58.332 58.647 67.0 - 0
58.647 59.278 65.0 友 1
59.867 60.186 65.0 朋 0
60.186 60.498 67.0 - 0
60.498 60.813 67.0 友 0
60.813 61.129 72.0 - 0
61.129 61.445 72.0 多 0
61.445 62.076 64.0 - 0
62.076 62.391 62.0 了 0
62.391 62.707 60.0 春 0
62.707 63.023 62.0 - 0
63.023 63.338 67.0 长 0
63.338 63.654 64.0 - 0
63.654 64.6 60.0 留 1
64.984 65.29 62.0 以 0
65.29 65.608 65.0 - 0
65.608 65.924 65.0 心 0
65.924 66.239 62.0 - 0
66.239 67.186 65.0 相 0
67.186 67.502 69.0 许 0
67.502 67.817 67.0 心 0
67.817 68.133 67.0 灵 0
68.133 68.449 67.0 相 0
68.449 68.764 60.0 - 0
68.764 69.395 62.0 通 1
69.851 70.166 65.0 让 0
70.166 70.797 67.0 我 0
70.797 71.113 72.0 们 0
71.113 71.428 67.0 永 0
71.428 72.06 64.0 远 0
72.06 72.375 62.0 - 0
72.375 72.69 60.0 是 0
72.69 73.004 62.0 - 0
73.004 73.318 67.0 朋 0
73.318 73.633 64.0 - 0
73.633 74.576 60.0 友 1
74.87 75.191 70.0 结 0
75.191 75.816 72.0 - 0
75.816 76.131 72.0 识 0
76.131 76.761 74.0 新 0
76.761 77.076 74.0 朋 0
77.076 77.391 72.0 - 0
77.391 79.281 72.0 友 1
79.918 80.548 72.0 不 0
80.548 80.863 72.0 忘 0
80.863 81.178 67.0 - 0
81.178 81.493 69.0 老 0
81.493 81.808 70.0 - 0
81.808 82.123 69.0 朋 0
82.123 82.916 67.0 友 0
82.916 84.65 65.0 - 1
85.043 85.991 67.0 多 0
85.991 86.307 72.0 - 0
86.307 87.255 60.0 少 0
87.585 87.884 65.0 新 0
87.884 88.201 67.0 - 0
88.201 88.517 67.0 朋 0
88.517 89.151 64.0 友 0
89.151 89.778 62.0 - 0
90.093 90.409 67.0 变 0
90.409 91.039 67.0 成 0
91.039 91.354 72.0 - 0
91.354 91.67 72.0 老 0
91.676 91.985 69.0 - 0
91.985 92.3 67.0 朋 0
92.3 92.616 65.0 - 0
92.616 94.504 67.0 友 1
95.141 96.087 72.0 天 0
96.087 96.402 72.0 高 0
96.402 97.032 74.0 地 0
97.032 97.348 74.0 也 0
97.348 97.663 72.0 - 0
97.663 99.555 72.0 厚 1
100.252 100.565 70.0 山 0
100.565 100.876 72.0 - 0
100.876 101.191 72.0 高 0
101.191 101.506 67.0 - 0
101.506 101.822 69.0 水 0
101.822 102.137 70.0 - 0
102.137 102.452 69.0 长 0
102.452 103.234 67.0 流 0
103.241 104.659 65.0 - 1
105.181 105.496 67.0 愿 0
105.496 106.127 67.0 我 0
106.127 106.442 76.0 - 0
106.442 107.388 60.0 们 0
107.703 108.017 65.0 到 0
108.017 108.334 67.0 - 0
108.334 108.964 67.0 处 0
108.964 109.91 62.0 - 0
110.226 110.541 67.0 都 0
110.541 111.172 60.0 有 0
111.172 111.487 62.0 - 0
111.487 111.802 67.0 好 0
111.802 112.117 64.0 - 0
112.117 112.433 62.0 朋 0
112.433 112.748 62.0 - 0
112.748 114.955 60.0 友 1
135.588 135.905 67.0 千 0
135.905 136.208 69.0 - 0
136.208 136.522 69.0 里 0
136.522 136.835 67.0 能 0
136.835 137.776 65.0 寻 0
137.776 138.089 67.0 - 0
138.089 138.404 69.0 是 0
138.404 138.72 62.0 - 0
138.72 139.035 69.0 朋 0
139.035 139.35 67.0 - 0
139.35 139.981 65.0 友 1
140.608 140.941 65.0 朋 0
140.941 141.239 67.0 - 0
141.239 141.554 67.0 友 0
141.554 141.87 72.0 - 0
141.87 142.185 72.0 多 0
142.185 142.815 64.0 - 0
142.815 143.131 62.0 了 0
143.131 143.446 60.0 路 0
143.446 143.761 62.0 - 0
143.761 144.077 67.0 好 0
144.077 144.392 62.0 - 0
144.392 145.338 60.0 走 1
145.675 146.001 62.0 以 0
146.001 146.306 65.0 - 0
146.306 146.621 65.0 诚 0
146.621 146.936 62.0 - 0
146.936 147.882 65.0 相 0
147.882 148.197 69.0 见 0
148.197 148.513 67.0 心 0
148.513 148.828 67.0 诚 0
148.828 149.143 67.0 相 0
149.143 149.459 60.0 - 0
149.459 150.089 62.0 待 1
150.661 150.976 67.0 让 0
150.976 151.607 67.0 我 0
151.607 151.922 72.0 们 0
151.922 152.237 67.0 从 0
152.237 152.868 64.0 此 0
152.868 153.183 62.0 - 0
153.183 153.498 60.0 是 0
153.498 153.814 62.0 - 0
153.814 154.129 67.0 朋 0
154.129 154.444 64.0 - 0
154.444 155.39 60.0 友 1
155.606 155.919 67.0 千 0
155.919 156.229 69.0 - 0
156.229 156.544 69.0 金 0
156.544 156.86 67.0 难 0
156.86 157.805 65.0 买 0
157.805 158.121 67.0 - 0
158.121 158.436 69.0 是 0
158.436 158.751 62.0 - 0
158.751 159.067 69.0 朋 0
159.067 159.382 67.0 - 0
159.382 160.012 65.0 友 1
160.653 160.96 65.0 朋 0
160.96 161.276 67.0 - 0
161.276 161.591 67.0 友 0
161.591 161.906 72.0 - 0
161.906 162.222 72.0 多 0
162.222 162.852 64.0 - 0
162.852 163.167 62.0 了 0
163.167 163.483 60.0 春 0
163.483 163.798 62.0 - 0
163.798 164.113 67.0 长 0
164.113 164.429 64.0 - 0
164.429 165.374 60.0 留 1
165.84 166.159 62.0 以 0
166.166 166.477 65.0 - 0
166.477 166.793 65.0 心 0
166.793 167.108 62.0 - 0
167.108 168.054 65.0 相 0
168.054 168.369 69.0 许 0
168.369 168.684 67.0 心 0
168.684 169.0 67.0 灵 0
169.0 169.315 67.0 相 0
169.315 169.63 60.0 - 0
169.63 170.261 62.0 通 1
170.813 171.121 65.0 让 0
171.121 171.751 67.0 我 0
171.751 172.067 72.0 们 0
172.067 172.382 67.0 永 0
172.382 173.012 64.0 远 0
173.012 173.328 62.0 - 0
173.328 173.643 60.0 是 0
173.643 173.958 62.0 - 0
173.958 174.274 67.0 朋 0
174.274 174.589 62.0 - 0
174.589 175.535 60.0 友 1
175.947 176.246 70.0 结 0
176.246 176.886 72.0 - 0
176.886 177.201 72.0 识 0
177.201 177.832 74.0 新 0
177.832 178.147 74.0 朋 0
178.147 178.462 72.0 - 0
178.462 180.354 72.0 友 1
180.831 181.139 70.0 不 0
181.139 181.455 72.0 - 0
181.455 181.771 72.0 忘 0
181.771 182.086 67.0 - 0
182.086 182.401 69.0 老 0
182.401 182.716 70.0 - 0
182.716 183.032 69.0 朋 0
183.032 183.819 67.0 友 0
183.819 185.554 65.0 - 1
185.889 186.835 67.0 多 0
186.835 187.151 72.0 - 0
187.151 188.096 60.0 少 0
188.418 188.73 65.0 新 0
188.73 189.042 67.0 - 0
189.042 189.358 67.0 朋 0
189.358 189.673 64.0 - 0
189.673 190.619 62.0 友 0
190.934 191.249 67.0 变 0
191.249 191.878 67.0 成 0
191.878 192.193 72.0 - 0
192.193 192.507 72.0 老 0
192.522 192.822 69.0 - 0
192.822 193.137 67.0 朋 0
193.137 195.343 67.0 友 1
195.958 196.266 70.0 天 0
196.266 196.896 72.0 - 0
196.896 197.211 72.0 高 0
197.217 197.524 72.0 地 0
197.524 197.841 74.0 - 0
197.841 198.157 74.0 也 0
198.157 198.472 72.0 - 0
198.472 200.364 72.0 厚 1
200.984 201.309 70.0 山 0
201.309 201.615 72.0 - 0
201.615 201.93 72.0 高 0
201.93 202.246 67.0 - 0
202.246 202.561 69.0 水 0
202.561 202.876 70.0 - 0
202.876 203.191 69.0 长 0
203.191 203.978 67.0 流 0
203.986 205.398 65.0 - 1
206.014 206.329 67.0 愿 0
206.329 206.96 67.0 我 0
206.96 207.275 72.0 - 0
207.275 208.221 60.0 们 0
208.536 208.852 65.0 到 0
208.852 209.167 67.0 - 0
209.167 209.798 64.0 处 0
209.798 210.743 62.0 - 0
211.059 211.374 67.0 都 0
211.374 212.005 60.0 有 0
212.005 212.32 62.0 - 0
212.32 212.635 67.0 好 0
212.635 212.95 64.0 - 0
212.95 213.266 62.0 朋 0
213.266 213.581 62.0 - 0
213.581 215.473 60.0 友 1
216.259 216.575 67.0 愿 0
216.575 217.205 67.0 我 0
217.205 217.52 72.0 - 0
217.52 218.151 60.0 们 0
218.782 219.09 65.0 到 0
219.09 219.412 67.0 - 0
219.412 219.728 67.0 处 0
219.728 220.043 64.0 - 0
220.043 220.989 62.0 都 0
221.312 221.968 74.0 - 0
221.968 222.631 67.0 有 0
222.631 223.295 67.0 好 0
223.295 223.624 72.0 朋 0
223.624 226.613 74.0 友 0
226.619 230.693 72.0 - 1
