33.246 33.734 57.0 相 0
33.746 33.984 64.0 思 0
33.996 34.234 64.0 是 0
34.246 34.734 64.0 一 0
34.746 35.234 64.0 条 0
35.246 35.746 62.0 河 0
35.746 36.234 64.0 - 1
37.174 37.662 59.0 静 0
37.674 38.162 59.0 静 0
38.174 38.662 57.0 地 0
38.674 39.162 55.0 流 0
39.174 40.162 57.0 着 1
41.119 41.607 57.0 流 0
41.619 42.107 62.0 过 0
42.119 42.607 62.0 天 0
42.619 43.107 57.0 涯 0
43.119 43.607 62.0 海 0
43.619 44.107 64.0 - 0
44.119 44.607 62.0 角 0
45.119 45.607 60.0 流 0
45.619 46.107 57.0 过 0
46.119 46.607 60.0 你 0
46.619 47.107 62.0 和 0
47.119 47.607 62.0 我 0
47.619 48.607 64.0 - 1
49.119 49.607 64.0 流 0
49.619 50.107 67.0 过 0
50.119 50.607 69.0 我 0
50.619 51.107 62.0 的 0
51.119 51.857 64.0 心 0
51.869 52.107 62.0 - 0
52.119 53.107 62.0 底 0
53.119 53.607 64.0 流 0
53.619 54.107 67.0 过 0
54.119 54.607 67.0 我 0
54.619 54.857 62.0 的 0
54.869 55.107 64.0 梦 0
55.119 56.107 60.0 里 1
57.161 57.399 60.0 流 0
57.411 57.899 62.0 - 0
57.911 58.149 62.0 过 0
58.161 58.649 62.0 想 0
58.661 58.899 57.0 你 0
58.911 59.149 57.0 的 0
59.161 59.649 62.0 清 0
59.661 60.149 64.0 - 0
60.161 60.649 62.0 晨 0
61.161 61.649 55.0 想 0
61.661 62.149 57.0 你 0
62.161 62.649 60.0 的 0
62.661 63.149 59.0 日 0
63.161 64.149 57.0 落 1
65.108 65.596 57.0 相 0
65.608 65.846 64.0 思 0
65.858 66.096 64.0 是 0
66.108 66.596 64.0 一 0
66.608 67.096 64.0 条 0
67.108 67.608 62.0 河 0
67.608 68.096 64.0 - 1
69.286 69.774 57.0 轻 0
69.786 70.274 59.0 轻 0
70.286 70.774 57.0 地 0
70.786 71.274 55.0 流 0
71.286 72.274 57.0 着 1
73.201 73.689 57.0 流 0
73.701 74.189 62.0 过 0
74.201 74.689 62.0 千 0
74.701 75.189 57.0 山 0
75.201 75.689 62.0 万 0
75.701 76.189 64.0 - 0
76.201 76.689 62.0 水 0
77.201 77.689 60.0 流 0
77.701 78.189 57.0 过 0
78.201 78.689 60.0 你 0
78.701 79.189 62.0 和 0
79.201 79.689 62.0 我 0
79.701 80.689 64.0 - 1
81.17 81.658 64.0 流 0
81.67 82.158 67.0 过 0
82.17 82.658 69.0 春 0
82.67 83.158 62.0 夏 0
83.17 83.658 62.0 秋 0
83.67 84.158 64.0 - 0
84.17 85.158 62.0 冬 0
85.17 85.658 64.0 流 0
85.67 86.158 67.0 过 0
86.17 86.658 67.0 花 0
86.67 86.908 62.0 开 0
86.92 87.408 64.0 花 0
87.42 88.158 60.0 落 1
89.173 89.411 57.0 流 0
89.423 89.911 59.0 - 0
89.923 90.161 59.0 过 0
90.173 90.661 59.0 所 0
90.673 91.161 52.0 有 0
91.173 91.661 62.0 岁 0
91.673 92.161 62.0 月 0
92.173 92.661 62.0 的 0
93.173 93.661 55.0 卿 0
93.673 94.161 57.0 卿 0
94.673 95.161 60.0 我 0
95.173 96.161 57.0 我 1
97.239 97.727 62.0 相 0
97.739 98.227 64.0 - 0
98.239 98.727 67.0 思 0
98.739 99.227 69.0 - 0
99.239 100.227 69.0 河 0
101.239 101.727 67.0 一 0
101.739 102.227 69.0 条 0
102.239 102.727 71.0 爱 0
102.739 102.977 67.0 情 0
102.989 103.227 69.0 的 0
103.239 104.727 69.0 河 1
105.114 105.602 64.0 爱 0
105.614 106.102 67.0 到 0
106.114 106.602 69.0 痴 0
106.614 107.102 71.0 心 0
107.114 108.102 69.0 不 0
108.114 108.602 67.0 改 0
109.114 109.602 62.0 谁 0
109.614 110.102 64.0 能 0
110.114 110.602 67.0 懂 0
110.614 111.102 66.0 - 0
111.114 112.602 64.0 得 1
113.098 114.086 57.0 爱 0
114.098 114.586 62.0 你 0
114.598 115.086 64.0 - 0
115.098 116.086 62.0 苦 0
117.098 117.586 64.0 想 0
117.598 118.586 64.0 你 0
118.598 119.086 62.0 更 0
119.098 119.586 64.0 苦 0
119.598 120.586 60.0 - 1
121.244 121.482 60.0 爱 0
121.494 121.982 62.0 - 0
121.994 122.232 62.0 来 0
122.244 122.732 62.0 想 0
122.744 123.232 64.0 去 0
123.244 123.982 62.0 最 0
123.994 124.232 64.0 - 0
124.244 124.732 62.0 后 0
125.244 125.732 62.0 泪 0
125.744 126.732 62.0 流 0
126.744 127.232 55.0 成 0
127.244 127.732 55.0 河 0
127.744 128.732 57.0 - 1
129.275 130.263 64.0 相 0
130.275 130.763 67.0 思 0
130.775 131.263 69.0 - 0
131.275 132.263 69.0 河 0
133.275 133.763 67.0 一 0
133.775 134.263 69.0 条 0
134.275 134.763 71.0 爱 0
134.775 135.013 67.0 情 0
135.025 135.263 69.0 的 0
135.275 136.763 69.0 河 1
137.174 137.662 64.0 一 0
137.674 137.912 69.0 辈 0
137.924 138.162 69.0 子 0
138.174 138.662 69.0 用 0
138.674 139.162 71.0 心 0
139.174 140.162 69.0 去 0
140.174 140.662 67.0 爱 0
141.174 141.662 62.0 真 0
141.674 142.162 64.0 的 0
142.174 142.662 67.0 难 0
142.674 143.162 66.0 - 0
143.174 144.662 64.0 得 1
145.16 146.148 57.0 朝 0
146.16 146.648 62.0 也 0
146.66 147.148 64.0 寂 0
147.16 148.148 62.0 寞 0
149.16 149.648 67.0 黑 0
149.66 150.648 64.0 夜 0
150.66 151.148 62.0 也 0
151.16 151.648 64.0 寂 0
151.66 152.648 60.0 寞 1
153.19 153.428 60.0 朝 0
153.44 153.928 62.0 - 0
153.94 154.178 62.0 朝 0
154.19 154.678 62.0 暮 0
154.69 155.178 64.0 暮 0
155.19 155.678 62.0 重 0
155.69 156.178 62.0 复 0
156.19 156.678 62.0 着 0
157.19 157.678 62.0 悲 0
157.69 158.678 62.0 欢 0
158.69 159.178 55.0 离 0
159.19 159.678 55.0 合 0
159.69 160.678 57.0 - 1
193.28 193.768 57.0 相 0
193.78 194.018 64.0 思 0
194.03 194.268 64.0 是 0
194.28 194.768 64.0 一 0
194.78 195.268 64.0 条 0
195.28 195.78 62.0 河 0
195.78 196.268 64.0 - 1
197.287 197.775 57.0 轻 0
197.787 198.275 59.0 轻 0
198.287 198.775 57.0 地 0
198.787 199.275 55.0 流 0
199.287 200.275 57.0 着 1
201.114 201.602 57.0 流 0
201.614 202.102 62.0 过 0
202.114 202.602 62.0 千 0
202.614 203.102 57.0 山 0
203.114 203.602 62.0 万 0
203.614 204.102 64.0 - 0
204.114 204.602 62.0 水 0
205.114 205.602 60.0 流 0
205.614 206.102 57.0 过 0
206.114 206.602 60.0 你 0
206.614 207.102 62.0 和 0
207.114 207.602 62.0 我 0
207.614 208.602 64.0 - 1
209.167 209.655 64.0 流 0
209.667 210.155 67.0 过 0
210.167 210.655 69.0 春 0
210.667 211.155 62.0 夏 0
211.167 211.905 64.0 秋 0
211.917 212.155 62.0 - 0
212.167 213.155 62.0 冬 0
213.167 213.655 64.0 流 0
213.667 214.155 67.0 过 0
214.167 214.655 67.0 花 0
214.667 214.905 62.0 开 0
214.917 215.405 64.0 花 0
215.417 216.155 60.0 落 1
217.159 217.397 57.0 流 0
217.409 217.897 59.0 - 0
217.909 218.147 59.0 过 0
218.159 218.647 59.0 所 0
218.659 219.147 52.0 有 0
219.159 219.647 62.0 岁 0
219.659 220.147 62.0 月 0
220.159 220.647 62.0 的 0
221.159 221.647 55.0 卿 0
221.659 222.147 57.0 卿 0
222.659 223.147 60.0 我 0
223.159 224.147 57.0 我 1
225.285 226.273 64.0 相 0
226.285 226.773 67.0 思 0
226.785 227.273 69.0 - 0
227.285 228.273 69.0 河 0
229.285 229.773 67.0 一 0
229.785 230.273 69.0 条 0
230.285 230.773 71.0 爱 0
230.785 231.023 67.0 情 0
231.035 231.273 69.0 的 0
231.285 232.773 69.0 河 1
233.212 233.7 64.0 爱 0
233.712 234.2 67.0 到 0
234.212 234.7 69.0 痴 0
234.712 235.2 71.0 心 0
235.212 236.2 69.0 不 0
236.212 236.7 67.0 改 0
237.212 237.7 62.0 谁 0
237.712 238.2 64.0 能 0
238.212 238.7 67.0 懂 0
238.712 239.2 66.0 - 0
239.212 240.7 64.0 得 1
241.161 242.149 57.0 爱 0
242.161 242.649 62.0 你 0
242.661 243.149 64.0 - 0
243.161 244.149 62.0 苦 0
245.161 245.649 64.0 想 0
245.661 246.649 64.0 你 0
246.661 247.149 62.0 更 0
247.161 247.649 64.0 苦 0
247.661 248.649 60.0 - 1
249.148 249.386 60.0 爱 0
249.398 249.886 62.0 - 0
249.898 250.136 62.0 来 0
250.148 250.636 62.0 想 0
250.648 251.136 64.0 去 0
251.148 251.886 62.0 最 0
251.898 252.136 64.0 - 0
252.148 252.636 62.0 后 0
253.148 253.636 62.0 泪 0
253.648 254.636 62.0 流 0
254.648 255.136 55.0 成 0
255.148 255.636 55.0 河 0
255.648 256.636 57.0 - 1
257.128 258.116 64.0 相 0
258.128 258.616 67.0 思 0
258.628 259.116 69.0 - 0
259.128 260.116 69.0 河 0
261.128 261.616 67.0 一 0
261.628 262.116 69.0 条 0
262.128 262.616 71.0 爱 0
262.628 262.866 67.0 情 0
262.878 263.116 69.0 的 0
263.128 264.616 69.0 河 1
265.156 265.644 64.0 一 0
265.656 265.894 69.0 辈 0
265.906 266.144 69.0 子 0
266.156 266.644 69.0 用 0
266.656 267.144 71.0 心 0
267.156 268.144 69.0 去 0
268.156 268.644 67.0 爱 0
269.156 269.644 62.0 真 0
269.656 270.144 64.0 的 0
270.156 270.644 67.0 难 0
270.656 271.144 66.0 - 0
271.156 272.644 64.0 得 1
273.184 274.172 57.0 朝 0
274.184 274.672 62.0 也 0
274.684 275.172 64.0 寂 0
275.184 276.172 62.0 寞 0
277.184 277.672 67.0 黑 0
277.684 278.672 64.0 夜 0
278.684 279.172 62.0 也 0
279.184 279.672 64.0 寂 0
279.684 280.672 60.0 寞 1
281.2 281.438 60.0 朝 0
281.45 281.938 62.0 - 0
281.95 282.188 62.0 朝 0
282.2 282.688 62.0 暮 0
282.7 283.188 64.0 暮 0
283.2 283.688 62.0 重 0
283.7 284.188 62.0 复 0
284.2 284.688 62.0 着 0
285.2 285.688 64.0 悲 0
285.7 286.688 62.0 欢 0
286.7 287.188 55.0 离 0
287.2 287.688 55.0 合 0
287.7 288.688 57.0 - 1
289.104 289.342 60.0 朝 0
289.354 289.842 62.0 - 0
289.854 290.092 62.0 朝 0
290.104 290.592 62.0 暮 0
290.604 291.092 64.0 暮 0
291.104 291.592 62.0 重 0
291.604 292.092 62.0 复 0
292.104 292.592 62.0 着 0
293.104 293.592 65.0 悲 0
293.604 295.344 67.0 欢 0
295.36 296.002 71.0 离 0
296.012 297.088 69.0 - 0
297.098 301.086 69.0 合 1
