23.249 23.508 67.0 没 0
23.508 23.766 67.0 答 0
23.766 24.284 67.0 案 0
24.284 24.542 67.0 没 0
24.542 24.801 67.0 答 0
24.801 25.318 67.0 案 0
25.318 25.577 65.0 真 0
25.577 25.835 63.0 爱 0
25.835 26.353 62.0 在 0
26.353 26.87 60.0 哪 1
27.217 27.476 67.0 我 0
27.476 27.734 67.0 的 0
27.734 28.252 67.0 爱 0
28.252 28.51 67.0 我 0
28.51 28.769 67.0 的 0
28.769 29.286 70.0 爱 0
29.286 29.545 68.0 难 0
29.545 29.803 67.0 道 0
29.803 30.321 65.0 是 0
30.321 30.838 63.0 他 1
31.535 31.794 67.0 用 0
31.794 32.052 67.0 力 0
32.052 32.57 67.0 想 0
32.57 32.828 67.0 用 0
32.828 33.087 67.0 力 0
33.087 33.604 67.0 想 0
33.604 33.863 65.0 没 0
33.863 34.121 63.0 有 0
34.121 34.638 62.0 回 0
34.638 34.897 60.0 答 1
34.995 35.512 63.0 百 0
35.512 35.771 63.0 分 0
35.771 36.029 60.0 百 0
36.029 36.546 63.0 恋 0
36.546 36.805 63.0 爱 0
37.064 37.577 63.0 会 0
37.581 37.84 63.0 是 0
37.84 38.098 67.0 理 0
38.098 38.874 65.0 想 1
39.247 39.505 67.0 每 0
39.505 39.764 67.0 个 0
39.764 40.023 67.0 女 0
40.023 40.281 67.0 孩 0
40.281 40.54 67.0 都 0
40.54 40.798 67.0 在 0
40.798 41.057 67.0 期 0
41.057 41.316 67.0 待 1
41.352 41.61 67.0 完 0
41.61 41.869 67.0 美 0
41.869 42.127 67.0 的 0
42.127 42.386 65.0 爱 0
42.386 42.903 65.0 情 1
43.321 43.579 67.0 小 0
43.579 43.838 67.0 心 0
43.838 44.096 67.0 翼 0
44.096 44.355 67.0 翼 0
44.355 44.614 67.0 又 0
44.614 44.872 67.0 陷 0
44.872 45.131 67.0 下 0
45.131 45.39 67.0 去 1
45.454 45.841 70.0 聪 0
45.841 45.971 70.0 明 0
45.971 46.229 68.0 糊 0
46.229 46.488 67.0 涂 0
46.488 47.005 65.0 心 1
47.496 47.755 67.0 我 0
47.755 48.014 67.0 的 0
48.014 48.272 67.0 完 0
48.272 48.531 67.0 美 0
48.531 48.79 67.0 真 0
48.79 49.048 67.0 命 0
49.048 49.307 67.0 天 0
49.307 49.565 67.0 子 0
49.565 50.083 67.0 难 0
50.083 50.341 67.0 道 0
50.341 50.6 65.0 是 0
50.6 51.117 65.0 你 1
51.551 51.81 63.0 塔 0
51.81 52.069 60.0 - 0
52.069 52.586 63.0 罗 0
52.586 53.103 63.0 牌 0
53.103 53.62 63.0 的 0
53.62 53.879 63.0 答 0
53.879 54.138 63.0 案 0
54.138 54.396 63.0 很 0
54.396 54.655 67.0 怪 0
54.655 55.172 65.0 异 1
55.69 55.949 67.0 你 0
55.949 56.208 67.0 的 0
56.208 56.466 67.0 距 0
56.466 56.725 67.0 离 0
56.725 56.983 67.0 和 0
56.983 57.242 67.0 我 0
57.242 57.501 67.0 只 0
57.501 57.759 67.0 差 1
57.903 58.162 67.0 零 0
58.162 58.421 67.0 点 0
58.421 58.679 67.0 几 0
58.679 58.938 65.0 毫 0
58.938 59.455 65.0 米 1
59.85 60.109 67.0 我 0
60.109 60.368 67.0 的 0
60.368 60.626 67.0 睫 0
60.626 60.885 67.0 毛 0
60.885 61.143 67.0 像 0
61.143 61.402 67.0 在 0
61.402 61.661 67.0 剪 0
61.661 61.919 67.0 辑 1
62.058 62.446 70.0 你 0
62.446 62.575 70.0 一 0
62.575 62.834 68.0 言 0
62.834 63.093 67.0 一 0
63.093 63.61 65.0 行 1
63.935 64.194 67.0 我 0
64.194 64.452 67.0 能 0
64.452 64.711 67.0 感 0
64.711 64.97 67.0 应 0
64.97 65.228 67.0 彼 0
65.228 65.487 67.0 此 0
65.487 65.746 67.0 心 0
65.746 66.004 67.0 跳 1
66.02 66.279 67.0 是 0
66.279 66.537 67.0 一 0
66.537 66.796 67.0 样 0
66.796 67.055 65.0 频 0
67.055 67.313 67.0 率 0
67.313 67.572 65.0 - 1
68.219 68.478 63.0 满 0
68.478 68.736 60.0 分 0
68.736 68.995 63.0 爱 0
68.995 69.254 60.0 情 0
69.254 69.512 63.0 透 0
69.512 69.771 63.0 过 0
69.771 70.029 63.0 勉 0
70.029 70.288 63.0 励 1
70.321 70.58 63.0 距 0
70.58 70.838 63.0 离 0
70.838 71.097 63.0 又 0
71.097 71.356 67.0 拉 0
71.356 71.873 65.0 近 1
75.378 75.636 67.0 恋 0
75.636 75.895 65.0 爱 0
75.895 76.153 63.0 百 0
76.153 76.412 62.0 分 0
76.412 76.671 63.0 百 1
77.003 77.262 63.0 其 0
77.262 77.52 63.0 实 0
77.52 77.779 63.0 在 0
77.779 78.038 63.0 意 0
78.038 78.296 65.0 你 0
78.296 78.814 65.0 的 0
78.814 79.072 58.0 心 1
79.579 79.838 67.0 跨 0
79.838 80.097 65.0 越 0
80.097 80.355 63.0 一 0
80.355 80.614 62.0 零 0
80.614 81.131 63.0 一 0
81.131 81.39 63.0 那 0
81.39 81.648 63.0 是 0
81.648 81.907 63.0 理 0
81.907 82.166 63.0 想 0
82.166 82.424 65.0 标 0
82.424 82.942 65.0 底 1
83.776 84.035 67.0 我 0
84.035 84.294 65.0 的 0
84.294 84.552 63.0 眼 0
84.552 84.811 62.0 神 0
84.811 85.069 63.0 里 0
85.328 85.587 63.0 不 0
85.587 85.845 63.0 时 0
85.845 86.104 63.0 透 0
86.104 86.363 63.0 漏 0
86.363 86.621 65.0 着 0
86.621 87.138 65.0 讯 0
87.138 87.656 58.0 息 1
87.809 88.068 62.0 我 0
88.068 88.327 62.0 的 0
88.327 88.844 62.0 心 1
88.859 89.376 63.0 Love 0
89.893 90.281 62.0 Love 0
90.281 90.669 62.0 - 0
90.669 91.445 60.0 Love 1
91.923 92.182 67.0 恋 0
92.182 92.44 65.0 爱 0
92.44 92.699 63.0 百 0
92.699 92.958 62.0 分 0
92.958 93.216 63.0 百 0
93.475 93.734 63.0 其 0
93.734 93.992 63.0 实 0
93.992 94.251 63.0 知 0
94.251 94.509 63.0 道 0
94.509 94.768 65.0 你 0
94.768 95.285 65.0 的 0
95.285 95.803 58.0 心 1
96.059 96.318 67.0 不 0
96.318 96.576 65.0 得 0
96.576 96.835 63.0 不 0
96.835 97.094 62.0 相 0
97.094 97.611 63.0 信 0
97.611 97.869 63.0 幸 0
97.869 98.128 63.0 福 0
98.128 98.387 63.0 就 0
98.387 98.645 63.0 在 0
98.645 98.904 65.0 附 0
98.904 99.421 65.0 近 0
99.421 99.68 67.0 - 1
100.155 100.414 67.0 有 0
100.414 100.672 65.0 一 0
100.672 100.931 63.0 点 0
100.931 101.19 62.0 暧 0
101.19 101.448 63.0 昧 0
101.707 101.965 63.0 偷 0
101.965 102.224 63.0 偷 0
102.224 102.483 63.0 独 0
102.483 102.741 63.0 自 0
102.741 103.0 65.0 的 0
103.0 103.517 65.0 开 0
103.517 104.034 58.0 心 1
104.439 104.698 62.0 整 0
104.698 104.956 62.0 个 0
104.956 105.215 62.0 世 0
105.215 105.473 62.0 界 1
105.512 106.03 63.0 Love 0
106.547 106.935 62.0 Love 0
106.935 107.323 62.0 - 0
107.323 108.616 60.0 Love 1
109.59 109.849 67.0 你 0
109.849 110.108 67.0 的 0
110.108 110.366 67.0 距 0
110.366 110.625 67.0 离 0
110.625 110.884 67.0 和 0
110.884 111.142 67.0 我 0
111.142 111.401 67.0 只 0
111.401 111.659 67.0 差 1
111.701 111.96 67.0 零 0
111.96 112.219 67.0 点 0
112.219 112.477 67.0 几 0
112.477 112.736 65.0 毫 0
112.736 113.253 65.0 米 1
113.681 113.94 67.0 我 0
113.94 114.199 67.0 的 0
114.199 114.457 67.0 睫 0
114.457 114.716 67.0 毛 0
114.716 114.974 67.0 想 0
114.974 115.233 67.0 在 0
115.233 115.492 67.0 剪 0
115.492 115.75 67.0 辑 1
115.832 116.219 70.0 你 0
116.219 116.348 70.0 一 0
116.348 116.606 68.0 言 0
116.606 116.864 67.0 一 0
116.864 117.38 65.0 行 1
117.862 118.12 67.0 我 0
118.12 118.378 67.0 能 0
118.378 118.636 67.0 感 0
118.636 118.894 67.0 应 0
118.894 119.152 67.0 彼 0
119.152 119.41 67.0 此 0
119.41 119.668 67.0 心 0
119.668 119.926 67.0 跳 1
119.956 120.214 67.0 是 0
120.214 120.473 67.0 一 0
120.473 120.731 67.0 样 0
120.731 120.99 65.0 频 0
120.99 121.249 67.0 率 0
121.249 121.507 65.0 - 1
121.634 121.893 60.0 哦 0
121.893 122.151 63.0 百 0
122.151 122.41 60.0 分 0
122.41 122.668 63.0 百 0
122.668 122.927 60.0 的 0
122.927 123.444 63.0 爱 0
123.444 123.703 63.0 情 0
123.961 124.22 63.0 不 0
124.22 124.479 63.0 会 0
124.479 124.737 63.0 是 0
124.737 124.996 67.0 难 0
124.996 125.513 65.0 题 1
129.189 129.448 67.0 恋 0
129.448 129.706 65.0 爱 0
129.706 129.965 63.0 百 0
129.965 130.223 62.0 分 0
130.223 130.482 63.0 百 0
130.741 130.999 63.0 其 0
130.999 131.258 63.0 实 0
131.258 131.516 63.0 在 0
131.516 131.775 63.0 意 0
131.775 132.034 65.0 你 0
132.034 132.551 65.0 的 0
132.551 132.81 58.0 心 1
133.38 133.638 67.0 跨 0
133.638 133.897 65.0 越 0
133.897 134.156 63.0 一 0
134.156 134.414 62.0 零 0
134.414 134.932 63.0 一 0
134.932 135.19 63.0 那 0
135.19 135.449 63.0 是 0
135.449 135.707 63.0 理 0
135.707 135.966 63.0 想 0
135.966 136.225 65.0 标 0
136.225 136.742 65.0 底 1
137.531 137.789 67.0 我 0
137.789 138.048 65.0 的 0
138.048 138.307 63.0 眼 0
138.307 138.565 62.0 神 0
138.565 138.824 63.0 里 0
139.082 139.341 63.0 不 0
139.341 139.6 63.0 时 0
139.6 139.858 63.0 透 0
139.858 140.117 63.0 漏 0
140.117 140.376 65.0 着 0
140.376 140.893 65.0 讯 0
140.893 141.41 58.0 息 1
141.517 141.775 62.0 我 0
141.775 142.034 62.0 的 0
142.034 142.551 62.0 心 1
142.56 143.077 63.0 Love 0
143.595 143.983 62.0 Love 0
143.983 144.371 62.0 - 0
144.371 145.146 60.0 Love 1
145.79 146.048 67.0 恋 0
146.048 146.307 65.0 爱 0
146.307 146.565 63.0 百 0
146.565 146.824 62.0 分 0
146.824 147.083 63.0 百 0
147.341 147.6 63.0 其 0
147.6 147.859 63.0 实 0
147.859 148.117 63.0 知 0
148.117 148.376 63.0 道 0
148.376 148.634 65.0 你 0
148.634 149.152 65.0 的 0
149.152 149.669 58.0 心 1
149.971 150.229 67.0 不 0
150.229 150.488 65.0 得 0
150.488 150.746 63.0 不 0
150.746 151.005 62.0 相 0
151.005 151.522 63.0 信 0
151.522 151.781 63.0 幸 0
151.781 152.04 63.0 福 0
152.04 152.298 63.0 就 0
152.298 152.557 63.0 在 0
152.557 152.815 65.0 附 0
152.815 153.333 65.0 近 0
153.333 153.591 67.0 - 1
154.107 154.366 67.0 有 0
154.366 154.625 65.0 一 0
154.625 154.883 63.0 点 0
154.883 155.142 62.0 暧 0
155.142 155.401 63.0 昧 0
155.659 155.918 63.0 偷 0
155.918 156.176 63.0 偷 0
156.176 156.435 63.0 独 0
156.435 156.694 63.0 自 0
156.694 156.952 65.0 的 0
156.952 157.47 65.0 开 0
157.47 157.987 58.0 心 1
158.236 158.495 62.0 整 0
158.495 158.754 62.0 个 0
158.754 159.012 62.0 世 0
159.012 159.271 62.0 界 1
159.288 159.805 63.0 Love 0
160.322 160.71 62.0 Love 0
160.71 161.098 62.0 - 0
161.098 162.391 60.0 Love 1
183.021 183.28 67.0 恋 0
183.28 183.538 65.0 爱 0
183.538 183.797 63.0 百 0
183.797 184.055 62.0 分 0
184.055 184.314 63.0 百 0
184.573 184.831 63.0 其 0
184.831 185.09 63.0 实 0
185.09 185.349 63.0 在 0
185.349 185.607 63.0 意 0
185.607 185.866 65.0 你 0
185.866 186.383 65.0 的 0
186.383 186.642 58.0 心 1
187.099 187.358 67.0 跨 0
187.358 187.616 65.0 越 0
187.616 187.875 63.0 一 0
187.875 188.133 62.0 零 0
188.133 188.651 63.0 一 0
188.651 188.909 63.0 那 0
188.909 189.168 63.0 是 0
189.168 189.426 63.0 理 0
189.426 189.685 63.0 想 0
189.685 189.944 65.0 标 0
189.944 190.461 65.0 底 1
191.298 191.556 67.0 我 0
191.556 191.815 65.0 的 0
191.815 192.074 63.0 眼 0
192.074 192.332 62.0 神 0
192.332 192.591 63.0 里 0
192.85 193.108 63.0 不 0
193.108 193.367 63.0 时 0
193.367 193.625 63.0 透 0
193.625 193.884 63.0 漏 0
193.884 194.143 65.0 着 0
194.143 194.659 65.0 讯 0
194.659 195.176 58.0 息 1
195.448 195.706 62.0 我 0
195.706 195.964 62.0 的 0
195.964 196.481 62.0 心 1
196.506 197.022 63.0 Love 0
197.538 197.926 62.0 Love 0
197.926 198.313 62.0 - 0
198.313 199.088 60.0 Love 1
199.495 199.753 67.0 恋 0
199.753 200.012 65.0 爱 0
200.012 200.27 63.0 百 0
200.27 200.529 62.0 分 0
200.529 200.788 63.0 百 0
201.046 201.305 63.0 其 0
201.305 201.564 63.0 实 0
201.564 201.822 63.0 知 0
201.822 202.081 63.0 道 0
202.081 202.339 65.0 你 0
202.339 202.857 65.0 的 0
202.857 203.374 58.0 心 1
203.705 203.964 67.0 不 0
203.964 204.223 65.0 得 0
204.223 204.481 63.0 不 0
204.481 204.74 62.0 相 0
204.74 205.257 63.0 信 0
205.257 205.516 63.0 幸 0
205.516 205.774 63.0 福 0
205.774 206.033 63.0 就 0
206.033 206.292 63.0 在 0
206.292 206.55 65.0 附 0
206.55 207.068 65.0 近 0
207.068 207.326 67.0 - 1
207.752 208.011 67.0 有 0
208.011 208.27 65.0 一 0
208.27 208.528 63.0 点 0
208.528 208.787 62.0 暧 0
208.787 209.046 63.0 昧 0
209.304 209.563 63.0 偷 0
209.563 209.821 63.0 偷 0
209.821 210.08 63.0 独 0
210.08 210.339 63.0 自 0
210.339 210.597 65.0 的 0
210.597 211.114 65.0 开 0
211.114 211.632 58.0 心 1
212.0 212.259 62.0 整 0
212.259 212.518 62.0 个 0
212.518 212.776 62.0 世 0
212.776 213.035 62.0 界 1
213.064 213.581 63.0 Love 0
214.098 214.486 62.0 Love 0
214.486 214.874 62.0 - 0
214.874 216.167 60.0 Love 1
217.07 217.587 63.0 Love 0
218.104 218.492 62.0 Love 0
218.492 218.88 62.0 - 0
218.88 220.432 60.0 Love 1
221.326 221.843 63.0 Love 0
222.36 222.748 62.0 Love 0
222.748 223.136 62.0 - 0
223.136 224.946 60.0 Love 1
