10.657 10.973 47.0 曾 0
10.973 11.289 49.0 梦 0
11.289 11.605 47.0 想 0
11.605 11.921 49.0 仗 0
11.921 12.236 49.0 剑 0
12.236 12.394 47.0 走 0
12.552 12.868 47.0 天 0
12.868 13.973 47.0 涯 1
15.719 15.877 49.0 看 0
16.035 16.193 49.0 一 0
16.351 16.666 49.0 看 0
16.666 16.982 51.0 世 0
16.982 17.298 51.0 界 0
17.298 17.614 49.0 的 0
17.614 17.93 47.0 繁 0
17.93 18.877 44.0 华 1
20.816 21.131 52.0 年 0
21.131 21.447 54.0 少 0
21.605 21.763 47.0 的 0
21.763 21.921 54.0 心 0
22.079 22.395 54.0 总 0
22.395 22.71 47.0 有 0
22.71 23.026 49.0 些 0
23.026 23.342 52.0 轻 0
23.342 24.131 49.0 狂 1
25.991 26.307 52.0 如 0
26.307 26.623 54.0 今 0
26.623 26.781 47.0 你 0
26.939 27.254 47.0 四 0
27.254 27.57 44.0 海 0
27.57 27.886 47.0 为 0
27.886 28.675 49.0 家 1
30.954 31.27 47.0 曾 0
31.27 31.743 49.0 让 0
31.743 31.901 47.0 你 0
31.901 32.217 49.0 心 0
32.217 32.533 49.0 疼 0
32.533 32.691 47.0 的 0
32.849 33.164 47.0 姑 0
33.164 34.27 47.0 娘 1
36.003 36.318 49.0 如 0
36.318 36.634 49.0 今 0
36.634 36.95 49.0 已 0
36.95 37.266 51.0 悄 0
37.266 37.581 51.0 然 0
37.581 37.897 49.0 无 0
37.897 38.213 47.0 踪 0
38.213 39.16 44.0 影 1
40.975 41.291 52.0 爱 0
41.291 41.607 54.0 情 0
41.607 41.923 47.0 总 0
41.923 42.238 54.0 让 0
42.238 42.554 54.0 你 0
42.554 42.87 47.0 渴 0
42.87 43.186 49.0 望 0
43.186 43.501 54.0 又 0
43.501 43.817 52.0 感 0
43.817 44.133 49.0 到 0
44.133 44.449 49.0 烦 0
44.449 45.396 49.0 恼 1
46.116 46.432 52.0 曾 0
46.432 46.747 54.0 让 0
46.747 46.905 47.0 你 0
47.063 47.379 47.0 遍 0
47.379 47.695 44.0 体 0
47.695 48.011 47.0 鳞 0
48.011 48.8 49.0 伤 1
51.065 51.223 63.0 di 0
51.223 51.381 64.0 li 0
51.381 51.697 66.0 li 0
51.697 52.013 64.0 li 0
52.013 52.171 63.0 di 0
52.171 52.329 64.0 li 0
52.329 52.486 63.0 li 0
52.486 52.644 61.0 li 0
52.644 52.802 59.0 da 0
52.96 55.171 61.0 da 1
56.244 56.402 63.0 di 0
56.402 56.56 64.0 li 0
56.56 56.876 66.0 li 0
56.876 57.191 64.0 li 0
57.191 57.349 63.0 di 0
57.349 57.507 64.0 li 0
57.507 57.665 63.0 li 0
57.665 57.823 61.0 li 0
57.823 58.139 59.0 da 0
58.139 59.876 56.0 da 1
61.351 61.509 56.0 di 0
61.509 61.666 57.0 li 0
61.666 61.982 59.0 li 0
61.982 62.298 61.0 li 0
62.298 62.456 63.0 di 0
62.456 62.614 64.0 li 0
62.614 62.772 63.0 li 0
62.772 62.93 61.0 li 0
62.93 63.245 59.0 da 0
63.245 64.351 57.0 da 1
65.37 65.686 61.0 走 0
65.686 66.002 64.0 在 0
66.002 66.317 63.0 勇 0
66.317 66.791 59.0 往 0
66.949 67.423 57.0 直 0
67.58 67.896 56.0 前 0
67.896 68.212 54.0 的 0
68.212 68.528 56.0 路 0
68.528 69.791 56.0 上 1
71.402 71.56 63.0 di 0
71.56 71.718 64.0 li 0
71.718 72.034 66.0 li 0
72.034 72.349 64.0 li 0
72.349 72.507 63.0 di 0
72.507 72.665 64.0 li 0
72.665 72.823 63.0 li 0
72.823 72.981 61.0 li 0
72.981 73.139 59.0 da 0
73.297 75.034 61.0 da 1
76.452 76.609 63.0 di 0
76.609 76.767 64.0 li 0
76.767 77.083 66.0 li 0
77.083 77.399 64.0 li 0
77.399 77.557 63.0 di 0
77.557 77.715 64.0 li 0
77.715 77.873 63.0 li 0
77.873 78.031 61.0 li 0
78.031 78.346 59.0 da 0
78.346 80.399 56.0 da 1
81.555 81.713 56.0 di 0
81.713 81.871 57.0 li 0
81.871 82.187 59.0 li 0
82.187 82.503 61.0 li 0
82.503 82.66 63.0 di 0
82.66 82.818 64.0 li 0
82.818 82.976 63.0 li 0
82.976 83.134 61.0 li 0
83.134 83.45 59.0 da 0
83.45 84.713 57.0 da 1
85.275 85.59 49.0 有 0
85.59 85.906 61.0 难 0
85.906 86.064 59.0 过 0
86.064 86.222 57.0 也 0
86.222 87.801 56.0 有 1
88.498 88.813 57.0 精 0
88.813 91.34 54.0 彩 1
111.732 112.048 52.0 每 0
112.048 112.206 52.0 一 0
112.364 112.521 52.0 次 0
112.679 112.837 52.0 难 0
112.995 113.311 52.0 过 0
113.311 113.627 51.0 的 0
113.627 113.943 49.0 时 0
113.943 115.048 47.0 候 1
116.886 117.201 51.0 就 0
117.201 117.359 52.0 独 0
117.517 117.833 52.0 自 0
117.833 118.149 52.0 看 0
118.149 118.465 52.0 一 0
118.465 118.78 51.0 看 0
118.78 119.096 47.0 大 0
119.096 120.044 44.0 海 1
121.897 122.213 52.0 总 0
122.213 122.529 54.0 想 0
122.529 122.845 47.0 起 0
122.845 123.16 52.0 身 0
123.16 123.476 54.0 边 0
123.476 123.792 47.0 走 0
123.792 124.108 49.0 在 0
124.108 124.424 54.0 路 0
124.424 124.739 52.0 上 0
124.739 124.897 49.0 的 0
125.055 125.371 49.0 朋 0
125.371 126.16 49.0 友 1
126.893 127.209 52.0 有 0
127.209 127.524 54.0 多 0
127.524 127.682 47.0 少 0
127.84 128.156 47.0 正 0
128.156 128.472 44.0 在 0
128.472 128.788 47.0 疗 0
128.788 130.051 49.0 伤 1
131.969 132.126 63.0 di 0
132.126 132.284 64.0 li 0
132.284 132.6 66.0 li 0
132.6 132.916 64.0 li 0
132.916 133.074 63.0 di 0
133.074 133.232 64.0 li 0
133.232 133.39 63.0 li 0
133.39 133.547 61.0 li 0
133.547 133.705 59.0 da 0
133.863 136.074 61.0 da 1
136.997 137.155 63.0 di 0
137.155 137.313 64.0 li 0
137.313 137.629 66.0 li 0
137.629 137.945 64.0 li 0
137.945 138.102 63.0 di 0
138.102 138.26 64.0 li 0
138.26 138.418 63.0 li 0
138.418 138.576 61.0 li 0
138.576 138.892 59.0 da 0
138.892 140.629 56.0 da 1
142.176 142.334 56.0 di 0
142.334 142.492 57.0 li 0
142.492 142.807 59.0 li 0
142.807 143.123 61.0 li 0
143.123 143.281 63.0 di 0
143.281 143.439 64.0 li 0
143.439 143.597 63.0 li 0
143.597 143.755 61.0 li 0
143.755 144.071 59.0 da 0
144.071 145.176 57.0 da 1
146.175 146.491 61.0 不 0
146.491 146.807 64.0 知 0
146.807 147.122 61.0 多 0
147.122 147.596 59.0 少 0
147.754 148.228 57.0 孤 0
148.386 148.701 56.0 独 0
148.701 149.017 54.0 的 0
149.017 149.333 57.0 夜 0
149.333 150.596 56.0 晚 1
152.201 152.359 63.0 di 0
152.359 152.517 64.0 li 0
152.517 152.833 66.0 li 0
152.833 153.148 64.0 li 0
153.148 153.306 63.0 di 0
153.306 153.464 64.0 li 0
153.464 153.622 63.0 li 0
153.622 153.78 61.0 li 0
153.78 153.938 59.0 da 0
154.096 155.833 61.0 da 1
157.232 157.39 63.0 di 0
157.39 157.547 64.0 li 0
157.547 157.863 66.0 li 0
157.863 158.179 64.0 li 0
158.179 158.337 63.0 di 0
158.337 158.495 64.0 li 0
158.495 158.653 63.0 li 0
158.653 158.811 61.0 li 0
158.811 159.126 59.0 da 0
159.126 161.179 56.0 da 1
162.229 162.387 56.0 di 0
162.387 162.545 57.0 li 0
162.545 162.861 59.0 li 0
162.861 163.177 61.0 li 0
163.177 163.335 63.0 di 0
163.335 163.492 64.0 li 0
163.492 163.65 63.0 li 0
163.65 163.808 61.0 li 0
163.808 164.124 59.0 da 0
164.124 165.387 57.0 da 1
166.014 166.33 49.0 从 0
166.33 166.645 61.0 昨 0
166.645 166.803 59.0 夜 0
166.803 166.961 57.0 酒 0
166.961 168.54 56.0 醉 1
169.308 169.623 52.0 醒 0
169.623 172.15 54.0 来 1
172.448 172.763 52.0 每 0
172.763 172.921 52.0 一 0
173.079 173.237 52.0 次 0
173.395 173.553 54.0 难 0
173.711 174.027 52.0 过 0
174.027 174.342 51.0 的 0
174.342 174.658 49.0 时 0
174.658 175.763 47.0 候 1
177.403 177.719 51.0 就 0
177.719 177.877 52.0 独 0
178.035 178.351 52.0 自 0
178.351 178.666 54.0 看 0
178.666 178.982 52.0 一 0
178.982 179.298 51.0 看 0
179.298 179.614 47.0 大 0
179.614 180.561 44.0 海 1
182.602 182.918 52.0 总 0
182.918 183.233 54.0 想 0
183.233 183.549 47.0 起 0
183.549 183.865 52.0 身 0
183.865 184.181 54.0 边 0
184.181 184.497 47.0 走 0
184.497 184.812 49.0 在 0
184.812 185.128 54.0 路 0
185.128 185.444 52.0 上 0
185.444 185.602 49.0 的 0
185.76 186.076 49.0 朋 0
186.076 186.865 49.0 友 1
187.478 187.636 54.0 有 0
187.794 188.11 54.0 多 0
188.11 188.268 47.0 少 0
188.426 188.742 47.0 正 0
188.742 189.057 44.0 在 0
189.057 189.373 47.0 醒 0
189.373 190.636 49.0 来 1
192.709 192.867 52.0 让 0
193.025 193.183 52.0 我 0
193.341 193.499 52.0 们 0
193.656 193.814 52.0 干 0
193.972 194.288 52.0 了 0
194.288 194.604 51.0 这 0
194.604 194.92 49.0 杯 0
194.92 195.709 47.0 酒 1
197.666 197.982 51.0 好 0
197.982 198.139 52.0 男 0
198.297 198.613 52.0 儿 0
198.613 198.929 52.0 胸 0
198.929 199.245 52.0 怀 0
199.245 199.56 51.0 象 0
199.56 199.876 47.0 大 0
199.876 200.666 44.0 海 1
202.69 203.006 52.0 经 0
203.006 203.322 54.0 历 0
203.322 203.638 52.0 了 0
203.638 203.954 52.0 人 0
203.954 204.269 54.0 生 0
204.269 204.585 47.0 百 0
204.585 204.901 49.0 态 0
204.901 205.217 54.0 世 0
205.217 205.532 52.0 间 0
205.532 205.69 49.0 的 0
205.848 206.164 49.0 冷 0
206.164 206.48 47.0 暖 0
206.48 206.954 49.0 - 1
207.689 208.005 52.0 这 0
208.005 208.321 54.0 笑 0
208.321 208.478 47.0 容 0
208.636 208.952 47.0 温 0
208.952 209.268 44.0 暖 0
209.268 209.584 47.0 纯 0
209.584 210.373 49.0 真 1
212.885 213.2 51.0 每 0
213.2 213.358 52.0 一 0
213.516 213.674 52.0 次 0
213.832 214.148 51.0 难 0
214.148 214.464 52.0 过 0
214.464 214.779 51.0 的 0
214.779 215.095 49.0 时 0
215.095 216.2 47.0 候 1
217.806 218.122 51.0 就 0
218.122 218.28 52.0 独 0
218.438 218.754 52.0 自 0
218.754 219.069 52.0 看 0
219.069 219.385 52.0 一 0
219.385 219.701 51.0 看 0
219.701 220.017 47.0 大 0
220.017 220.964 44.0 海 1
222.982 223.298 52.0 总 0
223.298 223.613 54.0 想 0
223.613 223.929 47.0 起 0
223.929 224.245 52.0 身 0
224.245 224.561 54.0 边 0
224.561 224.877 47.0 走 0
224.877 225.192 49.0 在 0
225.192 225.508 54.0 路 0
225.508 225.824 52.0 上 0
225.824 225.982 49.0 的 0
226.14 226.456 49.0 朋 0
226.456 227.245 49.0 友 1
228.031 228.346 54.0 有 0
228.346 228.662 54.0 多 0
228.662 228.82 47.0 少 0
228.978 229.294 47.0 正 0
229.294 229.609 44.0 在 0
229.609 229.925 47.0 醒 0
229.925 231.188 49.0 来 1
233.066 233.382 51.0 让 0
233.382 233.54 52.0 我 0
233.698 233.856 52.0 们 0
234.014 234.329 52.0 干 0
234.329 234.645 52.0 了 0
234.645 234.961 51.0 这 0
234.961 235.277 49.0 杯 0
235.277 236.066 47.0 酒 1
238.023 238.339 51.0 好 0
238.339 238.654 52.0 男 0
238.654 238.97 52.0 儿 0
238.97 239.286 52.0 胸 0
239.286 239.602 52.0 怀 0
239.602 239.918 51.0 象 0
239.918 240.233 47.0 大 0
240.233 241.023 44.0 海 1
243.068 243.384 52.0 经 0
243.384 243.7 54.0 历 0
243.7 244.016 52.0 了 0
244.016 244.332 52.0 人 0
244.332 244.647 54.0 生 0
244.647 244.963 47.0 百 0
244.963 245.279 49.0 态 0
245.279 245.595 54.0 世 0
245.595 245.911 52.0 间 0
245.911 246.068 49.0 的 0
246.226 246.542 49.0 冷 0
246.542 246.858 47.0 暖 0
246.858 247.332 49.0 - 1
248.155 248.471 52.0 这 0
248.471 248.787 54.0 笑 0
248.787 248.945 47.0 容 0
249.102 249.418 47.0 温 0
249.418 249.734 44.0 暖 0
249.734 250.05 47.0 纯 0
250.05 250.839 49.0 真 1
