18.272 18.804 63.0 谁 0
18.804 19.336 63.0 - 0
19.336 19.602 64.0 还 0
19.602 19.868 63.0 记 0
19.868 20.134 63.0 - 0
20.257 20.77 66.0 得 0
20.77 21.266 66.0 是 0
21.266 21.762 68.0 谁 0
21.762 22.506 66.0 先 0
22.962 23.215 71.0 说 0
23.215 23.974 71.0 永 0
23.974 24.48 70.0 远 0
24.48 24.973 63.0 的 0
24.973 25.96 63.0 爱 0
26.853 27.362 59.0 我 0
27.362 27.871 68.0 以 0
27.871 28.126 59.0 前 0
28.126 28.38 58.0 的 0
28.38 28.876 58.0 - 0
28.876 29.372 66.0 一 0
29.372 29.868 66.0 句 0
29.939 30.187 64.0 话 0
30.187 30.434 63.0 是 0
30.434 31.451 64.0 我 0
31.959 32.213 63.0 们 0
32.213 32.467 64.0 以 0
32.467 33.021 66.0 后 0
33.021 33.298 63.0 的 0
33.298 33.575 61.0 伤 0
33.575 34.129 61.0 - 0
34.62 35.101 63.0 口 0
35.101 35.582 63.0 过 0
35.582 36.064 64.0 了 0
36.064 36.305 63.0 太 0
36.472 36.969 66.0 久 0
36.969 37.484 66.0 没 0
37.484 37.998 68.0 人 0
37.998 38.77 70.0 记 0
39.283 39.796 73.0 得 0
39.796 40.308 71.0 当 0
40.308 40.565 70.0 初 0
40.565 40.821 71.0 那 0
40.821 41.195 70.0 些 0
41.195 41.694 66.0 温 0
41.818 42.816 66.0 - 0
43.166 43.678 70.0 柔 0
43.678 43.933 71.0 我 0
43.933 44.189 68.0 和 0
44.189 44.381 68.0 - 0
44.381 44.701 66.0 你 0
44.701 45.203 66.0 - 0
45.203 45.705 68.0 手 0
45.705 46.207 59.0 牵 0
46.282 46.534 64.0 手 0
46.534 46.785 63.0 说 0
46.785 47.289 64.0 要 0
47.289 48.298 71.0 一 0
48.55 48.803 68.0 起 0
48.803 50.44 71.0 走 0
50.44 50.986 70.0 到 0
51.054 54.594 71.0 最 0
67.981 68.226 63.0 后 0
68.226 68.471 64.0 我 0
68.471 68.716 63.0 们 0
68.716 69.21 61.0 都 0
69.21 70.208 61.0 忘 0
71.998 72.246 63.0 了 0
72.246 72.494 64.0 这 0
72.494 72.743 63.0 条 0
72.743 73.239 63.0 路 0
73.239 73.735 61.0 走 0
73.735 74.23 59.0 了 0
74.23 74.974 54.0 多 0
76.051 76.298 63.0 久 0
76.298 76.546 64.0 心 0
76.546 76.794 63.0 中 0
76.794 77.29 61.0 是 0
77.29 77.786 59.0 清 0
77.786 78.281 59.0 楚 0
78.288 78.536 54.0 的 0
78.536 78.784 56.0 有 0
78.784 80.023 61.0 一 0
80.271 80.519 54.0 天 0
80.519 80.767 56.0 有 0
80.767 81.015 59.0 一 0
81.015 81.511 63.0 天 0
81.511 81.759 64.0 都 0
81.759 82.254 59.0 会 0
82.254 82.998 61.0 停 0
83.838 84.085 63.0 的 0
84.085 84.332 64.0 让 0
84.332 84.58 63.0 时 0
84.58 85.074 63.0 间 0
85.074 85.569 61.0 说 0
85.569 86.805 66.0 真 0
87.883 88.379 66.0 话 0
88.379 88.627 59.0 虽 0
88.627 89.123 58.0 然 0
89.123 89.618 58.0 我 0
89.618 90.114 59.0 也 0
90.114 90.858 61.0 害 0
91.881 92.129 63.0 怕 0
92.129 92.377 64.0 在 0
92.377 92.625 63.0 天 0
92.625 93.123 61.0 黑 0
93.123 93.622 59.0 了 0
93.622 94.122 66.0 以 0
94.158 94.407 59.0 后 0
94.407 94.657 59.0 我 0
94.657 94.907 66.0 们 0
94.907 95.279 66.0 都 0
95.279 95.651 64.0 不 0
95.651 96.394 64.0 知 0
96.642 96.89 59.0 道 0
96.89 97.387 66.0 会 0
97.387 97.884 64.0 不 0
97.884 98.381 64.0 会 0
98.381 98.63 59.0 有 0
98.63 101.845 66.0 遗 0
102.834 103.326 63.0 憾 0
103.326 103.818 63.0 谁 0
103.818 104.31 64.0 还 0
104.31 104.556 63.0 记 0
104.565 105.064 66.0 得 0
105.064 105.571 66.0 是 0
105.571 106.079 68.0 谁 0
106.079 106.586 66.0 先 0
106.586 107.086 71.0 说 0
107.086 108.072 71.0 永 0
108.072 108.565 70.0 远 0
108.565 109.058 66.0 的 0
109.058 110.291 63.0 爱 0
111.127 111.622 59.0 我 0
111.622 112.118 68.0 以 0
112.118 112.614 59.0 前 0
112.614 113.116 58.0 的 0
113.116 113.617 66.0 一 0
113.617 114.119 66.0 句 0
114.247 114.498 64.0 话 0
114.498 114.749 63.0 是 0
114.749 115.724 64.0 我 0
116.211 116.455 63.0 们 0
116.455 116.698 64.0 以 0
116.698 117.197 66.0 后 0
117.197 117.696 63.0 的 0
117.696 118.195 61.0 伤 0
118.679 119.17 63.0 口 0
119.17 119.661 63.0 过 0
119.661 120.152 64.0 了 0
120.152 120.398 63.0 太 0
120.408 120.903 66.0 久 0
120.903 121.403 66.0 没 0
121.403 121.903 68.0 人 0
121.903 122.653 70.0 记 0
123.149 123.398 73.0 得 0
123.398 123.895 71.0 当 0
123.895 124.391 70.0 初 0
124.391 124.64 71.0 那 0
124.64 125.012 70.0 些 0
125.012 125.385 66.0 温 0
125.385 126.627 66.0 柔 0
127.157 127.652 70.0 我 0
127.652 128.148 71.0 和 0
128.148 128.643 66.0 你 0
128.643 129.139 66.0 手 0
129.139 129.634 68.0 牵 0
129.634 130.13 59.0 手 0
130.13 130.378 63.0 说 0
130.378 130.626 63.0 要 0
130.626 131.122 64.0 一 0
131.122 132.113 71.0 起 0
132.361 132.609 68.0 走 0
132.609 134.096 71.0 到 0
134.096 134.592 70.0 最 0
134.84 138.806 71.0 后 0
151.331 151.579 63.0 我 0
151.579 151.827 64.0 们 0
151.827 152.075 63.0 都 0
152.075 152.571 63.0 累 0
152.571 153.562 61.0 了 0
153.562 154.306 59.0 - 0
155.333 155.581 63.0 却 0
155.581 155.829 64.0 没 0
155.829 156.077 63.0 办 0
156.077 156.573 63.0 法 0
156.573 157.069 61.0 往 0
157.069 157.564 59.0 回 0
157.564 158.308 54.0 走 0
159.331 159.58 63.0 两 0
159.58 159.828 64.0 - 0
159.828 160.076 63.0 颗 0
160.076 160.572 61.0 心 0
160.572 161.068 59.0 都 0
161.068 161.565 59.0 迷 0
161.601 161.849 54.0 惑 0
161.849 162.097 56.0 怎 0
162.097 163.337 61.0 么 0
163.584 163.832 54.0 说 0
163.832 164.08 56.0 怎 0
164.08 164.328 59.0 么 0
164.328 164.576 63.0 说 0
164.576 165.072 64.0 都 0
165.072 165.567 59.0 没 0
165.567 166.311 61.0 有 0
167.291 167.538 63.0 救 0
167.538 167.786 64.0 亲 0
167.786 168.034 63.0 爱 0
168.034 168.53 63.0 的 0
168.53 169.026 61.0 为 0
169.026 170.761 66.0 什 0
171.271 171.766 66.0 么 0
171.766 172.014 59.0 也 0
172.014 172.51 58.0 许 0
172.51 173.006 58.0 你 0
173.006 173.501 58.0 也 0
173.501 174.245 61.0 不 0
175.194 175.442 63.0 懂 0
175.442 175.69 64.0 两 0
175.69 175.938 63.0 个 0
175.938 176.434 61.0 相 0
176.434 176.93 59.0 爱 0
176.93 177.425 66.0 的 0
177.447 177.695 59.0 人 0
177.695 177.943 59.0 等 0
177.943 178.191 66.0 着 0
178.191 178.687 66.0 对 0
178.687 178.935 64.0 方 0
178.935 179.678 64.0 先 0
179.926 180.174 59.0 说 0
180.174 180.67 66.0 找 0
180.67 181.165 64.0 分 0
181.165 181.413 64.0 开 0
181.413 181.909 59.0 的 0
181.909 182.901 66.0 理 0
182.901 185.135 66.0 由 0
186.071 186.569 63.0 谁 0
186.569 187.066 63.0 还 0
187.066 187.564 64.0 记 0
187.564 187.813 63.0 得 0
187.813 188.309 66.0 爱 0
188.309 188.805 66.0 情 0
188.805 189.301 68.0 开 0
189.301 189.796 66.0 始 0
189.796 190.291 71.0 变 0
190.291 191.279 71.0 化 0
191.279 191.774 70.0 的 0
191.774 192.268 66.0 时 0
192.268 193.256 63.0 候 0
193.256 193.626 59.0 - 0
194.538 195.03 59.0 我 0
195.03 195.522 59.0 和 0
195.522 196.014 59.0 你 0
196.014 196.512 58.0 的 0
196.512 197.01 66.0 眼 0
197.01 197.508 66.0 中 0
197.544 197.793 64.0 看 0
197.793 198.293 63.0 见 0
198.293 199.293 64.0 了 0
199.543 199.793 63.0 不 0
199.793 200.043 64.0 同 0
200.043 200.532 66.0 的 0
200.532 200.777 63.0 天 0
200.777 201.266 63.0 - 0
201.266 201.755 61.0 空 0
201.935 202.435 63.0 走 0
202.435 202.934 63.0 的 0
202.934 203.434 64.0 太 0
203.434 203.684 63.0 远 0
203.758 204.256 66.0 终 0
204.256 204.752 66.0 于 0
204.752 205.247 68.0 走 0
205.247 205.991 70.0 到 0
206.239 206.611 71.0 分 0
206.735 207.23 71.0 岔 0
207.23 207.726 70.0 路 0
207.726 207.974 71.0 的 0
207.974 208.222 70.0 路 0
208.222 208.718 66.0 - 0
208.718 209.957 66.0 口 0
210.354 210.852 70.0 是 0
210.852 211.349 71.0 - 0
211.349 211.846 68.0 不 0
211.846 212.344 66.0 是 0
212.344 212.841 59.0 你 0
212.841 213.338 59.0 和 0
213.369 213.618 64.0 我 0
213.618 213.867 63.0 要 0
213.867 214.363 64.0 有 0
214.363 215.354 71.0 两 0
215.602 215.85 68.0 个 0
215.85 217.089 71.0 相 0
217.089 217.585 73.0 反 0
217.585 217.833 71.0 的 0
217.833 221.303 71.0 - 0
221.757 222.256 63.0 梦 0
222.256 222.755 63.0 谁 0
222.755 223.254 63.0 还 0
223.254 223.503 63.0 记 0
223.589 224.086 66.0 得 0
224.086 224.582 66.0 是 0
224.582 225.078 66.0 谁 0
225.078 225.822 66.0 先 0
226.317 226.565 71.0 说 0
226.565 227.061 71.0 永 0
227.061 227.557 70.0 远 0
227.557 227.804 66.0 的 0
227.804 228.174 63.0 爱 0
228.174 229.036 63.0 - 0
229.036 230.021 59.0 我 0
230.517 230.763 59.0 - 0
230.763 231.256 68.0 以 0
231.256 231.748 59.0 前 0
231.748 232.251 58.0 的 0
232.251 232.753 66.0 一 0
232.753 233.256 66.0 句 0
233.256 233.507 64.0 话 0
233.507 233.759 63.0 是 0
233.759 234.747 64.0 我 0
235.241 235.488 63.0 们 0
235.488 235.735 64.0 以 0
235.735 236.476 66.0 后 0
236.476 236.969 63.0 的 0
236.97 237.464 61.0 伤 0
237.684 238.183 63.0 口 0
238.183 238.682 63.0 过 0
238.682 239.181 63.0 了 0
239.181 239.43 63.0 太 0
239.459 239.956 66.0 久 0
239.956 240.452 66.0 没 0
240.452 240.948 68.0 人 0
240.948 241.692 70.0 记 0
241.939 242.435 73.0 得 0
242.435 242.931 71.0 当 0
242.931 243.427 70.0 初 0
243.427 243.675 71.0 那 0
243.675 244.23 70.0 些 0
244.23 244.909 75.0 温 0
244.909 245.402 71.0 - 0
245.402 246.145 71.0 柔 0
246.39 246.638 70.0 我 0
246.638 247.134 68.0 和 0
247.134 247.629 66.0 你 0
247.629 248.125 66.0 手 0
248.125 248.621 68.0 牵 0
248.621 249.117 59.0 手 0
249.129 249.376 64.0 说 0
249.376 249.624 63.0 要 0
249.624 250.118 64.0 一 0
250.118 250.366 70.0 起 0
250.366 250.86 71.0 - 0
251.354 251.601 68.0 走 0
251.601 253.088 71.0 到 0
253.088 253.584 73.0 最 0
253.584 257.55 71.0 后 0
