40.345 40.77 52.0 雨 0
40.774 41.091 59.0 一 0
41.202 41.52 55.0 直 0
41.631 43.127 59.0 下 0
43.774 43.877 59.0 气 0
43.988 44.199 59.0 氛 0
44.202 44.52 62.0 不 0
44.631 44.949 64.0 算 0
45.059 45.484 59.0 融 0
45.488 45.591 57.0 - 0
45.702 47.627 57.0 洽 1
48.225 48.435 55.0 在 0
48.439 48.542 57.0 同 0
48.653 48.757 55.0 个 0
48.867 48.971 57.0 屋 0
49.082 49.185 55.0 檐 0
49.296 49.614 57.0 下 1
49.889 49.992 55.0 你 0
50.103 50.207 57.0 渐 0
50.317 50.421 55.0 渐 0
50.532 50.635 57.0 感 0
50.746 50.85 55.0 到 0
50.96 51.171 59.0 心 0
51.389 51.814 59.0 在 0
51.817 52.135 57.0 变 0
52.246 52.35 52.0 - 0
52.46 53.207 52.0 化 1
54.027 54.345 52.0 你 0
54.456 54.881 57.0 爱 0
54.884 55.202 55.0 着 0
55.313 56.917 59.0 他 1
57.265 57.422 59.0 也 0
57.479 57.582 59.0 许 0
57.693 57.904 59.0 也 0
57.907 58.225 62.0 带 0
58.336 58.654 64.0 着 0
58.765 59.19 59.0 恨 0
59.193 59.297 57.0 - 0
59.407 61.011 57.0 吧 1
61.802 62.012 57.0 青 0
62.016 62.173 59.0 春 0
62.23 62.387 60.0 耗 0
62.444 62.602 59.0 了 0
62.659 62.816 60.0 一 0
62.873 63.03 59.0 大 0
63.087 63.352 60.0 半 1
63.663 63.82 59.0 原 0
63.877 64.035 60.0 来 0
64.092 64.249 59.0 只 0
64.306 64.463 60.0 是 0
64.52 64.731 64.0 陪 0
64.735 65.106 66.0 他 0
65.163 65.535 64.0 玩 0
65.592 66.874 59.0 耍 1
67.459 67.777 64.0 正 0
67.888 68.045 64.0 想 0
68.102 68.527 59.0 离 0
68.531 68.956 55.0 开 0
68.959 70.241 59.0 他 0
71.102 71.259 59.0 他 0
71.316 71.527 59.0 却 0
71.531 71.956 62.0 拿 0
71.959 72.384 64.0 着 0
72.388 72.813 59.0 鲜 0
72.816 72.92 57.0 - 0
73.031 74.313 57.0 花 1
75.556 75.767 55.0 说 0
75.77 75.981 57.0 不 0
75.985 76.195 55.0 着 0
76.199 76.41 57.0 边 0
76.413 76.624 55.0 的 0
76.628 77.053 57.0 话 1
77.411 77.622 55.0 让 0
77.626 77.836 57.0 整 0
77.84 78.051 55.0 个 0
78.054 78.265 57.0 场 0
78.269 78.479 55.0 面 0
78.483 78.801 59.0 更 0
78.911 79.336 59.0 加 0
79.34 79.551 57.0 尴 0
79.554 79.765 55.0 - 0
79.769 80.033 52.0 - 0
80.036 80.836 52.0 尬 1
81.475 81.578 52.0 不 0
81.689 81.9 52.0 可 0
81.903 82.328 57.0 思 0
82.332 82.757 55.0 议 0
82.761 84.043 59.0 吧 0
84.903 85.061 59.0 梦 0
85.118 85.328 59.0 在 0
85.332 85.757 62.0 瞬 0
85.761 86.186 64.0 间 0
86.189 86.614 59.0 崩 0
86.618 86.828 57.0 - 0
86.886 88.757 57.0 塌 1
89.093 89.304 57.0 为 0
89.307 89.518 59.0 何 0
89.522 89.732 60.0 当 0
89.736 89.947 59.0 初 0
89.95 90.161 60.0 那 0
90.165 90.375 59.0 么 0
90.379 90.804 60.0 傻 1
91.019 91.229 59.0 还 0
91.233 91.444 60.0 一 0
91.447 91.658 59.0 心 0
91.662 91.872 60.0 想 0
91.876 92.087 64.0 要 0
92.09 92.408 66.0 嫁 0
92.519 92.837 64.0 给 0
92.947 95.087 66.0 他 1
95.583 96.008 67.0 就 0
96.011 96.436 66.0 是 0
96.44 96.865 64.0 爱 0
96.868 97.293 59.0 到 0
97.297 97.722 64.0 深 0
97.726 97.936 59.0 处 0
98.154 98.311 62.0 才 0
98.368 98.793 62.0 怨 0
98.797 99.543 59.0 他 1
99.923 100.241 57.0 舍 0
100.352 100.777 52.0 不 0
100.781 101.098 57.0 舍 0
101.209 101.42 52.0 得 0
101.423 101.634 52.0 都 0
101.638 101.795 55.0 断 0
101.852 102.277 55.0 了 0
102.281 102.706 52.0 吧 1
102.796 103.007 52.0 那 0
103.011 103.221 54.0 是 0
103.225 103.436 55.0 从 0
103.546 103.757 55.0 来 0
103.868 103.971 55.0 都 0
104.082 104.507 55.0 没 0
104.511 104.614 52.0 有 0
104.725 105.15 64.0 后 0
105.154 105.257 62.0 - 0
105.368 105.793 62.0 路 0
105.796 106.007 55.0 的 0
106.011 106.436 57.0 悬 0
106.439 108.686 59.0 崖 1
109.237 109.662 67.0 就 0
109.666 110.091 64.0 是 0
110.094 110.519 64.0 爱 0
110.523 110.948 59.0 到 0
110.951 111.376 64.0 深 0
111.38 111.591 59.0 处 0
111.808 111.966 62.0 才 0
112.023 112.448 59.0 由 0
112.451 113.198 59.0 他 1
113.469 113.787 57.0 碎 0
113.897 114.322 52.0 了 0
114.326 114.644 57.0 心 0
114.754 114.965 52.0 也 0
114.969 115.179 52.0 要 0
115.183 115.34 55.0 放 0
115.397 115.822 55.0 得 0
115.826 116.251 52.0 下 1
116.523 116.733 52.0 难 0
116.737 116.948 54.0 道 0
116.951 117.162 55.0 忘 0
117.273 117.483 55.0 了 0
117.594 117.698 55.0 那 0
117.808 118.019 55.0 爱 0
118.13 118.341 57.0 他 0
118.451 118.662 59.0 的 0
118.666 118.983 57.0 伤 1
119.317 119.421 57.0 已 0
119.532 119.742 57.0 密 0
119.96 120.278 54.0 密 0
120.389 120.707 50.0 麻 0
120.817 121.992 52.0 麻 1
122.469 122.894 52.0 雨 0
122.897 123.215 59.0 一 0
123.326 123.644 55.0 直 0
123.754 125.251 59.0 下 0
125.897 126.054 59.0 气 0
126.112 126.322 59.0 氛 0
126.326 126.644 62.0 不 0
126.754 127.072 64.0 算 0
127.183 127.608 59.0 融 0
127.612 127.715 57.0 - 0
127.826 129.751 57.0 洽 1
130.418 130.522 54.0 在 0
130.633 130.736 57.0 同 0
130.847 130.95 55.0 个 0
131.061 131.165 57.0 屋 0
131.275 131.379 55.0 檐 0
131.49 131.808 57.0 下 1
132.167 132.27 55.0 你 0
132.381 132.484 57.0 渐 0
132.595 132.699 55.0 渐 0
132.809 132.913 57.0 感 0
133.024 133.127 55.0 到 0
133.238 133.449 59.0 心 0
133.667 134.092 59.0 在 0
134.095 134.413 57.0 变 0
134.524 134.627 52.0 - 0
134.738 135.484 52.0 化 1
136.067 136.385 64.0 不 0
136.495 136.706 64.0 可 0
136.71 137.135 57.0 思 0
137.138 137.456 55.0 议 0
137.567 139.17 59.0 吧 0
139.71 139.867 59.0 梦 0
139.924 140.135 59.0 在 0
140.138 140.456 62.0 瞬 0
140.567 140.885 64.0 间 0
140.995 141.42 59.0 崩 0
141.424 141.527 57.0 - 0
141.638 143.242 57.0 塌 1
143.942 144.153 57.0 为 0
144.157 144.314 59.0 何 0
144.371 144.528 60.0 当 0
144.585 144.742 59.0 初 0
144.799 144.956 60.0 那 0
145.013 145.17 59.0 么 0
145.227 145.491 60.0 傻 1
145.871 146.081 59.0 还 0
146.085 146.295 60.0 一 0
146.299 146.509 59.0 心 0
146.513 146.723 60.0 想 0
146.727 146.937 64.0 要 0
146.941 147.258 66.0 嫁 0
147.369 147.686 64.0 给 0
147.797 149.933 66.0 他 1
150.36 150.785 67.0 就 0
150.788 151.213 66.0 是 0
151.216 151.641 64.0 爱 0
151.644 152.069 59.0 到 0
152.072 152.497 64.0 深 0
152.5 152.711 59.0 处 0
152.928 153.032 62.0 才 0
153.142 153.566 62.0 怨 0
153.57 154.315 59.0 他 1
154.752 155.069 57.0 舍 0
155.18 155.604 52.0 不 0
155.608 155.925 57.0 舍 0
156.036 156.246 52.0 得 0
156.25 156.46 52.0 都 0
156.464 156.621 55.0 断 0
156.678 157.102 55.0 了 0
157.106 157.53 52.0 吧 1
157.719 157.929 52.0 那 0
157.933 158.143 54.0 是 0
158.147 158.357 55.0 从 0
158.468 158.678 55.0 来 0
158.789 158.892 55.0 都 0
159.003 159.427 55.0 没 0
159.43 159.534 52.0 有 0
159.644 160.069 64.0 后 0
160.072 160.176 62.0 - 0
160.286 160.711 62.0 路 0
160.714 160.925 55.0 的 0
160.928 161.353 57.0 悬 0
161.356 163.6 59.0 崖 1
164.194 164.618 67.0 就 0
164.622 165.046 66.0 是 0
165.05 165.474 64.0 爱 0
165.478 165.902 59.0 到 0
165.906 166.33 64.0 深 0
166.334 166.544 59.0 处 0
166.762 166.919 62.0 才 0
166.976 167.4 62.0 由 0
167.404 168.149 59.0 他 1
168.441 168.758 57.0 碎 0
168.869 169.293 52.0 了 0
169.297 169.614 57.0 心 0
169.725 169.935 52.0 也 0
169.939 170.149 52.0 要 0
170.152 170.309 55.0 放 0
170.366 170.791 55.0 得 0
170.794 171.219 52.0 下 1
171.325 171.536 52.0 难 0
171.539 171.75 54.0 道 0
171.753 171.964 55.0 忘 0
172.074 172.285 55.0 了 0
172.395 172.499 55.0 那 0
172.609 172.82 55.0 爱 0
172.93 173.141 57.0 他 0
173.251 173.462 59.0 的 0
173.465 173.783 57.0 伤 1
174.113 174.217 57.0 已 0
174.327 174.537 57.0 密 0
174.755 175.072 54.0 密 0
175.183 175.5 50.0 麻 0
175.611 176.784 52.0 麻 1
177.077 177.394 64.0 不 0
177.505 177.608 64.0 要 0
177.719 177.929 64.0 再 0
178.04 178.143 64.0 为 0
178.361 178.464 64.0 了 0
178.575 178.785 64.0 他 0
178.789 178.999 62.0 挣 0
179.217 180.283 62.0 扎 1
180.657 180.974 66.0 不 0
181.084 181.188 66.0 要 0
181.298 181.509 66.0 再 0
181.619 181.83 66.0 为 0
181.94 182.151 67.0 他 0
182.154 182.365 66.0 左 0
182.368 182.579 64.0 牵 0
182.582 182.793 64.0 右 0
182.796 183.97 64.0 挂 1
183.983 184.301 67.0 今 0
184.411 184.515 67.0 后 0
184.625 184.836 67.0 不 0
184.946 185.05 67.0 管 0
185.267 185.37 67.0 他 0
185.481 185.691 67.0 爱 0
185.695 185.905 66.0 不 0
185.909 186.012 66.0 爱 0
186.123 186.868 66.0 谁 1
187.123 187.44 66.0 快 0
187.551 187.654 64.0 乐 0
187.765 188.403 64.0 吗 0
188.835 189.045 64.0 都 0
189.049 189.259 66.0 随 0
189.477 192.148 66.0 他 0
192.258 194.864 67.0 - 1
205.186 205.611 67.0 就 0
205.614 206.039 66.0 是 0
206.042 206.467 64.0 爱 0
206.47 206.894 59.0 到 0
206.898 207.322 64.0 深 0
207.326 207.536 59.0 处 0
207.754 207.911 62.0 才 0
207.968 208.392 62.0 由 0
208.396 209.141 59.0 他 1
209.384 209.701 57.0 碎 0
209.812 210.236 52.0 了 0
210.24 210.557 57.0 心 0
210.668 210.878 52.0 也 0
210.882 211.092 52.0 要 0
211.096 211.253 55.0 放 0
211.31 211.734 55.0 得 0
211.738 212.162 52.0 下 1
212.541 212.751 52.0 难 0
212.755 212.965 54.0 道 0
212.968 213.179 55.0 忘 0
213.289 213.5 55.0 了 0
213.61 213.714 55.0 那 0
213.824 214.035 55.0 爱 0
214.145 214.356 57.0 他 0
214.466 214.677 59.0 的 0
214.68 214.998 57.0 伤 1
215.199 215.303 57.0 已 0
215.413 215.624 57.0 密 0
215.841 216.159 54.0 密 0
216.269 216.587 50.0 麻 0
216.697 217.87 52.0 麻 1
218.899 219.323 67.0 就 0
219.327 219.751 66.0 是 0
219.755 220.18 64.0 爱 0
220.184 220.61 59.0 到 0
220.613 221.039 64.0 深 0
221.042 221.253 59.0 处 0
221.472 221.629 62.0 才 0
221.686 222.112 62.0 怨 0
222.115 222.863 59.0 他 1
223.101 223.42 57.0 舍 0
223.531 223.956 52.0 不 0
223.96 224.278 57.0 舍 0
224.389 224.6 52.0 得 0
224.603 224.814 52.0 都 0
224.818 224.922 55.0 断 0
225.033 225.458 55.0 了 0
225.462 225.887 52.0 吧 1
226.132 226.343 52.0 那 0
226.346 226.557 54.0 是 0
226.561 226.825 55.0 从 0
226.883 227.094 55.0 来 0
227.205 227.308 55.0 都 0
227.419 227.845 55.0 没 0
227.848 227.952 52.0 有 0
228.063 228.489 64.0 后 0
228.492 228.596 62.0 - 0
228.707 229.132 62.0 路 0
229.136 229.347 55.0 的 0
229.35 229.776 57.0 悬 0
229.78 232.029 59.0 崖 1
232.543 232.969 67.0 就 0
232.973 233.398 66.0 是 0
233.402 233.827 64.0 爱 0
233.831 234.257 59.0 到 0
234.26 234.686 64.0 深 0
234.689 234.9 59.0 处 0
235.118 235.276 62.0 才 0
235.333 235.759 62.0 由 0
235.762 236.51 59.0 他 1
236.955 237.274 57.0 碎 0
237.384 237.81 52.0 了 0
237.814 238.132 57.0 心 0
238.243 238.454 52.0 也 0
238.457 238.668 52.0 要 0
238.672 238.776 55.0 放 0
238.887 239.312 55.0 得 0
239.316 239.741 52.0 下 1
239.908 240.119 52.0 难 0
240.122 240.333 54.0 道 0
240.337 240.548 55.0 忘 0
240.659 240.87 55.0 了 0
240.98 241.084 55.0 那 0
241.195 241.406 55.0 爱 0
241.517 241.728 57.0 他 0
241.839 242.05 59.0 的 0
242.053 242.372 57.0 伤 1
242.633 242.737 55.0 已 0
242.848 243.059 57.0 密 0
243.116 243.488 54.0 密 0
243.492 243.81 50.0 麻 0
243.921 245.097 52.0 麻 1
