21.483 22.811 62.0 送 0
22.816 23.811 60.0 - 0
23.816 25.477 58.0 战 0
26.816 26.977 58.0 - 0
26.983 27.811 57.0 友 0
27.816 28.144 60.0 踏 0
28.149 28.644 55.0 - 0
28.649 29.144 57.0 征 0
29.149 29.477 53.0 - 0
29.483 31.727 53.0 - 0
32.149 32.477 62.0 程 0
32.483 33.144 65.0 默 0
33.149 33.477 62.0 - 0
33.483 33.811 62.0 默 0
33.816 34.144 60.0 无 0
34.149 34.644 58.0 - 0
34.816 35.144 58.0 语 0
35.149 35.727 55.0 两 0
35.816 36.144 53.0 眼 0
36.149 37.311 55.0 - 0
37.64 38.634 58.0 泪 0
38.64 38.968 60.0 耳 0
38.973 39.301 60.0 边 0
39.306 39.634 62.0 响 0
39.64 40.301 65.0 起 0
40.306 41.301 67.0 驼 0
41.306 41.634 65.0 - 0
41.64 42.134 62.0 铃 0
42.14 42.634 60.0 - 0
42.64 42.968 62.0 - 0
42.973 45.634 60.0 声 0
48.193 49.521 62.0 路 0
49.527 50.188 60.0 漫 0
50.193 50.855 60.0 - 0
50.86 53.521 58.0 漫 0
53.527 53.938 60.0 雾 0
53.943 54.521 57.0 - 0
54.527 54.855 60.0 - 0
54.86 55.521 57.0 蒙 0
55.527 56.188 53.0 - 0
56.193 58.855 55.0 蒙 0
58.958 59.286 50.0 革 0
59.291 59.953 53.0 - 0
59.958 60.286 55.0 命 0
60.291 60.619 55.0 生 0
60.625 60.953 58.0 - 0
60.958 61.619 60.0 涯 0
61.625 61.953 60.0 常 0
61.958 62.286 62.0 - 0
62.291 62.619 62.0 分 0
62.625 62.953 65.0 - 0
62.958 63.619 58.0 手 0
63.625 64.203 55.0 - 0
64.238 65.233 58.0 一 0
65.238 65.566 60.0 样 0
65.572 65.9 60.0 分 0
65.905 66.233 62.0 - 0
66.238 66.9 65.0 别 0
66.905 67.9 67.0 两 0
67.905 68.233 65.0 - 0
68.238 68.733 62.0 样 0
68.738 69.233 60.0 - 0
69.238 69.566 62.0 - 0
69.572 74.316 65.0 情 0
74.84 75.168 65.0 战 0
75.173 75.835 67.0 友 0
75.84 76.168 65.0 啊 0
76.173 76.835 67.0 战 0
76.84 77.501 67.0 - 0
77.507 80.001 67.0 友 0
80.302 80.964 70.0 亲 0
80.969 81.63 67.0 - 0
81.636 81.964 65.0 爱 0
81.969 82.63 65.0 - 0
82.636 82.964 70.0 的 0
82.969 83.63 67.0 弟 0
83.636 84.297 65.0 - 0
84.302 85.464 60.0 兄 0
85.531 85.859 60.0 当 0
85.864 86.192 62.0 - 0
86.197 87.525 62.0 心 0
87.531 88.192 67.0 - 0
88.197 88.692 65.0 夜 0
88.697 89.192 62.0 - 0
89.197 89.525 60.0 - 0
89.531 90.775 58.0 半 0
90.864 91.859 58.0 北 0
91.864 92.192 60.0 - 0
92.197 92.859 63.0 风 0
92.864 93.525 62.0 - 0
93.531 96.025 60.0 寒 0
96.303 97.631 53.0 一 0
97.637 98.631 62.0 路 0
98.637 98.965 65.0 - 0
98.97 99.465 60.0 多 0
99.47 99.965 60.0 - 0
99.97 100.381 58.0 - 0
100.387 101.048 55.0 保 0
101.053 101.715 55.0 - 0
101.72 106.965 58.0 重 0
154.805 156.133 62.0 送 0
156.138 156.8 60.0 - 0
156.805 157.466 60.0 战 0
157.472 158.8 58.0 - 0
160.138 160.633 58.0 友 0
160.638 161.133 57.0 踏 0
161.138 161.466 60.0 - 0
161.472 161.966 55.0 - 0
161.972 162.466 57.0 征 0
162.472 162.8 53.0 - 0
162.805 165.05 53.0 - 0
165.499 165.827 62.0 程 0
165.832 166.493 65.0 任 0
166.499 166.827 62.0 重 0
166.832 167.16 62.0 道 0
167.165 167.493 60.0 - 0
167.499 167.993 58.0 远 0
168.165 168.493 58.0 多 0
168.499 169.077 55.0 艰 0
169.165 169.493 53.0 - 0
169.499 170.66 55.0 辛 0
170.934 171.929 58.0 洒 0
171.934 172.262 60.0 下 0
172.267 172.595 60.0 一 0
172.601 172.929 62.0 - 0
172.934 173.595 65.0 路 0
173.601 174.595 67.0 驼 0
174.601 174.929 65.0 - 0
174.934 175.429 65.0 铃 0
175.434 175.929 60.0 - 0
175.934 176.262 62.0 - 0
176.267 178.929 60.0 声 0
181.606 182.934 62.0 山 0
182.939 183.6 60.0 叠 0
183.606 184.267 60.0 - 0
184.272 186.6 58.0 嶂 0
186.939 187.35 60.0 水 0
187.356 187.934 57.0 - 0
187.939 188.267 60.0 - 0
188.272 188.934 57.0 纵 0
188.939 189.6 53.0 - 0
189.606 192.017 55.0 横 0
192.2 193.195 53.0 顶 0
193.2 193.528 55.0 - 0
193.534 194.195 58.0 风 0
194.2 194.862 60.0 逆 0
194.867 195.195 60.0 水 0
195.2 195.528 62.0 雄 0
195.534 195.862 62.0 - 0
195.867 196.195 65.0 心 0
196.2 196.862 58.0 - 0
196.867 197.445 55.0 在 0
197.525 198.519 58.0 - 0
198.525 198.853 60.0 不 0
198.858 199.186 60.0 负 0
199.191 199.519 62.0 人 0
199.525 200.186 65.0 - 0
200.191 201.186 67.0 民 0
201.191 201.519 65.0 养 0
201.525 202.019 62.0 - 0
202.025 202.519 60.0 育 0
202.525 202.853 62.0 - 0
202.858 207.603 65.0 - 0
208.159 208.487 65.0 情 0
208.493 209.154 67.0 战 0
209.159 209.487 65.0 友 0
209.493 210.154 70.0 啊 0
210.159 210.821 65.0 战 0
210.826 213.321 67.0 - 0
213.563 214.224 67.0 友 0
214.229 214.891 67.0 亲 0
214.896 215.224 65.0 - 0
215.229 215.891 65.0 爱 0
215.896 216.224 70.0 - 0
216.229 216.641 65.0 的 0
216.646 217.224 65.0 弟 0
217.229 217.557 62.0 - 0
217.563 218.724 60.0 - 0
218.849 219.177 60.0 兄 0
219.182 219.51 62.0 待 0
219.516 220.76 62.0 - 0
220.849 221.51 67.0 到 0
221.516 222.01 65.0 - 0
222.016 222.51 62.0 春 0
222.516 222.844 60.0 - 0
222.849 224.094 58.0 - 0
224.182 225.177 58.0 风 0
225.182 225.51 60.0 传 0
225.516 226.177 63.0 - 0
226.182 226.844 62.0 佳 0
226.849 229.344 60.0 - 0
229.552 230.88 53.0 讯 0
230.885 231.88 62.0 我 0
231.885 232.213 65.0 们 0
232.218 232.713 60.0 - 0
232.718 233.213 60.0 再 0
233.218 233.63 58.0 - 0
233.635 234.296 55.0 - 0
234.302 234.88 55.0 相 0
234.885 240.13 58.0 - 0
240.144 240.472 70.0 逢 0
240.478 241.139 70.0 战 0
241.144 241.472 70.0 友 0
241.478 242.139 67.0 啊 0
242.144 242.806 65.0 战 0
242.811 245.306 67.0 - 0
245.597 246.258 67.0 友 0
246.263 246.925 67.0 亲 0
246.93 247.925 65.0 爱 0
247.93 248.258 70.0 的 0
248.263 248.675 67.0 弟 0
248.68 249.258 65.0 - 0
249.263 249.591 62.0 - 0
249.597 250.841 60.0 兄 0
250.956 251.284 60.0 待 0
251.289 251.617 62.0 - 0
251.623 252.951 62.0 到 0
252.956 253.617 65.0 - 0
253.623 254.117 65.0 春 0
254.123 254.617 62.0 - 0
254.623 254.951 60.0 - 0
254.956 256.201 58.0 风 0
256.289 257.284 58.0 传 0
257.289 257.617 60.0 - 0
257.623 258.284 63.0 佳 0
258.289 258.951 62.0 - 0
258.956 261.367 60.0 讯 0
261.48 262.724 65.0 我 0
262.813 264.058 67.0 - 0
264.063 265.308 72.0 们 0
265.313 266.141 72.0 再 0
266.146 266.724 70.0 相 0
266.813 272.141 70.0 - 0
