31.664 32.156 61.0 人 0
32.156 32.402 61.0 都 0
32.402 32.648 61.0 说 0
32.648 33.14 61.0 高 0
33.14 33.632 59.0 原 0
33.632 34.124 61.0 高 0
34.124 35.107 61.0 - 1
35.655 35.901 66.0 人 0
35.901 36.393 66.0 都 0
36.393 36.639 63.0 说 0
36.639 37.131 68.0 高 0
37.131 37.622 66.0 原 0
37.622 38.114 63.0 险 0
38.114 39.098 63.0 - 1
40.047 40.539 68.0 高 0
40.539 41.03 68.0 原 0
41.03 41.522 71.0 上 0
41.522 42.014 59.0 有 0
42.014 42.506 61.0 一 0
42.506 42.998 61.0 片 0
43.49 43.981 61.0 纯 0
43.981 44.227 61.0 净 0
44.227 44.473 59.0 的 0
44.473 44.965 61.0 蓝 0
44.965 45.457 66.0 - 0
45.457 47.424 63.0 天 1
47.479 47.971 68.0 人 0
47.971 48.217 68.0 都 0
48.217 48.463 68.0 说 0
48.463 48.955 68.0 高 0
48.955 49.447 66.0 原 0
49.447 49.939 68.0 红 0
49.939 50.922 68.0 - 1
51.465 51.711 61.0 人 0
51.711 52.203 61.0 都 0
52.203 52.449 63.0 说 0
52.449 52.941 68.0 高 0
52.941 53.432 66.0 原 0
53.432 53.924 63.0 蓝 0
53.924 54.908 63.0 - 1
55.758 56.25 61.0 谁 0
56.25 56.741 61.0 知 0
56.741 57.233 63.0 道 0
57.233 57.725 66.0 高 0
57.725 57.971 66.0 原 0
57.971 58.217 66.0 上 0
58.217 58.709 66.0 那 0
58.709 59.201 59.0 朵 0
59.201 60.184 61.0 蓝 1
60.796 61.042 61.0 她 0
61.042 61.288 63.0 是 0
61.288 61.78 54.0 阿 0
61.78 62.026 54.0 妹 0
62.026 62.272 56.0 的 0
62.272 62.763 61.0 衣 0
62.763 63.255 59.0 - 0
63.255 66.206 56.0 衫 1
73.14 73.632 61.0 人 0
73.632 73.878 61.0 都 0
73.878 74.124 61.0 说 0
74.124 74.616 61.0 高 0
74.616 75.108 59.0 原 0
75.108 75.599 61.0 红 0
75.599 76.583 61.0 - 1
76.942 77.188 66.0 人 0
77.188 77.68 66.0 都 0
77.68 77.926 63.0 说 0
77.926 78.417 68.0 高 0
78.417 78.909 66.0 原 0
78.909 79.893 63.0 蓝 1
81.351 81.842 68.0 高 0
81.842 82.334 68.0 原 0
82.334 82.826 71.0 上 0
82.826 83.318 59.0 有 0
83.318 83.81 61.0 一 0
83.81 84.302 61.0 张 0
84.793 85.285 61.0 红 0
85.285 85.531 61.0 红 0
85.531 85.777 59.0 的 0
85.777 86.269 61.0 笑 0
86.269 86.761 66.0 - 0
86.761 88.236 63.0 脸 1
88.683 89.175 68.0 人 0
89.175 89.421 68.0 都 0
89.421 89.667 68.0 说 0
89.667 90.159 68.0 高 0
90.159 90.651 66.0 原 0
90.651 91.142 63.0 美 0
91.142 92.126 68.0 - 1
92.722 92.968 61.0 人 0
92.968 93.46 61.0 都 0
93.46 93.706 63.0 说 0
93.706 94.198 68.0 高 0
94.198 94.689 63.0 原 0
94.689 95.181 63.0 蓝 0
95.181 96.165 63.0 - 1
97.098 97.589 61.0 谁 0
97.589 98.081 61.0 知 0
98.081 98.573 63.0 道 0
98.573 99.065 66.0 蓝 0
99.065 99.311 66.0 天 0
99.311 99.557 66.0 下 0
99.557 100.049 66.0 那 0
100.049 100.54 68.0 汪 0
100.54 101.524 66.0 泉 1
102.069 102.315 63.0 她 0
102.315 102.561 63.0 是 0
102.561 103.053 66.0 阿 0
103.053 103.299 66.0 妹 0
103.299 103.545 68.0 的 0
103.545 104.036 75.0 双 0
104.036 104.528 71.0 - 0
104.528 105.02 68.0 眼 1
105.599 106.091 68.0 呀 0
106.091 106.583 71.0 啦 0
106.583 109.042 75.0 唆 0
109.534 110.271 75.0 咿 0
110.271 110.517 73.0 - 0
110.517 112.977 73.0 呀 1
113.457 113.949 68.0 呀 0
113.949 114.441 71.0 啦 0
114.441 116.9 73.0 唆 0
117.392 117.761 73.0 咿 0
117.761 118.13 71.0 - 0
118.13 118.376 68.0 - 0
118.376 121.327 68.0 呀 1
122.32 123.303 68.0 高 0
123.303 123.795 68.0 原 0
123.795 124.287 68.0 - 0
124.287 124.779 68.0 红 0
124.779 125.763 68.0 啊 0
126.254 126.992 71.0 高 0
126.992 127.238 73.0 - 0
127.238 127.73 68.0 原 0
127.73 128.222 68.0 - 0
128.222 128.714 63.0 蓝 0
128.714 129.697 63.0 - 1
130.017 130.509 63.0 想 0
130.509 131.37 68.0 念 0
131.984 132.476 66.0 高 0
132.476 132.968 63.0 原 0
132.968 133.46 59.0 上 0
133.952 134.444 59.0 纯 0
134.444 134.69 61.0 洁 0
134.69 134.936 61.0 的 0
134.936 135.427 61.0 那 0
135.427 135.673 59.0 一 0
135.673 135.919 56.0 朵 0
135.919 137.887 63.0 蓝 1
138.021 139.496 71.0 天 0
139.496 139.988 68.0 也 0
139.988 141.955 71.0 蓝 0
141.955 143.431 73.0 地 0
143.431 143.923 68.0 也 0
143.923 144.415 75.0 蓝 0
144.415 145.398 75.0 - 1
145.758 146.25 63.0 想 0
146.496 146.742 66.0 起 0
146.742 147.234 66.0 阿 0
147.234 147.726 68.0 妹 0
147.726 148.709 70.0 心 0
148.709 149.078 66.0 底 0
149.078 149.693 63.0 - 0
149.693 153.628 68.0 暖 1
169.359 169.85 61.0 人 0
169.85 170.096 61.0 都 0
170.096 170.342 61.0 说 0
170.342 170.834 61.0 高 0
170.834 171.326 59.0 原 0
171.326 171.818 61.0 红 0
171.818 172.802 61.0 - 1
173.473 173.719 66.0 人 0
173.719 174.211 66.0 都 0
174.211 174.457 63.0 说 0
174.457 174.949 68.0 高 0
174.949 175.441 66.0 原 0
175.441 177.408 63.0 蓝 1
177.902 178.394 68.0 高 0
178.394 178.886 68.0 原 0
178.886 179.378 71.0 上 0
179.378 179.869 59.0 有 0
179.869 180.361 61.0 一 0
180.361 180.853 61.0 张 0
181.345 181.837 61.0 红 0
181.837 182.083 61.0 红 0
182.083 182.329 59.0 的 0
182.329 182.82 61.0 笑 0
182.82 183.312 66.0 - 0
183.312 185.28 63.0 脸 1
185.28 185.771 68.0 人 0
185.771 186.017 68.0 都 0
186.017 186.263 68.0 说 0
186.263 186.755 68.0 高 0
186.755 187.247 66.0 原 0
187.247 187.739 63.0 美 0
187.739 188.723 68.0 - 1
189.132 189.378 61.0 人 0
189.378 189.87 61.0 都 0
189.87 190.116 63.0 说 0
190.116 190.608 68.0 高 0
190.608 191.1 66.0 原 0
191.1 191.592 63.0 蓝 0
191.592 192.575 63.0 - 1
193.462 193.954 61.0 谁 0
193.954 194.446 61.0 知 0
194.446 194.938 63.0 道 0
194.938 195.429 66.0 蓝 0
195.429 195.675 66.0 天 0
195.675 195.921 66.0 下 0
195.921 196.413 66.0 那 0
196.413 196.905 68.0 汪 0
196.905 197.889 66.0 泉 1
198.459 198.705 63.0 她 0
198.705 198.951 63.0 是 0
198.951 199.443 66.0 阿 0
199.443 199.689 66.0 妹 0
199.689 199.935 68.0 的 0
199.935 200.304 73.0 双 0
200.304 200.673 71.0 - 0
200.673 200.919 68.0 - 0
200.919 201.414 68.0 眼 1
201.854 202.349 68.0 呀 0
202.349 202.844 71.0 啦 0
202.844 205.302 75.0 唆 0
205.794 206.777 75.0 - 0
206.777 209.234 73.0 呀 1
209.711 210.202 68.0 呀 0
210.202 210.694 71.0 啦 0
210.694 213.151 73.0 唆 0
213.643 214.012 73.0 咿 0
214.012 214.38 71.0 - 0
214.38 214.626 68.0 - 0
214.626 217.575 68.0 呀 1
218.679 219.662 68.0 高 0
219.662 220.154 68.0 原 0
220.154 220.645 66.0 - 0
220.645 221.137 66.0 红 0
221.137 222.12 68.0 啊 0
222.611 223.349 71.0 高 0
223.349 223.594 73.0 - 0
223.594 224.086 68.0 原 0
224.086 224.577 68.0 - 0
224.577 225.069 63.0 蓝 0
225.069 226.052 63.0 - 1
226.525 227.017 63.0 想 0
227.017 227.877 68.0 念 0
228.492 228.983 68.0 高 0
228.983 229.475 63.0 原 0
229.475 229.966 59.0 上 0
230.458 230.95 59.0 纯 0
230.95 231.197 61.0 洁 0
231.197 231.443 61.0 的 0
231.443 231.936 61.0 那 0
231.936 232.183 59.0 一 0
232.183 232.429 56.0 朵 0
232.429 234.4 63.0 蓝 1
234.435 235.914 71.0 天 0
235.914 236.406 68.0 也 0
236.406 238.378 71.0 蓝 0
238.378 239.856 73.0 地 0
239.856 240.349 68.0 也 0
240.349 240.837 75.0 蓝 0
240.837 241.813 75.0 - 1
242.325 242.813 63.0 想 0
243.057 243.3 66.0 起 0
243.3 243.788 66.0 阿 0
243.788 244.276 68.0 妹 0
244.276 245.252 70.0 心 0
245.252 245.618 66.0 底 0
245.618 246.228 63.0 - 0
246.228 250.16 68.0 暖 1
250.166 251.156 68.0 高 0
251.156 251.651 68.0 原 0
251.651 252.146 68.0 - 0
252.146 252.638 66.0 美 0
252.638 253.622 68.0 啊 0
254.113 254.851 71.0 高 0
254.851 255.097 73.0 - 0
255.097 255.589 68.0 原 0
255.589 256.081 68.0 - 0
256.081 256.573 63.0 蓝 0
256.573 257.556 63.0 - 1
258.003 258.249 61.0 脸 0
258.249 258.741 63.0 - 0
258.741 258.987 63.0 上 0
258.987 259.479 66.0 红 0
259.479 259.725 68.0 红 0
259.725 259.971 68.0 的 0
259.971 260.462 68.0 小 0
260.954 261.446 71.0 阿 0
261.446 261.938 68.0 - 0
261.938 265.873 73.0 妹 1
265.885 266.623 66.0 是 0
266.623 266.868 66.0 我 0
266.868 267.36 66.0 心 0
267.36 267.852 63.0 中 0
267.852 268.344 66.0 纯 0
268.344 268.59 68.0 静 0
268.59 268.836 68.0 的 0
268.836 269.328 73.0 高 0
269.328 269.819 71.0 原 0
269.819 273.262 68.0 蓝 1
273.757 274.003 63.0 是 0
274.003 274.495 66.0 - 0
274.495 274.741 66.0 我 0
274.741 275.233 66.0 心 0
275.233 275.725 63.0 中 0
275.725 276.216 63.0 纯 0
276.216 276.462 68.0 静 0
276.462 276.708 68.0 的 0
276.708 280.151 75.0 高 0
280.643 281.955 73.0 原 0
281.955 284.578 71.0 - 0
285.07 292.447 68.0 蓝 1
