26.944 27.272 58.0 想 0
27.272 27.601 65.0 看 0
27.601 27.929 62.0 - 0
27.929 28.258 62.0 你 0
28.258 28.587 65.0 笑 0
29.572 29.893 57.0 想 0
29.893 30.214 65.0 和 0
30.214 30.535 62.0 - 0
30.535 30.856 62.0 你 0
30.856 31.176 65.0 闹 1
31.617 31.938 62.0 想 0
31.938 32.259 65.0 拥 0
32.259 32.585 65.0 你 0
32.585 32.91 67.0 - 0
33.236 33.561 65.0 入 0
33.561 34.212 58.0 我 0
34.212 34.537 65.0 怀 0
34.537 34.863 62.0 - 0
34.863 36.17 62.0 抱 1
36.693 37.02 60.0 上 0
37.02 37.347 62.0 一 0
37.347 37.991 55.0 秒 0
38.313 38.635 58.0 红 0
38.635 39.279 57.0 着 0
39.279 39.601 65.0 脸 0
39.601 39.923 67.0 - 0
39.923 40.579 65.0 在 0
40.579 41.236 62.0 争 0
41.236 41.565 58.0 吵 1
42.037 42.365 60.0 下 0
42.365 42.694 62.0 一 0
42.694 43.025 63.0 秒 0
43.025 43.356 62.0 转 0
43.356 43.687 62.0 身 0
43.687 44.019 58.0 就 0
44.019 44.35 58.0 能 0
44.681 45.012 60.0 和 0
45.012 45.344 62.0 - 0
45.344 46.647 60.0 好 1
47.988 48.311 58.0 不 0
48.311 48.634 65.0 怕 0
48.634 48.958 62.0 - 0
48.958 49.281 62.0 你 0
49.281 49.605 65.0 哭 0
50.575 50.902 57.0 不 0
50.902 51.23 65.0 怕 0
51.23 51.557 62.0 - 0
51.557 51.885 62.0 你 0
51.885 52.212 65.0 叫 1
52.417 52.744 62.0 因 0
52.744 53.072 65.0 为 0
53.072 53.403 67.0 你 0
53.403 54.066 67.0 是 0
54.066 54.397 65.0 我 0
54.397 55.06 58.0 的 0
55.06 55.391 65.0 骄 0
55.391 55.723 62.0 - 0
55.723 56.991 62.0 傲 1
57.577 57.894 60.0 一 0
57.894 58.211 62.0 双 0
58.211 59.198 55.0 眼 0
59.198 59.526 58.0 睛 0
59.526 60.184 57.0 追 0
60.184 60.842 67.0 着 0
60.842 61.499 65.0 你 0
61.499 62.157 62.0 乱 0
62.157 62.486 58.0 跑 1
62.939 63.268 60.0 一 0
63.268 63.597 62.0 颗 0
63.597 63.919 63.0 心 0
63.919 64.563 62.0 早 0
64.563 64.885 58.0 已 0
64.885 65.851 58.0 经 0
67.48 68.134 58.0 准 0
68.134 68.461 58.0 备 0
68.461 68.787 60.0 - 0
68.787 70.438 58.0 好 1
73.29 73.62 60.0 一 0
73.62 73.95 60.0 次 0
73.95 74.265 60.0 就 0
74.265 74.739 58.0 好 0
74.897 75.212 58.0 我 0
75.212 75.528 60.0 带 0
75.528 75.844 58.0 你 0
75.844 76.159 60.0 去 0
76.159 76.475 58.0 看 0
76.475 76.804 60.0 天 0
76.804 77.134 65.0 荒 0
77.134 77.463 67.0 地 0
77.463 77.792 65.0 老 1
78.847 79.176 62.0 在 0
79.176 79.502 70.0 阳 0
79.502 79.829 69.0 光 0
79.829 80.155 69.0 灿 0
80.155 80.482 67.0 烂 0
80.482 80.808 67.0 的 0
80.808 81.135 65.0 日 0
81.135 81.461 65.0 子 0
81.461 81.788 62.0 里 0
81.788 82.112 62.0 开 0
82.112 82.437 65.0 怀 0
82.437 82.761 67.0 大 0
82.761 83.411 65.0 笑 1
84.145 84.469 65.0 在 0
84.469 84.798 65.0 自 0
84.798 85.126 67.0 由 0
85.126 85.455 67.0 自 0
85.455 85.784 67.0 在 0
85.784 86.112 67.0 的 0
86.112 86.441 65.0 空 0
86.441 86.769 65.0 气 0
86.769 87.098 58.0 里 0
87.098 87.428 58.0 吵 0
87.428 87.759 58.0 吵 0
87.759 88.089 60.0 闹 0
88.089 88.42 62.0 闹 1
89.006 89.336 53.0 你 0
89.336 89.666 53.0 可 0
89.666 89.988 62.0 知 0
89.988 90.31 60.0 道 0
90.632 90.954 60.0 我 0
90.954 91.276 60.0 唯 0
91.276 91.598 58.0 一 0
91.598 91.92 58.0 的 0
91.92 92.565 55.0 想 0
92.565 92.888 58.0 要 0
92.888 93.533 60.0 - 1
94.155 94.478 62.0 世 0
94.478 94.8 60.0 界 0
94.8 95.129 60.0 还 0
95.129 95.621 58.0 小 0
95.785 96.114 58.0 我 0
96.114 96.442 60.0 陪 0
96.442 96.771 58.0 你 0
96.771 97.099 60.0 去 0
97.099 97.427 58.0 到 0
97.427 97.753 60.0 天 0
97.753 98.079 65.0 涯 0
98.079 98.404 67.0 海 0
98.404 99.055 65.0 角 1
99.706 100.032 62.0 在 0
100.032 100.357 70.0 没 0
100.357 100.682 69.0 有 0
100.682 101.007 69.0 烦 0
101.007 101.332 67.0 恼 0
101.332 101.657 67.0 的 0
101.657 101.982 65.0 角 0
101.982 102.307 65.0 落 0
102.307 102.633 62.0 里 0
102.633 102.966 62.0 停 0
102.966 103.299 65.0 止 0
103.299 103.632 65.0 寻 0
103.632 104.299 65.0 找 1
105.002 105.336 65.0 在 0
105.336 105.663 67.0 无 0
105.663 105.99 67.0 忧 0
105.99 106.317 67.0 无 0
106.317 106.644 67.0 虑 0
106.644 106.971 67.0 的 0
106.971 107.299 65.0 时 0
107.299 107.626 65.0 光 0
107.626 107.953 58.0 里 0
107.953 108.276 58.0 慢 0
108.276 108.599 58.0 慢 0
108.599 108.922 60.0 变 0
108.922 109.245 62.0 老 1
109.776 110.1 53.0 你 0
110.1 110.423 53.0 可 0
110.423 110.746 62.0 知 0
110.746 111.069 60.0 道 0
111.392 111.715 60.0 我 0
111.715 112.038 60.0 全 0
112.038 112.361 62.0 部 0
112.361 112.684 63.0 的 0
112.684 113.007 63.0 心 0
113.007 113.333 65.0 - 0
113.333 113.984 60.0 跳 0
114.961 115.612 62.0 随 0
115.781 116.624 55.0 你 0
116.78 118.42 58.0 跳 1
130.121 130.444 58.0 不 0
130.444 130.767 65.0 怕 0
130.767 131.09 62.0 - 0
131.09 131.413 62.0 你 0
131.413 131.736 65.0 哭 0
132.705 133.032 57.0 不 0
133.032 133.358 65.0 怕 0
133.358 133.685 62.0 - 0
133.685 134.012 62.0 你 0
134.012 134.338 65.0 叫 1
134.697 135.023 62.0 因 0
135.023 135.35 65.0 为 0
135.35 135.681 67.0 你 0
135.681 136.344 67.0 是 0
136.344 136.675 65.0 我 0
136.675 137.337 58.0 的 0
137.337 137.669 65.0 骄 0
137.669 138.0 62.0 - 0
138.0 139.275 62.0 傲 1
139.915 140.233 60.0 一 0
140.233 140.552 62.0 双 0
140.552 141.525 55.0 眼 0
141.525 141.85 58.0 睛 0
141.85 142.498 57.0 追 0
142.498 142.823 65.0 着 0
142.823 143.147 67.0 - 0
143.147 143.816 65.0 你 0
143.816 144.15 60.0 乱 0
144.15 144.485 62.0 - 0
144.485 144.819 58.0 跑 1
145.158 145.493 60.0 一 0
145.493 145.827 62.0 颗 0
145.827 146.142 63.0 心 0
146.142 146.772 62.0 早 0
146.772 147.086 58.0 已 0
147.086 148.031 58.0 经 0
149.67 150.333 58.0 准 0
150.333 150.995 60.0 备 0
150.995 152.652 58.0 好 1
155.464 155.792 62.0 一 0
155.792 156.12 60.0 次 0
156.12 156.434 60.0 就 0
156.434 156.907 58.0 好 0
157.064 157.379 58.0 我 0
157.379 157.693 60.0 带 0
157.693 158.008 58.0 你 0
158.008 158.323 60.0 去 0
158.323 158.638 58.0 看 0
158.638 158.969 60.0 天 0
158.969 159.3 65.0 荒 0
159.3 159.632 65.0 地 0
159.632 159.963 65.0 老 1
160.997 161.328 62.0 在 0
161.328 161.654 70.0 阳 0
161.654 161.981 69.0 光 0
161.981 162.307 69.0 灿 0
162.307 162.633 67.0 烂 0
162.633 162.96 67.0 的 0
162.96 163.286 65.0 日 0
163.286 163.612 65.0 子 0
163.612 163.939 62.0 里 0
163.939 164.263 62.0 开 0
164.263 164.587 65.0 怀 0
164.587 164.911 67.0 大 0
164.911 165.559 65.0 笑 1
166.148 166.472 65.0 在 0
166.472 166.803 67.0 自 0
166.803 167.134 67.0 由 0
167.134 167.465 67.0 自 0
167.465 167.796 67.0 在 0
167.796 168.128 67.0 的 0
168.128 168.459 65.0 空 0
168.459 168.79 65.0 气 0
168.79 169.121 58.0 里 0
169.121 169.445 58.0 吵 0
169.445 169.769 58.0 吵 0
169.769 170.093 60.0 闹 0
170.093 170.417 62.0 闹 1
171.05 171.374 53.0 你 0
171.374 171.698 53.0 可 0
171.698 172.024 62.0 知 0
172.024 172.35 60.0 道 0
172.676 173.002 60.0 我 0
173.002 173.328 60.0 唯 0
173.328 173.654 58.0 一 0
173.654 173.98 58.0 的 0
173.98 174.628 55.0 想 0
174.628 174.95 58.0 要 0
174.95 175.594 60.0 - 1
176.319 176.642 62.0 世 0
176.642 176.964 60.0 界 0
176.964 177.295 60.0 还 0
177.295 177.792 58.0 小 0
177.957 178.289 58.0 我 0
178.289 178.62 60.0 陪 0
178.62 178.951 58.0 你 0
178.951 179.282 60.0 去 0
179.282 179.614 58.0 到 0
179.614 179.936 60.0 天 0
179.936 180.259 65.0 涯 0
180.259 180.581 65.0 海 0
180.581 181.226 65.0 角 1
181.9 182.222 62.0 在 0
182.222 182.548 70.0 没 0
182.548 182.874 69.0 有 0
182.874 183.2 69.0 烦 0
183.2 183.526 67.0 恼 0
183.526 183.852 67.0 的 0
183.852 184.177 65.0 角 0
184.177 184.503 65.0 落 0
184.503 184.829 62.0 里 0
184.829 185.16 62.0 停 0
185.16 185.492 65.0 止 0
185.492 185.823 67.0 寻 0
185.823 186.485 65.0 找 1
187.112 187.443 65.0 在 0
187.443 187.761 67.0 无 0
187.761 188.078 67.0 忧 0
188.078 188.396 67.0 无 0
188.396 188.714 67.0 虑 0
188.714 189.031 67.0 的 0
189.031 189.349 65.0 时 0
189.349 189.667 65.0 光 0
189.667 189.984 58.0 里 0
189.984 190.321 58.0 慢 0
190.321 190.657 58.0 慢 0
190.657 190.994 60.0 变 0
190.994 191.667 62.0 老 1
194.596 194.928 53.0 你 0
194.928 195.259 53.0 可 0
195.259 195.577 62.0 知 0
195.577 195.896 60.0 道 0
196.215 196.533 60.0 我 0
196.533 196.852 60.0 全 0
196.852 197.17 62.0 部 0
197.17 197.489 63.0 的 0
197.489 197.807 63.0 心 0
197.807 198.134 65.0 - 0
198.134 198.787 60.0 跳 0
199.114 199.44 60.0 随 0
199.44 199.767 62.0 - 0
199.767 200.42 55.0 你 0
200.42 201.862 58.0 跳 1
