19.728 19.981 55.0 用 0
19.981 20.473 64.0 - 0
20.473 20.965 67.0 起 0
20.965 21.211 67.0 伏 0
21.225 21.456 67.0 的 0
21.456 21.702 69.0 背 0
21.702 21.948 67.0 - 0
21.948 22.932 67.0 - 0
23.915 24.407 60.0 影 0
24.407 24.899 64.0 挡 0
24.899 25.145 65.0 住 0
25.145 25.637 64.0 哭 0
25.637 25.883 62.0 泣 0
25.883 26.866 64.0 的 0
27.846 28.338 57.0 心 0
28.338 28.584 60.0 有 0
28.584 29.075 62.0 些 0
29.075 29.813 64.0 故 0
29.813 30.305 67.0 事 0
30.305 30.674 69.0 不 0
30.674 31.043 63.0 必 0
31.043 31.289 62.0 说 0
31.289 32.764 60.0 给 0
32.764 33.01 62.0 每 0
33.01 33.502 64.0 个 0
33.502 33.748 60.0 人 0
33.748 34.731 62.0 听 0
35.633 36.125 57.0 许 0
36.125 36.37 60.0 - 0
36.37 36.862 62.0 多 0
36.862 38.584 60.0 眼 0
38.829 39.321 57.0 睛 0
39.321 39.567 55.0 看 0
39.567 40.305 64.0 的 0
40.305 41.043 62.0 太 0
41.043 41.534 64.0 浅 0
41.534 42.518 64.0 太 0
42.742 42.988 60.0 近 0
42.988 43.234 60.0 错 0
43.234 43.48 62.0 过 0
43.48 43.971 64.0 我 0
43.971 44.217 67.0 没 0
44.232 44.709 69.0 被 0
44.709 46.43 67.0 看 0
46.43 46.922 64.0 见 0
46.922 47.168 67.0 那 0
47.168 47.414 62.0 个 0
47.414 50.857 62.0 自 0
51.119 51.362 55.0 己 0
51.362 51.854 64.0 用 0
51.854 52.346 67.0 简 0
52.346 52.592 67.0 单 0
52.592 53.074 69.0 的 0
53.086 53.33 67.0 言 0
53.33 54.313 67.0 - 0
55.297 55.789 60.0 语 0
55.789 56.28 64.0 解 0
56.28 56.526 65.0 开 0
56.526 57.018 64.0 超 0
57.018 57.264 62.0 载 0
57.264 58.248 64.0 的 0
59.371 59.863 57.0 心 0
59.863 60.109 60.0 有 0
60.109 60.601 62.0 些 0
60.601 61.216 64.0 情 0
61.216 61.83 67.0 绪 0
61.83 62.076 69.0 是 0
62.076 62.322 63.0 该 0
62.322 64.289 60.0 说 0
64.289 64.535 57.0 给 0
64.535 65.027 64.0 懂 0
65.027 65.273 60.0 的 0
65.273 66.257 62.0 人 0
67.157 67.649 57.0 听 0
67.649 67.895 60.0 你 0
67.895 68.139 60.0 的 0
68.139 68.383 62.0 热 0
68.397 68.633 60.0 - 0
68.633 70.108 60.0 - 0
70.354 70.846 57.0 泪 0
70.846 71.092 55.0 比 0
71.092 71.829 64.0 我 0
71.829 72.567 62.0 激 0
72.567 73.059 65.0 动 0
73.059 74.042 64.0 怜 0
74.242 74.488 60.0 惜 0
74.488 74.734 60.0 我 0
74.734 74.98 62.0 发 0
74.98 75.472 64.0 誓 0
75.472 75.718 62.0 要 0
75.718 76.21 64.0 更 0
76.21 76.947 67.0 努 0
76.947 77.685 64.0 力 0
77.685 78.423 62.0 更 0
78.423 78.914 57.0 有 0
78.914 80.882 60.0 勇 0
82.067 82.313 64.0 气 0
82.313 82.805 67.0 等 0
83.297 83.788 69.0 - 0
83.788 84.034 69.0 下 0
84.034 84.28 67.0 一 0
84.28 84.772 64.0 个 0
84.772 85.51 67.0 天 0
85.64 85.886 69.0 亮 0
85.886 86.132 69.0 去 0
86.132 86.378 67.0 上 0
86.378 86.623 64.0 次 0
86.623 86.869 62.0 牵 0
86.869 87.115 64.0 手 0
87.115 87.361 67.0 赏 0
87.361 87.853 72.0 花 0
87.853 88.345 69.0 那 0
88.345 88.837 69.0 里 0
88.837 89.328 67.0 散 0
89.328 89.574 62.0 步 0
89.574 90.804 64.0 好 0
90.838 91.084 60.0 吗 0
91.084 91.33 62.0 有 0
91.33 91.821 64.0 些 0
91.821 92.313 64.0 积 0
92.313 92.559 65.0 雪 0
92.559 92.805 64.0 会 0
92.805 93.051 62.0 自 0
93.051 93.297 59.0 己 0
93.297 94.526 60.0 融 0
94.538 94.784 64.0 化 0
94.784 95.03 62.0 你 0
95.03 95.276 60.0 的 0
95.276 95.768 57.0 肩 0
95.768 96.014 60.0 膀 0
96.014 96.26 57.0 是 0
96.26 96.505 69.0 我 0
96.505 96.751 67.0 豁 0
96.751 96.874 67.0 达 0
96.874 97.489 64.0 的 0
97.489 98.719 62.0 天 0
98.798 99.044 67.0 堂 0
99.044 99.536 69.0 等 0
99.536 99.782 69.0 下 0
99.782 99.905 67.0 一 0
99.905 100.52 64.0 个 0
100.52 101.258 67.0 天 0
101.41 101.655 69.0 亮 0
101.655 101.901 69.0 把 0
101.901 102.147 67.0 偷 0
102.147 102.393 64.0 拍 0
102.393 102.639 62.0 我 0
102.639 102.885 64.0 看 0
102.885 103.131 67.0 海 0
103.131 103.623 72.0 的 0
103.623 104.114 69.0 照 0
104.114 104.606 69.0 片 0
104.606 104.852 67.0 送 0
104.852 105.344 62.0 我 0
105.344 106.573 64.0 好 0
106.59 106.836 60.0 吗 0
106.836 107.082 62.0 我 0
107.082 107.574 62.0 喜 0
107.574 108.066 64.0 欢 0
108.066 108.312 65.0 我 0
108.312 108.558 64.0 飞 0
108.558 108.804 62.0 舞 0
108.804 109.049 59.0 的 0
109.049 110.279 60.0 头 0
110.279 110.525 64.0 发 0
110.525 110.771 62.0 和 0
110.771 111.017 60.0 飘 0
111.017 111.508 57.0 着 0
111.508 111.754 60.0 雨 0
111.754 112.0 57.0 还 0
112.0 112.246 64.0 是 0
112.246 112.738 64.0 眺 0
112.738 112.984 62.0 望 0
112.984 113.476 57.0 的 0
113.476 124.788 60.0 眼 0
124.79 125.281 64.0 光 0
125.281 125.773 67.0 用 0
125.773 126.019 67.0 简 0
126.019 126.51 69.0 单 0
126.51 126.756 67.0 的 0
126.756 127.739 67.0 言 0
128.722 129.213 60.0 语 0
129.213 129.705 64.0 解 0
129.705 129.951 65.0 开 0
129.951 130.442 64.0 超 0
130.442 130.688 62.0 载 0
130.688 132.654 64.0 的 0
132.655 133.146 57.0 心 0
133.146 133.392 60.0 有 0
133.392 133.883 62.0 些 0
133.883 134.621 64.0 情 0
134.621 135.112 67.0 绪 0
135.112 135.358 69.0 是 0
135.358 135.604 63.0 该 0
135.604 137.078 60.0 说 0
137.569 137.815 57.0 给 0
137.815 138.307 64.0 懂 0
138.307 138.552 60.0 的 0
138.552 139.535 62.0 人 0
140.328 140.82 57.0 听 0
140.82 141.066 60.0 你 0
141.066 141.553 62.0 的 0
141.555 141.803 60.0 热 0
141.803 143.277 60.0 - 0
143.523 144.014 57.0 泪 0
144.014 144.26 55.0 比 0
144.26 144.997 64.0 我 0
144.997 145.735 62.0 激 0
145.735 145.98 65.0 动 0
145.98 147.209 64.0 怜 0
147.648 147.894 60.0 惜 0
147.894 148.139 60.0 我 0
148.139 148.385 62.0 发 0
148.385 148.877 64.0 誓 0
148.877 149.122 62.0 要 0
149.122 149.614 64.0 更 0
149.614 150.351 67.0 努 0
150.351 150.842 64.0 力 0
150.842 151.088 62.0 更 0
151.088 151.825 62.0 有 0
151.825 152.317 57.0 勇 0
152.317 154.283 60.0 气 0
155.725 156.217 67.0 等 0
156.217 156.708 69.0 下 0
156.708 156.954 69.0 一 0
156.954 157.2 67.0 个 0
157.2 157.691 64.0 天 0
157.691 158.428 67.0 亮 0
158.439 158.685 69.0 去 0
158.685 158.931 69.0 上 0
158.931 159.177 67.0 次 0
159.177 159.422 64.0 牵 0
159.422 159.668 62.0 手 0
159.668 159.914 64.0 赏 0
159.914 160.16 67.0 花 0
160.16 160.651 72.0 那 0
160.651 161.143 69.0 里 0
161.143 161.634 69.0 散 0
161.634 162.126 67.0 步 0
162.126 162.617 62.0 好 0
162.617 163.6 64.0 吗 0
163.611 163.857 60.0 有 0
163.857 164.102 62.0 - 0
164.102 164.594 64.0 些 0
164.594 165.085 64.0 积 0
165.085 165.331 65.0 雪 0
165.331 165.577 64.0 会 0
165.577 165.823 62.0 自 0
165.823 166.068 59.0 己 0
166.068 167.051 60.0 融 0
167.253 167.499 64.0 化 0
167.499 167.745 62.0 你 0
167.745 167.99 60.0 的 0
167.99 168.482 57.0 肩 0
168.482 168.728 60.0 膀 0
168.728 168.973 57.0 是 0
168.973 169.219 69.0 我 0
169.219 169.465 67.0 豁 0
169.465 169.588 67.0 达 0
169.588 169.71 62.0 的 0
169.71 171.676 62.0 天 0
171.695 171.941 67.0 堂 0
171.941 172.433 69.0 等 0
172.433 172.678 69.0 下 0
172.678 172.801 67.0 一 0
172.801 173.416 64.0 个 0
173.416 174.153 67.0 天 0
174.187 174.433 69.0 亮 0
174.433 174.678 69.0 把 0
174.678 174.924 67.0 偷 0
174.924 175.17 64.0 拍 0
175.17 175.416 62.0 我 0
175.416 175.661 64.0 看 0
175.661 175.907 67.0 海 0
175.907 176.398 72.0 的 0
176.398 176.89 69.0 照 0
176.89 177.381 69.0 片 0
177.381 177.627 67.0 送 0
177.627 178.119 62.0 我 0
178.119 178.856 64.0 好 0
179.192 179.438 60.0 吗 0
179.438 179.672 62.0 我 0
179.672 179.921 62.0 喜 0
179.934 180.175 64.0 欢 0
180.175 180.667 64.0 - 0
180.667 180.913 65.0 我 0
180.913 181.158 64.0 飞 0
181.158 181.404 62.0 舞 0
181.404 181.65 59.0 的 0
181.65 182.633 60.0 头 0
182.866 183.112 64.0 发 0
183.112 183.358 62.0 和 0
183.358 183.604 60.0 飘 0
183.604 184.095 57.0 着 0
184.095 184.341 60.0 雨 0
184.341 184.587 57.0 还 0
184.587 184.832 67.0 是 0
184.832 185.324 64.0 眺 0
185.324 185.57 62.0 望 0
185.57 186.061 57.0 的 0
186.061 187.536 60.0 眼 0
190.002 190.248 65.0 光 0
190.262 190.493 64.0 时 0
190.493 190.739 65.0 间 0
190.739 190.985 64.0 可 0
190.985 191.231 65.0 以 0
191.231 191.476 69.0 磨 0
191.476 191.722 67.0 去 0
191.722 191.968 64.0 我 0
191.968 192.214 62.0 的 0
192.214 192.705 62.0 棱 0
192.823 193.069 60.0 角 0
193.069 193.315 60.0 有 0
193.315 193.56 64.0 些 0
193.56 194.052 62.0 坚 0
194.052 194.298 65.0 持 0
194.298 194.543 64.0 却 0
194.543 194.871 62.0 永 0
194.871 195.199 64.0 远 0
195.199 195.526 65.0 磨 0
195.526 196.509 64.0 不 0
196.612 196.858 64.0 掉 0
196.858 197.103 64.0 请 0
197.103 197.349 62.0 容 0
197.349 198.578 60.0 许 0
198.578 198.824 60.0 我 0
198.824 199.069 60.0 小 0
199.069 199.315 72.0 小 0
199.315 199.807 71.0 的 0
199.807 200.79 67.0 骄 0
200.896 201.141 67.0 傲 0
201.141 201.387 67.0 因 0
201.387 201.878 69.0 为 0
201.878 202.124 69.0 有 0
202.124 202.37 71.0 你 0
202.37 202.616 72.0 这 0
202.616 202.861 71.0 样 0
202.861 203.107 69.0 的 0
203.107 205.319 67.0 依 0
209.035 209.281 68.0 靠 0
209.281 209.772 70.0 等 0
209.772 210.018 70.0 下 0
210.018 210.141 68.0 一 0
210.141 210.755 65.0 个 0
210.755 211.492 68.0 天 0
211.538 211.784 70.0 亮 0
211.784 212.03 70.0 去 0
212.03 212.276 68.0 上 0
212.276 212.521 65.0 次 0
212.521 212.767 63.0 牵 0
212.767 213.013 65.0 手 0
213.013 213.259 68.0 赏 0
213.259 213.75 70.0 花 0
213.75 214.242 70.0 那 0
214.242 214.733 70.0 里 0
214.733 215.224 68.0 散 0
215.224 215.47 63.0 步 0
215.47 216.699 65.0 好 0
216.701 216.947 61.0 吗 0
216.947 217.192 63.0 有 0
217.192 217.684 65.0 些 0
217.684 218.175 65.0 积 0
218.175 218.421 66.0 雪 0
218.421 218.667 65.0 会 0
218.667 218.913 63.0 自 0
218.913 219.158 60.0 己 0
219.173 220.141 61.0 融 0
220.343 220.589 65.0 化 0
220.589 220.835 63.0 你 0
220.835 221.08 61.0 的 0
221.08 221.572 58.0 肩 0
221.572 221.817 61.0 膀 0
221.817 222.063 58.0 是 0
222.063 222.309 70.0 我 0
222.309 222.8 68.0 豁 0
222.8 223.046 68.0 达 0
223.046 223.538 65.0 的 0
223.538 224.029 63.0 天 0
224.046 225.029 68.0 堂 0
225.029 225.521 70.0 等 0
225.521 225.766 70.0 下 0
225.766 225.889 68.0 一 0
225.889 226.504 65.0 个 0
226.504 226.995 68.0 天 0
227.158 227.403 70.0 亮 0
227.403 227.649 70.0 把 0
227.649 227.895 68.0 偷 0
227.895 228.141 65.0 拍 0
228.141 228.386 63.0 我 0
228.386 228.632 65.0 看 0
228.632 228.878 68.0 海 0
228.878 229.124 73.0 的 0
229.124 229.369 70.0 照 0
229.369 229.861 70.0 片 0
229.861 230.107 70.0 送 0
230.107 230.598 68.0 我 0
230.598 230.844 63.0 好 0
230.844 231.827 65.0 吗 0
232.399 232.645 61.0 我 0
232.645 232.891 63.0 喜 0
232.891 233.382 65.0 欢 0
233.382 233.874 65.0 我 0
233.874 234.119 66.0 飞 0
234.119 234.365 65.0 舞 0
234.365 234.611 63.0 的 0
234.611 234.857 60.0 头 0
234.857 235.84 61.0 发 0
236.006 236.252 65.0 和 0
236.252 236.498 63.0 - 0
236.498 236.744 61.0 飘 0
236.744 237.235 58.0 着 0
237.235 237.481 61.0 雨 0
237.481 237.727 58.0 还 0
237.727 237.972 68.0 是 0
237.972 238.464 65.0 眺 0
238.464 238.71 63.0 望 0
238.71 239.201 58.0 的 0
239.201 240.675 61.0 眼 0
