33.417 33.745 55.0 让 0
33.745 34.399 60.0 我 0
34.727 35.381 62.0 掉 0
35.381 35.708 64.0 下 0
35.708 36.032 67.0 眼 0
36.032 36.355 64.0 泪 0
36.355 36.678 64.0 的 1
37.325 37.648 57.0 不 0
37.648 38.299 60.0 止 0
38.625 38.95 62.0 昨 0
38.95 39.275 60.0 夜 0
39.275 39.601 57.0 的 0
39.601 40.252 55.0 酒 1
41.228 41.553 55.0 让 0
41.553 42.209 60.0 我 0
42.538 43.194 62.0 依 0
43.194 43.522 64.0 依 0
43.522 43.849 69.0 不 0
43.849 44.176 64.0 舍 0
44.176 44.503 67.0 的 1
45.157 45.484 64.0 不 0
45.484 46.138 62.0 - 0
46.138 46.465 60.0 止 0
46.465 47.12 62.0 你 0
47.12 47.447 67.0 的 0
47.447 47.776 64.0 温 0
47.776 48.433 62.0 柔 1
49.091 49.42 64.0 余 0
49.42 50.388 67.0 路 0
50.388 50.71 67.0 还 0
50.71 51.032 64.0 - 0
51.032 51.355 67.0 要 0
51.355 51.677 69.0 走 0
51.677 52.0 72.0 多 0
52.0 52.644 69.0 久 1
52.967 53.289 64.0 你 0
53.289 53.958 62.0 - 0
53.958 54.292 60.0 攥 0
54.292 54.96 62.0 着 0
54.96 55.294 67.0 我 0
55.294 55.941 64.0 的 1
56.911 57.234 64.0 让 0
57.234 58.204 67.0 - 0
58.204 58.85 64.0 我 0
58.85 59.173 64.0 感 0
59.173 59.502 62.0 到 0
59.502 59.831 60.0 为 0
59.831 60.16 60.0 难 1
60.818 61.146 55.0 是 0
61.146 61.793 62.0 - 0
61.793 62.116 60.0 挣 0
62.116 62.44 64.0 扎 0
62.44 62.763 62.0 的 0
62.763 63.086 60.0 - 0
63.086 64.068 60.0 自 1
66.666 66.989 55.0 分 0
66.989 67.983 60.0 - 0
67.983 68.645 62.0 别 0
68.645 68.976 64.0 总 0
68.976 69.301 67.0 是 0
69.301 69.627 64.0 在 0
69.627 70.277 64.0 九 1
70.602 70.928 57.0 回 0
70.928 71.578 60.0 - 0
71.578 71.904 60.0 忆 0
71.904 72.229 62.0 是 0
72.229 72.554 60.0 思 0
72.554 72.879 57.0 念 0
72.879 73.526 55.0 的 1
74.496 74.82 55.0 深 0
74.82 75.473 60.0 秋 0
75.8 76.453 62.0 嫩 0
76.453 76.78 64.0 绿 0
76.78 77.107 69.0 的 0
77.107 77.434 64.0 垂 0
77.434 78.088 67.0 柳 1
78.415 78.742 64.0 亲 0
78.742 79.398 62.0 吻 0
79.398 79.727 60.0 着 0
79.727 80.383 62.0 我 0
80.383 80.711 67.0 额 0
80.711 81.039 64.0 头 0
81.039 81.532 62.0 - 1
82.352 82.68 64.0 在 0
82.68 83.327 67.0 那 0
83.327 83.65 67.0 座 0
83.65 83.973 67.0 阴 0
83.973 84.296 64.0 雨 0
84.296 84.62 67.0 的 0
84.62 85.281 69.0 小 0
85.281 85.611 72.0 城 0
85.611 85.942 69.0 里 1
86.272 86.603 64.0 我 0
86.603 87.239 62.0 从 0
87.239 87.557 60.0 未 0
87.557 88.193 62.0 忘 0
88.193 88.511 67.0 记 0
88.511 89.166 64.0 你 1
90.148 90.475 64.0 成 0
90.475 91.139 67.0 - 0
92.134 92.3 64.0 带 0
92.3 92.466 62.0 - 0
92.466 92.791 57.0 不 0
92.791 93.116 60.0 走 1
93.441 94.09 60.0 只 0
94.09 94.415 62.0 - 0
94.415 94.737 62.0 有 0
94.737 96.343 60.0 你 1
97.98 98.308 64.0 和 0
98.308 98.946 67.0 我 0
98.946 99.265 67.0 在 0
99.265 99.584 67.0 成 0
99.584 99.903 64.0 都 0
99.903 100.223 67.0 的 0
100.223 100.88 69.0 街 0
100.88 101.208 69.0 头 0
101.208 101.865 64.0 走 0
101.865 102.194 62.0 一 0
102.194 102.521 60.0 走 1
102.848 103.176 60.0 哦 0
103.176 103.83 62.0 - 0
103.83 104.157 67.0 - 0
104.157 104.812 64.0 - 1
105.794 106.121 64.0 直 0
106.121 106.776 67.0 到 0
107.103 107.43 67.0 所 0
107.43 107.757 64.0 有 0
107.757 108.085 67.0 的 0
108.085 108.412 67.0 灯 0
108.412 108.739 69.0 - 0
108.739 109.066 69.0 都 0
109.066 109.394 64.0 熄 0
109.394 109.721 62.0 - 0
109.721 110.048 62.0 灭 0
110.048 110.373 60.0 了 1
110.697 111.022 60.0 也 0
111.022 111.671 62.0 - 0
111.671 111.996 64.0 不 0
111.996 112.323 62.0 停 0
112.323 112.978 60.0 留 1
113.632 113.796 55.0 你 0
113.796 113.959 55.0 会 0
113.959 114.614 60.0 挽 0
114.614 114.941 60.0 着 0
114.941 115.268 62.0 我 0
115.268 115.596 62.0 的 0
115.596 115.923 67.0 衣 0
115.923 116.894 64.0 袖 1
117.541 117.703 64.0 我 0
117.703 117.865 67.0 - 0
117.865 118.523 69.0 会 0
118.523 118.853 67.0 把 0
118.853 119.182 69.0 手 0
119.182 119.511 67.0 揣 0
119.511 119.841 62.0 进 0
119.841 120.805 64.0 裤 1
121.448 121.769 60.0 走 0
121.769 122.423 62.0 到 0
122.423 122.751 60.0 玉 0
122.751 123.078 62.0 林 0
123.078 123.405 60.0 - 0
123.405 123.733 57.0 路 0
123.733 124.387 62.0 的 0
124.387 124.714 64.0 尽 0
124.714 125.042 62.0 头 1
125.369 125.696 60.0 坐 0
125.696 126.017 62.0 - 0
126.017 126.338 62.0 在 0
126.338 126.658 62.0 小 0
126.658 126.979 62.0 酒 0
126.979 127.3 64.0 馆 0
127.3 127.621 69.0 的 0
127.621 130.256 67.0 门 1
164.473 164.799 55.0 分 0
164.799 165.774 60.0 - 0
165.774 166.424 62.0 别 0
166.424 166.749 64.0 总 0
166.749 167.077 67.0 是 0
167.077 167.405 64.0 在 0
167.405 167.733 64.0 九 1
168.389 168.717 57.0 回 0
168.717 169.363 60.0 忆 0
169.363 169.687 60.0 是 0
169.687 170.01 62.0 思 0
170.01 170.333 60.0 念 0
170.333 170.656 57.0 的 0
170.656 171.144 55.0 愁 1
172.281 172.606 55.0 深 0
172.606 173.596 60.0 - 0
173.596 174.255 62.0 秋 0
174.255 174.585 64.0 嫩 0
174.585 174.91 69.0 绿 0
174.91 175.235 64.0 的 0
175.235 175.56 67.0 垂 1
176.21 176.535 64.0 亲 0
176.535 177.185 62.0 - 0
177.185 177.51 60.0 吻 0
177.51 178.16 62.0 着 0
178.16 178.485 67.0 我 0
178.485 178.81 64.0 额 0
178.81 179.135 62.0 头 1
180.11 180.435 64.0 在 0
180.435 181.092 67.0 那 0
181.092 181.421 67.0 座 0
181.421 181.75 67.0 阴 0
181.75 182.078 64.0 雨 0
182.078 182.407 67.0 的 0
182.407 183.064 69.0 小 0
183.064 183.228 69.0 城 0
183.228 183.392 72.0 - 0
183.392 183.72 69.0 里 1
184.049 184.377 64.0 我 0
184.377 185.03 62.0 - 0
185.03 185.357 60.0 从 0
185.357 186.01 62.0 未 0
186.01 186.336 67.0 忘 0
186.336 186.983 64.0 记 1
187.954 188.277 64.0 成 0
188.277 189.253 67.0 - 0
189.904 190.067 64.0 带 0
190.067 190.229 62.0 - 0
190.229 190.553 57.0 不 0
190.553 190.877 60.0 走 1
191.201 191.849 60.0 只 0
191.849 192.173 62.0 有 0
192.173 192.5 62.0 你 0
192.5 194.136 60.0 - 1
195.755 196.079 64.0 和 0
196.079 196.735 67.0 - 0
196.735 197.063 67.0 我 0
197.063 197.391 67.0 在 0
197.391 197.719 64.0 成 0
197.719 198.047 67.0 都 0
198.047 198.698 69.0 的 0
198.698 199.024 69.0 街 0
199.024 199.675 64.0 头 0
199.675 200.0 62.0 走 0
200.0 200.329 60.0 一 1
200.658 200.987 60.0 哦 0
200.987 201.644 62.0 - 0
201.644 201.973 67.0 - 0
201.973 202.951 64.0 - 1
203.603 203.929 64.0 直 0
203.929 204.577 67.0 到 0
204.901 205.225 67.0 所 0
205.225 205.549 64.0 有 0
205.549 205.873 67.0 的 0
205.873 206.519 69.0 灯 0
206.519 206.843 69.0 都 0
206.843 207.489 64.0 熄 0
207.489 207.813 62.0 灭 0
207.813 208.143 60.0 了 1
208.473 208.804 60.0 也 0
208.804 209.464 62.0 - 0
209.464 209.795 64.0 不 0
209.795 210.118 62.0 停 0
210.118 210.766 60.0 留 1
211.413 211.575 55.0 你 0
211.575 211.737 55.0 - 0
211.737 212.395 60.0 会 0
212.395 212.724 60.0 挽 0
212.724 213.054 62.0 着 0
213.054 213.383 62.0 我 0
213.383 213.712 67.0 的 0
213.712 214.684 64.0 衣 1
215.331 215.493 64.0 我 0
215.493 215.655 67.0 会 0
215.655 216.307 69.0 把 0
216.307 216.633 67.0 手 0
216.633 216.958 69.0 揣 0
216.958 217.284 67.0 进 0
217.284 217.61 62.0 裤 0
217.61 218.595 64.0 兜 1
219.252 219.581 60.0 走 0
219.581 220.242 62.0 到 0
220.242 220.572 60.0 玉 0
220.572 220.903 62.0 林 0
220.903 221.233 60.0 - 0
221.233 221.564 57.0 路 0
221.564 222.206 62.0 的 0
222.206 222.527 64.0 尽 0
222.527 222.848 62.0 头 1
223.17 223.491 60.0 坐 0
223.491 223.817 62.0 在 0
223.817 224.142 62.0 小 0
224.142 224.468 62.0 酒 0
224.468 224.794 62.0 馆 0
224.794 225.12 64.0 的 0
225.12 225.446 69.0 门 0
225.446 228.706 67.0 口 1
231.001 231.329 64.0 和 0
231.329 231.977 67.0 我 0
231.977 232.301 67.0 在 0
232.301 232.625 67.0 成 0
232.625 232.949 64.0 都 0
232.949 233.273 67.0 的 0
233.273 233.929 69.0 街 0
233.929 234.258 69.0 头 0
234.258 234.914 64.0 走 0
234.914 235.242 62.0 一 0
235.242 235.566 60.0 走 1
235.89 236.214 60.0 哦 0
236.214 236.861 62.0 - 0
236.861 237.185 67.0 - 0
237.185 237.842 64.0 - 1
238.826 239.155 64.0 直 0
239.155 239.809 67.0 - 0
240.136 240.463 67.0 所 0
240.463 240.79 64.0 - 0
240.79 241.117 67.0 有 0
241.117 241.768 69.0 的 0
241.768 242.094 69.0 灯 0
242.094 242.745 64.0 都 0
242.745 243.07 62.0 熄 0
243.07 243.397 60.0 灭 1
243.723 244.05 60.0 也 0
244.05 244.703 62.0 不 0
244.703 245.029 64.0 停 0
245.029 245.353 62.0 留 0
245.353 246.001 60.0 - 1
246.649 246.973 64.0 和 0
246.973 247.626 67.0 我 0
247.626 247.953 67.0 在 0
247.953 248.279 67.0 成 0
248.279 248.606 64.0 都 0
248.606 248.933 67.0 的 0
248.933 249.572 69.0 街 0
249.572 249.892 69.0 头 0
249.892 250.531 64.0 走 0
250.531 250.851 62.0 一 0
250.851 251.181 60.0 走 1
251.511 251.841 60.0 哦 0
251.841 252.501 62.0 - 0
252.501 252.831 67.0 - 0
252.831 253.799 64.0 - 1
254.445 254.768 64.0 直 0
254.768 255.427 67.0 到 0
255.757 256.086 67.0 所 0
256.086 256.416 64.0 有 0
256.416 256.745 67.0 的 0
256.745 257.398 69.0 灯 0
257.398 257.725 69.0 都 0
257.725 258.378 64.0 熄 0
258.378 258.704 62.0 灭 0
258.704 259.028 60.0 了 1
259.352 259.676 60.0 也 0
259.676 260.324 62.0 不 0
260.324 260.648 64.0 停 0
260.648 260.978 62.0 留 0
260.978 261.968 60.0 - 1
262.298 262.463 55.0 你 0
262.463 262.628 55.0 会 0
262.628 263.285 60.0 挽 0
263.285 263.613 60.0 着 0
263.613 263.942 62.0 我 0
263.942 264.27 62.0 的 0
264.27 264.598 67.0 衣 0
264.598 265.561 64.0 袖 1
266.203 266.363 64.0 我 0
266.363 266.524 67.0 会 0
266.524 267.181 69.0 把 0
267.181 267.51 67.0 手 0
267.51 267.839 69.0 揣 0
267.839 268.168 67.0 进 0
268.168 268.496 62.0 裤 0
268.496 269.488 64.0 兜 1
270.15 270.48 60.0 走 0
270.48 271.12 62.0 到 0
271.12 271.44 60.0 玉 0
271.44 271.759 62.0 林 0
271.759 272.079 60.0 - 0
272.079 272.399 57.0 路 0
272.399 273.046 62.0 的 0
273.046 273.37 64.0 尽 0
273.37 273.694 62.0 头 1
274.018 274.342 60.0 走 0
274.342 274.673 62.0 - 0
274.673 275.005 62.0 过 0
275.005 275.336 62.0 小 0
275.336 275.667 62.0 酒 0
275.667 275.998 64.0 馆 0
275.998 276.33 69.0 的 0
276.33 280.562 67.0 门 1
287.819 288.155 64.0 和 0
288.155 288.792 67.0 我 0
288.792 289.11 67.0 在 0
289.11 289.429 67.0 成 0
289.429 289.747 64.0 都 0
289.747 290.065 67.0 的 0
290.065 290.702 69.0 街 0
290.702 291.021 69.0 头 0
291.021 291.658 64.0 走 0
291.658 291.976 62.0 一 0
291.976 292.305 60.0 走 1
292.635 292.964 60.0 哦 0
292.964 293.622 62.0 - 0
293.622 293.951 67.0 - 0
293.951 294.923 64.0 - 1
295.489 295.813 64.0 直 0
295.813 296.132 67.0 - 0
296.809 297.128 67.0 所 0
297.128 297.446 64.0 - 0
297.446 297.764 67.0 有 0
297.764 298.096 69.0 的 0
298.472 298.805 69.0 都 0
298.805 299.473 64.0 - 0
299.473 299.807 62.0 熄 0
299.807 300.127 60.0 灭 1
300.447 300.766 60.0 也 0
300.766 301.406 62.0 - 0
301.406 301.726 64.0 不 0
301.726 303.053 60.0 停 0
