8.144 8.304 60.0 当 0
8.431 8.701 60.0 你 0
8.717 9.002 59.0 看 0
9.004 9.279 57.0 着 0
9.291 10.138 55.0 我 1
10.484 10.758 55.0 我 0
10.77 11.03 55.0 没 0
11.057 11.343 57.0 有 0
11.343 11.618 59.0 开 0
11.63 12.191 60.0 口 0
12.203 12.974 52.0 已 0
13.062 13.349 52.0 被 0
13.349 13.628 53.0 你 0
13.636 13.922 55.0 猜 0
13.922 16.489 57.0 透 1
17.394 17.554 60.0 还 0
17.681 17.951 60.0 是 0
17.968 18.252 59.0 - 0
18.254 18.529 57.0 没 0
18.541 19.388 55.0 把 1
19.771 20.045 55.0 还 0
20.057 20.318 55.0 是 0
20.344 20.63 57.0 没 0
20.63 20.905 59.0 有 0
20.917 21.478 60.0 符 0
21.49 22.261 52.0 合 0
22.35 22.636 52.0 你 0
22.636 22.915 53.0 的 0
22.923 23.209 55.0 要 0
23.209 25.776 57.0 求 1
26.242 26.521 57.0 是 0
26.529 26.808 57.0 - 0
26.815 27.094 57.0 我 0
27.102 27.667 64.0 自 0
27.675 28.241 62.0 己 0
28.248 28.527 59.0 想 0
28.534 28.814 57.0 得 0
28.821 30.242 55.0 太 0
30.37 30.65 55.0 多 1
30.657 30.936 52.0 还 0
30.944 31.223 55.0 是 0
31.23 31.509 52.0 你 0
31.517 31.796 55.0 也 0
31.803 32.369 62.0 在 0
32.376 34.948 60.0 闪 1
35.431 35.71 57.0 如 0
35.718 35.997 57.0 果 0
36.004 36.283 57.0 真 0
36.291 36.857 64.0 的 0
36.864 37.43 62.0 选 0
37.437 37.716 59.0 择 0
37.723 38.003 57.0 是 0
38.01 38.858 55.0 我 1
39.073 39.352 55.0 我 0
39.36 39.639 64.0 - 0
39.646 39.925 65.0 鼓 0
39.933 40.212 64.0 起 0
40.219 40.498 65.0 勇 0
40.506 41.072 64.0 气 0
41.079 41.358 59.0 去 0
41.365 42.314 60.0 接 1
42.847 43.126 60.0 不 0
43.133 43.413 59.0 - 0
43.42 43.699 60.0 知 0
43.707 43.986 52.0 不 0
43.993 44.559 53.0 觉 0
44.566 44.845 52.0 让 0
44.853 45.705 53.0 视 0
45.712 45.992 64.0 线 0
45.999 47.521 62.0 开 0
48.005 48.284 60.0 闪 0
48.291 50.1 60.0 - 1
51.715 51.995 55.0 哦 0
52.002 52.281 65.0 - 0
52.288 52.568 64.0 第 0
52.575 52.854 62.0 一 0
52.862 53.524 64.0 次 0
54.008 54.287 55.0 说 0
54.294 54.574 64.0 - 0
54.581 54.86 62.0 爱 0
54.867 55.147 60.0 你 0
55.154 55.72 62.0 的 0
55.727 56.39 55.0 时 1
56.725 57.005 55.0 呼 0
57.012 57.291 57.0 吸 0
57.299 57.578 59.0 难 0
57.585 58.151 60.0 过 0
58.158 58.438 59.0 心 0
58.445 58.724 60.0 不 0
58.731 59.011 59.0 停 0
59.018 59.584 60.0 地 0
59.591 59.87 52.0 颤 0
59.877 60.54 57.0 抖 1
60.924 61.204 55.0 哦 0
61.211 61.49 65.0 - 0
61.498 61.777 64.0 第 0
61.784 62.063 62.0 一 0
62.071 63.205 64.0 次 0
63.217 63.496 55.0 我 0
63.503 63.783 64.0 牵 0
63.79 64.069 62.0 起 0
64.076 64.356 60.0 你 0
64.363 64.929 62.0 的 0
64.936 65.455 55.0 双 1
65.744 66.023 55.0 失 0
66.03 66.309 57.0 - 0
66.317 66.596 59.0 去 0
66.603 67.169 60.0 方 0
67.176 67.456 59.0 向 0
67.463 67.742 60.0 不 0
67.749 68.029 59.0 知 0
68.036 68.31 60.0 该 0
68.322 68.597 69.0 往 0
68.609 68.888 64.0 哪 0
68.895 70.131 67.0 - 1
70.586 70.865 64.0 那 0
70.872 71.152 65.0 - 0
71.159 71.725 67.0 是 0
71.732 72.011 60.0 一 0
72.018 72.298 60.0 起 0
72.305 72.871 60.0 相 0
72.878 73.157 67.0 爱 0
73.164 73.444 60.0 的 0
73.451 74.973 60.0 理 1
75.653 75.932 60.0 那 0
75.939 76.792 60.0 是 0
76.799 77.078 60.0 一 0
77.085 77.651 60.0 起 0
77.658 78.224 62.0 厮 0
78.231 79.079 62.0 守 1
79.206 79.485 55.0 哦 0
79.492 79.772 65.0 - 0
79.779 80.058 64.0 第 0
80.065 80.345 62.0 一 0
80.352 81.014 64.0 次 0
81.498 81.777 55.0 你 0
81.784 82.064 64.0 - 0
82.071 82.35 62.0 深 0
82.357 82.637 60.0 深 0
82.644 83.21 62.0 的 0
83.217 83.88 55.0 酒 1
84.102 84.381 55.0 想 0
84.388 84.668 57.0 要 0
84.675 84.954 59.0 清 0
84.961 85.527 60.0 醒 0
85.534 85.814 59.0 却 0
85.821 86.1 60.0 冲 0
86.107 86.387 59.0 昏 0
86.394 86.96 60.0 - 0
86.967 87.246 52.0 了 0
87.254 88.101 57.0 头 1
88.408 88.687 55.0 哦 0
88.694 88.974 65.0 - 0
88.981 89.26 64.0 第 0
89.267 89.547 62.0 一 0
89.554 90.01 64.0 次 0
90.01 90.225 62.0 你 0
90.7 90.979 55.0 躺 0
90.986 91.266 64.0 - 0
91.273 91.552 62.0 在 0
91.56 91.839 60.0 我 0
91.846 92.412 62.0 的 0
92.419 92.938 55.0 胸 1
93.393 93.672 55.0 二 0
93.679 93.959 57.0 十 0
93.966 94.245 59.0 四 0
94.252 94.818 60.0 小 0
94.825 95.105 59.0 时 0
95.112 95.391 60.0 没 0
95.398 95.678 59.0 有 0
95.685 95.96 60.0 分 0
95.972 96.246 69.0 开 0
96.258 96.537 64.0 - 0
96.545 97.494 67.0 过 1
98.108 98.387 64.0 那 0
98.394 98.674 65.0 - 0
98.681 99.247 67.0 是 0
99.254 99.533 60.0 第 0
99.54 99.82 60.0 一 0
99.827 100.393 67.0 次 0
100.4 100.679 60.0 知 0
100.687 100.966 60.0 道 0
100.973 102.394 60.0 天 0
102.406 103.253 62.0 长 0
103.265 103.54 60.0 地 0
103.552 105.832 60.0 - 1
117.978 118.257 57.0 是 0
118.264 118.543 57.0 我 0
118.551 118.83 57.0 自 0
118.837 119.403 64.0 己 0
119.41 119.976 62.0 想 0
119.983 120.263 59.0 得 0
120.27 120.549 57.0 太 0
120.556 121.505 55.0 多 1
121.988 122.267 55.0 还 0
122.275 122.554 52.0 是 0
122.561 122.84 55.0 你 0
122.848 123.127 52.0 也 0
123.134 123.414 55.0 在 0
123.421 123.987 62.0 闪 0
123.994 126.089 60.0 躲 1
127.118 127.397 57.0 如 0
127.404 127.684 57.0 - 0
127.691 127.97 57.0 果 0
127.977 128.543 64.0 真 0
128.55 129.116 62.0 的 0
129.123 129.403 59.0 选 0
129.41 129.689 57.0 择 0
129.696 130.544 55.0 是 1
130.803 131.082 55.0 我 0
131.089 131.368 64.0 - 0
131.376 131.655 65.0 鼓 0
131.662 131.942 64.0 起 0
131.949 132.228 65.0 勇 0
132.235 132.801 64.0 气 0
132.808 133.088 59.0 去 0
133.095 134.044 60.0 接 1
134.642 134.922 60.0 不 0
134.929 135.208 59.0 知 0
135.216 135.495 60.0 不 0
135.502 135.781 52.0 觉 0
135.789 136.355 53.0 让 0
136.362 136.641 52.0 视 0
136.648 137.311 53.0 线 0
137.508 137.787 64.0 开 0
137.794 139.317 62.0 始 0
139.8 140.079 60.0 闪 0
140.087 142.182 60.0 烁 1
143.486 143.765 55.0 哦 0
143.773 144.052 65.0 第 0
144.059 144.338 64.0 一 0
144.346 144.625 62.0 次 0
144.632 145.295 64.0 我 0
145.778 146.058 55.0 说 0
146.065 146.344 64.0 爱 0
146.351 146.631 62.0 你 0
146.638 146.917 60.0 的 0
146.924 147.49 62.0 时 0
147.497 148.16 55.0 候 1
148.368 148.647 55.0 呼 0
148.655 148.934 57.0 - 0
148.941 149.22 59.0 吸 0
149.228 149.794 60.0 难 0
149.801 150.08 59.0 过 0
150.087 150.367 60.0 心 0
150.374 150.653 59.0 不 0
150.66 151.226 60.0 停 0
151.233 151.513 52.0 地 0
151.52 152.183 57.0 颤 1
152.689 152.968 55.0 哦 0
152.976 153.255 65.0 第 0
153.262 153.541 64.0 一 0
153.549 153.828 62.0 次 0
153.835 154.498 64.0 我 0
154.981 155.261 55.0 牵 0
155.268 155.547 64.0 起 0
155.554 155.834 62.0 你 0
155.841 156.12 60.0 的 0
156.127 156.693 62.0 双 0
156.701 157.548 55.0 手 1
157.58 157.859 55.0 失 0
157.867 158.146 57.0 去 0
158.153 158.433 59.0 方 0
158.44 159.006 60.0 向 0
159.013 159.292 59.0 不 0
159.299 159.579 60.0 知 0
159.586 159.865 59.0 该 0
159.872 160.147 60.0 往 0
160.159 160.434 69.0 哪 0
160.445 160.725 64.0 儿 0
160.732 161.968 67.0 走 1
162.407 162.687 64.0 那 0
162.694 162.973 65.0 是 0
162.98 163.546 67.0 一 0
163.553 163.833 60.0 起 0
163.84 164.119 60.0 相 0
164.126 164.692 60.0 爱 0
164.699 164.979 67.0 的 0
164.986 165.265 60.0 理 0
165.273 166.508 60.0 由 0
166.705 167.516 62.0 对 0
167.516 167.844 60.0 - 0
167.851 170.52 60.0 我 1
172.957 173.236 57.0 感 0
173.243 173.523 57.0 觉 0
173.53 174.096 57.0 你 0
174.103 174.382 57.0 属 0
174.389 174.955 59.0 于 0
174.963 175.958 59.0 我 1
176.449 176.729 59.0 感 0
176.736 177.588 59.0 觉 0
177.595 177.875 59.0 你 0
177.882 178.591 59.0 的 0
178.598 179.021 59.0 眼 0
179.028 181.019 57.0 眸 1
181.986 182.265 57.0 第 0
182.272 182.552 57.0 - 0
182.559 182.981 57.0 一 0
182.989 183.411 57.0 次 0
183.418 183.984 59.0 就 0
183.991 184.987 59.0 决 0
185.424 185.99 55.0 绝 0
185.997 186.563 62.0 - 0
186.57 186.85 64.0 不 0
186.857 188.855 64.0 会 1
189.173 189.452 57.0 哦 0
189.459 189.739 67.0 - 0
189.746 190.025 66.0 第 0
190.032 190.312 64.0 一 0
190.319 191.453 66.0 次 0
191.465 191.744 57.0 我 0
191.751 192.031 66.0 说 0
192.038 192.317 64.0 爱 0
192.325 192.604 62.0 你 0
192.611 193.177 64.0 的 0
193.184 194.032 57.0 时 0
194.107 194.386 57.0 候 1
194.393 194.673 59.0 呼 0
194.68 194.959 61.0 吸 0
194.966 195.532 62.0 难 0
195.539 195.819 61.0 过 0
195.826 196.105 62.0 心 0
196.112 196.392 61.0 不 0
196.399 196.965 62.0 停 0
196.972 197.251 54.0 地 0
197.262 197.546 57.0 颤 0
197.553 198.106 59.0 抖 1
198.325 198.604 57.0 哦 0
198.611 198.891 67.0 第 0
198.898 199.177 66.0 一 0
199.184 199.464 64.0 次 0
199.471 199.837 66.0 我 0
199.856 200.193 62.0 - 0
200.617 200.896 57.0 牵 0
200.904 201.183 66.0 起 0
201.19 201.469 64.0 你 0
201.477 201.756 62.0 的 0
201.763 202.329 64.0 双 0
202.336 203.184 57.0 手 1
203.295 203.574 57.0 失 0
203.581 203.861 59.0 去 0
203.868 204.147 61.0 方 0
204.154 204.72 62.0 向 0
204.727 205.007 61.0 不 0
205.014 205.293 62.0 知 0
205.301 205.58 61.0 该 0
205.587 205.862 62.0 往 0
205.874 206.148 71.0 哪 0
206.16 206.439 66.0 儿 0
206.447 207.867 69.0 走 1
208.13 208.409 66.0 那 0
208.429 208.709 67.0 是 0
208.716 209.251 69.0 一 0
209.258 209.537 62.0 起 0
209.545 209.824 62.0 相 0
209.831 210.397 62.0 爱 0
210.404 210.683 69.0 的 0
210.691 210.97 62.0 理 0
210.977 212.459 62.0 由 1
212.946 213.225 62.0 那 0
213.232 214.085 62.0 - 0
214.092 214.371 62.0 是 0
214.379 214.944 62.0 一 0
214.952 215.518 64.0 起 0
215.525 216.372 64.0 厮 1
216.838 217.117 57.0 哦 0
217.124 217.404 67.0 第 0
217.411 217.69 66.0 一 0
217.697 217.977 64.0 次 0
217.984 219.118 66.0 吻 0
219.13 219.409 57.0 你 0
219.417 219.696 66.0 深 0
219.703 219.983 64.0 深 0
219.99 220.269 62.0 的 0
220.276 220.842 64.0 酒 0
220.88 221.697 57.0 窝 1
221.702 221.981 57.0 想 0
221.988 222.268 59.0 要 0
222.275 222.554 61.0 清 0
222.562 223.127 62.0 醒 0
223.135 223.414 61.0 却 0
223.421 223.7 62.0 冲 0
223.708 223.987 61.0 昏 0
223.994 224.56 62.0 - 0
224.567 224.847 54.0 了 0
224.854 225.701 59.0 头 1
225.821 226.1 57.0 哦 0
226.107 226.387 67.0 - 0
226.394 226.673 66.0 第 0
226.68 226.96 64.0 一 0
226.967 227.392 66.0 次 0
227.404 227.876 62.0 你 0
228.113 228.393 57.0 躺 0
228.4 228.679 66.0 - 0
228.686 228.966 64.0 在 0
228.973 229.252 62.0 我 0
229.259 229.825 64.0 的 0
229.832 230.68 57.0 胸 0
230.755 231.034 57.0 口 1
231.041 231.321 59.0 二 0
231.328 231.607 61.0 十 0
231.615 232.18 62.0 四 0
232.188 232.467 61.0 小 0
232.474 232.754 62.0 时 0
232.761 233.04 61.0 没 0
233.047 233.322 62.0 有 0
233.334 233.608 71.0 分 0
233.62 233.9 66.0 开 0
233.907 235.328 69.0 - 1
237.9 238.18 66.0 那 0
238.187 238.466 67.0 - 0
238.474 239.039 69.0 是 0
239.047 239.451 62.0 第 0
239.467 239.907 62.0 一 0
239.921 240.486 69.0 次 0
240.494 240.773 62.0 知 0
240.78 241.059 62.0 道 0
241.067 242.487 62.0 天 0
243.217 244.353 64.0 地 0
244.367 244.793 62.0 - 0
244.805 247.552 62.0 - 0
