20.083 20.583 54.0 谁 0
20.583 21.083 56.0 让 0
21.083 21.583 57.0 你 0
21.583 21.833 56.0 心 0
21.833 22.833 54.0 动 1
23.97 24.47 54.0 谁 0
24.47 24.97 56.0 让 0
24.97 25.47 57.0 你 0
25.47 25.72 56.0 心 0
25.72 26.72 54.0 痛 1
28.087 28.587 53.0 谁 0
28.587 28.837 54.0 会 0
28.837 29.337 56.0 让 0
29.337 30.087 54.0 你 0
30.087 30.587 56.0 偶 0
30.587 30.838 54.0 尔 0
30.838 31.338 52.0 想 0
31.338 32.089 62.0 要 0
32.089 32.59 61.0 拥 0
32.59 32.84 61.0 他 0
32.84 33.34 61.0 在 0
33.34 33.841 59.0 怀 0
33.841 35.092 61.0 中 1
36.077 36.578 59.0 谁 0
36.578 37.078 61.0 又 0
37.078 37.579 62.0 在 0
37.579 38.079 61.0 乎 0
38.079 38.58 62.0 你 0
38.58 38.83 61.0 的 0
38.83 39.331 59.0 梦 1
39.479 39.729 57.0 谁 0
39.729 39.979 59.0 说 0
39.979 40.478 61.0 你 0
40.478 40.728 64.0 的 0
40.728 41.227 61.0 心 0
41.227 41.975 59.0 思 0
41.975 42.474 59.0 他 0
42.474 42.724 61.0 会 0
42.724 43.223 57.0 懂 0
43.223 43.722 57.0 - 1
44.031 45.531 59.0 谁 0
45.531 45.781 57.0 为 0
45.781 46.281 59.0 你 0
46.281 47.031 59.0 - 0
47.531 48.031 54.0 感 0
48.031 50.031 56.0 动 1
51.136 51.636 57.0 如 0
51.636 52.136 56.0 果 0
52.136 53.136 54.0 女 0
53.136 53.636 61.0 人 0
54.136 54.636 59.0 总 0
54.636 54.886 61.0 是 0
54.886 55.636 64.0 等 0
55.636 56.136 61.0 到 0
56.136 57.136 59.0 夜 0
57.136 57.636 61.0 深 1
58.086 58.586 59.0 不 0
58.586 58.836 61.0 会 0
58.836 59.586 64.0 付 0
59.586 60.086 66.0 出 0
60.086 61.086 59.0 青 0
61.086 61.586 59.0 春 1
62.003 62.503 59.0 他 0
62.503 62.753 61.0 就 0
62.753 63.253 64.0 会 0
63.253 63.753 61.0 对 0
63.753 64.003 59.0 你 0
64.003 65.753 61.0 真 1
67.058 67.558 59.0 是 0
67.558 68.058 61.0 否 0
68.058 69.057 62.0 女 0
69.057 69.557 62.0 人 0
70.056 70.556 62.0 永 0
70.556 70.806 64.0 远 0
70.806 71.556 66.0 不 0
71.556 72.055 62.0 要 0
72.055 73.055 61.0 多 0
73.055 73.555 61.0 问 1
74.153 74.653 61.0 她 0
74.653 74.903 62.0 最 0
74.903 75.403 61.0 好 0
75.403 75.903 59.0 永 0
75.903 76.153 57.0 远 0
76.153 76.403 59.0 天 0
76.403 76.903 59.0 真 1
78.021 78.521 59.0 为 0
78.521 78.771 57.0 她 0
78.771 79.271 59.0 所 0
79.271 79.771 57.0 爱 0
79.771 80.271 56.0 的 0
80.271 82.021 54.0 人 1
84.127 84.627 54.0 谁 0
84.627 85.127 56.0 让 0
85.127 85.627 57.0 你 0
85.627 85.877 56.0 心 0
85.877 86.877 54.0 动 1
87.958 88.458 54.0 谁 0
88.458 88.958 56.0 让 0
88.958 89.458 57.0 你 0
89.458 89.708 56.0 心 0
89.708 90.958 54.0 痛 1
91.972 92.472 53.0 谁 0
92.472 92.972 54.0 会 0
92.972 93.472 56.0 让 0
93.472 93.722 54.0 你 0
93.722 94.472 56.0 偶 0
94.472 94.972 54.0 尔 0
94.972 95.222 52.0 想 0
95.222 95.972 62.0 要 0
95.972 96.472 61.0 拥 0
96.472 96.722 61.0 他 0
96.722 97.222 61.0 在 0
97.222 97.722 59.0 怀 0
97.722 98.972 61.0 中 1
100.116 100.616 59.0 谁 0
100.616 101.116 61.0 又 0
101.116 101.616 62.0 在 0
101.616 102.116 61.0 乎 0
102.116 102.618 62.0 你 0
102.618 102.869 61.0 的 0
102.869 103.37 59.0 梦 1
103.559 103.81 57.0 谁 0
103.81 104.061 59.0 说 0
104.061 104.561 61.0 你 0
104.561 104.811 64.0 的 0
104.811 105.311 61.0 心 0
105.311 106.061 59.0 思 0
106.061 106.561 59.0 他 0
106.561 106.811 61.0 会 0
106.811 107.311 57.0 懂 0
107.311 107.811 57.0 - 1
108.141 109.641 59.0 谁 0
109.641 109.891 57.0 为 0
109.891 110.391 59.0 你 0
110.391 111.141 59.0 - 0
111.641 112.141 54.0 感 0
112.141 114.141 56.0 动 0
114.141 115.141 64.0 喔 1
115.145 115.645 57.0 只 0
115.645 116.145 56.0 是 0
116.145 117.145 54.0 女 0
117.145 117.645 61.0 人 0
118.145 118.645 59.0 容 0
118.645 118.895 61.0 易 0
118.895 119.645 64.0 一 0
119.645 120.145 61.0 往 0
120.145 121.145 59.0 情 0
121.145 121.645 61.0 深 1
122.035 122.535 59.0 总 0
122.535 122.785 61.0 是 0
122.785 123.535 64.0 被 0
123.535 124.035 66.0 情 0
124.035 125.035 59.0 所 0
125.035 125.535 59.0 困 1
126.086 126.586 59.0 终 0
126.586 126.836 61.0 于 0
126.836 127.336 64.0 越 0
127.336 127.836 61.0 陷 0
127.836 128.086 59.0 越 0
128.086 130.086 61.0 深 0
130.086 130.836 61.0 耶 1
131.648 131.898 59.0 可 0
131.898 132.148 61.0 是 0
132.148 133.148 62.0 女 0
133.148 133.648 62.0 人 0
134.148 134.648 62.0 爱 0
134.648 134.898 64.0 是 0
134.898 135.648 66.0 她 0
135.648 136.148 64.0 的 0
136.148 137.148 61.0 灵 0
137.148 137.648 61.0 魂 1
138.113 138.613 61.0 她 0
138.613 138.863 61.0 可 0
138.863 139.363 61.0 以 0
139.363 139.863 59.0 奉 0
139.863 140.113 57.0 献 0
140.113 141.113 59.0 一 0
141.113 141.613 59.0 生 1
142.154 142.654 59.0 为 0
142.654 142.904 57.0 她 0
142.904 143.404 59.0 所 0
143.404 144.154 57.0 爱 0
144.154 144.404 56.0 的 0
144.404 148.154 54.0 人 1
148.156 151.656 64.0 耶 0
151.656 152.656 61.0 哦 0
155.156 155.906 66.0 啊 0
155.906 157.656 64.0 - 1
158.982 159.482 57.0 如 0
159.482 159.982 56.0 果 0
159.982 160.982 54.0 女 0
160.982 161.482 61.0 人 0
161.982 162.482 59.0 总 0
162.482 162.732 61.0 是 0
162.732 163.232 64.0 等 0
163.232 163.732 61.0 到 0
163.732 163.982 59.0 - 0
163.982 164.982 59.0 夜 0
164.982 165.482 61.0 深 1
165.973 166.473 59.0 不 0
166.473 166.723 61.0 会 0
166.723 167.223 64.0 付 0
167.223 167.973 66.0 出 0
167.973 168.973 59.0 青 0
168.973 169.473 59.0 春 1
169.991 170.491 59.0 他 0
170.491 170.741 61.0 就 0
170.741 171.241 64.0 会 0
171.241 171.741 61.0 对 0
171.741 171.991 59.0 你 0
171.991 173.991 61.0 真 0
173.991 174.741 61.0 耶 1
175.592 175.842 56.0 可 0
175.842 176.092 56.0 是 0
176.092 177.092 54.0 女 0
177.092 177.592 61.0 人 0
178.092 178.592 59.0 容 0
178.592 178.842 61.0 易 0
178.842 179.592 64.0 一 0
179.592 180.092 61.0 往 0
180.092 181.092 59.0 情 0
181.092 181.592 61.0 深 1
182.006 182.506 59.0 总 0
182.506 182.756 61.0 是 0
182.756 183.506 64.0 为 0
183.506 184.006 66.0 情 0
184.006 185.006 59.0 所 0
185.006 185.506 59.0 困 1
185.98 186.48 59.0 终 0
186.48 186.73 61.0 于 0
186.73 187.23 64.0 越 0
187.23 187.73 61.0 陷 0
187.73 187.98 59.0 越 0
187.98 189.98 61.0 深 0
189.98 190.73 61.0 耶 1
190.969 191.469 59.0 可 0
191.469 191.969 61.0 是 0
191.969 192.969 62.0 女 0
192.969 193.469 62.0 人 0
193.969 194.469 62.0 爱 0
194.469 194.719 64.0 是 0
194.719 195.469 66.0 她 0
195.469 195.969 64.0 的 0
195.969 196.969 61.0 灵 0
196.969 197.469 61.0 魂 1
198.021 198.521 61.0 她 0
198.521 198.771 62.0 愿 0
198.771 199.271 61.0 意 0
199.271 199.771 59.0 奉 0
199.771 200.021 57.0 献 0
200.021 201.021 59.0 一 0
201.021 201.521 59.0 生 1
202.062 202.562 59.0 为 0
202.562 203.062 57.0 她 0
203.062 203.562 59.0 所 0
203.562 204.062 57.0 爱 0
204.062 204.312 56.0 的 0
204.312 206.312 54.0 人 1
212.035 212.785 61.0 为 0
212.785 213.588 59.0 他 0
213.588 214.46 57.0 - 0
216.714 217.422 59.0 所 0
217.422 218.13 57.0 爱 0
218.13 218.734 56.0 的 0
218.734 219.338 54.0 - 0
219.338 221.889 54.0 人 1
