36.127 36.384 56.0 哭 0
36.384 36.64 54.0 到 0
36.64 37.153 56.0 喉 0
37.153 37.409 59.0 咙 0
37.409 37.666 59.0 沙 0
37.666 37.922 61.0 - 0
37.922 39.204 59.0 哑 0
40.23 40.486 54.0 还 0
40.486 40.743 54.0 得 0
40.743 41.255 54.0 拼 0
41.255 41.512 59.0 命 0
41.512 42.025 61.0 装 0
42.025 43.05 59.0 傻 1
44.341 44.598 61.0 我 0
44.598 44.854 61.0 故 0
44.854 45.111 61.0 意 0
45.367 45.623 61.0 视 0
45.623 45.88 59.0 而 0
45.88 46.136 64.0 不 0
46.136 46.649 61.0 见 1
47.206 47.462 61.0 你 0
47.462 47.719 59.0 外 0
47.719 47.971 56.0 套 0
47.971 48.223 59.0 上 0
48.227 48.488 61.0 - 0
48.488 49.001 59.0 有 0
49.001 49.253 59.0 她 0
49.253 49.505 54.0 的 0
49.509 49.77 56.0 - 0
49.77 50.026 54.0 - 0
50.026 51.052 54.0 发 1
51.688 51.944 56.0 她 0
51.944 52.196 57.0 应 0
52.196 52.453 59.0 该 0
52.543 52.713 59.0 非 0
52.884 53.055 59.0 常 0
53.226 53.397 59.0 听 0
53.568 53.91 59.0 你 0
53.91 54.252 56.0 的 0
54.252 54.594 63.0 话 1
55.188 55.529 63.0 她 0
55.529 55.871 64.0 应 0
55.871 56.042 66.0 该 0
56.213 56.555 66.0 会 0
56.555 56.897 64.0 顺 0
56.897 57.239 61.0 着 0
57.239 57.666 64.0 你 0
57.752 58.008 64.0 的 0
58.008 58.265 66.0 步 0
58.265 58.692 66.0 伐 0
58.692 59.034 64.0 - 1
59.799 60.055 59.0 乖 0
60.055 60.308 61.0 乖 0
60.308 60.654 64.0 的 0
60.654 60.996 61.0 呆 0
60.996 61.337 59.0 在 0
61.337 61.679 61.0 家 0
62.359 62.705 64.0 静 0
62.705 63.047 61.0 静 0
63.047 63.384 59.0 的 0
63.384 63.731 64.0 守 0
63.731 64.072 66.0 着 0
64.072 64.414 68.0 电 0
64.414 64.756 66.0 - 0
64.927 66.466 66.0 话 1
67.155 67.411 59.0 我 0
67.411 67.753 64.0 已 0
67.753 68.095 66.0 剪 0
68.181 68.433 68.0 断 0
68.433 68.685 66.0 我 0
68.689 68.945 68.0 - 0
68.95 69.206 68.0 的 0
69.206 69.719 68.0 发 1
70.063 70.32 68.0 剪 0
70.32 70.572 71.0 断 0
70.572 70.961 73.0 了 0
71.089 71.345 71.0 牵 0
71.345 71.73 71.0 挂 1
72.012 72.268 68.0 剪 0
72.268 72.396 71.0 一 0
72.525 72.909 66.0 地 0
73.037 73.422 64.0 不 0
73.55 73.807 64.0 被 0
73.807 74.063 61.0 爱 0
74.191 74.448 59.0 的 0
74.576 74.96 66.0 分 0
75.089 75.345 66.0 叉 0
75.345 75.73 68.0 - 1
76.492 76.749 71.0 长 0
76.749 77.266 71.0 长 0
77.266 77.522 69.0 短 0
77.522 78.035 69.0 短 0
78.544 78.8 68.0 短 0
78.8 79.317 68.0 短 0
79.317 79.574 66.0 长 0
79.574 80.086 64.0 长 1
80.397 80.653 61.0 一 0
80.653 80.91 59.0 寸 0
80.91 81.166 66.0 一 0
81.166 81.422 68.0 - 0
81.422 81.679 66.0 寸 0
81.935 82.187 66.0 在 0
82.187 82.448 64.0 - 0
82.448 82.705 64.0 挣 0
82.705 82.961 64.0 扎 0
82.961 83.474 66.0 - 1
83.644 83.815 59.0 我 0
83.901 84.242 64.0 已 0
84.242 84.584 66.0 剪 0
84.67 84.922 68.0 断 0
84.922 85.174 66.0 我 0
85.178 85.435 68.0 - 0
85.439 85.695 68.0 的 0
85.695 86.208 68.0 发 1
86.497 86.753 68.0 剪 0
86.753 87.005 71.0 断 0
87.005 87.257 71.0 了 0
87.262 87.522 73.0 - 0
87.522 87.779 71.0 惩 0
87.779 88.035 71.0 罚 1
88.545 88.801 68.0 剪 0
88.801 89.058 71.0 一 0
89.058 89.314 66.0 地 0
89.314 89.571 64.0 - 0
89.571 89.827 64.0 伤 0
90.083 90.254 64.0 透 0
90.425 90.767 61.0 我 0
90.767 90.938 59.0 的 0
91.109 91.365 66.0 尴 0
91.622 91.878 66.0 尬 0
91.878 92.135 68.0 - 1
92.951 93.207 71.0 反 0
93.207 93.724 71.0 反 0
93.724 93.981 69.0 复 0
93.981 94.493 69.0 复 0
95.002 95.258 68.0 清 0
95.258 95.775 68.0 清 0
95.775 96.032 66.0 楚 0
96.032 96.545 64.0 楚 1
96.731 96.988 61.0 一 0
96.988 97.24 59.0 刀 0
97.24 97.5 68.0 两 0
97.5 97.757 66.0 - 0
97.757 98.27 66.0 断 0
98.782 99.039 61.0 你 0
99.039 99.295 59.0 的 0
99.295 99.552 66.0 情 0
99.552 99.808 68.0 - 0
99.808 100.064 66.0 话 1
100.382 100.634 66.0 你 0
100.638 100.899 68.0 - 0
100.899 101.155 71.0 的 0
101.411 101.668 61.0 谎 0
101.924 103.719 64.0 话 1
144.867 145.124 56.0 哭 0
145.124 145.38 54.0 到 0
145.38 145.893 56.0 喉 0
145.893 146.149 59.0 咙 0
146.149 146.406 59.0 沙 0
146.406 146.662 61.0 - 0
146.662 147.944 59.0 哑 0
148.97 149.226 54.0 还 0
149.226 149.483 54.0 得 0
149.483 149.995 54.0 拼 0
149.995 150.252 59.0 命 0
150.252 150.765 61.0 装 0
150.765 151.79 59.0 傻 1
153.173 153.43 61.0 我 0
153.43 153.686 61.0 故 0
153.686 153.943 61.0 意 0
154.199 154.455 61.0 视 0
154.455 154.712 59.0 而 0
154.712 154.968 64.0 不 0
154.968 155.481 61.0 见 1
155.953 156.209 61.0 你 0
156.209 156.466 59.0 外 0
156.466 156.718 56.0 套 0
156.718 156.97 59.0 上 0
156.974 157.235 61.0 - 0
157.235 157.748 59.0 有 0
157.748 158.004 59.0 她 0
158.004 158.517 56.0 的 0
158.517 158.773 54.0 - 0
158.773 159.799 54.0 发 1
160.255 160.511 56.0 她 0
160.511 160.763 57.0 应 0
160.763 161.02 59.0 该 0
161.11 161.281 59.0 非 0
161.451 161.622 59.0 常 0
161.793 161.964 59.0 听 0
162.135 162.477 59.0 你 0
162.477 162.819 56.0 的 0
162.819 163.161 63.0 话 1
163.868 164.21 63.0 她 0
164.21 164.551 64.0 应 0
164.551 164.722 66.0 该 0
164.893 165.235 66.0 会 0
165.235 165.577 64.0 顺 0
165.577 165.919 61.0 着 0
165.919 166.346 64.0 你 0
166.432 166.688 64.0 的 0
166.688 166.945 66.0 步 0
166.945 167.372 66.0 伐 0
167.372 167.714 64.0 - 1
168.459 168.715 59.0 乖 0
168.715 168.968 61.0 乖 0
168.968 169.314 64.0 的 0
169.314 169.656 61.0 呆 0
169.656 169.998 59.0 在 0
169.998 170.339 61.0 家 0
171.023 171.365 64.0 静 0
171.365 171.707 61.0 静 0
171.707 172.049 59.0 的 0
172.049 172.391 64.0 守 0
172.391 172.733 66.0 着 0
172.733 173.074 68.0 电 0
173.074 173.416 66.0 - 0
173.587 175.126 66.0 话 1
176.021 176.277 59.0 我 0
176.277 176.619 64.0 已 0
176.619 176.961 66.0 剪 0
177.047 177.299 68.0 断 0
177.299 177.551 66.0 我 0
177.555 177.812 68.0 - 0
177.816 178.072 68.0 的 0
178.072 178.585 68.0 发 1
178.735 178.992 68.0 剪 0
178.992 179.244 71.0 断 0
179.244 179.633 73.0 了 0
179.761 180.018 71.0 牵 0
180.018 180.402 71.0 挂 1
180.813 181.069 68.0 剪 0
181.069 181.197 71.0 一 0
181.326 181.71 66.0 地 0
181.838 182.223 64.0 不 0
182.351 182.608 64.0 被 0
182.608 182.864 61.0 爱 0
182.992 183.249 59.0 的 0
183.377 183.761 66.0 分 0
183.89 184.146 66.0 叉 0
184.146 184.531 68.0 - 1
185.145 185.402 71.0 长 0
185.402 185.919 71.0 长 0
185.919 186.175 69.0 短 0
186.175 186.688 69.0 短 0
187.197 187.453 68.0 短 0
187.453 187.97 68.0 短 0
187.97 188.227 66.0 长 0
188.227 188.739 64.0 长 1
188.941 189.197 61.0 一 0
189.197 189.454 59.0 寸 0
189.454 189.71 66.0 一 0
189.71 189.967 68.0 - 0
189.967 190.223 66.0 寸 0
190.479 190.992 66.0 在 0
190.992 191.249 64.0 挣 0
191.249 191.505 64.0 扎 0
191.505 192.018 66.0 - 1
192.269 192.44 59.0 我 0
192.526 192.868 64.0 已 0
192.868 193.209 66.0 剪 0
193.295 193.547 68.0 断 0
193.547 193.799 66.0 我 0
193.803 194.06 68.0 - 0
194.064 194.321 68.0 的 0
194.321 194.833 68.0 发 1
195.226 195.482 68.0 剪 0
195.482 195.734 71.0 断 0
195.734 195.991 71.0 了 0
195.991 196.251 73.0 - 0
196.251 196.508 71.0 惩 0
196.508 196.764 71.0 罚 1
197.259 197.515 68.0 剪 0
197.515 197.772 71.0 一 0
197.772 198.028 66.0 地 0
198.028 198.285 64.0 - 0
198.285 198.541 64.0 伤 0
198.797 198.968 64.0 透 0
199.139 199.481 61.0 我 0
199.481 199.652 59.0 的 0
199.823 200.08 66.0 尴 0
200.336 200.592 66.0 尬 0
200.592 200.849 68.0 - 1
201.517 201.773 71.0 反 0
201.773 202.29 71.0 反 0
202.29 202.547 69.0 复 0
202.547 203.059 69.0 复 0
203.568 203.824 68.0 清 0
203.824 204.342 68.0 清 0
204.342 204.598 66.0 楚 0
204.598 205.111 64.0 楚 1
205.513 205.77 61.0 一 0
205.77 206.022 59.0 刀 0
206.022 206.282 68.0 两 0
206.282 206.539 66.0 - 0
206.539 207.052 66.0 断 0
207.564 207.821 61.0 你 0
207.821 208.077 59.0 的 0
208.077 208.334 66.0 情 0
208.334 208.59 68.0 - 0
208.59 208.846 66.0 话 1
208.927 209.44 68.0 你 0
209.44 209.696 71.0 的 0
209.953 210.209 61.0 谎 0
210.465 212.26 64.0 话 1
212.951 213.207 59.0 我 0
213.207 213.549 64.0 已 0
213.549 213.891 66.0 剪 0
213.977 214.233 68.0 断 0
214.233 214.49 68.0 我 0
214.746 215.002 68.0 的 0
215.002 215.515 68.0 发 1
215.676 215.932 68.0 剪 0
215.932 216.188 71.0 断 0
216.188 216.573 73.0 了 0
216.701 216.958 71.0 牵 0
216.958 217.342 71.0 挂 1
217.699 217.955 68.0 剪 0
217.955 218.083 71.0 一 0
218.212 218.596 66.0 地 0
218.724 219.109 64.0 不 0
219.237 219.494 64.0 被 0
219.494 219.75 61.0 爱 0
219.878 220.135 59.0 的 0
220.263 220.648 66.0 分 0
220.776 221.032 66.0 叉 0
221.032 221.417 68.0 - 1
222.004 222.26 71.0 长 0
222.26 222.773 71.0 长 0
222.773 223.029 69.0 短 0
223.029 223.542 69.0 短 0
224.055 224.312 68.0 短 0
224.312 224.824 68.0 短 0
224.824 225.081 66.0 长 0
225.081 225.594 64.0 长 1
225.993 226.249 61.0 一 0
226.249 226.506 59.0 寸 0
226.506 226.762 66.0 一 0
226.762 227.019 68.0 - 0
227.019 227.275 66.0 寸 0
227.531 228.044 66.0 在 0
228.044 228.301 64.0 挣 0
228.301 228.557 64.0 扎 0
228.557 229.07 66.0 - 1
229.195 229.366 59.0 我 0
229.452 229.794 64.0 已 0
229.794 230.136 66.0 剪 0
230.221 230.477 68.0 断 0
230.477 230.734 68.0 我 0
230.99 231.247 68.0 的 0
231.247 231.759 68.0 发 1
232.139 232.395 68.0 剪 0
232.395 232.647 71.0 断 0
232.647 232.9 71.0 了 0
232.904 233.164 73.0 - 0
233.164 233.421 71.0 惩 0
233.421 233.677 71.0 罚 1
234.186 234.443 68.0 剪 0
234.443 234.699 71.0 一 0
234.699 234.955 66.0 地 0
234.955 235.212 64.0 - 0
235.212 235.468 64.0 伤 0
235.725 235.896 64.0 透 0
236.066 236.408 61.0 我 0
236.408 236.579 59.0 的 0
236.75 237.007 66.0 尴 0
237.263 237.519 66.0 尬 0
237.519 237.776 68.0 - 1
238.528 238.785 71.0 反 0
238.785 239.297 71.0 反 0
239.297 239.554 69.0 复 0
239.554 240.067 69.0 复 0
240.579 240.836 68.0 清 0
240.836 241.349 68.0 清 0
241.349 241.605 66.0 楚 0
241.605 242.118 64.0 楚 1
242.278 242.535 61.0 一 0
242.535 242.791 59.0 刀 0
242.791 243.047 68.0 两 0
243.047 243.304 66.0 - 0
243.304 243.817 66.0 断 0
244.33 244.586 61.0 你 0
244.586 244.843 59.0 的 0
244.843 245.115 66.0 情 0
245.115 245.388 68.0 - 0
245.388 245.661 66.0 话 1
245.927 246.472 68.0 你 0
246.472 246.745 71.0 的 0
247.017 247.29 61.0 谎 0
247.563 249.358 64.0 话 1
252.212 252.468 61.0 一 0
252.468 252.909 59.0 刀 0
252.981 253.238 66.0 两 0
253.238 253.494 68.0 - 0
253.494 254.263 66.0 断 0
254.776 255.289 61.0 你 0
255.289 255.541 59.0 的 0
255.541 255.798 68.0 情 0
255.798 256.315 66.0 - 0
256.315 256.827 66.0 话 1
257.421 257.934 68.0 你 0
257.938 258.451 71.0 的 0
259.733 260.498 61.0 谎 0
260.498 262.553 64.0 话 1
