26.338 26.705 50.0 你 0
26.708 27.667 55.0 问 0
27.862 28.243 59.0 我 0
28.247 29.397 62.0 爱 0
29.4 29.782 55.0 你 0
29.785 30.743 54.0 有 0
30.939 31.32 59.0 多 0
31.324 32.282 62.0 深 1
32.422 32.804 62.0 我 0
32.807 33.765 64.0 爱 0
33.961 34.342 66.0 你 0
34.345 35.112 67.0 有 0
35.115 35.688 64.0 几 0
35.692 37.612 62.0 分 1
38.185 38.566 59.0 我 0
38.569 38.951 57.0 的 0
38.954 39.72 55.0 情 0
40.108 40.393 55.0 也 0
40.492 41.066 55.0 真 0
41.262 41.643 59.0 我 0
41.646 42.028 57.0 的 0
42.031 42.989 55.0 爱 0
43.088 43.374 55.0 也 0
43.473 44.047 55.0 真 1
44.307 44.689 57.0 月 0
44.692 45.074 59.0 亮 0
45.077 46.227 57.0 代 0
46.231 46.612 55.0 表 0
46.615 47.381 52.0 我 0
47.384 48.15 59.0 的 0
48.154 49.881 57.0 心 1
50.855 51.236 50.0 你 0
51.24 52.198 55.0 问 0
52.393 52.775 59.0 我 0
52.778 53.929 62.0 爱 0
53.932 54.313 55.0 你 0
54.316 55.275 54.0 有 0
55.47 55.852 59.0 多 0
55.855 56.813 62.0 深 1
57.156 57.441 62.0 我 0
57.444 58.499 64.0 爱 0
58.598 58.98 66.0 你 0
58.983 59.557 67.0 有 0
59.752 60.326 64.0 几 0
60.329 62.249 62.0 分 1
62.876 63.257 59.0 我 0
63.261 63.642 57.0 的 0
63.645 64.604 55.0 情 0
64.799 65.084 55.0 不 0
65.184 65.757 55.0 移 0
65.953 66.334 59.0 我 0
66.338 66.719 57.0 的 0
66.722 67.681 55.0 爱 0
67.876 68.065 55.0 不 0
68.261 68.834 55.0 变 1
69.052 69.433 57.0 月 0
69.436 69.914 59.0 亮 0
69.917 70.876 57.0 代 0
70.975 71.356 52.0 表 0
71.36 72.126 54.0 我 0
72.129 72.51 55.0 的 0
72.513 72.895 57.0 - 0
72.898 74.433 55.0 心 1
75.228 75.609 60.0 轻 0
75.612 75.994 62.0 - 0
75.997 76.955 59.0 轻 0
77.055 77.436 57.0 的 0
77.439 77.917 55.0 一 0
77.92 78.879 62.0 个 0
78.882 80.994 54.0 吻 1
81.299 81.68 52.0 已 0
81.683 82.065 54.0 经 0
82.068 83.218 52.0 打 0
83.222 83.603 54.0 动 0
83.606 84.372 52.0 我 0
84.375 84.757 50.0 的 0
84.76 87.065 59.0 心 1
87.496 88.262 62.0 深 0
88.266 89.416 59.0 深 0
89.42 89.801 57.0 地 0
89.804 90.186 55.0 一 0
90.189 91.243 62.0 段 0
91.246 93.166 54.0 情 1
93.645 94.027 52.0 叫 0
94.03 94.411 54.0 我 0
94.415 94.796 54.0 思 0
94.799 95.373 55.0 - 0
95.568 95.854 55.0 念 0
95.953 96.719 55.0 到 0
96.722 97.104 57.0 如 0
97.107 97.488 59.0 - 0
97.491 99.219 57.0 今 1
100.297 100.678 50.0 你 0
100.682 101.64 55.0 问 0
101.739 102.121 59.0 我 0
102.124 103.274 62.0 爱 0
103.278 103.659 54.0 你 0
103.662 104.428 54.0 有 0
104.816 105.198 59.0 多 0
105.201 106.159 62.0 深 1
106.345 106.726 62.0 我 0
106.729 107.688 64.0 爱 0
107.883 108.264 66.0 你 0
108.268 109.034 67.0 有 0
109.037 109.707 64.0 几 0
109.71 111.822 62.0 分 1
111.953 112.334 59.0 你 0
112.337 112.719 57.0 去 0
112.722 113.68 55.0 想 0
113.876 114.161 55.0 一 0
114.261 114.834 55.0 想 0
115.03 115.411 59.0 你 0
115.414 115.796 57.0 去 0
115.799 116.757 55.0 看 0
116.953 117.238 55.0 一 0
117.337 117.911 55.0 看 1
118.226 118.607 57.0 月 0
118.61 119.088 59.0 亮 0
119.091 120.049 57.0 代 0
120.149 120.53 52.0 表 0
120.533 121.299 54.0 我 0
121.303 121.684 55.0 的 0
121.687 122.069 57.0 - 0
122.072 124.761 55.0 心 1
139.857 140.63 62.0 轻 0
140.633 141.592 59.0 轻 0
141.787 142.168 57.0 的 0
142.172 142.649 55.0 一 0
142.652 143.322 62.0 个 0
143.326 145.438 54.0 吻 1
146.004 146.385 52.0 已 0
146.388 146.77 54.0 经 0
146.773 147.924 52.0 打 0
147.927 148.308 54.0 动 0
148.312 149.078 52.0 我 0
149.081 149.462 50.0 的 0
149.465 151.77 59.0 心 1
152.127 152.893 62.0 深 0
152.896 154.047 59.0 深 0
154.05 154.431 57.0 地 0
154.434 154.816 55.0 一 0
154.819 155.681 62.0 段 0
155.684 157.604 59.0 情 1
158.308 158.689 52.0 叫 0
158.692 159.074 54.0 我 0
159.077 160.035 55.0 思 0
160.231 160.516 55.0 念 0
160.615 161.381 55.0 到 0
161.384 161.766 57.0 如 0
161.769 162.15 59.0 - 0
162.154 163.881 57.0 今 1
164.809 165.19 50.0 你 0
165.194 166.152 55.0 问 0
166.347 166.729 59.0 我 0
166.732 167.883 62.0 爱 0
167.886 168.267 54.0 你 0
168.271 169.037 54.0 有 0
169.424 169.806 59.0 多 0
169.809 170.767 62.0 深 1
171.025 171.406 62.0 我 0
171.409 172.368 64.0 爱 0
172.563 172.945 66.0 你 0
172.948 173.714 67.0 有 0
173.717 174.291 64.0 几 0
174.294 176.406 62.0 分 1
176.639 177.02 59.0 你 0
177.024 177.405 62.0 去 0
177.408 177.79 57.0 想 0
177.793 178.367 55.0 - 0
178.466 178.751 55.0 一 0
178.851 179.424 55.0 想 0
179.716 180.097 59.0 你 0
180.101 180.482 57.0 去 0
180.485 181.444 55.0 看 0
181.639 181.924 55.0 一 0
182.024 182.597 55.0 看 1
182.78 183.161 57.0 月 0
183.165 183.642 59.0 亮 0
183.645 184.604 57.0 代 0
184.703 185.084 52.0 表 0
185.088 185.854 54.0 我 0
185.857 186.238 55.0 的 0
186.241 186.623 57.0 - 0
186.626 188.642 55.0 心 1
188.963 189.44 59.0 你 0
189.444 189.921 57.0 去 0
189.924 190.883 55.0 想 0
190.982 191.267 55.0 一 0
191.367 191.94 55.0 想 0
192.136 192.517 59.0 你 0
192.52 192.902 62.0 去 0
192.905 193.286 57.0 看 0
193.29 193.863 55.0 - 0
194.059 194.44 55.0 一 0
194.54 195.113 55.0 看 1
195.4 195.781 57.0 月 0
195.881 196.166 57.0 亮 0
196.169 196.454 59.0 - 0
196.458 197.608 57.0 代 0
197.804 198.185 52.0 表 0
198.285 200.493 54.0 我 0
201.169 202.127 57.0 的 0
202.227 206.839 55.0 心 1
