30.96 32.042 57.0 当 0
32.042 32.583 57.0 - 0
32.583 33.129 55.0 天 0
33.401 33.674 53.0 边 0
33.674 34.219 52.0 那 0
34.219 35.315 53.0 颗 0
35.315 35.863 55.0 星 0
35.863 36.41 57.0 出 0
37.093 37.367 57.0 现 0
37.367 37.641 60.0 你 0
37.641 38.728 62.0 可 0
38.728 39.272 62.0 知 0
39.272 40.087 64.0 我 0
40.087 40.359 62.0 又 0
40.359 40.902 60.0 开 0
40.902 41.175 55.0 始 0
41.175 42.266 57.0 想 0
43.594 43.867 57.0 念 0
43.867 44.139 60.0 有 0
44.139 45.23 62.0 多 0
45.23 45.775 62.0 少 0
45.775 46.32 60.0 爱 0
46.866 47.138 57.0 恋 0
47.138 47.411 55.0 只 0
47.411 48.229 57.0 能 0
48.229 48.502 58.0 遥 0
48.502 48.774 57.0 遥 0
48.774 49.047 55.0 相 0
49.047 49.592 53.0 望 0
50.094 50.366 50.0 就 0
50.366 50.639 52.0 像 0
50.639 51.729 53.0 月 0
51.729 52.275 57.0 光 0
52.275 53.093 55.0 洒 0
53.093 53.365 52.0 向 0
53.365 53.911 48.0 海 0
53.911 55.547 50.0 面 0
57.226 58.316 57.0 年 0
58.316 58.861 57.0 少 0
58.861 59.679 55.0 的 0
59.679 59.952 53.0 我 0
59.952 60.497 52.0 们 0
60.497 61.315 53.0 曾 0
61.588 62.133 55.0 以 0
62.133 62.679 57.0 为 0
63.191 63.464 57.0 相 0
63.464 63.736 60.0 爱 0
63.736 64.827 62.0 的 0
64.827 65.372 62.0 人 0
65.372 65.645 62.0 就 0
65.645 66.19 64.0 - 0
66.19 66.463 62.0 能 0
66.463 66.735 60.0 到 0
66.735 67.008 55.0 永 0
67.008 68.658 57.0 远 0
69.659 69.931 57.0 当 0
69.931 70.204 60.0 - 0
70.204 71.295 62.0 我 0
71.295 71.84 62.0 们 0
71.84 72.385 60.0 相 0
72.931 73.203 57.0 信 0
73.203 73.476 55.0 情 0
73.476 74.294 57.0 到 0
74.294 74.567 58.0 深 0
74.567 74.839 57.0 处 0
74.839 75.112 55.0 在 0
75.112 75.657 53.0 一 0
76.264 76.537 50.0 起 0
76.537 76.81 52.0 听 0
76.81 77.9 53.0 不 0
77.9 78.446 57.0 见 0
78.446 79.264 55.0 风 0
79.264 79.536 52.0 中 0
79.536 80.082 48.0 的 0
80.082 81.718 50.0 叹 0
82.28 82.825 57.0 息 0
82.825 83.37 60.0 谁 0
83.37 85.006 62.0 知 0
85.006 86.097 64.0 道 0
86.642 87.733 64.0 爱 0
87.733 88.278 67.0 是 0
88.278 89.096 65.0 什 0
89.424 89.696 62.0 么 0
89.696 89.969 62.0 短 0
89.969 91.065 62.0 暂 0
91.065 91.613 62.0 的 0
91.613 92.161 60.0 相 0
92.435 92.709 62.0 遇 0
92.709 92.983 60.0 却 0
92.983 93.256 55.0 念 0
93.256 93.799 58.0 念 0
93.799 94.613 57.0 不 0
95.373 95.916 57.0 忘 0
95.916 96.458 60.0 用 0
96.458 98.086 62.0 尽 0
98.086 99.179 64.0 一 0
99.725 100.818 61.0 生 0
100.818 101.364 64.0 的 0
101.364 102.73 65.0 时 0
102.97 104.063 53.0 间 0
104.063 104.609 57.0 竟 0
104.609 105.427 55.0 学 0
105.427 105.7 52.0 不 0
105.7 106.245 48.0 会 0
106.245 107.881 50.0 遗 0
135.805 136.896 57.0 忘 0
136.896 137.441 57.0 如 0
137.441 138.259 55.0 今 0
138.259 138.531 53.0 我 0
138.531 139.077 52.0 们 0
139.077 139.895 53.0 已 0
139.895 140.167 53.0 天 0
140.167 140.713 55.0 各 0
140.713 141.258 57.0 一 0
141.786 142.059 57.0 方 0
142.059 142.332 60.0 生 0
142.332 143.422 62.0 活 0
143.422 143.967 62.0 得 0
143.967 144.785 64.0 像 0
144.785 145.058 62.0 周 0
145.058 145.331 60.0 围 0
145.331 145.603 55.0 人 0
145.603 146.967 57.0 一 0
148.215 148.488 57.0 样 0
148.488 148.76 60.0 眼 0
148.76 149.851 62.0 前 0
149.851 150.396 62.0 人 0
150.396 151.214 60.0 给 0
151.487 151.759 55.0 我 0
151.759 152.032 55.0 最 0
152.032 152.85 57.0 信 0
152.85 153.123 58.0 任 0
153.123 153.395 57.0 的 0
153.395 153.668 55.0 依 0
153.668 154.213 53.0 - 0
154.743 155.015 50.0 赖 0
155.015 155.288 52.0 但 0
155.288 156.379 53.0 愿 0
156.379 156.924 57.0 你 0
156.924 157.742 55.0 被 0
157.742 158.014 52.0 温 0
158.014 158.56 48.0 柔 0
158.56 160.196 50.0 对 0
160.793 161.338 57.0 待 0
161.338 161.884 60.0 多 0
161.884 163.52 62.0 少 0
163.52 164.883 64.0 恍 0
165.155 166.246 64.0 惚 0
166.246 166.791 67.0 的 0
166.791 167.609 65.0 时 0
167.847 168.12 62.0 候 0
168.12 168.392 62.0 彷 0
168.392 169.483 62.0 佛 0
169.483 170.028 62.0 看 0
170.028 170.573 60.0 见 0
170.846 171.119 62.0 你 0
171.119 171.391 60.0 在 0
171.391 171.664 55.0 人 0
171.664 172.209 58.0 海 0
172.209 173.3 57.0 川 0
173.867 174.414 57.0 流 0
174.414 174.96 60.0 隐 0
174.96 176.599 62.0 约 0
176.599 177.69 64.0 中 0
178.235 179.326 64.0 你 0
179.326 179.871 67.0 已 0
179.871 180.962 65.0 浮 0
181.583 182.674 65.0 现 0
182.674 183.219 69.0 一 0
183.219 184.037 67.0 转 0
184.037 184.31 64.0 眼 0
184.31 184.855 60.0 又 0
184.855 188.127 62.0 不 0
188.127 192.489 63.0 见 0
210.448 210.72 64.0 短 0
210.72 210.993 64.0 暂 0
210.993 212.084 64.0 的 0
212.084 212.629 64.0 相 0
212.629 213.447 62.0 遇 0
213.447 213.72 64.0 却 0
213.72 213.992 62.0 念 0
213.992 214.265 57.0 念 0
214.265 214.81 60.0 不 0
214.81 215.355 59.0 忘 0
216.383 216.928 59.0 多 0
216.928 217.474 62.0 - 0
217.474 219.11 64.0 少 0
219.11 220.2 66.0 恍 0
220.746 221.836 66.0 惚 0
221.836 222.381 69.0 的 0
222.381 223.199 67.0 时 0
223.457 223.73 64.0 候 0
223.73 224.002 64.0 彷 0
224.002 225.093 64.0 佛 0
225.093 225.638 64.0 看 0
225.638 226.184 66.0 见 0
226.456 226.729 67.0 你 0
226.729 227.002 66.0 在 0
227.002 227.274 62.0 人 0
227.274 227.82 66.0 海 0
227.82 228.91 64.0 川 0
229.621 230.167 59.0 流 0
230.167 230.712 62.0 隐 0
230.712 232.348 64.0 约 0
232.348 233.439 66.0 中 0
233.984 235.093 64.0 你 0
235.093 235.647 66.0 已 0
235.647 240.555 67.0 浮 0
244.476 245.568 55.0 现 0
245.568 245.841 57.0 一 0
245.841 246.114 59.0 转 0
246.114 247.132 57.0 眼 0
247.132 247.472 54.0 又 0
247.472 248.151 50.0 不 0
248.151 250.381 52.0 见 0
255.706 256.772 59.0 当 0
256.772 257.304 59.0 天 0
257.304 258.126 57.0 边 0
258.126 258.4 54.0 那 0
258.4 258.948 54.0 颗 0
258.948 260.054 55.0 星 0
260.054 260.607 57.0 出 0
260.607 261.16 59.0 现 0
261.686 261.962 59.0 你 0
261.962 262.239 62.0 可 0
262.239 263.316 64.0 知 0
263.316 263.855 64.0 我 0
263.855 264.676 66.0 又 0
264.676 265.168 64.0 开 0
265.168 265.496 62.0 始 0
265.496 265.825 57.0 想 0
265.825 266.945 59.0 念 0
268.52 268.8 59.0 有 0
268.8 269.08 62.0 - 0
269.08 270.201 64.0 多 0
270.201 270.761 64.0 少 0
270.761 271.323 62.0 爱 0
271.885 272.166 59.0 恋 0
272.166 272.447 57.0 今 0
272.447 273.287 59.0 生 0
273.287 273.566 60.0 无 0
273.566 273.846 59.0 处 0
273.846 274.126 57.0 安 0
274.126 274.688 55.0 - 0
275.34 275.621 52.0 放 0
275.621 275.902 54.0 冥 0
275.902 277.042 55.0 冥 0
277.042 277.613 59.0 中 0
277.613 278.19 57.0 什 0
278.479 278.768 54.0 么 0
278.768 279.346 50.0 已 0
279.346 281.0 52.0 改 0
283.036 283.484 52.0 变 0
283.484 283.932 54.0 月 0
283.932 285.489 55.0 光 0
285.489 286.268 59.0 如 0
286.268 287.561 57.0 春 0
289.285 291.439 55.0 风 0
291.439 294.887 52.0 拂 0
