35.809 36.059 54.0 曾 0
36.059 36.309 54.0 经 0
36.309 36.809 56.0 的 0
36.809 37.309 63.0 爱 0
37.309 37.559 63.0 我 0
37.559 37.809 63.0 也 0
37.809 38.059 61.0 真 0
38.059 38.309 59.0 的 0
38.309 38.559 61.0 难 0
38.559 38.796 61.0 忘 0
38.796 39.059 63.0 - 0
39.059 39.309 61.0 - 0
39.309 39.559 61.0 过 1
39.763 40.013 54.0 为 0
40.013 40.263 54.0 - 0
40.263 40.513 66.0 你 0
40.513 40.763 66.0 付 0
40.763 41.013 66.0 出 0
41.013 41.263 66.0 再 0
41.263 41.513 66.0 多 0
41.513 41.763 66.0 也 0
41.763 42.263 61.0 不 0
42.263 43.263 63.0 难 1
43.752 44.002 61.0 为 0
44.002 44.252 63.0 何 0
44.252 44.752 64.0 最 0
44.752 45.002 64.0 后 0
45.002 45.252 63.0 你 0
45.252 45.752 64.0 要 1
45.775 46.025 61.0 给 0
46.025 46.275 61.0 我 0
46.275 46.775 63.0 那 0
46.775 47.025 63.0 个 0
47.025 47.275 61.0 结 0
47.275 47.525 59.0 果 1
47.828 48.078 56.0 让 0
48.078 48.328 58.0 我 0
48.328 48.565 59.0 陷 0
48.565 48.815 59.0 入 0
48.815 49.078 59.0 爱 0
49.078 49.328 59.0 你 0
49.328 49.828 59.0 的 0
49.828 50.328 61.0 寂 0
50.328 51.328 58.0 寞 1
51.712 51.962 54.0 如 0
51.962 52.212 54.0 - 0
52.212 52.712 56.0 今 0
52.712 53.212 63.0 遇 0
53.212 53.462 63.0 到 0
53.462 53.712 63.0 一 0
53.712 53.962 61.0 个 0
53.962 54.212 59.0 像 0
54.212 54.462 61.0 你 0
54.462 54.699 61.0 的 0
54.699 54.962 63.0 男 0
54.962 55.212 61.0 - 0
55.212 55.462 61.0 - 1
55.796 56.046 54.0 给 0
56.046 56.296 54.0 了 0
56.296 56.546 66.0 我 0
56.546 56.796 66.0 你 0
56.796 57.046 66.0 给 0
57.046 57.296 66.0 不 0
57.296 57.796 66.0 了 0
57.796 58.296 68.0 的 0
58.296 59.296 63.0 爱 1
59.782 60.032 61.0 我 0
60.032 60.282 63.0 还 0
60.282 60.532 64.0 傻 0
60.532 60.782 64.0 傻 0
60.782 61.032 64.0 以 0
61.032 61.282 64.0 为 1
61.339 61.839 64.0 可 0
61.839 62.339 68.0 - 0
62.339 62.589 63.0 以 0
62.589 63.089 63.0 把 0
63.089 63.339 61.0 你 0
63.339 63.589 59.0 忘 1
63.842 64.092 56.0 以 0
64.092 64.342 58.0 为 0
64.342 64.592 59.0 他 0
64.592 65.092 59.0 能 0
65.092 65.342 59.0 把 0
65.342 65.842 61.0 你 0
65.842 66.342 54.0 取 0
66.342 67.342 56.0 代 1
67.718 67.968 54.0 直 0
67.968 68.218 54.0 - 0
68.218 68.718 56.0 到 0
68.718 69.218 63.0 有 0
69.218 69.718 63.0 一 0
69.718 69.968 58.0 天 0
69.968 70.218 56.0 收 0
70.218 70.718 54.0 拾 0
70.718 71.218 58.0 了 0
71.218 71.468 56.0 房 1
71.793 72.043 56.0 发 0
72.043 72.293 58.0 现 0
72.293 72.543 59.0 一 0
72.543 72.793 59.0 张 0
72.793 73.043 59.0 你 0
73.043 73.293 59.0 的 0
73.293 73.793 59.0 旧 0
73.793 74.293 61.0 相 0
74.293 75.293 63.0 片 1
75.797 76.047 61.0 泪 0
76.047 76.297 63.0 水 0
76.297 76.797 64.0 瞬 0
76.797 77.047 64.0 时 0
77.047 77.297 63.0 就 1
77.325 77.825 64.0 模 0
77.825 78.075 64.0 - 0
78.075 78.325 61.0 糊 0
78.325 78.825 63.0 了 0
78.825 79.075 63.0 我 0
79.075 79.325 61.0 的 0
79.325 79.575 59.0 双 1
79.839 80.089 56.0 我 0
80.089 80.339 58.0 才 0
80.339 80.589 59.0 知 0
80.589 80.839 59.0 我 0
80.839 81.089 59.0 真 0
81.089 81.339 59.0 爱 0
81.339 81.839 59.0 的 1
81.849 82.349 59.0 是 0
82.349 82.849 56.0 你 0
83.099 83.349 56.0 并 0
83.349 83.836 56.0 不 0
83.836 84.349 68.0 是 0
84.349 86.836 66.0 他 1
87.853 88.103 59.0 我 0
88.103 88.353 61.0 想 0
88.353 88.853 63.0 我 0
88.853 89.353 66.0 是 0
89.353 89.603 66.0 因 0
89.603 89.853 63.0 为 0
89.853 90.103 66.0 你 0
90.103 90.353 63.0 才 0
90.353 90.603 63.0 爱 0
90.603 91.103 68.0 上 0
91.103 91.353 66.0 他 1
91.554 91.804 63.0 他 0
91.804 92.054 63.0 留 0
92.054 92.304 66.0 着 0
92.304 92.554 71.0 和 0
92.554 92.804 71.0 你 0
92.804 93.054 71.0 一 0
93.054 93.304 71.0 样 0
93.304 93.804 71.0 的 0
93.804 94.304 63.0 短 0
94.304 95.304 66.0 发 1
95.485 95.735 66.0 你 0
95.735 95.985 68.0 是 0
95.985 96.235 66.0 否 0
96.235 96.735 68.0 也 0
96.735 96.985 71.0 为 0
96.985 97.36 71.0 我 1
97.428 97.678 66.0 爱 0
97.678 97.928 68.0 - 0
97.928 98.178 66.0 上 0
98.178 98.678 66.0 了 0
98.678 98.928 68.0 别 0
98.928 99.178 63.0 个 1
99.591 99.841 56.0 她 0
99.841 100.091 56.0 对 0
100.091 100.341 59.0 你 0
100.341 100.591 63.0 像 0
100.591 100.841 61.0 我 0
100.841 101.091 61.0 一 0
101.091 101.341 61.0 样 0
101.341 101.841 61.0 的 0
101.841 102.341 59.0 好 0
102.341 103.341 61.0 吗 1
103.694 103.944 59.0 我 0
103.944 104.194 61.0 - 0
104.194 104.694 63.0 恨 0
104.694 105.194 66.0 我 0
105.194 105.444 66.0 会 0
105.444 105.694 63.0 因 0
105.694 105.944 66.0 为 0
105.944 106.194 63.0 你 0
106.194 106.444 63.0 而 0
106.444 106.944 68.0 爱 0
106.944 107.194 66.0 上 1
107.563 107.813 63.0 在 0
107.813 108.063 63.0 情 0
108.063 108.313 66.0 感 0
108.313 108.563 71.0 禁 0
108.563 109.063 71.0 区 0
109.063 109.313 71.0 无 0
109.313 109.813 71.0 法 0
109.813 110.313 73.0 自 0
110.313 111.313 66.0 拔 1
111.557 111.807 66.0 一 0
111.807 112.057 68.0 辈 0
112.057 112.307 66.0 子 0
112.307 112.807 68.0 守 0
112.807 113.057 71.0 着 0
113.057 113.432 71.0 他 1
113.502 113.752 66.0 一 0
113.752 114.002 68.0 - 0
114.002 114.252 66.0 辈 0
114.252 114.752 66.0 子 0
114.752 115.002 68.0 宠 0
115.002 115.252 63.0 着 1
115.446 115.696 56.0 心 0
115.696 115.946 56.0 - 0
115.946 116.196 59.0 里 0
116.196 116.696 61.0 却 0
116.696 116.946 61.0 藏 0
116.946 117.196 61.0 满 0
117.196 117.696 61.0 了 0
117.696 118.196 63.0 对 0
118.196 118.696 66.0 你 0
119.196 120.196 68.0 牵 0
120.196 122.196 59.0 - 1
139.697 139.947 54.0 曾 0
139.947 140.197 54.0 - 0
140.197 140.697 56.0 经 0
140.697 141.197 63.0 的 0
141.197 141.447 63.0 爱 0
141.447 141.697 63.0 我 0
141.697 141.947 61.0 也 0
141.947 142.197 59.0 真 0
142.197 142.447 61.0 的 0
142.447 142.684 61.0 难 0
142.684 142.947 63.0 忘 0
142.947 143.197 61.0 - 0
143.197 143.447 61.0 - 1
143.679 143.929 54.0 为 0
143.929 144.179 54.0 - 0
144.179 144.429 66.0 你 0
144.429 144.679 66.0 付 0
144.679 144.929 66.0 出 0
144.929 145.179 66.0 再 0
145.179 145.429 66.0 多 0
145.429 145.679 66.0 也 0
145.679 146.179 61.0 不 0
146.179 147.179 63.0 难 1
147.823 148.073 61.0 为 0
148.073 148.323 63.0 何 0
148.323 148.823 64.0 最 0
148.823 149.073 64.0 后 0
149.073 149.323 63.0 你 0
149.323 149.823 64.0 要 1
149.831 150.081 61.0 给 0
150.081 150.331 61.0 我 0
150.331 150.831 63.0 那 0
150.831 151.081 63.0 个 0
151.081 151.331 61.0 结 0
151.331 151.581 59.0 果 1
151.787 152.037 56.0 让 0
152.037 152.287 58.0 我 0
152.287 152.524 59.0 陷 0
152.524 152.787 59.0 入 0
152.787 153.037 59.0 爱 0
153.037 153.287 59.0 你 0
153.287 153.787 59.0 的 0
153.787 154.287 61.0 寂 0
154.287 155.287 58.0 寞 1
155.768 156.018 54.0 如 0
156.018 156.268 54.0 - 0
156.268 156.768 56.0 今 0
156.768 157.268 63.0 遇 0
157.268 157.518 63.0 到 0
157.518 157.768 63.0 一 0
157.768 158.018 61.0 个 0
158.018 158.268 59.0 像 0
158.268 158.518 61.0 你 0
158.518 158.755 61.0 的 0
158.755 159.018 63.0 男 0
159.018 159.268 61.0 - 0
159.268 159.518 61.0 - 1
159.714 159.964 54.0 给 0
159.964 160.214 54.0 了 0
160.214 160.464 66.0 我 0
160.464 160.714 66.0 你 0
160.714 160.964 66.0 给 0
160.964 161.214 66.0 不 0
161.214 161.714 66.0 了 0
161.714 162.214 68.0 的 0
162.214 163.214 63.0 爱 1
163.826 164.076 61.0 我 0
164.076 164.326 63.0 - 0
164.326 164.576 64.0 还 0
164.576 164.826 64.0 傻 0
164.826 165.076 64.0 傻 0
165.076 165.326 64.0 以 0
165.333 165.833 64.0 为 1
165.833 166.333 68.0 可 0
166.333 166.583 63.0 以 0
166.583 167.083 63.0 把 0
167.083 167.333 61.0 你 0
167.333 167.583 59.0 忘 1
167.83 168.08 56.0 以 0
168.08 168.33 58.0 为 0
168.33 168.58 59.0 他 0
168.58 169.08 59.0 能 0
169.08 169.33 59.0 把 0
169.33 169.83 61.0 你 0
169.83 170.33 54.0 取 0
170.33 171.33 56.0 代 1
171.825 172.075 54.0 直 0
172.075 172.325 54.0 到 0
172.325 172.825 56.0 有 0
172.825 173.325 63.0 一 0
173.325 173.825 63.0 天 0
173.825 174.075 58.0 收 0
174.075 174.325 56.0 拾 0
174.325 174.825 54.0 了 0
174.825 175.325 58.0 房 0
175.325 175.575 56.0 间 1
175.801 176.051 56.0 发 0
176.051 176.301 58.0 - 0
176.301 176.551 59.0 现 0
176.551 176.801 59.0 一 0
176.801 177.051 59.0 张 0
177.051 177.301 59.0 你 0
177.301 177.801 59.0 的 0
177.801 178.301 61.0 旧 0
178.301 179.301 63.0 相 1
179.698 179.948 61.0 泪 0
179.948 180.198 63.0 - 0
180.198 180.698 64.0 水 0
180.698 180.948 64.0 瞬 0
180.948 181.198 63.0 时 0
181.24 181.74 64.0 就 1
181.74 181.99 64.0 模 0
181.99 182.24 61.0 糊 0
182.24 182.74 63.0 了 0
182.74 182.99 63.0 我 0
182.99 183.24 61.0 的 0
183.24 183.49 59.0 双 1
183.779 184.029 56.0 我 0
184.029 184.279 58.0 才 0
184.279 184.529 59.0 知 0
184.529 184.779 59.0 我 0
184.779 185.029 59.0 真 0
185.029 185.279 59.0 爱 0
185.279 185.779 59.0 的 1
185.859 186.359 59.0 是 0
186.359 186.859 56.0 你 0
187.109 187.359 56.0 并 0
187.359 187.859 56.0 不 0
187.859 188.359 68.0 是 0
188.359 191.359 66.0 他 1
191.838 192.088 59.0 我 0
192.088 192.338 61.0 想 0
192.338 192.838 63.0 我 0
192.838 193.338 66.0 是 0
193.338 193.588 66.0 因 0
193.588 193.838 63.0 为 0
193.838 194.088 66.0 你 0
194.088 194.338 63.0 才 0
194.338 194.588 63.0 爱 0
194.588 195.088 68.0 上 0
195.088 195.338 66.0 他 1
195.613 195.863 63.0 他 0
195.863 196.113 63.0 留 0
196.113 196.363 66.0 着 0
196.363 196.613 71.0 和 0
196.613 196.863 71.0 你 0
196.863 197.113 71.0 一 0
197.113 197.363 71.0 样 0
197.363 197.863 71.0 的 0
197.863 198.363 63.0 短 0
198.363 198.863 66.0 发 0
198.863 199.363 66.0 - 1
199.548 199.798 66.0 你 0
199.798 200.048 68.0 是 0
200.048 200.298 66.0 否 0
200.298 200.798 68.0 也 0
200.798 201.048 71.0 为 0
201.048 201.423 71.0 我 1
201.6 201.85 66.0 爱 0
201.85 202.1 68.0 上 0
202.1 202.35 66.0 了 0
202.35 202.85 66.0 别 0
202.85 203.1 68.0 个 0
203.1 203.35 63.0 她 1
203.501 203.751 56.0 她 0
203.751 204.001 56.0 对 0
204.001 204.251 59.0 你 0
204.251 204.501 63.0 像 0
204.501 204.751 61.0 我 0
204.751 205.001 61.0 一 0
205.001 205.251 61.0 样 0
205.251 205.751 61.0 的 0
205.751 206.251 59.0 好 0
206.251 207.251 66.0 吗 1
207.788 208.038 59.0 我 0
208.038 208.288 61.0 - 0
208.288 208.788 63.0 恨 0
208.788 209.288 66.0 我 0
209.288 209.538 66.0 会 0
209.538 209.788 63.0 因 0
209.788 210.038 66.0 为 0
210.038 210.288 63.0 你 0
210.288 210.538 63.0 而 0
210.538 211.038 68.0 爱 0
211.038 211.288 66.0 上 1
211.453 211.703 63.0 在 0
211.703 211.953 63.0 - 0
211.953 212.203 66.0 情 0
212.203 212.453 71.0 感 0
212.453 212.953 71.0 禁 0
212.953 213.203 71.0 区 0
213.203 213.703 71.0 无 0
213.703 214.203 73.0 法 0
214.203 215.203 66.0 自 1
215.523 215.773 66.0 一 0
215.773 216.023 68.0 辈 0
216.023 216.273 66.0 子 0
216.273 216.773 68.0 守 0
216.773 217.023 71.0 着 0
217.023 217.398 71.0 他 1
217.553 217.803 66.0 一 0
217.803 218.053 68.0 - 0
218.053 218.303 66.0 辈 0
218.303 218.803 66.0 子 0
218.803 219.053 68.0 宠 0
219.053 219.303 63.0 着 1
219.581 219.831 56.0 心 0
219.831 220.081 56.0 里 0
220.081 220.331 59.0 却 0
220.331 220.831 61.0 藏 0
220.831 221.081 61.0 满 0
221.081 221.331 61.0 了 0
221.331 221.831 61.0 对 0
221.831 222.331 63.0 你 0
222.331 222.831 66.0 的 0
223.331 224.331 68.0 牵 0
224.331 226.331 59.0 挂 1
227.754 228.004 59.0 我 0
228.004 228.254 61.0 想 0
228.254 228.754 63.0 我 0
228.754 229.254 66.0 是 0
229.254 229.504 66.0 因 0
229.504 229.754 63.0 为 0
229.754 230.004 66.0 你 0
230.004 230.254 63.0 才 0
230.254 230.504 63.0 爱 0
230.504 231.004 68.0 上 0
231.004 231.254 66.0 他 1
231.453 231.703 63.0 他 0
231.703 231.953 63.0 - 0
231.953 232.203 66.0 留 0
232.203 232.453 71.0 着 0
232.453 232.703 71.0 和 0
232.703 232.953 71.0 你 0
232.953 233.203 71.0 一 0
233.203 233.703 71.0 样 0
233.703 234.203 63.0 的 0
234.203 234.703 66.0 短 0
234.703 235.203 66.0 发 1
235.524 235.774 66.0 你 0
235.774 236.024 68.0 - 0
236.024 236.274 66.0 是 0
236.274 236.774 68.0 否 0
236.774 237.024 71.0 也 0
237.024 237.399 71.0 为 1
237.57 237.82 66.0 爱 0
237.82 238.07 68.0 - 0
238.07 238.32 66.0 上 0
238.32 238.82 66.0 了 0
238.82 239.07 68.0 别 0
239.07 239.32 63.0 个 1
239.486 239.736 56.0 她 0
239.736 239.986 56.0 对 0
239.986 240.236 59.0 你 0
240.236 240.486 63.0 像 0
240.486 240.736 61.0 我 0
240.736 240.986 61.0 一 0
240.986 241.236 61.0 样 0
241.236 241.736 61.0 的 0
241.736 242.236 59.0 好 0
242.236 243.236 66.0 吗 1
243.808 244.058 59.0 我 0
244.058 244.308 61.0 恨 0
244.308 244.808 63.0 我 0
244.808 245.308 66.0 会 0
245.308 245.558 66.0 因 0
245.558 245.808 63.0 为 0
245.808 246.058 66.0 你 0
246.058 246.308 63.0 而 0
246.308 246.558 63.0 爱 0
246.558 247.058 68.0 上 0
247.058 247.308 66.0 他 1
247.586 247.836 63.0 在 0
247.836 248.086 63.0 情 0
248.086 248.336 66.0 感 0
248.336 248.586 71.0 禁 0
248.586 249.086 71.0 区 0
249.086 249.336 71.0 无 0
249.336 249.836 71.0 法 0
249.836 250.336 73.0 自 0
250.336 251.336 66.0 拔 1
251.596 251.846 66.0 一 0
251.846 252.096 68.0 辈 0
252.096 252.346 66.0 子 0
252.346 252.846 68.0 守 0
252.846 253.096 71.0 着 0
253.096 253.471 71.0 他 1
253.553 253.803 66.0 一 0
253.803 254.053 68.0 - 0
254.053 254.303 66.0 辈 0
254.303 254.803 66.0 子 0
254.803 255.053 68.0 宠 0
255.053 255.303 63.0 着 1
255.459 255.709 56.0 心 0
255.709 255.959 56.0 里 0
255.959 256.209 59.0 却 0
256.209 256.709 61.0 藏 0
256.709 256.959 61.0 满 0
256.959 257.209 61.0 了 0
257.209 257.709 61.0 对 0
257.709 258.209 63.0 你 0
258.209 258.709 66.0 的 0
259.209 260.209 68.0 牵 0
260.209 262.209 59.0 挂 1
263.45 263.7 66.0 一 0
263.7 263.95 68.0 辈 0
263.95 264.2 66.0 子 0
264.2 264.7 68.0 守 0
264.7 264.95 71.0 着 0
264.95 265.325 71.0 他 1
265.511 265.761 66.0 也 0
265.761 266.011 68.0 - 0
266.011 266.261 66.0 没 0
266.261 266.761 66.0 有 0
266.761 267.011 68.0 幸 0
267.011 267.261 63.0 福 1
268.309 268.559 56.0 因 0
268.559 268.809 56.0 为 0
268.809 269.059 59.0 他 0
269.059 269.559 63.0 毕 0
269.565 269.957 61.0 竟 0
269.971 270.373 61.0 并 0
270.378 270.854 63.0 不 0
270.859 272.204 66.0 是 0
272.809 273.809 56.0 你 0
273.809 275.309 59.0 呀 1
