28.868 29.28 55.0 那 0
29.28 29.691 58.0 - 0
29.691 30.103 58.0 天 0
30.103 30.514 55.0 离 0
30.514 30.926 55.0 开 1
31.363 31.775 51.0 留 0
31.775 32.186 53.0 下 0
32.186 32.598 55.0 几 0
32.598 33.009 60.0 个 0
33.009 33.421 60.0 字 0
33.421 33.627 58.0 给 0
33.627 34.655 60.0 你 1
35.286 35.492 60.0 心 0
35.492 35.904 60.0 - 0
35.904 36.11 60.0 若 0
36.11 36.521 60.0 像 0
36.521 36.933 58.0 潮 0
36.933 37.138 60.0 汐 0
37.138 37.55 60.0 梦 0
37.55 37.756 60.0 如 0
37.756 38.167 60.0 何 0
38.167 38.579 55.0 决 0
38.672 39.083 55.0 堤 1
39.083 39.495 53.0 爱 0
39.495 39.906 53.0 就 0
39.906 40.318 55.0 任 0
40.318 41.141 58.0 它 1
41.933 42.344 55.0 圆 0
42.344 42.756 58.0 - 0
42.756 43.167 58.0 满 0
43.167 43.579 55.0 的 0
43.579 43.99 55.0 结 1
44.347 44.759 51.0 终 0
44.759 45.17 53.0 究 0
45.17 45.582 55.0 可 0
45.582 45.993 60.0 望 0
45.993 46.405 60.0 不 0
46.405 46.61 58.0 可 0
46.61 47.639 60.0 及 1
48.453 48.659 58.0 感 0
48.659 49.07 60.0 - 0
49.07 49.276 60.0 情 0
49.276 49.688 60.0 要 0
49.688 50.099 58.0 休 1
50.213 50.419 58.0 流 0
50.419 50.831 60.0 - 0
50.831 51.036 60.0 浪 0
51.036 51.448 60.0 要 0
51.448 51.859 58.0 勇 0
51.859 52.271 58.0 气 0
52.271 52.682 58.0 还 0
52.682 53.094 58.0 想 0
53.094 53.3 60.0 不 0
53.3 54.74 62.0 想 1
55.453 55.865 62.0 很 0
55.865 56.276 62.0 - 0
56.276 56.688 62.0 久 0
56.688 57.099 62.0 以 0
57.181 57.593 55.0 来 1
57.593 58.004 55.0 都 0
58.004 58.416 65.0 不 0
58.416 58.827 65.0 敢 0
58.827 59.239 63.0 碰 0
59.239 59.445 63.0 触 0
59.445 59.856 62.0 的 0
59.856 61.296 60.0 问 1
62.15 62.562 62.0 每 0
62.562 62.974 62.0 一 0
62.974 63.385 62.0 次 0
63.385 63.797 62.0 都 0
63.797 64.208 55.0 出 0
64.208 64.62 55.0 现 1
64.668 65.079 65.0 在 0
65.079 65.491 65.0 - 0
65.491 65.902 63.0 起 0
65.902 66.108 63.0 风 0
66.108 66.519 62.0 的 0
66.519 67.548 63.0 夜 1
67.846 68.257 60.0 让 0
68.257 68.669 67.0 - 0
68.669 69.08 65.0 不 0
69.08 69.492 65.0 很 0
69.492 69.903 63.0 在 0
69.903 70.315 63.0 乎 0
70.315 70.726 60.0 寂 0
70.726 70.932 60.0 寞 0
70.932 71.138 63.0 的 1
71.68 72.091 62.0 难 0
72.091 72.297 62.0 过 0
72.297 72.503 62.0 得 0
72.503 72.914 62.0 想 0
72.914 73.326 63.0 哭 0
73.326 73.737 65.0 泣 1
73.916 74.122 58.0 爱 0
74.122 74.327 63.0 都 0
74.327 74.533 65.0 是 0
74.945 75.356 67.0 开 0
75.356 75.562 67.0 始 0
75.562 75.768 67.0 得 0
75.768 75.973 67.0 很 0
75.973 76.385 65.0 美 0
76.385 76.591 63.0 丽 1
76.623 77.034 67.0 结 0
77.034 77.24 67.0 束 0
77.24 77.446 67.0 得 0
77.446 77.652 65.0 没 0
77.652 78.063 65.0 道 0
78.063 78.269 63.0 理 1
78.279 78.69 63.0 想 0
78.69 78.896 63.0 想 0
78.896 79.102 63.0 是 0
79.102 79.513 63.0 很 0
79.513 79.925 62.0 可 0
79.925 80.336 60.0 惜 1
80.715 81.127 60.0 也 0
81.127 81.538 63.0 许 0
81.538 81.744 63.0 应 0
81.744 82.155 65.0 该 0
82.155 82.361 65.0 多 0
82.361 82.773 65.0 陪 0
82.773 82.978 63.0 陪 0
82.978 83.184 60.0 你 1
83.197 83.403 63.0 应 0
83.403 83.814 65.0 该 0
83.814 84.02 65.0 体 0
84.02 84.432 65.0 谅 0
84.432 84.843 63.0 你 0
84.843 85.255 67.0 彷 0
85.255 85.666 65.0 徨 0
85.666 86.078 65.0 的 0
86.078 86.489 60.0 情 0
86.489 86.901 58.0 绪 1
87.021 87.226 58.0 可 0
87.226 87.432 63.0 - 0
87.432 87.638 65.0 是 0
88.049 88.461 67.0 不 0
88.461 88.667 67.0 - 0
88.667 88.872 67.0 停 0
88.872 89.078 65.0 泊 0
89.078 89.49 65.0 的 0
89.49 89.696 63.0 行 1
89.78 90.191 67.0 不 0
90.191 90.397 67.0 - 0
90.397 90.603 67.0 确 0
90.603 90.808 65.0 定 0
90.808 91.22 65.0 的 0
91.22 91.426 63.0 轨 0
91.432 91.637 61.0 迹 1
91.637 92.049 63.0 明 0
92.049 92.255 63.0 天 0
92.255 92.666 63.0 会 0
92.666 92.872 62.0 在 0
92.872 93.695 63.0 哪 1
94.29 94.496 60.0 而 0
94.496 94.702 62.0 我 0
94.702 95.113 63.0 还 0
95.113 95.525 63.0 有 0
95.525 96.142 63.0 什 0
96.142 96.348 63.0 么 0
96.348 96.759 65.0 能 0
96.759 97.171 65.0 够 0
97.171 97.377 63.0 留 0
97.377 97.788 62.0 给 0
97.788 100.875 63.0 你 1
124.359 124.771 55.0 那 0
124.771 125.182 58.0 天 0
125.182 125.594 58.0 离 0
125.594 126.006 55.0 开 0
126.006 126.417 55.0 你 1
126.647 127.058 51.0 留 0
127.058 127.47 53.0 - 0
127.47 127.881 55.0 下 0
127.881 128.293 60.0 几 0
128.293 128.704 60.0 个 0
128.704 128.91 58.0 字 0
128.91 129.939 60.0 给 1
130.888 131.094 58.0 心 0
131.094 131.505 60.0 若 0
131.505 131.711 60.0 像 0
131.711 132.122 60.0 潮 0
132.122 132.534 58.0 汐 0
132.534 132.74 58.0 梦 0
132.74 133.151 60.0 如 0
133.151 133.357 60.0 何 0
133.357 133.768 60.0 决 0
133.768 134.18 55.0 堤 1
134.182 134.594 55.0 爱 0
134.594 135.005 53.0 就 0
135.005 135.417 53.0 任 0
135.417 135.828 55.0 它 0
135.828 136.651 58.0 去 1
137.438 137.85 55.0 圆 0
137.85 138.261 58.0 - 0
138.261 138.673 58.0 满 0
138.673 139.084 55.0 的 0
139.084 139.496 55.0 结 1
139.974 140.386 51.0 终 0
140.386 140.797 53.0 究 0
140.797 141.209 55.0 可 0
141.209 141.62 60.0 望 0
141.62 142.032 60.0 不 0
142.032 142.238 58.0 可 0
142.238 143.267 60.0 及 1
144.05 144.255 58.0 感 0
144.255 144.667 60.0 - 0
144.667 144.873 60.0 情 0
144.873 145.284 60.0 要 0
145.284 145.696 58.0 休 0
145.699 145.904 58.0 息 1
145.904 146.316 60.0 流 0
146.316 146.522 60.0 浪 0
146.522 146.933 60.0 要 0
146.933 147.345 58.0 勇 0
147.345 147.756 58.0 气 0
147.756 148.168 58.0 还 0
148.168 148.579 58.0 想 0
148.579 148.785 60.0 不 0
148.785 150.225 62.0 想 1
151.052 151.464 62.0 很 0
151.464 151.875 62.0 久 0
151.875 152.287 62.0 以 0
152.287 152.699 62.0 来 1
152.749 153.16 55.0 都 0
153.16 153.572 55.0 不 0
153.572 153.983 65.0 敢 0
153.983 154.395 65.0 碰 0
154.395 154.806 63.0 触 0
154.806 155.012 63.0 的 0
155.012 155.423 62.0 问 0
155.423 156.864 60.0 题 1
157.569 157.98 62.0 每 0
157.98 158.392 62.0 - 0
158.392 158.803 62.0 一 0
158.803 159.215 62.0 次 0
159.215 159.626 55.0 都 0
159.626 160.038 55.0 出 1
160.156 160.567 65.0 在 0
160.567 160.979 65.0 起 0
160.979 161.391 63.0 风 0
161.391 161.596 63.0 的 0
161.596 162.008 62.0 夜 0
162.008 163.037 63.0 里 1
163.348 163.76 60.0 让 0
163.76 164.171 67.0 不 0
164.171 164.583 65.0 很 0
164.583 164.994 65.0 在 0
164.994 165.406 63.0 乎 0
165.406 165.817 63.0 寂 0
165.817 166.229 60.0 寞 0
166.229 166.435 60.0 的 0
166.435 166.64 63.0 我 1
166.993 167.404 62.0 难 0
167.404 167.61 62.0 - 0
167.61 167.816 62.0 过 0
167.816 168.227 62.0 得 0
168.227 168.639 63.0 想 0
168.639 169.05 65.0 哭 1
169.355 169.561 58.0 爱 0
169.561 169.767 63.0 - 0
169.767 169.972 65.0 都 0
170.384 170.796 67.0 开 0
170.796 171.001 67.0 - 0
171.001 171.207 67.0 始 0
171.207 171.413 67.0 得 0
171.413 171.824 65.0 很 0
171.824 172.03 63.0 美 0
172.053 172.465 67.0 丽 1
172.465 172.67 67.0 结 0
172.67 172.876 67.0 束 0
172.876 173.082 65.0 得 0
173.082 173.493 65.0 没 0
173.493 173.699 63.0 道 0
173.72 174.132 63.0 理 1
174.132 174.337 63.0 想 0
174.337 174.543 63.0 想 0
174.543 174.955 63.0 是 0
174.955 175.366 62.0 很 0
175.366 175.778 60.0 可 1
176.166 176.578 60.0 也 0
176.578 176.989 63.0 - 0
176.989 177.195 63.0 许 0
177.195 177.607 65.0 应 0
177.607 177.812 65.0 该 0
177.812 178.224 65.0 多 0
178.224 178.43 63.0 陪 0
178.43 178.635 60.0 陪 0
178.636 178.842 63.0 你 1
178.842 179.254 65.0 应 0
179.254 179.46 65.0 该 0
179.46 179.871 65.0 体 0
179.871 180.283 63.0 谅 0
180.283 180.694 67.0 你 0
180.694 181.106 65.0 彷 0
181.106 181.517 65.0 徨 0
181.517 181.929 60.0 的 0
181.929 182.34 58.0 情 1
182.493 182.699 58.0 可 0
182.699 182.904 63.0 - 0
182.904 183.11 65.0 是 0
183.522 183.933 67.0 不 0
183.933 184.139 67.0 - 0
184.139 184.345 67.0 停 0
184.345 184.551 65.0 泊 0
184.551 184.962 65.0 的 0
184.962 185.168 63.0 行 0
185.214 185.625 67.0 李 1
185.625 185.831 67.0 不 0
185.831 186.037 67.0 确 0
186.037 186.243 65.0 定 0
186.243 186.654 65.0 的 0
186.654 186.86 63.0 轨 0
186.889 187.095 63.0 迹 1
187.095 187.506 63.0 明 0
187.506 187.712 63.0 天 0
187.712 188.124 63.0 会 0
188.124 188.329 62.0 在 0
188.329 189.152 63.0 哪 1
189.649 189.854 60.0 而 0
189.854 190.06 62.0 - 0
190.06 190.472 63.0 我 0
190.472 190.883 63.0 还 0
190.883 191.5 63.0 有 0
191.5 191.706 63.0 什 0
191.706 192.118 65.0 么 0
192.118 192.529 65.0 能 0
192.529 192.735 63.0 够 0
192.735 193.147 62.0 留 0
193.147 194.998 63.0 给 1
195.463 195.874 58.0 爱 0
195.874 196.286 63.0 - 0
196.286 196.697 65.0 都 0
196.697 197.109 67.0 是 0
197.109 197.315 67.0 开 0
197.315 197.521 67.0 始 0
197.521 197.726 67.0 得 0
197.726 198.138 65.0 很 0
198.138 198.344 63.0 美 1
198.382 198.793 67.0 结 0
198.793 198.999 67.0 - 0
198.999 199.205 67.0 束 0
199.205 199.41 65.0 得 0
199.41 199.822 65.0 没 0
199.822 200.028 63.0 道 0
200.033 200.444 63.0 理 1
200.444 200.65 63.0 想 0
200.65 200.856 63.0 想 0
200.856 201.267 63.0 是 0
201.267 201.679 62.0 很 0
201.679 202.09 60.0 可 1
202.408 202.819 60.0 也 0
202.819 203.231 63.0 - 0
203.231 203.437 63.0 许 0
203.437 203.848 65.0 应 0
203.848 204.054 65.0 该 0
204.054 204.465 65.0 多 0
204.465 204.671 63.0 陪 0
204.671 204.877 60.0 陪 0
204.954 205.16 63.0 你 1
205.16 205.571 65.0 应 0
205.571 205.777 65.0 该 0
205.777 206.189 65.0 体 0
206.189 206.6 63.0 谅 0
206.6 207.012 67.0 你 0
207.012 207.423 65.0 彷 0
207.423 207.835 65.0 徨 0
207.835 208.246 60.0 的 0
208.246 208.658 58.0 情 1
208.891 209.097 58.0 可 0
209.097 209.303 63.0 是 0
209.303 209.509 65.0 我 0
209.92 210.332 67.0 不 0
210.332 210.538 67.0 停 0
210.538 210.743 67.0 泊 0
210.743 210.949 65.0 的 0
210.949 211.361 65.0 行 0
211.361 211.566 63.0 李 1
211.607 212.019 67.0 不 0
212.019 212.225 67.0 确 0
212.225 212.43 67.0 定 0
212.43 212.636 65.0 的 0
212.636 213.048 65.0 轨 0
213.048 213.253 63.0 迹 1
213.253 213.459 63.0 明 0
213.459 213.871 63.0 天 0
213.871 214.076 63.0 会 0
214.076 214.488 63.0 在 0
214.488 214.694 62.0 哪 0
214.694 215.517 63.0 里 1
216.078 216.284 60.0 而 0
216.284 216.49 62.0 - 0
216.49 216.901 63.0 我 0
216.901 217.313 63.0 还 0
217.313 217.93 63.0 有 0
217.93 218.136 63.0 什 0
218.136 218.547 65.0 么 0
218.547 218.959 65.0 能 0
218.959 219.164 63.0 够 0
219.164 219.576 62.0 留 0
219.576 223.074 63.0 给 0
