12.628 13.037 57.0 雁 0
13.037 13.446 59.0 南 0
13.446 13.855 57.0 - 0
13.855 15.634 66.0 飞 1
16.068 16.498 69.0 雁 0
16.498 16.763 69.0 南 0
16.767 17.356 69.0 - 0
17.356 19.073 66.0 飞 1
19.93 20.359 71.0 雁 0
20.359 20.789 69.0 叫 0
20.789 22.077 66.0 声 0
22.077 22.506 69.0 声 0
22.506 22.934 62.0 心 0
22.934 23.363 59.0 - 0
23.363 23.791 66.0 欲 0
23.791 24.22 69.0 - 0
24.22 25.077 66.0 碎 0
25.077 25.934 64.0 - 1
26.823 27.252 66.0 不 0
27.252 27.682 69.0 等 0
27.682 28.97 64.0 今 0
28.97 29.449 66.0 日 0
29.454 31.116 59.0 去 1
32.0 32.429 71.0 已 0
32.429 32.858 74.0 盼 0
32.858 34.146 73.0 春 0
34.146 34.575 71.0 来 0
34.575 36.722 69.0 归 1
37.025 37.883 66.0 已 0
37.883 39.156 69.0 盼 0
39.156 39.58 66.0 - 0
39.58 40.0 64.0 春 0
40.0 40.42 57.0 - 0
40.42 41.26 64.0 来 0
41.26 43.443 62.0 归 1
43.892 44.322 71.0 今 0
44.322 44.751 73.0 日 0
44.751 46.897 74.0 去 1
47.387 47.818 71.0 愿 0
47.818 48.249 74.0 为 0
48.249 49.526 73.0 春 0
49.526 49.952 69.0 来 0
49.952 51.68 71.0 归 1
52.522 52.949 69.0 盼 0
52.949 53.375 71.0 - 0
53.375 55.094 66.0 归 1
55.862 56.292 62.0 莫 0
56.292 56.721 59.0 把 0
56.721 57.574 69.0 心 0
57.574 58.0 66.0 揉 0
58.0 58.426 69.0 - 0
58.426 60.146 64.0 碎 1
61.097 61.527 69.0 莫 0
61.527 61.958 66.0 把 0
61.958 63.665 74.0 心 0
63.665 64.953 73.0 揉 0
64.953 65.382 69.0 - 0
65.382 67.535 71.0 碎 1
67.96 68.388 69.0 且 0
68.388 68.819 71.0 - 0
68.819 69.667 66.0 等 0
70.092 70.516 69.0 - 0
70.516 70.945 64.0 春 0
70.945 71.374 57.0 - 0
71.374 72.233 64.0 来 0
72.233 75.676 62.0 归 1
87.991 88.403 57.0 雁 0
88.403 88.71 59.0 南 0
88.716 89.227 57.0 - 0
89.227 91.006 66.0 飞 1
91.458 91.887 69.0 雁 0
91.887 92.207 71.0 南 0
92.212 92.746 69.0 - 0
92.746 94.463 66.0 飞 1
95.375 95.805 71.0 雁 0
95.805 96.234 69.0 叫 0
96.234 97.518 66.0 声 0
97.518 97.945 69.0 声 0
97.945 98.373 62.0 心 0
98.373 98.801 59.0 - 0
98.801 99.229 66.0 欲 0
99.229 99.657 69.0 - 0
99.657 101.378 64.0 碎 1
102.21 102.639 66.0 不 0
102.639 103.068 69.0 等 0
103.068 104.351 64.0 今 0
104.351 104.806 66.0 日 0
104.814 106.495 59.0 去 1
107.442 107.871 71.0 已 0
107.871 108.3 74.0 盼 0
108.3 109.592 73.0 春 0
109.592 110.023 71.0 来 0
110.023 112.158 69.0 归 1
112.61 113.468 66.0 已 0
113.468 114.756 69.0 盼 0
114.756 115.185 66.0 - 0
115.185 115.615 64.0 春 0
115.615 116.044 57.0 - 0
116.044 116.903 64.0 来 0
116.903 119.049 62.0 归 1
119.439 119.869 71.0 今 0
119.869 120.298 73.0 日 0
120.298 122.439 74.0 去 1
122.77 123.194 71.0 愿 0
123.194 123.618 74.0 为 0
123.618 124.906 73.0 春 0
124.906 125.335 69.0 来 0
125.335 127.491 71.0 归 1
127.989 128.418 69.0 盼 0
128.418 128.848 71.0 - 0
128.848 130.123 66.0 归 1
131.348 131.781 62.0 莫 0
131.781 132.214 59.0 把 0
132.214 133.068 69.0 心 0
133.068 133.495 66.0 揉 0
133.495 133.922 69.0 - 0
133.922 136.065 64.0 碎 1
136.452 136.882 69.0 莫 0
136.882 137.311 66.0 把 0
137.311 139.028 74.0 心 0
139.028 140.316 73.0 揉 0
140.316 140.745 69.0 - 0
140.745 142.462 71.0 碎 1
143.312 143.74 71.0 且 0
143.74 144.167 69.0 等 0
144.167 146.085 76.0 春 0
146.085 146.99 74.0 - 0
146.99 148.2 74.0 来 0
149.006 155.056 74.0 归 1
