16.978 17.478 53.0 一 0
17.478 17.978 55.0 开 0
17.978 18.477 57.0 始 1
19.092 19.592 57.0 我 0
19.592 19.842 58.0 以 0
19.842 20.591 60.0 为 1
21.692 21.942 50.0 爱 0
21.942 22.442 62.0 本 0
22.442 22.941 62.0 来 0
22.941 23.274 62.0 会 0
23.274 23.608 60.0 很 0
23.608 23.941 58.0 容 0
23.941 24.437 60.0 易 1
25.667 25.916 50.0 所 0
25.916 26.417 62.0 以 0
26.417 26.667 62.0 没 0
26.667 27.168 62.0 有 1
27.792 28.042 57.0 经 0
28.042 28.543 60.0 过 0
28.543 28.794 57.0 允 0
28.794 29.295 57.0 许 1
29.684 29.935 50.0 就 0
29.935 30.435 58.0 把 0
30.435 30.935 57.0 你 0
30.935 31.436 53.0 放 0
31.436 31.686 50.0 心 0
31.686 32.186 55.0 底 1
33.539 33.789 53.0 直 0
33.789 34.039 55.0 到 0
34.039 34.539 57.0 后 0
34.539 35.04 57.0 来 0
35.04 35.54 57.0 有 0
35.54 35.79 58.0 一 0
35.79 36.54 60.0 天 1
37.67 37.92 50.0 你 0
37.92 38.421 62.0 和 0
38.421 38.921 62.0 他 0
38.921 39.254 62.0 走 0
39.254 39.588 60.0 在 0
39.588 39.921 58.0 一 0
39.921 40.422 60.0 起 1
41.763 42.014 50.0 我 0
42.014 42.514 62.0 才 0
42.514 42.764 60.0 发 0
42.764 43.264 62.0 现 1
43.862 44.112 62.0 原 0
44.112 44.612 60.0 来 0
44.612 44.862 57.0 爱 0
44.862 45.363 65.0 情 1
45.748 45.998 60.0 不 0
45.998 46.491 62.0 是 0
46.491 46.737 65.0 真 0
46.737 46.984 65.0 心 0
46.984 47.23 65.0 就 0
47.23 47.723 67.0 可 0
47.723 51.987 67.0 以 1
52.5 53.003 60.0 我 0
53.003 53.506 65.0 感 0
53.506 54.008 67.0 动 0
54.008 55.005 69.0 天 0
55.005 55.503 67.0 感 0
55.503 55.752 65.0 动 0
55.752 56.749 67.0 地 1
57.482 57.731 65.0 怎 0
57.731 57.981 64.0 么 0
57.981 58.479 65.0 感 0
58.479 58.977 64.0 动 0
58.977 59.226 62.0 不 0
59.226 59.725 64.0 了 0
59.725 60.478 57.0 你 1
61.777 62.029 60.0 明 0
62.029 62.533 62.0 明 0
62.533 62.785 60.0 知 0
62.785 63.289 62.0 道 0
63.793 64.045 62.0 没 0
64.045 64.541 60.0 有 0
64.541 64.79 57.0 结 0
64.79 65.286 65.0 局 1
65.687 65.935 60.0 却 0
65.935 66.431 62.0 还 0
66.431 66.928 65.0 死 0
66.928 67.176 65.0 心 0
67.176 67.673 67.0 塌 0
67.673 68.168 67.0 地 1
68.413 68.907 60.0 我 0
68.907 69.401 65.0 感 0
69.401 69.896 67.0 动 0
69.896 70.905 69.0 天 0
70.905 71.158 67.0 感 0
71.158 71.41 65.0 - 0
71.41 71.663 65.0 动 0
71.663 72.417 67.0 地 1
73.414 73.665 65.0 怎 0
73.665 73.916 64.0 么 0
73.916 74.417 65.0 感 0
74.417 74.918 64.0 动 0
74.918 75.169 62.0 不 0
75.169 75.357 62.0 了 0
75.357 75.671 64.0 - 0
75.671 76.422 57.0 你 1
77.465 77.715 60.0 总 0
77.715 77.965 60.0 相 0
77.965 78.466 62.0 信 0
78.466 78.716 60.0 爱 0
78.716 79.216 62.0 情 0
79.716 79.967 62.0 会 0
79.967 80.467 60.0 有 0
80.467 80.717 57.0 奇 0
80.717 81.217 65.0 迹 1
81.741 81.991 58.0 都 0
81.991 82.488 70.0 是 0
82.488 82.985 69.0 我 0
82.985 83.483 65.0 骗 0
83.483 83.731 64.0 自 0
83.731 87.971 65.0 己 1
103.031 103.529 53.0 一 0
103.529 104.026 55.0 开 0
104.026 104.531 57.0 始 0
105.036 105.542 57.0 我 0
105.542 105.794 58.0 以 0
105.794 106.3 60.0 为 1
107.735 107.988 50.0 爱 0
107.988 108.485 62.0 本 0
108.485 108.982 62.0 来 0
108.982 109.314 62.0 会 0
109.314 109.645 60.0 很 0
109.645 109.977 58.0 容 0
109.977 110.474 60.0 易 1
111.792 112.041 50.0 所 0
112.041 112.541 62.0 以 0
112.541 112.791 62.0 没 0
112.791 113.041 62.0 有 0
113.791 114.041 57.0 经 0
114.041 114.544 60.0 过 0
114.544 114.796 57.0 允 0
114.796 115.299 57.0 许 1
115.787 116.039 50.0 就 0
116.039 116.536 58.0 把 0
116.536 117.033 57.0 你 0
117.033 117.53 53.0 放 0
117.53 117.779 50.0 心 0
117.779 118.276 55.0 底 1
119.41 119.659 53.0 直 0
119.659 119.908 55.0 到 0
119.908 120.413 57.0 后 0
120.413 120.919 57.0 来 0
120.919 121.425 57.0 有 0
121.425 121.677 58.0 一 0
121.677 122.428 60.0 天 1
123.708 123.956 48.0 你 0
123.956 124.458 62.0 和 0
124.458 124.959 62.0 他 0
124.959 125.293 62.0 走 0
125.293 125.628 60.0 在 0
125.628 125.962 58.0 一 0
125.962 126.463 60.0 起 1
127.728 127.978 50.0 我 0
127.978 128.479 62.0 才 0
128.479 128.73 60.0 发 0
128.73 129.231 62.0 现 1
129.861 130.112 62.0 原 0
130.112 130.611 60.0 来 0
130.611 130.861 57.0 爱 0
130.861 131.361 65.0 情 1
131.681 131.931 60.0 不 0
131.931 132.424 62.0 是 0
132.424 132.67 65.0 真 0
132.67 132.916 65.0 心 0
132.916 133.162 65.0 就 0
133.162 133.655 67.0 可 0
133.655 137.674 67.0 以 1
138.455 138.952 60.0 我 0
138.952 139.45 65.0 感 0
139.45 139.947 67.0 动 0
139.947 140.969 69.0 天 0
140.969 141.224 67.0 感 0
141.224 141.48 65.0 - 0
141.48 141.735 65.0 动 0
141.735 142.483 67.0 地 1
143.57 143.816 65.0 怎 0
143.816 144.063 64.0 么 0
144.063 144.565 65.0 感 0
144.565 145.067 64.0 动 0
145.067 145.319 62.0 不 0
145.319 145.57 62.0 了 0
145.57 145.821 64.0 - 0
145.821 146.57 57.0 你 1
147.701 147.951 60.0 明 0
147.951 148.453 62.0 明 0
148.453 148.704 60.0 知 0
148.704 149.207 62.0 道 0
149.709 149.96 62.0 没 0
149.96 150.454 60.0 有 0
150.454 150.701 57.0 结 0
150.701 151.195 65.0 局 1
151.708 151.955 60.0 却 0
151.955 152.455 62.0 还 0
152.455 152.954 65.0 死 0
152.954 153.204 65.0 心 0
153.204 153.703 67.0 塌 0
153.703 154.199 67.0 地 1
154.511 155.005 60.0 我 0
155.005 155.499 65.0 感 0
155.499 155.993 67.0 动 0
155.993 157.007 69.0 天 0
157.007 157.26 67.0 感 0
157.26 157.513 65.0 - 0
157.513 157.767 65.0 动 0
157.767 158.52 67.0 地 1
159.459 159.709 65.0 怎 0
159.709 159.959 64.0 么 0
159.959 160.463 65.0 感 0
160.463 160.967 64.0 动 0
160.967 161.218 62.0 不 0
161.218 161.47 62.0 了 0
161.47 161.722 64.0 - 0
161.722 162.469 57.0 你 1
163.417 163.664 60.0 总 0
163.664 163.912 60.0 相 0
163.912 164.415 62.0 信 0
164.415 164.666 60.0 爱 0
164.666 165.17 62.0 情 0
165.673 165.924 62.0 会 0
165.924 166.423 60.0 有 0
166.423 166.673 57.0 奇 0
166.673 167.172 65.0 迹 1
167.706 167.956 58.0 都 0
167.956 168.458 70.0 是 0
168.458 168.961 69.0 我 0
168.961 169.212 65.0 骗 0
169.212 169.464 64.0 - 0
169.464 169.715 64.0 自 0
169.715 171.992 65.0 己 1
174.443 174.698 62.0 以 0
174.698 174.954 62.0 为 0
174.954 175.209 62.0 自 0
175.209 175.464 62.0 己 0
175.464 175.72 62.0 不 0
175.72 175.975 62.0 再 0
175.975 176.472 64.0 去 0
176.472 176.721 62.0 想 0
176.721 178.463 64.0 你 1
178.584 178.834 64.0 保 0
178.834 179.084 64.0 持 0
179.084 179.333 64.0 不 0
179.333 179.583 64.0 被 0
179.583 179.833 64.0 刺 0
179.833 180.082 57.0 痛 0
180.082 180.58 65.0 的 0
180.58 180.828 64.0 距 0
180.828 181.823 65.0 离 1
182.431 182.684 62.0 就 0
182.684 182.937 62.0 算 0
182.937 183.19 62.0 早 0
183.19 183.443 62.0 已 0
183.443 183.696 62.0 忘 0
183.696 183.949 62.0 了 0
183.949 184.446 64.0 我 0
184.446 184.695 62.0 自 0
184.695 185.192 64.0 己 1
185.51 185.759 62.0 却 0
185.759 186.007 64.0 还 0
186.007 186.258 65.0 想 0
186.258 186.509 65.0 要 0
186.509 186.76 65.0 知 0
186.76 187.011 65.0 道 0
187.011 187.345 65.0 你 0
187.345 187.68 65.0 的 0
187.68 188.014 67.0 消 0
188.014 189.506 67.0 息 0
189.506 192.019 72.0 - 1
192.464 192.954 60.0 我 0
192.954 193.444 65.0 感 0
193.444 193.933 67.0 动 0
193.933 194.954 69.0 天 0
194.954 195.209 67.0 感 0
195.209 195.464 65.0 - 0
195.464 195.72 65.0 动 0
195.72 196.482 67.0 地 1
197.497 197.75 65.0 怎 0
197.75 198.004 64.0 么 0
198.004 198.506 65.0 感 0
198.506 199.007 64.0 动 0
199.007 199.258 62.0 不 0
199.258 199.759 64.0 了 0
199.759 200.501 57.0 你 1
201.81 202.055 60.0 明 0
202.055 202.558 62.0 明 0
202.558 202.809 60.0 知 0
202.809 203.312 62.0 道 0
203.815 204.066 62.0 没 0
204.066 204.563 60.0 有 0
204.563 204.812 57.0 结 0
204.812 205.309 65.0 局 1
205.749 205.997 60.0 却 0
205.997 206.494 62.0 还 0
206.494 206.992 65.0 死 0
206.992 207.24 65.0 心 0
207.24 207.738 67.0 塌 0
207.738 208.234 67.0 地 1
208.52 209.015 60.0 我 0
209.015 209.509 65.0 感 0
209.509 210.004 67.0 动 0
210.004 211.006 69.0 天 0
211.006 211.257 67.0 感 0
211.257 211.507 65.0 - 0
211.507 211.758 65.0 动 0
211.758 212.515 67.0 地 1
213.514 213.767 65.0 怎 0
213.767 214.021 64.0 么 0
214.021 214.524 65.0 感 0
214.524 215.028 64.0 动 0
215.028 215.28 62.0 不 0
215.28 215.531 62.0 了 0
215.531 215.783 64.0 - 0
215.783 216.532 57.0 你 1
217.516 217.764 60.0 总 0
217.764 218.013 60.0 相 0
218.013 218.519 62.0 信 0
218.519 218.773 60.0 爱 0
218.773 219.279 62.0 情 0
219.785 220.039 62.0 会 0
220.039 220.536 57.0 有 0
220.536 220.784 57.0 奇 0
220.784 221.282 65.0 迹 1
221.763 222.012 58.0 都 0
222.012 222.509 70.0 是 0
222.509 223.006 69.0 我 0
223.006 223.503 65.0 骗 0
223.503 223.752 64.0 自 0
223.752 227.961 65.0 己 1
