31.347 31.987 59.0 风 0
32.947 33.267 55.0 - 0
33.267 33.587 57.0 没 0
33.587 33.907 59.0 有 0
33.907 34.227 57.0 方 0
34.227 34.547 57.0 向 0
34.547 34.867 59.0 的 0
34.867 35.347 57.0 吹 0
36.476 37.113 55.0 来 0
38.069 38.387 55.0 雨 0
38.387 38.706 57.0 也 0
38.706 39.025 59.0 跟 0
39.025 39.344 57.0 着 0
39.344 39.664 57.0 悲 0
39.664 39.984 59.0 伤 0
39.984 40.463 57.0 起 0
41.6 42.239 52.0 来 0
42.239 42.559 54.0 没 0
42.559 43.198 55.0 有 0
43.198 43.518 57.0 人 0
44.157 44.793 50.0 能 0
44.793 45.11 55.0 告 0
45.11 45.428 55.0 诉 0
45.757 46.075 55.0 我 0
46.075 46.393 57.0 爱 0
46.393 46.71 59.0 是 0
46.71 47.346 60.0 在 0
47.346 47.982 59.0 什 0
47.982 48.299 57.0 么 0
48.299 48.617 55.0 时 0
48.935 49.572 59.0 候 0
49.572 50.211 57.0 悄 0
50.211 50.85 55.0 悄 0
50.85 51.169 57.0 走 0
51.743 52.382 59.0 开 0
53.34 53.66 55.0 风 0
53.66 53.979 57.0 伴 0
53.979 54.299 59.0 着 0
54.299 54.618 57.0 花 0
54.618 54.937 57.0 谢 0
54.937 55.257 59.0 了 0
55.257 55.896 57.0 又 0
56.97 57.609 55.0 开 0
58.567 58.886 55.0 雨 0
58.886 59.206 57.0 把 0
59.206 59.525 59.0 眼 0
59.525 59.846 57.0 泪 0
59.846 60.166 57.0 落 0
60.166 60.486 59.0 向 0
60.486 60.967 57.0 大 0
62.07 62.706 52.0 海 0
62.706 63.024 54.0 现 0
63.024 63.659 55.0 在 0
63.659 64.295 57.0 的 0
64.612 65.251 50.0 我 0
65.251 65.571 55.0 才 0
65.571 65.89 55.0 明 0
66.103 66.423 55.0 白 0
66.423 66.742 57.0 你 0
66.742 67.062 59.0 抱 0
67.062 67.701 60.0 着 0
67.701 68.339 59.0 紫 0
68.339 68.659 57.0 色 0
68.659 69.298 55.0 的 0
69.303 69.941 59.0 梦 0
69.941 70.58 57.0 选 0
70.58 71.219 55.0 择 0
71.219 71.858 57.0 等 0
72.311 72.95 55.0 待 0
72.95 73.588 57.0 记 0
73.588 74.226 59.0 忆 0
74.226 74.864 60.0 是 0
74.864 75.502 62.0 阵 0
75.502 75.821 64.0 阵 0
75.821 76.14 62.0 花 0
76.283 76.921 64.0 香 0
76.921 77.24 66.0 我 0
77.24 77.878 67.0 们 0
77.878 78.516 67.0 说 0
78.516 79.154 67.0 好 0
79.154 79.793 67.0 谁 0
79.793 80.112 66.0 都 0
80.112 80.75 64.0 不 0
80.75 81.069 62.0 能 0
81.465 81.784 62.0 忘 0
81.784 82.103 62.0 守 0
82.103 82.422 62.0 着 0
82.422 82.741 64.0 黑 0
82.741 83.06 55.0 夜 0
83.06 83.379 55.0 的 0
83.379 83.698 55.0 阳 0
84.128 84.447 64.0 光 0
84.447 84.766 64.0 难 0
84.766 85.085 64.0 过 0
85.085 85.404 62.0 却 0
85.404 85.723 55.0 假 0
85.723 86.042 55.0 装 0
86.042 86.362 55.0 坚 0
86.587 86.906 55.0 强 0
86.906 87.225 57.0 等 0
87.225 87.544 59.0 待 0
87.544 88.182 60.0 的 0
88.182 88.82 59.0 日 0
88.82 89.139 57.0 子 0
89.371 89.69 55.0 里 0
89.69 90.329 59.0 你 0
90.329 90.968 57.0 比 0
90.968 91.607 55.0 我 0
91.607 92.246 57.0 勇 0
92.671 93.31 55.0 敢 0
93.31 93.949 57.0 记 0
93.949 94.588 59.0 忆 0
94.588 95.228 60.0 是 0
95.228 95.866 62.0 阵 0
95.866 96.185 64.0 阵 0
96.185 96.504 62.0 花 0
96.759 97.397 64.0 香 0
97.397 97.716 66.0 一 0
97.716 98.354 67.0 起 0
98.354 98.992 67.0 走 0
99.132 99.77 67.0 过 0
99.77 100.408 67.0 永 0
100.408 100.727 66.0 远 0
100.727 101.365 64.0 不 0
101.365 101.684 62.0 能 0
102.001 102.32 62.0 忘 0
102.32 102.639 62.0 你 0
102.639 102.958 62.0 的 0
102.958 103.277 64.0 温 0
103.277 103.597 55.0 柔 0
103.597 103.916 55.0 是 0
103.916 104.235 55.0 阳 0
104.528 104.847 64.0 光 0
104.847 105.167 64.0 把 0
105.167 105.486 64.0 我 0
105.486 105.806 62.0 的 0
105.806 106.125 55.0 未 0
106.125 106.445 55.0 来 0
106.445 106.764 55.0 填 0
107.025 107.344 55.0 满 0
107.344 107.663 57.0 提 0
107.663 107.983 59.0 醒 0
107.983 108.621 60.0 我 0
108.621 109.259 59.0 花 0
109.259 109.578 57.0 香 0
109.578 109.897 55.0 常 0
110.135 110.775 59.0 在 0
110.775 111.095 57.0 就 0
111.736 112.057 55.0 像 0
112.057 112.698 57.0 我 0
112.698 114.295 55.0 的 0
138.667 139.305 59.0 爱 0
140.262 140.581 55.0 风 0
140.581 140.9 57.0 伴 0
140.9 141.219 59.0 着 0
141.219 141.538 57.0 花 0
141.538 141.857 57.0 谢 0
141.857 142.176 59.0 了 0
142.176 142.655 57.0 又 0
143.774 144.412 55.0 开 0
145.369 145.688 55.0 雨 0
145.688 146.007 57.0 把 0
146.007 146.326 59.0 眼 0
146.326 146.645 57.0 泪 0
146.645 146.964 57.0 落 0
146.964 147.283 59.0 向 0
147.283 147.762 57.0 大 0
148.83 149.469 52.0 海 0
149.469 149.788 54.0 现 0
149.788 150.426 55.0 在 0
150.426 150.904 57.0 的 0
151.383 152.021 50.0 我 0
152.021 152.34 55.0 才 0
152.34 152.659 55.0 明 0
152.945 153.264 55.0 白 0
153.264 153.583 57.0 你 0
153.583 153.902 59.0 抱 0
153.902 154.54 60.0 着 0
154.54 155.178 59.0 紫 0
155.178 155.497 57.0 色 0
155.497 156.136 55.0 的 0
156.248 156.886 59.0 梦 0
156.886 157.524 57.0 选 0
157.524 158.162 55.0 择 0
158.162 158.8 57.0 等 0
158.996 159.634 55.0 待 0
159.634 160.272 57.0 记 0
160.272 160.91 59.0 忆 0
160.91 161.548 60.0 是 0
161.548 162.188 62.0 阵 0
162.188 162.508 64.0 阵 0
162.508 162.827 62.0 花 0
163.251 163.891 64.0 香 0
163.891 164.21 66.0 我 0
164.21 164.85 67.0 们 0
164.85 165.489 67.0 说 0
165.489 166.129 67.0 好 0
166.129 166.768 67.0 谁 0
166.768 167.088 66.0 都 0
167.088 167.726 64.0 不 0
167.726 168.045 62.0 能 0
168.286 168.605 62.0 忘 0
168.605 168.924 62.0 守 0
168.924 169.243 62.0 着 0
169.243 169.562 64.0 黑 0
169.562 169.881 55.0 夜 0
169.881 170.2 55.0 的 0
170.2 170.519 55.0 阳 0
170.799 171.118 64.0 光 0
171.118 171.437 64.0 难 0
171.437 171.756 64.0 过 0
171.756 172.075 62.0 却 0
172.075 172.394 55.0 假 0
172.394 172.713 55.0 装 0
172.713 173.032 55.0 坚 0
173.496 173.816 55.0 强 0
173.816 174.135 57.0 等 0
174.135 174.454 59.0 待 0
174.454 175.091 60.0 的 0
175.091 175.728 59.0 日 0
175.728 176.046 57.0 子 0
176.295 176.613 55.0 里 0
176.613 177.25 59.0 你 0
177.25 177.887 57.0 比 0
177.887 178.524 55.0 我 0
178.524 179.161 57.0 勇 0
179.509 180.149 55.0 敢 0
180.149 180.789 57.0 记 0
180.789 181.429 59.0 忆 0
181.429 182.069 60.0 是 0
182.069 182.708 62.0 阵 0
182.708 183.027 64.0 阵 0
183.027 183.346 62.0 花 0
183.571 184.209 64.0 香 0
184.209 184.528 66.0 一 0
184.528 185.167 67.0 起 0
185.167 185.805 67.0 走 0
185.872 186.511 67.0 过 0
186.511 186.83 67.0 永 0
187.469 187.788 66.0 远 0
187.788 188.107 64.0 不 0
188.107 188.427 62.0 能 0
188.69 189.009 62.0 忘 0
189.009 189.329 62.0 你 0
189.329 189.648 62.0 的 0
189.648 189.967 64.0 温 0
189.967 190.286 55.0 柔 0
190.286 190.606 55.0 是 0
190.606 190.925 55.0 阳 0
191.382 191.702 64.0 光 0
191.702 192.021 64.0 把 0
192.021 192.34 64.0 我 0
192.34 192.659 62.0 的 0
192.659 192.978 55.0 未 0
192.978 193.298 55.0 来 0
193.298 193.617 55.0 填 0
193.846 194.165 55.0 满 0
194.165 194.484 57.0 提 0
194.484 194.803 59.0 醒 0
194.803 195.441 60.0 我 0
195.441 196.079 59.0 花 0
196.079 196.398 57.0 香 0
196.398 197.036 55.0 常 0
197.122 197.76 59.0 在 0
197.76 198.079 57.0 就 0
198.717 199.036 55.0 像 0
199.036 199.674 57.0 我 0
199.674 201.908 55.0 的 0
205.033 205.674 55.0 爱 0
205.674 206.315 57.0 记 0
206.315 206.955 59.0 忆 0
206.955 207.596 60.0 是 0
207.596 208.234 62.0 阵 0
208.234 208.553 64.0 阵 0
208.553 208.872 62.0 花 0
209.126 209.764 64.0 香 0
209.764 210.083 66.0 我 0
210.083 210.402 67.0 们 0
210.402 211.041 67.0 说 0
211.36 211.998 67.0 好 0
211.998 212.636 67.0 谁 0
212.636 212.955 66.0 都 0
212.955 213.593 64.0 不 0
213.593 213.912 62.0 能 0
214.265 214.584 62.0 忘 0
214.584 214.904 62.0 守 0
214.904 215.223 62.0 着 0
215.223 215.543 64.0 黑 0
215.543 215.864 55.0 夜 0
215.864 216.185 55.0 的 0
216.185 216.505 55.0 阳 0
216.85 217.171 64.0 光 0
217.171 217.491 64.0 难 0
217.491 217.812 64.0 过 0
217.812 218.13 62.0 却 0
218.13 218.449 55.0 假 0
218.449 218.767 55.0 装 0
218.767 219.085 55.0 坚 0
219.445 219.764 55.0 强 0
219.764 220.082 57.0 等 0
220.082 220.4 59.0 待 0
220.4 221.036 60.0 的 0
221.036 221.673 59.0 日 0
221.673 221.991 57.0 子 0
222.206 222.525 55.0 里 0
222.525 223.162 59.0 你 0
223.162 223.801 57.0 比 0
223.801 224.439 55.0 我 0
224.439 225.078 57.0 勇 0
225.375 226.016 55.0 敢 0
226.016 226.656 57.0 记 0
226.656 227.296 59.0 忆 0
227.296 227.937 60.0 是 0
227.937 228.575 62.0 阵 0
228.575 228.894 64.0 阵 0
228.894 229.213 62.0 花 0
229.511 230.149 64.0 香 0
230.149 230.468 66.0 一 0
230.468 231.106 67.0 起 0
231.106 231.744 67.0 走 0
231.893 232.531 67.0 过 0
232.531 233.169 67.0 永 0
233.169 233.488 66.0 远 0
233.488 234.126 64.0 不 0
234.126 234.445 62.0 能 0
234.779 235.098 62.0 忘 0
235.098 235.417 62.0 你 0
235.417 235.736 62.0 的 0
235.736 236.055 64.0 温 0
236.055 236.374 55.0 柔 0
236.374 236.693 55.0 是 0
236.693 237.012 55.0 阳 0
237.282 237.601 64.0 光 0
237.601 237.92 64.0 把 0
237.92 238.239 64.0 我 0
238.239 238.56 62.0 的 0
238.56 238.881 55.0 未 0
238.881 239.202 55.0 来 0
239.202 239.523 55.0 填 0
239.764 240.085 55.0 满 0
240.085 240.406 57.0 风 0
240.406 240.727 59.0 吹 0
240.727 241.359 60.0 起 0
241.359 241.992 59.0 花 0
241.992 242.308 57.0 的 0
242.308 242.94 55.0 香 0
243.017 243.655 59.0 味 0
243.655 243.977 57.0 就 0
244.62 244.942 55.0 像 0
244.942 245.586 57.0 你 0
245.586 247.823 55.0 的 0
