18.084 18.644 51.0 多 0
18.648 19.01 54.0 平 0
19.022 20.755 54.0 淡 1
20.977 21.339 51.0 所 0
21.351 21.713 54.0 以 0
21.726 21.963 59.0 自 0
21.975 22.461 57.0 己 0
22.474 22.777 59.0 刻 0
22.848 23.21 59.0 意 0
23.347 23.771 56.0 为 0
23.846 24.02 54.0 - 0
24.095 25.641 54.0 难 1
25.949 26.435 51.0 多 0
26.448 26.685 54.0 遗 0
26.76 28.556 54.0 憾 1
29.013 29.379 51.0 被 0
29.388 29.749 54.0 抛 0
29.762 30.065 59.0 弃 0
30.073 30.497 57.0 的 0
30.572 30.813 59.0 人 0
30.822 31.25 61.0 没 0
31.321 31.807 56.0 喜 0
31.819 32.002 54.0 - 0
32.069 33.179 54.0 感 1
33.81 34.047 54.0 像 0
34.059 34.487 56.0 被 0
34.558 34.857 63.0 人 0
34.87 35.606 63.0 围 0
35.618 35.926 56.0 起 0
35.93 37.85 61.0 来 1
38.048 38.285 54.0 就 0
38.297 38.784 54.0 特 0
38.796 39.104 61.0 别 0
39.108 39.785 61.0 放 0
39.856 40.155 54.0 不 0
40.168 41.777 59.0 开 1
41.833 42.07 52.0 都 0
42.083 42.511 52.0 在 0
42.581 42.818 54.0 期 0
42.831 43.691 56.0 待 1
43.865 44.102 52.0 角 0
44.115 44.601 52.0 色 0
44.614 44.98 54.0 要 0
44.988 45.724 56.0 坏 0
45.861 46.106 52.0 别 0
46.11 46.659 52.0 委 0
46.671 46.908 54.0 屈 0
46.921 47.47 56.0 了 0
47.731 47.968 47.0 人 0
48.043 48.534 51.0 才 0
48.604 49.59 49.0 - 1
50.038 50.587 51.0 别 0
50.599 50.836 54.0 期 0
50.849 52.582 54.0 待 1
53.055 53.417 51.0 伤 0
53.429 53.791 54.0 人 0
53.803 54.04 59.0 的 0
54.053 54.539 57.0 话 0
54.551 54.788 59.0 变 0
54.863 55.291 59.0 得 0
55.362 55.794 56.0 柔 0
55.799 56.035 54.0 - 0
56.048 57.657 54.0 软 1
58.008 58.245 54.0 也 0
58.258 58.744 51.0 别 0
58.756 58.993 54.0 揭 0
59.131 60.615 54.0 穿 1
61.084 61.45 51.0 剧 0
61.52 61.882 54.0 透 0
61.895 62.198 59.0 的 0
62.206 62.568 57.0 电 0
62.643 62.88 59.0 影 0
62.955 63.383 61.0 不 0
63.453 63.886 56.0 好 0
63.89 64.127 54.0 - 0
64.139 65.249 54.0 看 1
65.877 66.114 54.0 隔 0
66.127 66.613 56.0 墙 0
66.626 66.862 61.0 有 0
66.937 67.361 63.0 只 0
67.498 67.922 56.0 耳 0
67.997 69.606 61.0 朵 1
69.672 70.033 54.0 嘲 0
70.046 70.412 54.0 笑 0
70.482 70.723 61.0 你 0
70.794 71.28 61.0 多 0
71.293 71.779 54.0 难 0
71.792 72.349 61.0 过 0
72.353 73.463 60.0 - 1
73.91 74.147 51.0 你 0
74.222 74.646 52.0 越 0
74.658 74.895 54.0 反 0
74.908 75.835 56.0 驳 0
75.905 76.142 52.0 越 0
76.217 76.641 52.0 像 0
76.654 76.891 54.0 示 0
76.903 77.888 56.0 弱 1
77.936 78.173 54.0 请 0
78.185 78.671 56.0 别 0
78.684 78.921 59.0 再 0
78.933 79.42 63.0 招 0
79.432 79.669 61.0 - 0
79.682 79.919 59.0 惹 0
79.931 82.163 61.0 我 1
82.771 83.008 54.0 我 0
83.02 83.382 68.0 可 0
83.519 83.756 61.0 以 0
83.769 84.255 63.0 为 0
84.268 84.504 61.0 我 0
84.517 84.754 63.0 们 0
84.766 85.003 61.0 的 0
85.016 85.502 63.0 散 0
85.515 85.752 61.0 承 0
85.764 86.25 63.0 担 0
86.263 86.5 61.0 一 0
86.512 87.248 63.0 半 1
87.689 87.926 54.0 可 0
87.938 88.175 54.0 我 0
88.188 88.425 59.0 偏 0
88.437 88.674 59.0 要 0
88.687 88.924 61.0 摧 0
88.936 89.173 59.0 毁 0
89.185 89.672 61.0 所 0
89.684 89.921 59.0 有 0
89.934 90.67 61.0 的 0
90.682 90.919 61.0 好 0
90.931 91.542 63.0 感 1
91.666 91.903 54.0 看 0
91.915 92.651 56.0 上 0
92.663 92.9 59.0 去 0
92.913 93.399 59.0 能 0
93.412 93.898 63.0 孤 0
93.91 94.405 63.0 独 0
94.409 94.592 61.0 - 0
94.659 94.896 61.0 得 0
94.908 95.394 61.0 很 0
95.407 95.893 63.0 圆 0
95.906 97.889 60.0 满 0
97.901 98.762 56.0 - 1
98.772 99.009 56.0 我 0
99.021 99.383 68.0 做 0
99.52 99.757 61.0 作 0
99.769 100.256 63.0 的 0
100.268 100.505 61.0 表 0
100.518 100.755 63.0 情 0
100.767 101.004 61.0 让 0
101.017 101.503 63.0 自 0
101.515 101.752 61.0 己 0
101.765 102.251 63.0 很 0
102.264 102.501 61.0 难 0
102.513 103.498 63.0 堪 1
103.817 104.054 63.0 可 0
104.067 104.304 63.0 感 0
104.316 104.553 63.0 情 0
104.565 104.802 66.0 这 0
104.815 105.052 63.0 玩 0
105.064 105.551 66.0 意 0
105.625 105.862 63.0 怎 0
105.875 106.365 70.0 么 0
106.374 106.548 68.0 - 0
106.623 106.86 63.0 计 0
106.873 107.238 66.0 算 1
107.357 107.968 63.0 别 0
108.105 108.592 56.0 两 0
108.604 111.028 61.0 难 1
111.105 111.599 63.0 hey 0
111.603 111.969 61.0 - 0
112.102 112.535 54.0 晚 0
112.601 113.773 61.0 安 0
113.786 114.771 59.0 - 1
115.116 115.353 59.0 少 0
115.366 115.603 61.0 了 0
115.615 115.919 63.0 有 0
116.114 116.538 56.0 点 0
116.613 116.85 59.0 不 0
116.862 117.536 59.0 甘 1
117.887 118.061 59.0 但 0
118.136 118.81 58.0 多 0
118.885 119.309 59.0 了 0
119.383 119.87 61.0 太 0
119.882 120.119 59.0 - 0
120.132 122.115 56.0 烦 1
122.484 122.97 56.0 啦 0
123.232 123.469 51.0 儿 0
123.482 124.101 54.0 啦 0
124.105 125.464 54.0 - 0
126.475 127.21 58.0 啦 0
127.223 127.46 51.0 儿 0
127.472 130.328 56.0 啦 1
130.453 131.189 56.0 啦 0
131.201 131.438 51.0 儿 0
131.451 134.329 54.0 啦 1
136.109 136.605 51.0 多 0
136.609 136.98 54.0 困 0
137.046 138.721 54.0 难 1
139.119 139.481 51.0 狠 0
139.494 139.794 54.0 话 0
139.806 140.044 59.0 有 0
140.119 140.544 57.0 几 0
140.556 140.856 59.0 句 0
140.869 141.298 59.0 新 0
141.369 141.856 56.0 鲜 0
141.869 142.106 54.0 - 0
142.119 143.298 54.0 感 1
143.784 144.021 54.0 又 0
144.034 144.521 51.0 有 0
144.534 144.771 54.0 多 0
144.784 146.396 54.0 难 1
147.019 147.323 51.0 掩 0
147.394 147.756 54.0 饰 0
147.769 148.015 59.0 掉 0
148.019 148.448 57.0 全 0
148.519 148.756 59.0 程 0
148.769 149.256 61.0 的 0
149.269 149.756 56.0 伤 0
149.769 149.948 54.0 - 0
150.019 151.069 54.0 感 1
151.739 151.976 54.0 我 0
151.989 152.476 56.0 毁 0
152.489 152.726 61.0 了 0
152.739 153.226 63.0 艘 0
153.239 153.726 56.0 小 0
153.739 155.476 61.0 船 1
155.816 156.053 54.0 逼 0
156.066 156.553 54.0 我 0
156.566 156.803 61.0 们 0
156.816 157.303 61.0 隔 0
157.316 157.803 54.0 着 0
157.816 159.428 60.0 岸 1
159.771 160.008 52.0 冷 0
160.021 160.508 52.0 眼 0
160.521 160.758 54.0 旁 0
160.771 161.758 56.0 观 1
161.786 162.023 52.0 最 0
162.036 162.523 52.0 后 0
162.536 162.773 54.0 一 0
162.786 163.652 56.0 段 0
163.786 164.023 54.0 对 0
164.036 164.523 56.0 白 0
164.536 164.84 59.0 还 0
164.848 165.277 63.0 有 0
165.286 165.523 61.0 - 0
165.536 165.773 59.0 点 0
165.786 168.023 61.0 烂 1
168.772 169.009 54.0 你 0
169.022 169.509 68.0 可 0
169.522 169.759 61.0 以 0
169.772 170.259 63.0 为 0
170.272 170.509 61.0 我 0
170.522 170.759 63.0 们 0
170.772 171.009 61.0 的 0
171.022 171.509 63.0 散 0
171.522 171.759 61.0 不 0
171.772 172.259 63.0 用 0
172.272 172.509 61.0 承 0
172.522 173.259 63.0 担 1
173.663 173.9 54.0 是 0
173.913 174.15 54.0 我 0
174.163 174.4 59.0 投 0
174.413 174.65 59.0 入 0
174.663 174.9 59.0 到 0
174.913 175.15 59.0 一 0
175.163 175.65 61.0 半 0
175.663 175.9 59.0 感 0
175.913 176.65 61.0 到 0
176.663 176.9 61.0 不 0
176.913 177.65 63.0 安 1
177.67 177.907 54.0 好 0
177.92 178.657 56.0 过 0
178.67 178.907 59.0 未 0
178.92 179.353 59.0 来 0
179.42 179.907 63.0 一 0
179.92 180.416 62.0 点 0
180.42 180.532 61.0 - 0
180.67 180.907 61.0 一 0
180.92 181.407 61.0 点 0
181.42 181.907 61.0 纠 0
181.92 183.907 60.0 缠 0
183.92 184.782 56.0 - 1
184.905 185.142 56.0 我 0
185.155 185.517 68.0 帮 0
185.655 185.892 61.0 你 0
185.905 186.392 63.0 摘 0
186.405 186.642 61.0 下 0
186.655 186.892 63.0 的 0
186.905 187.142 61.0 那 0
187.155 187.642 63.0 颗 0
187.655 187.892 61.0 廉 0
187.905 188.392 63.0 价 0
188.405 188.642 61.0 指 0
188.655 189.517 63.0 环 1
189.885 190.122 63.0 像 0
190.135 190.372 64.0 赠 0
190.385 190.622 63.0 品 0
190.635 190.872 66.0 附 0
190.885 191.122 63.0 送 0
191.135 191.622 66.0 完 0
191.635 191.872 63.0 人 0
191.885 192.372 70.0 群 0
192.385 192.622 68.0 - 0
192.635 192.872 63.0 涣 0
192.885 193.372 66.0 散 1
193.382 193.619 61.0 心 0
193.632 193.994 63.0 - 0
194.132 194.619 56.0 很 0
194.632 197.119 61.0 酸 1
197.142 197.629 61.0 烟 0
197.642 198.071 61.0 - 0
198.079 198.575 54.0 很 0
198.579 199.696 61.0 淡 0
199.892 200.879 59.0 - 1
201.09 201.327 59.0 难 0
201.34 201.577 61.0 过 0
201.59 202.077 63.0 若 0
202.09 202.577 56.0 写 0
202.59 202.827 59.0 不 0
202.84 203.577 59.0 完 1
203.742 203.979 59.0 用 0
203.992 204.729 58.0 情 0
204.742 205.229 59.0 歌 0
205.242 205.729 61.0 刁 0
205.742 205.979 59.0 - 0
205.992 207.925 56.0 难 0
207.929 208.417 63.0 - 1
208.769 209.006 54.0 我 0
209.019 209.506 68.0 非 0
209.519 209.756 61.0 要 0
209.769 210.256 63.0 锈 0
210.269 210.506 61.0 了 0
210.519 210.756 63.0 的 0
210.769 211.006 61.0 皇 0
211.019 211.506 63.0 冠 0
211.519 211.756 61.0 还 0
211.769 212.256 63.0 不 0
212.269 212.506 61.0 肯 0
212.519 213.256 63.0 摘 1
213.927 214.164 54.0 在 0
214.177 214.414 59.0 悲 0
214.427 214.664 59.0 伤 0
214.677 214.914 61.0 明 0
214.927 215.164 59.0 显 0
215.177 215.664 61.0 前 0
215.677 215.914 59.0 举 0
215.927 216.664 61.0 杯 0
216.677 216.914 61.0 离 0
216.927 217.664 63.0 散 1
217.675 217.912 54.0 为 0
217.925 218.162 54.0 何 0
218.175 218.662 56.0 - 0
218.675 218.912 58.0 亏 0
218.925 219.412 59.0 欠 0
219.425 219.912 61.0 的 0
219.925 220.162 61.0 人 0
220.175 220.412 63.0 - 0
220.425 220.662 61.0 - 0
220.675 220.912 61.0 特 0
220.925 221.412 61.0 别 0
221.425 221.912 61.0 勇 0
221.925 223.912 60.0 敢 0
223.925 224.787 56.0 - 1
224.848 225.085 56.0 我 0
225.098 225.46 68.0 撑 0
225.598 225.835 61.0 到 0
225.848 226.335 63.0 你 0
226.348 226.585 61.0 的 0
226.598 226.835 63.0 恨 0
226.848 227.085 61.0 开 0
227.098 227.585 63.0 始 0
227.598 227.835 61.0 无 0
227.848 228.335 63.0 限 0
228.348 228.585 61.0 扩 0
228.598 229.46 63.0 散 1
229.874 230.111 63.0 该 0
230.124 230.361 64.0 流 0
230.374 230.611 63.0 的 0
230.624 230.861 66.0 泪 0
230.874 231.111 63.0 才 0
231.124 231.611 66.0 刚 0
231.624 231.861 63.0 刚 0
231.874 232.361 70.0 流 0
232.374 232.611 68.0 - 0
232.624 232.861 63.0 一 0
232.874 233.361 66.0 半 1
233.373 233.61 61.0 别 0
233.623 233.985 63.0 - 0
234.123 234.61 56.0 有 0
234.623 237.11 61.0 关 1
237.179 237.666 63.0 就 0
237.679 238.108 61.0 - 0
238.179 238.608 54.0 两 0
238.616 239.854 61.0 断 0
239.929 240.916 59.0 - 1
241.037 241.274 59.0 故 0
241.287 241.524 61.0 事 0
241.537 242.024 63.0 已 0
242.037 242.524 56.0 经 0
242.537 242.774 56.0 说 0
242.787 243.524 59.0 完 1
244.186 244.423 56.0 懒 0
244.436 244.923 58.0 - 0
244.936 245.423 59.0 得 0
245.436 245.557 59.0 圆 0
245.561 246.423 61.0 满 0
246.436 248.173 56.0 - 1
248.586 249.265 56.0 啦 0
249.336 249.577 51.0 儿 0
249.586 252.073 54.0 啦 0
252.586 253.323 58.0 啦 0
253.336 253.573 51.0 儿 0
253.586 256.073 56.0 啦 1
256.664 257.28 56.0 啦 0
257.414 257.651 51.0 儿 0
257.664 260.026 54.0 啦 0
260.664 261.276 58.0 啦 0
261.414 261.651 51.0 儿 0
261.664 264.151 56.0 啦 1
264.589 265.268 56.0 啦 0
265.339 265.576 51.0 儿 0
265.589 268.326 54.0 啦 0
268.589 269.205 58.0 啦 0
269.276 269.514 51.0 儿 0
269.526 272.014 56.0 啦 1
272.598 273.335 56.0 啦 0
273.348 273.585 51.0 儿 0
273.598 276.21 54.0 啦 1
