9.626 10.21 69.0 黑 0
10.21 10.502 69.0 - 0
10.502 10.794 69.0 黑 0
10.794 11.377 70.0 的 0
11.377 11.961 72.0 天 0
11.961 12.837 69.0 空 0
12.837 13.129 67.0 低 0
13.129 13.713 67.0 - 0
14.209 14.79 65.0 垂 0
14.79 15.081 65.0 亮 0
15.081 15.371 65.0 亮 0
15.371 15.952 67.0 的 0
15.952 16.534 69.0 繁 0
16.534 17.696 69.0 星 0
17.696 18.277 64.0 相 0
19.004 19.586 62.0 随 0
19.586 20.169 69.0 虫 0
20.169 20.751 67.0 儿 0
21.333 21.915 62.0 飞 0
21.915 22.497 69.0 虫 0
22.497 23.08 67.0 儿 0
23.513 24.095 62.0 飞 0
24.095 24.677 69.0 你 0
24.677 25.55 67.0 在 0
25.55 25.881 65.0 思 0
25.886 27.879 65.0 念 0
30.534 31.118 69.0 谁 0
31.118 31.409 69.0 天 0
31.409 31.701 69.0 上 0
31.701 32.285 70.0 的 0
32.285 32.869 72.0 星 0
32.869 33.746 69.0 星 0
33.746 34.036 67.0 流 0
34.036 34.62 67.0 - 0
35.172 35.754 65.0 泪 0
35.754 36.045 65.0 地 0
36.045 36.336 65.0 上 0
36.336 36.918 67.0 的 0
36.918 37.5 69.0 玫 0
37.5 38.374 69.0 瑰 0
38.374 38.694 64.0 枯 0
38.7 39.247 64.0 - 0
39.974 40.558 62.0 萎 0
40.558 41.14 69.0 冷 0
41.14 41.723 67.0 风 0
42.305 42.887 62.0 吹 0
42.887 43.469 69.0 冷 0
43.469 44.051 67.0 风 0
44.656 45.238 62.0 吹 0
45.238 45.82 69.0 只 0
45.82 46.693 67.0 要 0
46.693 46.984 65.0 有 0
46.984 49.022 65.0 你 0
50.383 50.966 69.0 陪 0
50.966 51.548 67.0 虫 0
51.548 53.296 72.0 儿 0
53.296 53.587 70.0 飞 0
53.587 54.17 69.0 花 0
54.17 55.044 67.0 儿 0
55.72 56.012 72.0 睡 0
56.012 56.303 70.0 一 0
56.303 56.886 69.0 双 0
56.886 57.177 70.0 又 0
57.177 57.759 72.0 一 0
58.051 58.633 69.0 对 0
58.633 59.799 67.0 才 0
60.632 60.923 65.0 美 0
60.923 61.506 62.0 不 0
61.506 62.088 69.0 怕 0
62.088 62.671 67.0 天 0
62.962 63.254 65.0 黑 0
63.254 63.836 60.0 只 0
63.836 64.419 67.0 怕 0
64.419 65.001 65.0 心 0
65.476 65.767 70.0 碎 0
65.767 66.058 69.0 不 0
66.058 66.349 70.0 管 0
66.349 66.64 69.0 累 0
66.64 67.223 65.0 不 0
67.806 68.1 70.0 累 0
68.1 68.394 69.0 也 0
68.394 68.688 70.0 不 0
68.688 68.982 69.0 管 0
68.982 69.277 65.0 东 0
69.865 70.458 67.0 南 0
70.458 70.742 65.0 西 0
70.742 72.493 65.0 北 0
74.924 75.507 69.0 黑 0
75.507 75.799 69.0 黑 0
75.799 76.09 69.0 的 0
76.09 76.673 70.0 天 0
76.673 77.255 72.0 空 0
77.255 78.119 69.0 低 0
78.119 78.421 67.0 - 0
78.421 79.004 67.0 垂 0
79.577 80.16 65.0 亮 0
80.16 80.452 65.0 亮 0
80.452 80.743 65.0 的 0
80.743 81.326 67.0 繁 0
81.326 81.908 69.0 星 0
81.908 83.074 69.0 相 0
83.074 83.657 64.0 随 0
84.139 84.722 62.0 虫 0
84.722 85.305 69.0 - 0
85.305 85.888 67.0 儿 0
86.47 87.052 62.0 飞 0
87.052 87.634 69.0 虫 0
87.634 88.216 67.0 儿 0
88.826 89.408 62.0 飞 0
89.408 89.99 69.0 你 0
89.99 90.862 67.0 在 0
90.862 91.153 65.0 思 0
91.153 93.19 65.0 念 0
95.759 96.342 69.0 谁 0
96.342 96.633 69.0 天 0
96.633 96.924 69.0 上 0
96.924 97.507 70.0 的 0
97.507 98.09 72.0 星 0
98.09 99.255 69.0 星 0
99.255 99.837 67.0 流 0
100.44 101.023 65.0 泪 0
101.023 101.314 65.0 地 0
101.314 101.605 65.0 上 0
101.605 102.188 67.0 的 0
102.188 102.771 69.0 玫 0
102.771 103.645 69.0 瑰 0
103.645 103.936 64.0 枯 0
103.936 104.519 64.0 萎 0
105.181 105.764 62.0 冷 0
105.764 106.346 69.0 风 0
106.346 106.929 67.0 吹 0
107.512 108.094 62.0 冷 0
108.094 108.677 69.0 风 0
108.677 109.26 67.0 吹 0
109.81 110.393 62.0 只 0
110.393 110.976 69.0 要 0
110.976 111.85 67.0 有 0
111.85 112.141 65.0 你 0
112.141 114.18 65.0 陪 0
115.594 116.176 69.0 虫 0
116.176 116.759 67.0 - 0
116.759 118.507 72.0 儿 0
118.507 118.798 70.0 飞 0
118.798 119.381 69.0 花 0
119.381 120.255 67.0 儿 0
120.812 121.104 72.0 睡 0
121.104 121.395 70.0 一 0
121.395 121.978 69.0 双 0
121.978 122.269 70.0 又 0
122.269 122.852 72.0 一 0
123.143 123.57 69.0 对 0
123.57 123.726 67.0 才 0
123.726 124.889 67.0 - 0
125.932 126.223 65.0 美 0
126.223 126.805 62.0 不 0
126.805 127.386 69.0 怕 0
127.386 127.968 67.0 天 0
128.259 128.55 65.0 黑 0
128.55 129.132 60.0 只 0
129.132 129.713 67.0 怕 0
129.713 130.295 65.0 心 0
130.735 131.026 70.0 碎 0
131.026 131.317 69.0 不 0
131.317 131.608 70.0 管 0
131.608 131.899 69.0 累 0
131.899 132.48 65.0 不 0
133.195 133.488 70.0 累 0
133.488 133.78 69.0 也 0
133.78 134.073 70.0 不 0
134.073 134.365 69.0 管 0
134.365 134.658 65.0 东 0
135.243 136.12 67.0 南 0
136.12 137.875 65.0 西 0
