8.104 9.022 60.0 前 0
9.022 9.709 56.0 提 1
10.005 10.465 48.0 是 0
10.465 10.696 46.0 你 0
10.696 11.158 48.0 要 0
11.158 11.85 56.0 先 0
11.85 12.081 56.0 感 0
12.081 12.313 55.0 受 0
12.313 12.545 56.0 到 0
12.545 12.777 55.0 一 0
12.777 13.24 56.0 丝 0
13.24 13.704 58.0 恶 0
13.704 14.396 48.0 意 0
15.489 15.604 58.0 - 1
15.619 16.427 60.0 具 0
16.427 17.12 56.0 体 1
17.206 17.436 48.0 请 0
17.436 17.898 48.0 闯 0
17.898 18.129 46.0 入 0
18.129 18.591 48.0 我 0
18.591 19.053 56.0 森 0
19.053 19.976 55.0 林 1
22.995 23.918 60.0 建 0
23.918 24.611 56.0 议 1
24.789 25.251 48.0 是 0
25.251 25.482 46.0 你 0
25.482 25.943 48.0 别 0
25.943 26.635 56.0 再 0
26.635 26.866 56.0 玩 0
26.866 27.097 55.0 弄 0
27.097 27.328 56.0 那 0
27.328 27.559 55.0 些 0
27.559 28.02 56.0 小 0
28.02 28.251 56.0 把 0
28.251 28.712 58.0 - 0
28.712 29.405 48.0 戏 1
29.902 30.133 46.0 我 0
30.133 30.364 48.0 的 0
30.364 31.056 49.0 领 0
31.056 32.671 56.0 地 1
33.153 33.499 56.0 需 0
33.499 33.845 58.0 - 0
33.845 34.307 56.0 要 0
34.307 35.461 55.0 你 1
37.418 37.648 51.0 都 0
37.648 37.879 53.0 铜 0
37.879 38.11 51.0 墙 0
38.11 38.341 53.0 铁 0
38.341 39.725 61.0 壁 1
40.171 40.402 61.0 那 0
40.402 40.632 61.0 谁 0
40.632 40.863 63.0 来 0
40.863 41.094 61.0 负 0
41.094 41.325 60.0 责 0
41.325 41.555 60.0 表 0
41.555 42.017 53.0 心 0
42.017 42.479 53.0 意 0
42.479 43.402 55.0 - 1
44.751 44.982 55.0 当 0
44.982 45.444 55.0 猎 0
45.444 45.674 58.0  0
45.674 46.136 55.0 响 0
46.136 47.059 51.0 起 1
47.921 48.152 51.0 看 0
48.152 48.383 53.0 看 0
48.383 48.614 55.0 谁 0
48.614 48.844 56.0 在 0
48.844 49.075 53.0 回 0
49.075 49.537 55.0 - 0
49.537 50.69 53.0 避 1
51.952 52.414 60.0 我 0
52.414 52.875 65.0 内 0
52.875 53.337 67.0 心 0
53.337 53.798 63.0 表 0
53.798 54.26 65.0 现 0
54.26 54.491 60.0 很 0
54.491 54.952 61.0 积 0
54.952 55.644 58.0 极 1
56.146 56.377 56.0 一 0
56.377 56.607 55.0 路 0
56.607 56.838 56.0 都 0
56.838 57.069 55.0 能 0
57.069 57.531 56.0 尾 0
57.531 57.992 61.0 随 0
57.992 59.146 60.0 你 1
59.364 59.825 60.0 我 0
59.825 60.287 67.0 尽 0
60.287 60.748 68.0 量 0
60.748 61.21 63.0 保 0
61.21 61.671 65.0 持 0
61.671 61.902 60.0 好 0
61.902 62.364 63.0 距 0
62.364 63.056 58.0 离 1
63.554 63.785 56.0 衷 0
63.785 64.016 55.0 心 0
64.016 64.247 56.0 让 0
64.247 64.478 55.0 人 0
64.478 64.939 56.0 看 0
64.939 65.17 58.0 不 0
65.17 65.631 60.0 - 0
65.631 66.324 55.0 起 1
66.679 66.91 53.0 世 0
66.91 67.141 51.0 人 0
67.141 67.372 53.0 太 0
67.372 67.833 61.0 警 0
67.833 68.295 60.0 惕 1
68.674 68.905 53.0 道 0
68.905 69.136 51.0 听 0
69.136 69.367 53.0 途 0
69.367 69.828 61.0 说 0
69.828 70.29 60.0 里 1
70.537 70.767 53.0 口 0
70.767 70.998 51.0 碑 0
70.998 71.46 53.0 轮 0
71.46 71.69 55.0 不 0
71.69 72.152 56.0 到 0
72.152 72.383 61.0 狐 0
72.383 72.613 63.0 - 0
72.613 72.844 60.0 - 0
72.844 73.767 60.0 狸 1
74.174 74.635 60.0 可 0
74.635 75.097 65.0 总 0
75.097 75.558 67.0 是 0
75.558 76.02 63.0 有 0
76.02 76.482 65.0 人 0
76.482 76.943 60.0 来 0
76.943 77.174 61.0 不 0
77.174 77.635 58.0 及 0
77.635 78.097 60.0 证 0
78.097 79.02 56.0 明 1
80.663 80.894 53.0 就 0
80.894 81.125 51.0 已 0
81.125 81.817 53.0 被 0
81.817 82.51 61.0 看 0
82.51 83.894 60.0 腻 1
89.302 90.223 60.0 怀 0
90.223 90.914 56.0 里 1
91.14 91.6 48.0 温 0
91.6 91.83 46.0 度 0
91.83 92.291 48.0 太 0
92.291 92.982 56.0 低 0
92.982 93.212 56.0 感 0
93.212 93.443 55.0 受 0
93.443 93.673 56.0 不 0
93.673 93.904 55.0 到 0
93.904 94.366 56.0 我 0
94.366 94.827 58.0 善 0
94.827 95.52 48.0 意 1
96.743 97.667 60.0 具 0
97.667 98.128 56.0 体 1
98.377 98.608 48.0 我 0
98.608 99.069 48.0 心 0
99.069 99.3 46.0 脏 0
99.3 99.761 48.0 在 0
99.761 100.223 56.0 哪 0
100.223 101.146 55.0 里 1
104.227 105.15 60.0 怀 0
105.15 105.842 56.0 疑 1
106.08 106.542 48.0 哪 0
106.542 106.773 46.0 种 0
106.773 107.234 48.0 经 0
107.234 107.926 56.0 历 0
107.926 108.157 56.0 配 0
108.157 108.388 55.0 得 0
108.388 108.619 56.0 上 0
108.619 108.849 55.0 这 0
108.849 109.311 56.0 种 0
109.311 109.773 58.0 陷 0
109.773 110.465 48.0 阱 1
111.15 111.381 46.0 用 0
111.381 111.612 48.0 我 0
111.612 112.304 49.0 领 0
112.304 113.919 56.0 地 1
114.267 114.728 56.0 讨 0
114.728 114.959 58.0 - 0
114.959 115.421 56.0 好 0
115.421 116.575 55.0 你 1
118.664 118.895 51.0 像 0
118.895 119.126 53.0 觅 0
119.126 119.357 51.0 食 0
119.357 119.588 53.0 群 0
119.588 120.972 61.0 体 1
121.717 121.948 61.0 展 0
121.948 122.179 63.0 现 0
122.179 122.41 61.0 的 0
122.41 122.641 60.0 褒 0
122.641 123.102 60.0 贬 0
123.102 123.333 53.0 不 0
123.333 124.256 55.0 一 1
126.037 126.268 55.0 当 0
126.268 126.733 55.0 空 0
126.733 126.966 58.0  0
126.966 127.432 55.0 响 0
127.432 128.365 51.0 起 1
129.144 129.377 51.0 狐 0
129.377 129.61 53.0 狸 0
129.61 129.844 55.0 还 0
129.844 130.077 56.0 在 0
130.077 130.76 55.0 原 0
130.76 132.347 53.0 地 1
135.137 135.598 60.0 我 0
135.598 136.059 65.0 还 0
136.059 136.52 67.0 要 0
136.52 136.981 63.0 怎 0
136.981 137.442 65.0 样 0
137.442 137.673 60.0 取 0
137.673 138.134 61.0 悦 0
138.134 138.825 58.0 你 1
139.189 139.42 56.0 举 0
139.42 139.651 55.0 止 0
139.651 139.881 56.0 要 0
139.881 140.112 55.0 纯 0
140.112 140.574 56.0 洁 0
140.574 141.035 60.0 无 0
141.035 142.189 60.0 比 1
142.47 142.931 60.0 我 0
142.931 143.393 67.0 尽 0
143.393 143.855 68.0 量 0
143.855 144.316 63.0 学 0
144.316 144.778 65.0 会 0
144.778 145.009 60.0 很 0
145.009 145.471 63.0 压 0
145.471 146.165 58.0 抑 1
146.55 146.781 56.0 代 0
146.781 147.012 55.0 价 0
147.012 147.242 56.0 是 0
147.242 147.473 55.0 不 0
147.473 147.935 56.0 揭 0
147.935 148.165 58.0 穿 0
148.165 148.627 60.0 - 0
148.627 149.319 55.0 你 1
149.77 150.001 53.0 世 0
150.001 150.231 51.0 人 0
150.231 150.462 53.0 太 0
150.462 150.924 61.0 警 0
150.924 151.385 60.0 惕 1
151.636 151.867 56.0 道 0
151.867 152.097 55.0 听 0
152.097 152.328 56.0 途 0
152.328 152.79 63.0 说 0
152.79 153.251 60.0 里 1
153.536 153.767 53.0 口 0
153.767 153.998 51.0 碑 0
153.998 154.459 53.0 轮 0
154.459 154.69 55.0 不 0
154.69 155.151 56.0 到 0
155.151 155.382 61.0 狐 0
155.382 155.613 63.0 - 0
155.613 155.844 60.0 - 0
155.844 156.536 60.0 狸 0
156.536 157.228 58.0 - 1
157.662 158.123 65.0 总 0
158.123 158.585 67.0 是 0
158.585 159.047 63.0 有 0
159.047 159.508 65.0 人 0
159.508 159.97 60.0 来 0
159.97 160.2 61.0 不 0
160.2 160.662 58.0 及 0
161.123 161.354 60.0 证 0
161.354 161.816 56.0 - 0
161.816 162.739 56.0 明 1
163.597 163.828 53.0 就 0
163.828 164.058 51.0 已 0
164.058 164.751 53.0 被 0
164.751 165.444 61.0 看 0
165.444 166.834 60.0 腻 0
166.834 168.687 61.0 - 0
168.687 170.072 55.0 - 1
171.48 171.941 58.0 看 0
171.941 172.634 60.0 - 0
172.634 176.095 53.0 腻 1
179.363 179.82 60.0 要 0
179.82 180.28 65.0 确 0
180.28 180.742 67.0 保 0
180.742 181.204 63.0 五 0
181.204 181.666 65.0 官 0
181.666 182.128 60.0 很 0
182.128 182.359 61.0 立 0
182.359 183.053 58.0 体 1
183.54 183.771 56.0 看 0
183.771 184.002 55.0 不 0
184.002 184.233 56.0 出 0
184.233 184.464 55.0 我 0
184.464 184.926 56.0 是 0
184.926 185.389 61.0 狐 0
185.389 186.544 60.0 狸 1
186.786 187.248 60.0 再 0
187.248 187.71 67.0 尽 0
187.71 188.173 68.0 量 0
188.173 188.635 63.0 展 0
188.635 189.097 65.0 现 0
189.097 189.328 60.0 出 0
189.328 189.79 63.0 才 0
189.79 190.484 58.0 艺 1
190.983 191.214 56.0 尾 0
191.214 191.444 55.0 巴 0
191.444 191.675 56.0 也 0
191.675 191.906 55.0 不 0
191.906 192.368 56.0 能 0
192.368 193.06 60.0 翘 0
193.06 193.752 55.0 起 1
194.132 194.362 53.0 心 0
194.362 194.593 51.0 跳 0
194.593 194.824 53.0 不 0
194.824 195.286 61.0 整 0
195.286 195.747 60.0 齐 1
195.937 196.168 56.0 内 0
196.168 196.398 55.0 脏 0
196.398 196.629 56.0 有 0
196.629 197.091 61.0 偏 0
197.091 197.552 60.0 离 1
197.886 198.117 53.0 这 0
198.117 198.348 51.0 和 0
198.348 198.809 53.0 爱 0
198.809 199.04 55.0 有 0
199.04 199.501 56.0 何 0
199.501 199.732 61.0 关 0
199.732 200.194 63.0 - 0
200.194 200.886 60.0 系 0
200.886 201.578 58.0 - 1
201.673 201.904 60.0 大 0
201.904 202.365 65.0 不 0
202.365 202.827 67.0 了 0
202.827 203.288 63.0 当 0
203.288 203.75 65.0 你 0
203.75 204.212 60.0 离 0
204.212 204.442 61.0 开 0
204.442 204.904 58.0 我 0
205.596 206.058 58.0 森 0
206.058 207.212 56.0 林 1
208.093 208.326 53.0 把 0
208.326 208.558 51.0 皮 0
208.558 209.488 53.0 毛 0
209.488 209.721 60.0 送 0
209.721 210.186 61.0 - 0
210.186 211.811 60.0 你 1
218.658 219.581 60.0 到 0
219.581 220.273 56.0 底 1
220.413 220.874 48.0 哪 0
220.874 221.105 46.0 种 0
221.105 221.567 48.0 经 0
221.567 222.259 56.0 历 0
222.259 222.546 56.0 配 0
222.546 222.832 55.0 得 0
222.832 223.117 56.0 上 0
223.117 223.403 55.0 这 0
223.403 223.974 56.0 种 0
223.974 224.773 58.0 陷 0
225.173 226.836 60.0 阱 1
