26.181 26.931 56.0 泪 0
26.931 27.431 54.0 水 0
27.681 27.931 59.0 将 0
27.931 28.181 57.0 我 0
28.181 28.931 56.0 淹 0
28.931 29.431 54.0 没 1
29.776 30.026 59.0 到 0
30.026 30.276 57.0 底 0
30.276 31.026 56.0 谁 0
31.026 31.526 57.0 该 0
31.526 32.026 59.0 难 0
32.026 33.276 61.0 过 1
34.121 34.871 56.0 究 0
34.871 35.371 57.0 竟 0
35.621 35.871 61.0 是 0
35.871 36.121 59.0 谁 0
36.121 36.871 56.0 放 0
36.871 37.371 57.0 掉 0
37.621 37.871 61.0 这 0
37.871 38.121 59.0 段 0
38.121 38.871 56.0 感 0
38.871 40.121 57.0 情 1
41.207 41.457 57.0 我 0
41.457 41.707 59.0 才 0
41.707 41.957 61.0 终 0
41.957 42.207 62.0 于 0
42.207 42.707 61.0 明 0
42.707 42.957 59.0 - 0
42.957 43.457 59.0 白 0
43.707 43.957 64.0 办 0
43.957 44.207 62.0 不 0
44.207 44.707 61.0 到 0
44.707 44.957 59.0 的 0
44.957 45.457 61.0 承 0
45.457 45.957 62.0 诺 1
46.293 46.793 64.0 就 0
46.793 47.293 61.0 成 0
47.293 47.793 64.0 了 0
47.793 48.043 66.0 枷 0
48.043 49.293 57.0 锁 1
50.02 50.27 57.0 现 0
50.27 51.02 56.0 实 0
51.02 51.52 57.0 中 0
51.77 52.02 59.0 幸 0
52.02 52.52 61.0 福 0
52.52 52.77 59.0 - 0
52.77 53.02 59.0 永 0
53.02 53.77 57.0 远 0
53.77 54.02 56.0 缺 0
54.02 56.02 57.0 货 1
56.72 56.97 61.0 请 0
56.97 57.47 62.0 告 0
57.47 57.72 61.0 - 0
57.72 57.97 61.0 诉 0
57.97 58.47 64.0 她 0
58.72 58.97 61.0 我 0
58.97 59.47 62.0 不 0
59.47 59.72 61.0 - 0
59.72 59.97 61.0 爱 0
59.97 60.47 64.0 她 1
60.636 60.886 57.0 笑 0
60.886 61.386 59.0 着 0
61.386 61.636 57.0 - 0
61.636 61.886 57.0 难 0
61.886 62.636 61.0 过 0
62.636 62.886 57.0 自 0
62.886 63.386 59.0 我 0
63.386 63.636 57.0 - 0
63.636 63.886 57.0 惩 0
63.886 64.323 61.0 罚 1
64.994 65.244 57.0 想 0
65.244 65.744 59.0 终 0
65.744 66.244 57.0 止 0
66.244 66.744 54.0 这 0
66.744 66.994 66.0 一 0
66.994 67.494 66.0 切 0
67.494 67.744 64.0 - 0
67.744 67.994 64.0 挣 0
67.994 68.494 64.0 扎 1
68.604 68.854 57.0 横 0
68.854 69.354 59.0 了 0
69.354 69.854 61.0 心 0
70.104 70.604 62.0 说 0
70.604 70.854 54.0 真 0
70.854 71.354 61.0 心 0
71.354 71.604 57.0 - 0
71.604 71.854 57.0 谎 0
71.854 72.354 59.0 话 1
72.673 72.923 61.0 别 0
72.923 73.423 62.0 告 0
73.423 73.673 61.0 - 0
73.673 73.923 61.0 诉 0
73.923 74.423 64.0 她 0
74.673 74.923 61.0 我 0
74.923 75.423 62.0 还 0
75.423 75.673 61.0 - 0
75.673 75.923 61.0 想 0
75.923 76.173 66.0 她 0
76.173 76.673 64.0 - 1
76.997 77.247 61.0 恨 0
77.247 77.747 62.0 总 0
77.747 78.247 61.0 比 0
78.247 78.747 69.0 爱 0
78.747 78.997 69.0 容 0
78.997 79.497 68.0 易 0
79.497 79.997 66.0 放 0
79.997 80.747 61.0 下 1
81.035 81.285 57.0 当 0
81.285 81.785 59.0 泪 0
81.785 82.285 57.0 水 0
82.285 82.785 54.0 堵 0
82.785 83.035 66.0 住 0
83.035 83.535 66.0 了 0
83.535 83.785 64.0 - 0
83.785 84.035 64.0 胸 0
84.035 84.535 64.0 口 1
84.713 84.963 57.0 就 0
84.963 85.463 59.0 让 0
85.463 85.963 61.0 沉 0
85.963 87.213 62.0 默 0
87.963 88.213 57.0 代 0
88.213 88.713 57.0 替 0
88.713 88.963 54.0 所 0
88.963 89.713 61.0 有 0
89.963 90.213 56.0 回 0
90.213 92.213 57.0 答 1
105.168 105.418 57.0 我 0
105.418 105.668 59.0 才 0
105.668 105.918 61.0 终 0
105.918 106.168 62.0 于 0
106.168 106.668 61.0 明 0
106.668 106.918 59.0 - 0
106.918 107.418 59.0 白 0
107.668 107.918 64.0 办 0
107.918 108.168 62.0 不 0
108.168 108.668 61.0 到 0
108.668 108.918 59.0 的 0
108.918 109.418 61.0 承 0
109.418 109.918 62.0 诺 1
110.223 110.723 64.0 就 0
110.723 111.223 61.0 成 0
111.223 111.723 64.0 了 0
111.723 111.973 66.0 枷 0
111.973 113.223 57.0 锁 1
113.946 114.196 57.0 现 0
114.196 114.946 56.0 实 0
114.946 115.446 57.0 中 0
115.696 115.946 59.0 幸 0
115.946 116.696 61.0 福 0
116.696 116.946 64.0 永 0
116.946 117.446 66.0 远 0
117.446 117.696 64.0 - 0
117.696 118.008 64.0 缺 0
118.008 120.196 57.0 货 1
120.763 121.013 61.0 请 0
121.013 121.513 62.0 告 0
121.513 121.763 61.0 - 0
121.763 122.013 61.0 诉 0
122.013 122.513 64.0 她 0
122.763 123.013 61.0 我 0
123.013 123.45 62.0 不 0
123.45 123.763 61.0 - 0
123.763 124.013 61.0 爱 0
124.013 124.513 64.0 她 1
124.764 125.014 57.0 笑 0
125.014 125.514 59.0 着 0
125.514 125.764 57.0 - 0
125.764 126.014 57.0 难 0
126.014 126.764 61.0 过 0
126.764 127.014 57.0 自 0
127.014 127.514 59.0 我 0
127.514 127.764 57.0 - 0
127.764 128.014 57.0 惩 0
128.014 128.264 62.0 罚 0
128.264 128.764 61.0 - 1
128.867 129.117 57.0 想 0
129.117 129.617 59.0 终 0
129.617 130.117 57.0 止 0
130.117 130.617 54.0 这 0
130.617 130.867 66.0 一 0
130.867 131.367 66.0 切 0
131.367 131.617 64.0 - 0
131.617 131.867 64.0 挣 0
131.867 132.367 64.0 扎 1
132.616 132.866 57.0 横 0
132.866 133.366 59.0 了 0
133.366 133.866 61.0 心 0
134.116 134.616 62.0 说 0
134.616 134.866 54.0 真 0
134.866 135.366 61.0 心 0
135.366 135.616 57.0 - 0
135.616 135.866 57.0 谎 0
135.866 136.366 59.0 话 1
136.622 136.872 61.0 别 0
136.872 137.372 62.0 告 0
137.372 137.622 61.0 - 0
137.622 137.872 61.0 诉 0
137.872 138.372 64.0 她 0
138.622 138.872 61.0 我 0
138.872 139.622 62.0 还 0
139.622 139.872 61.0 想 0
139.872 140.122 66.0 她 0
140.122 140.622 64.0 - 1
140.984 141.234 61.0 恨 0
141.234 141.734 62.0 总 0
141.734 142.234 61.0 比 0
142.234 142.734 69.0 爱 0
142.734 142.984 69.0 容 0
142.984 143.484 68.0 易 0
143.484 143.984 66.0 放 0
143.984 144.734 61.0 下 1
144.877 145.127 57.0 当 0
145.127 145.627 59.0 泪 0
145.627 146.127 57.0 水 0
146.127 146.627 54.0 堵 0
146.627 146.877 66.0 住 0
146.877 147.377 66.0 了 0
147.377 147.627 64.0 - 0
147.627 147.877 64.0 胸 0
147.877 148.377 64.0 口 1
148.624 148.874 57.0 就 0
148.874 149.374 59.0 让 0
149.374 149.874 61.0 沉 0
149.874 151.124 62.0 默 0
151.874 152.124 57.0 代 0
152.124 152.624 57.0 替 0
152.624 152.874 59.0 所 0
152.874 153.624 61.0 有 0
153.624 153.874 56.0 回 0
153.874 154.374 59.0 答 0
154.374 155.124 57.0 - 1
155.358 155.608 61.0 我 0
155.608 155.858 66.0 不 0
155.858 156.358 64.0 爱 0
156.358 156.608 61.0 我 0
156.608 156.858 66.0 不 0
156.858 157.358 64.0 痛 0
157.358 157.608 61.0 我 0
157.608 157.858 66.0 不 0
157.858 159.108 64.0 懂 1
159.694 159.944 62.0 我 0
159.944 160.194 61.0 的 0
160.194 160.694 62.0 心 0
160.694 160.944 62.0 早 0
160.944 161.444 61.0 已 0
161.444 161.944 57.0 掏 0
161.944 162.319 61.0 空 0
162.319 163.194 57.0 - 1
163.613 163.863 66.0 真 0
163.863 164.113 68.0 心 0
164.113 164.613 69.0 话 0
164.613 164.863 68.0 言 0
164.863 165.363 66.0 不 0
165.363 165.863 64.0 由 0
165.863 168.113 66.0 衷 1
169.724 169.974 61.0 请 0
169.974 170.474 62.0 告 0
170.474 170.724 61.0 - 0
170.724 170.974 61.0 诉 0
170.974 171.474 64.0 她 0
171.724 171.974 61.0 我 0
171.974 172.474 62.0 不 0
172.474 172.724 61.0 - 0
172.724 172.974 61.0 爱 0
172.974 173.474 64.0 她 1
173.668 173.918 57.0 笑 0
173.918 174.418 59.0 着 0
174.418 174.668 57.0 - 0
174.668 174.918 57.0 难 0
174.918 175.668 61.0 过 0
175.668 175.918 57.0 自 0
175.918 176.418 59.0 我 0
176.418 176.668 57.0 - 0
176.668 176.918 57.0 惩 0
176.918 177.168 62.0 罚 0
177.168 177.668 61.0 - 1
177.882 178.132 57.0 想 0
178.132 178.632 59.0 终 0
178.632 179.132 57.0 止 0
179.132 179.632 54.0 这 0
179.632 179.882 66.0 一 0
179.882 180.632 66.0 切 0
180.632 180.882 64.0 挣 0
180.882 181.382 64.0 扎 1
181.76 182.01 57.0 横 0
182.01 182.51 59.0 了 0
182.51 183.01 61.0 心 0
183.26 183.76 62.0 说 0
183.76 184.01 54.0 真 0
184.01 184.51 61.0 心 0
184.51 184.76 57.0 - 0
184.76 185.01 59.0 谎 0
185.01 185.51 59.0 话 1
185.598 185.848 61.0 别 0
185.848 186.598 62.0 告 0
186.598 186.848 61.0 诉 0
186.848 187.348 64.0 她 0
187.598 187.848 61.0 我 0
187.848 188.598 62.0 还 0
188.598 188.848 61.0 想 0
188.848 189.098 66.0 她 0
189.098 189.598 64.0 - 1
189.908 190.158 61.0 恨 0
190.158 190.658 62.0 总 0
190.658 191.158 61.0 比 0
191.158 191.658 69.0 爱 0
191.658 191.908 69.0 容 0
191.908 192.408 68.0 易 0
192.408 192.908 66.0 放 0
192.908 193.658 61.0 下 1
193.921 194.171 57.0 当 0
194.171 194.671 59.0 泪 0
194.671 195.171 57.0 水 0
195.171 195.671 54.0 堵 0
195.671 195.921 66.0 住 0
195.921 196.671 66.0 了 0
196.671 196.921 64.0 胸 0
196.921 197.421 64.0 口 1
197.746 197.996 57.0 就 0
197.996 198.496 59.0 让 0
198.496 198.996 61.0 沉 0
198.996 200.246 62.0 默 0
200.996 201.246 57.0 代 0
201.246 201.746 57.0 替 0
201.746 201.996 59.0 所 0
201.996 202.746 61.0 有 0
202.996 203.246 56.0 回 0
203.246 204.755 57.0 答 1
206.069 206.327 57.0 别 0
206.327 206.586 59.0 告 0
206.586 206.844 57.0 - 0
206.844 207.102 57.0 诉 0
207.102 207.613 54.0 她 0
207.866 208.119 66.0 我 0
208.119 208.624 66.0 还 0
208.624 208.877 64.0 - 0
208.877 209.129 64.0 想 0
209.129 209.917 64.0 她 1
210.148 210.415 57.0 就 0
210.415 210.95 59.0 让 0
210.95 211.485 61.0 沉 0
211.485 212.673 62.0 默 0
213.563 213.86 57.0 代 0
213.86 214.36 57.0 替 0
214.36 214.735 59.0 所 0
214.735 215.86 61.0 有 0
217.006 217.503 59.0 回 0
217.503 217.751 57.0 - 0
217.751 220.057 57.0 答 1
