13.837 14.289 62.0 站 0
14.289 14.71 62.0 - 0
14.71 14.913 61.0 在 0
14.913 15.521 62.0 狂 0
15.521 15.926 61.0 风 0
15.926 16.331 59.0 的 0
16.331 16.736 57.0 天 0
16.736 17.142 57.0 台 0
17.142 17.547 57.0 一 0
17.547 17.952 59.0 望 0
17.952 18.358 61.0 无 1
20.481 20.886 62.0 这 0
20.886 21.292 62.0 一 0
21.292 21.494 61.0 座 0
21.494 22.102 62.0 孤 0
22.102 22.508 61.0 独 0
22.508 22.913 57.0 的 0
22.913 23.318 57.0 城 0
23.318 24.939 61.0 市 1
26.535 27.75 66.0 在 0
27.75 28.156 61.0 - 0
28.156 28.561 61.0 天 0
28.561 28.966 57.0 空 0
28.966 29.372 57.0 与 0
29.372 29.777 52.0 高 0
29.777 30.182 64.0 楼 0
30.182 30.587 64.0 交 0
30.587 30.993 64.0 接 0
30.993 31.195 62.0 的 0
31.195 33.019 61.0 尽 1
33.049 33.455 59.0 谁 0
33.455 33.86 59.0 - 0
33.86 34.265 59.0 追 0
34.265 34.67 59.0 寻 0
34.67 35.076 59.0 空 0
35.076 35.481 57.0 旷 0
35.481 35.886 59.0 的 0
35.886 37.913 59.0 自 1
39.951 40.357 62.0 阳 0
40.357 40.762 62.0 - 0
40.762 40.965 61.0 光 0
40.965 41.572 62.0 覆 0
41.572 41.978 61.0 满 0
41.978 42.383 59.0 这 0
42.383 42.788 57.0 一 0
42.788 43.194 57.0 刻 0
43.194 43.599 57.0 宁 0
43.599 44.004 59.0 静 0
44.004 46.031 61.0 的 1
46.347 46.752 62.0 隔 0
46.752 47.158 62.0 - 0
47.158 47.36 61.0 绝 0
47.36 47.968 62.0 了 0
47.968 48.373 61.0 喧 0
48.373 48.779 59.0 嚣 0
48.779 49.184 57.0 和 0
49.184 50.603 61.0 冷 1
52.58 53.796 66.0 川 0
53.796 54.202 61.0 流 0
54.202 54.607 61.0 不 0
54.607 55.012 57.0 息 0
55.012 55.418 57.0 的 0
55.418 55.823 52.0 人 0
55.823 56.228 64.0 游 0
56.228 56.633 64.0 荡 0
56.633 57.039 64.0 在 0
57.039 57.241 62.0 街 0
57.241 59.065 61.0 头 1
59.069 59.474 59.0 谁 0
59.474 59.88 59.0 能 0
59.88 60.285 59.0 听 0
60.285 60.69 59.0 见 0
60.69 61.096 59.0 谁 0
61.096 61.501 57.0 的 0
61.501 61.906 64.0 寂 0
61.906 63.933 64.0 寞 1
64.33 64.735 61.0 找 0
64.735 65.141 69.0 一 0
65.141 65.546 66.0 个 0
65.546 66.357 66.0 人 0
66.357 66.762 62.0 惺 0
66.762 66.964 61.0 惺 0
66.964 67.37 59.0 相 0
67.37 67.978 59.0 惜 1
67.985 68.39 66.0 找 0
68.39 68.593 66.0 一 0
68.593 68.998 68.0 颗 0
68.998 69.606 64.0 心 0
69.606 70.011 64.0 心 0
70.011 70.214 57.0 心 0
70.214 70.619 59.0 相 0
70.619 71.43 61.0 印 1
71.44 71.642 57.0 在 0
71.642 71.845 59.0 这 0
71.845 72.048 61.0 个 0
72.048 72.453 62.0 宇 0
72.453 72.858 62.0 宙 0
72.858 73.264 62.0 我 0
73.264 73.466 61.0 是 0
73.466 73.872 61.0 独 0
73.872 74.277 59.0 一 0
74.277 74.682 59.0 无 0
74.682 75.29 56.0 二 1
75.292 75.697 57.0 没 0
75.697 75.9 56.0 人 0
75.9 76.305 57.0 能 0
76.305 76.711 59.0 取 0
76.711 77.319 61.0 代 1
77.319 77.724 57.0 不 0
77.724 78.129 69.0 管 0
78.129 78.534 68.0 怎 0
78.534 79.345 66.0 样 0
79.345 79.75 66.0 怎 0
79.75 79.953 69.0 样 0
79.953 80.358 71.0 都 0
80.358 80.764 68.0 会 0
80.764 81.169 66.0 受 0
81.169 81.574 66.0 伤 1
81.658 82.063 71.0 伤 0
82.063 82.266 71.0 - 0
82.266 82.671 71.0 了 0
82.671 83.076 71.0 又 0
83.076 84.09 69.0 怎 0
84.495 84.697 66.0 至 0
84.697 84.9 68.0 - 0
84.9 85.305 69.0 少 0
85.305 85.508 69.0 我 0
85.508 86.116 69.0 很 0
86.116 86.521 68.0 坚 1
86.607 87.013 66.0 我 0
87.013 87.418 71.0 很 0
87.418 87.823 68.0 坦 0
87.823 90.66 69.0 荡 1
101.439 101.845 62.0 夜 0
101.845 102.25 62.0 - 0
102.25 102.453 61.0 幕 0
102.453 103.06 62.0 笼 0
103.06 103.466 61.0 罩 0
103.466 103.871 59.0 灿 0
103.871 104.276 57.0 烂 0
104.276 104.682 57.0 的 0
104.682 105.087 57.0 一 0
105.087 105.492 59.0 片 0
105.492 107.519 61.0 灯 1
107.964 108.369 62.0 多 0
108.369 108.775 62.0 - 0
108.775 108.977 61.0 少 0
108.977 109.585 62.0 人 0
109.585 109.99 61.0 多 0
109.99 110.396 59.0 少 0
110.396 110.598 57.0 种 0
110.598 111.612 61.0 无 1
114.09 115.306 66.0 在 0
115.306 115.712 61.0 - 0
115.712 116.117 61.0 星 0
116.117 116.522 57.0 光 0
116.522 116.928 57.0 里 0
116.928 117.333 52.0 遗 0
117.333 117.738 64.0 忘 0
117.738 118.143 64.0 昨 0
118.143 118.549 64.0 天 0
118.549 118.751 62.0 的 0
118.751 120.575 61.0 伤 0
120.585 120.99 59.0 害 1
120.99 121.396 59.0 一 0
121.396 121.801 59.0 觉 0
121.801 122.206 59.0 醒 0
122.206 122.612 59.0 来 0
122.612 123.017 57.0 还 0
123.017 123.422 64.0 有 0
123.422 125.449 64.0 期 1
125.856 126.261 61.0 我 0
126.261 126.667 69.0 不 0
126.667 127.072 66.0 放 0
127.072 127.883 66.0 弃 0
127.883 128.288 62.0 爱 0
128.288 128.49 61.0 的 0
128.49 128.896 59.0 勇 0
128.896 129.504 59.0 气 1
129.571 129.976 66.0 我 0
129.976 130.179 66.0 不 0
130.179 130.584 68.0 怀 0
130.584 131.192 64.0 疑 0
131.192 131.597 64.0 会 0
131.597 131.8 57.0 有 0
131.8 132.205 59.0 真 0
132.205 133.218 61.0 心 1
133.249 133.452 59.0 我 0
133.452 133.655 61.0 要 0
133.655 134.06 62.0 握 0
134.06 134.465 62.0 住 0
134.465 134.871 62.0 一 0
134.871 135.073 61.0 个 0
135.073 135.478 61.0 最 0
135.478 135.884 59.0 美 0
135.884 136.289 59.0 的 0
136.289 136.694 56.0 梦 1
136.694 136.897 57.0 给 0
136.897 137.302 57.0 未 0
137.302 137.505 56.0 来 0
137.505 137.91 57.0 的 0
137.91 138.316 59.0 自 0
138.316 138.924 61.0 己 1
138.924 139.329 57.0 一 0
139.329 139.734 69.0 天 0
139.734 140.139 68.0 一 0
140.139 140.95 66.0 天 0
140.95 141.355 66.0 一 0
141.355 141.558 69.0 天 0
141.558 141.963 71.0 推 0
141.963 142.369 68.0 翻 0
142.369 142.774 66.0 一 0
142.774 143.382 66.0 天 1
143.382 143.787 71.0 坚 0
143.787 143.99 71.0 持 0
143.99 144.395 71.0 的 0
144.395 144.8 71.0 信 0
144.8 146.219 69.0 仰 1
146.219 146.421 66.0 我 0
146.421 146.624 68.0 会 0
146.624 147.029 69.0 记 0
147.029 147.232 69.0 住 0
147.232 147.84 69.0 自 0
147.84 148.245 69.0 己 0
148.245 148.651 69.0 今 0
148.651 148.853 66.0 天 0
148.853 149.259 69.0 的 0
149.259 149.664 71.0 模 0
149.664 150.677 71.0 样 1
151.826 152.231 57.0 有 0
152.231 152.637 69.0 一 0
152.637 153.042 66.0 个 0
153.042 153.852 66.0 人 0
153.852 154.258 62.0 惺 0
154.258 154.46 61.0 惺 0
154.46 154.866 61.0 相 0
154.866 155.474 59.0 惜 1
155.516 155.921 66.0 有 0
155.921 156.124 66.0 一 0
156.124 156.529 64.0 颗 0
156.529 157.137 64.0 心 0
157.137 157.542 64.0 心 0
157.542 157.745 57.0 心 0
157.745 158.15 59.0 相 0
158.15 159.163 61.0 印 1
159.168 159.371 59.0 抛 0
159.371 159.574 61.0 开 0
159.574 159.979 62.0 过 0
159.979 160.384 62.0 去 0
160.384 160.789 62.0 我 0
160.789 160.992 61.0 想 0
160.992 161.397 61.0 认 0
161.397 161.803 59.0 真 0
161.803 162.005 59.0 去 0
162.005 162.208 59.0 追 0
162.208 162.816 56.0 寻 1
162.816 163.221 57.0 未 0
163.221 163.424 56.0 - 0
163.424 163.829 57.0 来 0
163.829 164.235 59.0 的 0
164.235 164.842 61.0 自 0
164.846 165.252 57.0 己 1
165.252 165.657 69.0 不 0
165.657 166.062 68.0 管 0
166.062 166.873 66.0 怎 0
166.873 167.278 66.0 样 0
167.278 167.481 69.0 怎 0
167.481 167.886 71.0 样 0
167.886 168.291 68.0 都 0
168.291 168.697 68.0 会 0
168.697 169.305 66.0 受 1
169.318 169.723 71.0 伤 0
169.723 169.926 71.0 - 0
169.926 170.331 71.0 了 0
170.331 170.736 71.0 又 0
170.736 172.155 69.0 怎 0
172.155 172.357 66.0 样 0
172.357 172.56 68.0 至 0
172.56 172.965 69.0 少 0
172.965 173.168 69.0 我 0
173.168 173.776 69.0 很 0
173.776 174.181 68.0 坚 0
174.182 174.588 66.0 强 1
174.588 174.993 71.0 我 0
174.993 175.398 68.0 很 0
175.398 179.856 69.0 坦 1
203.686 204.091 57.0 我 0
204.091 204.496 69.0 - 0
204.496 204.902 68.0 不 0
204.902 205.712 66.0 放 0
205.712 206.118 62.0 弃 0
206.118 206.32 61.0 爱 0
206.32 206.726 61.0 的 0
206.726 207.334 59.0 勇 0
207.342 207.747 66.0 气 1
207.747 207.949 66.0 我 0
207.949 208.355 68.0 不 0
208.355 208.963 64.0 怀 0
208.963 209.368 64.0 疑 0
209.368 209.571 57.0 会 0
209.571 209.976 59.0 有 0
209.976 210.989 61.0 真 0
210.993 211.196 59.0 心 1
211.196 211.399 61.0 我 0
211.399 211.804 62.0 要 0
211.804 212.209 62.0 握 0
212.209 212.614 62.0 住 0
212.614 212.817 61.0 一 0
212.817 213.222 61.0 个 0
213.222 213.628 59.0 最 0
213.628 214.033 57.0 美 0
214.033 214.438 56.0 的 0
214.446 214.649 56.0 梦 1
214.649 215.054 57.0 给 0
215.054 215.257 56.0 未 0
215.257 215.662 57.0 来 0
215.662 216.067 59.0 的 0
216.067 216.675 61.0 自 0
216.706 217.112 57.0 己 1
217.112 217.517 69.0 不 0
217.517 217.922 68.0 管 0
217.922 218.733 66.0 怎 0
218.733 219.138 66.0 样 0
219.138 219.341 69.0 怎 0
219.341 219.746 71.0 样 0
219.746 220.151 68.0 都 0
220.151 220.557 68.0 会 0
220.557 221.165 66.0 受 0
221.172 221.577 71.0 伤 1
221.577 221.78 71.0 伤 0
221.78 222.185 71.0 了 0
222.185 222.59 73.0 又 0
222.59 224.009 69.0 怎 0
224.009 224.211 66.0 样 0
224.211 224.414 68.0 至 0
224.414 224.819 69.0 少 0
224.819 225.022 69.0 我 0
225.022 225.63 69.0 很 0
225.63 226.035 68.0 坚 0
226.059 226.464 66.0 强 1
226.464 226.87 71.0 我 0
226.87 227.275 68.0 很 0
227.275 228.491 69.0 坦 1
230.495 230.698 66.0 未 0
230.698 230.901 68.0 来 0
230.901 231.306 69.0 的 0
231.306 231.509 69.0 你 0
231.509 232.117 69.0 会 0
232.117 232.522 66.0 懂 0
232.522 232.927 66.0 我 0
232.927 233.332 71.0 的 0
233.332 233.738 68.0 疯 0
233.738 238.196 69.0 狂 1
