16.246 16.429 57.0 池 0
16.492 16.613 60.0 塘 0
16.738 17.413 60.0 边 0
17.477 17.659 57.0 的 0
17.723 17.905 62.0 榕 0
17.969 18.459 62.0 树 0
18.461 18.645 62.0 上 1
18.85 18.973 62.0 知 0
19.096 19.278 62.0 了 0
19.342 19.524 60.0 在 0
19.588 19.893 65.0 声 0
20.08 20.385 65.0 声 0
20.572 20.755 65.0 叫 0
20.818 21.001 62.0 着 0
21.064 21.554 62.0 夏 0
21.556 22.096 60.0 天 1
23.881 24.06 57.0 操 0
24.122 24.24 60.0 场 0
24.363 25.022 60.0 边 0
25.085 25.263 57.0 的 0
25.325 25.504 62.0 秋 0
25.566 26.045 62.0 千 0
26.047 26.406 62.0 上 1
26.68 26.798 62.0 只 0
26.92 27.159 62.0 有 0
27.161 27.339 60.0 那 0
27.402 27.7 65.0 蝴 0
27.883 28.242 65.0 蝶 0
28.364 28.603 65.0 停 0
28.605 28.723 62.0 在 0
28.846 29.265 65.0 上 0
29.327 29.987 67.0 面 1
31.232 31.411 72.0 黑 0
31.473 31.772 72.0 板 0
31.954 32.313 72.0 上 0
32.436 32.614 72.0 老 0
32.676 32.915 69.0 师 0
32.917 33.156 67.0 的 0
33.158 33.336 65.0 粉 0
33.398 33.757 65.0 笔 1
33.79 34.209 62.0 还 0
34.271 34.45 65.0 在 0
34.512 34.69 62.0 拚 0
34.753 34.931 65.0 命 0
34.993 35.172 67.0 唧 0
35.234 35.412 67.0 唧 0
35.475 35.653 67.0 喳 0
35.715 35.894 67.0 喳 1
35.965 36.143 67.0 写 0
36.206 36.384 65.0 个 0
36.446 36.865 67.0 不 0
36.928 37.648 67.0 停 1
38.967 39.145 69.0 等 0
39.208 39.567 69.0 待 0
39.689 39.807 69.0 着 0
39.93 40.289 69.0 下 0
40.411 40.71 67.0 课 0
40.892 41.071 65.0 等 0
41.133 41.552 65.0 待 0
41.614 41.793 65.0 着 0
41.855 42.334 65.0 放 0
42.336 42.695 62.0 学 1
42.697 42.815 60.0 等 0
42.937 43.176 60.0 待 0
43.419 43.597 60.0 游 0
43.659 43.838 62.0 戏 0
43.9 44.079 60.0 的 0
44.141 44.56 69.0 童 0
44.622 45.944 65.0 年 1
49.059 49.238 57.0 福 0
49.3 49.418 60.0 利 0
49.541 49.839 60.0 社 0
50.022 50.2 60.0 里 0
50.263 50.441 57.0 面 0
50.503 50.682 62.0 什 0
50.744 50.983 62.0 么 0
50.985 51.223 64.0 都 0
51.225 51.584 62.0 有 1
51.749 51.927 62.0 就 0
51.989 52.409 62.0 是 0
52.471 52.77 65.0 口 0
52.952 53.191 65.0 袋 0
53.193 53.371 62.0 里 0
53.433 53.612 65.0 没 0
53.674 53.853 62.0 有 0
53.915 54.093 65.0 半 0
54.155 54.394 62.0 毛 0
54.396 54.936 60.0 钱 1
56.795 56.973 57.0 诸 0
57.036 57.154 60.0 葛 0
57.276 57.635 60.0 四 0
57.758 57.936 60.0 郎 0
57.998 58.177 57.0 和 0
58.239 58.417 62.0 魔 0
58.48 58.959 64.0 鬼 0
58.961 59.32 62.0 党 1
59.344 59.463 62.0 到 0
59.585 60.004 62.0 底 0
60.066 60.365 65.0 谁 0
60.548 60.726 65.0 抢 0
60.788 60.967 65.0 到 0
61.029 61.268 65.0 那 0
61.27 61.388 62.0 支 0
61.51 61.93 62.0 宝 0
61.992 62.652 67.0 剑 1
63.923 64.102 72.0 隔 0
64.164 64.463 72.0 壁 0
64.645 65.004 72.0 班 0
65.126 65.305 72.0 的 0
65.367 65.606 69.0 那 0
65.608 65.846 67.0 个 0
65.848 65.907 64.0 男 0
65.909 66.448 65.0 孩 1
66.562 66.982 62.0 怎 0
67.044 67.222 65.0 么 0
67.285 67.463 62.0 还 0
67.525 67.704 65.0 没 0
67.766 68.185 67.0 经 0
68.247 68.666 67.0 过 0
68.729 68.907 67.0 我 0
68.969 69.148 65.0 的 0
69.21 69.629 67.0 窗 0
69.691 70.411 67.0 前 1
71.633 71.811 69.0 嘴 0
71.873 72.232 69.0 里 0
72.355 72.473 69.0 的 0
72.595 72.954 69.0 零 0
73.077 73.376 67.0 食 0
73.558 73.737 65.0 手 0
73.799 74.218 65.0 里 0
74.28 74.459 65.0 的 0
74.521 74.699 67.0 漫 0
74.761 75.0 65.0 画 0
75.002 75.241 62.0 - 0
75.243 75.361 60.0 - 1
75.561 75.68 60.0 心 0
75.802 76.041 60.0 里 0
76.283 76.462 60.0 初 0
76.524 76.703 62.0 恋 0
76.765 76.943 60.0 的 0
77.005 77.425 67.0 童 0
77.487 78.809 65.0 年 1
114.491 114.669 57.0 没 0
114.731 114.85 60.0 有 0
114.972 115.271 60.0 人 0
115.453 115.632 60.0 知 0
115.694 115.872 57.0 道 0
115.935 116.113 62.0 为 0
116.175 116.655 62.0 什 0
116.657 117.016 62.0 么 1
117.022 117.201 62.0 太 0
117.263 117.441 62.0 阳 0
117.503 117.682 60.0 总 0
117.744 118.043 65.0 下 0
118.225 118.464 65.0 到 0
118.707 118.885 65.0 山 0
118.947 119.126 62.0 的 0
119.188 119.367 65.0 那 0
119.429 119.667 62.0 一 0
119.669 120.209 60.0 边 1
122.079 122.258 57.0 没 0
122.32 122.438 60.0 有 0
122.561 122.92 60.0 人 0
123.042 123.22 60.0 能 0
123.283 123.461 57.0 够 0
123.523 123.702 62.0 告 0
123.764 124.243 62.0 诉 0
124.245 124.604 62.0 我 1
124.918 125.036 62.0 山 0
125.158 125.397 62.0 里 0
125.399 125.577 60.0 面 0
125.64 125.938 65.0 有 0
126.121 126.299 65.0 没 0
126.362 126.54 65.0 有 0
126.602 126.841 65.0 住 0
126.843 126.961 62.0 着 0
127.084 127.503 65.0 神 0
127.565 128.225 67.0 仙 1
129.467 129.646 72.0 多 0
129.708 130.007 72.0 少 0
130.189 130.548 72.0 的 0
130.671 130.849 72.0 日 0
130.911 131.15 69.0 子 0
131.152 131.391 67.0 里 0
131.393 131.571 65.0 总 0
131.633 131.992 65.0 是 1
132.13 132.549 62.0 一 0
132.611 132.79 65.0 个 0
132.852 133.271 62.0 人 0
133.333 133.752 67.0 面 0
133.815 133.993 67.0 对 0
134.055 134.234 67.0 着 0
134.296 134.474 67.0 天 0
134.537 134.715 65.0 空 0
134.747 135.166 69.0 发 0
135.228 135.949 67.0 呆 1
137.136 137.314 69.0 就 0
137.377 137.736 69.0 这 0
137.858 137.976 69.0 么 0
138.099 138.458 69.0 好 0
138.58 138.879 67.0 奇 0
139.061 139.24 65.0 就 0
139.302 139.721 65.0 这 0
139.783 139.962 65.0 么 0
140.024 140.503 65.0 幻 0
140.505 140.864 62.0 想 1
141.005 141.123 60.0 这 0
141.245 141.484 60.0 么 0
141.727 141.905 60.0 孤 0
141.967 142.146 62.0 单 0
142.208 142.387 60.0 的 0
142.449 142.868 69.0 童 0
142.93 144.252 65.0 年 1
147.205 147.383 57.0 总 0
147.445 147.563 60.0 是 0
147.685 147.983 60.0 要 0
148.165 148.342 60.0 等 0
148.404 148.582 57.0 到 0
148.644 148.822 62.0 睡 0
148.884 149.362 62.0 觉 0
149.364 149.721 62.0 前 1
149.895 150.073 62.0 才 0
150.135 150.313 62.0 知 0
150.375 150.553 60.0 道 0
150.614 150.912 65.0 功 0
151.094 151.332 65.0 课 0
151.334 151.572 62.0 只 0
151.574 151.751 65.0 做 0
151.813 151.991 62.0 了 0
152.053 152.231 65.0 一 0
152.293 152.531 62.0 点 0
152.533 153.07 60.0 点 1
154.942 155.12 57.0 总 0
155.181 155.299 60.0 是 0
155.421 155.779 60.0 要 0
155.901 156.079 60.0 等 0
156.141 156.318 57.0 到 0
156.38 156.558 62.0 考 0
156.62 156.858 62.0 试 0
156.86 157.098 64.0 以 0
157.1 157.457 62.0 后 1
157.572 157.69 62.0 才 0
157.812 158.05 62.0 知 0
158.052 158.23 60.0 道 0
158.292 158.589 65.0 该 0
158.771 158.949 65.0 念 0
159.011 159.189 65.0 的 0
159.251 159.489 65.0 书 0
159.491 159.609 62.0 都 0
159.73 159.908 62.0 没 0
159.97 160.148 65.0 有 0
160.21 160.867 67.0 念 1
162.145 162.323 72.0 一 0
162.385 162.683 72.0 寸 0
162.865 163.222 72.0 光 0
163.344 163.522 72.0 阴 0
163.584 163.822 69.0 一 0
163.824 164.062 67.0 寸 0
164.064 164.361 65.0 金 1
164.364 164.473 65.0 老 0
164.604 164.813 65.0 师 0
164.844 165.061 62.0 说 0
165.08 165.248 65.0 过 0
165.323 165.501 62.0 寸 0
165.563 165.741 65.0 金 0
165.803 166.221 67.0 难 0
166.283 166.651 67.0 买 0
166.762 167.18 67.0 寸 0
167.212 167.45 69.0 光 0
167.482 168.439 67.0 阴 1
169.744 169.921 69.0 一 0
169.983 170.341 69.0 天 0
170.463 170.581 69.0 又 0
170.703 171.06 69.0 一 0
171.182 171.48 67.0 天 0
171.662 171.84 65.0 一 0
171.902 172.319 65.0 年 0
172.381 172.559 65.0 又 0
172.621 173.099 65.0 一 0
173.101 173.458 62.0 年 1
173.466 173.584 60.0 迷 0
173.706 173.944 60.0 迷 0
174.186 174.363 60.0 糊 0
174.425 174.603 62.0 糊 0
174.665 174.843 60.0 的 0
174.905 175.323 67.0 童 0
175.385 176.342 65.0 年 1
176.681 177.279 69.0 噢 0
177.401 177.579 69.0 一 0
177.641 177.998 69.0 天 0
178.12 178.238 69.0 又 0
178.36 178.717 69.0 一 0
178.838 179.135 67.0 天 0
179.317 179.494 65.0 一 0
179.556 179.972 65.0 年 0
180.034 180.211 65.0 又 0
180.273 180.749 65.0 一 0
180.751 181.108 62.0 年 1
181.198 181.315 60.0 盼 0
181.437 181.674 60.0 望 0
181.915 182.092 60.0 长 0
182.154 182.332 62.0 大 0
182.393 182.571 60.0 的 0
182.633 183.049 67.0 童 0
183.111 184.065 65.0 年 1
