26.826 27.652 66.0 不 0
28.076 28.277 66.0 是 0
28.284 28.694 66.0 - 0
28.701 29.631 64.0 英 1
30.16 31.195 62.0 不 0
31.41 31.612 62.0 读 0
31.619 32.132 62.0 - 0
32.244 33.174 59.0 国 1
33.451 34.277 66.0 若 0
34.701 34.902 66.0 是 0
34.909 35.319 64.0 - 0
35.326 35.735 64.0 英 1
35.952 36.361 64.0 怎 0
36.368 36.57 62.0 - 0
36.577 37.09 62.0 么 0
37.202 37.403 57.0 能 0
37.41 38.028 59.0 不 0
38.035 38.243 60.0 懂 0
38.243 39.486 59.0 寂 1
39.7 39.901 55.0 独 0
39.908 40.109 57.0 - 0
40.116 40.318 57.0 自 0
40.325 40.526 59.0 走 0
40.533 40.734 59.0 下 0
40.741 40.943 59.0 长 0
40.95 41.359 59.0 坂 1
41.666 42.075 59.0 月 0
42.082 42.284 59.0 - 0
42.291 42.492 59.0 光 0
42.499 42.7 59.0 太 0
42.707 43.117 59.0 温 1
43.302 43.712 59.0 曹 0
43.719 43.92 59.0 操 0
43.927 44.129 59.0 不 0
44.136 44.337 59.0  0
44.344 44.754 59.0 嗦 1
44.977 45.387 59.0 一 0
45.394 45.595 62.0 - 0
45.602 45.803 62.0 心 0
45.81 46.012 59.0 要 0
46.019 46.428 64.0 拿 0
46.435 46.845 62.0 荆 0
46.901 47.206 60.0 州 1
47.318 47.519 59.0 阴 0
47.526 47.936 60.0 - 0
47.943 48.144 59.0 谋 0
48.151 48.561 60.0 阳 0
48.618 48.819 59.0 谋 1
48.826 49.236 60.0 明 0
49.243 49.444 59.0 说 0
49.451 49.861 59.0 暗 0
49.868 50.277 59.0 夺 0
50.284 52.777 62.0 的 1
53.493 53.902 67.0 东 0
53.909 54.111 66.0 - 0
54.118 54.534 64.0 汉 0
54.534 55.152 59.0 末 0
55.159 55.569 62.0 年 0
55.576 55.777 64.0 分 0
55.784 56.402 60.0 三 1
56.755 56.956 59.0 烽 0
56.963 57.373 57.0 火 0
57.38 57.581 59.0 连 0
57.588 57.998 60.0 天 0
58.005 58.213 60.0 不 0
58.213 58.414 62.0 - 0
58.421 58.623 59.0 - 0
58.63 59.039 59.0 休 0
59.255 59.977 57.0 - 1
60.201 60.611 55.0 儿 0
60.618 60.819 54.0 女 0
60.826 61.236 55.0 情 0
61.243 61.444 60.0 长 0
61.451 61.653 62.0 - 0
61.66 61.861 54.0 - 0
61.868 62.278 54.0 被 0
62.285 62.486 52.0 乱 0
62.493 62.903 54.0 世 0
62.91 63.528 62.0 左 0
63.535 63.944 64.0 右 0
63.951 64.778 60.0 - 1
65.183 65.593 63.0 谁 0
65.6 65.801 64.0 - 0
65.808 66.218 66.0 来 0
66.225 66.635 59.0 煮 1
66.825 67.235 67.0 尔 0
67.242 67.443 66.0 虞 0
67.45 67.86 64.0 我 0
67.867 68.38 59.0 诈 0
68.492 68.901 62.0 是 0
68.908 69.11 64.0 三 0
69.117 69.839 60.0 国 1
70.091 70.292 59.0 说 0
70.299 70.605 57.0 不 0
70.716 70.917 59.0 清 0
70.924 71.334 60.0 对 0
71.341 71.646 62.0 与 0
71.758 71.959 59.0 - 0
71.966 72.584 59.0 错 0
72.591 73.209 62.0 - 0
73.216 73.521 55.0 - 1
73.556 73.965 55.0 纷 0
73.972 74.174 54.0 纷 0
74.181 74.59 55.0 扰 0
74.597 74.903 67.0 扰 0
75.014 75.215 66.0 - 0
75.222 75.639 66.0 千 0
75.639 75.84 64.0 百 0
75.847 76.264 62.0 年 0
76.264 76.674 55.0 以 0
76.681 78.132 64.0 后 1
78.643 79.052 63.0 一 0
79.059 79.261 64.0 切 0
79.268 79.677 66.0 又 0
79.684 80.094 67.0 从 0
80.101 80.302 64.0 - 0
80.309 82.906 64.0 头 0
83.226 85.198 62.0 oh 0
85.309 86.448 59.0 - 0
86.976 89.677 64.0 oh 0
89.893 91.976 62.0 - 0
91.976 93.323 59.0 - 1
93.444 94.27 66.0 不 0
94.694 94.895 66.0 是 0
94.902 95.319 64.0 - 0
95.319 96.249 64.0 英 1
96.972 98.007 62.0 不 0
98.222 98.423 62.0 读 0
98.43 98.944 62.0 三 0
99.055 99.986 59.0 国 1
100.292 101.119 66.0 若 0
101.542 101.744 66.0 是 0
101.751 102.167 66.0 - 0
102.167 102.577 64.0 英 1
102.635 103.045 64.0 怎 0
103.052 103.253 62.0 - 0
103.26 103.566 62.0 么 0
103.885 104.087 57.0 不 0
104.094 104.295 57.0 - 0
104.302 104.712 59.0 懂 0
104.719 104.92 60.0 - 0
104.927 105.962 59.0 寂 1
106.427 106.629 55.0 独 0
106.636 106.837 57.0 自 0
106.844 107.045 57.0 走 0
107.052 107.254 59.0 下 0
107.261 107.462 59.0 长 0
107.469 107.67 59.0 坂 0
107.677 108.191 59.0 坡 1
108.405 108.815 57.0 月 0
108.822 109.023 59.0 光 0
109.03 109.232 59.0 太 0
109.239 109.44 59.0 温 0
109.447 109.857 59.0 柔 1
109.978 110.388 59.0 曹 0
110.395 110.596 59.0 操 0
110.603 110.804 59.0 不 0
110.811 111.013 59.0  0
111.02 111.429 59.0 嗦 1
111.733 112.142 59.0 一 0
112.149 112.351 62.0 心 0
112.358 112.559 62.0 要 0
112.566 112.767 59.0 拿 0
112.774 113.184 64.0 荆 0
113.191 113.601 60.0 州 1
113.618 113.923 60.0 用 0
114.034 114.236 59.0 阴 0
114.243 114.652 60.0 谋 0
114.659 114.861 59.0 阳 0
114.868 115.277 60.0 谋 1
115.303 115.505 59.0 明 0
115.512 115.921 60.0 说 0
115.928 116.13 59.0 暗 0
116.137 116.546 60.0 夺 0
116.553 116.755 59.0 的 0
116.97 117.796 64.0 摸 0
117.803 119.463 62.0 - 1
120.182 120.592 67.0 东 0
120.599 120.8 66.0 - 0
120.807 121.224 64.0 汉 0
121.224 121.842 59.0 末 0
121.849 122.259 62.0 年 0
122.266 122.467 64.0 分 0
122.474 123.092 60.0 三 1
123.291 123.493 59.0 烽 0
123.5 123.909 57.0 火 0
123.916 124.118 59.0 连 0
124.125 124.534 60.0 天 0
124.541 124.951 62.0 不 0
124.958 125.159 59.0 - 0
125.166 125.784 59.0 休 0
125.791 126.513 57.0 - 1
126.795 127.205 55.0 儿 0
127.212 127.413 54.0 - 0
127.42 127.83 55.0 女 0
127.837 128.246 62.0 情 0
128.253 128.455 54.0 长 0
128.462 128.871 54.0 - 0
128.878 129.08 52.0 被 0
129.087 129.496 54.0 乱 0
129.503 129.913 62.0 世 0
130.128 130.746 64.0 右 0
130.753 131.371 60.0 - 1
131.848 132.258 63.0 谁 0
132.265 132.466 64.0 来 0
132.473 132.883 66.0 煮 0
132.89 133.299 59.0 酒 1
133.501 133.91 67.0 尔 0
133.917 134.119 66.0 - 0
134.126 134.535 64.0 虞 0
134.542 135.056 59.0 我 0
135.167 135.577 62.0 是 0
135.584 135.785 64.0 - 0
135.792 136.514 60.0 三 1
136.594 136.795 59.0 说 0
136.802 137.107 57.0 - 0
137.219 137.42 59.0 清 0
137.427 137.837 60.0 - 0
137.844 138.253 62.0 对 0
138.26 138.462 59.0 与 0
138.469 138.989 59.0 - 0
138.989 139.51 62.0 错 0
139.51 140.024 55.0 - 1
140.139 140.549 55.0 纷 0
140.556 140.757 54.0 - 0
140.764 141.174 55.0 纷 0
141.181 141.389 66.0 扰 0
141.389 141.591 67.0 扰 0
141.598 141.799 66.0 - 0
141.806 142.223 64.0 - 0
142.223 142.424 64.0 千 0
142.431 142.848 55.0 百 0
142.848 143.257 55.0 年 0
143.264 144.716 64.0 以 1
145.173 145.583 63.0 一 0
145.59 145.791 64.0 - 0
145.798 146.208 66.0 切 0
146.215 146.423 66.0 又 0
146.423 146.625 67.0 从 0
146.632 146.833 64.0 - 0
146.84 151.416 64.0 - 0
153.507 155.375 67.0 喔 0
155.382 159.229 71.0 - 1
159.817 160.018 55.0 独 0
160.025 160.226 57.0 自 0
160.233 160.435 57.0 走 0
160.442 160.643 59.0 下 0
160.65 160.851 59.0 长 0
160.858 161.06 59.0 坂 0
161.067 161.685 59.0 坡 1
161.728 162.137 59.0 月 0
162.144 162.346 59.0 光 0
162.353 162.554 59.0 太 0
162.561 162.762 59.0 温 0
162.769 163.387 59.0 柔 1
163.405 163.815 59.0 曹 0
163.822 164.023 59.0 操 0
164.03 164.232 59.0 不 0
164.239 164.44 59.0  0
164.447 165.065 59.0 嗦 1
165.098 165.508 59.0 一 0
165.515 165.716 62.0 心 0
165.723 165.924 62.0 要 0
165.931 166.133 59.0 拿 0
166.14 166.549 64.0 荆 0
166.556 166.966 62.0 州 1
166.974 167.384 60.0 用 0
167.391 167.592 59.0 阴 0
167.599 168.009 60.0 谋 0
168.016 168.217 59.0 阳 0
168.224 168.634 60.0 谋 1
168.643 168.844 59.0 明 0
168.851 169.261 60.0 说 0
169.268 169.469 59.0 暗 0
169.476 169.886 60.0 夺 0
169.893 170.302 64.0 的 0
170.309 171.969 66.0 摸 0
171.976 173.217 69.0 - 1
173.561 173.971 67.0 东 0
173.978 174.179 66.0 - 0
174.186 174.603 64.0 汉 0
174.603 175.221 59.0 末 0
175.228 175.638 62.0 年 0
175.645 175.846 64.0 分 0
175.853 176.471 60.0 三 1
176.722 176.924 59.0 烽 0
176.931 177.34 57.0 火 0
177.347 177.549 59.0 连 0
177.556 177.965 60.0 天 0
177.972 178.382 62.0 不 0
178.389 178.59 59.0 - 0
178.597 179.215 59.0 休 0
179.222 179.945 57.0 - 1
180.131 180.541 55.0 儿 0
180.548 180.749 54.0 女 0
180.756 181.166 55.0 情 0
181.173 181.582 62.0 长 0
181.589 181.791 54.0 - 0
181.798 182.207 54.0 被 0
182.214 182.416 52.0 乱 0
182.423 182.832 54.0 世 0
182.839 183.249 62.0 左 0
183.464 184.082 64.0 右 0
184.089 184.707 60.0 - 1
185.226 185.636 63.0 谁 0
185.643 185.844 64.0 来 0
185.851 186.261 66.0 煮 0
186.268 186.677 59.0 酒 1
186.869 187.278 67.0 尔 0
187.285 187.487 66.0 - 0
187.494 187.903 64.0 虞 0
187.91 188.424 59.0 我 0
188.535 188.945 62.0 是 0
188.952 189.153 64.0 - 0
189.16 189.883 60.0 三 0
189.93 190.131 59.0 国 1
190.138 190.444 57.0 说 0
190.555 190.756 59.0 清 0
190.763 191.173 60.0 - 0
191.18 191.492 62.0 对 0
191.596 191.798 59.0 与 0
191.805 192.423 59.0 - 0
192.43 193.36 55.0 错 1
193.557 193.967 55.0 纷 0
193.974 194.175 54.0 纷 0
194.182 194.592 55.0 扰 0
194.599 195.009 67.0 扰 0
195.016 195.217 66.0 - 0
195.224 195.641 64.0 千 0
195.641 195.842 64.0 百 0
195.849 196.266 55.0 年 0
196.266 196.675 55.0 以 0
196.682 198.134 64.0 后 1
198.535 198.945 63.0 一 0
198.952 199.153 64.0 切 0
199.16 199.362 66.0 又 0
199.577 199.987 67.0 从 0
199.994 200.195 64.0 - 0
200.202 205.202 64.0 头 0
205.202 209.987 64.0 - 0
209.994 213.633 62.0 - 1
