30.905 31.277 60.0 花 0
31.28 32.027 62.0 - 0
32.405 32.777 62.0 接 0
32.78 33.058 63.0 受 0
33.155 33.714 65.0 凋 0
33.905 34.652 58.0 零 1
36.966 37.619 58.0 风 0
38.466 38.838 57.0 接 0
38.841 39.213 58.0 受 0
39.216 39.494 60.0 追 0
39.591 40.525 62.0 寻 1
43.101 43.754 55.0 心 0
43.851 44.223 57.0 的 0
44.226 44.504 58.0 伤 0
44.601 44.879 60.0 还 0
44.976 45.348 60.0 有 0
45.351 45.629 62.0 一 0
45.726 46.098 63.0 些 0
46.101 46.66 65.0 不 0
46.851 47.504 62.0 要 0
47.601 48.348 58.0 紧 1
49.455 49.827 55.0 我 0
49.83 50.202 62.0 接 0
50.205 50.577 58.0 受 0
50.58 50.952 55.0 你 0
51.33 51.702 62.0 的 0
51.705 51.983 58.0 决 0
52.08 53.577 60.0 定 1
55.39 55.668 62.0 你 0
55.765 56.043 62.0 将 0
56.14 56.418 62.0 会 0
56.515 56.887 62.0 被 0
56.89 57.262 63.0 谁 0
57.265 57.824 65.0 抱 0
58.015 59.043 58.0 紧 1
61.397 61.675 58.0 唱 0
61.772 61.956 58.0 什 0
62.147 62.425 58.0 么 0
62.522 62.894 57.0 歌 0
62.897 63.175 58.0 哄 0
63.272 63.55 60.0 他 0
64.022 64.206 60.0 开 0
64.397 65.519 62.0 心 1
67.04 67.693 55.0 我 0
67.79 68.162 57.0 想 0
68.165 68.443 58.0 着 0
68.54 68.912 60.0 天 0
68.915 69.193 60.0 空 0
69.29 69.662 62.0 什 0
69.665 69.943 63.0 么 0
70.04 70.412 62.0 时 0
70.415 70.693 65.0 候 0
70.79 71.162 65.0 会 0
71.165 71.537 62.0 放 0
71.54 71.912 58.0 晴 1
72.221 72.593 62.0 地 0
72.596 72.968 58.0 球 0
72.971 73.343 55.0 不 0
73.346 73.624 63.0 曾 0
73.721 73.999 63.0 为 0
74.096 74.374 55.0 谁 0
74.471 74.843 57.0 停 0
75.221 75.686 60.0 一 0
75.971 76.942 58.0 停 1
77.901 78.451 58.0 你 0
78.456 79.007 60.0 的 0
79.012 79.563 62.0 明 0
79.567 79.979 63.0 天 0
80.122 80.869 65.0 有 0
80.872 81.244 70.0 多 0
81.247 81.994 69.0 快 0
81.997 82.744 65.0 乐 1
83.123 83.87 65.0 不 0
83.873 84.245 70.0 是 0
84.248 84.995 69.0 我 0
84.998 85.37 70.0 的 1
85.594 85.966 65.0 我 0
85.969 86.247 67.0 们 0
86.344 86.622 67.0 的 0
86.719 87.091 67.0 爱 0
87.094 87.466 58.0 是 0
87.469 87.747 57.0 唱 0
87.844 88.216 67.0 一 0
88.219 88.591 65.0 半 0
88.782 88.966 63.0 的 0
88.969 90.278 65.0 歌 1
90.952 91.23 62.0 时 0
91.327 91.699 62.0 间 0
91.702 91.98 60.0 把 0
92.077 92.73 62.0 习 0
92.827 93.105 69.0 惯 0
93.202 93.574 69.0 换 0
93.577 93.761 62.0 - 0
93.952 94.605 62.0 了 1
95.061 95.714 62.0 伤 0
95.811 96.183 70.0 口 0
96.186 96.933 69.0 愈 0
96.936 97.495 67.0 合 1
97.641 97.919 65.0 也 0
98.016 98.294 67.0 撤 0
98.391 98.669 67.0 销 0
98.766 99.044 67.0 我 0
99.141 99.419 67.0 再 0
99.516 99.888 67.0 想 0
99.891 100.263 69.0 你 0
100.266 100.919 70.0 的 0
101.016 101.388 67.0 资 0
101.391 102.138 65.0 格 1
102.581 102.953 58.0 你 0
102.956 103.328 60.0 的 0
103.331 103.703 62.0 祝 0
103.706 104.078 63.0 福 0
104.081 104.547 65.0 一 0
104.831 105.109 70.0 半 0
105.206 105.765 69.0 甜 0
105.956 106.89 65.0 的 0
107.081 107.547 65.0 一 0
107.831 108.203 70.0 半 0
108.206 108.859 69.0 苦 0
108.956 109.328 70.0 的 1
109.639 109.917 65.0 像 0
110.014 110.386 67.0 我 0
110.389 110.573 67.0 手 0
110.764 111.042 67.0 中 0
111.139 111.417 67.0 冷 0
111.514 111.886 69.0 掉 0
111.889 112.261 70.0 的 0
112.264 112.823 72.0 可 0
113.014 113.667 65.0 可 1
114.841 115.119 62.0 最 0
115.216 115.588 62.0 最 0
115.591 115.869 60.0 教 0
115.966 116.338 62.0 人 1
116.742 117.02 69.0 残 0
117.117 117.77 69.0 念 0
117.867 118.239 62.0 的 0
118.617 118.989 60.0 总 0
118.992 119.364 62.0 是 0
119.367 119.645 70.0 未 0
119.742 120.114 70.0 完 0
120.164 120.77 69.0 成 0
120.961 122.786 70.0 的 1
123.518 123.984 67.0 我 0
124.268 124.546 58.0 只 0
124.643 125.015 58.0 能 0
125.299 125.952 67.0 唱 0
126.096 126.374 65.0 - 0
126.471 127.406 65.0 着 1
128.091 128.369 63.0 一 0
128.419 128.697 62.0 半 0
128.794 129.072 55.0 的 0
129.216 130.807 58.0 歌 1
139.317 139.595 62.0 你 0
139.692 139.97 62.0 将 0
140.067 140.345 62.0 会 0
140.442 140.814 62.0 被 0
140.817 141.142 63.0 谁 0
141.192 141.752 65.0 抱 0
141.942 142.97 58.0 紧 1
145.315 145.593 58.0 唱 0
145.69 145.875 58.0 什 0
146.065 146.343 58.0 么 0
146.44 146.812 57.0 歌 0
146.815 147.093 58.0 哄 0
147.19 147.468 60.0 他 0
147.94 148.125 60.0 开 0
148.315 149.437 62.0 心 1
151.034 151.687 55.0 我 0
151.784 152.156 57.0 想 0
152.159 152.437 58.0 着 0
152.534 152.859 60.0 天 0
152.909 153.281 60.0 空 0
153.284 153.656 62.0 什 0
153.659 153.844 63.0 么 0
154.034 154.359 62.0 时 0
154.409 154.687 65.0 候 0
154.784 155.156 65.0 会 0
155.159 155.531 62.0 放 0
155.534 155.906 58.0 晴 1
156.152 156.524 62.0 地 0
156.527 156.899 58.0 球 0
156.902 157.274 55.0 不 0
157.277 157.555 63.0 曾 0
157.652 157.93 63.0 为 0
158.027 158.305 55.0 谁 0
158.402 158.774 57.0 停 0
159.152 159.618 60.0 一 0
159.902 160.757 58.0 停 1
161.541 162.068 58.0 你 0
162.072 162.623 60.0 的 0
162.628 163.106 62.0 明 0
163.111 163.389 63.0 天 0
163.486 164.233 65.0 有 0
164.236 164.608 70.0 多 0
164.611 165.358 69.0 快 0
165.361 166.108 65.0 乐 1
166.64 167.293 65.0 不 0
167.39 167.762 70.0 是 0
167.765 168.418 69.0 我 0
168.515 168.887 70.0 的 1
169.289 169.661 65.0 我 0
169.664 169.942 67.0 们 0
170.039 170.317 67.0 的 0
170.414 170.786 67.0 爱 0
170.789 171.161 58.0 是 0
171.164 171.442 57.0 唱 0
171.539 171.911 67.0 一 0
171.914 172.286 65.0 半 0
172.477 172.661 63.0 的 0
172.664 173.974 65.0 歌 1
174.517 174.795 62.0 时 0
174.892 175.264 62.0 间 0
175.267 175.639 60.0 把 0
175.642 176.295 62.0 习 0
176.392 176.67 69.0 惯 0
176.767 177.139 69.0 换 0
177.142 177.327 62.0 - 0
177.517 178.17 62.0 了 1
178.615 179.268 62.0 伤 0
179.365 179.737 70.0 口 0
179.74 180.487 69.0 愈 0
180.49 181.05 67.0 合 1
181.185 181.557 65.0 也 0
181.56 181.838 67.0 撤 0
181.935 182.213 67.0 销 0
182.31 182.588 67.0 我 0
182.685 182.963 67.0 再 0
183.06 183.432 67.0 想 0
183.435 183.807 69.0 你 0
183.81 184.463 70.0 的 0
184.56 184.932 67.0 资 0
184.935 185.682 65.0 格 1
186.056 186.428 58.0 你 0
186.431 186.803 60.0 的 0
186.806 187.178 62.0 祝 0
187.181 187.553 63.0 福 0
187.556 188.022 65.0 一 0
188.306 188.584 70.0 半 0
188.681 189.053 69.0 甜 0
189.431 190.366 65.0 的 0
190.556 191.022 65.0 一 0
191.306 191.678 70.0 半 0
191.681 192.334 69.0 苦 0
192.431 192.803 70.0 的 1
193.191 193.469 65.0 像 0
193.566 193.938 67.0 我 0
193.941 194.126 67.0 手 0
194.316 194.594 67.0 中 0
194.691 194.969 67.0 冷 0
195.066 195.438 69.0 掉 0
195.441 195.813 70.0 的 0
195.816 196.376 72.0 可 0
196.566 197.219 65.0 可 1
198.448 198.726 62.0 最 0
198.823 199.195 62.0 最 0
199.198 199.476 60.0 教 0
199.573 199.945 62.0 人 1
200.252 200.437 67.0 残 0
200.627 200.999 69.0 念 0
201.002 201.233 62.0 - 0
201.377 201.843 62.0 的 0
202.127 202.499 60.0 总 0
202.502 202.874 62.0 是 0
202.877 203.155 70.0 未 0
203.252 203.624 70.0 完 0
203.674 204.28 69.0 成 0
204.471 206.249 70.0 的 1
206.991 207.457 67.0 我 0
207.741 207.926 58.0 只 0
208.116 208.488 58.0 能 0
208.866 209.519 67.0 唱 0
209.616 209.801 65.0 - 0
209.991 210.926 65.0 着 1
211.483 211.761 63.0 一 0
211.858 212.089 62.0 半 0
212.233 212.464 55.0 的 0
212.608 214.199 58.0 歌 1
232.557 233.117 58.0 我 0
233.12 233.492 60.0 的 0
233.495 233.888 62.0 明 0
233.892 234.215 63.0 天 0
234.327 235.074 65.0 快 0
235.077 235.449 70.0 不 0
235.452 236.199 69.0 快 0
236.202 236.949 65.0 乐 0
237.327 238.074 65.0 都 0
238.077 238.449 70.0 是 0
238.452 239.105 69.0 我 0
239.202 239.574 70.0 的 1
239.909 240.281 65.0 我 0
240.284 240.562 67.0 们 0
240.659 240.937 67.0 的 0
241.034 241.406 67.0 爱 0
241.409 241.781 58.0 是 0
241.784 242.062 57.0 唱 0
242.159 242.531 67.0 一 0
242.534 242.906 65.0 半 0
243.096 243.281 63.0 的 0
243.284 244.593 65.0 歌 1
245.082 245.36 62.0 时 0
245.457 245.829 62.0 间 0
245.832 246.204 60.0 把 0
246.207 246.86 62.0 习 0
246.957 247.235 69.0 惯 0
247.332 247.704 69.0 换 0
247.707 247.891 62.0 - 0
248.082 248.735 62.0 了 0
249.207 249.86 69.0 伤 0
249.957 250.329 70.0 口 0
250.332 250.704 69.0 愈 0
250.707 250.985 67.0 - 0
251.082 251.641 67.0 合 1
251.909 252.187 65.0 也 0
252.284 252.562 67.0 撤 0
252.659 252.937 67.0 销 0
253.034 253.312 67.0 我 0
253.409 253.687 67.0 再 0
253.784 254.156 67.0 想 0
254.159 254.531 69.0 你 0
254.534 255.187 70.0 的 0
255.284 255.843 67.0 资 0
255.846 256.406 65.0 格 1
256.742 257.114 58.0 你 0
257.117 257.489 60.0 的 0
257.492 257.864 62.0 祝 0
257.867 258.145 63.0 福 0
258.242 258.707 65.0 一 0
258.992 259.27 70.0 半 0
259.367 259.739 69.0 甜 0
260.117 261.051 65.0 的 0
261.242 261.707 65.0 一 0
261.992 262.364 70.0 半 0
262.367 263.114 69.0 苦 0
263.117 263.489 70.0 的 1
263.988 264.266 65.0 像 0
264.363 264.735 67.0 我 0
264.738 264.922 67.0 手 0
265.113 265.391 67.0 中 0
265.488 265.766 67.0 冷 0
265.863 266.235 69.0 掉 0
266.238 266.61 70.0 的 0
266.613 267.078 72.0 可 0
267.363 268.016 65.0 可 1
269.222 269.5 62.0 最 0
269.597 269.969 62.0 最 0
269.972 270.25 60.0 教 0
270.347 270.719 62.0 人 0
271.097 271.187 67.0 残 0
271.191 271.844 69.0 念 0
271.847 272.078 62.0 - 0
272.222 272.594 62.0 的 1
272.914 273.286 60.0 总 0
273.289 273.661 62.0 是 0
273.664 273.942 70.0 未 0
274.039 274.411 70.0 完 0
274.461 274.692 69.0 成 0
274.789 277.036 70.0 的 1
278.465 279.118 67.0 另 0
279.309 279.493 58.0 一 0
279.684 280.055 58.0 半 0
280.434 281.087 67.0 的 0
281.184 281.368 65.0 - 0
281.559 282.399 65.0 歌 1
