22.914 23.312 60.0 她 0
23.314 23.712 63.0 没 0
23.714 24.112 67.0 有 0
24.114 24.779 62.0 焰 0
25.314 25.712 58.0 火 0
26.114 26.512 55.0 绚 0
26.514 27.712 60.0 丽 1
32.547 32.945 60.0 也 0
32.947 33.345 63.0 不 0
33.347 33.712 67.0 象 0
33.747 34.445 62.0 鸟 0
34.547 34.912 63.0 儿 0
34.947 35.345 65.0 会 0
35.747 36.145 70.0 迁 0
36.147 38.512 67.0 徙 1
40.072 40.403 67.0 不 0
40.472 40.87 67.0 过 0
40.872 41.403 65.0 是 0
42.472 42.87 63.0 放 0
42.872 43.17 67.0 飞 0
43.272 43.537 67.0 的 0
43.672 44.003 67.0 风 0
44.072 44.503 65.0 筝 1
45.246 45.577 58.0 怕 0
45.646 46.544 70.0 你 0
46.846 47.244 68.0 心 0
47.246 47.511 67.0 痛 0
47.646 48.044 65.0 才 0
48.046 48.377 64.0 自 0
48.646 49.644 72.0 由 1
50.216 50.614 67.0 记 0
50.616 51.914 68.0 忆 0
52.216 52.614 67.0 的 0
52.616 52.881 65.0 线 0
53.016 53.881 67.0 索 0
54.216 54.614 65.0 在 0
54.616 55.014 63.0 你 0
55.016 55.381 62.0 手 0
55.416 57.481 60.0 中 1
59.675 60.006 60.0 如 0
60.075 61.506 72.0 果 0
61.675 62.006 72.0 你 0
62.075 62.473 72.0 能 0
62.475 63.273 70.0 让 0
63.675 64.206 67.0 她 0
64.475 64.64 65.0 降 0
64.875 67.306 67.0 落 1
69.267 69.632 60.0 天 0
69.667 70.832 72.0 空 0
71.267 71.665 72.0 如 0
71.667 72.065 74.0 自 0
72.067 72.798 70.0 由 0
73.267 74.065 67.0 无 0
74.067 74.398 65.0 尽 0
74.467 75.665 67.0 头 0
75.867 78.032 64.0 - 1
78.948 79.346 60.0 宁 0
79.348 80.613 72.0 愿 0
80.948 81.346 72.0 是 0
81.348 81.746 74.0 条 0
81.748 82.979 70.0 船 0
83.348 83.713 67.0 如 0
83.748 84.146 68.0 果 0
84.148 85.413 70.0 你 0
85.748 86.046 67.0 是 0
86.148 86.513 67.0 大 0
86.548 87.146 65.0 海 0
87.148 88.146 60.0 - 1
88.495 88.85 60.0 就 0
88.895 89.293 67.0 让 0
89.295 89.626 63.0 她 0
89.695 89.96 60.0 能 0
90.095 90.493 67.0 漂 0
90.495 90.86 63.0 流 0
90.895 91.193 60.0 在 0
91.295 92.193 62.0 你 0
92.495 93.293 58.0 心 0
93.695 95.76 60.0 中 1
99.721 100.119 60.0 这 0
100.121 100.519 63.0 世 0
100.521 100.919 67.0 间 0
100.921 101.586 62.0 繁 0
102.121 102.519 58.0 华 0
102.921 103.319 55.0 太 0
103.321 104.519 60.0 多 1
109.42 109.818 60.0 人 0
109.82 110.218 63.0 影 0
110.22 110.585 67.0 交 0
110.62 111.318 62.0 错 0
111.42 111.785 63.0 擦 0
111.82 112.218 65.0 肩 0
112.62 113.018 70.0 而 0
113.02 114.818 67.0 过 0
114.82 115.218 65.0 - 1
116.968 117.299 67.0 她 0
117.368 117.766 67.0 走 0
117.768 118.299 65.0 过 0
119.368 119.766 63.0 惟 0
119.768 120.066 67.0 独 0
120.168 120.433 67.0 她 0
120.568 120.899 67.0 走 0
120.968 121.399 65.0 过 1
122.15 122.481 58.0 让 0
122.55 123.448 70.0 你 0
123.75 124.148 68.0 停 0
124.15 124.415 67.0 下 0
124.55 124.948 65.0 了 0
124.95 125.281 64.0 脚 0
125.55 126.548 72.0 步 1
126.843 127.241 67.0 沉 0
127.243 128.541 68.0 默 0
128.843 129.241 67.0 两 0
129.243 129.508 65.0 颗 0
129.643 130.508 67.0 心 0
130.843 131.241 65.0 不 0
131.243 131.641 63.0 再 0
131.643 132.008 62.0 沉 0
132.043 134.108 60.0 默 1
136.575 136.906 60.0 如 0
136.975 138.406 72.0 果 0
138.575 138.906 72.0 你 0
138.975 139.373 72.0 能 0
139.375 140.173 70.0 让 0
140.575 141.106 67.0 她 0
141.375 141.54 65.0 降 0
141.775 144.206 67.0 落 1
146.13 146.495 60.0 天 0
146.53 147.695 72.0 空 0
148.13 148.528 72.0 如 0
148.53 148.928 74.0 自 0
148.93 149.661 70.0 由 0
150.13 150.928 67.0 无 0
150.93 151.261 65.0 尽 0
151.33 153.061 67.0 头 0
153.13 155.295 64.0 - 1
155.678 156.076 60.0 可 0
156.078 157.343 72.0 知 0
157.678 158.076 72.0 那 0
158.078 158.476 74.0 颗 0
158.478 159.709 70.0 心 0
160.078 160.443 67.0 在 0
160.478 160.876 68.0 风 0
160.878 162.143 70.0 中 0
162.478 162.776 67.0 太 0
162.878 163.243 67.0 落 0
163.278 163.876 65.0 寞 0
163.878 164.876 60.0 - 1
165.781 166.179 67.0 就 0
166.181 166.512 63.0 让 0
166.581 166.846 60.0 她 0
166.981 167.379 67.0 停 0
167.381 167.746 63.0 留 0
167.781 168.079 60.0 在 0
168.181 169.079 62.0 你 0
169.381 170.179 58.0 怀 0
170.581 172.646 60.0 中 1
174.96 175.291 60.0 如 0
175.36 176.791 72.0 果 0
176.96 177.291 72.0 你 0
177.36 177.758 72.0 能 0
177.76 178.558 70.0 让 0
178.96 179.491 67.0 她 0
179.76 179.925 65.0 降 0
180.16 182.591 67.0 落 1
184.435 184.8 60.0 天 0
184.835 186.0 72.0 空 0
186.435 186.833 72.0 如 0
186.835 187.233 74.0 自 0
187.235 187.966 70.0 由 0
188.435 189.233 67.0 无 0
189.235 189.566 65.0 尽 0
189.635 191.366 67.0 头 0
191.435 193.6 64.0 - 1
194.096 194.494 60.0 可 0
194.496 195.761 72.0 知 0
196.096 196.494 72.0 那 0
196.496 196.894 74.0 颗 0
196.896 198.127 70.0 心 0
198.496 198.861 67.0 在 0
198.896 199.294 68.0 风 0
199.296 200.561 70.0 中 0
200.896 201.194 67.0 太 0
201.296 201.661 67.0 落 0
201.696 202.294 65.0 寞 0
202.296 203.294 60.0 - 1
204.064 204.462 67.0 就 0
204.464 204.795 63.0 让 0
204.864 205.129 60.0 她 0
205.264 205.662 67.0 停 0
205.664 206.029 63.0 留 0
206.064 206.362 60.0 在 0
206.464 207.362 62.0 你 0
207.664 208.462 58.0 怀 0
208.864 210.929 60.0 中 1
213.347 213.745 60.0 宁 0
213.747 215.012 72.0 愿 0
215.347 215.712 72.0 是 0
215.747 216.145 72.0 条 0
216.147 217.478 70.0 船 0
217.747 218.145 67.0 如 0
218.147 218.545 68.0 果 0
218.547 219.778 70.0 你 0
220.147 220.478 67.0 是 0
220.547 220.945 67.0 大 0
220.947 221.578 65.0 海 0
221.58 222.845 60.0 - 1
222.899 223.23 60.0 至 0
223.299 223.697 67.0 少 0
223.699 224.064 63.0 让 0
224.099 224.497 60.0 她 0
224.499 224.897 67.0 降 0
224.899 225.364 63.0 落 0
225.365 225.764 60.0 在 0
225.865 227.364 62.0 你 0
227.899 229.13 70.0 怀 0
229.299 232.897 72.0 中 1
