17.866 18.258 73.0 浏 0
18.261 18.653 75.0 阳 0
18.656 19.047 75.0 - 0
19.051 19.442 70.0 - 0
19.445 19.837 70.0 河 0
19.84 20.626 68.0 - 0
21.024 21.317 66.0 弯 0
21.419 21.613 66.0 过 0
21.616 21.811 68.0 了 0
21.814 22.107 73.0 几 0
22.209 22.6 73.0 道 0
22.603 22.995 68.0 弯 0
22.998 23.686 66.0 - 1
24.013 24.41 73.0 几 0
24.413 24.81 70.0 十 0
24.813 25.11 75.0 里 0
25.113 25.41 75.0 - 0
25.413 25.61 73.0 - 0
25.613 26.21 70.0 水 0
26.213 26.41 73.0 - 0
26.413 26.61 73.0 路 0
26.613 27.01 70.0 - 0
27.213 27.61 68.0 到 0
27.613 28.01 68.0 - 0
28.013 28.41 63.0 湘 0
28.413 28.81 61.0 - 0
28.813 30.01 66.0 江 1
30.557 30.854 66.0 江 0
30.957 31.654 66.0 边 0
31.757 32.154 68.0 - 0
32.157 32.554 70.0 有 0
32.557 33.354 73.0 个 0
33.357 33.754 70.0 - 0
33.757 34.149 68.0 什 0
34.152 34.543 68.0 - 0
34.547 34.938 63.0 么 0
34.941 35.333 61.0 - 0
35.336 35.728 66.0 县 0
35.731 35.925 66.0 哪 0
35.928 36.32 63.0 - 1
36.854 37.251 73.0 出 0
37.254 37.651 75.0 了 0
37.654 38.251 75.0 个 0
38.254 38.421 73.0 - 0
38.454 38.851 73.0 什 0
38.854 39.251 70.0 么 0
39.254 39.651 63.0 人 0
39.654 39.951 61.0 - 1
40.015 40.212 66.0 领 0
40.215 40.412 66.0 导 0
40.415 40.612 66.0 人 0
40.615 40.812 68.0 民 0
40.815 41.212 73.0 得 0
41.215 41.612 73.0 解 0
41.615 42.112 68.0 放 0
42.215 42.412 70.0 啊 0
42.415 42.615 66.0 咿 0
42.615 42.812 68.0 呀 0
42.815 43.012 66.0 咿 0
43.015 43.212 63.0 子 0
43.215 45.012 61.0 哟 1
52.794 53.188 73.0 浏 0
53.191 53.585 75.0 阳 0
53.589 53.983 73.0 - 0
53.986 54.38 70.0 - 0
54.383 54.777 70.0 河 0
54.781 55.572 68.0 - 0
55.973 56.268 66.0 弯 0
56.37 56.566 66.0 过 0
56.569 56.764 68.0 了 0
56.768 57.062 73.0 九 0
57.165 57.559 73.0 道 0
57.562 57.956 68.0 弯 0
57.96 58.652 66.0 - 1
59.226 59.625 73.0 五 0
59.628 60.028 70.0 十 0
60.031 60.33 75.0 里 0
60.333 60.632 75.0 - 0
60.635 60.833 73.0 - 0
60.836 61.437 70.0 水 0
61.44 61.638 73.0 - 0
61.642 61.84 73.0 路 0
61.843 62.242 70.0 - 0
62.447 62.839 70.0 到 0
62.842 63.233 68.0 - 0
63.237 63.628 63.0 湘 0
63.631 64.023 61.0 - 0
64.026 65.207 66.0 江 1
65.571 65.868 66.0 江 0
65.971 66.668 66.0 边 0
66.771 67.168 68.0 - 0
67.171 67.568 70.0 有 0
67.571 68.368 73.0 个 0
68.371 68.768 70.0 - 0
68.771 69.168 68.0 湘 0
69.171 69.568 68.0 - 0
69.571 69.968 63.0 潭 0
69.971 70.368 61.0 - 0
70.371 70.768 66.0 县 0
70.771 70.968 66.0 哪 0
70.971 71.368 63.0 - 1
72.021 72.418 73.0 出 0
72.421 72.818 75.0 了 0
72.821 73.418 75.0 个 0
73.421 73.588 73.0 - 0
73.621 74.018 73.0 毛 0
74.021 74.418 70.0 主 0
74.421 74.818 63.0 席 0
74.821 75.118 61.0 - 1
75.166 75.36 66.0 领 0
75.363 75.557 66.0 导 0
75.561 75.755 66.0 人 0
75.758 75.952 68.0 民 0
75.955 76.347 73.0 得 0
76.35 76.742 73.0 解 0
76.745 77.235 68.0 放 0
77.337 77.531 70.0 啊 0
77.534 77.732 66.0 咿 0
77.732 77.926 68.0 呀 0
77.929 78.123 66.0 咿 0
78.127 78.321 63.0 子 0
78.324 80.1 61.0 哟 1
87.803 88.198 73.0 毛 0
88.201 88.596 75.0 - 0
88.6 88.995 75.0 主 0
88.998 89.393 70.0 - 0
89.396 89.792 70.0 席 0
89.795 90.588 68.0 - 0
90.99 91.584 66.0 像 0
91.588 91.784 68.0 - 0
91.787 92.082 73.0 太 0
92.086 92.381 73.0 - 0
92.385 92.58 70.0 - 0
92.584 92.979 68.0 阳 0
92.982 93.676 66.0 - 1
94.281 94.676 73.0 他 0
94.68 95.075 73.0 指 0
95.078 95.374 75.0 引 0
95.377 95.672 75.0 - 0
95.676 95.872 73.0 着 0
95.875 96.469 70.0 人 0
96.473 96.668 73.0 - 0
96.672 96.868 73.0 民 0
96.871 97.266 70.0 - 0
97.469 97.864 70.0 前 0
97.867 98.063 68.0 进 0
98.066 98.262 66.0 的 0
98.265 98.66 63.0 方 0
98.664 99.059 61.0 - 0
99.062 100.254 66.0 向 1
100.728 101.023 66.0 我 0
101.126 101.82 66.0 们 0
101.923 102.318 68.0 - 0
102.321 102.717 70.0 永 0
102.72 103.513 73.0 远 0
103.517 103.912 73.0 - 0
103.915 104.111 68.0 跟 0
104.114 104.31 70.0 - 0
104.314 104.509 68.0 - 0
104.513 104.709 66.0 着 0
104.712 105.107 63.0 毛 0
105.11 105.505 61.0 主 0
105.509 105.904 66.0 席 0
105.907 106.103 66.0 呀 0
106.106 106.501 63.0 - 1
107.003 107.398 73.0 幸 0
107.402 107.797 75.0 - 0
107.8 107.996 78.0 福 0
107.999 108.394 75.0 - 0
108.398 108.564 73.0 的 0
108.597 108.992 73.0 日 0
108.995 109.39 70.0 - 0
109.394 109.789 63.0 子 0
109.792 110.088 61.0 - 0
110.191 110.785 66.0 万 0
110.788 110.984 68.0 - 0
110.987 111.383 73.0 年 0
111.386 111.781 73.0 - 0
111.784 112.279 68.0 长 0
112.382 112.578 70.0 啊 0
112.581 112.78 66.0 咿 0
112.78 112.976 68.0 呀 0
112.979 113.175 66.0 咿 0
113.179 113.375 63.0 子 0
113.378 114.968 61.0 哟 1
115.021 115.417 73.0 幸 0
115.42 115.815 75.0 - 0
115.818 116.014 78.0 福 0
116.017 116.413 75.0 - 0
116.416 116.582 73.0 的 0
116.615 117.01 73.0 日 0
117.014 117.409 73.0 - 0
117.412 117.807 63.0 子 0
117.81 118.106 61.0 - 0
118.209 118.803 66.0 万 0
118.806 119.002 68.0 - 0
119.006 119.401 75.0 年 0
119.404 119.799 73.0 - 0
119.802 121.193 68.0 长 0
121.338 122.131 70.0 啊 0
122.392 123.185 78.0 咿 0
123.189 123.385 78.0 呀 0
123.388 123.783 80.0 - 0
123.786 124.281 78.0 咿 0
124.583 125.277 73.0 子 0
125.38 127.668 73.0 哟 1
