19.919 20.336 47.0 岁 0
20.336 20.752 56.0 月 0
20.752 21.169 52.0 难 0
21.169 21.586 52.0 得 0
21.586 22.002 52.0 沉 0
22.002 22.836 52.0 默 1
23.323 23.74 47.0 秋 0
23.74 24.157 56.0 风 0
24.157 24.573 52.0 厌 0
24.573 24.99 52.0 倦 0
24.99 25.407 52.0 漂 0
25.407 26.24 52.0 泊 1
26.556 26.972 47.0 夕 0
26.972 27.389 56.0 阳 0
27.389 27.806 52.0 赖 0
27.806 28.222 52.0 着 0
28.222 28.639 52.0 不 0
28.639 29.056 52.0 走 1
29.102 29.518 54.0 挂 0
29.518 29.935 54.0 在 0
29.935 30.352 54.0 墙 0
30.352 30.768 52.0 头 0
30.768 31.185 54.0 舍 0
31.185 31.602 56.0 不 0
31.602 32.018 56.0 得 0
32.018 32.435 56.0 我 1
33.371 33.788 52.0 昔 0
33.788 34.205 61.0 日 0
34.205 34.621 61.0 伊 0
34.621 35.038 61.0 人 0
35.038 35.455 61.0 耳 0
35.455 35.871 61.0 边 0
35.871 36.496 61.0 话 1
36.587 37.003 61.0 已 0
37.003 37.42 56.0 和 0
37.42 37.837 59.0 潮 0
37.837 38.253 59.0 声 0
38.253 38.67 59.0 向 0
38.67 39.087 59.0 东 0
39.087 39.503 59.0 流 1
40.046 40.463 47.0 再 0
40.463 40.879 56.0 回 0
40.879 41.296 57.0 首 1
41.523 41.939 57.0 往 0
41.939 42.356 56.0 事 0
42.356 42.773 57.0 也 0
42.773 43.189 56.0 随 0
43.189 43.606 52.0 枫 0
43.606 44.023 52.0 叶 0
44.023 44.439 52.0 一 0
44.439 44.856 54.0 片 0
44.856 45.273 54.0 片 0
45.273 46.106 54.0 落 1
46.544 46.96 47.0 爱 0
46.96 47.377 56.0 已 0
47.377 47.794 52.0 走 0
47.794 48.21 52.0 到 0
48.21 48.627 52.0 尽 0
48.627 49.46 52.0 头 1
49.956 50.373 47.0 恨 0
50.373 50.789 56.0 也 0
50.789 51.206 52.0 放 0
51.206 51.623 52.0 弃 0
51.623 52.039 52.0 承 0
52.039 52.873 52.0 诺 1
53.269 53.686 47.0 命 0
53.686 54.103 56.0 运 0
54.103 54.519 52.0 自 0
54.519 54.936 52.0 认 0
54.936 55.353 52.0 幽 0
55.353 55.769 52.0 默 1
55.873 56.29 54.0 想 0
56.29 56.707 54.0 法 0
56.707 57.123 52.0 太 0
57.123 57.54 52.0 多 0
57.54 57.957 54.0 由 0
57.957 58.373 56.0 不 0
58.373 58.79 56.0 得 0
58.79 59.207 56.0 我 1
59.982 60.399 52.0 壮 0
60.399 60.815 61.0 志 0
60.815 61.232 61.0 凌 0
61.232 61.649 61.0 云 0
61.649 62.065 61.0 几 0
62.065 62.482 61.0 分 0
62.482 62.69 59.0 愁 0
62.69 63.107 61.0 - 1
63.344 63.761 61.0 知 0
63.761 64.178 56.0 己 0
64.178 64.594 59.0 难 0
64.594 65.011 59.0 逢 0
65.011 65.428 59.0 几 0
65.428 65.844 59.0 人 0
65.844 66.261 59.0 留 1
66.607 67.023 47.0 再 0
67.023 67.44 56.0 回 0
67.44 67.857 57.0 首 1
68.265 68.682 57.0 却 0
68.682 69.099 56.0 闻 0
69.099 69.515 57.0 笑 0
69.515 69.932 56.0 传 0
69.932 70.349 52.0 醉 0
70.349 70.765 52.0 梦 0
71.182 73.682 59.0 中 1
74.523 74.94 52.0 笑 0
74.94 75.357 52.0 谈 0
75.357 75.773 54.0 词 0
75.773 76.607 56.0 穷 1
76.672 77.088 56.0 古 0
77.088 77.505 59.0 痴 0
77.505 78.13 61.0 今 0
78.13 78.338 63.0 狂 0
78.338 78.755 61.0 终 0
78.755 79.172 59.0 成 0
79.172 80.005 56.0 空 1
81.161 81.578 52.0 刀 0
81.578 81.994 52.0 钝 0
81.994 82.411 54.0 刃 0
82.411 83.036 56.0 乏 0
83.036 83.244 54.0 - 1
83.339 83.756 54.0 恩 0
83.756 84.173 52.0 断 0
84.173 84.589 56.0 义 0
84.589 85.006 59.0 绝 0
85.006 85.423 59.0 梦 0
85.423 85.839 61.0 方 0
85.839 86.673 54.0 破 1
87.806 88.222 56.0 路 0
88.222 88.639 56.0 荒 0
88.639 89.056 58.0 遗 0
89.056 89.889 60.0 滩 1
90.025 90.442 60.0 饱 0
90.442 90.858 56.0 览 0
90.858 91.275 63.0 足 0
91.275 91.692 61.0 迹 0
91.692 92.108 63.0 没 0
92.108 92.525 64.0 人 0
92.525 92.942 63.0 懂 0
92.942 93.775 61.0 - 1
94.538 94.955 61.0 多 0
94.955 95.372 61.0 年 0
95.372 95.788 59.0 望 0
95.788 96.413 59.0 眼 1
96.43 96.639 54.0 欲 0
96.639 97.055 54.0 穿 0
97.055 97.472 52.0 过 0
97.472 97.889 54.0 红 0
97.889 98.305 56.0 尘 0
98.305 98.722 54.0 滚 0
98.722 99.139 52.0 滚 0
99.139 99.555 54.0 我 0
99.555 99.972 56.0 没 0
99.972 100.389 54.0 看 0
100.389 100.805 52.0 透 1
101.142 101.559 52.0 词 0
101.559 101.975 52.0 嘲 0
101.975 102.392 54.0 墨 0
102.392 103.225 56.0 尽 1
103.323 103.74 56.0 千 0
103.74 104.157 59.0 情 0
104.157 104.782 61.0 万 0
104.782 104.99 63.0 怨 0
104.99 105.407 61.0 英 0
105.407 105.823 59.0 杰 0
105.823 106.657 56.0 愁 1
107.819 108.235 52.0 曲 0
108.235 108.652 52.0 终 0
108.652 109.069 54.0 人 0
109.069 109.694 56.0 散 0
109.694 109.902 54.0 - 1
110.035 110.452 54.0 发 0
110.452 110.868 52.0 花 0
110.868 111.285 56.0 鬓 0
111.285 111.702 59.0 白 0
111.702 112.118 59.0 红 0
112.118 112.535 61.0 颜 0
112.535 113.368 54.0 漠 1
114.561 114.978 56.0 烛 0
114.978 115.395 56.0 残 0
115.395 115.811 58.0 未 0
115.811 116.645 60.0 觉 1
116.686 117.102 60.0 与 0
117.102 117.519 56.0 日 0
117.519 117.936 63.0 争 0
117.936 118.352 61.0 辉 0
118.352 118.769 63.0 徒 0
118.769 119.186 64.0 消 0
119.186 119.602 63.0 瘦 0
119.602 120.436 61.0 - 1
121.235 121.652 61.0 当 0
121.652 122.068 61.0 泪 0
122.068 122.485 59.0 干 0
122.485 123.11 59.0 血 0
123.11 123.318 54.0 隐 0
123.318 123.735 54.0 狂 0
123.735 124.152 52.0 涌 1
124.182 124.598 54.0 白 0
124.598 125.015 56.0 雪 0
125.015 125.432 54.0 纷 0
125.432 125.848 52.0 飞 0
126.265 126.682 54.0 都 0
126.682 127.098 56.0 成 0
127.098 127.932 52.0 空 1
153.311 153.728 47.0 爱 0
153.728 154.145 56.0 已 0
154.145 154.561 52.0 走 0
154.561 154.978 52.0 到 0
154.978 155.395 52.0 尽 0
155.395 156.228 52.0 头 1
156.687 157.103 47.0 恨 0
157.103 157.52 56.0 也 0
157.52 157.937 52.0 放 0
157.937 158.353 52.0 弃 0
158.353 158.77 52.0 承 0
158.77 159.603 52.0 诺 1
159.927 160.344 47.0 命 0
160.344 160.76 56.0 运 0
160.76 161.177 52.0 自 0
161.177 161.594 52.0 认 0
161.594 162.01 52.0 幽 0
162.01 162.427 52.0 默 1
162.492 162.909 54.0 想 0
162.909 163.325 54.0 法 0
163.325 163.742 52.0 太 0
163.742 164.159 52.0 多 0
164.159 164.575 54.0 由 0
164.575 164.992 56.0 不 0
164.992 165.409 56.0 得 0
165.409 165.825 56.0 我 1
166.704 167.12 52.0 壮 0
167.12 167.537 61.0 志 0
167.537 167.954 61.0 凌 0
167.954 168.37 61.0 云 0
168.37 168.787 61.0 几 0
168.787 169.204 61.0 分 0
169.204 169.412 59.0 愁 0
169.412 169.829 61.0 - 1
169.869 170.286 61.0 知 0
170.286 170.702 56.0 己 0
170.702 171.119 59.0 难 0
171.119 171.536 59.0 逢 0
171.536 171.952 59.0 几 0
171.952 172.369 59.0 人 0
172.369 172.786 59.0 留 1
173.246 173.663 47.0 再 0
173.663 174.08 56.0 回 0
174.08 174.496 57.0 首 1
174.859 175.276 57.0 却 0
175.276 175.692 56.0 闻 0
175.692 176.109 57.0 笑 0
176.109 176.526 56.0 传 0
176.526 176.942 54.0 醉 0
176.942 177.359 52.0 梦 0
177.776 178.609 59.0 中 0
178.609 179.338 61.0 oh 0
179.338 180.692 59.0 - 1
181.171 181.588 52.0 笑 0
181.588 182.004 52.0 谈 0
182.004 182.421 54.0 词 0
182.421 183.254 56.0 穷 1
183.345 183.762 56.0 古 0
183.762 184.179 59.0 痴 0
184.179 184.804 61.0 今 0
184.804 185.012 63.0 狂 0
185.012 185.429 61.0 终 0
185.429 185.845 59.0 成 0
185.845 186.679 56.0 空 1
187.89 188.306 52.0 刀 0
188.306 188.723 52.0 钝 0
188.723 189.14 54.0 刃 0
189.14 189.765 56.0 乏 0
189.765 189.973 54.0 - 1
190.038 190.455 54.0 恩 0
190.455 190.871 52.0 断 0
190.871 191.288 56.0 义 0
191.288 191.705 59.0 绝 0
191.705 192.121 59.0 梦 0
192.121 192.538 61.0 方 0
192.538 193.371 54.0 破 1
194.484 194.901 56.0 路 0
194.901 195.318 56.0 荒 0
195.318 195.734 58.0 遗 0
195.734 196.568 60.0 滩 1
196.716 197.132 60.0 饱 0
197.132 197.549 56.0 览 0
197.549 197.966 63.0 足 0
197.966 198.382 61.0 迹 0
198.382 198.799 63.0 没 0
198.799 199.216 64.0 人 0
199.216 199.632 63.0 懂 0
199.632 200.466 61.0 - 1
201.127 201.544 61.0 多 0
201.544 201.96 61.0 年 0
201.96 202.377 59.0 望 0
202.377 203.002 59.0 眼 1
203.114 203.322 54.0 欲 0
203.322 203.739 54.0 穿 0
203.739 204.156 52.0 过 0
204.156 204.572 54.0 红 0
204.572 204.989 56.0 尘 0
204.989 205.406 54.0 滚 0
205.406 205.822 52.0 滚 0
205.822 206.239 54.0 我 0
206.239 206.656 56.0 没 0
206.656 207.072 54.0 看 0
207.072 207.489 52.0 透 1
207.834 208.25 52.0 词 0
208.25 208.667 52.0 嘲 0
208.667 209.084 54.0 墨 0
209.084 209.917 56.0 尽 1
209.965 210.382 56.0 千 0
210.382 210.798 59.0 情 0
210.798 211.423 61.0 万 0
211.423 211.632 63.0 怨 0
211.632 212.048 61.0 英 0
212.048 212.465 59.0 杰 0
212.465 213.298 56.0 愁 1
214.566 214.983 52.0 曲 0
214.983 215.4 52.0 终 0
215.4 215.816 54.0 人 0
215.816 216.441 56.0 散 0
216.441 216.65 54.0 - 1
216.682 217.098 54.0 发 0
217.098 217.515 52.0 花 0
217.515 217.932 56.0 鬓 0
217.932 218.348 59.0 白 0
218.348 218.765 59.0 红 0
218.765 219.182 61.0 颜 0
219.182 220.015 54.0 漠 1
221.192 221.609 56.0 烛 0
221.609 222.025 56.0 残 0
222.025 222.442 58.0 未 0
222.442 223.275 60.0 觉 1
223.32 223.737 60.0 与 0
223.737 224.154 56.0 日 0
224.154 224.57 63.0 争 0
224.57 224.987 61.0 辉 0
224.987 225.404 63.0 徒 0
225.404 225.82 64.0 消 0
225.82 227.07 61.0 瘦 1
227.917 228.333 61.0 当 0
228.333 228.75 61.0 泪 0
228.75 229.167 59.0 干 0
229.167 229.792 59.0 血 0
229.792 230.0 54.0 隐 0
230.0 230.417 54.0 狂 0
230.417 230.833 52.0 涌 1
230.861 231.278 54.0 白 0
231.278 231.695 56.0 雪 0
231.695 232.111 54.0 纷 0
232.111 232.528 52.0 飞 0
232.945 233.361 54.0 都 0
233.361 233.778 56.0 成 0
233.778 234.195 52.0 空 1
234.491 234.908 53.0 笑 0
234.908 235.325 53.0 谈 0
235.325 235.741 55.0 词 0
235.741 236.575 57.0 穷 1
236.65 237.066 57.0 古 0
237.066 237.483 60.0 痴 0
237.483 238.108 62.0 今 0
238.108 238.316 64.0 狂 0
238.316 238.733 62.0 终 0
238.733 239.15 60.0 成 0
239.15 239.983 57.0 空 1
241.205 241.622 53.0 刀 0
241.622 242.038 53.0 钝 0
242.038 242.455 55.0 刃 0
242.455 243.08 57.0 乏 0
243.08 243.288 55.0 - 1
243.295 243.712 55.0 恩 0
243.712 244.129 53.0 断 0
244.129 244.545 57.0 义 0
244.545 244.962 60.0 绝 0
244.962 245.379 60.0 梦 0
245.379 245.795 62.0 方 0
245.795 246.629 55.0 破 1
247.904 248.32 57.0 路 0
248.32 248.737 57.0 荒 0
248.737 249.154 59.0 遗 0
249.154 249.987 61.0 滩 1
250.043 250.46 61.0 饱 0
250.46 250.876 57.0 览 0
250.876 251.293 64.0 足 0
251.293 251.71 62.0 迹 0
251.71 252.126 64.0 没 0
252.126 252.543 65.0 人 0
252.543 252.96 64.0 懂 0
252.96 253.793 62.0 - 1
254.553 254.97 62.0 多 0
254.97 255.387 62.0 年 0
255.387 255.803 60.0 望 0
255.803 256.428 60.0 眼 1
256.462 256.671 57.0 欲 0
256.671 257.087 55.0 穿 0
257.087 257.504 53.0 过 0
257.504 257.921 55.0 红 0
257.921 258.337 57.0 尘 0
258.337 258.754 55.0 滚 0
258.754 259.171 53.0 滚 0
259.171 259.587 55.0 我 0
259.587 260.004 57.0 没 0
260.004 260.421 55.0 看 0
260.421 260.837 53.0 透 1
261.202 261.619 53.0 词 0
261.619 262.035 53.0 嘲 0
262.035 262.452 55.0 墨 0
262.452 263.285 57.0 尽 1
263.318 263.735 57.0 千 0
263.735 264.152 60.0 情 0
264.152 264.777 62.0 万 0
264.777 264.985 64.0 怨 0
264.985 265.402 62.0 英 0
265.402 265.818 60.0 杰 0
265.818 266.652 57.0 愁 1
267.835 268.251 53.0 曲 0
268.251 268.668 53.0 终 0
268.668 269.085 55.0 人 0
269.085 269.501 57.0 散 0
269.501 269.918 55.0 - 1
269.983 270.4 55.0 发 0
270.4 270.816 53.0 花 0
270.816 271.233 57.0 鬓 0
271.233 271.65 60.0 白 0
271.65 272.066 60.0 红 0
272.066 272.483 62.0 颜 0
272.483 273.316 55.0 漠 1
274.592 275.009 57.0 烛 0
275.009 275.426 57.0 残 0
275.426 275.842 59.0 未 0
275.842 276.676 61.0 觉 1
276.696 277.112 61.0 与 0
277.112 277.529 57.0 日 0
277.529 277.946 64.0 争 0
277.946 278.362 62.0 辉 0
278.362 278.779 64.0 徒 0
278.779 279.196 65.0 消 0
279.196 279.612 64.0 瘦 0
279.612 280.446 62.0 - 1
281.189 281.606 62.0 当 0
281.606 282.022 62.0 泪 0
282.022 282.439 60.0 干 0
282.439 283.064 60.0 血 0
283.064 283.272 55.0 隐 0
283.272 283.689 55.0 狂 0
283.689 284.106 53.0 涌 1
284.108 284.524 55.0 白 0
284.524 284.941 57.0 雪 0
284.941 285.358 55.0 纷 0
285.358 285.774 53.0 飞 0
286.191 286.608 55.0 都 0
286.608 287.024 57.0 成 0
287.024 289.108 53.0 空 1
