45.006 45.863 61.0 让 0
45.863 46.291 63.0 我 0
46.291 46.72 66.0 们 0
46.72 47.577 68.0 敲 0
47.577 48.006 68.0 希 0
48.006 48.434 70.0 望 0
48.434 50.149 68.0 的 0
50.149 50.577 66.0 钟 0
50.577 51.006 63.0 - 0
51.006 51.434 63.0 啊 1
51.902 52.33 63.0 多 0
52.33 52.759 63.0 少 0
52.759 53.188 66.0 祈 0
53.188 53.616 68.0 祷 0
53.616 54.473 70.0 在 0
54.473 54.902 70.0 心 0
54.902 55.33 68.0 - 0
55.33 57.911 68.0 中 1
58.718 59.575 61.0 让 0
59.575 60.003 63.0 大 0
60.003 60.432 66.0 家 0
60.432 61.289 68.0 看 0
61.289 61.718 68.0 不 0
61.718 62.146 73.0 - 0
62.146 63.425 70.0 到 0
63.851 64.277 68.0 失 0
64.277 64.703 66.0 - 0
64.703 65.129 66.0 败 1
65.652 66.513 63.0 叫 0
66.513 66.944 63.0 成 0
66.944 67.374 66.0 功 0
67.374 68.235 66.0 永 0
68.235 68.665 66.0 远 0
68.665 69.096 63.0 - 0
69.096 71.678 63.0 在 1
72.539 73.386 61.0 让 0
73.386 73.81 63.0 地 0
73.81 74.234 66.0 球 0
74.234 75.091 68.0 忘 0
75.091 75.519 68.0 记 0
75.519 75.948 70.0 了 0
75.948 77.662 68.0 转 0
77.662 78.093 66.0 动 0
78.093 78.524 63.0 - 0
78.524 78.955 63.0 呀 1
79.248 79.68 63.0 四 0
79.68 80.111 63.0 季 0
80.111 80.542 66.0 少 0
80.542 80.973 68.0 了 0
80.973 81.829 70.0 夏 0
81.829 82.256 70.0 秋 0
82.256 82.684 68.0 - 0
82.684 84.824 68.0 冬 1
86.272 87.129 61.0 让 0
87.129 87.558 63.0 宇 0
87.558 87.987 66.0 宙 0
87.987 88.844 68.0 关 0
88.844 89.272 68.0 不 0
89.272 89.701 73.0 - 0
89.701 91.415 70.0 了 0
91.415 91.844 68.0 天 0
91.844 92.272 66.0 - 0
92.272 92.701 66.0 窗 1
93.075 93.928 63.0 叫 0
93.928 94.354 63.0 太 0
94.354 94.78 66.0 阳 0
94.78 95.633 66.0 不 0
95.633 96.059 66.0 西 0
96.059 96.485 63.0 - 0
96.485 99.071 63.0 冲 1
137.636 138.489 61.0 让 0
138.489 138.916 63.0 欢 0
138.916 139.342 66.0 喜 0
139.342 140.195 68.0 代 0
140.195 140.621 68.0 替 0
140.621 141.047 70.0 了 0
141.047 142.762 68.0 哀 0
142.762 143.19 66.0 愁 0
143.19 143.619 63.0 - 0
143.619 144.047 63.0 呀 1
144.456 144.884 63.0 微 0
144.884 145.313 63.0 笑 0
145.313 145.742 66.0 不 0
145.742 146.17 68.0 会 0
146.17 147.027 70.0 再 0
147.027 147.456 70.0 害 0
147.456 147.884 68.0 - 0
147.884 150.242 68.0 羞 1
151.379 152.236 61.0 让 0
152.236 152.665 63.0 时 0
152.665 153.093 66.0 间 0
153.093 153.95 68.0 懂 0
153.95 154.379 68.0 得 0
154.379 154.808 73.0 - 0
154.808 156.522 70.0 去 0
156.522 156.95 68.0 倒 0
156.95 157.379 66.0 - 0
157.379 157.808 66.0 流 1
158.131 158.988 63.0 叫 0
158.988 159.417 63.0 青 0
159.417 159.845 66.0 春 0
159.845 160.703 66.0 不 0
160.703 161.131 66.0 开 0
161.131 161.56 63.0 - 0
161.56 164.131 63.0 溜 1
164.941 165.798 61.0 让 0
165.798 166.227 63.0 贫 0
166.227 166.656 66.0 穷 0
166.656 167.513 68.0 开 0
167.513 167.941 68.0 始 0
167.941 168.37 70.0 去 0
168.37 170.084 68.0 逃 0
170.084 170.513 66.0 亡 0
170.513 170.941 63.0 - 0
170.941 171.37 63.0 呀 1
171.915 172.344 63.0 快 0
172.344 172.773 63.0 乐 0
172.773 173.201 66.0 健 0
173.201 173.63 68.0 康 0
173.63 174.487 70.0 留 0
174.487 174.915 70.0 四 0
174.915 175.344 68.0 - 0
175.344 177.487 68.0 方 1
178.819 179.673 61.0 让 0
179.673 180.101 63.0 世 0
180.101 180.528 66.0 间 0
180.528 181.383 68.0 找 0
181.383 181.81 68.0 不 0
181.81 182.238 73.0 - 0
182.238 183.952 70.0 到 0
183.952 184.38 68.0 黑 0
184.38 184.809 66.0 - 0
184.809 185.238 66.0 暗 1
185.665 186.519 63.0 幸 0
186.519 186.946 63.0 福 0
186.946 187.373 66.0 像 0
187.373 188.228 66.0 花 0
188.228 188.655 66.0 开 0
188.655 189.082 63.0 - 0
189.082 191.65 63.0 放 1
202.871 203.728 61.0 让 0
203.728 204.156 63.0 我 0
204.156 204.585 66.0 们 0
204.585 205.461 68.0 敲 0
205.461 205.899 68.0 希 0
205.899 206.337 70.0 望 0
206.337 208.051 68.0 的 0
208.051 208.474 66.0 钟 0
208.474 208.897 63.0 - 0
208.897 209.32 63.0 啊 1
209.872 210.3 63.0 多 0
210.3 210.727 63.0 少 0
210.727 211.155 66.0 祈 0
211.155 211.583 68.0 祷 0
211.583 212.427 70.0 在 0
212.427 212.85 70.0 心 0
212.85 213.272 68.0 - 0
213.272 215.85 68.0 中 1
216.536 217.393 61.0 让 0
217.393 217.822 63.0 大 0
217.822 218.25 66.0 家 0
218.25 219.108 68.0 看 0
219.108 219.536 68.0 不 0
219.536 219.965 73.0 - 0
219.965 221.679 70.0 到 0
221.679 222.113 68.0 失 0
222.113 222.547 66.0 - 0
222.547 222.981 66.0 败 1
223.602 224.453 63.0 叫 0
224.453 224.879 63.0 成 0
224.879 225.304 66.0 功 0
225.304 226.155 66.0 永 0
226.155 226.58 66.0 远 0
226.58 227.005 63.0 - 0
227.005 229.57 63.0 在 1
230.294 231.151 61.0 让 0
231.151 231.58 63.0 大 0
231.58 232.009 66.0 家 0
232.009 232.866 68.0 看 0
232.866 233.294 68.0 不 0
233.294 233.723 73.0 - 0
233.723 235.437 70.0 到 0
235.437 235.866 68.0 失 0
235.866 236.294 66.0 - 0
236.294 236.723 66.0 败 1
237.244 238.143 63.0 叫 0
238.143 238.592 63.0 成 0
238.592 239.041 66.0 功 0
239.041 239.985 66.0 永 0
239.985 240.456 66.0 远 0
240.456 240.928 63.0 - 0
240.928 243.873 63.0 在 1
