30.166 30.624 60.0 说 0
30.628 30.855 52.0 好 0
30.858 31.085 52.0 了 0
31.089 31.432 59.0 一 0
31.551 32.008 59.0 起 0
32.012 33.393 57.0 走 1
33.467 33.694 55.0 风 0
33.698 33.925 57.0 雨 0
33.928 34.386 59.0 相 0
34.39 34.848 57.0 伴 0
34.852 35.078 55.0 不 0
35.082 35.309 55.0 回 0
35.313 35.771 57.0 - 0
35.775 37.617 52.0 头 1
37.638 38.095 50.0 爱 0
38.099 38.557 50.0 你 0
38.561 38.788 50.0 我 0
38.792 39.249 50.0 愿 0
39.253 39.48 52.0 意 0
39.484 39.942 52.0 去 0
39.945 40.172 50.0 等 0
40.176 41.326 48.0 候 1
41.33 41.557 57.0 哪 0
41.561 41.788 57.0 怕 0
41.792 42.019 57.0 再 0
42.022 42.249 60.0 过 0
42.253 42.711 59.0 几 0
42.715 43.172 55.0 年 0
43.176 44.788 57.0 秋 1
44.789 45.016 52.0 为 0
45.019 45.477 60.0 爱 0
45.481 45.708 59.0 情 0
45.712 45.939 59.0 孤 0
45.942 46.4 57.0 军 0
46.404 46.631 59.0 奋 0
46.635 48.246 57.0 斗 1
48.253 48.48 55.0 抛 0
48.484 48.711 57.0 开 0
48.715 49.172 57.0 世 0
49.176 49.634 57.0 俗 0
49.638 49.865 55.0 的 0
49.869 50.095 55.0 信 0
50.099 50.557 57.0 - 0
50.561 52.403 52.0 守 1
52.407 52.865 50.0 相 0
52.869 53.326 50.0 信 0
53.33 53.788 50.0 真 0
53.792 54.019 50.0 爱 0
54.022 54.249 52.0 天 0
54.253 54.711 50.0 长 0
54.715 54.942 50.0 地 0
54.945 56.095 48.0 久 1
56.103 56.33 57.0 到 0
56.334 56.561 57.0 最 0
56.565 56.792 57.0 后 0
56.796 57.023 60.0 却 0
57.026 57.253 59.0 一 0
57.257 57.484 57.0 无 0
57.488 57.946 55.0 所 0
57.949 59.792 57.0 有 1
63.355 63.582 57.0 一 0
63.586 63.813 57.0 个 0
63.816 64.047 57.0 人 0
64.047 64.274 57.0 的 0
64.278 64.505 64.0 寂 0
64.509 64.736 62.0 寞 0
64.74 65.197 64.0 - 1
65.262 65.489 55.0 两 0
65.493 65.72 57.0 个 0
65.724 65.951 55.0 人 0
65.954 66.181 57.0 的 0
66.185 67.104 55.0 错 1
67.148 67.375 55.0 爱 0
67.379 67.606 55.0 她 0
67.61 67.837 55.0 为 0
67.841 68.067 57.0 何 0
68.071 68.298 59.0 还 0
68.302 68.533 59.0 要 0
68.533 68.991 62.0 - 0
68.994 69.452 55.0 选 0
69.456 69.683 57.0 择 0
69.687 70.837 57.0 我 1
70.872 71.098 60.0 注 0
71.102 71.329 60.0 定 0
71.333 71.56 60.0 没 0
71.564 71.791 59.0 结 0
71.795 72.483 57.0 果 1
72.485 72.712 57.0 还 0
72.716 72.943 62.0 许 0
72.946 73.173 62.0 下 0
73.177 73.404 62.0 的 0
73.408 73.635 60.0 承 0
73.639 74.558 57.0 诺 1
74.564 74.791 62.0 让 0
74.795 75.022 62.0 我 0
75.025 75.252 62.0 深 0
75.256 75.483 62.0 深 0
75.487 75.714 62.0 陷 0
75.718 76.175 60.0 入 0
76.179 76.406 62.0 - 0
76.41 76.868 64.0 感 0
76.872 77.098 64.0 情 0
77.102 77.329 62.0 旋 0
77.333 77.791 64.0 涡 0
77.795 78.252 64.0 - 1
78.257 78.484 57.0 一 0
78.488 78.715 57.0 个 0
78.719 78.946 57.0 人 0
78.949 79.176 57.0 的 0
79.18 79.384 64.0 寂 0
79.411 79.638 62.0 寞 0
79.642 80.099 64.0 - 1
80.103 80.33 55.0 两 0
80.334 80.561 57.0 个 0
80.565 80.792 55.0 人 0
80.796 81.023 57.0 的 0
81.026 81.946 55.0 错 1
81.949 82.176 55.0 分 0
82.18 82.407 55.0 手 0
82.411 82.638 55.0 虽 0
82.642 82.869 57.0 然 0
82.873 83.099 59.0 是 0
83.103 83.334 59.0 我 0
83.334 83.792 62.0 - 0
83.796 84.253 57.0 先 0
84.257 84.715 55.0 来 0
84.719 85.407 57.0 说 1
85.41 85.637 52.0 又 0
85.641 85.868 60.0 奈 0
85.872 86.098 60.0 何 0
86.102 86.329 60.0 躲 0
86.333 86.56 59.0 的 0
86.564 87.483 57.0 过 0
87.487 87.714 62.0 心 0
87.718 87.945 62.0 痛 0
87.948 88.175 62.0 的 0
88.179 88.406 60.0 折 0
88.41 89.329 57.0 磨 1
89.329 89.556 62.0 这 0
89.56 89.787 62.0 么 0
89.791 90.018 62.0 多 0
90.021 90.248 62.0 年 0
90.252 90.479 62.0 生 0
90.483 90.71 60.0 活 0
90.714 90.941 60.0 改 0
90.944 91.171 62.0 变 1
91.176 91.634 64.0 却 0
91.638 92.095 62.0 依 0
92.099 92.557 59.0 然 0
92.561 93.019 59.0 难 0
93.022 96.711 57.0 过 1
107.562 107.789 52.0 为 0
107.793 108.25 60.0 爱 0
108.254 108.481 59.0 情 0
108.485 108.712 59.0 孤 0
108.716 108.946 57.0 军 0
108.946 109.404 57.0 奋 0
109.408 111.02 57.0 斗 1
111.02 111.247 55.0 抛 0
111.251 111.478 57.0 开 0
111.482 111.94 57.0 世 0
111.943 112.401 57.0 俗 0
112.405 112.632 55.0 的 0
112.636 112.867 55.0 信 0
112.867 113.324 57.0 - 0
113.328 115.17 52.0 守 1
115.173 115.631 50.0 相 0
115.635 116.093 50.0 信 0
116.096 116.554 50.0 真 0
116.558 116.785 50.0 爱 0
116.789 117.016 52.0 天 0
117.019 117.477 52.0 长 0
117.481 117.708 50.0 地 0
117.712 118.862 48.0 久 1
118.865 119.092 57.0 到 0
119.095 119.322 57.0 最 0
119.326 119.553 57.0 后 0
119.557 119.784 60.0 却 0
119.788 120.015 59.0 一 0
120.018 120.245 57.0 无 0
120.249 120.707 55.0 所 0
120.711 122.553 57.0 有 1
126.197 126.424 57.0 一 0
126.428 126.655 57.0 个 0
126.659 126.89 57.0 人 0
126.89 127.116 57.0 的 0
127.12 127.347 64.0 寂 0
127.351 127.578 62.0 寞 0
127.582 128.04 64.0 - 1
128.098 128.325 55.0 两 0
128.329 128.556 57.0 个 0
128.56 128.787 55.0 人 0
128.791 129.018 57.0 的 0
129.021 129.941 55.0 错 1
129.951 130.177 55.0 爱 0
130.181 130.408 55.0 她 0
130.412 130.639 55.0 为 0
130.643 130.87 57.0 何 0
130.874 131.101 59.0 还 0
131.104 131.335 59.0 要 0
131.335 131.793 62.0 - 0
131.797 132.254 57.0 选 0
132.258 132.622 55.0 择 0
132.72 133.07 57.0 我 1
133.559 133.786 60.0 注 0
133.79 134.017 60.0 定 0
134.02 134.247 60.0 没 0
134.251 134.478 59.0 结 0
134.482 135.17 57.0 果 1
135.235 135.462 57.0 还 0
135.466 135.693 62.0 许 0
135.697 135.924 62.0 下 0
135.928 136.154 62.0 的 0
136.158 136.385 60.0 承 0
136.389 137.308 57.0 诺 1
137.321 137.548 62.0 让 0
137.552 137.779 62.0 我 0
137.783 138.01 62.0 深 0
138.013 138.24 62.0 深 0
138.244 138.471 62.0 陷 0
138.475 138.933 60.0 入 0
138.937 139.163 62.0 - 0
139.167 139.625 64.0 感 0
139.629 139.856 64.0 情 0
139.86 140.087 62.0 旋 0
140.09 140.548 64.0 涡 0
140.552 141.01 64.0 - 1
141.01 141.237 57.0 一 0
141.241 141.468 57.0 个 0
141.472 141.699 57.0 人 0
141.703 141.93 57.0 的 0
141.934 142.137 64.0 寂 0
142.164 142.391 62.0 寞 0
142.395 142.853 64.0 - 1
142.858 143.085 55.0 两 0
143.088 143.315 57.0 个 0
143.319 143.546 55.0 人 0
143.55 143.777 57.0 的 0
143.781 144.7 55.0 错 1
144.718 144.945 55.0 分 0
144.949 145.175 55.0 手 0
145.179 145.406 55.0 虽 0
145.41 145.637 57.0 然 0
145.641 145.868 59.0 是 0
145.872 146.102 59.0 我 0
146.102 146.56 62.0 - 0
146.564 147.022 57.0 先 0
147.025 147.483 55.0 来 0
147.487 148.175 57.0 说 1
148.18 148.407 52.0 又 0
148.411 148.638 60.0 耐 0
148.642 148.869 60.0 何 0
148.873 149.1 60.0 躲 0
149.103 149.33 59.0 的 0
149.334 150.253 57.0 过 0
150.257 150.484 62.0 心 0
150.488 150.715 62.0 痛 0
150.719 150.946 62.0 的 0
150.95 151.176 60.0 折 0
151.18 152.1 57.0 磨 1
152.104 152.331 62.0 这 0
152.335 152.562 62.0 么 0
152.566 152.793 62.0 多 0
152.797 153.024 62.0 年 0
153.027 153.254 62.0 生 0
153.258 153.485 60.0 活 0
153.489 153.716 60.0 改 0
153.72 153.947 62.0 变 1
153.947 154.404 64.0 却 0
154.408 154.866 62.0 依 0
154.87 155.327 59.0 然 0
155.331 155.789 59.0 难 0
155.793 156.02 59.0 过 1
156.023 157.635 57.0 一 0
159.485 159.712 57.0 一 0
159.716 159.943 57.0 个 0
159.947 160.177 57.0 人 0
160.177 160.404 57.0 的 0
160.408 160.635 64.0 寂 0
160.639 160.866 62.0 寞 0
160.87 161.327 64.0 - 1
161.334 161.561 55.0 两 0
161.565 161.792 57.0 个 0
161.796 162.023 55.0 人 0
162.026 162.253 57.0 的 0
162.257 163.176 55.0 错 1
163.179 163.406 55.0 爱 0
163.41 163.637 55.0 她 0
163.641 163.868 55.0 为 0
163.872 164.099 57.0 何 0
164.102 164.329 59.0 还 0
164.333 164.564 59.0 要 0
164.564 165.022 62.0 - 0
165.025 165.483 57.0 选 0
165.487 165.85 55.0 择 0
165.949 166.299 57.0 我 1
166.766 166.993 60.0 注 0
166.996 167.223 60.0 定 0
167.227 167.454 60.0 没 0
167.458 167.685 59.0 结 0
167.689 168.377 57.0 果 1
168.408 168.635 57.0 还 0
168.639 168.866 62.0 许 0
168.87 169.096 62.0 下 0
169.1 169.327 62.0 的 0
169.331 169.558 60.0 承 0
169.562 170.481 57.0 诺 1
170.492 170.719 62.0 让 0
170.723 170.95 62.0 我 0
170.953 171.18 62.0 深 0
171.184 171.411 62.0 深 0
171.415 171.642 62.0 陷 0
171.646 172.103 60.0 入 0
172.107 172.334 62.0 - 0
172.338 172.796 64.0 感 0
172.8 173.027 64.0 情 0
173.03 173.257 62.0 旋 0
173.261 173.719 64.0 涡 0
173.723 174.18 64.0 - 1
174.243 174.47 57.0 一 0
174.474 174.701 57.0 个 0
174.705 174.932 57.0 人 0
174.936 175.162 57.0 的 0
175.166 175.37 64.0 寂 0
175.397 175.624 62.0 寞 0
175.628 176.086 64.0 - 1
176.099 176.326 55.0 两 0
176.33 176.557 57.0 个 0
176.561 176.788 55.0 人 0
176.792 177.019 57.0 的 0
177.022 177.942 55.0 错 1
177.945 178.171 55.0 分 0
178.175 178.402 55.0 手 0
178.406 178.633 55.0 虽 0
178.637 178.864 57.0 然 0
178.868 179.095 59.0 是 0
179.098 179.329 59.0 我 0
179.329 179.787 62.0 - 0
179.791 180.248 57.0 先 0
180.252 180.71 55.0 来 0
180.714 181.402 57.0 说 1
181.407 181.634 52.0 又 0
181.638 181.865 60.0 奈 0
181.869 182.096 60.0 何 0
182.099 182.326 60.0 躲 0
182.33 182.557 59.0 的 0
182.561 183.48 57.0 过 0
183.484 183.711 62.0 心 0
183.715 183.942 62.0 痛 0
183.946 184.172 62.0 的 0
184.176 184.403 60.0 折 0
184.407 185.326 57.0 磨 1
185.334 185.561 62.0 这 0
185.565 185.792 62.0 么 0
185.796 186.023 62.0 多 0
186.026 186.253 62.0 年 0
186.257 186.484 62.0 生 0
186.488 186.715 60.0 活 0
186.719 186.946 60.0 改 0
186.95 187.176 62.0 变 1
187.181 187.639 62.0 却 0
187.643 188.101 62.0 依 0
188.104 188.562 59.0 然 0
188.566 189.024 59.0 难 0
189.027 192.716 57.0 过 1
