24.578 24.912 55.0 我 0
24.912 25.245 55.0 - 0
25.245 25.578 55.0 到 0
25.578 25.912 55.0 了 0
25.912 26.245 55.0 这 0
26.245 26.578 55.0 个 0
26.578 26.912 55.0 时 0
26.912 27.245 55.0 候 0
27.245 27.578 53.0 还 0
27.578 27.912 53.0 是 0
27.912 28.578 52.0 一 0
30.064 30.396 55.0 样 0
30.396 30.728 55.0 夜 0
30.728 31.059 55.0 里 0
31.059 31.391 55.0 的 0
31.391 31.723 55.0 寂 0
31.723 32.055 55.0 寞 0
32.055 32.386 55.0 容 0
32.386 32.718 55.0 易 0
32.718 33.05 53.0 叫 0
33.05 33.382 52.0 人 0
33.382 34.046 48.0 悲 0
35.265 35.596 53.0 伤 0
35.596 35.927 53.0 我 0
35.927 36.258 53.0 不 0
36.258 36.59 53.0 敢 0
36.59 36.921 52.0 想 0
36.921 37.252 53.0 的 0
37.252 38.588 60.0 太 0
39.3 39.635 48.0 多 0
39.635 39.97 48.0 因 0
39.97 40.305 48.0 为 0
40.305 40.639 50.0 我 0
40.639 40.972 52.0 一 0
40.972 42.305 52.0 个 0
45.996 46.329 55.0 人 0
46.329 46.661 55.0 迎 0
46.661 46.994 55.0 面 0
46.994 47.327 55.0 而 0
47.327 47.66 55.0 来 0
47.66 47.993 55.0 的 0
47.993 48.326 55.0 月 0
48.326 48.658 55.0 光 0
48.658 48.991 53.0 拉 0
48.991 49.324 53.0 长 0
49.324 50.322 52.0 身 0
51.392 51.725 55.0 影 0
51.725 52.058 55.0 漫 0
52.058 52.39 55.0 无 0
52.39 52.723 55.0 目 0
52.723 53.056 55.0 的 0
53.056 53.389 55.0 地 0
53.389 53.722 55.0 走 0
53.722 54.056 55.0 在 0
54.056 54.391 53.0 冷 0
54.391 54.725 52.0 冷 0
54.725 55.729 48.0 的 0
56.657 56.992 53.0 街 0
56.992 57.326 53.0 我 0
57.326 57.661 53.0 没 0
57.661 57.995 53.0 有 0
57.995 58.33 52.0 你 0
58.33 58.665 53.0 的 0
58.665 60.331 60.0 消 0
60.605 60.938 48.0 息 0
60.938 61.27 48.0 因 0
61.27 61.603 48.0 为 0
61.603 61.934 50.0 我 0
61.934 62.265 52.0 在 0
62.265 63.913 52.0 想 0
63.913 65.271 55.0 你 0
65.271 66.292 60.0 YEA 0
66.292 67.303 55.0 - 0
67.585 67.916 62.0 - 0
67.916 68.909 62.0 爱 0
68.909 69.241 62.0 我 0
69.241 69.905 60.0 别 0
70.363 70.697 60.0 走 0
70.697 71.363 59.0 如 0
71.363 71.697 55.0 果 0
71.705 72.03 57.0 你 0
72.03 72.697 57.0 说 0
73.03 73.363 60.0 你 0
73.372 73.697 64.0 不 0
73.697 74.03 62.0 - 0
74.03 74.697 60.0 爱 0
74.704 77.363 64.0 我 0
78.428 78.762 64.0 不 0
78.762 79.095 64.0 要 0
79.095 79.428 64.0 听 0
79.428 79.762 64.0 见 0
79.762 80.095 64.0 你 0
80.095 80.428 64.0 真 0
80.428 80.759 65.0 的 0
80.759 81.09 64.0 说 0
81.09 81.42 62.0 出 0
81.42 81.751 60.0 口 0
82.068 82.399 57.0 再 0
82.399 82.73 57.0 给 0
82.73 83.398 65.0 我 0
83.398 83.735 64.0 一 0
83.742 84.073 60.0 - 0
84.073 84.748 60.0 点 0
84.748 85.085 64.0 温 0
85.085 85.423 62.0 - 0
85.423 87.749 62.0 柔 0
88.962 89.288 62.0 爱 0
89.288 90.288 62.0 - 0
90.295 90.622 64.0 我 0
90.622 91.288 60.0 别 0
91.655 91.988 60.0 走 0
91.988 92.655 59.0 如 0
92.655 92.981 55.0 果 0
92.981 93.321 55.0 - 0
93.321 93.988 57.0 你 0
94.321 94.655 60.0 说 0
94.662 94.988 62.0 你 0
94.988 95.321 62.0 不 0
95.321 95.988 60.0 - 0
95.988 98.655 64.0 爱 0
99.761 100.094 64.0 我 0
100.094 100.427 64.0 不 0
100.427 100.761 64.0 要 0
100.761 101.094 64.0 听 0
101.094 101.427 64.0 见 0
101.427 101.761 64.0 你 0
101.761 102.094 65.0 真 0
102.094 102.427 64.0 的 0
102.427 102.761 62.0 说 0
102.761 103.094 60.0 出 0
103.252 103.586 57.0 口 0
103.586 103.919 57.0 再 0
103.919 104.586 65.0 给 0
104.586 104.919 64.0 我 0
104.927 105.252 60.0 一 0
105.252 105.919 60.0 - 0
105.919 106.252 62.0 点 0
106.252 106.586 60.0 温 0
106.586 108.252 60.0 - 0
112.718 113.048 55.0 柔 0
113.048 113.378 55.0 我 0
113.378 113.708 55.0 到 0
113.708 114.038 55.0 了 0
114.038 114.368 55.0 这 0
114.368 114.698 55.0 个 0
114.698 115.028 55.0 时 0
115.028 115.364 55.0 候 0
115.364 115.7 53.0 还 0
115.7 116.036 53.0 是 0
116.036 116.707 52.0 一 0
117.924 118.257 55.0 样 0
118.257 118.59 55.0 夜 0
118.59 118.924 55.0 里 0
118.924 119.257 55.0 的 0
119.257 119.59 55.0 寂 0
119.59 119.924 55.0 寞 0
119.924 120.257 55.0 容 0
120.257 120.588 55.0 易 0
120.588 120.92 53.0 叫 0
120.92 121.251 52.0 人 0
121.251 121.914 48.0 悲 0
123.263 123.598 53.0 伤 0
123.598 123.933 53.0 我 0
123.933 124.268 53.0 不 0
124.268 124.602 53.0 敢 0
124.602 124.937 52.0 想 0
124.937 125.272 53.0 的 0
125.272 126.607 60.0 太 0
127.421 127.755 48.0 多 0
127.755 128.088 48.0 因 0
128.088 128.421 48.0 为 0
128.421 128.755 50.0 我 0
128.755 129.088 52.0 一 0
129.088 130.421 52.0 个 0
133.964 134.297 55.0 人 0
134.297 134.63 55.0 迎 0
134.63 134.964 55.0 面 0
134.964 135.297 55.0 而 0
135.297 135.63 55.0 来 0
135.63 135.964 55.0 的 0
135.964 136.297 55.0 月 0
136.297 136.63 55.0 光 0
136.63 136.964 53.0 拉 0
136.964 137.297 53.0 长 0
137.297 138.297 52.0 身 0
139.367 139.696 55.0 影 0
139.696 140.026 55.0 漫 0
140.026 140.355 55.0 无 0
140.355 140.684 55.0 目 0
140.684 141.014 55.0 的 0
141.014 141.343 55.0 地 0
141.343 141.672 55.0 走 0
141.672 142.005 57.0 在 0
142.005 142.339 60.0 冷 0
142.339 142.672 62.0 冷 0
142.672 144.005 60.0 的 0
144.63 144.963 53.0 街 0
144.963 145.297 53.0 我 0
145.297 145.63 53.0 没 0
145.63 145.963 53.0 有 0
145.963 146.297 52.0 你 0
146.297 146.63 53.0 的 0
146.63 148.297 60.0 消 0
148.532 148.866 64.0 息 0
148.866 149.192 62.0 因 0
149.199 149.532 60.0 为 0
149.532 149.866 62.0 我 0
149.866 150.199 60.0 在 0
150.199 153.199 60.0 想 0
153.199 154.199 60.0 你 0
154.206 155.201 55.0 YEA 0
155.678 156.005 64.0 - 0
156.005 157.013 62.0 爱 0
157.013 157.349 62.0 我 0
157.349 158.02 60.0 别 0
158.275 158.609 60.0 走 0
158.609 159.269 59.0 如 0
159.277 159.612 55.0 果 0
159.612 159.946 57.0 - 0
159.946 160.61 57.0 你 0
160.939 161.269 60.0 说 0
161.269 161.598 64.0 你 0
161.598 161.928 62.0 不 0
161.928 162.587 60.0 - 0
162.594 165.26 64.0 爱 0
166.286 166.621 64.0 我 0
166.621 166.956 64.0 不 0
166.956 167.29 64.0 要 0
167.29 167.625 64.0 听 0
167.625 167.96 64.0 见 0
167.96 168.295 64.0 你 0
168.295 168.627 65.0 真 0
168.627 168.96 64.0 的 0
168.96 169.293 62.0 说 0
169.293 169.625 60.0 出 0
169.942 170.274 57.0 口 0
170.274 170.607 57.0 再 0
170.607 171.275 65.0 给 0
171.275 171.614 64.0 我 0
171.614 171.945 60.0 一 0
171.945 172.616 60.0 - 0
172.616 172.951 64.0 点 0
172.951 173.286 62.0 温 0
173.286 175.288 62.0 - 0
177.086 177.412 62.0 柔 0
177.412 178.412 62.0 爱 0
178.412 178.746 62.0 我 0
178.746 179.412 60.0 别 0
179.677 180.01 60.0 走 0
180.01 180.677 59.0 如 0
180.677 181.01 55.0 果 0
181.01 181.343 57.0 你 0
181.343 182.01 57.0 说 0
182.343 182.677 60.0 你 0
182.677 183.01 64.0 不 0
183.01 183.343 62.0 - 0
183.343 184.01 60.0 爱 0
184.018 186.677 64.0 我 0
187.585 187.917 64.0 不 0
187.917 188.249 64.0 - 0
188.249 188.58 64.0 要 0
188.58 188.912 64.0 听 0
188.912 189.244 64.0 见 0
189.244 189.576 64.0 你 0
189.576 189.908 65.0 真 0
189.908 190.24 64.0 的 0
190.24 190.572 62.0 说 0
190.572 190.903 60.0 出 0
191.367 191.699 57.0 口 0
191.699 192.031 57.0 再 0
192.031 192.699 65.0 给 0
192.699 193.036 64.0 我 0
193.036 193.371 60.0 一 0
193.371 194.043 60.0 点 0
194.043 194.379 62.0 温 0
194.379 194.715 60.0 - 0
194.715 196.375 60.0 柔 0
219.639 219.967 62.0 爱 0
219.967 220.976 62.0 我 0
220.984 221.312 65.0 别 0
221.312 221.979 60.0 走 0
222.263 222.594 60.0 如 0
222.594 223.256 59.0 - 0
223.256 223.587 55.0 果 0
223.587 223.918 57.0 - 0
223.918 224.583 57.0 你 0
224.917 225.251 60.0 说 0
225.251 225.585 64.0 你 0
225.585 225.92 62.0 不 0
225.92 226.588 60.0 - 0
226.595 228.922 64.0 爱 0
228.922 229.589 60.0 我 0
230.231 230.565 64.0 - 0
230.565 230.899 64.0 不 0
230.899 231.233 64.0 要 0
231.233 231.568 64.0 听 0
231.568 231.902 64.0 见 0
231.902 232.236 64.0 你 0
232.236 232.568 65.0 真 0
232.568 232.9 64.0 的 0
232.9 233.231 62.0 说 0
233.231 233.563 60.0 出 0
234.034 234.366 57.0 口 0
234.366 234.698 57.0 再 0
234.698 235.362 65.0 给 0
235.362 236.027 64.0 我 0
236.027 236.692 60.0 一 0
236.692 237.024 64.0 点 0
237.024 237.357 62.0 温 0
237.357 239.376 62.0 柔 0
240.925 241.257 62.0 爱 0
241.257 242.252 62.0 - 0
242.26 242.583 65.0 我 0
242.583 243.247 60.0 别 0
243.679 244.012 60.0 走 0
244.012 244.677 59.0 如 0
244.677 245.01 55.0 果 0
245.01 245.343 57.0 - 0
245.343 246.006 57.0 你 0
246.337 246.668 60.0 说 0
246.668 246.999 64.0 你 0
246.999 247.33 62.0 不 0
247.33 247.992 60.0 - 0
247.992 250.345 64.0 爱 0
250.345 251.019 62.0 我 0
251.557 251.886 64.0 - 0
251.886 252.215 64.0 不 0
252.215 252.544 64.0 要 0
252.544 252.873 64.0 听 0
252.873 253.202 64.0 见 0
253.202 253.531 64.0 你 0
253.531 253.865 65.0 真 0
253.865 254.198 64.0 的 0
254.198 254.531 62.0 说 0
254.531 254.865 60.0 出 0
255.374 255.707 57.0 口 0
255.707 256.041 57.0 再 0
256.041 256.709 65.0 给 0
256.709 257.045 64.0 我 0
257.045 257.379 60.0 一 0
257.379 258.049 60.0 点 0
258.049 258.384 62.0 温 0
258.384 258.719 60.0 - 0
258.719 260.396 60.0 柔 0
