25.353 25.908 50.0 五 0
25.908 26.094 53.0 千 0
26.094 26.462 50.0 年 0
26.462 26.834 48.0 的 0
26.834 27.203 50.0 风 0
27.203 27.575 53.0 和 0
27.575 27.944 50.0 雨 0
27.944 28.316 48.0 啊 1
28.329 28.698 50.0 藏 0
28.698 29.07 53.0 了 0
29.07 29.438 55.0 多 0
29.438 29.81 53.0 少 0
29.81 31.292 50.0 梦 1
31.307 31.492 53.0 黄 0
31.492 31.862 55.0 - 0
31.862 32.047 57.0 色 0
32.047 32.416 55.0 的 0
32.416 32.788 53.0 脸 0
32.788 33.344 55.0 黑 0
33.344 33.529 57.0 色 0
33.529 33.898 55.0 的 0
33.898 34.27 53.0 眼 1
34.273 34.642 55.0 不 0
34.642 35.013 53.0 变 0
35.013 35.382 53.0 是 0
35.382 35.754 55.0 笑 0
35.754 37.236 57.0 容 1
37.237 37.977 62.0 八 0
37.977 38.346 62.0 千 0
38.346 38.718 60.0 里 0
38.718 39.087 57.0 山 0
39.087 39.459 55.0 川 0
39.459 39.828 57.0 河 0
39.828 40.2 60.0 岳 1
40.206 40.574 62.0 像 0
40.574 40.946 60.0 是 0
40.946 41.315 57.0 一 0
41.315 41.687 55.0 首 0
41.687 43.169 57.0 歌 1
43.17 43.91 55.0 不 0
43.91 44.279 55.0 论 0
44.279 44.651 53.0 你 0
44.651 45.02 50.0 来 0
45.02 45.392 48.0 自 0
45.392 45.761 50.0 何 0
45.761 46.133 53.0 方 1
46.136 46.504 55.0 将 0
46.504 46.876 53.0 去 0
46.876 47.245 50.0 向 0
47.245 47.617 48.0 何 0
47.617 48.358 50.0 处 1
48.939 49.679 50.0 一 0
49.679 50.42 53.0 样 0
50.42 51.161 50.0 的 0
51.161 51.901 48.0 泪 0
51.901 52.642 50.0 一 0
52.642 53.011 53.0 样 0
53.011 53.383 55.0 的 0
53.383 54.864 57.0 痛 1
54.962 55.331 60.0 曾 0
55.331 55.703 62.0 经 0
55.703 56.072 62.0 的 0
56.072 56.259 60.0 苦 0
56.259 57.185 62.0 难 0
57.554 57.74 62.0 我 0
57.74 57.925 62.0 们 0
57.925 58.294 62.0 留 0
58.294 58.666 60.0 在 0
58.666 59.035 55.0 心 0
59.035 60.148 57.0 中 1
60.947 61.688 50.0 一 0
61.688 62.429 53.0 样 0
62.429 63.17 50.0 的 0
63.17 63.91 48.0 血 0
63.91 64.651 50.0 一 0
64.651 65.02 53.0 样 0
65.02 65.392 55.0 的 0
65.392 66.873 57.0 种 1
66.878 67.247 53.0 未 0
67.247 67.619 55.0 来 0
67.619 67.988 55.0 还 0
67.988 68.175 53.0 有 0
68.175 69.101 55.0 梦 0
69.469 69.656 57.0 我 0
69.656 69.841 60.0 们 0
69.841 70.21 65.0 一 0
70.21 70.582 64.0 起 0
70.582 70.952 62.0 开 0
70.952 72.064 62.0 拓 1
72.618 73.174 62.0 手 0
73.174 73.359 65.0 牵 0
73.359 73.728 62.0 着 0
73.728 74.1 60.0 手 0
74.1 74.655 62.0 不 0
74.655 74.84 65.0 分 0
74.84 75.209 62.0 你 0
75.209 75.581 60.0 我 1
75.63 75.999 62.0 昂 0
75.999 76.371 60.0 首 0
76.371 76.74 62.0 向 0
76.74 77.112 60.0 前 0
77.112 78.593 57.0 走 1
78.719 79.46 62.0 让 0
79.46 79.829 62.0 世 0
79.829 80.201 60.0 界 0
80.201 80.569 57.0 知 0
80.569 80.941 55.0 道 0
80.941 81.31 57.0 我 0
81.31 81.682 60.0 们 0
81.682 82.051 65.0 都 0
82.051 82.423 64.0 是 0
82.423 82.792 62.0 中 0
82.792 83.164 60.0 国 0
83.164 86.127 62.0 人 1
96.425 96.981 50.0 五 0
96.981 97.166 53.0 千 0
97.166 97.535 50.0 年 0
97.535 97.906 48.0 的 0
97.906 98.462 50.0 风 0
98.462 98.647 53.0 和 0
98.647 99.016 50.0 雨 0
99.016 99.388 48.0 啊 1
99.393 99.762 50.0 藏 0
99.762 100.134 53.0 了 0
100.134 100.502 55.0 多 0
100.502 100.874 53.0 少 0
100.874 102.356 50.0 梦 1
102.401 102.586 53.0 黄 0
102.586 102.956 55.0 - 0
102.956 103.142 57.0 色 0
103.142 103.51 55.0 的 0
103.51 103.882 53.0 脸 0
103.882 104.438 55.0 黑 0
104.438 104.623 57.0 色 0
104.623 104.992 55.0 的 0
104.992 105.364 53.0 眼 1
105.364 105.733 55.0 不 0
105.733 106.105 53.0 变 0
106.105 106.473 53.0 是 0
106.473 106.845 55.0 笑 0
106.845 108.327 57.0 容 1
108.344 109.085 62.0 八 0
109.085 109.453 62.0 千 0
109.453 109.825 60.0 里 0
109.825 110.194 57.0 山 0
110.194 110.566 55.0 川 0
110.566 110.935 57.0 河 0
110.935 111.307 60.0 岳 1
111.324 111.693 62.0 像 0
111.693 112.065 60.0 是 0
112.065 112.433 57.0 一 0
112.433 112.805 55.0 首 0
112.805 114.287 57.0 歌 1
114.288 115.028 55.0 不 0
115.028 115.397 55.0 论 0
115.397 115.769 53.0 你 0
115.769 116.138 50.0 来 0
116.138 116.51 48.0 自 0
116.51 116.879 50.0 何 0
116.879 117.251 53.0 方 1
117.251 117.62 55.0 将 0
117.62 117.991 53.0 去 0
117.991 118.36 50.0 向 0
118.36 118.732 48.0 何 0
118.732 120.214 50.0 处 1
120.214 120.954 50.0 一 0
120.954 121.695 53.0 样 0
121.695 122.436 50.0 的 0
122.436 123.177 48.0 泪 0
123.177 123.917 50.0 一 0
123.917 124.286 53.0 样 0
124.286 124.658 55.0 的 0
124.658 126.14 57.0 痛 1
126.14 126.508 60.0 曾 0
126.508 126.88 62.0 经 0
126.88 127.249 62.0 的 0
127.249 127.436 60.0 苦 0
127.436 128.362 62.0 难 0
128.731 128.917 62.0 我 0
128.917 129.103 62.0 们 0
129.103 129.471 62.0 留 0
129.471 129.843 60.0 在 0
129.843 130.212 55.0 心 0
130.212 131.325 57.0 中 1
131.903 132.643 50.0 一 0
132.643 133.384 53.0 样 0
133.384 134.125 50.0 的 0
134.125 134.865 48.0 血 0
134.865 135.606 50.0 一 0
135.606 135.975 53.0 样 0
135.975 136.347 55.0 的 0
136.347 137.828 57.0 种 1
137.891 138.26 53.0 未 0
138.26 138.632 55.0 来 0
138.632 139.001 55.0 还 0
139.001 139.188 53.0 有 0
139.188 140.114 55.0 梦 0
140.483 140.669 57.0 我 0
140.669 140.854 60.0 们 0
140.854 141.223 65.0 一 0
141.223 141.595 64.0 起 0
141.595 141.966 62.0 开 0
141.966 143.817 62.0 拓 1
167.614 168.355 50.0 一 0
168.355 169.096 53.0 样 0
169.096 169.836 50.0 的 0
169.836 170.577 48.0 泪 0
170.577 171.318 50.0 一 0
171.318 171.687 53.0 样 0
171.687 172.059 55.0 的 0
172.059 173.54 57.0 痛 1
173.547 173.916 60.0 曾 0
173.916 174.288 62.0 经 0
174.288 174.657 62.0 的 0
174.657 174.843 60.0 苦 0
174.843 175.769 62.0 难 0
176.138 176.325 62.0 我 0
176.325 176.51 62.0 们 0
176.51 176.879 60.0 留 0
176.879 177.251 60.0 在 0
177.251 177.62 55.0 心 0
177.62 179.473 57.0 中 1
179.473 180.214 50.0 一 0
180.214 180.954 53.0 样 0
180.954 181.695 50.0 的 0
181.695 182.436 48.0 血 0
182.436 183.177 50.0 一 0
183.177 183.545 53.0 样 0
183.545 183.917 55.0 的 0
183.917 185.399 57.0 种 1
185.399 185.768 55.0 未 0
185.768 186.14 55.0 来 0
186.14 186.508 55.0 还 0
186.508 186.695 53.0 有 0
186.695 187.621 55.0 梦 0
187.99 188.177 57.0 我 0
188.177 188.362 60.0 们 0
188.362 188.731 65.0 一 0
188.731 189.103 64.0 起 0
189.103 189.473 62.0 开 0
189.473 191.325 62.0 拓 1
194.103 194.658 62.0 手 0
194.658 194.844 65.0 牵 0
194.844 195.212 62.0 着 0
195.212 195.584 60.0 手 0
195.584 196.14 62.0 不 0
196.14 196.325 65.0 分 0
196.325 196.694 62.0 你 0
196.694 197.066 60.0 我 1
197.153 197.522 62.0 昂 0
197.522 197.893 60.0 首 0
197.893 198.262 62.0 向 0
198.262 198.634 60.0 前 0
198.634 200.116 57.0 走 1
200.119 200.859 62.0 让 0
200.859 201.228 62.0 世 0
201.228 201.6 60.0 界 0
201.6 201.969 57.0 知 0
201.969 202.341 55.0 道 0
202.341 202.71 57.0 我 0
202.71 203.082 60.0 们 0
203.082 203.45 65.0 都 0
203.45 203.822 64.0 是 0
203.822 204.191 62.0 中 0
204.191 204.563 60.0 国 0
204.563 206.045 62.0 人 1
206.126 206.681 62.0 手 0
206.681 206.866 65.0 牵 0
206.866 207.235 62.0 着 0
207.235 207.607 60.0 手 0
207.607 208.163 62.0 不 0
208.163 208.348 65.0 分 0
208.348 208.717 62.0 你 0
208.717 209.089 60.0 我 1
209.1 209.468 62.0 昂 0
209.468 209.84 60.0 首 0
209.84 210.209 62.0 向 0
210.209 210.581 60.0 前 0
210.581 212.063 57.0 走 1
212.063 212.803 62.0 让 0
212.803 213.172 62.0 世 0
213.172 213.544 60.0 界 0
213.544 213.913 57.0 知 0
213.913 214.285 55.0 道 0
214.285 214.654 57.0 我 0
214.654 215.026 60.0 们 0
215.026 215.766 65.0 都 0
215.766 216.507 64.0 是 0
216.507 217.248 62.0 中 0
217.248 218.357 60.0 国 0
218.359 220.951 62.0 人 1
