24.43 24.756 51.0 时 0
24.756 25.082 51.0 常 0
25.082 25.408 51.0 想 0
25.408 25.734 53.0 起 0
25.734 26.712 56.0 你 0
26.712 27.038 53.0 的 0
27.038 28.017 51.0 好 1
29.629 29.955 51.0 时 0
29.955 30.281 51.0 常 0
30.281 30.607 51.0 记 0
30.607 30.934 53.0 得 0
30.934 31.586 63.0 你 0
31.586 31.912 60.0 的 0
31.912 32.238 56.0 微 0
32.238 33.216 58.0 笑 1
34.114 34.44 58.0 时 0
34.44 34.767 60.0 常 0
34.767 35.745 63.0 想 0
35.745 36.071 65.0 起 0
36.071 36.397 65.0 在 0
36.397 36.723 63.0 一 0
36.723 37.049 60.0 起 0
37.049 37.375 63.0 的 0
37.375 38.354 58.0 美 0
38.354 38.68 56.0 - 0
38.68 39.332 53.0 好 1
39.907 40.233 58.0 时 0
40.233 40.559 58.0 常 0
40.559 40.885 58.0 记 0
40.885 41.211 60.0 得 0
41.211 41.537 58.0 你 0
41.537 42.19 56.0 的 0
42.19 42.516 53.0 唠 0
42.516 43.82 51.0 叨 1
45.306 45.632 51.0 你 0
45.632 45.959 51.0 对 0
45.959 46.285 51.0 我 0
46.285 46.611 53.0 是 0
46.611 46.937 56.0 那 0
46.937 47.589 56.0 么 0
47.589 47.915 53.0 的 0
47.915 48.893 51.0 好 1
50.511 50.837 51.0 一 0
50.837 51.163 51.0 切 0
51.163 51.489 51.0 变 0
51.489 51.815 53.0 的 0
51.815 52.467 63.0 幸 0
52.467 52.793 60.0 福 0
52.793 53.119 56.0 美 0
53.119 54.098 58.0 妙 1
55.054 55.38 58.0 因 0
55.38 55.706 60.0 为 0
55.706 56.032 63.0 生 0
56.032 56.684 63.0 命 0
56.684 57.01 65.0 里 0
57.01 57.337 65.0 有 0
57.337 57.663 63.0 了 0
57.663 57.989 60.0 你 0
57.989 58.315 63.0 的 0
58.315 59.293 58.0 存 0
59.293 59.619 56.0 - 0
59.619 60.271 53.0 在 1
60.933 61.259 58.0 一 0
61.259 61.585 58.0 切 0
61.585 61.911 58.0 变 0
61.911 62.237 60.0 的 0
62.237 62.563 58.0 快 0
62.563 63.215 56.0 乐 0
63.215 63.541 53.0 逍 0
63.541 65.498 56.0 遥 1
66.112 66.438 63.0 我 0
66.438 67.09 63.0 想 0
67.09 67.416 65.0 你 0
67.416 68.068 68.0 我 0
68.068 68.395 65.0 爱 0
68.395 68.721 67.0 - 0
68.721 70.025 63.0 你 1
71.278 71.604 65.0 只 0
71.604 71.93 65.0 想 0
71.93 72.257 65.0 把 0
72.257 72.583 63.0 你 0
72.583 72.909 60.0 拥 0
72.909 73.561 53.0 入 0
73.561 73.887 56.0 怀 0
73.887 75.191 58.0 抱 1
75.804 76.13 58.0 幸 0
76.13 76.456 60.0 福 0
76.456 76.782 63.0 的 0
76.782 77.108 63.0 火 0
77.108 77.434 63.0 在 0
77.434 77.76 60.0 我 0
77.76 78.086 58.0 心 0
78.086 78.412 60.0 里 0
78.412 78.738 55.0 - 0
78.738 79.064 55.0 燃 0
79.064 80.369 53.0 烧 1
81.048 81.374 53.0 把 0
81.374 81.7 56.0 我 0
81.7 82.026 58.0 爱 0
82.026 82.352 58.0 的 0
82.352 82.678 58.0 心 0
82.678 83.004 56.0 事 0
83.004 83.331 58.0 让 0
83.331 83.983 68.0 你 0
83.983 84.309 65.0 知 0
84.309 86.265 63.0 道 1
86.994 87.321 63.0 我 0
87.321 87.973 63.0 想 0
87.973 88.299 65.0 你 0
88.299 88.951 68.0 我 0
88.951 89.277 65.0 爱 0
89.277 89.603 67.0 - 0
89.603 90.908 63.0 你 1
92.127 92.453 65.0 只 0
92.453 92.779 65.0 想 0
92.779 93.105 65.0 成 0
93.105 93.431 63.0 为 0
93.431 94.083 60.0 你 0
94.083 94.409 53.0 的 0
94.409 94.736 56.0 依 0
94.736 96.04 58.0 靠 1
96.722 97.048 58.0 穿 0
97.048 97.374 60.0 越 0
97.374 97.7 63.0 了 0
97.7 98.026 63.0 世 0
98.026 98.353 63.0 俗 0
98.353 98.679 60.0 的 0
98.679 99.005 58.0 纷 0
99.005 99.657 60.0 纷 0
99.657 99.983 55.0 扰 0
99.983 101.287 53.0 扰 1
101.911 102.238 53.0 平 0
102.238 102.564 56.0 平 0
102.564 102.89 58.0 淡 0
102.89 103.216 58.0 淡 0
103.216 103.542 58.0 一 0
103.542 103.868 56.0 生 0
103.868 104.194 58.0 陪 0
104.194 104.846 68.0 你 0
104.846 105.172 65.0 到 0
105.172 106.477 63.0 老 1
107.253 107.579 53.0 平 0
107.579 107.905 56.0 平 0
107.905 108.231 58.0 淡 0
108.231 108.557 58.0 淡 0
108.557 108.883 58.0 一 0
108.883 109.209 60.0 生 0
109.209 109.535 63.0 陪 0
109.535 110.188 60.0 你 0
110.188 110.514 58.0 到 0
110.514 113.122 56.0 老 1
133.887 134.213 51.0 时 0
134.213 134.539 51.0 常 0
134.539 134.865 51.0 想 0
134.865 135.191 53.0 起 0
135.191 136.17 56.0 你 0
136.17 136.496 53.0 的 0
136.496 137.474 51.0 好 1
139.072 139.398 51.0 时 0
139.398 139.725 51.0 常 0
139.725 140.051 51.0 记 0
140.051 140.377 53.0 得 0
140.377 141.029 63.0 你 0
141.029 141.355 60.0 的 0
141.355 141.681 56.0 微 0
141.681 142.659 58.0 笑 1
143.773 144.099 58.0 时 0
144.099 144.425 60.0 常 0
144.425 145.403 63.0 想 0
145.403 145.729 65.0 起 0
145.729 146.055 63.0 在 0
146.055 146.381 63.0 一 0
146.381 146.707 60.0 起 0
146.707 147.033 63.0 的 0
147.033 148.012 58.0 美 0
148.012 148.338 56.0 - 0
148.338 148.99 53.0 好 1
149.495 149.821 58.0 时 0
149.821 150.147 58.0 常 0
150.147 150.473 58.0 记 0
150.473 150.8 60.0 得 0
150.8 151.126 58.0 你 0
151.126 151.778 56.0 的 0
151.778 152.104 53.0 唠 0
152.104 153.408 51.0 叨 1
154.758 155.084 51.0 你 0
155.084 155.41 51.0 对 0
155.41 155.736 51.0 我 0
155.736 156.062 53.0 是 0
156.062 156.388 56.0 那 0
156.388 157.04 56.0 么 0
157.04 157.366 53.0 的 0
157.366 158.345 51.0 好 1
160.088 160.414 51.0 一 0
160.414 160.74 51.0 切 0
160.74 161.066 51.0 变 0
161.066 161.392 53.0 的 0
161.392 162.045 63.0 幸 0
162.045 162.371 60.0 福 0
162.371 162.697 56.0 美 0
162.697 163.675 58.0 妙 1
164.561 164.887 58.0 因 0
164.887 165.213 60.0 为 0
165.213 165.539 63.0 生 0
165.539 166.192 63.0 命 0
166.192 166.518 65.0 里 0
166.518 166.844 65.0 有 0
166.844 167.17 63.0 了 0
167.17 167.496 60.0 你 0
167.496 167.822 63.0 的 0
167.822 168.8 58.0 存 0
168.8 169.126 56.0 - 0
169.126 169.779 53.0 在 1
170.407 170.733 58.0 一 0
170.733 171.059 58.0 切 0
171.059 171.385 58.0 变 0
171.385 171.711 60.0 的 0
171.711 172.037 58.0 快 0
172.037 172.689 56.0 乐 0
172.689 173.015 53.0 逍 0
173.015 174.972 56.0 遥 1
175.647 175.973 63.0 我 0
175.973 176.625 63.0 想 0
176.625 176.952 65.0 你 0
176.952 177.604 68.0 我 0
177.604 177.93 65.0 爱 0
177.93 178.256 67.0 - 0
178.256 179.56 63.0 你 1
180.784 181.11 65.0 只 0
181.11 181.436 65.0 想 0
181.436 181.762 65.0 把 0
181.762 182.088 63.0 你 0
182.088 182.414 60.0 拥 0
182.414 183.066 53.0 入 0
183.066 183.392 56.0 怀 0
183.392 184.697 58.0 抱 1
185.498 185.824 58.0 幸 0
185.824 186.15 60.0 福 0
186.15 186.476 63.0 的 0
186.476 186.802 63.0 火 0
186.802 187.128 63.0 在 0
187.128 187.454 60.0 我 0
187.454 187.78 58.0 心 0
187.78 188.106 60.0 里 0
188.106 188.433 55.0 - 0
188.433 188.759 55.0 燃 0
188.759 190.063 53.0 烧 1
190.565 190.891 53.0 把 0
190.891 191.217 56.0 我 0
191.217 191.543 58.0 爱 0
191.543 191.87 58.0 的 0
191.87 192.196 58.0 心 0
192.196 192.522 56.0 事 0
192.522 192.848 58.0 让 0
192.848 193.5 68.0 你 0
193.5 193.826 65.0 知 0
193.826 195.783 63.0 道 1
196.595 196.921 63.0 我 0
196.921 197.573 63.0 想 0
197.573 197.899 65.0 你 0
197.899 198.551 68.0 我 0
198.551 198.877 65.0 爱 0
198.877 199.203 67.0 - 0
199.203 200.508 63.0 你 1
201.766 202.092 65.0 只 0
202.092 202.418 65.0 想 0
202.418 202.744 65.0 成 0
202.744 203.07 63.0 为 0
203.07 203.723 60.0 你 0
203.723 204.049 53.0 的 0
204.049 204.375 56.0 依 0
204.375 205.679 58.0 靠 1
206.358 206.684 58.0 穿 0
206.684 207.011 60.0 越 0
207.011 207.337 60.0 了 0
207.337 207.663 63.0 世 0
207.663 207.989 63.0 俗 0
207.989 208.315 60.0 的 0
208.315 208.641 58.0 纷 0
208.641 209.293 60.0 纷 0
209.293 209.619 55.0 扰 0
209.619 210.924 53.0 扰 1
211.516 211.842 53.0 平 0
211.842 212.168 56.0 平 0
212.168 212.494 58.0 淡 0
212.494 212.82 58.0 淡 0
212.82 213.146 58.0 一 0
213.146 213.472 56.0 生 0
213.472 213.798 58.0 陪 0
213.798 214.451 68.0 你 0
214.451 214.777 65.0 到 0
214.777 216.081 63.0 老 1
216.808 217.134 53.0 平 0
217.134 217.46 56.0 平 0
217.46 217.786 58.0 淡 0
217.786 218.112 58.0 淡 0
218.112 218.439 58.0 一 0
218.439 218.765 60.0 生 0
218.765 219.091 63.0 陪 0
219.091 219.743 60.0 你 0
219.743 220.069 58.0 到 0
220.069 221.373 56.0 老 1
222.026 222.352 53.0 平 0
222.352 222.678 56.0 平 0
222.678 223.004 58.0 淡 0
223.015 223.373 58.0 淡 0
223.386 223.712 58.0 一 0
223.712 224.281 60.0 生 0
224.3 224.713 63.0 陪 0
224.716 225.439 60.0 你 0
225.449 226.591 58.0 到 0
227.651 231.808 56.0 老 1
