26.487 26.882 48.0 自 0
26.882 27.276 51.0 你 0
27.276 27.671 53.0 离 0
27.671 28.066 56.0 开 0
28.066 28.461 53.0 以 0
28.461 30.434 58.0 后 0
30.434 31.618 56.0 - 0
31.949 32.344 56.0 从 0
32.344 32.739 58.0 此 0
32.739 33.133 60.0 就 0
33.133 33.528 60.0 丢 0
33.528 33.923 58.0 了 0
33.923 34.318 58.0 温 0
34.318 35.107 53.0 - 0
35.107 36.686 53.0 柔 0
38.996 39.391 48.0 等 0
39.391 40.181 51.0 - 0
40.181 40.575 53.0 待 0
40.575 40.97 56.0 在 0
40.97 41.76 58.0 这 0
41.76 42.154 58.0 雪 0
42.154 42.549 60.0 山 0
42.549 43.339 58.0 - 0
43.339 43.733 58.0 路 0
43.733 44.128 56.0 漫 0
44.634 45.029 58.0 长 0
45.029 45.423 58.0 听 0
45.423 45.818 60.0 寒 0
45.818 46.213 60.0 风 0
46.213 46.607 58.0 呼 0
46.607 47.002 58.0 啸 0
47.002 47.792 53.0 依 0
47.792 49.765 53.0 旧 0
51.69 52.085 48.0 一 0
52.085 52.48 51.0 眼 0
52.48 52.874 53.0 望 0
52.874 53.269 56.0 不 0
53.269 53.664 53.0 到 0
53.664 55.637 58.0 边 0
55.637 56.822 56.0 - 0
57.264 57.659 56.0 风 0
57.659 58.054 58.0 似 0
58.054 58.449 60.0 刀 0
58.449 58.843 60.0 割 0
58.843 59.238 58.0 我 0
59.238 59.633 58.0 的 0
59.633 60.422 53.0 - 0
60.422 62.791 53.0 脸 0
64.303 64.697 48.0 等 0
64.697 65.487 51.0 - 0
65.487 65.882 53.0 不 0
65.882 66.276 56.0 到 0
66.276 67.066 58.0 西 0
67.066 67.461 58.0 海 0
67.461 67.855 60.0 天 0
67.855 68.645 58.0 - 0
68.645 69.039 58.0 际 0
69.039 69.434 56.0 蔚 0
69.897 70.292 58.0 蓝 0
70.292 70.686 58.0 无 0
70.686 71.081 60.0 言 0
71.081 71.476 60.0 这 0
71.476 71.871 58.0 苍 0
71.871 72.265 58.0 茫 0
72.265 72.66 56.0 的 0
72.66 75.029 53.0 高 0
76.951 77.346 56.0 原 0
77.346 78.135 56.0 还 0
78.135 78.53 58.0 记 0
78.53 78.925 60.0 得 0
78.925 79.32 63.0 你 0
79.32 79.714 63.0 答 0
79.714 80.109 63.0 应 0
80.109 80.504 60.0 过 0
80.618 81.013 63.0 我 0
81.013 81.407 65.0 不 0
81.407 81.802 65.0 会 0
81.802 82.197 63.0 让 0
82.197 82.592 65.0 我 0
82.592 82.986 65.0 把 0
82.986 83.381 65.0 你 0
83.381 83.776 63.0 找 0
83.776 84.171 60.0 不 0
84.492 84.887 63.0 见 0
84.887 85.282 65.0 可 0
85.282 85.676 68.0 你 0
85.676 86.071 68.0 跟 0
86.071 86.466 68.0 随 0
86.466 86.861 68.0 那 0
86.861 87.255 68.0 南 0
87.255 87.65 65.0 归 0
87.65 88.045 65.0 的 0
88.045 88.44 68.0 候 0
88.442 88.836 65.0 鸟 0
88.836 89.231 65.0 飞 0
89.231 89.626 65.0 得 0
89.626 90.021 63.0 那 0
90.021 90.415 60.0 么 0
90.837 91.232 63.0 远 0
91.232 91.627 60.0 爱 0
91.627 92.021 58.0 像 0
92.021 92.416 58.0 风 0
92.416 92.811 58.0 筝 0
92.811 93.205 56.0 断 0
93.205 93.6 53.0 了 0
94.051 94.446 56.0 线 0
94.446 94.84 58.0 拉 0
94.84 95.63 58.0 不 0
95.63 96.025 58.0 住 0
96.025 96.419 60.0 你 0
96.419 96.814 63.0 许 0
96.814 97.209 65.0 下 0
97.209 97.604 65.0 的 0
97.604 97.998 63.0 诺 0
97.998 98.393 60.0 - 0
98.393 99.972 60.0 言 0
100.187 100.581 56.0 我 0
100.581 100.976 58.0 - 0
100.976 101.371 63.0 在 0
101.371 101.766 63.0 苦 0
101.766 102.16 63.0 苦 0
102.16 102.555 60.0 等 0
102.555 102.95 63.0 待 0
102.95 103.345 65.0 雪 0
103.345 103.739 65.0 山 0
103.739 104.134 63.0 之 0
104.155 104.55 65.0 巅 0
104.55 104.945 65.0 温 0
104.945 105.339 65.0 暖 0
105.339 105.734 63.0 的 0
105.734 106.129 60.0 春 0
106.494 106.888 63.0 天 0
106.888 107.283 65.0 等 0
107.283 107.678 68.0 到 0
107.678 108.072 68.0 高 0
108.072 108.467 68.0 原 0
108.467 108.862 68.0 冰 0
108.862 109.257 68.0 雪 0
109.257 109.651 65.0 融 0
109.651 110.046 65.0 化 0
110.046 110.441 68.0 之 0
110.471 110.866 65.0 后 0
110.866 111.26 65.0 归 0
111.26 111.655 65.0 来 0
111.655 112.05 63.0 的 0
112.05 112.445 60.0 孤 0
112.902 113.297 63.0 雁 0
113.297 113.692 60.0 爱 0
113.692 114.087 58.0 再 0
114.087 114.481 58.0 难 0
114.481 114.876 58.0 以 0
114.876 115.271 56.0 续 0
115.271 115.665 53.0 情 0
116.033 116.428 56.0 缘 0
116.428 116.823 58.0 回 0
116.823 117.612 58.0 不 0
117.612 118.007 58.0 到 0
118.007 118.402 60.0 我 0
118.402 118.796 58.0 们 0
119.191 119.586 56.0 的 0
119.586 119.981 53.0 从 0
119.981 122.349 53.0 前 0
133.917 134.312 48.0 一 0
134.312 134.707 51.0 眼 0
134.707 135.102 53.0 望 0
135.102 135.496 56.0 不 0
135.496 135.891 53.0 到 0
135.891 137.865 58.0 边 0
137.865 139.049 56.0 - 0
139.379 139.773 56.0 风 0
139.773 140.168 58.0 似 0
140.168 140.563 60.0 刀 0
140.563 140.958 60.0 割 0
140.958 141.352 58.0 我 0
141.352 141.747 58.0 的 0
141.747 142.142 56.0 - 0
142.142 144.51 53.0 脸 0
146.522 146.917 48.0 等 0
146.917 147.706 51.0 不 0
147.706 148.101 53.0 到 0
148.101 148.496 56.0 西 0
148.496 149.285 58.0 海 0
149.285 149.68 58.0 天 0
149.68 150.075 58.0 - 0
150.075 150.864 58.0 际 0
150.864 151.259 58.0 蔚 0
151.259 151.654 56.0 蓝 0
152.032 152.427 58.0 无 0
152.427 152.822 58.0 言 0
152.822 153.216 60.0 这 0
153.216 153.611 60.0 苍 0
153.611 154.006 58.0 茫 0
154.006 154.401 58.0 的 0
154.401 154.795 56.0 高 0
154.795 157.164 53.0 原 0
159.095 159.489 56.0 还 0
159.489 160.279 56.0 记 0
160.279 160.673 58.0 得 0
160.673 161.068 60.0 你 0
161.068 161.463 63.0 答 0
161.463 161.858 63.0 应 0
161.858 162.252 63.0 过 0
162.252 162.647 60.0 我 0
162.719 163.114 63.0 不 0
163.114 163.509 65.0 会 0
163.509 163.903 65.0 让 0
163.903 164.298 63.0 我 0
164.298 164.693 65.0 把 0
164.693 165.088 65.0 你 0
165.088 165.482 65.0 找 0
165.482 165.877 63.0 不 0
165.877 166.272 60.0 见 0
166.527 166.921 63.0 可 0
166.921 167.316 65.0 - 0
167.316 167.711 68.0 你 0
167.711 168.105 68.0 跟 0
168.105 168.5 68.0 随 0
168.5 168.895 68.0 那 0
168.895 169.29 68.0 南 0
169.29 169.684 65.0 归 0
169.684 170.079 65.0 的 0
170.079 170.474 68.0 候 0
170.547 170.942 65.0 鸟 0
170.942 171.336 65.0 飞 0
171.336 171.731 65.0 得 0
171.731 172.126 63.0 那 0
172.126 172.521 60.0 么 0
172.87 173.265 63.0 远 0
173.265 173.66 60.0 爱 0
173.66 174.055 58.0 像 0
174.055 174.449 58.0 风 0
174.449 174.844 58.0 筝 0
174.844 175.239 56.0 断 0
175.239 175.633 53.0 了 0
176.015 176.41 56.0 线 0
176.41 176.805 58.0 拉 0
176.805 177.594 58.0 不 0
177.594 177.989 58.0 住 0
177.989 178.384 60.0 你 0
178.384 178.778 63.0 许 0
178.778 179.173 65.0 下 0
179.173 179.568 65.0 的 0
179.568 179.963 63.0 诺 0
179.963 180.357 60.0 - 0
180.357 181.936 60.0 - 0
182.301 182.696 56.0 言 0
182.696 183.09 58.0 我 0
183.09 183.485 63.0 在 0
183.485 183.88 63.0 苦 0
183.88 184.275 63.0 苦 0
184.275 184.669 60.0 等 0
184.669 185.064 63.0 待 0
185.064 185.459 65.0 雪 0
185.459 185.854 65.0 山 0
185.854 186.248 63.0 之 0
186.254 186.649 65.0 巅 0
186.649 187.044 65.0 温 0
187.044 187.439 65.0 暖 0
187.439 187.833 63.0 的 0
187.833 188.228 60.0 春 0
188.71 189.105 63.0 天 0
189.105 189.499 65.0 等 0
189.499 189.894 68.0 到 0
189.894 190.289 68.0 高 0
190.289 190.683 68.0 原 0
190.683 191.078 68.0 冰 0
191.078 191.473 68.0 雪 0
191.473 191.868 65.0 融 0
191.868 192.262 65.0 化 0
192.262 192.657 68.0 之 0
192.676 193.071 65.0 后 0
193.071 193.466 65.0 归 0
193.466 193.86 65.0 来 0
193.86 194.255 63.0 的 0
194.255 194.65 60.0 孤 0
194.969 195.363 63.0 雁 0
195.363 195.758 60.0 爱 0
195.758 196.153 58.0 再 0
196.153 196.548 58.0 难 0
196.548 196.942 58.0 以 0
196.942 197.337 56.0 续 0
197.337 197.732 53.0 情 0
198.2 198.595 56.0 缘 0
198.595 198.99 58.0 回 0
198.99 199.779 58.0 不 0
199.779 200.174 58.0 到 0
200.174 200.569 60.0 我 0
200.569 200.964 58.0 们 0
201.358 201.753 56.0 的 0
201.753 202.148 53.0 从 0
202.148 204.516 53.0 前 0
234.871 235.266 56.0 还 0
235.266 236.055 56.0 - 0
236.055 236.45 58.0 记 0
236.45 236.845 60.0 得 0
236.845 237.239 63.0 你 0
237.239 237.634 63.0 答 0
237.634 238.029 63.0 应 0
238.029 238.424 60.0 过 0
238.499 238.893 63.0 我 0
238.893 239.288 65.0 不 0
239.288 239.683 65.0 会 0
239.683 240.078 63.0 让 0
240.078 240.472 65.0 我 0
240.472 240.867 65.0 把 0
240.867 241.262 65.0 你 0
241.262 241.657 63.0 找 0
241.657 242.051 60.0 不 0
242.477 242.872 63.0 见 0
242.872 243.267 65.0 可 0
243.267 243.661 68.0 你 0
243.661 244.056 68.0 跟 0
244.056 244.451 68.0 随 0
244.451 244.845 68.0 那 0
244.845 245.24 68.0 南 0
245.24 245.635 65.0 归 0
245.635 246.03 65.0 的 0
246.03 246.424 68.0 候 0
246.424 246.819 65.0 鸟 0
246.819 247.214 65.0 飞 0
247.214 247.609 65.0 得 0
247.609 248.003 63.0 那 0
248.003 248.398 60.0 么 0
248.7 249.095 63.0 远 0
249.095 249.489 60.0 爱 0
249.489 249.884 58.0 像 0
249.884 250.279 58.0 风 0
250.279 250.674 58.0 筝 0
250.674 251.068 56.0 断 0
251.068 251.463 53.0 了 0
251.857 252.251 56.0 线 0
252.251 252.646 58.0 拉 0
252.646 253.436 58.0 不 0
253.436 253.83 58.0 住 0
253.83 254.225 60.0 你 0
254.225 254.62 63.0 许 0
254.62 255.015 65.0 下 0
255.015 255.409 68.0 的 0
255.409 255.804 65.0 诺 0
255.804 256.199 60.0 - 0
256.199 257.778 60.0 - 0
258.118 258.512 56.0 言 0
258.512 258.907 58.0 我 0
258.907 259.302 63.0 在 0
259.302 259.696 63.0 苦 0
259.696 260.091 63.0 苦 0
260.091 260.486 60.0 等 0
260.486 260.881 63.0 待 0
260.881 261.275 65.0 雪 0
261.275 261.67 65.0 山 0
261.67 262.065 63.0 之 0
262.162 262.557 65.0 巅 0
262.557 262.951 65.0 温 0
262.951 263.346 65.0 暖 0
263.346 263.741 63.0 的 0
263.741 264.136 60.0 春 0
264.428 264.823 63.0 天 0
264.823 265.218 65.0 等 0
265.218 265.613 68.0 到 0
265.613 266.007 68.0 高 0
266.007 266.402 68.0 原 0
266.402 266.797 68.0 冰 0
266.797 267.191 68.0 雪 0
267.191 267.586 65.0 融 0
267.586 267.981 65.0 化 0
267.981 268.376 68.0 之 0
268.495 268.889 65.0 后 0
268.889 269.284 65.0 归 0
269.284 269.679 65.0 来 0
269.679 270.074 63.0 的 0
270.074 270.468 60.0 孤 0
270.821 271.216 63.0 雁 0
271.216 271.611 60.0 爱 0
271.611 272.005 58.0 再 0
272.005 272.4 58.0 难 0
272.4 272.795 58.0 以 0
272.795 273.19 56.0 续 0
273.19 273.584 53.0 情 0
274.055 274.45 56.0 缘 0
274.45 274.844 58.0 回 0
274.844 275.634 58.0 不 0
275.634 276.029 58.0 到 0
276.029 276.423 60.0 我 0
276.423 276.818 58.0 们 0
277.213 277.608 56.0 的 0
277.608 278.002 53.0 从 0
278.002 281.16 53.0 前 0
