25.459 25.812 58.0 独 0
25.812 26.165 58.0 自 0
26.165 26.518 58.0 走 0
26.518 26.871 60.0 在 0
26.871 27.224 62.0 繁 0
27.224 27.577 60.0 华 0
27.577 27.93 58.0 的 0
27.93 28.283 60.0 都 0
28.283 29.695 55.0 市 1
31.187 31.539 58.0 微 0
31.539 31.892 58.0 风 0
31.892 32.245 58.0 吹 0
32.245 32.598 60.0 来 0
32.598 32.951 62.0 浪 0
32.951 33.304 65.0 漫 0
33.304 33.657 62.0 的 0
33.657 34.01 58.0 气 0
34.01 35.422 60.0 息 1
36.702 37.055 62.0 你 0
37.055 37.407 62.0 那 0
37.407 37.76 60.0 熟 0
37.76 38.113 62.0 - 0
38.113 39.172 65.0 悉 0
39.525 39.878 62.0 疲 0
39.878 40.231 60.0 惫 0
40.231 40.584 60.0 的 0
40.584 40.937 53.0 身 0
40.937 41.643 55.0 影 1
42.395 42.748 60.0 凌 0
42.748 43.453 60.0 乱 0
43.453 43.806 62.0 了 0
43.806 44.512 60.0 我 0
45.218 45.571 60.0 轻 0
45.571 45.924 60.0 盈 0
45.924 46.277 58.0 的 0
46.277 46.63 55.0 脚 0
46.63 48.042 58.0 步 1
49.39 49.743 53.0 柔 0
49.743 50.449 53.0 柔 0
50.449 50.802 55.0 的 0
50.802 51.508 62.0 风 0
51.508 51.861 60.0 轻 0
51.861 52.214 58.0 拂 0
52.214 52.567 60.0 腮 0
52.567 52.92 58.0 边 0
52.92 53.273 58.0 的 0
53.273 53.626 55.0 泪 0
53.626 54.332 58.0 滴 1
55.118 55.47 62.0 吹 0
55.47 56.176 62.0 走 0
56.176 56.529 65.0 了 0
56.529 56.882 67.0 祝 0
56.882 57.235 65.0 福 0
57.235 57.588 62.0 的 0
57.588 57.941 62.0 心 0
57.941 59.706 60.0 絮 1
60.756 61.108 62.0 你 0
61.108 61.461 62.0 那 0
61.461 61.814 60.0 无 0
61.814 62.167 62.0 - 0
62.167 63.226 65.0 奈 0
63.579 63.932 62.0 离 0
63.932 64.285 60.0 去 0
64.285 64.638 60.0 的 0
64.638 64.991 53.0 背 0
64.991 66.05 55.0 影 1
66.447 66.8 60.0 留 0
66.8 67.505 60.0 给 0
67.505 67.858 62.0 我 0
67.858 68.211 60.0 深 0
68.211 68.564 58.0 深 0
68.564 68.917 55.0 的 0
68.917 69.623 58.0 记 0
69.623 71.035 58.0 忆 1
72.014 72.367 65.0 如 0
72.367 72.72 65.0 果 0
72.72 73.072 65.0 上 0
73.072 73.425 67.0 苍 0
73.425 73.778 70.0 让 0
73.778 74.837 70.0 我 0
74.837 75.19 67.0 再 0
75.19 75.543 65.0 选 0
75.543 75.896 65.0 择 0
75.896 76.249 62.0 一 0
76.249 76.955 65.0 次 1
77.665 78.018 67.0 我 0
78.018 78.371 67.0 会 0
78.371 78.724 67.0 期 0
78.724 79.076 70.0 待 0
79.076 79.429 67.0 与 0
79.429 79.782 65.0 - 0
79.782 80.135 65.0 你 0
80.488 80.841 67.0 下 0
80.841 81.194 65.0 一 0
81.194 81.547 65.0 次 0
81.547 81.9 58.0 相 0
81.9 82.606 60.0 遇 1
83.343 83.696 62.0 呼 0
83.696 84.402 60.0 吸 0
84.402 84.755 62.0 着 0
84.755 85.46 65.0 有 0
85.46 86.166 67.0 你 0
86.166 86.519 62.0 呼 0
86.519 86.872 60.0 吸 0
86.872 87.225 60.0 的 0
87.225 87.578 53.0 气 0
87.578 88.284 55.0 息 1
88.971 89.324 60.0 感 0
89.324 89.677 60.0 受 0
89.677 90.03 60.0 你 0
90.03 90.383 62.0 那 0
90.383 90.736 60.0 浓 0
90.736 91.088 58.0 浓 0
91.088 91.441 60.0 的 0
91.441 91.794 62.0 情 0
91.794 93.912 65.0 意 1
94.722 95.075 65.0 如 0
95.075 95.428 65.0 果 0
95.428 95.781 65.0 上 0
95.781 96.134 67.0 苍 0
96.134 96.487 70.0 让 0
96.487 97.545 70.0 我 0
97.545 97.898 67.0 再 0
97.898 98.251 65.0 爱 0
98.251 98.604 65.0 你 0
98.604 98.957 62.0 一 0
98.957 99.663 65.0 次 1
100.384 100.737 67.0 我 0
100.737 101.09 67.0 会 0
101.09 101.443 67.0 和 0
101.443 101.796 70.0 你 0
101.796 102.149 67.0 牵 0
102.149 102.855 65.0 手 0
103.207 103.56 67.0 不 0
103.56 103.913 65.0 离 0
103.913 104.266 65.0 也 0
104.266 104.619 58.0 不 0
104.619 105.325 60.0 弃 1
105.863 106.216 62.0 紧 0
106.216 106.569 62.0 紧 0
106.569 106.922 60.0 依 0
106.922 107.275 62.0 偎 0
107.275 107.628 65.0 在 0
107.628 108.334 67.0 你 0
108.687 109.039 62.0 温 0
109.039 109.392 60.0 暖 0
109.392 109.745 60.0 的 0
109.745 110.098 53.0 怀 0
110.098 110.804 55.0 里 1
111.535 111.888 60.0 温 0
111.888 112.241 60.0 馨 0
112.241 112.594 60.0 你 0
112.594 112.947 62.0 那 0
112.947 113.3 60.0 怀 0
113.3 114.006 58.0 抱 0
114.359 114.712 60.0 散 0
114.712 115.064 58.0 发 0
115.064 115.417 55.0 我 0
115.417 115.77 58.0 的 0
115.77 116.123 60.0 香 0
116.123 118.241 58.0 气 1
141.226 141.579 58.0 独 0
141.579 141.932 58.0 自 0
141.932 142.285 58.0 走 0
142.285 142.638 60.0 在 0
142.638 142.991 62.0 繁 0
142.991 143.344 60.0 华 0
143.344 143.697 58.0 的 0
143.697 144.05 60.0 都 0
144.05 145.461 55.0 市 1
146.888 147.241 58.0 微 0
147.241 147.594 58.0 风 0
147.594 147.947 58.0 吹 0
147.947 148.3 60.0 来 0
148.3 148.653 62.0 浪 0
148.653 149.006 65.0 漫 0
149.006 149.359 60.0 的 0
149.359 149.712 58.0 气 0
149.712 151.123 60.0 息 1
152.523 152.876 62.0 你 0
152.876 153.229 62.0 那 0
153.229 153.582 60.0 熟 0
153.582 153.935 62.0 - 0
153.935 154.994 65.0 悉 0
155.347 155.7 62.0 疲 0
155.7 156.053 60.0 惫 0
156.053 156.406 60.0 的 0
156.406 156.759 53.0 身 0
156.759 157.464 55.0 影 1
158.171 158.524 60.0 凌 0
158.524 159.23 60.0 乱 0
159.23 159.583 62.0 了 0
159.583 160.289 60.0 我 0
160.995 161.348 60.0 轻 0
161.348 161.701 60.0 盈 0
161.701 162.054 58.0 的 0
162.054 162.407 55.0 脚 0
162.407 163.818 58.0 步 1
165.325 165.678 53.0 柔 0
165.678 166.384 53.0 柔 0
166.384 166.737 55.0 的 0
166.737 167.443 62.0 风 0
167.443 167.796 60.0 轻 0
167.796 168.149 58.0 拂 0
168.149 168.502 60.0 腮 0
168.502 168.854 58.0 边 0
168.854 169.207 58.0 的 0
169.207 169.56 55.0 泪 0
169.56 170.266 58.0 滴 1
170.932 171.285 62.0 吹 0
171.285 171.991 62.0 走 0
171.991 172.344 65.0 了 0
172.344 172.697 67.0 祝 0
172.697 173.05 65.0 福 0
173.05 173.403 62.0 的 0
173.403 173.756 62.0 心 0
173.756 175.52 60.0 絮 1
176.586 176.939 62.0 你 0
176.939 177.292 62.0 那 0
177.292 177.645 60.0 无 0
177.645 177.998 62.0 - 0
177.998 179.057 65.0 奈 0
179.41 179.763 62.0 离 0
179.763 180.116 60.0 去 0
180.116 180.469 60.0 的 0
180.469 180.821 53.0 背 0
180.821 181.88 55.0 影 1
182.26 182.613 60.0 留 0
182.613 183.319 60.0 给 0
183.319 183.672 62.0 我 0
183.672 184.025 60.0 深 0
184.025 184.378 58.0 深 0
184.378 184.731 55.0 的 0
184.731 185.437 58.0 记 0
185.437 186.848 58.0 忆 1
187.798 188.151 65.0 如 0
188.151 188.504 65.0 果 0
188.504 188.857 65.0 上 0
188.857 189.21 67.0 苍 0
189.21 189.563 70.0 让 0
189.563 190.622 70.0 我 0
190.622 190.975 67.0 再 0
190.975 191.328 65.0 选 0
191.328 191.681 65.0 择 0
191.681 192.034 62.0 一 0
192.034 192.739 65.0 次 1
193.516 193.869 67.0 我 0
193.869 194.222 67.0 会 0
194.222 194.575 67.0 期 0
194.575 194.928 70.0 待 0
194.928 195.281 67.0 与 0
195.281 195.634 65.0 - 0
195.634 195.987 65.0 你 0
196.34 196.693 67.0 下 0
196.693 197.046 65.0 一 0
197.046 197.399 65.0 次 0
197.399 197.752 58.0 相 0
197.752 198.458 60.0 遇 1
199.067 199.42 62.0 呼 0
199.42 200.126 60.0 吸 0
200.126 200.479 62.0 着 0
200.479 201.185 65.0 有 0
201.185 201.891 67.0 你 0
201.891 202.244 62.0 呼 0
202.244 202.597 60.0 吸 0
202.597 202.95 60.0 的 0
202.95 203.303 53.0 气 0
203.303 204.009 55.0 息 1
204.837 205.19 60.0 感 0
205.19 205.543 60.0 受 0
205.543 205.896 60.0 你 0
205.896 206.249 62.0 那 0
206.249 206.602 60.0 浓 0
206.602 206.955 58.0 浓 0
206.955 207.308 60.0 的 0
207.308 207.661 62.0 情 0
207.661 209.779 65.0 意 1
210.508 210.86 65.0 如 0
210.86 211.213 65.0 果 0
211.213 211.566 65.0 上 0
211.566 211.919 67.0 苍 0
211.919 212.272 70.0 让 0
212.272 213.331 70.0 我 0
213.331 213.684 67.0 再 0
213.684 214.037 65.0 爱 0
214.037 214.39 65.0 你 0
214.39 214.743 62.0 一 0
214.743 215.449 65.0 次 1
216.117 216.47 67.0 我 0
216.47 216.822 67.0 会 0
216.822 217.175 67.0 和 0
217.175 217.528 70.0 你 0
217.528 217.881 67.0 牵 0
217.881 218.587 65.0 手 0
218.94 219.293 67.0 不 0
219.293 219.646 65.0 离 0
219.646 219.999 65.0 也 0
219.999 220.352 58.0 不 0
220.352 221.058 60.0 弃 1
221.706 222.059 62.0 紧 0
222.059 222.412 62.0 紧 0
222.412 222.764 60.0 依 0
222.764 223.117 62.0 偎 0
223.117 223.47 65.0 在 0
223.47 224.176 67.0 你 0
224.529 224.882 62.0 温 0
224.882 225.235 60.0 暖 0
225.235 225.588 60.0 的 0
225.588 225.941 53.0 怀 0
225.941 226.647 55.0 里 1
227.291 227.644 60.0 温 0
227.644 227.997 60.0 馨 0
227.997 228.35 60.0 你 0
228.35 228.702 62.0 那 0
228.702 229.055 60.0 怀 0
229.055 229.761 58.0 抱 0
230.114 230.467 60.0 散 0
230.467 230.82 58.0 发 0
230.82 231.173 55.0 我 0
231.173 231.526 58.0 的 0
231.526 231.879 60.0 香 0
231.879 233.644 58.0 气 1
234.441 234.793 65.0 如 0
234.793 235.146 65.0 果 0
235.146 235.499 65.0 上 0
235.499 235.852 67.0 苍 0
235.852 236.205 70.0 让 0
236.205 237.264 70.0 我 0
237.264 237.617 67.0 再 0
237.617 237.97 65.0 爱 0
237.97 238.323 65.0 你 0
238.323 238.676 62.0 一 0
238.676 239.382 65.0 次 1
240.049 240.402 67.0 我 0
240.402 240.754 67.0 会 0
240.754 241.107 67.0 和 0
241.107 241.46 70.0 你 0
241.46 241.813 67.0 牵 0
241.813 242.519 65.0 手 0
242.872 243.225 67.0 不 0
243.225 243.578 65.0 离 0
243.578 243.931 65.0 也 0
243.931 244.284 58.0 不 0
244.284 245.343 60.0 弃 1
245.73 246.083 62.0 紧 0
246.083 246.436 62.0 紧 0
246.436 246.788 60.0 依 0
246.788 247.141 62.0 偎 0
247.141 247.494 65.0 在 0
247.494 248.2 67.0 你 0
248.553 248.906 62.0 温 0
248.906 249.259 60.0 暖 0
249.259 249.612 60.0 的 0
249.612 249.965 53.0 怀 0
249.965 250.671 55.0 里 1
251.356 251.709 60.0 温 0
251.709 252.062 60.0 馨 0
252.062 252.415 60.0 你 0
252.415 252.767 62.0 那 0
252.767 253.12 60.0 怀 0
253.12 253.826 58.0 抱 0
254.179 254.532 60.0 散 0
254.532 254.885 58.0 发 0
254.885 255.238 55.0 我 0
255.238 255.591 58.0 的 0
255.591 255.944 60.0 香 0
255.944 257.709 58.0 气 1
258.454 258.807 60.0 温 0
258.807 259.16 60.0 馨 0
259.16 259.513 60.0 你 0
259.513 259.866 62.0 那 0
259.866 260.219 60.0 怀 0
260.219 260.925 58.0 抱 0
261.454 261.984 60.0 散 0
261.984 262.337 58.0 发 0
262.337 262.69 55.0 我 0
262.69 263.043 58.0 的 0
263.043 264.102 60.0 香 0
264.102 268.337 58.0 气 1
