41.779 42.0 60.0 对 0
42.0 42.221 57.0 你 0
42.221 42.662 59.0 的 0
42.662 42.883 59.0 思 0
42.883 43.545 57.0 念 0
44.649 44.87 55.0 是 0
44.87 45.311 55.0 一 0
45.311 45.753 55.0 天 0
45.753 46.194 57.0 又 0
46.194 46.415 52.0 一 0
46.415 47.077 53.0 天 1
48.629 49.181 59.0 孤 0
49.181 49.622 59.0 单 0
49.622 49.843 57.0 的 0
49.843 50.064 57.0 我 0
50.064 50.505 55.0 - 0
50.505 50.726 55.0 还 0
50.726 50.947 55.0 是 0
50.947 51.168 57.0 没 0
51.168 51.388 57.0 有 0
51.388 51.83 57.0 改 0
51.83 52.271 52.0 - 0
52.271 54.037 52.0 变 1
55.747 56.299 55.0 美 0
56.299 56.74 53.0 丽 0
56.74 56.961 52.0 的 0
56.961 57.623 53.0 梦 0
58.065 58.506 53.0 何 0
58.506 59.831 64.0 时 0
59.831 60.272 64.0 才 0
60.272 60.493 62.0 能 0
60.493 60.935 62.0 出 0
60.935 61.597 60.0 现 1
62.022 62.243 60.0 亲 0
62.243 62.464 59.0 爱 0
62.464 62.905 62.0 的 0
62.905 63.568 57.0 你 0
63.788 64.009 57.0 好 0
64.009 64.23 59.0 想 0
64.23 64.892 60.0 再 0
64.892 65.554 60.0 见 0
65.554 65.996 57.0 你 0
65.996 66.437 59.0 一 0
66.437 67.762 59.0 面 1
70.068 70.289 60.0 秋 0
70.289 70.51 57.0 天 0
70.51 70.841 59.0 的 0
70.841 71.172 59.0 - 0
71.172 72.276 57.0 风 0
72.938 73.159 55.0 一 0
73.159 73.6 55.0 阵 0
73.6 74.042 55.0 阵 0
74.042 74.483 57.0 地 0
74.483 74.704 52.0 吹 0
74.704 75.366 53.0 过 1
76.928 77.48 59.0 想 0
77.48 77.921 59.0 起 0
77.921 78.142 57.0 了 0
78.142 78.584 57.0 去 0
78.584 79.025 55.0 年 0
79.025 79.246 55.0 的 0
79.246 79.467 57.0 这 0
79.467 79.687 57.0 个 0
79.687 80.129 57.0 时 0
80.129 80.57 52.0 - 0
80.57 82.336 52.0 候 1
84.02 84.572 55.0 你 0
84.572 84.793 53.0 的 0
84.793 85.234 52.0 - 0
85.234 85.896 53.0 心 0
86.338 86.559 53.0 到 0
86.559 86.779 53.0 底 0
86.779 88.104 64.0 在 0
88.104 88.545 64.0 想 0
88.545 88.766 62.0 些 0
88.766 89.208 62.0 什 0
89.208 89.87 60.0 么 1
90.122 90.342 60.0 为 0
90.342 90.563 60.0 什 0
90.563 90.784 59.0 么 0
90.784 91.225 62.0 留 0
91.225 91.888 57.0 下 0
92.108 92.329 57.0 这 0
92.329 92.55 57.0 个 0
92.55 92.991 59.0 结 0
92.991 93.433 59.0 局 0
93.433 93.874 60.0 让 0
93.874 94.095 59.0 我 0
94.095 94.316 59.0 承 0
94.316 94.757 57.0 - 0
94.757 96.965 57.0 受 1
101.443 101.664 65.0 最 0
101.664 101.884 65.0 爱 0
101.884 102.105 65.0 你 0
102.105 102.326 64.0 的 0
102.326 102.547 64.0 人 0
102.547 102.988 65.0 - 0
102.988 103.209 62.0 是 0
103.209 103.43 64.0 - 0
103.43 103.65 62.0 - 0
103.65 104.092 62.0 我 1
104.291 104.511 62.0 你 0
104.511 104.732 62.0 怎 0
104.732 104.953 62.0 么 0
104.953 105.174 64.0 舍 0
105.174 105.615 64.0 得 0
105.615 106.057 64.0 我 0
106.057 106.277 62.0 - 0
106.277 106.719 62.0 难 0
106.719 107.602 60.0 过 1
107.922 108.142 64.0 在 0
108.142 108.363 60.0 我 0
108.363 108.584 62.0 最 0
108.584 108.805 62.0 需 0
108.805 109.246 62.0 要 0
109.246 109.688 62.0 你 0
109.688 109.908 57.0 的 0
109.908 110.35 60.0 时 0
110.35 111.233 59.0 候 1
111.491 111.711 57.0 没 0
111.711 111.932 59.0 有 0
111.932 112.374 60.0 说 0
112.374 112.594 60.0 一 0
112.594 112.815 60.0 句 0
112.815 113.257 60.0 话 0
113.257 113.477 62.0 就 0
113.477 115.354 64.0 走 1
115.465 115.686 65.0 最 0
115.686 115.907 65.0 爱 0
115.907 116.127 65.0 你 0
116.127 116.348 64.0 的 0
116.348 117.01 65.0 人 0
117.01 117.231 65.0 是 0
117.231 117.452 67.0 - 0
117.452 117.673 62.0 - 0
117.673 118.114 62.0 我 1
118.354 118.575 62.0 你 0
118.575 118.795 62.0 怎 0
118.795 119.016 62.0 么 0
119.016 119.237 64.0 舍 0
119.237 119.678 64.0 得 0
119.678 120.341 69.0 我 0
120.341 120.782 64.0 难 0
120.782 121.665 60.0 过 1
122.102 122.322 60.0 对 0
122.322 122.543 60.0 你 0
122.543 122.764 62.0 付 0
122.764 123.205 62.0 出 0
123.205 123.426 62.0 了 0
123.426 123.868 62.0 这 0
123.868 124.088 60.0 么 0
124.088 124.751 59.0 多 1
124.76 124.98 59.0 你 0
124.98 125.201 59.0 却 0
125.201 125.422 59.0 没 0
125.422 126.084 59.0 有 0
126.084 126.305 59.0 感 0
126.305 126.746 60.0 - 0
126.746 126.967 59.0 动 0
126.967 127.409 57.0 - 0
127.409 129.175 57.0 过 1
167.194 167.414 60.0 对 0
167.414 167.635 57.0 你 0
167.635 168.077 59.0 的 0
168.077 168.297 59.0 思 0
168.297 168.96 57.0 念 0
170.063 170.284 55.0 是 0
170.284 170.726 55.0 一 0
170.726 171.167 57.0 天 0
171.167 171.609 57.0 又 0
171.609 171.829 52.0 一 0
171.829 172.492 53.0 天 1
174.169 174.721 59.0 孤 0
174.721 175.163 59.0 单 0
175.163 175.383 57.0 的 0
175.383 175.604 57.0 我 0
175.604 176.046 55.0 - 0
176.046 176.266 55.0 还 0
176.266 176.487 55.0 是 0
176.487 176.708 57.0 没 0
176.708 176.929 57.0 有 0
176.929 177.37 59.0 改 0
177.37 177.812 52.0 - 0
177.812 179.578 52.0 变 1
181.183 181.735 55.0 美 0
181.735 182.177 53.0 丽 0
182.177 182.397 52.0 的 0
182.397 183.06 53.0 梦 0
183.501 183.943 53.0 何 0
183.943 185.267 64.0 时 0
185.267 185.709 64.0 才 0
185.709 185.929 62.0 能 0
185.929 186.371 62.0 出 0
186.371 187.033 60.0 现 1
187.53 187.75 60.0 亲 0
187.75 187.971 59.0 爱 0
187.971 188.413 62.0 的 0
188.413 189.075 57.0 你 0
189.296 189.516 57.0 好 0
189.516 189.737 59.0 想 0
189.737 190.399 60.0 再 0
190.399 191.062 60.0 见 0
191.062 191.503 57.0 你 0
191.503 191.945 59.0 一 0
191.945 193.269 59.0 面 1
195.392 195.612 60.0 秋 0
195.612 195.833 57.0 天 0
195.833 196.164 59.0 的 0
196.164 196.495 59.0 - 0
196.495 197.599 57.0 风 0
198.261 198.482 55.0 一 0
198.482 198.924 55.0 阵 0
198.924 199.365 57.0 阵 0
199.365 199.807 57.0 地 0
199.807 200.027 52.0 吹 0
200.027 200.69 53.0 过 1
202.358 202.91 59.0 想 0
202.91 203.352 59.0 起 0
203.352 203.572 57.0 了 0
203.572 204.014 57.0 去 0
204.014 204.455 55.0 年 0
204.455 204.676 55.0 的 0
204.676 204.897 57.0 这 0
204.897 205.118 57.0 个 0
205.118 205.559 59.0 时 0
205.559 206.001 52.0 - 0
206.001 207.767 52.0 候 1
209.488 210.04 55.0 你 0
210.04 210.261 53.0 的 0
210.261 210.702 52.0 - 0
210.702 211.365 53.0 心 0
211.806 212.027 53.0 到 0
212.027 212.248 53.0 底 0
212.248 213.572 64.0 在 0
213.572 214.014 64.0 想 0
214.014 214.235 62.0 些 0
214.235 214.676 60.0 什 0
214.676 215.338 60.0 么 1
215.451 215.672 60.0 为 0
215.672 215.893 60.0 什 0
215.893 216.113 59.0 么 0
216.113 216.555 62.0 留 0
216.555 217.217 57.0 下 0
217.438 217.659 57.0 这 0
217.659 217.879 57.0 个 0
217.879 218.321 59.0 结 0
218.321 218.762 59.0 局 0
218.762 219.204 60.0 让 0
219.204 219.425 59.0 我 0
219.425 219.645 59.0 承 0
219.645 220.087 57.0 - 0
220.087 222.294 57.0 受 1
226.737 226.958 65.0 最 0
226.958 227.179 65.0 爱 0
227.179 227.4 65.0 你 0
227.4 227.62 64.0 的 0
227.62 227.841 64.0 人 0
227.841 228.283 65.0 - 0
228.283 228.503 62.0 是 0
228.503 228.724 64.0 - 0
228.724 228.945 62.0 - 0
228.945 229.386 62.0 我 1
229.546 229.767 62.0 你 0
229.767 229.988 62.0 怎 0
229.988 230.208 62.0 么 0
230.208 230.429 62.0 舍 0
230.429 230.871 64.0 得 0
230.871 231.312 64.0 我 0
231.312 231.533 62.0 - 0
231.533 231.974 62.0 难 0
231.974 232.857 60.0 过 1
233.272 233.493 64.0 在 0
233.493 233.713 60.0 我 0
233.713 233.934 62.0 最 0
233.934 234.155 62.0 需 0
234.155 234.596 62.0 要 0
234.596 235.038 62.0 你 0
235.038 235.259 57.0 的 0
235.259 235.7 59.0 时 0
235.7 236.583 59.0 候 1
236.958 237.179 57.0 没 0
237.179 237.399 59.0 有 0
237.399 237.841 60.0 说 0
237.841 238.062 60.0 一 0
238.062 238.282 60.0 句 0
238.282 238.724 60.0 话 0
238.724 238.945 62.0 就 0
238.945 240.821 64.0 走 1
240.838 241.059 65.0 最 0
241.059 241.28 65.0 爱 0
241.28 241.501 65.0 你 0
241.501 241.721 64.0 的 0
241.721 242.384 65.0 人 0
242.384 242.604 65.0 是 0
242.604 242.825 67.0 - 0
242.825 243.046 62.0 - 0
243.046 243.487 62.0 我 1
243.824 244.045 62.0 你 0
244.045 244.266 62.0 怎 0
244.266 244.486 62.0 么 0
244.486 244.707 64.0 舍 0
244.707 245.149 64.0 得 0
245.149 245.811 69.0 我 0
245.811 246.252 64.0 难 0
246.252 247.135 60.0 过 1
247.51 247.731 60.0 对 0
247.731 247.951 60.0 你 0
247.951 248.172 62.0 付 0
248.172 248.614 62.0 出 0
248.614 248.834 62.0 了 0
248.834 249.276 62.0 这 0
249.276 249.497 60.0 么 0
249.497 250.159 59.0 多 1
250.215 250.436 59.0 你 0
250.436 250.656 59.0 却 0
250.656 250.877 59.0 没 0
250.877 251.539 59.0 有 0
251.539 251.76 59.0 感 0
251.76 252.202 60.0 - 0
252.202 252.422 59.0 动 0
252.422 252.864 57.0 - 0
252.864 254.63 57.0 过 1
255.066 255.287 65.0 最 0
255.287 255.508 65.0 爱 0
255.508 255.729 65.0 你 0
255.729 255.949 64.0 的 0
255.949 256.17 64.0 人 0
256.17 256.612 65.0 - 0
256.612 256.832 62.0 是 0
256.832 257.053 64.0 - 0
257.053 257.274 62.0 - 0
257.274 257.715 62.0 我 1
257.772 257.993 62.0 你 0
257.993 258.214 62.0 怎 0
258.214 258.434 62.0 么 0
258.434 258.655 62.0 舍 0
258.655 259.097 64.0 得 0
259.097 259.538 64.0 我 0
259.538 259.759 62.0 - 0
259.759 260.2 62.0 难 0
260.2 261.083 60.0 过 1
261.603 261.824 64.0 在 0
261.824 262.044 60.0 我 0
262.044 262.265 62.0 最 0
262.265 262.486 62.0 需 0
262.486 262.927 62.0 要 0
262.927 263.369 62.0 你 0
263.369 263.59 57.0 的 0
263.59 264.031 59.0 时 0
264.031 264.914 59.0 候 1
265.141 265.362 57.0 没 0
265.362 265.582 59.0 有 0
265.582 266.024 60.0 说 0
266.024 266.245 60.0 一 0
266.245 266.465 60.0 句 0
266.465 266.907 60.0 话 0
266.907 267.128 62.0 就 0
267.128 269.004 64.0 走 1
269.057 269.278 65.0 最 0
269.278 269.499 65.0 爱 0
269.499 269.72 65.0 你 0
269.72 269.94 64.0 的 0
269.94 270.603 65.0 人 0
270.603 270.823 65.0 是 0
270.823 271.044 67.0 - 0
271.044 271.265 62.0 - 0
271.265 271.706 62.0 我 1
272.083 272.304 62.0 你 0
272.304 272.525 62.0 怎 0
272.525 272.745 62.0 么 0
272.745 272.966 64.0 舍 0
272.966 273.408 64.0 得 0
273.408 274.07 69.0 我 0
274.07 274.511 64.0 难 0
274.511 275.394 60.0 过 1
275.824 276.045 60.0 对 0
276.045 276.265 60.0 你 0
276.265 276.486 62.0 付 0
276.486 276.928 62.0 出 0
276.928 277.148 62.0 了 0
277.148 277.59 62.0 这 0
277.59 277.811 60.0 么 0
277.811 278.473 59.0 多 1
278.479 278.7 59.0 你 0
278.7 278.92 59.0 却 0
278.92 279.141 59.0 没 0
279.141 279.803 59.0 有 0
279.803 280.024 59.0 感 0
280.024 280.466 60.0 - 0
280.466 280.686 59.0 动 0
280.686 281.128 57.0 - 0
281.128 282.894 57.0 过 1
