26.534 26.942 52.0 总 0
26.945 27.353 47.0 是 0
27.356 27.558 52.0 向 0
27.562 27.969 56.0 你 0
27.973 28.486 57.0 索 0
28.486 28.894 56.0 取 1
28.926 29.128 54.0 却 0
29.132 29.642 52.0 不 0
29.851 30.258 52.0 曾 0
30.262 30.669 47.0 说 0
30.673 30.875 52.0 谢 0
30.878 31.286 54.0 谢 0
31.289 31.696 56.0 你 1
33.238 33.646 52.0 直 0
33.649 34.057 47.0 到 0
34.06 34.262 52.0 长 0
34.266 34.673 56.0 大 0
34.676 35.19 57.0 以 0
35.19 35.601 56.0 后 1
35.623 35.825 54.0 才 0
35.828 36.339 52.0 懂 0
36.548 36.955 56.0 得 0
36.959 37.366 54.0 你 0
37.369 37.572 54.0 不 0
37.575 37.982 52.0 容 0
37.986 38.393 52.0 易 1
39.716 40.124 52.0 每 0
40.127 40.535 47.0 次 0
40.538 40.74 52.0 离 0
40.743 41.151 56.0 开 0
41.154 41.668 57.0 总 0
41.668 42.076 56.0 是 1
42.183 42.385 54.0 装 0
42.388 43.001 52.0 作 0
43.108 43.515 61.0 轻 0
43.518 43.926 59.0 松 0
43.929 44.131 59.0 的 0
44.135 44.542 57.0 样 0
44.546 45.159 56.0 子 1
46.241 46.648 52.0 微 0
46.652 47.059 47.0 笑 0
47.063 47.265 52.0 着 0
47.268 47.676 56.0 说 0
47.833 48.251 57.0 回 0
48.296 48.501 56.0 去 0
48.501 49.32 52.0 吧 1
49.485 49.687 52.0 转 0
49.69 50.098 56.0 身 0
50.101 50.509 54.0 泪 0
50.512 50.714 54.0 湿 0
50.718 51.331 52.0 眼 0
51.334 52.153 52.0 底 1
52.423 52.83 52.0 多 0
52.834 53.656 49.0 想 0
53.656 54.269 61.0 和 0
54.272 54.474 61.0 从 0
54.478 54.885 59.0 前 0
54.889 55.091 56.0 一 0
55.094 55.501 56.0 样 1
56.04 56.242 56.0 牵 0
56.245 56.653 57.0 你 0
56.656 57.064 59.0 温 0
57.067 57.475 52.0 暖 0
57.478 57.886 59.0 手 0
57.889 58.091 59.0 掌 0
58.095 58.502 56.0 - 1
58.597 59.004 52.0 可 0
59.008 59.415 51.0 是 0
59.419 60.241 49.0 你 0
60.241 60.854 61.0 不 0
60.857 61.059 61.0 在 0
61.062 61.47 63.0 我 0
61.473 61.675 59.0 身 0
61.679 62.292 59.0 旁 1
62.465 62.667 59.0 托 0
62.67 63.078 61.0 清 0
63.081 63.489 59.0 风 0
63.492 63.9 57.0 捎 0
63.903 64.311 56.0 去 0
64.314 65.543 56.0 安 0
65.958 67.598 54.0 康 1
68.994 69.196 61.0 时 0
69.2 69.402 63.0 光 0
69.405 69.813 64.0 时 0
69.816 70.018 64.0 光 0
70.021 70.535 64.0 慢 0
70.535 71.045 64.0 些 0
71.049 71.662 63.0 吧 1
72.32 72.522 61.0 不 0
72.525 72.727 63.0 要 0
72.731 73.138 63.0 再 0
73.141 73.344 63.0 让 0
73.347 73.96 63.0 你 0
73.963 74.371 68.0 变 0
74.374 74.576 66.0 老 0
74.58 74.987 64.0 - 0
74.991 75.604 64.0 啦 1
75.605 75.807 61.0 我 0
75.811 76.013 63.0 愿 0
76.016 76.424 64.0 用 0
76.427 76.629 64.0 我 0
76.632 77.245 64.0 一 0
77.249 77.656 64.0 切 1
77.66 78.067 64.0 换 0
78.071 78.273 63.0 你 0
78.276 78.889 61.0 岁 0
78.893 79.3 63.0 月 0
79.303 79.711 61.0 长 0
79.714 80.944 59.0 留 1
82.084 82.286 61.0 一 0
82.289 82.491 63.0 生 0
82.495 82.902 64.0 要 0
82.906 83.108 64.0 强 0
83.111 83.625 64.0 的 0
83.625 84.135 64.0 爸 0
84.139 84.957 63.0 爸 1
85.435 85.637 61.0 我 0
85.641 85.843 63.0 能 0
85.846 86.254 63.0 为 0
86.257 86.459 63.0 你 0
86.463 87.076 63.0 做 0
87.079 87.487 68.0 些 0
87.49 88.103 63.0 什 0
88.106 88.719 64.0 么 1
88.739 88.941 61.0 微 0
88.944 89.146 63.0 不 0
89.15 89.557 64.0 足 0
89.561 89.763 64.0 道 0
89.766 90.379 64.0 的 0
90.383 90.79 68.0 关 0
90.794 91.406 66.0 心 1
91.475 91.883 63.0 收 0
91.886 92.088 61.0 下 0
92.092 94.348 61.0 吧 1
95.279 95.481 61.0 谢 0
95.484 95.686 63.0 谢 0
95.69 96.097 64.0 你 0
96.101 96.303 64.0 做 0
96.306 96.82 64.0 的 0
96.82 97.33 64.0 一 0
97.333 97.946 63.0 切 1
98.442 98.644 61.0 双 0
98.648 98.85 63.0 手 0
98.853 99.261 63.0 撑 0
99.264 99.466 63.0 起 0
99.47 100.083 63.0 我 0
100.086 100.493 68.0 们 0
100.497 100.699 66.0 的 0
100.702 101.11 64.0 - 0
101.113 101.726 64.0 家 1
101.839 102.041 61.0 总 0
102.044 102.246 63.0 是 0
102.25 102.657 64.0 竭 0
102.661 102.863 64.0 尽 0
102.866 103.479 64.0 所 0
103.482 103.89 64.0 有 1
103.897 104.305 64.0 把 0
104.308 104.51 63.0 最 0
104.514 105.127 61.0 好 0
105.13 105.538 63.0 的 0
105.541 105.949 61.0 给 0
105.952 106.157 59.0 - 0
106.157 107.181 59.0 我 1
108.433 108.635 61.0 我 0
108.638 108.84 63.0 是 0
108.843 109.251 64.0 你 0
109.254 109.456 64.0 的 0
109.46 109.974 64.0 骄 0
109.974 110.484 64.0 傲 0
110.487 111.306 63.0 吗 1
111.598 111.8 61.0 还 0
111.803 112.006 63.0 在 0
112.009 112.416 63.0 为 0
112.42 112.622 63.0 我 0
112.625 113.238 63.0 而 0
113.242 113.649 68.0 担 0
113.653 114.266 63.0 心 0
114.269 114.882 64.0 吗 1
115.002 115.204 61.0 你 0
115.208 115.41 63.0 牵 0
115.413 115.821 64.0 挂 0
115.824 116.026 64.0 的 0
116.03 116.643 64.0 孩 0
116.646 117.054 68.0 子 0
117.057 117.67 66.0 啊 1
117.827 118.234 63.0 长 0
118.238 118.44 61.0 大 0
118.443 120.906 61.0 啦 1
154.308 154.715 52.0 多 0
154.719 155.541 49.0 想 0
155.541 156.154 61.0 和 0
156.157 156.359 61.0 从 0
156.362 156.77 59.0 前 0
156.773 156.975 56.0 一 0
156.979 157.386 56.0 样 1
157.901 158.103 56.0 牵 0
158.106 158.514 57.0 你 0
158.517 158.925 59.0 温 0
158.928 159.336 52.0 暖 0
159.339 159.746 59.0 手 0
159.75 159.952 59.0 掌 0
159.955 160.363 56.0 - 1
160.477 160.884 52.0 可 0
160.888 161.295 51.0 是 0
161.299 162.121 49.0 你 0
162.121 162.733 61.0 不 0
162.737 162.939 61.0 在 0
162.942 163.35 63.0 我 0
163.353 163.555 59.0 身 0
163.559 164.172 59.0 旁 1
164.555 164.757 59.0 托 0
164.76 165.168 61.0 清 0
165.171 165.479 59.0 风 0
165.479 165.887 57.0 捎 0
165.89 166.4 56.0 去 0
166.404 167.633 56.0 安 0
168.048 169.688 54.0 康 1
170.863 171.065 61.0 时 0
171.069 171.271 63.0 光 0
171.274 171.681 64.0 时 0
171.685 171.887 64.0 光 0
171.89 172.404 64.0 慢 0
172.404 172.914 64.0 些 0
172.918 173.531 63.0 吧 1
174.145 174.347 61.0 不 0
174.35 174.552 63.0 要 0
174.555 174.963 63.0 再 0
174.966 175.168 63.0 让 0
175.172 175.785 63.0 你 0
175.788 176.196 68.0 变 0
176.199 176.401 66.0 老 0
176.405 176.812 64.0 - 0
176.816 177.429 64.0 啦 1
177.513 177.715 61.0 我 0
177.718 177.92 63.0 愿 0
177.924 178.331 64.0 用 0
178.335 178.537 64.0 我 0
178.54 179.153 64.0 一 0
179.157 179.564 64.0 切 1
179.571 179.978 64.0 换 0
179.982 180.184 63.0 你 0
180.187 180.8 61.0 岁 0
180.803 181.211 63.0 月 0
181.214 181.622 61.0 长 0
181.625 182.855 59.0 留 1
183.992 184.194 61.0 一 0
184.197 184.399 63.0 生 0
184.403 184.81 64.0 要 0
184.814 185.016 64.0 强 0
185.019 185.533 64.0 的 0
185.533 186.043 64.0 爸 0
186.047 186.865 63.0 爸 1
187.188 187.39 61.0 我 0
187.394 187.596 63.0 能 0
187.599 188.007 63.0 为 0
188.01 188.212 63.0 你 0
188.216 188.829 63.0 做 0
188.832 189.24 68.0 些 0
189.243 189.856 63.0 什 0
189.859 190.472 64.0 么 1
190.508 190.71 61.0 微 0
190.713 190.915 63.0 不 0
190.919 191.326 64.0 足 0
191.33 191.532 64.0 道 0
191.535 192.148 64.0 的 0
192.151 192.559 68.0 关 0
192.562 193.175 66.0 心 1
193.471 193.879 63.0 收 0
193.882 194.084 61.0 下 0
194.088 196.344 61.0 吧 1
197.153 197.355 61.0 谢 0
197.358 197.56 63.0 谢 0
197.564 197.971 64.0 你 0
197.975 198.177 64.0 做 0
198.18 198.694 64.0 的 0
198.694 199.204 64.0 一 0
199.207 199.82 63.0 切 1
200.347 200.549 61.0 双 0
200.553 200.755 63.0 手 0
200.758 201.166 63.0 撑 0
201.169 201.371 63.0 起 0
201.374 201.987 63.0 我 0
201.991 202.398 68.0 们 0
202.402 202.604 66.0 的 0
202.607 203.015 64.0 - 0
203.018 203.631 64.0 家 1
203.708 203.91 61.0 总 0
203.913 204.115 63.0 是 0
204.118 204.526 64.0 竭 0
204.529 204.731 64.0 尽 0
204.735 205.348 64.0 所 0
205.351 205.759 64.0 有 1
205.861 206.269 64.0 把 0
206.272 206.474 63.0 最 0
206.478 207.091 61.0 好 0
207.094 207.501 63.0 的 0
207.505 207.912 61.0 给 0
207.916 208.121 59.0 - 0
208.121 209.145 59.0 我 1
210.359 210.561 61.0 我 0
210.565 210.767 63.0 是 0
210.77 211.178 64.0 你 0
211.181 211.383 64.0 的 0
211.387 211.9 64.0 骄 0
211.9 212.411 64.0 傲 0
212.414 213.233 63.0 吗 1
213.591 213.793 61.0 还 0
213.796 213.998 63.0 在 0
214.002 214.409 63.0 为 0
214.413 214.615 63.0 我 0
214.618 215.231 63.0 而 0
215.235 215.642 68.0 担 0
215.646 216.259 63.0 心 0
216.262 216.875 64.0 吗 1
216.912 217.114 61.0 你 0
217.118 217.32 63.0 牵 0
217.323 217.731 64.0 挂 0
217.734 217.936 64.0 的 0
217.94 218.553 64.0 孩 0
218.556 218.964 68.0 子 0
218.967 219.58 66.0 啊 1
219.711 220.118 63.0 长 0
220.122 220.324 61.0 大 0
220.327 222.789 61.0 啦 1
223.367 223.569 61.0 时 0
223.573 223.775 63.0 光 0
223.778 224.186 64.0 时 0
224.189 224.391 64.0 光 0
224.395 224.908 64.0 慢 0
224.908 225.418 64.0 些 0
225.422 226.035 63.0 吧 1
226.642 226.844 61.0 不 0
226.847 227.049 63.0 要 0
227.053 227.46 63.0 再 0
227.464 227.666 63.0 让 0
227.669 228.282 63.0 你 0
228.285 228.693 68.0 变 0
228.696 228.898 66.0 老 0
228.902 229.309 64.0 - 0
229.313 229.926 64.0 啦 1
230.08 230.282 61.0 我 0
230.286 230.488 63.0 愿 0
230.491 230.899 64.0 用 0
230.902 231.104 64.0 我 0
231.107 231.72 64.0 一 0
231.724 232.131 64.0 切 1
232.155 232.562 64.0 换 0
232.566 232.768 63.0 你 0
232.771 233.384 61.0 岁 0
233.388 233.795 63.0 月 0
233.798 234.206 61.0 长 0
234.209 235.439 59.0 留 1
236.527 236.729 61.0 我 0
236.732 236.935 63.0 是 0
236.938 237.345 64.0 你 0
237.349 237.551 64.0 的 0
237.554 238.068 64.0 骄 0
238.068 238.578 64.0 傲 0
238.582 239.4 63.0 吗 1
239.943 240.146 61.0 还 0
240.149 240.351 63.0 在 0
240.354 240.762 63.0 为 0
240.765 240.967 63.0 我 0
240.971 241.584 63.0 而 0
241.587 241.995 68.0 担 0
241.998 242.611 63.0 心 0
242.615 243.227 64.0 吗 1
243.246 243.448 61.0 你 0
243.451 243.653 63.0 牵 0
243.657 244.064 64.0 挂 0
244.068 244.27 64.0 的 0
244.273 244.886 64.0 孩 0
244.89 245.297 68.0 子 0
245.301 245.914 66.0 啊 1
246.078 246.486 63.0 长 0
246.489 246.691 61.0 大 0
246.695 248.952 61.0 啦 1
249.834 250.036 61.0 感 0
250.039 250.241 63.0 谢 0
250.245 250.652 64.0 一 0
250.656 250.858 64.0 路 0
250.861 251.269 64.0 上 0
251.272 251.683 68.0 有 0
251.683 251.885 66.0 - 0
251.888 253.94 66.0 你 1
