15.78 16.242 51.0 离 0
16.242 16.703 49.0 别 0
16.703 17.165 51.0 没 0
17.165 17.626 54.0 说 0
17.626 18.549 54.0 再 0
18.549 19.472 49.0 见 1
19.56 20.022 47.0 你 0
20.022 20.483 46.0 是 0
20.483 20.945 47.0 否 0
20.945 21.406 51.0 心 0
21.406 22.791 51.0 酸 1
23.279 23.74 44.0 转 0
23.74 24.202 42.0 身 0
24.202 24.663 44.0 寥 0
24.663 25.125 56.0 寥 0
25.125 25.817 54.0 笑 0
25.817 26.048 47.0 - 0
26.048 26.971 47.0 脸 1
26.972 27.433 44.0 不 0
27.433 27.895 46.0 甘 0
27.895 28.357 47.0 的 0
28.357 28.818 51.0 甘 0
28.818 30.433 49.0 愿 1
30.53 30.992 51.0 也 0
30.992 31.453 49.0 许 0
31.453 31.915 51.0 下 0
31.915 32.376 54.0 个 0
32.376 33.299 54.0 冬 0
33.299 33.992 49.0 天 0
33.992 34.223 49.0 - 1
34.321 34.782 59.0 也 0
34.782 35.244 58.0 许 0
35.244 35.705 56.0 还 0
35.705 36.167 51.0 十 0
36.167 37.551 54.0 年 1
37.948 38.409 59.0 再 0
38.409 38.871 58.0 回 0
38.871 39.332 56.0 到 0
39.332 39.794 51.0 你 0
39.794 40.486 54.0 身 0
40.486 40.717 47.0 - 0
40.717 41.409 47.0 边 1
41.691 42.153 52.0 为 0
42.153 42.614 51.0 你 0
42.614 43.076 49.0 撑 0
43.076 43.537 47.0 雨 0
43.537 45.383 47.0 伞 1
47.163 47.624 59.0 剩 0
47.624 48.086 59.0 几 0
48.086 48.547 59.0 个 0
48.547 49.009 51.0 夜 0
49.009 49.932 58.0 晚 1
50.815 51.276 56.0 再 0
51.276 51.738 56.0 几 0
51.738 52.2 56.0 次 0
52.2 52.661 47.0 晚 0
52.661 53.584 54.0 安 1
54.047 54.277 56.0 等 0
54.277 54.508 58.0 你 0
54.508 54.97 59.0 摘 0
54.97 55.431 59.0 下 0
55.431 55.893 59.0 还 0
55.893 56.354 59.0 戴 0
56.354 57.277 59.0 上 0
57.277 57.739 56.0 指 0
57.739 60.047 54.0 环 1
61.566 61.797 59.0 原 0
61.797 62.028 61.0 谅 0
62.028 62.489 63.0 捧 0
62.489 62.951 63.0 花 0
62.951 63.412 63.0 的 0
63.412 63.874 54.0 我 0
63.874 64.336 61.0 盛 0
64.336 64.797 61.0 装 0
64.797 65.259 61.0 出 0
65.259 65.72 54.0 席 1
65.737 66.199 59.0 只 0
66.199 66.66 58.0 为 0
66.66 67.122 56.0 错 0
67.122 67.583 51.0 过 0
67.583 68.506 54.0 你 1
68.958 69.189 61.0 祈 0
69.189 69.419 63.0 祷 0
69.419 69.881 64.0 天 0
69.881 70.343 64.0 灾 0
70.343 70.804 64.0 人 0
70.804 71.266 56.0 祸 0
71.266 71.727 63.0 分 0
71.727 72.189 61.0 给 0
72.189 72.65 59.0 我 1
72.769 73.0 54.0 只 0
73.0 73.461 53.0 给 0
73.461 73.923 56.0 你 0
73.923 74.384 59.0 这 0
74.384 74.846 63.0 香 0
74.846 76.231 61.0 气 1
76.334 76.564 59.0 但 0
76.564 76.795 61.0 我 0
76.795 77.257 63.0 卑 0
77.257 77.718 63.0 微 0
77.718 78.18 63.0 奢 0
78.18 78.641 54.0 求 0
78.641 79.103 55.0 让 0
79.103 79.564 58.0 我 1
79.564 80.026 64.0 存 0
80.026 80.487 63.0 留 0
80.487 80.949 61.0 些 0
80.949 81.41 59.0 许 0
81.641 82.103 59.0 的 0
82.103 82.334 56.0 气 0
82.334 83.257 57.0 息 1
83.704 83.935 61.0 好 0
83.935 84.166 63.0 让 0
84.166 84.627 66.0 你 0
84.627 85.089 64.0 在 0
85.089 85.55 64.0 梦 0
85.55 86.012 56.0 里 0
86.012 86.473 63.0 能 0
86.473 86.935 61.0 想 0
86.935 87.627 59.0 起 1
87.658 87.889 54.0 我 0
87.889 88.351 53.0 曾 0
88.351 88.812 56.0 紧 0
88.812 89.274 59.0 抱 0
89.274 89.735 63.0 你 0
89.735 91.12 61.0 的 0
91.12 91.581 59.0 力 0
91.581 94.351 59.0 气 1
106.165 106.626 51.0 以 0
106.626 107.088 49.0 后 0
107.088 107.549 51.0 遇 0
107.549 108.011 54.0 见 0
108.011 108.934 54.0 风 0
108.934 109.857 49.0 雪 1
109.929 110.39 47.0 有 0
110.39 110.852 46.0 新 0
110.852 111.313 47.0 的 0
111.313 111.775 51.0 雨 0
111.775 113.16 51.0 伞 1
113.699 114.161 44.0 为 0
114.161 114.622 42.0 我 0
114.622 115.084 44.0 留 0
115.084 115.545 56.0 的 0
115.545 116.238 54.0 灯 0
116.238 116.468 47.0 - 0
116.468 117.391 47.0 盏 1
117.439 117.901 44.0 能 0
117.901 118.363 46.0 不 0
118.363 118.824 47.0 能 0
118.824 119.286 49.0 别 0
119.286 120.901 49.0 关 1
121.133 121.594 51.0 不 0
121.594 122.056 49.0 要 0
122.056 122.517 51.0 为 0
122.517 122.979 54.0 我 0
122.979 123.902 54.0 伤 0
123.902 124.594 49.0 感 1
124.594 124.825 49.0 别 0
124.825 125.287 59.0 被 0
125.287 125.748 58.0 绝 0
125.748 126.21 56.0 望 0
126.21 126.671 51.0 打 0
126.671 128.056 54.0 断 1
128.174 128.404 47.0 不 0
128.404 128.866 59.0 能 0
128.866 129.327 58.0 一 0
129.327 129.789 56.0 起 0
129.789 130.251 51.0 的 0
130.251 130.943 54.0 白 0
130.943 131.174 47.0 - 0
131.174 131.635 47.0 头 1
131.865 132.096 52.0 也 0
132.096 132.557 52.0 别 0
132.557 133.019 51.0 让 0
133.019 133.48 49.0 风 0
133.48 133.942 47.0 雪 0
133.942 135.788 47.0 染 1
137.556 138.018 59.0 再 0
138.018 138.479 59.0 一 0
138.479 138.941 59.0 个 0
138.941 139.402 51.0 明 0
139.402 139.518 56.0 - 0
139.518 140.325 58.0 天 0
141.248 141.71 56.0 下 0
141.71 142.172 56.0 一 0
142.172 142.633 56.0 世 0
142.633 143.095 47.0 人 0
143.095 144.018 54.0 间 1
144.579 144.81 56.0 等 0
144.81 145.041 58.0 我 0
145.041 145.502 59.0 再 0
145.502 145.964 59.0 为 0
145.964 146.425 59.0 你 0
146.425 146.887 59.0 戴 0
146.887 147.81 59.0 上 0
147.81 148.272 56.0 指 0
148.272 150.579 54.0 环 1
151.915 152.146 59.0 原 0
152.146 152.376 61.0 谅 0
152.376 152.838 63.0 捧 0
152.838 153.299 63.0 花 0
153.299 153.761 63.0 的 1
153.804 154.266 54.0 我 0
154.266 154.727 61.0 盛 0
154.727 155.189 61.0 装 0
155.189 155.65 61.0 出 0
155.65 156.112 54.0 席 0
156.112 156.573 59.0 却 0
156.573 157.035 58.0 只 0
157.035 157.496 56.0 为 0
157.496 157.958 51.0 献 0
157.958 158.881 54.0 礼 1
159.426 159.657 61.0 目 0
159.657 159.888 63.0 送 0
159.888 160.35 64.0 洁 0
160.35 160.811 64.0 白 0
160.811 161.273 64.0 纱 0
161.273 161.734 56.0 裙 1
161.735 162.197 63.0 路 0
162.197 162.658 61.0 过 0
162.658 163.12 59.0 我 0
163.351 163.581 54.0 对 0
163.581 164.043 53.0 他 0
164.043 164.504 56.0 说 0
164.504 164.966 59.0 我 0
164.966 165.427 63.0 愿 0
165.427 166.812 61.0 意 1
166.822 167.053 59.0 但 0
167.053 167.284 61.0 我 0
167.284 167.745 63.0 继 0
167.745 168.207 63.0 续 1
168.207 168.668 63.0 清 0
168.668 169.13 54.0 扫 0
169.13 169.591 55.0 门 0
169.591 170.053 58.0 前 0
170.053 170.514 64.0 的 0
170.514 170.976 63.0 路 0
170.976 171.437 61.0 和 0
171.437 171.899 59.0 那 0
172.13 172.591 59.0 段 0
172.591 172.822 56.0 阶 0
172.822 173.745 57.0 梯 1
174.136 174.366 61.0 如 0
174.366 174.597 63.0 果 0
174.597 175.059 66.0 你 0
175.059 175.52 64.0 疲 0
175.52 175.982 64.0 惫 0
175.982 176.443 56.0 时 1
176.467 176.929 63.0 别 0
176.929 177.39 61.0 忘 0
177.39 178.083 59.0 记 0
178.083 178.314 54.0 那 0
178.314 178.775 53.0 里 0
178.775 179.237 56.0 还 0
179.237 179.698 59.0 能 0
179.698 180.16 63.0 停 0
180.16 181.544 61.0 留 1
181.579 182.041 59.0 休 0
182.041 184.81 59.0 息 1
196.182 196.412 59.0 原 0
196.412 196.643 61.0 谅 0
196.643 197.105 63.0 捧 0
197.105 197.566 63.0 花 0
197.566 198.028 63.0 的 0
198.028 198.489 54.0 我 0
198.489 198.951 61.0 盛 0
198.951 199.412 61.0 装 0
199.412 199.874 61.0 出 0
199.874 200.335 54.0 席 0
200.335 200.797 59.0 只 0
200.797 201.258 58.0 为 0
201.258 201.72 56.0 错 0
201.72 202.182 51.0 过 0
202.182 203.105 54.0 你 1
203.597 203.828 61.0 祈 0
203.828 204.059 63.0 祷 0
204.059 204.52 64.0 天 0
204.52 204.982 64.0 灾 0
204.982 205.443 64.0 人 0
205.443 205.905 56.0 祸 0
205.905 206.366 63.0 分 0
206.366 206.828 61.0 给 0
206.828 207.289 59.0 我 0
207.52 207.751 54.0 只 0
207.751 208.213 53.0 给 0
208.213 208.674 56.0 你 0
208.674 209.136 59.0 这 0
209.136 209.597 63.0 香 0
209.597 210.982 61.0 气 1
211.124 211.355 59.0 我 0
211.355 211.585 61.0 想 0
211.585 212.047 63.0 大 0
212.047 212.508 63.0 言 0
212.508 212.97 63.0 不 0
212.97 213.431 54.0 惭 0
213.431 213.893 55.0 卑 0
213.893 214.355 58.0 微 0
214.585 215.047 64.0 奢 0
215.047 215.278 63.0 求 0
215.278 215.739 61.0 来 0
215.739 216.431 59.0 世 0
216.431 216.893 59.0 再 0
216.893 217.124 56.0 爱 0
217.124 218.047 57.0 你 1
218.372 218.603 61.0 希 0
218.603 218.834 63.0 望 0
218.834 219.295 66.0 每 0
219.295 219.757 64.0 晚 0
219.757 220.219 64.0 星 0
220.219 220.68 56.0 亮 0
220.68 221.142 63.0 入 0
221.142 221.603 61.0 梦 0
221.603 222.295 59.0 时 0
222.295 222.526 54.0 有 0
222.526 222.988 53.0 人 0
222.988 223.449 56.0 来 0
223.449 223.911 59.0 代 0
223.911 224.372 63.0 替 0
224.372 225.757 61.0 我 1
225.817 226.279 59.0 吻 0
226.279 229.048 59.0 你 1
