29.45 29.856 48.0 风 0
29.856 30.261 50.0 起 0
30.261 30.667 53.0 的 0
30.667 31.072 60.0 时 0
31.072 31.477 57.0 候 0
31.883 32.288 55.0 我 0
32.288 32.694 53.0 好 0
32.694 33.099 50.0 想 0
33.099 33.91 48.0 你 1
35.903 36.308 53.0 多 0
36.308 36.714 55.0 想 0
36.714 37.119 57.0 陪 0
37.119 37.524 62.0 你 0
37.524 37.93 62.0 走 0
37.93 38.335 57.0 过 0
38.831 39.236 60.0 四 0
39.236 40.858 55.0 季 1
42.403 42.809 57.0 那 0
42.809 43.62 60.0 段 0
43.62 44.025 53.0 爱 0
44.025 44.836 50.0 情 0
45.241 45.647 57.0 还 0
45.647 46.052 55.0 留 0
46.052 46.863 53.0 在 0
46.863 47.268 53.0 心 0
47.268 48.079 50.0 底 1
48.862 49.267 48.0 沉 0
49.267 49.673 50.0 默 0
49.673 50.078 53.0 的 0
50.078 50.483 57.0 像 0
50.483 50.889 55.0 身 0
50.889 51.294 53.0 边 0
51.294 51.7 55.0 的 0
51.7 52.105 50.0 空 0
52.105 53.727 48.0 气 1
55.428 55.834 48.0 飘 0
55.834 56.239 50.0 雨 0
56.239 56.644 53.0 的 0
56.644 57.05 60.0 时 0
57.05 57.455 57.0 候 0
57.861 58.266 55.0 你 0
58.266 58.672 53.0 在 0
58.672 59.077 50.0 哪 0
59.077 59.888 48.0 里 1
61.822 62.238 53.0 望 0
62.238 62.644 55.0 穿 0
62.644 63.038 57.0 秋 0
63.038 63.443 62.0 水 0
63.443 63.86 62.0 不 0
63.86 64.265 57.0 露 0
64.671 65.076 60.0 痕 0
65.076 66.292 55.0 迹 1
68.378 68.784 57.0 只 0
68.784 69.594 60.0 - 0
69.594 70.0 53.0 有 0
70.0 70.811 50.0 那 0
71.216 71.621 57.0 蓝 0
71.621 72.027 55.0 - 0
72.027 72.838 53.0 色 0
72.838 73.243 53.0 的 0
73.243 74.054 50.0 天 1
74.896 75.301 48.0 它 0
75.301 75.707 50.0 曾 0
75.707 76.112 53.0 看 0
76.112 76.517 57.0 过 0
76.517 76.923 55.0 我 0
76.923 77.328 53.0 们 0
77.328 77.734 55.0 的 0
77.734 78.139 57.0 甜 0
78.139 79.761 53.0 蜜 1
80.5 80.906 57.0 你 0
80.906 81.311 60.0 是 0
81.311 82.527 60.0 落 0
82.527 82.933 60.0 在 0
82.933 83.338 62.0 我 0
83.338 83.744 65.0 肩 0
83.744 84.149 62.0 上 0
84.149 84.554 60.0 的 0
84.554 85.771 57.0 云 1
86.95 87.355 50.0 随 0
87.355 87.761 53.0 - 0
87.761 88.155 53.0 风 0
88.155 88.571 55.0 飘 0
88.977 89.382 57.0 飘 0
89.382 89.788 60.0 - 0
89.788 90.193 62.0 成 0
90.193 90.598 62.0 相 0
90.598 91.004 60.0 思 0
91.004 92.22 57.0 的 1
93.367 93.773 57.0 掌 0
93.773 94.178 60.0 - 0
94.178 94.989 60.0 心 0
95.394 95.8 57.0 还 0
95.8 96.205 65.0 - 0
96.205 96.611 64.0 留 0
96.611 97.016 62.0 着 0
97.016 97.421 60.0 你 0
97.421 99.043 62.0 的 1
99.873 100.278 60.0 却 0
100.278 100.684 57.0 - 0
100.684 101.089 55.0 像 0
101.089 101.494 55.0 花 0
101.9 102.305 57.0 般 0
102.305 102.711 64.0 - 0
102.711 103.521 62.0 散 0
103.521 103.927 64.0 落 0
103.927 105.548 60.0 一 1
106.446 106.852 57.0 你 0
106.852 107.257 60.0 是 0
107.257 108.473 60.0 落 0
108.473 108.879 60.0 在 0
108.879 109.284 62.0 我 0
109.284 109.69 65.0 肩 0
109.69 110.095 62.0 上 0
110.095 110.5 60.0 的 0
110.5 111.717 57.0 云 1
112.816 113.221 50.0 随 0
113.221 113.627 53.0 - 0
113.627 114.021 53.0 风 0
114.021 114.437 55.0 飘 0
114.843 115.248 57.0 飘 0
115.248 115.654 60.0 - 0
115.654 116.059 62.0 吹 0
116.059 116.464 62.0 来 0
116.464 116.87 60.0 了 0
116.87 117.275 57.0 回 0
117.275 118.086 57.0 - 1
119.408 119.814 57.0 看 0
119.814 120.219 60.0 那 0
120.219 121.03 60.0 往 0
121.435 121.841 57.0 事 0
121.841 122.246 65.0 在 0
122.246 122.651 64.0 心 0
122.651 123.057 62.0 里 0
123.057 123.462 60.0 堆 0
123.462 125.084 62.0 积 1
125.856 126.261 60.0 从 0
126.261 126.667 57.0 - 0
126.667 127.072 55.0 此 0
127.072 127.477 55.0 只 0
127.883 128.288 57.0 我 0
128.288 128.694 60.0 - 0
128.694 129.099 62.0 一 0
129.099 129.504 55.0 个 0
129.504 129.91 57.0 人 0
129.91 131.531 53.0 孤 1
159.169 159.574 48.0 飘 0
159.574 159.98 50.0 - 0
159.98 160.385 53.0 雨 0
160.385 160.791 60.0 的 0
160.791 161.196 57.0 时 0
161.601 162.007 55.0 你 0
162.007 162.412 53.0 - 0
162.412 162.818 50.0 在 0
162.818 163.628 48.0 哪 1
165.549 165.955 53.0 望 0
165.955 166.36 55.0 - 0
166.36 166.766 57.0 穿 0
166.766 167.171 62.0 秋 0
167.171 167.576 62.0 水 0
167.576 167.982 57.0 不 0
168.387 168.793 60.0 痕 0
168.793 170.009 55.0 - 1
172.111 172.516 57.0 只 0
172.516 173.327 60.0 - 0
173.327 173.733 53.0 有 0
173.733 174.543 50.0 那 0
174.949 175.354 57.0 蓝 0
175.354 175.76 55.0 - 0
175.76 176.57 53.0 色 0
176.57 176.976 55.0 的 0
176.976 177.787 50.0 天 1
178.596 179.002 48.0 它 0
179.002 179.407 50.0 曾 0
179.407 179.813 53.0 看 0
179.813 180.218 57.0 过 0
180.218 180.623 55.0 我 0
180.623 181.029 53.0 们 0
181.029 181.434 55.0 的 0
181.434 181.84 57.0 甜 0
181.84 183.461 53.0 蜜 1
184.275 184.68 57.0 你 0
184.68 185.086 60.0 是 0
185.086 185.897 60.0 落 0
186.302 186.707 60.0 在 0
186.707 187.113 62.0 我 0
187.113 187.518 65.0 肩 0
187.518 187.924 62.0 上 0
187.924 188.329 60.0 的 0
188.329 189.545 57.0 云 1
190.727 191.132 50.0 随 0
191.132 191.526 53.0 - 0
191.526 191.921 53.0 风 0
191.932 192.348 55.0 飘 0
192.754 193.159 57.0 飘 0
193.159 193.564 60.0 - 0
193.564 193.97 62.0 成 0
193.97 194.375 62.0 相 0
194.375 194.781 60.0 思 0
194.781 195.997 57.0 的 1
197.175 197.58 57.0 掌 0
197.58 197.986 60.0 - 0
197.986 198.797 60.0 心 0
199.202 199.607 57.0 还 0
199.607 200.013 65.0 - 0
200.013 200.418 64.0 留 0
200.418 200.824 62.0 着 0
200.824 201.229 60.0 你 0
201.229 202.851 62.0 的 1
203.716 204.122 60.0 却 0
204.122 204.527 57.0 - 0
204.527 204.933 55.0 像 0
204.933 205.338 55.0 花 0
205.744 206.149 57.0 般 0
206.149 206.554 64.0 - 0
206.554 207.365 62.0 散 0
207.365 207.771 64.0 落 0
207.771 209.392 60.0 一 1
210.185 210.59 57.0 你 0
210.59 210.996 60.0 是 0
210.996 212.212 60.0 落 0
212.212 212.617 60.0 在 0
212.617 213.023 62.0 我 0
213.023 213.428 65.0 肩 0
213.428 213.834 62.0 上 0
213.834 214.239 60.0 的 0
214.239 215.455 57.0 云 1
216.604 217.01 50.0 随 0
217.01 217.415 53.0 - 0
217.415 217.81 53.0 风 0
217.81 218.226 55.0 飘 0
218.631 219.037 57.0 飘 0
219.037 219.442 60.0 - 0
219.442 219.848 62.0 吹 0
219.848 220.253 62.0 来 0
220.253 220.658 60.0 了 0
220.658 221.064 57.0 回 0
221.064 221.875 57.0 - 1
223.268 223.673 57.0 看 0
223.673 224.079 60.0 那 0
224.079 224.89 60.0 往 0
225.295 225.7 57.0 事 0
225.7 226.106 65.0 在 0
226.106 226.511 64.0 心 0
226.511 226.917 62.0 里 0
226.917 227.322 60.0 堆 0
227.322 228.944 62.0 积 1
229.608 230.014 60.0 从 0
230.014 230.419 57.0 - 0
230.419 230.825 55.0 此 0
230.825 231.23 55.0 只 0
231.635 232.041 57.0 我 0
232.041 232.446 60.0 - 0
232.446 232.852 62.0 一 0
232.852 233.257 55.0 个 0
233.257 233.662 57.0 人 0
233.662 235.284 53.0 孤 1
236.073 236.478 60.0 从 0
236.478 236.884 57.0 - 0
236.884 237.289 55.0 此 0
237.379 237.785 55.0 只 0
238.292 238.9 57.0 我 0
238.9 239.609 60.0 - 0
239.609 240.217 62.0 一 0
240.217 241.129 55.0 个 0
241.129 242.559 57.0 人 0
243.37 246.208 53.0 寂 0
