28.207 28.479 51.0 一 0
28.479 28.752 52.0 个 0
28.752 29.298 54.0 人 0
29.57 29.843 54.0 在 0
29.843 30.388 54.0 这 0
30.388 30.661 59.0 个 0
30.661 30.934 61.0 夜 0
30.934 31.752 59.0 里 1
33.014 33.286 58.0 孤 0
33.286 33.832 58.0 单 0
33.832 34.105 59.0 得 0
34.105 34.377 58.0 难 0
34.377 34.65 56.0 以 0
34.65 34.923 54.0 入 0
34.923 35.196 56.0 - 0
35.196 36.014 56.0 睡 1
37.432 37.705 52.0 真 0
37.705 38.251 52.0 的 0
38.796 39.069 52.0 想 0
39.069 39.341 54.0 找 0
39.341 39.614 56.0 个 0
39.614 40.16 54.0 人 0
40.16 40.432 51.0 来 0
40.432 40.978 47.0 陪 1
41.209 41.481 49.0 不 0
41.481 41.754 51.0 愿 0
41.754 42.299 52.0 意 0
42.572 42.845 56.0 一 0
42.845 43.118 56.0 个 0
43.118 43.663 59.0 人 0
43.663 43.936 51.0 喝 0
43.936 44.754 49.0 醉 1
45.602 45.875 51.0 醉 0
45.875 46.148 52.0 了 0
46.148 46.42 54.0 以 0
46.42 47.239 54.0 后 0
47.239 47.784 54.0 就 0
47.784 48.057 59.0 会 0
48.057 48.329 61.0 流 0
48.329 48.875 59.0 泪 1
49.921 50.194 59.0 数 0
50.194 50.466 61.0 着 0
50.466 50.671 61.0 你 0
50.671 51.012 63.0 - 0
51.284 51.557 58.0 给 0
51.557 51.83 58.0 的 0
51.83 52.648 61.0 伤 0
52.648 53.194 59.0 悲 0
53.194 53.739 56.0 - 1
54.256 54.529 56.0 为 0
54.529 54.802 58.0 什 0
54.802 55.62 59.0 么 0
56.166 56.438 59.0 你 0
56.438 56.711 58.0 总 0
56.711 56.984 56.0 让 0
56.984 57.529 54.0 我 0
57.529 57.802 58.0 憔 0
57.802 58.347 59.0 悴 1
58.689 58.962 56.0 别 0
58.962 59.235 58.0 说 0
59.235 59.507 59.0 我 0
59.507 59.78 59.0 的 0
59.78 60.053 59.0 眼 0
60.053 60.325 59.0 泪 0
60.325 60.598 63.0 你 0
60.598 61.144 66.0 无 0
61.144 61.416 59.0 所 0
61.416 61.962 61.0 谓 1
62.455 63.001 63.0 看 0
63.001 63.273 61.0 我 0
63.273 63.546 59.0 流 0
63.546 63.751 61.0 泪 0
63.751 64.092 63.0 - 0
64.364 64.637 63.0 你 0
64.637 65.183 66.0 头 0
65.183 65.455 63.0 也 0
65.455 65.728 61.0 不 0
65.728 66.273 63.0 回 1
66.853 67.126 63.0 哭 0
67.126 67.671 66.0 过 0
67.671 67.944 63.0 了 0
67.944 68.217 68.0 泪 0
68.217 68.762 68.0 干 0
68.762 69.035 68.0 了 0
69.035 69.307 66.0 心 0
69.307 69.853 63.0 变 0
69.853 70.126 61.0 成 0
70.126 70.671 63.0 灰 1
71.026 71.299 61.0 我 0
71.299 71.571 63.0 想 0
71.571 72.117 61.0 要 0
72.117 72.389 63.0 的 0
72.389 72.935 56.0 美 0
73.208 73.48 56.0 你 0
73.48 73.753 63.0 还 0
73.753 74.299 61.0 不 0
74.299 74.571 63.0 想 0
74.571 75.117 54.0 给 1
75.561 75.834 63.0 伤 0
75.834 76.379 61.0 了 0
76.379 76.652 59.0 的 0
76.652 77.016 64.0 我 0
77.016 77.379 64.0 的 0
77.379 77.743 64.0 心 0
77.743 78.107 64.0 怎 0
78.107 78.47 66.0 去 0
78.47 78.834 63.0 面 0
78.834 79.107 63.0 对 0
79.107 79.652 61.0 - 1
79.888 80.161 63.0 爱 0
80.161 80.706 61.0 给 0
80.706 80.979 59.0 了 0
80.979 81.524 63.0 你 0
82.07 82.615 66.0 我 0
82.615 82.888 63.0 不 0
82.888 83.161 61.0 后 0
83.161 83.365 61.0 悔 0
83.365 83.706 63.0 - 1
84.309 84.855 63.0 只 0
84.855 85.128 66.0 希 0
85.128 85.4 63.0 望 0
85.4 85.605 66.0 你 0
85.605 85.946 68.0 - 0
85.946 86.219 68.0 给 0
86.219 86.491 68.0 我 0
86.491 86.764 66.0 一 0
86.764 87.309 63.0 次 0
87.309 87.582 61.0 机 0
87.582 87.787 61.0 会 0
87.787 88.128 63.0 - 1
88.736 89.009 63.0 让 0
89.009 89.554 61.0 我 0
89.554 89.827 63.0 去 0
89.827 90.372 56.0 追 0
90.918 91.191 63.0 让 0
91.191 91.736 61.0 我 0
91.736 92.009 63.0 去 0
92.009 92.554 54.0 飞 1
93.15 93.422 63.0 毕 0
93.422 93.968 61.0 竟 0
93.968 94.241 59.0 爱 0
94.241 94.604 64.0 过 0
94.604 94.968 64.0 的 0
94.968 95.332 64.0 心 0
95.332 95.604 66.0 需 0
95.604 95.877 63.0 - 0
95.877 96.15 63.0 要 0
96.15 96.695 63.0 安 0
96.695 96.968 61.0 慰 1
97.421 97.694 63.0 需 0
97.694 98.24 61.0 要 0
98.24 98.512 63.0 你 0
98.512 98.785 59.0 安 0
98.785 99.058 61.0 - 0
99.058 99.33 59.0 - 0
99.33 101.24 59.0 慰 1
102.241 102.514 51.0 一 0
102.514 102.787 52.0 个 0
102.787 103.332 54.0 人 0
103.605 103.878 54.0 在 0
103.878 104.151 54.0 这 0
104.151 104.696 59.0 个 0
104.696 104.969 61.0 夜 0
104.969 105.514 59.0 里 1
107.208 107.48 58.0 孤 0
107.48 108.026 58.0 单 0
108.026 108.298 58.0 得 0
108.298 108.571 58.0 难 0
108.571 108.844 56.0 以 0
108.844 109.117 54.0 入 0
109.117 109.389 56.0 - 0
109.389 110.208 56.0 睡 1
111.598 111.871 52.0 真 0
111.871 112.416 52.0 的 0
112.962 113.235 52.0 想 0
113.235 113.507 54.0 找 0
113.507 113.78 56.0 个 0
113.78 114.326 54.0 人 0
114.326 114.598 51.0 来 0
114.598 115.144 47.0 陪 1
115.364 115.637 49.0 不 0
115.637 115.91 51.0 愿 0
115.91 116.455 52.0 意 0
116.728 117.001 52.0 一 0
117.001 117.274 56.0 个 0
117.274 117.819 59.0 人 0
117.819 118.092 51.0 喝 0
118.092 118.91 49.0 醉 1
119.761 120.034 51.0 醉 0
120.034 120.307 52.0 了 0
120.307 120.579 54.0 以 0
120.579 121.397 54.0 后 0
121.397 121.943 54.0 就 0
121.943 122.216 59.0 会 0
122.216 122.488 61.0 流 0
122.488 123.034 59.0 泪 1
124.095 124.367 59.0 数 0
124.367 124.64 61.0 着 0
124.64 125.186 63.0 你 0
125.458 125.731 58.0 给 0
125.731 126.004 58.0 的 0
126.004 126.549 61.0 伤 0
126.549 127.095 59.0 悲 0
127.095 127.64 56.0 - 1
128.572 128.845 56.0 为 0
128.845 129.118 58.0 什 0
129.118 129.936 59.0 么 0
130.481 130.754 59.0 你 0
130.754 131.027 58.0 总 0
131.027 131.3 56.0 让 0
131.3 131.845 54.0 我 0
131.845 132.118 58.0 憔 0
132.118 132.663 59.0 悴 1
132.828 133.101 56.0 别 0
133.101 133.373 58.0 说 0
133.373 133.646 59.0 我 0
133.646 133.919 59.0 的 0
133.919 134.192 59.0 眼 0
134.192 134.464 59.0 泪 0
134.464 134.737 63.0 你 0
134.737 135.283 66.0 无 0
135.283 135.555 59.0 所 0
135.555 136.101 61.0 谓 1
136.658 137.204 63.0 看 0
137.204 137.476 61.0 我 0
137.476 137.749 59.0 流 0
137.749 138.295 63.0 泪 0
138.567 138.84 63.0 你 0
138.84 139.045 63.0 头 0
139.045 139.385 66.0 - 0
139.385 139.658 63.0 也 0
139.658 139.931 61.0 不 0
139.931 140.476 63.0 回 1
141.108 141.653 63.0 哭 0
141.653 141.926 66.0 过 0
141.926 142.199 63.0 了 0
142.199 142.471 68.0 泪 0
142.471 143.017 68.0 干 0
143.017 143.29 68.0 了 0
143.29 143.562 66.0 心 0
143.562 144.108 63.0 变 0
144.108 144.381 61.0 成 0
144.381 144.585 61.0 灰 0
144.585 144.926 63.0 - 1
145.143 145.415 61.0 我 0
145.415 145.688 63.0 想 0
145.688 146.234 61.0 要 0
146.234 146.506 63.0 的 0
146.506 147.052 56.0 美 0
147.325 147.597 56.0 你 0
147.597 147.87 63.0 还 0
147.87 148.415 61.0 不 0
148.415 148.688 63.0 想 0
148.688 149.234 54.0 给 1
149.727 150.0 63.0 伤 0
150.0 150.545 61.0 了 0
150.545 150.818 59.0 的 0
150.818 151.182 64.0 我 0
151.182 151.545 64.0 的 0
151.545 151.909 64.0 心 0
151.909 152.273 64.0 怎 0
152.273 152.636 66.0 去 0
152.636 153.0 63.0 面 0
153.0 153.273 63.0 对 0
153.273 153.818 61.0 - 1
154.256 154.528 61.0 爱 0
154.528 155.074 61.0 给 0
155.074 155.347 59.0 了 0
155.347 155.892 63.0 你 0
156.438 156.71 66.0 我 0
156.71 157.256 66.0 不 0
157.256 157.528 68.0 后 0
157.528 158.074 63.0 悔 1
158.498 158.771 63.0 只 0
158.771 159.317 66.0 希 0
159.317 159.589 63.0 望 0
159.589 159.862 68.0 你 0
159.862 160.407 68.0 给 0
160.407 160.68 68.0 我 0
160.68 160.953 66.0 一 0
160.953 161.498 63.0 次 0
161.498 161.771 61.0 机 0
161.771 162.317 63.0 会 1
162.966 163.239 63.0 让 0
163.239 163.784 61.0 我 0
163.784 164.057 59.0 去 0
164.057 164.602 56.0 追 0
165.148 165.421 63.0 让 0
165.421 165.966 61.0 我 0
165.966 166.239 63.0 去 0
166.239 166.784 54.0 飞 1
167.192 167.464 63.0 毕 0
167.464 168.01 61.0 竟 0
168.01 168.283 59.0 爱 0
168.283 168.646 64.0 过 0
168.646 169.01 64.0 的 0
169.01 169.373 64.0 心 0
169.373 169.578 64.0 需 0
169.578 169.919 66.0 - 0
169.919 170.192 63.0 要 0
170.192 170.737 63.0 安 0
170.737 171.01 61.0 慰 1
171.64 171.913 63.0 需 0
171.913 172.458 61.0 要 0
172.458 172.731 63.0 你 0
172.731 173.004 59.0 安 0
173.004 173.277 61.0 - 0
173.277 173.549 59.0 - 0
173.549 175.458 59.0 慰 1
207.702 209.066 66.0 Ha 0
209.066 210.43 66.0 - 1
210.917 211.19 63.0 看 0
211.19 211.735 61.0 我 0
211.735 212.008 59.0 流 0
212.008 212.553 63.0 泪 0
212.826 213.099 63.0 你 0
213.099 213.303 63.0 头 0
213.303 213.644 66.0 - 0
213.644 213.917 63.0 也 0
213.917 214.19 61.0 不 0
214.19 214.735 63.0 回 1
215.321 215.593 63.0 哭 0
215.593 216.139 66.0 过 0
216.139 216.412 63.0 了 0
216.412 216.684 66.0 泪 0
216.684 217.23 68.0 干 0
217.23 217.502 68.0 了 0
217.502 217.775 66.0 心 0
217.775 218.321 63.0 变 0
218.321 218.593 61.0 成 0
218.593 218.798 61.0 灰 0
218.798 219.139 63.0 - 1
219.245 219.517 61.0 我 0
219.517 219.79 63.0 想 0
219.79 220.335 61.0 要 0
220.335 220.608 63.0 的 0
220.608 221.154 56.0 美 0
221.426 221.699 56.0 你 0
221.699 221.972 63.0 还 0
221.972 222.517 61.0 不 0
222.517 222.79 63.0 想 0
222.79 223.336 54.0 给 1
224.043 224.316 63.0 伤 0
224.316 224.861 61.0 了 0
224.861 225.134 59.0 的 0
225.134 225.498 64.0 我 0
225.498 225.861 64.0 的 0
225.861 226.225 64.0 心 0
226.225 226.588 64.0 怎 0
226.588 226.952 66.0 去 0
226.952 227.316 63.0 面 0
227.316 227.588 63.0 对 0
227.588 228.134 61.0 - 1
228.244 228.516 61.0 爱 0
228.516 229.062 61.0 给 0
229.062 229.335 59.0 了 0
229.335 229.88 63.0 你 0
230.425 230.698 66.0 我 0
230.698 231.244 66.0 不 0
231.244 231.516 68.0 后 0
231.516 232.062 63.0 悔 1
232.676 232.949 63.0 只 0
232.949 233.494 66.0 希 0
233.494 233.767 63.0 望 0
233.767 234.04 68.0 你 0
234.04 234.585 68.0 给 0
234.585 234.858 68.0 我 0
234.858 235.131 66.0 一 0
235.131 235.676 63.0 次 0
235.676 235.949 61.0 机 0
235.949 236.494 63.0 会 1
237.082 237.355 63.0 让 0
237.355 237.9 61.0 我 0
237.9 238.173 63.0 去 0
238.173 238.718 56.0 追 0
239.264 239.536 63.0 让 0
239.536 240.082 61.0 我 0
240.082 240.355 63.0 去 0
240.355 240.9 54.0 飞 1
241.383 241.655 63.0 毕 0
241.655 242.201 61.0 竟 0
242.201 242.473 59.0 爱 0
242.473 242.837 64.0 过 0
242.837 243.201 64.0 的 0
243.201 243.564 64.0 心 0
243.564 243.769 64.0 需 0
243.769 244.11 66.0 - 0
244.11 244.383 63.0 要 0
244.383 244.928 63.0 安 0
244.928 245.201 61.0 慰 1
245.728 246.001 63.0 需 0
246.001 246.546 61.0 要 0
246.546 246.819 63.0 你 0
246.819 247.637 61.0 安 0
247.637 250.637 59.0 慰 1
