30.39 30.819 60.0 梦 0
30.819 31.676 63.0 的 0
31.676 32.104 63.0 洁 0
32.104 33.819 63.0 白 0
33.819 34.247 58.0 心 0
34.247 35.104 60.0 的 0
35.104 35.533 58.0 无 0
35.533 36.39 56.0 暇 1
37.211 37.64 56.0 豆 0
37.64 38.068 58.0 蔻 0
38.068 38.497 60.0 枝 0
38.497 38.926 68.0 头 0
38.926 39.354 67.0 绽 0
39.354 39.783 65.0 放 0
40.211 40.64 67.0 芳 0
40.64 42.354 63.0 华 1
44.157 44.586 65.0 红 0
44.586 45.443 68.0 尘 0
45.443 45.872 68.0 万 0
45.872 46.3 70.0 - 0
46.3 47.586 68.0 丈 0
47.586 48.015 63.0 弱 0
48.015 48.872 65.0 水 0
48.872 49.3 63.0 三 0
49.3 50.157 60.0 千 1
50.998 51.426 58.0 只 0
51.426 51.855 60.0 想 0
51.855 52.283 63.0 找 0
52.283 52.712 60.0 寻 0
52.712 53.14 60.0 那 0
53.14 53.998 58.0 一 0
53.998 54.426 56.0 个 0
54.426 56.14 58.0 他 1
57.754 58.182 60.0 蓝 0
58.182 59.039 63.0 色 0
59.039 59.468 63.0 裙 0
59.468 61.182 63.0 子 0
61.182 61.609 58.0 白 0
61.609 62.463 60.0 色 0
62.463 62.889 58.0 月 0
62.889 63.743 56.0 牙 1
64.733 65.16 56.0 坐 0
65.16 65.587 58.0 在 0
65.587 66.013 60.0 岸 0
66.013 66.44 68.0 边 0
66.44 66.867 67.0 唱 0
66.867 67.294 65.0 到 0
67.72 68.147 60.0 沙 0
68.147 69.854 63.0 哑 1
71.482 71.911 65.0 玫 0
71.911 72.768 68.0 瑰 0
72.768 73.196 68.0 的 0
73.196 74.482 68.0 刺 0
74.911 75.339 63.0 梅 0
75.339 76.196 65.0 花 0
76.196 76.625 63.0 的 0
76.625 77.482 60.0 冷 1
78.404 78.833 58.0 只 0
78.833 79.261 60.0 想 0
79.261 79.69 63.0 等 0
79.69 80.119 65.0 到 0
80.119 80.547 60.0 一 0
80.547 81.404 58.0 颗 0
81.404 82.261 58.0 心 0
82.261 83.976 56.0 呀 1
84.415 84.844 72.0 女 0
84.844 85.272 70.0 - 0
85.272 86.558 68.0 人 0
86.558 86.987 70.0 啊 0
86.987 87.415 72.0 都 0
87.415 87.844 67.0 是 0
87.844 88.272 65.0 一 0
88.272 88.701 60.0 朵 0
88.701 90.415 63.0 花 1
91.196 91.625 68.0 爱 0
91.625 92.054 67.0 是 0
92.054 93.339 65.0 泥 0
93.339 93.768 63.0 土 0
93.768 94.196 65.0 不 0
94.196 94.625 60.0 要 0
94.625 95.054 63.0 轻 0
95.054 95.482 60.0 摘 0
95.482 97.196 58.0 下 1
98.049 98.477 60.0 露 0
98.477 98.906 58.0 - 0
98.906 99.763 56.0 水 0
100.191 100.62 58.0 啊 0
100.62 101.049 60.0 徒 0
101.049 101.477 68.0 然 0
101.477 101.906 67.0 惹 0
101.906 102.334 63.0 牵 0
102.334 104.049 65.0 挂 1
104.951 105.379 70.0 你 0
105.379 105.808 68.0 可 0
105.808 106.665 70.0 愿 0
106.665 107.094 70.0 化 0
107.094 107.522 68.0 作 0
107.522 107.951 60.0 春 0
107.951 108.379 60.0 泥 0
108.379 108.808 67.0 来 0
108.808 109.236 65.0 护 0
109.236 110.951 63.0 花 1
111.735 112.163 72.0 女 0
112.163 112.592 70.0 - 0
112.592 113.878 68.0 人 0
113.878 114.306 70.0 啊 0
114.306 114.735 72.0 都 0
114.735 115.163 67.0 是 0
115.163 115.592 65.0 一 0
115.592 116.021 63.0 朵 0
116.021 117.735 65.0 花 1
118.517 118.946 65.0 花 0
118.946 119.374 68.0 - 0
119.374 120.231 70.0 开 0
120.231 120.66 70.0 堪 0
120.66 121.088 72.0 折 0
121.088 121.517 70.0 你 0
121.517 121.946 68.0 要 0
121.946 122.374 60.0 珍 0
122.374 122.803 65.0 惜 0
122.803 124.517 63.0 她 1
125.407 125.836 56.0 四 0
125.836 126.264 58.0 - 0
126.264 127.55 60.0 季 0
127.55 127.979 63.0 啊 0
127.979 128.407 63.0 一 0
128.407 128.836 68.0 年 0
128.836 129.264 67.0 年 0
129.264 129.693 63.0 变 0
129.693 131.407 65.0 化 1
132.396 132.825 65.0 风 0
132.825 133.253 68.0 吹 0
133.253 133.682 70.0 花 0
133.682 134.111 70.0 落 0
134.539 134.968 67.0 咫 0
134.968 135.396 65.0 尺 0
135.825 136.253 63.0 成 0
136.253 136.682 65.0 天 0
136.682 139.253 68.0 涯 1
167.38 167.809 60.0 蓝 0
167.809 168.666 63.0 色 0
168.666 169.094 63.0 裙 0
169.094 170.809 63.0 子 0
170.809 171.237 58.0 白 0
171.237 172.094 60.0 色 0
172.094 172.523 58.0 月 0
172.523 173.38 56.0 牙 1
174.418 174.847 56.0 坐 0
174.847 175.275 58.0 在 0
175.275 175.704 60.0 岸 0
175.704 176.133 68.0 边 0
176.133 176.561 67.0 唱 0
176.561 176.99 65.0 到 0
177.418 177.847 60.0 沙 0
177.847 179.561 63.0 哑 1
181.24 181.669 65.0 玫 0
181.669 182.526 68.0 瑰 0
182.526 182.955 70.0 的 0
182.955 184.24 68.0 刺 0
184.669 185.098 63.0 梅 0
185.098 185.955 65.0 花 0
185.955 186.383 63.0 的 0
186.383 187.24 60.0 冷 1
187.973 188.401 58.0 只 0
188.401 188.83 60.0 想 0
188.83 189.258 63.0 等 0
189.258 189.687 65.0 到 0
189.687 190.115 60.0 一 0
190.115 190.973 58.0 颗 0
190.973 191.83 58.0 心 0
191.83 193.544 56.0 呀 1
194.02 194.448 72.0 女 0
194.448 194.877 70.0 - 0
194.877 196.162 68.0 人 0
196.162 196.591 70.0 啊 0
196.591 197.02 72.0 都 0
197.02 197.448 67.0 是 0
197.448 197.877 65.0 一 0
197.877 198.305 60.0 朵 0
198.305 200.02 63.0 花 1
200.801 201.229 68.0 爱 0
201.229 201.658 67.0 是 0
201.658 202.944 65.0 泥 0
202.944 203.372 63.0 土 0
203.372 203.801 65.0 不 0
203.801 204.229 60.0 要 0
204.229 204.658 63.0 轻 0
204.658 205.086 60.0 摘 0
205.086 206.801 58.0 下 1
207.734 208.162 60.0 露 0
208.162 208.591 58.0 - 0
208.591 209.448 56.0 水 0
209.877 210.305 58.0 啊 0
210.305 210.734 60.0 徒 0
210.734 211.162 68.0 然 0
211.162 211.591 67.0 惹 0
211.591 212.02 63.0 牵 0
212.02 213.734 65.0 挂 1
214.66 215.089 70.0 你 0
215.089 215.517 68.0 可 0
215.517 216.374 70.0 愿 0
216.374 216.803 70.0 化 0
216.803 217.231 68.0 作 0
217.231 217.66 60.0 春 0
217.66 218.089 60.0 泥 0
218.089 218.517 67.0 来 0
218.517 218.946 65.0 护 0
218.946 220.66 63.0 花 1
221.414 221.843 72.0 女 0
221.843 222.271 70.0 - 0
222.271 223.557 68.0 人 0
223.557 223.986 70.0 啊 0
223.986 224.414 72.0 都 0
224.414 224.843 67.0 是 0
224.843 225.271 65.0 一 0
225.271 225.7 63.0 朵 0
225.7 227.414 65.0 花 1
228.234 228.663 65.0 花 0
228.663 229.091 68.0 - 0
229.091 229.949 70.0 开 0
229.949 230.377 70.0 堪 0
230.377 230.806 72.0 折 0
230.806 231.234 70.0 你 0
231.234 231.663 68.0 要 0
231.663 232.091 60.0 珍 0
232.091 232.52 65.0 惜 0
232.52 234.234 63.0 她 1
235.248 235.677 56.0 四 0
235.677 236.106 58.0 - 0
236.106 237.391 60.0 季 0
237.391 237.82 63.0 啊 0
237.82 238.248 63.0 一 0
238.248 238.677 68.0 年 0
238.677 239.106 67.0 年 0
239.106 239.534 63.0 变 0
239.534 241.248 65.0 化 1
242.027 242.455 65.0 风 0
242.455 242.884 68.0 吹 0
242.884 243.312 70.0 花 0
243.312 243.741 70.0 落 0
244.169 244.598 67.0 咫 0
244.598 245.027 65.0 尺 0
245.455 245.884 63.0 成 0
245.884 246.312 65.0 天 0
246.312 248.027 68.0 涯 1
248.822 249.25 72.0 女 0
249.25 249.679 70.0 - 0
249.679 250.965 68.0 人 0
250.965 251.393 70.0 啊 0
251.393 251.822 72.0 都 0
251.822 252.25 67.0 是 0
252.25 252.679 65.0 一 0
252.679 253.107 60.0 朵 0
253.107 254.822 63.0 花 1
255.799 256.227 68.0 爱 0
256.227 256.656 67.0 是 0
256.656 257.942 65.0 泥 0
257.942 258.37 63.0 土 0
258.37 258.799 65.0 不 0
258.799 259.227 60.0 要 0
259.227 259.656 63.0 轻 0
259.656 260.085 60.0 摘 0
260.085 261.799 58.0 下 1
262.626 263.055 60.0 露 0
263.055 263.483 58.0 - 0
263.483 264.34 56.0 水 0
264.769 265.197 58.0 啊 0
265.197 265.626 60.0 徒 0
265.626 266.055 68.0 然 0
266.055 266.483 67.0 惹 0
266.483 266.912 63.0 牵 0
266.912 268.626 65.0 挂 1
269.515 269.944 70.0 你 0
269.944 270.372 68.0 可 0
270.372 271.229 70.0 愿 0
271.229 271.658 70.0 化 0
271.658 272.087 68.0 作 0
272.087 272.515 60.0 春 0
272.515 272.944 60.0 泥 0
272.944 273.372 67.0 来 0
273.372 273.801 65.0 护 0
273.801 275.515 63.0 花 1
276.256 276.685 72.0 女 0
276.685 277.113 70.0 - 0
277.113 278.399 68.0 人 0
278.399 278.828 70.0 啊 0
278.828 279.256 72.0 都 0
279.256 279.685 67.0 是 0
279.685 280.113 65.0 一 0
280.113 280.542 63.0 朵 0
280.542 282.256 65.0 花 1
283.171 283.6 65.0 花 0
283.6 284.029 68.0 - 0
284.029 284.886 70.0 开 0
284.886 285.314 70.0 堪 0
285.314 285.743 72.0 折 0
285.743 286.171 70.0 你 0
286.171 286.6 68.0 要 0
286.6 287.029 60.0 珍 0
287.029 287.457 65.0 惜 0
287.457 289.171 63.0 她 1
289.994 290.422 56.0 四 0
290.422 290.851 58.0 - 0
290.851 292.136 60.0 季 0
292.136 292.565 63.0 啊 0
292.565 292.994 63.0 一 0
292.994 293.422 68.0 年 0
293.422 293.851 67.0 年 0
293.851 294.279 63.0 变 0
294.279 295.994 65.0 化 1
296.835 297.263 65.0 风 0
297.263 297.692 68.0 吹 0
297.692 298.12 70.0 花 0
298.12 298.549 70.0 落 0
298.978 299.406 67.0 咫 0
299.406 299.835 65.0 尺 0
300.263 300.692 63.0 成 0
300.692 301.12 65.0 天 0
301.12 302.835 68.0 涯 1
303.686 304.114 65.0 风 0
304.114 304.543 68.0 吹 0
304.543 304.972 70.0 花 0
304.972 305.4 70.0 落 0
305.829 306.257 67.0 咫 0
306.257 306.86 65.0 尺 0
307.462 308.036 63.0 成 0
308.036 309.757 65.0 天 0
309.757 313.95 68.0 涯 1
