30.804 31.226 51.0 你 0
31.233 31.654 53.0 的 0
31.662 32.083 56.0 手 0
32.09 32.512 58.0 一 0
32.519 33.905 60.0 挥 1
33.976 34.396 61.0 说 0
34.506 34.926 60.0 要 0
34.93 35.35 58.0 往 0
35.353 35.774 56.0 北 0
35.777 37.151 60.0 飞 1
37.471 37.891 61.0 爱 0
37.895 38.315 60.0 情 0
38.318 38.633 61.0 被 0
38.742 39.162 63.0 一 0
39.166 39.586 60.0 刀 0
39.59 39.692 56.0 剪 0
39.802 41.811 56.0 碎 1
42.282 42.49 53.0 我 0
42.494 42.702 56.0 的 0
42.706 43.444 61.0 心 0
43.553 43.973 61.0 一 0
43.977 44.397 60.0 片 0
44.401 45.986 58.0 黑 1
45.998 46.312 51.0 你 0
46.421 46.842 53.0 讲 0
46.845 47.265 56.0 的 0
47.269 47.583 58.0 很 0
47.693 49.066 60.0 对 1
49.421 49.842 61.0 说 0
49.845 50.265 60.0 永 0
50.269 50.689 58.0 远 0
50.693 50.901 56.0 多 0
50.905 52.384 60.0 累 1
52.734 53.049 61.0 但 0
53.158 53.578 60.0 是 0
53.582 54.002 61.0 这 0
54.005 54.426 63.0 一 0
54.429 54.849 60.0 声 0
54.853 54.955 56.0 再 0
55.065 56.968 56.0 会 1
57.416 57.625 53.0 以 0
57.628 57.837 56.0 后 0
57.84 58.578 61.0 谁 0
58.687 59.002 61.0 记 0
59.111 59.531 60.0 得 0
59.535 61.756 58.0 谁 1
62.201 62.622 58.0 我 0
62.625 62.939 56.0 以 0
63.049 63.999 58.0 为 0
64.32 64.528 58.0 我 0
64.532 64.74 60.0 的 0
64.744 65.164 61.0 爱 0
65.167 65.588 60.0 情 1
65.59 66.01 58.0 可 0
66.014 66.328 56.0 以 0
66.438 66.858 53.0 满 0
66.861 67.176 56.0 足 0
67.179 67.705 58.0 你 0
67.709 68.129 56.0 想 0
68.133 68.553 58.0 买 0
68.556 68.659 60.0 的 0
68.768 70.46 60.0 醉 1
70.601 70.915 58.0 风 0
71.025 71.445 56.0 一 0
71.448 72.61 58.0 吹 1
72.664 72.872 58.0 我 0
72.875 73.082 60.0 才 0
73.086 73.488 61.0 知 0
73.491 73.893 60.0 道 0
73.896 74.298 58.0 自 0
74.302 74.704 56.0 己 1
74.743 75.145 53.0 早 0
75.149 75.753 56.0 已 0
75.97 76.395 65.0 崩 0
76.399 77.038 63.0 - 0
77.042 78.86 63.0 溃 1
78.885 79.096 63.0 风 0
79.207 79.417 61.0 往 0
79.528 79.739 60.0 北 0
79.742 81.989 63.0 吹 1
82.306 82.517 63.0 你 0
82.627 82.838 61.0 走 0
82.949 83.159 60.0 的 0
83.163 84.338 63.0 好 0
84.449 84.767 65.0 干 0
84.77 85.302 65.0 脆 0
85.306 85.624 63.0 - 1
85.776 86.094 63.0 我 0
86.098 86.309 61.0 的 0
86.419 86.63 60.0 眼 0
86.634 86.951 61.0 睁 0
86.955 87.166 63.0 不 0
87.169 88.13 65.0 开 1
88.228 88.521 63.0 流 0
88.524 88.718 61.0 着 0
88.82 89.409 60.0 泪 1
89.498 89.692 60.0 你 0
89.695 89.891 63.0 用 0
89.894 90.332 60.0 一 0
90.336 90.442 58.0 句 0
90.556 90.663 58.0 话 1
90.748 90.965 58.0 把 0
91.079 91.296 63.0 一 0
91.299 91.516 65.0 切 0
91.63 91.847 63.0 收 0
91.851 92.178 58.0 回 1
92.667 92.982 63.0 我 0
92.985 93.194 61.0 往 0
93.197 93.511 60.0 北 0
93.515 95.63 63.0 追 1
96.008 96.323 63.0 用 0
96.326 96.534 61.0 迷 0
96.538 96.852 60.0 了 0
96.856 98.017 63.0 路 0
98.021 98.229 65.0 的 0
98.233 98.759 65.0 腿 0
98.762 99.289 63.0 - 1
99.512 99.614 61.0 我 0
99.724 99.826 61.0 只 0
99.936 100.139 60.0 有 0
100.142 100.443 61.0 往 0
100.446 100.747 63.0 前 0
100.751 101.659 65.0 飞 1
101.797 102.098 63.0 退 0
102.101 102.3 61.0 不 0
102.405 102.909 60.0 回 1
103.121 103.321 60.0 北 0
103.324 103.524 63.0 方 0
103.527 103.952 60.0 没 0
103.956 104.167 58.0 有 0
104.277 105.774 58.0 你 1
106.566 106.777 58.0 要 0
106.781 106.991 60.0 我 0
106.995 107.42 61.0 如 0
107.423 107.848 60.0 何 0
107.852 108.277 58.0 收 0
108.281 108.598 56.0 拾 1
108.708 109.133 55.0 你 0
109.137 109.455 53.0 给 0
109.565 109.776 51.0 我 0
109.78 110.419 58.0 的 0
110.422 113.312 56.0 美 1
139.163 139.583 51.0 你 0
139.587 139.954 53.0 的 0
139.958 140.325 56.0 手 0
140.328 140.749 58.0 一 0
140.752 142.126 60.0 挥 1
142.371 142.791 61.0 说 0
142.901 143.321 60.0 要 0
143.324 143.745 58.0 往 0
143.748 144.168 56.0 北 0
144.172 145.545 60.0 飞 1
145.734 146.26 61.0 爱 0
146.264 146.684 60.0 情 0
146.687 147.107 61.0 被 0
147.111 147.531 63.0 一 0
147.535 147.955 60.0 刀 0
147.958 148.061 56.0 剪 0
148.17 150.18 56.0 碎 1
150.467 150.675 53.0 我 0
150.679 150.883 56.0 的 0
150.886 151.573 61.0 心 0
151.675 152.067 61.0 一 0
152.07 152.49 58.0 片 0
152.494 154.133 58.0 黑 1
154.338 154.643 51.0 你 0
154.749 155.157 53.0 讲 0
155.16 155.568 56.0 的 0
155.571 155.979 58.0 很 0
155.983 157.352 60.0 对 1
157.75 158.169 61.0 说 0
158.172 158.591 60.0 永 0
158.595 159.014 58.0 远 0
159.017 159.225 56.0 多 0
159.229 160.704 60.0 累 0
161.13 161.232 60.0 - 1
161.238 161.551 61.0 但 0
161.554 161.974 60.0 是 0
161.977 162.185 61.0 这 0
162.188 162.819 63.0 一 0
162.822 163.241 60.0 声 0
163.245 163.347 56.0 再 0
163.456 165.354 56.0 会 1
165.697 165.905 53.0 以 0
165.908 166.116 56.0 后 0
166.119 166.855 61.0 谁 0
166.964 167.278 61.0 记 0
167.387 168.123 58.0 得 0
168.232 170.13 58.0 谁 1
170.421 170.84 58.0 我 0
170.843 171.157 56.0 以 0
171.266 172.213 58.0 为 0
172.533 172.741 58.0 我 0
172.745 172.952 60.0 的 0
172.956 173.375 61.0 爱 0
173.378 173.797 60.0 情 1
173.799 174.218 58.0 可 0
174.222 174.535 56.0 以 0
174.644 175.063 53.0 满 0
175.067 175.38 56.0 足 0
175.384 175.908 58.0 你 0
175.912 176.331 56.0 想 0
176.334 176.753 58.0 买 0
176.757 176.859 60.0 的 0
176.968 178.655 60.0 醉 1
178.877 179.191 58.0 风 0
179.3 179.719 56.0 一 0
179.722 180.881 58.0 吹 1
180.944 181.152 58.0 我 0
181.155 181.363 60.0 才 0
181.367 181.786 61.0 知 0
181.789 182.208 60.0 道 0
182.212 182.631 58.0 自 0
182.634 183.053 56.0 己 1
183.096 183.515 53.0 早 0
183.518 184.149 56.0 已 0
184.363 184.782 65.0 崩 0
184.786 185.205 63.0 - 0
185.208 187.212 63.0 溃 1
187.289 187.497 63.0 风 0
187.606 187.814 61.0 往 0
187.923 188.242 60.0 北 0
188.245 190.558 63.0 吹 1
190.645 190.852 63.0 你 0
190.961 191.169 61.0 走 0
191.278 191.486 60.0 的 0
191.49 192.648 63.0 好 0
192.757 193.071 65.0 干 0
193.074 193.599 65.0 脆 0
193.602 193.916 63.0 - 1
194.1 194.413 63.0 我 0
194.417 194.624 61.0 的 0
194.734 194.941 60.0 眼 0
194.945 195.153 61.0 睁 0
195.156 195.364 63.0 不 0
195.367 196.315 65.0 开 1
196.477 196.791 63.0 流 0
196.794 197.002 61.0 着 0
197.111 197.741 60.0 泪 1
197.874 198.081 60.0 你 0
198.085 198.293 63.0 用 0
198.296 198.504 60.0 一 0
198.578 198.68 58.0 句 0
198.86 198.962 58.0 话 1
199.19 199.398 58.0 把 0
199.507 199.715 63.0 一 0
199.718 199.926 65.0 切 0
200.035 200.243 63.0 收 0
200.247 200.56 58.0 回 1
200.77 201.049 63.0 我 0
201.052 201.33 61.0 往 0
201.334 201.612 60.0 北 0
201.615 203.725 63.0 追 1
204.266 204.544 63.0 用 0
204.547 204.825 61.0 迷 0
204.829 205.107 60.0 了 0
205.111 206.269 63.0 路 0
206.273 206.48 65.0 的 0
206.484 207.009 65.0 腿 0
207.012 207.537 63.0 - 1
207.845 207.947 61.0 我 0
208.056 208.159 61.0 只 0
208.268 208.475 60.0 有 0
208.479 208.792 61.0 往 0
208.796 209.109 63.0 前 0
209.113 210.06 65.0 飞 1
210.127 210.44 63.0 退 0
210.444 210.652 61.0 不 0
210.761 211.286 60.0 回 1
211.4 211.607 60.0 北 0
211.611 211.819 63.0 方 0
211.822 212.241 60.0 没 0
212.245 212.453 58.0 有 0
212.562 214.037 58.0 你 1
214.731 214.939 58.0 要 0
214.942 215.15 60.0 我 0
215.154 215.573 61.0 如 0
215.576 215.995 60.0 何 0
215.999 216.418 58.0 收 0
216.421 216.735 56.0 拾 1
216.923 217.342 55.0 你 0
217.345 217.659 53.0 给 0
217.768 217.975 51.0 我 0
217.979 219.032 58.0 的 0
219.035 221.884 56.0 美 1
231.325 231.956 63.0 风 0
232.065 232.484 63.0 往 0
232.487 233.396 68.0 北 0
233.4 235.418 63.0 吹 1
235.938 236.36 63.0 你 0
236.364 236.573 61.0 走 0
236.577 236.786 60.0 的 0
236.789 237.956 63.0 好 0
238.066 238.381 65.0 干 0
238.385 238.913 65.0 脆 0
238.917 239.233 63.0 - 1
239.54 239.749 61.0 我 0
239.753 239.962 61.0 的 0
239.966 240.175 60.0 眼 0
240.179 240.494 61.0 睁 0
240.604 240.813 63.0 不 0
240.817 241.664 65.0 开 1
241.908 242.223 63.0 流 0
242.227 242.436 61.0 着 0
242.546 243.074 60.0 泪 1
243.231 243.44 60.0 你 0
243.444 243.653 63.0 用 0
243.657 243.866 60.0 一 0
243.94 244.043 58.0 句 0
244.224 244.327 58.0 话 1
244.594 244.803 58.0 把 0
244.913 245.122 63.0 一 0
245.126 245.335 65.0 切 0
245.445 245.654 63.0 收 0
245.658 245.973 58.0 回 1
246.197 246.477 63.0 我 0
246.481 246.723 61.0 往 0
246.726 246.944 60.0 北 0
246.946 249.07 63.0 追 1
249.519 249.799 63.0 用 0
249.803 250.083 61.0 迷 0
250.086 250.367 60.0 了 0
250.37 251.537 63.0 路 0
251.54 251.75 65.0 的 0
251.753 252.281 65.0 腿 0
252.285 252.813 63.0 - 1
253.187 253.29 61.0 我 0
253.4 253.503 61.0 只 0
253.613 253.822 60.0 有 0
253.825 254.247 61.0 往 0
254.251 254.673 63.0 前 0
254.676 255.418 65.0 飞 1
255.516 255.831 63.0 退 0
255.835 256.044 61.0 不 0
256.154 256.682 60.0 回 1
256.699 256.908 60.0 北 0
256.912 257.121 63.0 方 0
257.125 257.547 60.0 没 0
257.55 257.759 58.0 有 0
257.869 259.355 58.0 你 1
260.178 260.388 58.0 要 0
260.391 260.6 60.0 我 0
260.604 261.026 61.0 如 0
261.029 261.451 60.0 何 0
261.455 261.877 58.0 收 0
261.88 262.196 56.0 拾 1
262.369 262.791 55.0 你 0
262.795 263.11 53.0 给 0
263.22 263.429 51.0 我 0
263.433 264.068 58.0 的 0
264.071 266.408 56.0 美 1
266.798 267.008 58.0 要 0
267.011 267.22 60.0 我 0
267.224 267.752 61.0 如 0
267.756 268.178 60.0 何 0
268.181 268.603 58.0 收 0
268.607 269.135 56.0 拾 1
269.226 269.754 55.0 你 0
269.758 270.286 53.0 给 0
270.29 270.712 51.0 我 0
270.715 272.839 58.0 的 0
273.588 281.35 56.0 美 1
