16.342 16.635 51.0 你 0
16.737 17.128 51.0 做 0
17.131 17.523 53.0 - 0
17.526 17.918 56.0 了 0
17.921 18.904 60.0 选 1
20.843 21.037 58.0 对 0
21.04 21.234 56.0 的 0
21.238 21.827 60.0 错 0
21.83 22.024 58.0 - 0
22.027 22.517 58.0 的 1
22.793 23.085 51.0 我 0
23.187 23.579 51.0 只 0
23.582 23.875 53.0 能 0
23.977 24.368 56.0 承 0
24.372 25.158 60.0 认 1
27.166 27.36 58.0 心 0
27.363 27.557 56.0 是 0
27.561 27.952 60.0 痛 0
27.955 28.347 58.0 - 0
28.399 28.741 58.0 的 1
29.018 29.311 63.0 怀 0
29.413 29.706 63.0 - 0
29.808 30.101 63.0 疑 0
30.203 30.495 63.0 你 0
30.597 31.778 65.0 舍 1
33.332 33.723 60.0 我 0
33.726 34.019 63.0 - 0
34.121 34.512 65.0 伤 0
34.516 34.759 63.0 - 0
34.762 35.105 63.0 的 0
35.108 35.203 60.0 那 0
35.305 36.19 60.0 深 1
36.547 36.742 56.0 就 0
36.745 37.235 60.0 - 0
37.337 37.531 58.0 声 0
37.584 37.728 56.0 哭 0
37.732 38.123 53.0 - 1
38.585 38.878 58.0 何 0
38.98 39.371 58.0 必 0
39.375 39.766 56.0 - 0
39.769 40.161 60.0 再 0
40.164 40.852 58.0 强 1
41.772 42.065 51.0 我 0
42.167 42.558 51.0 没 0
42.562 42.953 53.0 有 0
42.956 43.348 56.0 选 0
43.351 43.742 60.0 择 0
43.746 44.335 60.0 - 1
45.633 46.025 60.0 我 0
46.028 46.222 58.0 不 0
46.226 46.42 56.0 再 0
46.423 46.814 60.0 完 0
46.818 47.11 58.0 - 0
47.212 47.702 58.0 整 1
48.081 48.176 63.0 原 0
48.278 48.374 63.0 来 0
48.476 48.867 65.0 最 0
48.87 49.064 63.0 - 0
49.068 49.459 63.0 - 0
49.462 49.558 60.0 后 0
49.66 50.446 60.0 吻 1
51.925 52.317 58.0 如 0
52.32 52.711 56.0 - 0
52.715 53.402 60.0 此 0
53.504 53.896 63.0 冷 1
54.24 54.532 63.0 你 0
54.634 54.927 63.0 只 0
55.029 55.322 63.0 能 0
55.424 55.618 63.0 默 0
55.819 56.999 65.0 认 1
57.937 58.23 65.0 我 0
58.332 58.723 65.0 要 0
58.727 59.118 68.0 被 0
59.121 59.809 67.0 割 0
59.911 60.5 63.0 舍 1
60.58 61.367 63.0 眼 0
61.37 62.057 67.0 看 0
62.159 63.143 68.0 着 0
64.133 64.524 65.0 你 0
64.528 65.314 68.0 走 0
65.317 65.709 70.0 了 0
65.712 66.498 70.0 - 1
66.921 67.214 63.0 如 0
67.316 67.609 63.0 果 0
67.711 68.102 63.0 这 0
68.105 68.497 65.0 - 0
68.5 68.892 63.0 不 0
68.895 69.484 72.0 是 0
69.487 69.582 63.0 结 0
69.684 70.174 63.0 局 1
70.577 70.87 63.0 如 0
70.972 71.363 63.0 果 0
71.366 71.758 65.0 我 0
71.761 72.054 63.0 还 0
72.156 72.646 70.0 爱 0
72.748 72.843 63.0 - 0
72.945 73.337 63.0 你 1
73.745 74.038 63.0 如 0
74.139 74.531 63.0 果 0
74.534 74.926 65.0 我 0
74.929 75.32 63.0 愿 0
75.324 75.814 68.0 相 0
75.916 76.011 60.0 信 0
76.113 76.505 60.0 - 1
76.784 77.076 68.0 你 0
77.178 77.57 67.0 就 0
77.573 77.866 65.0 - 0
77.968 78.557 65.0 唯 0
78.56 78.754 63.0 - 0
78.757 79.247 63.0 - 1
79.507 79.8 63.0 如 0
79.902 80.194 63.0 - 0
80.296 80.589 63.0 果 0
80.691 80.984 63.0 你 0
81.086 81.477 63.0 听 0
81.48 81.872 65.0 到 0
81.875 82.069 56.0 这 0
82.073 82.365 56.0 - 1
82.803 83.095 56.0 如 0
83.197 83.49 56.0 果 0
83.592 83.885 56.0 你 0
83.987 84.28 56.0 依 0
84.382 84.674 56.0 然 0
84.776 85.267 63.0 放 0
85.368 85.563 60.0 弃 1
85.901 86.193 63.0 那 0
86.295 86.489 63.0 这 0
86.69 86.884 63.0 就 0
87.085 87.378 63.0 是 0
87.48 87.97 65.0 爱 0
88.269 88.463 67.0 情 0
88.466 88.858 68.0 - 1
89.084 89.377 68.0 我 0
89.479 89.871 68.0 难 0
89.874 90.265 65.0 - 0
90.269 90.463 68.0 以 0
90.663 91.746 70.0 拒 1
92.265 92.558 63.0 如 0
92.66 92.953 63.0 果 0
93.055 93.446 63.0 这 0
93.45 93.841 65.0 就 0
93.844 94.236 63.0 是 0
94.239 94.828 72.0 爱 0
94.831 94.927 63.0 - 0
95.029 95.519 63.0 情 1
95.87 96.163 63.0 本 0
96.265 96.656 63.0 来 0
96.659 97.051 65.0 就 0
97.054 97.347 63.0 不 0
97.449 97.939 70.0 公 0
98.041 98.136 63.0 - 0
98.238 98.63 63.0 平 1
98.919 99.212 63.0 你 0
99.314 99.705 63.0 不 0
99.708 100.1 65.0 - 0
100.103 100.495 63.0 需 0
100.498 100.988 68.0 要 0
101.09 101.185 60.0 讲 0
101.287 101.679 60.0 理 1
102.12 102.413 68.0 我 0
102.515 102.906 67.0 可 0
102.909 103.202 65.0 - 0
103.304 103.893 65.0 离 0
103.896 104.09 63.0 - 0
104.093 104.584 63.0 - 1
104.809 105.102 63.0 如 0
105.204 105.496 63.0 果 0
105.598 105.891 63.0 我 0
105.993 106.286 63.0 成 0
106.388 106.779 63.0 全 0
106.783 107.273 65.0 - 0
107.375 107.668 68.0 你 1
108.041 108.334 63.0 如 0
108.436 108.728 63.0 果 0
108.83 109.123 63.0 我 0
109.225 109.518 63.0 能 0
109.62 109.913 63.0 祝 0
110.015 110.603 65.0 福 0
110.607 111.097 68.0 你 1
111.203 111.496 63.0 那 0
111.597 111.792 63.0 不 0
111.992 112.186 63.0 是 0
112.387 112.68 72.0 我 0
112.782 113.272 70.0 看 0
113.571 114.16 68.0 清 1
114.23 115.016 68.0 是 0
115.019 115.411 65.0 - 0
115.414 115.608 68.0 我 0
115.809 116.891 70.0 明 0
117.388 118.075 63.0 我 0
118.177 118.568 70.0 爱 0
118.572 118.865 68.0 - 0
118.966 120.838 68.0 你 1
123.794 124.087 51.0 灰 0
124.189 124.581 51.0 色 0
124.584 124.975 53.0 - 0
124.979 125.37 56.0 的 0
125.373 126.357 60.0 天 1
128.081 128.276 58.0 无 0
128.279 128.473 56.0 - 0
128.476 128.868 60.0 法 0
128.871 129.164 58.0 猜 0
129.266 129.756 58.0 - 1
130.168 130.461 51.0 多 0
130.563 130.954 51.0 余 0
130.958 131.25 53.0 的 0
131.352 131.744 56.0 眼 0
131.747 132.533 60.0 泪 1
134.431 134.625 58.0 无 0
134.629 134.823 56.0 - 0
134.826 135.217 60.0 法 0
135.221 135.612 58.0 挽 0
135.615 136.007 58.0 - 1
136.431 136.724 63.0 什 0
136.826 137.118 63.0 么 0
137.22 137.513 63.0 都 0
137.615 137.908 63.0 牵 0
138.01 139.191 65.0 动 1
140.806 141.197 60.0 感 0
141.201 141.494 63.0 - 0
141.596 141.987 65.0 真 0
141.99 142.086 63.0 - 0
142.188 142.579 63.0 好 0
142.582 142.678 60.0 - 0
142.78 143.665 60.0 弱 1
143.943 144.137 56.0 被 0
144.14 144.63 60.0 呵 0
144.732 144.926 58.0 护 0
144.979 145.124 56.0 的 0
145.127 145.519 53.0 人 1
145.806 146.098 58.0 原 0
146.2 146.592 58.0 来 0
146.595 146.987 56.0 - 0
146.99 147.332 60.0 不 0
147.385 148.072 58.0 是 1
149.076 149.368 51.0 我 0
149.47 149.862 51.0 不 0
149.865 150.256 53.0 - 0
150.26 150.651 56.0 要 0
150.654 151.638 60.0 你 1
152.917 153.308 60.0 我 0
153.312 153.506 58.0 - 0
153.509 153.703 56.0 不 0
153.706 154.098 60.0 想 0
154.101 154.394 58.0 放 0
154.496 154.986 58.0 - 1
155.454 155.55 63.0 却 0
155.652 155.747 63.0 不 0
155.849 156.24 65.0 - 0
156.244 156.438 63.0 能 0
156.441 156.833 63.0 够 0
156.836 156.931 60.0 求 0
157.033 157.819 60.0 - 1
159.41 159.801 60.0 同 0
159.804 159.998 58.0 情 0
160.002 160.196 56.0 的 0
160.199 160.887 60.0 温 0
160.989 161.38 63.0 柔 1
161.769 162.062 63.0 你 0
162.164 162.457 63.0 可 0
162.559 162.851 63.0 以 0
162.953 163.147 63.0 自 0
163.348 164.529 65.0 由 1
165.234 165.526 65.0 我 0
165.628 166.02 65.0 愿 0
166.023 166.415 68.0 - 0
166.418 167.105 67.0 意 0
167.207 167.796 63.0 受 1
168.087 168.873 63.0 把 0
168.876 169.564 67.0 昨 0
169.666 170.057 68.0 天 0
170.061 170.649 68.0 - 0
171.64 172.031 65.0 留 0
172.034 172.82 68.0 给 0
172.824 173.215 70.0 我 0
173.218 174.005 70.0 - 1
174.419 174.711 63.0 如 0
174.813 175.106 63.0 果 0
175.208 175.6 63.0 这 0
175.603 175.994 65.0 不 0
175.998 176.389 63.0 是 0
176.392 176.981 72.0 结 0
176.984 177.08 63.0 局 0
177.182 177.672 63.0 - 1
177.835 178.128 63.0 如 0
178.23 178.621 63.0 - 0
178.625 179.016 65.0 果 0
179.02 179.312 63.0 我 0
179.414 179.904 70.0 还 0
180.006 180.102 63.0 爱 0
180.204 180.595 63.0 - 1
181.042 181.335 63.0 如 0
181.437 181.828 63.0 果 0
181.832 182.223 65.0 我 0
182.226 182.618 63.0 愿 0
182.621 183.111 68.0 相 0
183.213 183.309 60.0 - 0
183.411 183.802 60.0 信 1
184.147 184.44 68.0 你 0
184.542 184.933 67.0 就 0
184.937 185.229 65.0 - 0
185.331 185.723 65.0 唯 0
185.726 186.117 65.0 - 0
186.121 186.611 63.0 - 1
186.885 187.178 63.0 如 0
187.28 187.573 63.0 - 0
187.675 187.967 63.0 果 0
188.069 188.362 63.0 你 0
188.464 188.856 63.0 听 0
188.859 189.25 65.0 到 0
189.254 189.448 56.0 这 0
189.451 189.744 56.0 - 1
190.08 190.373 56.0 如 0
190.475 190.768 56.0 果 0
190.87 191.162 56.0 你 0
191.264 191.557 56.0 依 0
191.659 191.952 56.0 然 0
192.054 192.544 63.0 放 0
192.646 192.84 60.0 弃 1
193.325 193.618 63.0 那 0
193.72 193.914 63.0 这 0
194.115 194.309 63.0 就 0
194.509 194.802 63.0 是 0
194.904 195.493 65.0 爱 0
195.693 196.282 68.0 情 1
196.485 196.778 68.0 我 0
196.88 197.271 68.0 难 0
197.274 197.666 65.0 以 0
197.669 197.863 68.0 抗 0
198.064 198.455 68.0 拒 0
198.459 199.146 70.0 - 1
199.652 199.945 63.0 如 0
200.047 200.339 63.0 果 0
200.441 200.833 63.0 这 0
200.836 201.227 65.0 就 0
201.231 201.622 63.0 是 0
201.626 202.214 72.0 爱 0
202.218 202.313 63.0 - 0
202.415 202.905 63.0 情 1
203.142 203.435 63.0 本 0
203.537 203.929 63.0 来 0
203.932 204.323 65.0 就 0
204.327 204.619 63.0 不 0
204.721 205.212 70.0 公 0
205.314 205.409 63.0 - 0
205.511 205.902 63.0 平 1
206.394 206.687 63.0 你 0
206.789 207.181 63.0 不 0
207.184 207.575 65.0 需 0
207.579 207.97 63.0 要 0
207.973 208.463 68.0 讲 0
208.565 208.661 60.0 - 0
208.763 209.154 60.0 理 1
209.453 209.746 68.0 我 0
209.848 210.239 67.0 可 0
210.243 210.536 65.0 以 0
210.637 211.029 65.0 离 0
211.032 211.424 65.0 - 0
211.427 211.917 63.0 去 1
212.281 212.574 63.0 如 0
212.676 212.969 63.0 果 0
213.071 213.364 63.0 我 0
213.466 213.758 63.0 成 0
213.86 214.153 63.0 全 0
214.255 214.745 65.0 了 0
214.847 215.14 68.0 你 1
215.406 215.699 63.0 如 0
215.801 216.094 63.0 果 0
216.196 216.489 63.0 我 0
216.591 216.883 63.0 能 0
216.985 217.278 63.0 祝 0
217.38 217.969 65.0 福 0
217.972 218.462 68.0 - 1
218.511 218.804 63.0 那 0
218.906 219.1 63.0 - 0
219.301 219.495 63.0 是 0
219.695 219.988 72.0 我 0
220.09 220.58 70.0 - 0
220.88 221.468 68.0 清 1
221.762 222.548 68.0 是 0
222.552 222.943 65.0 我 0
222.946 223.14 68.0 证 0
223.341 224.423 70.0 明 0
224.92 225.608 63.0 我 0
225.709 226.101 68.0 爱 0
226.104 226.397 67.0 - 0
226.499 227.285 70.0 你 0
227.288 228.371 68.0 - 1
238.988 239.28 63.0 如 0
239.382 239.675 63.0 - 0
239.777 240.168 63.0 果 0
240.172 240.563 65.0 这 0
240.566 240.958 63.0 就 0
240.961 241.55 72.0 是 0
241.553 241.649 63.0 爱 0
241.751 242.241 63.0 - 1
242.525 242.818 63.0 本 0
242.92 243.311 63.0 - 0
243.315 243.706 65.0 来 0
243.709 244.002 63.0 就 0
244.104 244.594 70.0 不 0
244.696 244.792 63.0 公 0
244.894 245.285 63.0 - 1
245.746 246.039 63.0 你 0
246.141 246.532 63.0 不 0
246.536 246.927 65.0 - 0
246.93 247.322 63.0 需 0
247.325 247.815 68.0 要 0
247.917 248.013 60.0 讲 0
248.114 248.506 60.0 理 1
248.883 249.176 68.0 我 0
249.278 249.669 67.0 可 0
249.672 249.965 65.0 - 0
250.067 250.459 65.0 离 0
250.462 250.853 65.0 - 0
250.857 251.347 63.0 - 1
251.657 251.95 63.0 如 0
252.052 252.345 63.0 果 0
252.447 252.739 63.0 我 0
252.841 253.134 63.0 成 0
253.236 253.529 63.0 全 0
253.631 254.121 65.0 了 0
254.223 254.516 68.0 你 1
254.76 255.053 63.0 如 0
255.155 255.448 63.0 果 0
255.549 255.842 63.0 我 0
255.944 256.237 63.0 能 0
256.339 256.632 63.0 祝 0
256.734 257.323 65.0 福 0
257.326 257.816 68.0 - 1
258.028 258.321 63.0 那 0
258.423 258.617 63.0 不 0
258.817 259.011 63.0 是 0
259.212 259.505 72.0 我 0
259.607 260.097 70.0 看 0
260.396 260.985 68.0 清 1
261.136 261.922 68.0 是 0
261.925 262.317 65.0 - 0
262.32 262.514 68.0 我 0
262.715 263.797 70.0 明 0
264.294 264.981 72.0 我 0
265.083 265.672 67.0 爱 0
265.873 267.744 68.0 你 0
