16.689 16.939 58.0 在 0
16.939 17.189 58.0 - 0
17.189 17.439 58.0 这 0
17.439 17.689 58.0 个 0
17.689 18.189 58.0 风 0
18.189 18.689 58.0 起 0
18.689 19.189 59.0 云 0
19.189 19.439 59.0 涌 0
19.439 19.689 59.0 得 0
19.689 20.189 54.0 战 0
20.189 20.439 51.0 场 1
20.656 20.906 58.0 暴 0
20.906 21.156 58.0 风 0
21.156 21.406 58.0 少 0
21.406 21.656 58.0 年 0
21.656 22.156 56.0 登 0
22.156 22.843 56.0 场 1
24.707 24.957 58.0 在 0
24.957 25.207 58.0 战 0
25.207 25.457 58.0 胜 0
25.457 25.707 58.0 烈 0
25.707 26.207 58.0 火 0
26.207 26.707 58.0 重 0
26.707 27.207 59.0 重 0
27.207 27.457 59.0 地 0
27.457 27.707 59.0 咆 0
27.707 28.207 54.0 哮 0
28.207 28.457 51.0 声 1
28.519 28.769 58.0 喧 0
28.769 29.019 58.0 - 0
29.019 29.269 58.0 闹 0
29.269 29.519 58.0 整 0
29.519 29.769 58.0 个 0
29.769 30.081 53.0 世 0
30.081 30.769 53.0 - 1
32.637 32.887 59.0 硝 0
32.887 33.137 59.0 烟 0
33.137 33.387 59.0 狂 0
33.387 33.637 59.0 飞 0
33.637 33.887 59.0 的 0
33.887 34.137 59.0 讯 0
34.137 34.387 59.0 号 1
34.615 34.865 58.0 机 0
34.865 35.115 58.0 甲 0
35.115 35.365 54.0 时 0
35.365 35.615 56.0 代 0
35.615 35.865 54.0 正 0
35.865 36.115 56.0 来 0
36.115 36.365 56.0 到 0
36.615 36.865 58.0 热 0
36.865 37.365 58.0 血 0
37.365 37.615 56.0 逆 0
37.615 37.865 56.0 流 0
37.865 38.115 58.0 而 0
38.115 38.365 54.0 上 0
38.365 38.865 51.0 - 1
40.592 40.842 59.0 战 0
40.842 41.092 59.0 车 0
41.092 41.342 59.0 在 0
41.342 41.592 59.0 发 0
41.592 41.842 59.0 烫 0
42.092 42.592 59.0 勇 0
42.592 42.842 58.0 士 0
42.842 43.092 59.0 已 0
43.092 43.342 59.0 势 0
43.342 43.592 59.0 不 0
43.592 44.092 59.0 可 0
44.092 45.092 61.0 挡 0
45.092 45.467 61.0 耶 0
45.467 46.342 61.0 - 1
46.835 47.085 63.0 Come 0
47.085 47.335 63.0 - 0
47.409 47.659 66.0 on 1
47.659 47.909 63.0 逆 0
47.909 48.159 66.0 战 0
48.159 48.409 63.0 逆 0
48.409 48.909 66.0 战 0
48.909 49.409 63.0 来 1
49.541 49.791 66.0 王 0
49.791 50.041 66.0 - 0
50.041 50.291 63.0 牌 0
50.291 50.791 66.0 要 0
50.791 51.291 63.0 狂 1
51.544 51.794 61.0 闯 0
51.794 52.044 61.0 - 0
52.044 52.294 61.0 荡 0
52.294 52.794 66.0 宇 0
52.794 53.294 66.0 宙 0
53.294 53.544 66.0 摆 0
53.544 54.044 66.0 平 0
54.044 54.294 66.0 世 0
54.294 54.794 65.0 界 1
55.026 55.276 65.0 哦 0
55.276 55.526 65.0 - 0
55.526 55.776 65.0 逆 0
55.776 56.026 65.0 战 0
56.026 56.276 65.0 逆 0
56.276 56.776 66.0 战 0
56.776 57.276 63.0 狂 1
57.707 57.957 66.0 王 0
57.957 58.207 66.0 牌 0
58.207 58.457 63.0 要 0
58.457 58.957 66.0 发 0
58.957 59.457 63.0 泄 1
59.655 59.905 61.0 战 0
59.905 60.155 61.0 斗 0
60.155 60.405 61.0 是 0
60.405 60.655 70.0 我 0
60.655 60.905 70.0 们 0
60.905 61.155 70.0 倔 0
61.155 61.655 70.0 强 0
61.655 62.155 68.0 起 0
62.155 63.155 68.0 点 1
63.846 64.096 63.0 我 0
64.096 64.346 65.0 - 0
64.346 64.596 66.0 要 0
64.596 64.846 63.0 操 0
64.846 65.096 66.0 控 0
65.096 65.346 63.0 我 0
65.346 65.596 66.0 的 0
65.596 65.846 63.0 权 0
66.096 66.596 66.0 张 0
66.596 66.846 63.0 - 0
66.846 67.096 66.0 扬 0
67.096 67.346 63.0 我 0
67.346 67.596 66.0 的 0
67.596 67.846 63.0 声 1
68.276 68.526 66.0 看 0
68.526 68.776 66.0 - 0
68.776 69.026 66.0 这 0
69.026 69.276 66.0 长 0
69.276 69.526 66.0 龙 0
69.526 70.026 65.0 战 0
70.026 70.776 65.0 在 1
71.213 71.463 65.0 这 0
71.463 71.713 65.0 战 0
71.713 71.963 65.0 场 0
72.213 72.713 66.0 千 0
72.713 72.963 63.0 百 0
72.963 73.213 66.0 热 0
73.213 73.463 63.0 血 0
73.463 73.713 66.0 战 0
73.713 73.963 63.0 士 1
74.143 74.643 66.0 一 0
74.643 74.893 63.0 路 0
74.893 75.143 66.0 向 0
75.143 75.393 63.0 前 0
75.393 75.643 66.0 飞 0
75.643 75.893 63.0 驰 1
76.336 76.586 70.0 捍 0
76.586 76.836 70.0 卫 0
76.836 77.086 70.0 世 0
77.086 77.336 70.0 界 0
77.336 77.586 70.0 的 0
77.586 78.086 68.0 勇 0
78.086 78.586 68.0 士 1
78.814 79.064 65.0 figh 0
79.064 79.314 65.0 - 0
79.314 79.564 65.0 ting 0
79.564 80.064 65.0 再 0
80.064 83.814 66.0 一 1
88.681 88.931 58.0 在 0
88.931 89.181 58.0 这 0
89.181 89.431 58.0 个 0
89.431 89.681 58.0 风 0
89.681 90.181 58.0 起 0
90.181 90.681 58.0 云 0
90.681 91.181 59.0 涌 0
91.181 91.431 59.0 的 0
91.431 91.681 59.0 战 0
91.681 92.181 54.0 场 0
92.181 92.431 51.0 上 1
92.64 92.89 58.0 暴 0
92.89 93.14 58.0 风 0
93.14 93.39 58.0 少 0
93.39 93.64 58.0 年 0
93.64 94.14 56.0 登 0
94.14 94.827 56.0 场 1
96.638 96.888 58.0 在 0
96.888 97.138 58.0 战 0
97.138 97.388 58.0 胜 0
97.388 97.638 58.0 烈 0
97.638 98.138 58.0 火 0
98.138 98.638 58.0 重 0
98.638 99.138 59.0 重 0
99.138 99.388 59.0 地 0
99.388 99.638 59.0 咆 0
99.638 100.138 54.0 哮 0
100.138 100.388 51.0 声 1
100.713 100.963 58.0 喧 0
100.963 101.213 58.0 闹 0
101.213 101.463 58.0 整 0
101.463 101.713 58.0 个 0
101.713 101.963 58.0 世 0
101.963 102.275 53.0 - 0
102.275 102.963 53.0 界 1
104.549 104.799 59.0 硝 0
104.799 105.049 59.0 - 0
105.049 105.299 59.0 烟 0
105.299 105.549 59.0 狂 0
105.549 105.799 59.0 飞 0
105.799 106.049 59.0 的 0
106.049 106.299 59.0 讯 1
106.642 106.892 58.0 机 0
106.892 107.142 58.0 - 0
107.142 107.392 54.0 甲 0
107.392 107.642 56.0 时 0
107.642 107.892 54.0 代 0
107.892 108.142 56.0 正 0
108.142 108.392 56.0 来 0
108.642 108.892 58.0 热 0
108.892 109.392 58.0 - 0
109.392 109.642 56.0 血 0
109.642 109.892 56.0 逆 0
109.892 110.142 58.0 流 0
110.142 110.392 54.0 而 0
110.392 110.892 51.0 上 1
112.579 112.829 59.0 战 0
112.829 113.079 59.0 - 0
113.079 113.329 59.0 车 0
113.329 113.579 59.0 在 0
113.579 113.829 59.0 发 0
114.079 114.579 59.0 勇 0
114.579 114.829 58.0 - 0
114.829 115.079 59.0 士 0
115.079 115.329 59.0 已 0
115.329 115.579 59.0 势 0
115.579 116.079 59.0 不 0
116.079 117.079 61.0 可 0
117.079 117.454 61.0 挡 0
117.454 118.329 61.0 耶 1
118.783 119.033 63.0 Come 0
119.033 119.283 63.0 - 0
119.313 119.563 66.0 on 1
119.563 119.813 63.0 逆 0
119.813 120.063 66.0 战 0
120.063 120.313 63.0 逆 0
120.313 120.813 66.0 战 0
120.813 121.313 63.0 来 1
121.592 121.842 66.0 王 0
121.842 122.092 66.0 - 0
122.092 122.342 63.0 牌 0
122.342 122.842 66.0 要 0
122.842 123.342 63.0 狂 1
123.605 123.855 61.0 闯 0
123.855 124.105 61.0 荡 0
124.105 124.355 61.0 宇 0
124.355 124.855 66.0 宙 0
124.855 125.355 66.0 摆 0
125.355 125.605 66.0 平 0
125.605 126.105 66.0 世 0
126.105 126.355 66.0 界 0
126.355 126.855 65.0 - 1
127.194 127.444 65.0 哦 0
127.444 127.694 65.0 - 0
127.694 127.944 65.0 逆 0
127.944 128.194 65.0 战 0
128.194 128.444 65.0 逆 0
128.444 128.944 66.0 战 0
128.944 129.444 63.0 狂 1
129.529 129.779 66.0 王 0
129.779 130.029 66.0 - 0
130.029 130.279 63.0 牌 0
130.279 130.779 66.0 要 0
130.779 131.279 63.0 发 1
131.543 131.793 61.0 战 0
131.793 132.043 61.0 - 0
132.043 132.293 61.0 斗 0
132.293 132.543 70.0 是 0
132.543 132.793 70.0 我 0
132.793 133.043 70.0 们 0
133.043 133.543 70.0 倔 0
133.543 134.043 68.0 强 0
134.043 135.043 68.0 起 1
135.945 136.195 63.0 我 0
136.195 136.445 65.0 要 0
136.445 136.695 66.0 操 0
136.695 136.945 63.0 控 0
136.945 137.195 66.0 我 0
137.195 137.445 63.0 的 0
137.445 137.695 66.0 权 0
137.695 137.945 63.0 势 1
138.148 138.648 66.0 张 0
138.648 138.898 63.0 扬 0
138.898 139.148 66.0 我 0
139.148 139.398 63.0 的 0
139.398 139.648 66.0 声 0
139.648 139.898 63.0 势 1
140.34 140.59 66.0 看 0
140.59 140.84 66.0 - 0
140.84 141.09 66.0 这 0
141.09 141.34 66.0 长 0
141.34 141.715 66.0 龙 0
141.715 142.09 66.0 战 0
142.09 142.34 66.0 在 0
142.34 142.84 65.0 - 1
143.068 143.318 65.0 这 0
143.318 143.568 65.0 战 0
143.568 143.818 65.0 场 0
144.068 144.568 66.0 千 0
144.568 144.818 63.0 百 0
144.818 145.068 66.0 热 0
145.068 145.318 63.0 血 0
145.318 145.568 66.0 战 0
145.568 145.818 63.0 士 1
146.165 146.665 66.0 一 0
146.665 146.915 63.0 - 0
146.915 147.165 66.0 路 0
147.165 147.415 63.0 向 0
147.415 147.665 66.0 前 0
147.665 147.915 63.0 飞 1
148.347 148.597 70.0 捍 0
148.597 148.847 70.0 - 0
148.847 149.097 70.0 卫 0
149.097 149.347 70.0 世 0
149.347 149.597 70.0 界 0
149.597 150.097 68.0 的 0
150.097 150.597 70.0 勇 1
150.792 151.042 65.0 figh 0
151.042 151.292 65.0 - 0
151.292 151.542 65.0 ting 0
151.542 152.042 65.0 再 0
152.042 155.792 66.0 一 1
160.941 161.191 66.0 兄 0
161.191 161.441 66.0 弟 0
161.441 161.691 65.0 一 0
161.691 161.941 63.0 场 1
162.106 162.606 66.0 未 0
162.606 162.856 66.0 - 0
162.856 163.106 66.0 来 0
163.106 163.356 66.0 继 0
163.356 163.606 65.0 续 0
163.606 164.106 63.0 顽 1
164.53 164.78 61.0 看 0
164.78 165.03 61.0 着 0
165.03 165.28 61.0 战 0
165.28 165.53 61.0 火 0
165.53 166.03 61.0 飘 0
166.03 166.53 61.0 扬 0
166.53 167.28 58.0 - 1
168.578 168.828 59.0 瓦 0
168.828 169.078 59.0 解 0
169.078 169.328 59.0 对 0
169.328 169.703 59.0 手 0
169.703 170.078 59.0 力 0
170.078 171.578 66.0 量 1
172.384 172.634 61.0 熊 0
172.634 172.884 61.0 - 0
172.884 173.134 61.0 熊 0
173.134 173.384 61.0 气 0
173.384 173.634 61.0 势 0
173.634 174.134 61.0 再 0
174.134 175.134 61.0 出 1
175.289 175.539 66.0 逆 0
175.539 175.789 63.0 - 0
175.789 176.039 66.0 战 0
176.039 176.289 63.0 逆 0
176.289 176.789 66.0 战 0
176.789 177.289 63.0 来 1
177.522 177.772 66.0 王 0
177.772 178.022 66.0 - 0
178.022 178.272 63.0 牌 0
178.272 178.772 66.0 要 0
178.772 179.272 63.0 狂 1
179.709 179.959 61.0 闯 0
179.959 180.209 61.0 荡 0
180.209 180.459 61.0 宇 0
180.459 180.959 66.0 宙 0
180.959 181.459 66.0 摆 0
181.459 181.709 66.0 平 0
181.709 182.209 66.0 世 0
182.209 182.459 66.0 界 0
182.459 182.959 65.0 - 1
183.057 183.307 65.0 哦 0
183.307 183.557 65.0 逆 0
183.557 183.807 65.0 战 0
183.807 184.057 65.0 逆 0
184.057 184.307 65.0 战 0
184.307 184.807 66.0 狂 0
184.807 185.307 63.0 野 1
185.568 185.818 66.0 王 0
185.818 186.068 66.0 牌 0
186.068 186.318 63.0 要 0
186.318 186.818 66.0 发 0
186.818 187.318 63.0 泄 1
187.671 187.921 61.0 战 0
187.921 188.171 61.0 斗 0
188.171 188.421 61.0 是 0
188.421 188.671 70.0 我 0
188.671 188.921 70.0 们 0
188.921 189.171 70.0 倔 0
189.171 189.671 70.0 强 0
189.671 190.171 68.0 起 0
190.171 191.171 68.0 点 1
191.879 192.129 63.0 我 0
192.129 192.379 65.0 要 0
192.379 192.629 66.0 操 0
192.629 192.879 63.0 控 0
192.879 193.129 66.0 我 0
193.129 193.379 63.0 的 0
193.379 193.629 66.0 权 0
193.629 193.879 63.0 势 1
194.139 194.639 66.0 张 0
194.639 194.889 63.0 扬 0
194.889 195.139 66.0 我 0
195.139 195.389 63.0 的 0
195.389 195.639 66.0 声 0
195.639 195.889 63.0 势 0
196.389 196.639 66.0 看 0
196.639 196.889 66.0 这 0
196.889 197.139 66.0 长 0
197.139 197.389 66.0 龙 0
197.389 197.639 66.0 战 0
197.639 198.139 66.0 在 0
198.139 198.389 66.0 野 0
198.389 198.889 65.0 - 1
199.115 199.365 65.0 这 0
199.365 199.615 65.0 - 0
199.615 199.865 65.0 战 0
200.115 200.615 66.0 千 0
200.615 200.865 63.0 - 0
200.865 201.115 66.0 百 0
201.115 201.365 63.0 热 0
201.365 201.615 66.0 血 0
201.615 201.865 63.0 战 1
202.11 202.61 66.0 一 0
202.61 202.86 63.0 路 0
202.86 203.11 66.0 向 0
203.11 203.36 63.0 前 0
203.36 203.61 66.0 飞 0
203.61 203.86 63.0 驰 1
204.463 204.713 70.0 捍 0
204.713 204.963 70.0 - 0
204.963 205.213 70.0 卫 0
205.213 205.463 70.0 世 0
205.463 205.713 70.0 界 0
205.713 206.213 68.0 的 0
206.213 206.713 68.0 勇 1
206.927 207.177 65.0 figh 0
207.177 207.427 65.0 ting 0
207.427 207.677 65.0 再 0
207.677 208.177 65.0 一 0
208.177 213.364 66.0 决 1
