21.34 21.917 64.0 何 0
21.917 22.494 66.0 必 0
22.494 22.782 67.0 要 0
22.782 23.07 64.0 那 0
23.07 23.359 66.0 么 0
23.359 23.936 67.0 多 0
23.936 24.224 64.0 的 0
24.224 24.513 66.0 借 0
24.513 25.09 67.0 口 1
26.218 26.506 64.0 让 0
26.506 26.794 64.0 我 0
26.794 27.083 67.0 内 0
27.083 27.371 64.0 疚 0
27.371 27.66 62.0 自 0
27.66 27.948 62.0 己 0
27.948 28.237 62.0 还 0
28.237 28.525 64.0 爱 0
28.525 28.814 62.0 的 0
28.814 29.102 59.0 不 0
29.102 29.968 62.0 够 1
31.11 31.399 59.0 预 0
31.399 31.687 62.0 谋 0
31.687 32.264 59.0 了 0
32.264 32.553 57.0 很 0
32.553 32.841 57.0 久 1
33.214 33.502 59.0 不 0
33.502 33.791 59.0 过 0
33.791 34.079 62.0 是 0
34.079 34.656 59.0 想 0
34.656 34.944 57.0 分 0
34.944 35.233 57.0 手 1
35.527 36.104 59.0 何 0
36.104 36.393 62.0 不 0
36.393 36.681 63.0 直 0
36.681 36.97 63.0 截 0
36.97 37.258 63.0 了 0
37.258 37.547 63.0 当 0
37.547 37.835 63.0 的 0
37.835 38.123 63.0 说 0
38.123 38.412 64.0 出 0
38.412 39.277 66.0 口 1
39.795 40.372 64.0 既 0
40.372 40.949 66.0 然 0
40.949 41.238 67.0 你 0
41.238 41.526 64.0 非 0
41.526 41.814 66.0 要 0
41.814 42.391 67.0 你 0
42.391 42.68 64.0 的 0
42.68 42.968 66.0 自 0
42.968 43.834 67.0 由 1
44.626 44.915 62.0 挽 0
44.915 45.203 62.0 留 0
45.203 45.491 62.0 也 0
45.491 45.78 67.0 会 0
45.78 46.068 67.0 让 0
46.068 46.357 67.0 我 0
46.357 46.645 67.0 委 0
46.645 46.934 67.0 屈 0
46.934 47.222 67.0 到 0
47.222 47.511 64.0 最 0
47.511 48.376 67.0 后 1
49.311 49.6 67.0 煎 0
49.6 49.888 67.0 熬 0
49.888 50.177 67.0 了 0
50.177 50.465 67.0 这 0
50.465 50.754 66.0 - 0
50.754 51.042 66.0 么 0
51.042 51.908 66.0 久 1
52.253 52.542 59.0 已 0
52.542 52.83 66.0 没 0
52.83 53.118 66.0 有 0
53.118 53.407 66.0 继 0
53.407 53.695 66.0 续 0
53.695 54.272 67.0 的 0
54.272 54.561 66.0 理 0
54.561 55.138 66.0 由 0
55.138 56.003 64.0 - 1
58.194 58.771 64.0 反 0
58.771 59.348 66.0 正 0
59.348 59.636 67.0 她 0
59.636 59.925 67.0 都 0
59.925 60.213 67.0 不 0
60.213 60.501 64.0 难 0
60.501 61.078 67.0 受 1
61.475 61.763 71.0 她 0
61.763 62.052 69.0 - 0
62.052 62.34 69.0 只 0
62.34 62.629 69.0 要 0
62.629 62.917 67.0 自 0
62.917 63.494 69.0 由 1
64.086 64.374 71.0 她 0
64.374 64.663 71.0 都 0
64.663 64.951 71.0 不 0
64.951 65.24 71.0 会 0
65.24 65.528 69.0 理 0
65.528 65.817 71.0 会 0
65.817 66.105 69.0 我 0
66.105 66.394 71.0 的 0
66.394 66.682 69.0 感 0
66.682 67.259 67.0 受 0
67.259 68.124 67.0 - 1
68.631 68.92 67.0 退 0
68.92 69.208 64.0 到 0
69.208 69.497 64.0 无 0
69.497 69.785 64.0 路 0
69.785 70.074 64.0 可 0
70.074 70.362 67.0 走 1
70.683 71.26 66.0 不 0
71.26 71.836 62.0 如 0
71.836 72.125 62.0 就 0
72.125 72.413 62.0 放 0
72.413 72.99 59.0 开 0
72.99 74.433 64.0 手 1
74.921 75.209 64.0 我 0
75.209 75.497 67.0 也 0
75.497 76.074 71.0 想 0
76.074 76.363 69.0 要 0
76.363 76.94 67.0 自 0
76.94 77.517 69.0 由 0
77.517 77.805 71.0 - 1
77.829 78.118 67.0 她 0
78.118 78.406 67.0 都 0
78.406 78.695 67.0 不 0
78.695 78.983 64.0 难 0
78.983 79.56 67.0 受 1
79.851 80.14 71.0 她 0
80.14 80.428 69.0 - 0
80.428 80.717 69.0 只 0
80.717 81.005 69.0 要 0
81.005 81.294 67.0 自 0
81.294 81.582 69.0 由 0
81.582 82.159 71.0 - 1
82.554 82.842 71.0 她 0
82.842 83.13 71.0 都 0
83.13 83.419 71.0 不 0
83.419 83.707 71.0 会 0
83.707 83.996 69.0 理 0
83.996 84.284 71.0 会 0
84.284 84.573 74.0 我 0
84.573 84.861 67.0 的 0
84.861 85.15 69.0 感 0
85.15 85.727 66.0 受 0
85.727 86.304 67.0 - 1
87.049 87.337 67.0 退 0
87.337 87.626 64.0 到 0
87.626 87.914 64.0 无 0
87.914 88.203 64.0 路 0
88.203 88.491 64.0 可 0
88.491 88.78 67.0 走 1
89.172 89.749 66.0 不 0
89.749 90.326 62.0 如 0
90.326 90.614 62.0 就 0
90.614 90.903 62.0 放 0
90.903 91.48 66.0 开 0
91.48 94.653 64.0 手 1
113.727 114.304 64.0 何 0
114.304 114.881 66.0 必 0
114.881 115.17 67.0 要 0
115.17 115.458 64.0 那 0
115.458 115.747 66.0 么 0
115.747 116.324 67.0 多 0
116.324 116.612 64.0 的 0
116.612 116.9 66.0 借 0
116.9 117.189 66.0 口 0
117.189 117.477 67.0 - 1
118.482 118.771 64.0 让 0
118.771 119.059 64.0 我 0
119.059 119.348 67.0 内 0
119.348 119.636 64.0 疚 0
119.636 119.925 62.0 自 0
119.925 120.213 62.0 己 0
120.213 120.501 62.0 还 0
120.501 120.79 64.0 爱 0
120.79 121.078 62.0 的 0
121.078 121.367 59.0 不 0
121.367 122.232 62.0 够 1
123.43 123.719 59.0 预 0
123.719 124.007 62.0 谋 0
124.007 124.584 59.0 了 0
124.584 124.872 57.0 很 0
124.872 125.161 57.0 久 1
125.585 125.874 59.0 不 0
125.874 126.162 59.0 过 0
126.162 126.451 62.0 是 0
126.451 127.028 59.0 想 0
127.028 127.316 57.0 分 0
127.316 127.605 57.0 手 1
127.845 128.422 59.0 何 0
128.422 128.71 62.0 不 0
128.71 128.999 63.0 直 0
128.999 129.287 63.0 截 0
129.287 129.576 63.0 了 0
129.576 129.864 63.0 当 0
129.864 130.153 63.0 的 0
130.153 130.441 63.0 说 0
130.441 130.73 64.0 出 0
130.73 131.595 66.0 口 1
132.062 132.639 64.0 既 0
132.639 133.216 66.0 然 0
133.216 133.504 67.0 你 0
133.504 133.793 64.0 非 0
133.793 134.081 66.0 要 0
134.081 134.658 67.0 你 0
134.658 134.947 64.0 的 0
134.947 135.235 66.0 自 0
135.235 135.523 66.0 由 0
135.523 136.1 67.0 - 1
137.065 137.353 62.0 挽 0
137.353 137.642 62.0 留 0
137.642 137.93 62.0 也 0
137.93 138.219 67.0 会 0
138.219 138.507 67.0 让 0
138.507 138.796 67.0 我 0
138.796 139.084 67.0 委 0
139.084 139.372 67.0 屈 0
139.372 139.661 67.0 到 0
139.661 139.949 64.0 最 0
139.949 140.815 67.0 后 1
141.688 141.977 67.0 煎 0
141.977 142.265 67.0 熬 0
142.265 142.554 67.0 了 0
142.554 142.842 67.0 这 0
142.842 143.13 66.0 - 0
143.13 143.419 66.0 么 0
143.419 144.284 66.0 久 1
144.524 144.812 59.0 已 0
144.812 145.101 66.0 没 0
145.101 145.389 66.0 有 0
145.389 145.678 66.0 继 0
145.678 145.966 66.0 续 0
145.966 146.543 67.0 的 0
146.543 146.831 66.0 理 0
146.831 147.408 66.0 由 0
147.408 148.274 64.0 - 1
150.623 151.2 64.0 反 0
151.2 151.777 66.0 正 0
151.777 152.066 67.0 她 0
152.066 152.354 67.0 都 0
152.354 152.643 67.0 不 0
152.643 152.931 64.0 难 0
152.931 153.508 67.0 受 1
153.755 154.043 71.0 她 0
154.043 154.331 69.0 - 0
154.331 154.62 69.0 只 0
154.62 154.908 69.0 要 0
154.908 155.197 67.0 自 0
155.197 155.774 69.0 由 1
156.432 156.72 71.0 她 0
156.72 157.009 71.0 都 0
157.009 157.297 71.0 不 0
157.297 157.586 71.0 会 0
157.586 157.874 69.0 理 0
157.874 158.162 71.0 会 0
158.162 158.451 69.0 我 0
158.451 158.739 71.0 的 0
158.739 159.028 69.0 感 0
159.028 159.605 66.0 受 0
159.605 160.47 67.0 - 1
161.013 161.302 67.0 退 0
161.302 161.59 64.0 到 0
161.59 161.878 64.0 无 0
161.878 162.167 64.0 路 0
162.167 162.455 64.0 可 0
162.455 162.744 67.0 走 1
162.98 163.557 66.0 不 0
163.557 164.134 62.0 如 0
164.134 164.423 62.0 就 0
164.423 164.711 62.0 放 0
164.711 165.288 59.0 开 0
165.288 166.73 64.0 手 1
167.27 167.559 64.0 我 0
167.559 167.847 67.0 也 0
167.847 168.424 71.0 想 0
168.424 168.713 69.0 要 0
168.713 169.289 67.0 自 0
169.289 169.866 69.0 由 0
169.866 170.155 71.0 - 1
170.217 170.505 67.0 她 0
170.505 170.794 67.0 都 0
170.794 171.082 67.0 不 0
171.082 171.371 64.0 难 0
171.371 171.948 67.0 受 1
172.236 172.813 71.0 她 0
172.813 173.101 69.0 只 0
173.101 173.39 69.0 要 0
173.39 173.678 67.0 自 0
173.678 173.967 69.0 由 0
173.967 174.544 71.0 - 1
174.772 175.061 71.0 她 0
175.061 175.349 71.0 都 0
175.349 175.638 71.0 不 0
175.638 175.926 71.0 会 0
175.926 176.215 69.0 理 0
176.215 176.503 71.0 会 0
176.503 176.791 74.0 我 0
176.791 177.08 67.0 的 0
177.08 177.368 69.0 感 0
177.368 177.945 67.0 受 0
177.945 178.811 67.0 - 1
179.48 179.768 67.0 退 0
179.768 180.057 64.0 到 0
180.057 180.345 64.0 无 0
180.345 180.633 64.0 路 0
180.633 180.922 64.0 可 0
180.922 181.21 67.0 走 1
181.395 181.972 66.0 不 0
181.972 182.549 62.0 如 0
182.549 182.837 62.0 就 0
182.837 183.126 62.0 放 0
183.126 183.703 66.0 开 0
183.703 185.722 64.0 手 1
185.985 186.562 71.0 耶 0
186.562 187.139 72.0 - 0
187.139 187.428 72.0 - 1
187.456 188.032 71.0 既 0
188.032 188.609 69.0 然 0
188.609 188.898 67.0 她 0
188.898 189.186 67.0 都 0
189.186 189.475 67.0 不 0
189.475 189.763 64.0 难 0
189.763 190.34 67.0 受 1
190.711 190.999 71.0 她 0
190.999 191.288 69.0 - 0
191.288 191.576 69.0 只 0
191.576 191.864 69.0 要 0
191.864 192.153 67.0 自 0
192.153 192.441 69.0 由 0
192.441 193.018 71.0 - 1
193.262 193.55 71.0 她 0
193.55 193.839 71.0 都 0
193.839 194.127 71.0 不 0
194.127 194.416 71.0 会 0
194.416 194.704 69.0 理 0
194.704 194.993 71.0 会 0
194.993 195.281 69.0 我 0
195.281 195.569 71.0 的 0
195.569 195.858 69.0 感 0
195.858 196.435 66.0 受 0
196.435 197.3 67.0 - 1
197.907 198.196 67.0 退 0
198.196 198.484 64.0 到 0
198.484 198.773 64.0 无 0
198.773 199.061 64.0 路 0
199.061 199.349 64.0 可 0
199.349 199.638 67.0 走 1
199.949 200.526 66.0 不 0
200.526 201.103 62.0 如 0
201.103 201.392 62.0 就 0
201.392 201.68 62.0 放 0
201.68 202.257 59.0 开 0
202.257 203.699 64.0 手 1
204.155 204.444 64.0 我 0
204.444 204.732 67.0 也 0
204.732 205.021 71.0 想 0
205.021 205.309 69.0 - 0
205.309 205.598 69.0 要 0
205.598 206.175 67.0 自 0
206.175 206.751 69.0 由 0
206.751 207.04 71.0 - 1
207.159 207.447 67.0 她 0
207.447 207.736 67.0 都 0
207.736 208.024 67.0 不 0
208.024 208.313 64.0 难 0
208.313 208.89 67.0 受 1
209.12 209.409 71.0 她 0
209.409 209.697 69.0 - 0
209.697 209.986 69.0 只 0
209.986 210.274 69.0 要 0
210.274 210.562 67.0 自 0
210.562 210.851 69.0 由 0
210.851 211.428 71.0 - 1
211.676 211.965 71.0 她 0
211.965 212.253 71.0 都 0
212.253 212.542 71.0 不 0
212.542 212.83 71.0 会 0
212.83 213.119 69.0 理 0
213.119 213.407 71.0 会 0
213.407 213.696 74.0 我 0
213.696 213.984 67.0 的 0
213.984 214.272 69.0 感 0
214.272 214.849 67.0 受 0
214.849 215.715 67.0 - 1
216.429 216.717 67.0 退 0
216.717 217.006 64.0 到 0
217.006 217.294 64.0 无 0
217.294 217.583 64.0 路 0
217.583 217.871 64.0 可 0
217.871 218.159 67.0 走 1
218.463 219.04 66.0 不 0
219.04 219.617 62.0 如 0
219.617 219.905 62.0 就 0
219.905 220.194 62.0 放 0
220.194 220.771 66.0 开 0
220.771 223.944 64.0 手 1
