24.191 24.463 55.0 都 0
24.557 24.829 57.0 说 0
24.923 25.286 57.0 爱 0
25.289 25.926 60.0 - 0
26.021 26.384 59.0 情 0
26.387 26.749 57.0 - 0
26.752 27.024 55.0 需 0
27.118 27.481 48.0 有 0
27.484 27.847 50.0 - 0
27.85 29.402 52.0 - 1
30.034 30.397 52.0 都 0
30.4 30.671 55.0 - 0
30.766 31.312 57.0 白 0
31.315 31.403 57.0 - 0
31.498 31.769 57.0 偕 0
31.863 32.135 55.0 老 0
32.229 32.592 52.0 需 0
32.595 32.958 52.0 - 0
32.961 33.324 45.0 要 0
33.327 33.598 48.0 有 0
33.693 35.336 50.0 份 1
35.909 36.18 48.0 都 0
36.275 36.546 50.0 说 0
36.641 36.912 52.0 有 0
37.006 37.644 52.0 缘 0
37.738 38.009 50.0 也 0
38.104 38.467 52.0 有 0
38.47 39.198 55.0 份 0
39.567 39.93 55.0 走 0
39.933 40.57 52.0 到 0
40.665 41.028 57.0 一 0
41.031 41.759 57.0 起 1
42.536 42.99 62.0 还 0
43.085 43.173 62.0 彼 0
43.268 43.631 62.0 - 0
43.634 43.722 62.0 去 0
43.725 43.997 59.0 - 0
44.0 44.454 57.0 - 0
45.097 45.368 52.0 珍 0
45.463 47.289 55.0 惜 1
47.646 47.917 55.0 都 0
48.012 48.283 57.0 说 0
48.378 48.741 57.0 红 0
48.744 49.381 60.0 - 0
49.475 49.838 59.0 尘 0
49.841 50.204 57.0 恋 0
50.207 50.478 55.0 情 0
50.573 50.936 48.0 很 0
50.939 51.302 50.0 凄 0
51.305 52.856 52.0 迷 1
53.499 53.862 52.0 都 0
53.865 54.136 55.0 - 0
54.23 54.776 57.0 茫 0
54.779 54.868 57.0 - 0
54.962 55.234 57.0 人 0
55.328 55.599 55.0 海 0
55.694 56.057 52.0 很 0
56.06 56.423 52.0 - 0
56.426 56.788 45.0 难 0
56.791 57.063 48.0 相 0
57.157 58.801 50.0 遇 1
59.321 59.593 48.0 都 0
59.687 59.959 50.0 说 0
60.053 60.324 52.0 经 0
60.419 61.056 52.0 历 0
61.151 61.422 50.0 过 0
61.517 61.879 52.0 风 0
61.882 62.611 55.0 雨 0
62.98 63.343 55.0 走 0
63.346 63.983 52.0 到 0
64.078 64.44 59.0 一 0
64.443 65.172 57.0 起 1
65.21 65.573 57.0 相 0
65.576 65.939 60.0 互 0
65.942 66.396 62.0 搀 0
66.491 66.579 62.0 扶 0
66.674 67.036 62.0 一 0
67.039 67.402 59.0 生 0
67.405 67.768 57.0 真 0
67.771 68.134 52.0 的 0
68.137 68.408 55.0 不 0
68.503 68.774 57.0 容 0
68.869 70.695 60.0 易 1
70.997 71.268 60.0 爱 0
71.363 71.634 62.0 就 0
71.728 72.091 62.0 爱 0
72.094 72.549 64.0 - 0
72.826 72.914 64.0 他 0
73.009 73.097 64.0 个 0
73.192 73.463 64.0 轰 0
73.558 73.829 59.0 轰 0
73.924 74.286 57.0 烈 0
74.289 74.561 55.0 - 0
74.655 76.481 57.0 烈 1
76.975 77.338 57.0 不 0
77.341 77.613 60.0 - 0
77.707 77.978 62.0 来 0
78.073 78.619 62.0 一 0
78.805 78.985 62.0 回 0
79.171 79.35 62.0 繁 0
79.536 79.716 62.0 华 0
79.719 79.899 64.0 - 0
79.902 80.265 59.0 的 0
80.268 80.631 57.0 人 0
80.634 82.552 55.0 世 1
82.787 83.058 50.0 谁 0
83.153 83.516 52.0 不 0
83.519 83.79 55.0 想 0
83.885 84.43 55.0 牛 0
84.616 84.888 55.0 郎 0
84.982 85.254 55.0 织 0
85.348 85.619 52.0 女 0
85.714 86.077 60.0 的 0
86.08 86.443 59.0 爱 0
86.446 87.906 57.0 情 1
88.536 88.899 57.0 谁 0
88.902 89.264 60.0 - 0
89.267 89.539 62.0 能 0
89.633 90.179 62.0 承 0
90.365 90.545 62.0 相 0
90.731 91.094 62.0 思 0
91.097 91.459 62.0 - 0
91.463 91.825 62.0 的 0
91.828 92.1 60.0 那 0
92.194 94.02 62.0 份 1
94.438 94.71 60.0 爱 0
94.804 95.076 62.0 就 0
95.17 95.533 62.0 爱 0
95.536 95.99 64.0 - 0
96.268 96.356 64.0 他 0
96.451 96.539 64.0 个 0
96.633 96.905 64.0 真 0
96.999 97.271 59.0 真 0
97.365 97.728 57.0 切 0
97.731 98.002 55.0 - 0
98.097 99.923 57.0 切 1
100.368 100.731 57.0 才 0
100.734 101.005 60.0 能 0
101.1 101.371 62.0 去 0
101.466 102.011 62.0 体 0
102.197 102.377 62.0 会 0
102.563 102.743 62.0 人 0
102.929 103.109 62.0 生 0
103.112 103.292 64.0 的 0
103.295 103.658 59.0 喜 0
103.661 104.024 57.0 与 0
104.027 105.944 55.0 悲 1
106.159 106.43 50.0 都 0
106.525 106.887 52.0 渴 0
106.89 107.619 55.0 望 0
107.622 107.893 55.0 得 0
107.988 108.259 55.0 到 0
108.354 108.625 55.0 浪 0
108.72 108.991 52.0 漫 0
109.086 109.448 60.0 的 0
109.451 109.814 59.0 爱 0
109.817 111.278 57.0 情 1
111.95 112.313 57.0 真 0
112.316 112.679 60.0 - 0
112.682 112.953 62.0 心 0
113.048 113.411 62.0 意 0
113.414 113.777 62.0 - 0
113.78 114.142 59.0 相 0
114.145 114.508 57.0 伴 0
114.511 114.874 52.0 走 0
114.877 115.24 55.0 完 0
115.243 115.514 57.0 这 0
115.609 117.984 60.0 生 1
141.21 141.481 55.0 都 0
141.575 141.847 57.0 - 0
141.941 142.304 57.0 说 0
142.307 142.944 60.0 红 0
143.039 143.402 59.0 - 0
143.405 143.768 57.0 尘 0
143.771 144.042 55.0 恋 0
144.136 144.499 48.0 情 0
144.502 144.865 50.0 很 0
144.868 146.42 52.0 凄 1
147.049 147.412 52.0 都 0
147.415 147.686 55.0 - 0
147.781 148.327 57.0 说 0
148.33 148.418 57.0 茫 0
148.513 148.784 57.0 茫 0
148.879 149.15 55.0 人 0
149.244 149.607 52.0 海 0
149.61 149.973 52.0 很 0
149.976 150.339 45.0 难 0
150.342 150.613 48.0 相 0
150.708 152.351 50.0 - 1
152.943 153.214 48.0 都 0
153.309 153.58 50.0 - 0
153.675 153.946 52.0 说 0
154.04 154.678 52.0 经 0
154.772 155.044 50.0 历 0
155.138 155.501 52.0 过 0
155.504 156.233 55.0 风 0
156.601 156.964 55.0 走 0
156.967 157.605 52.0 - 0
157.699 158.062 57.0 到 0
158.065 158.794 57.0 一 0
158.876 159.238 57.0 起 1
159.241 159.604 60.0 相 0
159.607 160.062 62.0 互 0
160.156 160.244 62.0 扶 0
160.339 160.702 62.0 一 0
160.705 161.068 59.0 - 0
161.071 161.434 57.0 生 0
161.437 161.799 52.0 真 0
161.802 162.074 55.0 的 0
162.168 162.44 57.0 容 0
162.534 164.36 60.0 易 1
164.646 164.918 60.0 爱 0
165.012 165.283 62.0 - 0
165.378 165.741 62.0 就 0
165.744 166.198 64.0 爱 0
166.476 166.564 64.0 他 0
166.658 166.747 64.0 - 0
166.841 167.113 64.0 个 0
167.207 167.479 59.0 轰 0
167.573 167.936 57.0 轰 0
167.939 168.21 55.0 烈 0
168.305 170.131 57.0 - 1
170.485 170.848 57.0 不 0
170.851 171.122 60.0 - 0
171.217 171.579 62.0 来 0
171.674 172.22 62.0 一 0
172.314 172.494 62.0 回 0
172.68 172.86 62.0 繁 0
173.046 173.226 62.0 华 0
173.229 173.409 64.0 - 0
173.412 173.775 59.0 的 0
173.778 174.14 57.0 人 0
174.143 176.061 55.0 世 1
176.341 176.703 50.0 谁 0
176.706 177.069 52.0 不 0
177.072 177.344 55.0 想 0
177.438 177.984 55.0 牛 0
178.17 178.441 55.0 郎 0
178.536 178.807 55.0 织 0
178.902 179.173 52.0 女 0
179.267 179.63 60.0 的 0
179.633 179.996 59.0 爱 0
179.999 181.459 57.0 情 1
182.216 182.579 57.0 谁 0
182.582 182.945 60.0 能 0
182.948 183.219 62.0 承 0
183.314 183.859 62.0 受 0
184.045 184.225 62.0 相 0
184.411 184.774 62.0 思 0
184.777 185.14 62.0 的 0
185.143 185.506 62.0 那 0
185.509 185.78 60.0 份 0
185.875 187.701 62.0 情 1
188.131 188.402 60.0 爱 0
188.497 188.768 62.0 就 0
188.863 189.225 62.0 爱 0
189.228 189.683 64.0 - 0
189.96 190.049 64.0 他 0
190.143 190.231 64.0 个 0
190.326 190.597 64.0 真 0
190.692 190.963 59.0 真 0
191.058 191.42 57.0 切 0
191.424 191.695 55.0 - 0
191.789 193.616 57.0 切 1
193.918 194.28 57.0 才 0
194.283 194.555 60.0 - 0
194.649 194.921 62.0 能 0
195.015 195.561 62.0 去 0
195.747 195.927 62.0 会 0
196.113 196.293 62.0 人 0
196.478 196.658 62.0 生 0
196.661 196.841 64.0 - 0
196.844 197.207 59.0 的 0
197.21 197.573 57.0 喜 0
197.576 199.494 55.0 与 1
199.803 200.075 50.0 都 0
200.169 200.532 52.0 渴 0
200.535 201.264 55.0 - 0
201.267 201.538 55.0 望 0
201.632 201.904 55.0 到 0
201.998 202.27 55.0 浪 0
202.364 202.635 52.0 漫 0
202.73 203.093 60.0 的 0
203.096 203.459 59.0 - 0
203.462 204.922 57.0 爱 1
205.66 206.023 57.0 真 0
206.026 206.388 60.0 - 0
206.392 206.663 62.0 心 0
206.757 207.12 62.0 意 0
207.123 207.486 62.0 - 0
207.489 207.852 59.0 相 0
207.855 208.218 57.0 伴 0
208.221 208.584 52.0 走 0
208.587 208.949 55.0 完 0
208.953 209.224 57.0 这 0
209.318 210.962 60.0 生 1
211.605 211.877 60.0 爱 0
211.971 212.243 62.0 就 0
212.337 212.7 62.0 爱 0
212.703 213.157 64.0 - 0
213.435 213.523 64.0 他 0
213.618 213.706 64.0 个 0
213.801 214.072 64.0 轰 0
214.166 214.438 59.0 轰 0
214.532 214.895 57.0 烈 0
214.898 215.17 55.0 - 0
215.264 217.09 57.0 烈 1
217.377 217.74 57.0 不 0
217.743 218.014 60.0 - 0
218.109 218.472 62.0 来 0
218.566 219.112 62.0 一 0
219.206 219.386 62.0 回 0
219.572 219.752 62.0 繁 0
219.938 220.118 62.0 华 0
220.121 220.301 64.0 - 0
220.304 220.667 59.0 的 0
220.67 221.033 57.0 人 0
221.036 222.953 55.0 世 1
223.217 223.58 50.0 谁 0
223.583 223.945 52.0 - 0
223.949 224.586 55.0 不 0
224.68 224.952 55.0 牛 0
225.046 225.317 55.0 郎 0
225.412 225.683 55.0 织 0
225.778 226.049 52.0 女 0
226.144 226.506 60.0 的 0
226.509 226.872 59.0 - 0
226.875 228.336 57.0 爱 1
229.189 229.552 57.0 谁 0
229.555 229.918 60.0 能 0
229.921 230.192 62.0 承 0
230.287 230.833 62.0 受 0
231.019 231.199 62.0 相 0
231.385 231.747 62.0 思 0
231.75 232.113 62.0 的 0
232.116 232.479 62.0 那 0
232.482 232.753 60.0 份 0
232.848 234.674 62.0 情 1
235.0 235.271 60.0 爱 0
235.366 235.637 62.0 就 0
235.732 236.095 62.0 爱 0
236.098 236.552 64.0 - 0
236.784 236.872 64.0 个 0
236.967 237.055 64.0 真 0
237.149 237.421 64.0 - 0
237.515 237.787 59.0 真 0
238.293 238.656 57.0 切 0
238.659 240.485 57.0 切 1
240.862 241.225 57.0 才 0
241.228 241.499 60.0 - 0
241.593 241.865 62.0 去 0
241.959 242.505 62.0 体 0
242.691 242.871 62.0 会 0
243.057 243.237 62.0 人 0
243.423 243.603 62.0 生 0
243.606 243.786 64.0 - 0
243.789 244.151 59.0 的 0
244.154 244.517 57.0 喜 0
244.52 246.438 55.0 与 1
246.624 246.896 50.0 都 0
246.99 247.353 52.0 - 0
247.356 248.085 55.0 渴 0
248.088 248.359 55.0 望 0
248.454 248.725 55.0 到 0
248.82 249.091 55.0 浪 0
249.185 249.457 52.0 - 0
249.551 249.914 60.0 漫 0
249.917 250.28 59.0 的 0
250.283 251.743 57.0 爱 1
252.423 252.786 57.0 真 0
252.789 253.152 60.0 - 0
253.155 253.426 62.0 心 0
253.521 253.883 62.0 真 0
253.886 254.249 62.0 意 0
254.252 254.615 59.0 相 0
254.618 254.981 57.0 伴 0
254.984 255.347 52.0 走 0
255.35 255.713 55.0 完 0
255.716 255.987 57.0 这 0
256.082 257.725 60.0 一 1
258.284 258.738 57.0 真 0
258.741 259.104 60.0 - 0
259.198 259.561 62.0 真 0
259.656 260.018 62.0 意 0
260.113 260.567 62.0 相 0
260.57 260.933 59.0 - 0
261.028 261.573 57.0 走 0
261.576 262.122 52.0 - 0
262.217 262.854 55.0 这 0
262.948 264.5 57.0 一 0
264.961 270.171 60.0 生 0
