17.746 18.014 57.0 假 0
18.014 18.282 59.0 如 0
18.282 18.817 61.0 此 0
18.817 19.085 61.0 刻 0
19.085 19.621 61.0 还 0
19.621 19.889 61.0 有 0
19.889 20.157 59.0 许 0
20.157 20.425 57.0 些 0
20.425 20.683 59.0 的 0
20.683 21.228 56.0 难 0
21.228 21.496 52.0 过 1
21.733 22.001 52.0 也 0
22.001 22.269 52.0 许 0
22.269 22.527 54.0 是 0
22.527 22.804 57.0 美 0
22.804 23.072 54.0 丽 0
23.072 23.34 57.0 夜 0
23.34 23.608 54.0 色 0
23.608 23.876 57.0 伤 0
23.876 24.144 54.0 感 0
24.144 24.402 59.0 了 0
24.402 24.947 61.0 我 1
26.308 26.576 52.0 天 0
26.576 26.844 52.0 长 0
26.844 27.112 54.0 和 0
27.112 27.648 57.0 地 0
27.648 27.916 57.0 久 0
28.183 28.451 57.0 若 0
28.451 28.719 54.0 只 0
28.719 28.987 52.0 是 0
28.987 29.246 52.0 个 0
29.246 29.791 61.0 传 0
29.791 30.192 61.0 说 1
30.563 30.831 57.0 何 0
30.831 31.09 57.0 必 0
31.09 31.367 61.0 去 0
31.367 31.635 59.0 追 0
31.902 32.17 57.0 问 0
32.17 32.438 57.0 谁 0
32.438 32.706 54.0 对 0
32.706 32.965 57.0 谁 0
32.965 33.643 59.0 错 1
34.93 35.198 57.0 曾 0
35.198 35.457 59.0 以 0
35.457 36.001 61.0 为 0
36.001 36.269 61.0 得 0
36.269 36.537 61.0 到 0
36.537 37.073 61.0 的 0
37.073 37.608 57.0 就 0
37.608 37.867 59.0 是 0
37.867 38.412 56.0 快 0
38.412 38.68 52.0 乐 1
39.159 39.426 52.0 筋 0
39.426 39.694 54.0 疲 0
39.694 39.953 54.0 力 0
39.962 40.23 54.0 尽 0
40.23 40.498 57.0 还 0
40.498 40.766 54.0 要 0
40.766 41.034 57.0 彼 0
41.034 41.301 54.0 此 0
41.301 41.56 59.0 折 0
41.56 42.105 61.0 磨 1
43.403 43.671 52.0 海 0
43.671 43.939 52.0 誓 0
43.939 44.207 54.0 和 0
44.207 44.743 57.0 山 0
44.743 45.01 57.0 盟 0
45.546 45.814 54.0 变 0
45.814 46.082 52.0 成 0
46.082 46.35 52.0 了 0
46.35 46.885 61.0 泡 0
46.885 47.153 61.0 沫 1
47.789 48.057 54.0 难 0
48.057 48.325 57.0 道 0
48.325 48.593 61.0 只 0
48.593 48.86 59.0 有 0
48.86 49.11 59.0 放 0
49.128 49.396 57.0 弃 0
49.396 49.664 57.0 才 0
49.664 49.932 54.0 能 0
49.932 50.191 57.0 解 0
50.191 53.682 64.0 脱 1
54.195 54.462 57.0 为 0
54.462 54.721 59.0 什 0
54.721 55.802 61.0 么 0
55.802 56.337 61.0 付 0
56.337 56.873 64.0 出 0
56.873 57.141 66.0 那 0
57.141 57.409 64.0 么 0
57.409 57.677 59.0 - 0
57.677 57.945 59.0 多 1
58.206 58.474 61.0 你 0
58.474 58.742 61.0 还 0
58.742 59.01 59.0 是 0
59.01 59.278 57.0 让 0
59.278 59.546 54.0 我 0
59.546 59.814 57.0 感 0
59.814 60.081 54.0 到 0
60.081 60.349 57.0 悲 0
60.349 60.617 54.0 伤 0
60.617 60.876 59.0 难 0
60.876 61.077 59.0 过 0
61.077 61.421 61.0 - 1
62.761 63.029 52.0 是 0
63.029 63.297 52.0 我 0
63.297 63.832 54.0 自 0
63.832 64.1 57.0 己 0
64.1 64.904 57.0 太 0
64.904 65.172 54.0 过 0
65.44 65.698 52.0 的 0
65.698 66.243 61.0 软 0
66.243 66.511 61.0 弱 1
67.059 67.326 57.0 还 0
67.326 67.585 57.0 是 0
67.585 67.862 61.0 上 0
67.862 68.13 59.0 辈 0
68.13 68.398 59.0 子 0
68.398 68.666 57.0 欠 0
68.666 68.934 57.0 你 0
68.934 69.201 54.0 的 0
69.201 69.469 57.0 太 0
69.469 70.273 59.0 多 1
71.356 71.624 57.0 为 0
71.624 71.892 59.0 什 0
71.892 72.963 61.0 么 0
72.963 73.499 61.0 付 0
73.499 74.035 64.0 出 0
74.035 74.303 66.0 那 0
74.303 74.571 64.0 么 0
74.571 74.838 59.0 - 0
74.838 75.106 59.0 多 1
75.253 75.521 61.0 竟 0
75.521 75.789 61.0 然 0
75.789 76.057 59.0 却 0
76.057 76.325 57.0 越 0
76.325 76.592 54.0 来 0
76.592 76.86 57.0 越 0
76.86 77.128 54.0 感 0
77.128 77.396 57.0 到 0
77.396 77.664 54.0 了 0
77.664 77.932 59.0 迷 0
77.932 78.467 61.0 惑 1
79.954 80.222 52.0 找 0
80.222 80.489 52.0 不 0
80.489 81.025 54.0 到 0
81.025 81.293 57.0 你 0
81.293 82.097 57.0 想 0
82.097 82.364 54.0 要 0
82.632 82.891 52.0 的 0
82.891 83.159 59.0 结 0
83.159 83.436 61.0 - 0
83.436 83.704 61.0 果 1
84.195 84.463 54.0 你 0
84.463 84.731 57.0 到 0
84.731 84.999 61.0 底 0
84.999 85.267 59.0 有 0
85.267 85.535 59.0 没 0
85.535 85.803 57.0 有 1
85.862 86.129 57.0 爱 0
86.129 86.397 54.0 - 0
86.397 86.656 54.0 过 0
86.656 88.54 57.0 我 1
105.513 105.781 57.0 假 0
105.781 106.04 59.0 如 0
106.04 106.584 61.0 此 0
106.584 106.852 61.0 刻 0
106.852 107.388 61.0 还 0
107.388 107.656 61.0 有 0
107.656 107.924 59.0 许 0
107.924 108.192 57.0 些 0
108.192 108.451 59.0 的 0
108.451 108.995 56.0 难 0
108.995 109.263 52.0 过 1
109.701 109.969 52.0 也 0
109.969 110.237 52.0 许 0
110.237 110.496 54.0 是 0
110.496 110.772 57.0 美 0
110.772 111.04 54.0 丽 0
111.04 111.308 57.0 夜 0
111.308 111.576 54.0 色 0
111.576 111.844 57.0 伤 0
111.844 112.112 54.0 感 0
112.112 112.371 59.0 了 0
112.371 112.915 61.0 我 1
114.22 114.488 52.0 天 0
114.488 114.756 52.0 长 0
114.756 115.024 54.0 和 0
115.024 115.56 57.0 地 0
115.56 115.828 57.0 久 0
116.095 116.363 57.0 若 0
116.363 116.631 54.0 只 0
116.631 116.899 52.0 是 0
116.899 117.158 52.0 个 0
117.158 117.703 61.0 传 0
117.703 118.104 61.0 说 1
118.441 118.709 57.0 何 0
118.709 118.977 57.0 必 0
118.977 119.245 61.0 去 0
119.245 119.513 59.0 追 0
119.78 120.048 57.0 问 0
120.048 120.316 57.0 谁 0
120.316 120.584 54.0 对 0
120.584 120.852 57.0 谁 0
120.852 121.522 59.0 错 1
122.777 123.045 57.0 曾 0
123.045 123.313 59.0 以 0
123.313 123.848 61.0 为 0
123.848 124.116 61.0 得 0
124.116 124.384 61.0 到 0
124.384 124.92 61.0 的 0
124.92 125.455 57.0 就 0
125.455 125.714 59.0 是 0
125.714 126.259 56.0 快 0
126.259 126.527 52.0 乐 1
127.103 127.37 52.0 筋 0
127.37 127.638 54.0 疲 0
127.638 127.906 57.0 力 0
127.906 128.174 54.0 尽 0
128.174 128.442 57.0 还 0
128.442 128.71 54.0 要 0
128.71 128.978 57.0 彼 0
128.978 129.245 54.0 此 0
129.245 129.504 59.0 折 0
129.504 130.049 61.0 磨 1
131.225 131.493 52.0 海 0
131.493 131.761 52.0 誓 0
131.761 132.029 54.0 和 0
132.029 132.565 57.0 山 0
132.565 132.832 57.0 盟 0
133.368 133.636 54.0 变 0
133.636 133.904 52.0 成 0
133.904 134.172 52.0 了 0
134.172 134.707 61.0 泡 0
134.707 134.975 61.0 沫 1
135.561 135.829 54.0 难 0
135.829 136.097 57.0 道 0
136.097 136.365 61.0 只 0
136.365 136.632 59.0 有 0
136.632 136.9 59.0 放 0
136.9 137.168 57.0 弃 0
137.168 137.436 57.0 才 0
137.436 137.704 54.0 能 0
137.704 137.963 57.0 解 0
137.963 141.454 64.0 脱 1
142.081 142.348 57.0 为 0
142.348 142.616 59.0 什 0
142.616 143.688 61.0 么 0
143.688 144.223 61.0 付 0
144.223 144.759 64.0 出 0
144.759 145.027 66.0 那 0
145.027 145.295 64.0 么 0
145.295 145.563 59.0 - 0
145.563 145.831 59.0 多 1
146.091 146.359 61.0 你 0
146.359 146.627 61.0 还 0
146.627 146.886 59.0 是 0
146.886 147.145 54.0 让 0
147.163 147.431 54.0 我 0
147.431 147.699 57.0 感 0
147.699 147.966 54.0 到 0
147.966 148.234 57.0 悲 0
148.234 148.502 54.0 伤 0
148.502 148.761 59.0 难 0
148.761 149.306 61.0 过 1
150.669 150.937 52.0 是 0
150.937 151.205 52.0 我 0
151.205 151.74 54.0 自 0
151.74 152.008 57.0 己 0
152.008 152.812 57.0 太 0
152.812 153.08 54.0 过 0
153.348 153.607 52.0 的 0
153.607 154.151 61.0 软 0
154.151 154.419 61.0 弱 1
154.818 155.086 57.0 还 0
155.086 155.353 57.0 是 0
155.353 155.621 61.0 上 0
155.621 155.889 59.0 辈 0
155.889 156.157 59.0 子 0
156.157 156.425 57.0 欠 0
156.425 156.693 57.0 你 0
156.693 156.961 54.0 的 0
156.961 157.228 57.0 太 0
157.228 158.032 59.0 多 1
159.223 159.491 57.0 为 0
159.491 159.759 59.0 什 0
159.759 160.831 61.0 么 0
160.831 161.366 61.0 付 0
161.366 161.902 64.0 出 0
161.902 162.17 66.0 那 0
162.17 162.438 64.0 么 0
162.438 162.706 59.0 - 0
162.706 162.973 59.0 多 1
163.106 163.374 61.0 竟 0
163.374 163.642 61.0 然 0
163.642 163.91 59.0 却 0
163.91 164.178 57.0 越 0
164.178 164.446 54.0 来 0
164.446 164.713 57.0 越 0
164.713 164.981 54.0 感 0
164.981 165.249 57.0 到 0
165.249 165.517 54.0 了 0
165.517 165.785 59.0 迷 0
165.785 166.321 61.0 惑 1
167.768 168.036 52.0 找 0
168.036 168.304 52.0 不 0
168.304 168.839 54.0 到 0
168.839 169.107 57.0 你 0
169.107 169.911 57.0 想 0
169.911 170.179 54.0 要 0
170.446 170.705 52.0 的 0
170.705 171.25 61.0 结 0
171.25 171.518 61.0 果 1
171.941 172.208 54.0 你 0
172.208 172.467 57.0 到 0
172.467 172.744 61.0 底 0
172.744 173.012 59.0 有 0
173.012 173.28 59.0 没 0
173.28 173.548 57.0 有 0
173.548 173.816 57.0 爱 0
173.816 174.083 54.0 - 0
174.083 174.342 54.0 过 0
174.342 176.226 57.0 我 1
178.407 178.675 59.0 为 0
178.675 178.943 61.0 什 0
178.943 179.746 63.0 么 0
180.014 180.55 63.0 付 0
180.55 181.086 66.0 出 0
181.086 181.354 68.0 那 0
181.354 181.621 66.0 么 0
181.621 181.889 61.0 - 0
181.889 182.157 61.0 多 1
182.552 182.82 63.0 你 0
182.82 183.088 63.0 还 0
183.088 183.356 61.0 是 0
183.356 183.615 56.0 让 0
183.623 183.891 56.0 我 0
183.891 184.159 59.0 感 0
184.159 184.427 56.0 到 0
184.427 184.695 59.0 悲 0
184.695 184.963 56.0 伤 0
184.963 185.231 61.0 难 0
185.231 185.766 63.0 过 1
187.024 187.291 54.0 是 0
187.291 187.559 54.0 我 0
187.559 188.095 56.0 自 0
188.095 188.363 59.0 己 0
188.363 189.166 59.0 太 0
189.166 189.434 56.0 过 0
189.702 189.961 54.0 的 0
189.961 190.506 63.0 软 0
190.506 190.774 63.0 弱 1
191.34 191.608 59.0 还 0
191.608 191.876 59.0 是 0
191.876 192.144 63.0 上 0
192.144 192.412 61.0 辈 0
192.412 192.68 61.0 子 0
192.68 192.947 59.0 欠 0
192.947 193.215 59.0 你 0
193.215 193.483 56.0 的 0
193.483 193.751 59.0 太 0
193.751 194.555 61.0 多 1
195.662 195.93 59.0 为 0
195.93 196.198 61.0 什 0
196.198 197.001 63.0 么 0
197.269 197.805 63.0 付 0
197.805 198.341 66.0 出 0
198.341 198.608 68.0 那 0
198.608 198.876 66.0 么 0
198.876 199.144 61.0 - 0
199.144 199.412 61.0 多 1
199.548 199.816 63.0 竟 0
199.816 200.084 63.0 然 0
200.084 200.351 61.0 却 0
200.351 200.619 59.0 越 0
200.619 200.887 56.0 来 0
200.887 201.155 59.0 越 0
201.155 201.423 56.0 感 0
201.423 201.691 59.0 到 0
201.691 201.959 56.0 了 0
201.959 202.226 61.0 迷 0
202.226 202.762 63.0 惑 1
204.108 204.376 54.0 找 0
204.376 204.644 54.0 不 0
204.644 205.18 56.0 到 0
205.18 205.448 59.0 你 0
205.448 206.251 59.0 想 0
206.251 206.519 56.0 要 0
206.787 207.046 54.0 的 0
207.046 207.591 63.0 结 0
207.591 207.858 63.0 果 1
208.424 208.692 56.0 你 0
208.692 208.96 59.0 到 0
208.96 209.228 63.0 底 0
209.228 209.496 61.0 有 0
209.496 209.763 61.0 没 0
209.763 210.031 59.0 有 0
210.031 210.299 59.0 爱 0
210.299 210.567 56.0 - 0
210.567 210.835 56.0 过 0
210.835 212.442 59.0 我 1
212.78 213.048 56.0 你 0
213.048 213.316 59.0 到 0
213.316 213.583 63.0 底 0
213.583 213.851 61.0 有 0
213.851 214.119 61.0 没 0
214.119 214.387 59.0 有 0
214.387 215.458 56.0 爱 0
215.458 216.798 56.0 过 0
217.592 221.351 59.0 我 1
