7.935 8.413 62.0 我 0
8.415 8.893 65.0 怕 0
8.895 9.613 65.0 我 0
9.615 9.853 65.0 没 0
9.855 10.333 65.0 有 0
10.335 10.813 67.0 机 0
10.815 11.293 65.0 会 1
11.805 12.283 62.0 跟 0
12.285 12.763 60.0 你 0
12.765 13.483 58.0 说 0
13.485 13.723 58.0 一 0
13.725 14.203 58.0 声 0
14.205 14.685 55.0 再 0
14.685 15.163 53.0 见 1
15.576 16.054 53.0 因 0
16.056 16.534 55.0 为 0
16.536 17.502 58.0 也 0
17.504 17.986 58.0 许 1
18.125 18.608 60.0 就 0
18.608 19.09 60.0 再 0
19.092 19.332 62.0 也 0
19.334 19.574 62.0 见 0
19.576 20.058 60.0 不 0
20.06 20.542 60.0 到 0
20.544 21.994 60.0 你 1
23.471 23.953 62.0 明 0
23.955 24.437 65.0 天 0
24.439 25.405 65.0 我 0
25.407 25.889 65.0 要 0
25.891 26.372 67.0 离 0
26.374 26.856 65.0 开 1
27.274 27.756 62.0 熟 0
27.758 27.998 60.0 悉 0
28.0 28.24 58.0 的 0
28.242 29.208 58.0 地 0
29.21 29.691 58.0 方 0
29.693 30.175 55.0 和 0
30.177 30.659 53.0 你 1
31.171 31.653 53.0 要 0
31.655 32.137 55.0 分 0
32.139 33.105 58.0 离 0
33.59 34.072 60.0 我 0
34.074 34.56 62.0 眼 0
34.562 34.804 62.0 泪 0
34.806 35.048 62.0 就 0
35.05 35.536 60.0 掉 0
35.538 36.024 60.0 下 0
36.026 37.487 58.0 去 1
38.799 39.285 62.0 我 0
39.287 39.773 65.0 会 0
39.775 40.017 67.0 牢 0
40.019 40.261 67.0 牢 0
40.263 40.505 67.0 记 0
40.507 40.749 67.0 住 0
40.751 41.236 67.0 你 0
41.238 41.726 65.0 的 0
41.726 42.204 62.0 脸 1
42.744 43.222 60.0 我 0
43.224 43.702 62.0 会 0
43.704 43.944 58.0 珍 0
43.946 44.186 58.0 惜 0
44.188 44.428 58.0 你 0
44.43 44.67 58.0 给 0
44.672 45.154 58.0 的 0
45.156 45.638 60.0 思 0
45.64 46.122 62.0 念 1
46.731 47.213 62.0 这 0
47.215 47.697 65.0 些 0
47.699 47.939 65.0 日 0
47.941 48.181 67.0 子 0
48.183 48.423 67.0 在 0
48.425 48.665 67.0 我 0
48.667 49.149 67.0 心 0
49.151 49.633 65.0 中 1
49.647 49.887 62.0 永 0
49.889 50.129 62.0 远 0
50.131 50.37 62.0 都 0
50.372 50.612 62.0 不 0
50.614 51.096 60.0 会 0
51.098 51.58 60.0 抹 0
51.582 53.032 60.0 去 1
54.401 54.883 62.0 我 0
54.885 55.367 65.0 不 0
55.369 56.335 65.0 能 0
56.337 56.819 65.0 答 0
56.821 57.303 67.0 应 0
57.305 57.786 65.0 你 1
58.241 58.723 62.0 我 0
58.725 59.207 60.0 是 0
59.209 59.933 58.0 否 0
59.935 60.175 58.0 会 0
60.177 60.659 58.0 再 0
60.661 61.143 55.0 回 0
61.145 61.626 53.0 来 1
62.184 62.666 53.0 不 0
62.668 63.15 55.0 回 0
63.152 64.118 58.0 头 0
64.604 65.086 60.0 不 0
65.088 65.569 62.0 回 0
65.571 65.811 62.0 头 0
65.813 66.053 62.0 的 0
66.055 66.537 60.0 走 0
66.539 67.021 60.0 下 0
67.023 67.989 58.0 去 1
77.522 78.004 62.0 我 0
78.006 78.488 65.0 怕 0
78.49 79.214 65.0 我 0
79.216 79.456 65.0 没 0
79.458 79.94 65.0 有 0
79.942 80.423 67.0 机 0
80.425 80.907 65.0 会 1
81.44 81.922 60.0 跟 0
81.924 82.406 60.0 你 0
82.408 83.132 58.0 说 0
83.134 83.374 58.0 一 0
83.376 83.857 58.0 声 0
83.86 84.341 55.0 再 0
84.343 84.825 53.0 见 1
85.269 85.751 53.0 因 0
85.753 86.235 55.0 为 0
86.237 87.203 58.0 也 0
87.205 87.686 58.0 许 1
87.776 88.258 60.0 就 0
88.26 88.742 60.0 再 0
88.744 88.984 62.0 也 0
88.986 89.226 62.0 见 0
89.228 89.71 60.0 不 0
89.712 90.194 60.0 到 0
90.196 91.645 60.0 你 1
93.066 93.548 62.0 明 0
93.55 94.032 65.0 天 0
94.034 95.0 65.0 我 0
95.002 95.483 65.0 要 0
95.485 95.967 67.0 离 0
95.969 96.451 65.0 开 1
96.894 97.376 62.0 熟 0
97.378 97.618 60.0 悉 0
97.62 97.86 58.0 的 0
97.862 98.827 58.0 地 0
98.83 99.311 58.0 方 0
99.313 99.795 55.0 和 0
99.797 100.279 53.0 你 1
100.799 101.281 53.0 要 0
101.283 101.765 55.0 分 0
101.767 102.732 58.0 离 0
103.218 103.7 60.0 我 0
103.702 104.184 62.0 眼 0
104.186 104.426 62.0 泪 0
104.428 104.668 62.0 就 0
104.67 105.152 60.0 掉 0
105.154 105.636 60.0 下 0
105.638 107.087 58.0 去 1
108.536 108.776 62.0 我 0
108.778 109.502 65.0 会 0
109.504 109.744 67.0 牢 0
109.746 109.986 67.0 牢 0
109.988 110.227 67.0 记 0
110.229 110.469 67.0 住 0
110.471 110.953 67.0 你 0
110.955 111.439 65.0 的 0
111.439 111.921 62.0 脸 1
112.52 113.002 60.0 我 0
113.004 113.486 62.0 会 0
113.488 113.728 58.0 珍 0
113.73 113.969 58.0 惜 0
113.972 114.211 58.0 你 0
114.213 114.453 58.0 给 0
114.455 114.937 58.0 的 0
114.939 115.421 60.0 思 0
115.423 115.905 62.0 念 1
116.38 116.862 62.0 这 0
116.864 117.346 65.0 些 0
117.348 117.588 65.0 日 0
117.59 117.829 67.0 子 0
117.831 118.071 67.0 在 0
118.073 118.313 67.0 我 0
118.315 118.797 67.0 心 0
118.799 119.281 65.0 中 1
119.319 119.559 62.0 永 0
119.561 119.801 62.0 远 0
119.803 120.043 62.0 都 0
120.045 120.285 62.0 不 0
120.287 120.769 60.0 会 0
120.771 121.253 60.0 抹 0
121.255 122.704 60.0 去 1
123.998 124.48 62.0 我 0
124.482 124.964 65.0 不 0
124.966 125.931 65.0 能 0
125.933 126.415 65.0 答 0
126.417 126.899 67.0 应 0
126.901 127.383 65.0 你 1
127.896 128.378 62.0 我 0
128.38 128.861 60.0 是 0
128.864 129.587 58.0 否 0
129.589 129.829 58.0 会 0
129.831 130.313 58.0 再 0
130.315 130.797 55.0 回 0
130.799 131.281 53.0 来 1
131.727 132.209 53.0 不 0
132.211 132.692 55.0 回 0
132.694 133.66 58.0 头 0
134.146 134.628 60.0 不 0
134.63 135.112 62.0 回 0
135.114 135.354 62.0 头 0
135.356 135.596 62.0 的 0
135.598 136.08 60.0 走 0
136.082 136.563 58.0 下 0
136.565 137.531 58.0 去 1
139.463 139.945 62.0 我 0
139.947 140.428 65.0 会 0
140.43 140.67 67.0 牢 0
140.672 140.912 67.0 牢 0
140.914 141.154 67.0 记 0
141.156 141.396 67.0 住 0
141.398 141.88 67.0 你 0
141.882 142.366 65.0 的 0
142.366 142.848 62.0 脸 1
143.488 143.969 60.0 我 0
143.972 144.453 62.0 会 0
144.455 144.695 58.0 珍 0
144.697 144.937 58.0 惜 0
144.939 145.179 58.0 你 0
145.181 145.421 58.0 给 0
145.423 145.905 58.0 的 0
145.907 146.389 60.0 思 0
146.391 146.873 62.0 念 1
147.312 147.793 62.0 这 0
147.795 148.277 65.0 些 0
148.279 148.519 65.0 日 0
148.521 148.761 67.0 子 0
148.763 149.003 67.0 在 0
149.005 149.245 67.0 我 0
149.247 149.729 67.0 心 0
149.731 150.213 65.0 中 1
150.286 150.526 62.0 永 0
150.528 150.768 62.0 远 0
150.77 151.01 62.0 都 0
151.012 151.252 62.0 不 0
151.254 151.735 60.0 会 0
151.737 152.219 60.0 抹 0
152.221 153.671 60.0 去 1
154.955 155.436 62.0 我 0
155.438 155.92 65.0 不 0
155.922 156.888 65.0 能 0
156.89 157.372 65.0 答 0
157.374 157.856 67.0 应 0
157.858 158.34 65.0 你 1
158.962 159.443 62.0 我 0
159.445 159.927 60.0 是 0
159.929 160.653 58.0 否 0
160.655 160.895 58.0 会 0
160.897 161.379 58.0 再 0
161.381 161.863 55.0 回 0
161.865 162.347 53.0 来 1
162.744 163.226 53.0 不 0
163.228 163.71 55.0 回 0
163.712 164.678 58.0 头 0
165.164 165.646 60.0 不 0
165.648 166.13 62.0 回 0
166.132 166.372 62.0 头 0
166.374 166.613 62.0 的 0
166.615 167.097 60.0 走 0
167.099 167.581 58.0 下 0
167.583 169.033 58.0 去 1
170.435 170.917 53.0 不 0
170.919 171.401 55.0 回 0
171.403 172.369 58.0 头 0
172.855 173.337 60.0 不 0
173.339 173.821 62.0 回 0
173.823 174.062 62.0 头 0
174.064 174.304 62.0 的 0
174.306 174.788 60.0 走 0
174.79 175.272 58.0 下 0
175.274 176.724 58.0 去 1
