4.679 4.956 53.0 我 0
4.956 5.508 55.0 - 0
5.508 5.785 55.0 喜 0
5.785 6.061 56.0 欢 0
6.061 6.337 55.0 一 0
6.337 6.614 53.0 个 0
6.614 7.167 55.0 女 0
7.167 8.272 51.0 孩 1
9.131 9.955 48.0 短 0
9.955 10.23 51.0 发 0
10.23 10.504 53.0 样 0
10.504 10.779 51.0 子 0
10.779 11.054 53.0 很 0
11.054 11.606 51.0 可 0
11.606 12.997 55.0 爱 1
13.484 14.322 60.0 她 0
14.322 14.602 60.0 从 0
14.602 14.881 58.0 我 0
14.881 15.161 53.0 的 0
15.161 15.44 53.0 身 0
15.44 15.719 56.0 边 0
15.719 16.25 55.0 走 0
16.25 16.781 58.0 过 0
16.781 17.047 51.0 去 1
17.307 17.572 51.0 我 0
17.572 17.838 50.0 的 0
17.838 18.115 48.0 眼 0
18.115 18.669 51.0 睛 0
18.669 18.946 55.0 都 0
18.946 19.223 53.0 要 0
19.223 19.5 51.0 掉 0
19.5 19.777 50.0 出 0
19.777 20.896 51.0 来 1
22.467 22.752 53.0 她 0
22.752 23.321 55.0 - 0
23.321 23.605 55.0 喜 0
23.605 23.889 56.0 欢 0
23.889 24.174 55.0 一 0
24.174 24.458 53.0 个 0
24.458 25.017 55.0 人 0
25.017 26.115 51.0 走 1
26.87 27.708 48.0 她 0
27.708 27.987 51.0 说 0
27.987 28.267 53.0 朋 0
28.267 28.546 51.0 友 0
28.546 28.825 53.0 并 0
28.825 29.378 51.0 不 0
29.378 30.742 55.0 多 1
31.314 32.146 60.0 我 0
32.146 32.423 60.0 很 0
32.423 32.701 58.0 愿 0
32.701 32.978 53.0 意 0
32.978 33.255 53.0 做 0
33.255 33.532 56.0 你 0
33.532 34.085 55.0 的 0
34.085 34.362 58.0 朋 0
34.362 34.638 51.0 - 0
34.638 34.914 51.0 友 1
35.038 35.314 51.0 即 0
35.314 35.59 50.0 便 0
35.59 35.859 48.0 不 0
35.859 36.397 51.0 是 0
36.397 36.666 55.0 那 0
36.666 36.935 53.0 一 0
36.935 37.204 51.0 种 0
37.204 37.472 50.0 朋 0
37.472 38.587 51.0 友 1
39.208 39.49 51.0 美 0
39.49 39.772 63.0 丽 0
39.772 40.054 62.0 的 0
40.054 40.618 60.0 鸽 0
40.618 41.182 56.0 子 0
41.182 41.747 62.0 鸽 0
41.747 42.029 58.0 子 0
42.311 42.864 58.0 我 0
42.864 43.14 55.0 喜 0
43.14 43.416 58.0 欢 0
43.416 43.693 51.0 你 1
44.093 44.37 53.0 小 0
44.37 44.646 55.0 时 0
44.646 44.927 56.0 候 0
44.927 45.207 55.0 我 0
45.207 45.488 53.0 就 0
45.488 45.768 55.0 知 0
45.768 46.049 56.0 道 0
46.049 46.329 55.0 会 0
46.329 46.61 53.0 遇 0
46.61 46.891 58.0 见 0
46.891 47.171 55.0 - 0
47.171 47.732 55.0 你 1
48.257 48.537 51.0 可 0
48.537 48.818 63.0 爱 0
48.818 49.098 62.0 的 0
49.098 49.659 60.0 鸽 0
49.659 50.22 56.0 子 0
50.22 50.781 62.0 鸽 0
50.781 51.061 58.0 子 0
51.342 51.888 58.0 不 0
51.888 52.162 55.0 要 0
52.162 52.435 58.0 在 0
52.435 52.708 51.0 意 1
52.947 53.22 53.0 这 0
53.22 53.493 55.0 首 0
53.493 53.77 55.0 歌 0
53.77 54.046 55.0 你 0
54.046 54.323 53.0 就 0
54.323 54.599 48.0 随 0
54.599 54.876 50.0 便 0
55.152 55.705 53.0 听 0
55.705 56.811 51.0 听 1
57.056 57.333 51.0 美 0
57.333 57.609 63.0 丽 0
57.609 57.886 62.0 的 0
57.886 58.423 60.0 鸽 0
58.423 58.96 56.0 子 0
58.96 59.497 62.0 鸽 0
59.497 59.766 58.0 子 0
60.034 60.318 58.0 你 0
60.318 60.603 58.0 要 0
60.603 60.887 55.0 飞 0
60.887 61.171 58.0 哪 0
61.171 61.455 51.0 去 1
61.812 62.096 53.0 面 0
62.096 62.38 53.0 朝 0
62.38 62.656 51.0 大 0
62.656 62.933 51.0 海 0
62.933 63.209 51.0 然 0
63.209 63.486 51.0 后 0
63.486 63.9 53.0 春 0
63.9 64.315 51.0 暖 0
64.315 64.867 58.0 花 0
64.867 65.697 55.0 开 1
65.827 66.103 51.0 可 0
66.103 66.38 63.0 爱 0
66.38 66.656 62.0 的 0
66.656 67.218 60.0 鸽 0
67.218 67.78 56.0 子 0
67.78 68.343 62.0 鸽 0
68.343 68.624 58.0 子 0
68.905 69.469 58.0 别 0
69.469 69.751 55.0 太 0
69.751 70.033 58.0 在 0
70.033 70.315 51.0 意 1
70.644 70.927 53.0 长 0
70.927 71.209 55.0 大 0
71.209 71.618 56.0 后 0
71.618 71.925 55.0 我 0
71.925 72.335 48.0 一 0
72.335 72.745 48.0 定 0
72.745 73.188 50.0 来 0
73.757 75.457 53.0 找 0
75.457 76.655 53.0 你 0
76.655 77.641 51.0 - 1
80.08 80.363 53.0 我 0
80.363 80.929 55.0 - 0
80.929 81.212 55.0 喜 0
81.212 81.495 56.0 欢 0
81.495 81.778 55.0 一 0
81.778 82.061 53.0 个 0
82.061 82.619 55.0 女 0
82.619 83.72 51.0 孩 1
84.642 85.475 48.0 短 0
85.475 85.753 51.0 发 0
85.753 86.031 53.0 样 0
86.031 86.309 51.0 子 0
86.309 86.587 53.0 很 0
86.587 87.137 51.0 可 0
87.137 87.545 46.0 爱 1
88.998 89.836 60.0 她 0
89.836 90.115 60.0 从 0
90.115 90.394 58.0 我 0
90.394 90.673 53.0 的 0
90.673 90.953 53.0 身 0
90.953 91.232 56.0 边 0
91.232 91.785 55.0 走 0
91.785 92.338 58.0 过 0
92.338 92.615 51.0 去 1
92.849 93.125 51.0 我 0
93.125 93.402 50.0 的 0
93.402 93.67 48.0 眼 0
93.67 94.206 51.0 睛 0
94.206 94.475 55.0 都 0
94.475 94.743 53.0 要 0
94.743 95.011 51.0 掉 0
95.011 95.279 50.0 出 0
95.279 96.406 51.0 来 1
97.013 97.299 51.0 美 0
97.299 97.585 63.0 丽 0
97.585 97.871 62.0 的 0
97.871 98.433 60.0 鸽 0
98.433 98.995 56.0 子 0
98.995 99.556 62.0 鸽 0
99.556 99.837 58.0 子 0
100.118 100.678 58.0 我 0
100.678 100.957 55.0 喜 0
100.957 101.237 58.0 欢 0
101.237 101.517 51.0 你 1
101.792 102.072 53.0 小 0
102.072 102.352 55.0 时 0
102.352 102.627 56.0 候 0
102.627 102.901 55.0 我 0
102.901 103.176 53.0 就 0
103.176 103.451 55.0 知 0
103.451 103.726 56.0 道 0
103.726 104.0 55.0 会 0
104.0 104.275 53.0 遇 0
104.275 104.55 55.0 见 0
104.55 104.83 55.0 - 0
104.83 105.39 55.0 你 1
106.063 106.343 51.0 可 0
106.343 106.623 63.0 爱 0
106.623 106.903 62.0 的 0
106.903 107.476 60.0 鸽 0
107.476 108.048 56.0 子 0
108.048 108.62 62.0 鸽 0
108.62 108.907 58.0 子 0
109.193 109.73 58.0 不 0
109.73 109.998 55.0 要 0
109.998 110.267 58.0 在 0
110.267 110.535 51.0 意 1
110.793 111.061 53.0 这 0
111.061 111.329 55.0 首 0
111.329 111.607 55.0 歌 0
111.607 111.885 55.0 你 0
111.885 112.163 53.0 就 0
112.163 112.44 48.0 随 0
112.44 112.718 50.0 便 0
112.996 113.551 53.0 听 0
113.551 114.646 51.0 听 1
114.947 115.22 51.0 美 0
115.22 115.494 63.0 丽 0
115.494 115.768 62.0 的 0
115.768 116.31 60.0 鸽 0
116.31 116.851 56.0 子 0
116.851 117.393 62.0 鸽 0
117.393 117.664 58.0 子 0
117.935 118.218 58.0 你 0
118.218 118.501 58.0 要 0
118.501 118.784 55.0 飞 0
118.784 119.067 58.0 哪 0
119.067 119.35 51.0 去 1
119.482 119.765 55.0 面 0
119.765 120.048 53.0 朝 0
120.048 120.323 51.0 大 0
120.323 120.598 51.0 海 0
120.598 120.873 51.0 然 0
120.873 121.148 51.0 后 0
121.148 121.561 53.0 春 0
121.561 121.973 51.0 暖 0
121.973 122.523 58.0 花 0
122.523 123.349 55.0 开 1
123.651 123.926 51.0 可 0
123.926 124.202 63.0 爱 0
124.202 124.477 62.0 的 0
124.477 125.043 60.0 鸽 0
125.043 125.609 56.0 子 0
125.609 126.175 62.0 鸽 0
126.175 126.458 58.0 子 0
126.741 127.322 58.0 别 0
127.322 127.613 55.0 太 0
127.613 127.903 58.0 在 0
127.903 128.194 51.0 意 1
128.444 128.734 53.0 长 0
128.734 129.025 55.0 大 0
129.025 129.365 56.0 后 0
129.365 129.706 55.0 我 0
129.706 130.16 53.0 一 0
130.16 130.613 48.0 定 0
130.613 131.082 50.0 来 0
131.551 133.629 53.0 找 0
134.065 136.535 51.0 你 1
