29.16 29.994 52.0 一 0
29.994 30.41 59.0 - 0
30.41 31.66 54.0 开 0
31.667 32.084 50.0 始 0
32.084 33.126 52.0 我 0
33.126 33.23 54.0 只 0
33.23 33.646 55.0 - 0
33.646 34.688 54.0 相 0
34.875 35.291 50.0 信 0
35.291 36.437 52.0 伟 0
36.437 36.541 54.0 大 0
36.541 36.958 55.0 - 0
36.958 37.791 54.0 的 0
37.791 38.104 50.0 是 0
38.208 38.729 50.0 - 0
38.729 40.604 59.0 感 0
42.279 43.217 59.0 情 0
43.217 43.634 64.0 最 0
43.634 44.779 62.0 后 0
44.879 45.295 55.0 我 0
45.295 45.712 54.0 无 0
45.712 46.129 52.0 - 0
46.129 46.545 52.0 力 0
46.545 46.962 59.0 的 0
46.962 48.108 54.0 看 0
48.397 48.814 50.0 清 0
48.814 49.959 52.0 强 0
50.064 50.48 55.0 悍 0
50.48 51.314 54.0 的 0
51.314 51.73 50.0 是 0
51.73 52.251 50.0 命 0
52.251 54.126 52.0 运 0
55.754 56.587 60.0 你 0
56.587 57.212 64.0 - 0
57.212 57.941 62.0 还 0
57.941 58.254 57.0 是 0
58.254 58.671 57.0 - 0
58.671 59.816 59.0 选 0
59.921 60.337 64.0 择 0
60.337 61.483 64.0 回 0
61.833 62.041 55.0 去 0
62.041 62.249 55.0 他 0
62.249 62.458 55.0 刺 0
62.458 62.874 57.0 痛 0
62.874 63.187 59.0 你 0
63.187 63.812 60.0 的 0
63.853 64.061 50.0 心 0
64.061 64.478 60.0 但 0
64.478 64.686 59.0 你 0
64.686 65.103 57.0 不 0
65.103 65.311 57.0 肯 0
65.311 65.728 59.0 觉 0
65.728 66.457 56.0 - 0
66.457 67.395 52.0 醒 0
69.085 69.919 60.0 - 0
69.919 70.335 64.0 你 0
70.335 71.169 62.0 说 0
71.169 71.585 57.0 爱 0
71.585 72.002 57.0 - 0
72.002 72.835 59.0 本 0
72.835 73.252 59.0 就 0
73.252 73.669 64.0 是 0
73.669 74.814 64.0 梦 0
75.279 75.487 64.0 境 0
75.487 75.696 64.0 跟 0
75.696 75.904 64.0 你 0
75.904 76.321 64.0 借 0
76.321 76.529 66.0 的 0
76.529 77.154 67.0 幸 0
77.529 77.945 67.0 福 0
77.945 78.154 64.0 我 0
78.154 78.57 66.0 只 0
78.57 78.779 66.0 能 0
78.779 79.195 67.0 还 0
79.195 81.279 66.0 - 0
81.687 82.104 64.0 你 0
82.104 82.521 67.0 想 0
82.521 82.937 69.0 留 0
82.937 83.146 67.0 不 0
83.146 83.771 64.0 能 0
83.795 84.211 64.0 留 0
84.211 84.836 64.0 才 0
84.836 85.045 62.0 最 0
85.045 85.67 62.0 寂 0
85.67 85.878 64.0 - 0
85.878 87.961 64.0 寞 0
88.343 88.76 64.0 没 0
88.76 89.176 67.0 说 0
89.176 89.593 69.0 完 0
89.593 89.801 67.0 温 0
89.801 90.426 64.0 柔 0
90.462 90.879 64.0 只 0
90.879 91.296 64.0 剩 0
91.296 91.712 62.0 - 0
91.712 92.337 62.0 离 0
92.337 92.546 71.0 - 0
92.546 94.629 71.0 歌 0
94.892 95.308 71.0 心 0
95.308 95.725 72.0 碎 0
95.725 96.767 71.0 前 0
96.767 97.079 69.0 一 0
97.079 98.017 66.0 秒 0
98.404 98.682 66.0 用 0
98.682 98.959 67.0 力 0
98.959 99.237 69.0 的 0
99.237 99.619 69.0 相 0
99.654 99.966 67.0 拥 0
99.966 100.279 66.0 着 0
100.279 100.696 67.0 沉 0
100.696 101.841 64.0 默 0
101.946 102.05 62.0 - 0
102.051 102.363 64.0 用 0
102.363 102.572 67.0 心 0
102.572 103.092 69.0 跳 0
103.092 103.301 67.0 送 0
103.301 103.822 64.0 你 0
103.822 104.238 64.0 辛 0
104.238 104.863 64.0 酸 0
104.863 105.072 62.0 - 0
105.072 105.697 62.0 离 0
105.697 105.905 64.0 - 0
105.905 108.822 64.0 歌 0
139.153 139.987 52.0 原 0
139.987 140.403 59.0 - 0
140.403 141.237 54.0 来 0
141.237 141.653 50.0 爱 0
141.67 142.087 50.0 - 0
142.087 143.233 52.0 是 0
143.233 143.754 55.0 种 0
143.754 144.795 54.0 任 0
145.067 145.483 50.0 性 0
145.483 146.733 52.0 不 0
146.733 147.15 55.0 该 0
147.15 147.983 54.0 太 0
147.983 148.296 50.0 多 0
148.4 148.817 50.0 考 0
148.817 150.9 59.0 虑 0
152.5 153.333 59.0 爱 0
153.333 153.75 64.0 - 0
153.75 154.895 62.0 没 0
155.0 155.416 55.0 有 0
155.416 155.833 54.0 聪 0
155.833 156.666 52.0 - 0
156.666 156.77 57.0 不 0
156.77 157.083 59.0 - 0
157.083 158.229 54.0 聪 0
158.333 158.75 50.0 明 0
158.75 159.895 52.0 只 0
160.0 160.416 55.0 有 0
160.416 161.25 54.0 愿 0
161.25 161.666 50.0 不 0
161.666 162.083 50.0 - 0
162.083 164.166 52.0 愿 0
165.718 166.551 60.0 意 0
166.551 167.176 64.0 你 0
167.176 168.01 62.0 还 0
168.01 168.218 57.0 是 0
168.218 168.635 57.0 - 0
168.635 169.78 59.0 选 0
169.885 170.301 64.0 择 0
170.301 171.447 64.0 回 0
171.748 171.956 55.0 去 0
171.956 172.164 55.0 他 0
172.164 172.373 55.0 刺 0
172.373 172.789 57.0 痛 0
172.789 172.998 59.0 你 0
172.998 173.831 60.0 的 0
173.954 174.162 50.0 心 0
174.162 174.579 60.0 但 0
174.579 174.787 59.0 你 0
174.787 175.204 57.0 不 0
175.204 175.412 57.0 肯 0
175.412 175.829 59.0 觉 0
175.829 176.662 56.0 - 0
176.662 177.496 52.0 醒 0
179.172 180.006 60.0 - 0
180.006 180.422 64.0 你 0
180.422 181.256 62.0 说 0
181.256 181.672 57.0 爱 0
181.672 182.089 57.0 - 0
182.089 182.922 59.0 本 0
182.922 183.339 59.0 就 0
183.339 183.756 64.0 是 0
183.756 184.901 64.0 梦 0
185.129 185.337 64.0 境 0
185.337 185.546 64.0 跟 0
185.546 185.754 64.0 你 0
185.754 186.171 64.0 借 0
186.171 186.379 66.0 的 0
186.379 187.004 67.0 幸 0
187.316 187.421 66.0 福 0
187.568 187.984 67.0 - 0
187.984 188.193 64.0 我 0
188.193 188.609 66.0 只 0
188.609 188.818 66.0 能 0
188.818 189.234 67.0 还 0
189.234 191.318 66.0 你 0
191.542 191.959 64.0 想 0
191.959 192.376 67.0 - 0
192.376 192.792 69.0 留 0
192.792 193.001 67.0 不 0
193.001 193.626 64.0 能 0
193.769 194.185 64.0 留 0
194.185 194.81 64.0 才 0
194.81 195.019 62.0 最 0
195.019 195.644 62.0 - 0
195.644 195.852 64.0 寂 0
195.852 197.935 64.0 - 0
198.241 198.658 64.0 寞 0
198.658 199.074 67.0 没 0
199.074 199.491 69.0 说 0
199.491 199.699 67.0 完 0
199.699 200.324 64.0 温 0
200.416 200.833 64.0 柔 0
200.833 201.458 64.0 只 0
201.458 201.666 62.0 剩 0
201.666 202.291 62.0 - 0
202.291 202.5 71.0 离 0
202.5 204.583 71.0 - 0
204.909 205.325 71.0 歌 0
205.325 205.742 72.0 心 0
205.742 206.575 71.0 碎 0
206.575 206.784 69.0 前 0
206.784 207.2 69.0 - 0
207.2 208.034 66.0 一 0
208.383 208.661 66.0 秒 0
208.661 208.938 67.0 用 0
208.938 209.216 69.0 力 0
209.216 209.598 69.0 的 0
209.633 210.05 67.0 相 0
210.05 210.258 66.0 拥 0
210.258 210.675 67.0 着 0
210.675 211.925 64.0 沉 0
212.029 212.133 63.0 默 0
212.148 212.356 64.0 - 0
212.356 212.565 67.0 用 0
212.565 213.085 69.0 心 0
213.085 213.398 67.0 跳 0
213.398 213.815 64.0 送 0
213.819 214.235 64.0 你 0
214.235 214.86 64.0 辛 0
214.86 215.069 62.0 酸 0
215.069 215.694 62.0 - 0
215.694 215.902 64.0 离 0
215.902 217.985 64.0 - 0
218.355 218.772 64.0 歌 0
218.772 219.188 67.0 想 0
219.188 219.605 69.0 留 0
219.605 219.813 67.0 不 0
219.813 220.438 64.0 能 0
220.474 220.891 64.0 留 0
220.891 221.516 64.0 才 0
221.516 221.724 62.0 最 0
221.724 222.349 62.0 寂 0
222.349 222.558 64.0 - 0
222.558 224.641 64.0 寞 0
224.942 225.358 64.0 没 0
225.358 225.775 67.0 - 0
225.775 226.192 69.0 说 0
226.192 226.4 67.0 完 0
226.4 227.025 64.0 温 0
227.093 227.51 64.0 柔 0
227.51 228.135 64.0 只 0
228.135 228.343 62.0 剩 0
228.343 228.968 62.0 离 0
228.968 229.176 71.0 - 0
229.176 231.26 71.0 歌 0
231.545 231.962 71.0 心 0
231.962 232.379 72.0 - 0
232.379 233.42 71.0 碎 0
233.42 233.629 69.0 前 0
233.629 233.837 69.0 - 0
233.837 234.67 66.0 一 0
234.906 235.183 66.0 秒 0
235.183 235.461 67.0 用 0
235.461 235.739 69.0 力 0
235.739 236.121 69.0 的 0
236.156 236.572 67.0 相 0
236.572 236.781 66.0 拥 0
236.781 237.197 66.0 着 0
237.197 237.614 67.0 沉 0
237.614 238.239 64.0 默 0
238.605 239.022 64.0 - 0
239.022 239.23 67.0 用 0
239.23 239.647 69.0 心 0
239.647 240.064 67.0 跳 0
240.064 240.48 64.0 送 0
240.481 240.898 64.0 你 0
240.898 241.523 64.0 辛 0
241.523 241.731 62.0 酸 0
241.731 242.356 62.0 离 0
242.356 242.565 64.0 - 0
242.565 244.648 64.0 歌 0
244.925 245.445 64.0 看 0
245.445 245.862 67.0 - 0
245.862 246.279 69.0 不 0
246.279 246.591 67.0 见 0
246.591 247.633 64.0 永 0
247.699 248.324 64.0 久 0
248.324 249.991 64.0 听 0
249.991 250.824 62.0 见 0
254.366 255.824 62.0 - 0
255.824 257.386 64.0 离 0
257.491 262.907 64.0 - 0
