19.801 20.138 53.0 等 0
20.138 20.468 57.0 待 0
20.468 21.127 57.0 - 1
22.549 22.879 53.0 我 0
22.879 23.208 58.0 随 0
23.208 23.538 57.0 时 0
23.538 23.868 58.0 随 0
23.868 24.197 57.0 地 0
24.197 24.857 58.0 在 0
24.857 25.206 60.0 等 0
25.206 25.729 57.0 待 1
27.879 28.216 53.0 做 0
28.216 28.553 58.0 你 0
28.553 28.89 57.0 感 0
28.89 29.227 58.0 情 0
29.227 29.565 57.0 上 0
29.565 30.239 58.0 的 0
30.239 30.576 60.0 依 0
30.576 31.08 57.0 赖 1
33.255 33.589 53.0 我 0
33.589 33.926 55.0 没 0
33.926 34.263 53.0 有 0
34.263 34.6 55.0 任 0
34.6 34.937 53.0 何 0
34.937 35.611 55.0 的 0
35.611 35.948 57.0 疑 0
35.948 36.454 55.0 问 0
36.454 36.959 50.0 - 1
37.966 38.303 57.0 这 0
38.303 38.64 53.0 是 0
38.64 39.23 55.0 爱 0
39.23 39.314 57.0 - 1
41.303 41.64 53.0 我 0
41.64 41.977 57.0 猜 0
41.977 42.652 57.0 - 1
44.019 44.356 53.0 你 0
44.356 44.693 58.0 早 0
44.693 45.03 57.0 就 0
45.03 45.367 58.0 想 0
45.367 45.704 57.0 要 0
45.704 46.379 58.0 说 0
46.379 46.716 60.0 明 0
46.716 47.221 57.0 白 0
47.221 47.558 55.0 - 1
49.51 49.847 53.0 我 0
49.847 50.184 58.0 觉 0
50.184 50.521 57.0 得 0
50.521 50.859 58.0 自 0
50.859 51.196 57.0 己 0
51.196 51.87 58.0 好 0
51.87 52.207 60.0 失 0
52.207 52.712 57.0 败 0
52.712 53.218 55.0 - 0
53.218 53.387 53.0 - 1
54.856 55.194 53.0 从 0
55.194 55.531 55.0 天 0
55.531 55.868 53.0 堂 0
55.868 56.205 55.0 掉 0
56.205 56.542 53.0 落 0
56.542 57.216 55.0 到 0
57.216 57.553 57.0 深 0
57.553 58.059 55.0 渊 0
58.059 58.564 50.0 - 1
59.546 59.883 57.0 多 0
59.883 60.22 53.0 无 0
60.22 60.81 55.0 奈 0
60.81 61.905 55.0 - 1
62.798 63.135 60.0 我 0
63.135 64.147 61.0 愿 0
64.147 64.399 58.0 意 0
64.399 64.821 60.0 - 0
64.821 65.495 58.0 改 0
65.495 65.832 57.0 变 0
65.832 66.506 57.0 - 1
68.289 68.626 60.0 重 0
68.626 69.3 61.0 新 0
69.3 69.637 61.0 再 0
69.637 69.89 58.0 来 0
69.89 70.311 60.0 - 0
70.311 70.648 58.0 一 0
70.648 70.985 60.0 - 0
70.985 71.659 60.0 遍 0
71.659 71.996 55.0 耶 0
71.996 72.334 53.0 - 1
73.685 74.022 60.0 我 0
74.022 74.696 65.0 无 0
74.696 75.033 65.0 法 0
75.033 75.37 61.0 只 0
75.37 75.707 63.0 - 0
75.707 76.381 61.0 是 0
76.381 76.719 60.0 普 0
76.719 77.056 57.0 - 0
77.056 77.393 57.0 通 0
77.393 77.73 67.0 朋 0
77.73 78.067 67.0 友 0
78.067 78.741 65.0 - 1
79.083 79.42 60.0 感 0
79.42 79.757 60.0 情 0
79.757 80.094 65.0 已 0
80.094 80.431 65.0 那 0
80.431 80.769 62.0 么 0
80.769 81.443 65.0 深 1
81.452 81.789 60.0 叫 0
81.789 82.126 60.0 我 0
82.126 82.463 69.0 怎 0
82.463 82.8 69.0 么 0
82.8 83.137 69.0 能 0
83.137 83.474 69.0 放 0
83.474 84.485 69.0 手 0
84.485 84.991 70.0 哦 0
84.991 85.834 67.0 - 1
86.535 86.872 60.0 但 0
86.872 87.209 60.0 你 0
87.209 87.546 60.0 说 0
87.546 89.231 69.0 嗨 1
89.943 90.28 65.0 i 0
90.28 90.617 67.0 only 0
90.617 90.954 67.0 - 0
90.954 91.291 67.0 want 0
91.291 91.628 67.0 to 0
91.628 92.302 67.0 be 0
92.302 92.639 69.0 your 0
92.639 93.65 65.0 friend 1
94.598 94.935 62.0 做 0
94.935 95.272 65.0 个 0
95.272 95.609 62.0 朋 0
95.609 95.946 60.0 - 0
95.946 96.452 60.0 友 0
96.452 96.62 57.0 唔 0
96.62 96.957 57.0 - 0
96.957 97.294 57.0 喔 0
97.294 97.631 55.0 - 1
97.968 98.305 60.0 我 0
98.305 98.642 69.0 在 0
98.642 98.979 70.0 咿 0
98.979 99.316 69.0 呀 0
99.316 99.653 70.0 咿 0
99.653 99.99 67.0 呀 0
99.99 100.327 65.0 - 0
100.664 101.001 65.0 你 0
101.001 101.338 67.0 心 0
101.338 101.675 67.0 中 1
101.68 102.017 67.0 只 0
102.017 102.355 65.0 是 0
102.355 103.029 72.0 just 0
103.029 103.366 69.0 a 0
103.366 104.377 67.0 friend 0
104.377 105.051 65.0 - 1
105.289 105.626 62.0 不 0
105.626 105.963 65.0 是 0
105.963 106.638 69.0 情 0
106.638 107.059 70.0 - 0
107.059 107.312 69.0 - 0
107.312 107.986 67.0 人 0
107.986 108.07 69.0 - 1
108.774 109.111 60.0 我 0
109.111 109.448 62.0 感 0
109.448 109.785 62.0 激 0
109.785 110.122 62.0 你 0
110.122 110.797 62.0 对 0
110.797 111.134 62.0 我 0
111.134 111.471 62.0 这 0
111.471 111.808 59.0 样 0
111.808 112.482 61.0 - 0
112.482 112.819 61.0 的 0
112.819 113.493 62.0 坦 0
113.493 113.83 64.0 白 1
114.196 114.533 57.0 但 0
114.533 114.87 65.0 我 0
114.87 115.208 64.0 给 0
115.208 115.545 65.0 你 0
115.545 115.882 64.0 的 0
115.882 116.219 64.0 - 0
116.219 116.556 62.0 爱 0
116.556 116.893 64.0 暂 0
116.893 117.567 65.0 时 0
117.567 117.904 64.0 收 0
117.904 118.241 65.0 不 0
118.241 118.578 64.0 回 0
118.578 118.747 62.0 来 0
118.747 118.915 60.0 - 0
118.915 119.084 57.0 - 1
119.551 119.888 60.0 so 0
119.888 121.91 69.0 i 0
121.91 122.416 69.0 - 1
122.639 122.976 67.0 不 0
122.976 123.313 67.0 能 0
123.313 123.65 67.0 只 0
123.65 123.988 67.0 是 0
123.988 124.662 67.0 be 0
124.662 124.999 69.0 your 0
124.999 126.684 65.0 friend 1
129.251 129.419 53.0 i 0
129.419 129.756 55.0 just 0
129.756 130.262 55.0 can't 0
130.262 130.431 55.0 be 0
130.431 130.768 57.0 your 0
130.768 131.61 53.0 friend 1
135.625 135.962 53.0 我 0
135.962 136.384 55.0 猜 0
136.384 136.974 55.0 - 0
136.974 137.142 53.0 - 1
138.323 138.66 53.0 你 0
138.66 138.997 58.0 早 0
138.997 139.334 57.0 就 0
139.334 139.671 58.0 想 0
139.671 140.008 57.0 要 0
140.008 140.345 58.0 说 0
140.345 140.682 57.0 - 0
140.682 140.935 53.0 - 0
141.02 141.357 53.0 明 0
141.694 142.452 57.0 白 0
142.452 143.042 57.0 - 1
143.708 144.045 53.0 我 0
144.045 144.382 58.0 觉 0
144.382 144.719 57.0 得 0
144.719 145.057 58.0 自 0
145.057 145.394 60.0 己 0
145.394 145.731 61.0 好 0
145.731 146.068 60.0 - 0
146.068 146.405 58.0 - 0
146.405 146.91 60.0 失 0
147.079 147.5 60.0 败 0
147.5 148.09 55.0 - 0
148.09 148.427 53.0 - 1
149.197 149.535 53.0 从 0
149.535 149.872 55.0 天 0
149.872 150.209 53.0 堂 0
150.209 150.546 55.0 掉 0
150.546 150.883 53.0 落 0
150.883 151.22 55.0 到 0
151.22 151.557 57.0 深 0
151.557 151.894 55.0 - 0
151.894 152.4 55.0 渊 0
152.4 153.579 53.0 - 1
153.99 154.327 57.0 多 0
154.327 154.664 57.0 无 0
154.664 155.675 62.0 奈 0
155.675 156.349 60.0 - 1
157.214 157.551 60.0 我 0
157.551 158.563 61.0 愿 0
158.563 158.815 58.0 意 0
158.815 159.237 60.0 - 0
159.237 159.574 58.0 改 0
159.574 159.911 60.0 - 0
159.911 160.585 57.0 变 0
160.585 161.259 57.0 - 0
161.259 162.018 58.0 - 1
162.656 162.993 60.0 重 0
162.993 163.667 61.0 新 0
163.667 164.004 61.0 再 0
164.004 164.257 58.0 来 0
164.257 164.678 60.0 - 0
164.678 165.015 58.0 一 0
165.015 165.352 60.0 - 0
165.352 166.026 60.0 遍 0
166.026 166.701 69.0 耶 0
166.701 167.29 70.0 - 0
167.29 167.712 65.0 - 1
168.055 168.392 60.0 我 0
168.392 169.066 65.0 无 0
169.066 169.403 65.0 法 0
169.403 169.74 61.0 只 0
169.74 170.077 63.0 - 0
170.077 170.751 61.0 是 0
170.751 171.089 60.0 普 0
171.089 171.426 57.0 - 0
171.426 171.763 57.0 通 0
171.763 172.1 67.0 朋 0
172.1 172.437 67.0 友 0
172.437 173.111 65.0 - 1
173.512 173.849 60.0 感 0
173.849 174.186 60.0 情 0
174.186 174.523 65.0 已 0
174.523 174.86 65.0 那 0
174.86 175.197 62.0 么 0
175.197 175.535 67.0 深 0
175.535 175.872 65.0 - 1
175.895 176.232 60.0 叫 0
176.232 176.569 60.0 我 0
176.569 176.906 69.0 怎 0
176.906 177.243 69.0 么 0
177.243 177.58 69.0 能 0
177.58 178.254 69.0 放 0
178.254 178.928 72.0 - 0
178.928 179.097 67.0 手 0
179.097 179.265 67.0 - 0
179.265 179.434 65.0 - 0
179.434 180.277 67.0 唔 0
180.277 180.361 69.0 - 1
180.944 181.281 60.0 但 0
181.281 181.618 60.0 你 0
181.618 181.955 60.0 说 0
181.955 183.64 69.0 嗨 1
184.148 184.485 65.0 i 0
184.485 184.822 67.0 only 0
184.822 185.159 67.0 - 0
185.159 185.496 67.0 want 0
185.496 185.833 65.0 to 0
185.833 186.507 67.0 be 0
186.507 186.844 69.0 your 0
186.844 187.518 65.0 friend 0
187.518 188.193 62.0 - 1
189.008 189.345 62.0 做 0
189.345 189.682 65.0 个 0
189.682 190.019 62.0 朋 0
190.019 190.356 60.0 - 0
190.356 190.862 60.0 友 0
190.862 191.03 57.0 唔 0
191.03 191.367 62.0 - 0
191.367 191.704 62.0 喔 0
191.704 192.041 60.0 - 1
192.353 192.691 60.0 我 0
192.691 193.028 69.0 在 0
193.028 193.365 70.0 咿 0
193.365 193.702 69.0 呀 0
193.702 194.039 70.0 咿 0
194.039 194.376 67.0 呀 0
194.376 194.713 65.0 - 0
195.05 195.387 65.0 你 0
195.387 195.724 67.0 心 0
195.724 196.061 67.0 中 1
196.108 196.445 67.0 只 0
196.445 196.783 65.0 是 0
196.783 197.457 72.0 just 0
197.457 197.794 69.0 a 0
197.794 198.805 67.0 friend 0
198.805 199.479 65.0 - 1
199.796 200.133 62.0 不 0
200.133 200.47 65.0 是 0
200.47 201.145 69.0 情 0
201.145 201.566 70.0 - 0
201.566 201.819 69.0 - 0
201.819 202.493 67.0 人 1
203.189 203.526 60.0 我 0
203.526 203.863 62.0 感 0
203.863 204.2 62.0 激 0
204.2 204.537 62.0 你 0
204.537 205.211 62.0 对 0
205.211 205.549 62.0 我 0
205.549 205.886 62.0 这 0
205.886 206.223 61.0 样 0
206.223 206.897 61.0 - 0
206.897 207.234 61.0 的 0
207.234 207.908 62.0 坦 0
207.908 208.245 64.0 白 1
208.589 208.926 57.0 但 0
208.926 209.263 65.0 我 0
209.263 209.601 64.0 给 0
209.601 209.938 65.0 你 0
209.938 210.275 64.0 的 0
210.275 210.612 64.0 - 0
210.612 210.949 62.0 爱 0
210.949 211.286 64.0 暂 0
211.286 211.96 65.0 时 0
211.96 212.297 67.0 收 0
212.297 212.634 64.0 不 0
212.634 212.971 60.0 回 0
212.971 213.224 60.0 来 0
213.224 213.477 55.0 - 0
213.477 213.645 53.0 - 1
213.81 214.147 60.0 so 0
214.147 214.989 69.0 i 0
214.989 216.169 65.0 - 1
216.883 217.22 67.0 不 0
217.22 217.557 67.0 能 0
217.557 217.894 67.0 只 0
217.894 218.232 65.0 是 0
218.232 220.591 67.0 be 0
220.591 221.602 72.0 - 0
221.602 221.939 57.0 your 0
221.939 222.276 55.0 friend 0
222.276 222.614 53.0 - 1
