27.602 28.033 49.0 我 0
28.036 28.468 46.0 知 0
28.471 29.554 54.0 道 0
29.721 29.826 54.0 你 0
29.939 30.207 54.0 装 0
30.21 30.533 53.0 成 0
30.645 30.968 53.0 听 0
31.08 31.402 53.0 不 0
31.515 32.815 54.0 到 1
34.25 34.464 47.0 我 0
34.468 34.573 49.0 也 0
34.685 35.008 49.0 能 0
35.12 35.442 46.0 知 0
35.446 36.421 54.0 道 0
36.859 36.964 54.0 我 0
37.076 37.181 54.0 的 0
37.294 37.616 56.0 你 0
37.729 37.942 56.0 都 0
38.163 38.377 56.0 不 0
38.381 38.703 58.0 - 0
38.707 40.225 58.0 要 1
41.65 42.081 54.0 我 0
42.085 42.299 56.0 知 0
42.302 42.734 58.0 道 0
42.955 43.277 58.0 我 0
43.389 43.821 58.0 都 0
43.824 44.038 59.0 知 0
44.042 45.016 56.0 道 0
45.563 45.777 49.0 这 0
45.835 46.321 61.0 是 0
46.324 46.538 59.0 分 0
46.759 47.19 59.0 手 0
47.194 47.299 58.0 预 0
47.411 48.495 58.0 兆 1
49.285 49.39 49.0 却 0
49.503 49.934 58.0 还 0
49.937 50.151 56.0 要 0
50.372 50.695 56.0 讨 0
50.807 51.13 54.0 你 0
51.242 51.673 54.0 不 0
51.677 51.999 51.0 停 0
52.111 52.76 54.0 的 0
52.764 54.39 56.0 笑 1
55.452 55.883 49.0 我 0
55.886 56.1 46.0 知 0
56.104 57.187 54.0 道 0
57.626 57.839 53.0 就 0
57.843 58.057 54.0 快 0
58.06 58.383 53.0 没 0
58.495 58.818 53.0 完 0
58.93 59.252 53.0 没 0
59.365 60.665 54.0 了 1
62.127 62.341 47.0 你 0
62.345 62.559 49.0 对 0
62.562 62.993 49.0 我 0
62.997 63.211 46.0 的 0
63.323 64.406 54.0 好 0
64.953 65.059 54.0 都 0
65.171 65.276 54.0 来 0
65.28 65.493 56.0 不 0
65.606 65.819 56.0 及 0
66.04 66.254 56.0 回 0
66.258 66.58 58.0 - 0
66.584 68.102 58.0 报 1
69.511 69.942 54.0 你 0
69.945 70.159 56.0 知 0
70.163 70.703 58.0 道 0
70.815 71.029 58.0 我 0
71.25 71.572 58.0 不 0
71.685 71.898 59.0 知 0
72.011 72.985 56.0 道 0
73.641 73.855 49.0 该 0
73.859 74.181 61.0 用 0
74.293 74.507 59.0 什 0
74.728 75.051 59.0 么 0
75.163 75.268 58.0 计 0
75.38 76.464 58.0 较 1
77.112 77.217 49.0 去 0
77.33 77.761 58.0 换 0
77.765 77.978 56.0 每 0
77.982 78.413 56.0 一 0
78.634 78.957 54.0 个 0
79.069 79.5 54.0 天 0
79.504 79.717 51.0 黑 0
79.721 79.826 51.0 的 0
79.938 80.37 63.0 拥 0
80.373 82.0 61.0 抱 1
84.003 84.217 61.0 我 0
84.22 84.543 66.0 明 0
84.655 84.869 66.0 知 0
85.09 85.412 66.0 道 0
85.525 85.847 66.0 你 0
85.959 86.282 65.0 走 0
86.394 86.608 66.0 得 0
86.829 87.26 68.0 太 0
87.264 89.978 66.0 早 1
90.775 90.88 61.0 还 0
90.992 91.097 61.0 要 0
91.21 91.532 63.0 为 0
91.645 91.967 63.0 你 0
92.079 92.402 63.0 帮 0
92.514 92.837 63.0 他 0
92.949 93.271 61.0 买 0
93.384 93.815 63.0 对 0
93.819 94.25 58.0 车 0
94.471 96.532 58.0 票 1
97.988 98.202 61.0 有 0
98.205 98.528 66.0 谁 0
98.64 98.963 66.0 知 0
99.075 99.397 66.0 道 0
99.51 99.615 66.0 我 0
99.727 99.832 66.0 的 0
99.944 100.376 70.0 神 0
100.379 100.702 68.0 魂 0
100.814 101.245 70.0 颠 0
101.249 103.419 66.0 倒 1
104.709 104.814 61.0 至 0
104.926 105.032 61.0 少 0
105.144 105.466 63.0 值 0
105.579 105.792 63.0 得 0
106.013 106.336 63.0 你 0
106.448 106.771 63.0 背 0
106.883 107.314 61.0 着 0
107.318 107.749 66.0 我 0
107.753 108.075 65.0 偷 0
108.187 110.792 66.0 笑 1
121.612 122.26 49.0 我 0
122.264 122.478 46.0 知 0
122.481 123.456 54.0 道 0
123.785 123.999 53.0 就 0
124.003 124.217 54.0 快 0
124.22 124.543 53.0 没 0
124.655 124.978 53.0 完 0
125.09 125.304 53.0 没 0
125.307 125.63 54.0 - 0
125.742 127.043 54.0 了 1
128.135 128.349 47.0 你 0
128.353 128.566 49.0 对 0
128.57 129.001 49.0 我 0
129.005 129.219 46.0 的 0
129.331 130.414 54.0 好 0
130.961 131.066 54.0 都 0
131.179 131.501 56.0 来 0
131.614 131.827 56.0 不 0
131.831 132.045 56.0 及 0
132.048 132.48 56.0 回 0
132.483 134.11 58.0 报 1
135.58 136.011 54.0 你 0
136.014 136.228 56.0 知 0
136.232 136.772 58.0 道 0
136.884 137.098 58.0 我 0
137.319 137.641 58.0 不 0
137.754 137.967 59.0 知 0
137.971 139.054 56.0 道 0
139.71 139.924 49.0 该 0
139.927 140.25 61.0 用 0
140.362 140.576 59.0 什 0
140.58 141.119 59.0 么 0
141.232 141.337 58.0 计 0
141.449 142.533 58.0 较 1
143.038 143.143 49.0 去 0
143.256 143.687 58.0 换 0
143.69 143.904 56.0 每 0
143.908 144.122 56.0 一 0
144.125 144.448 54.0 - 0
144.56 144.883 54.0 个 0
144.995 145.426 54.0 天 0
145.43 145.643 51.0 黑 0
145.647 145.752 51.0 的 0
145.864 146.296 63.0 拥 0
146.299 147.926 61.0 抱 1
150.03 150.244 61.0 我 0
150.247 150.57 66.0 明 0
150.682 150.896 66.0 知 0
151.117 151.439 66.0 道 0
151.552 151.874 66.0 你 0
151.986 152.309 65.0 走 0
152.421 152.635 66.0 得 0
152.856 153.287 68.0 太 0
153.291 156.004 66.0 早 1
156.847 156.952 61.0 还 0
157.064 157.169 61.0 要 0
157.282 157.604 63.0 为 0
157.717 158.039 63.0 你 0
158.151 158.474 63.0 帮 0
158.586 158.909 63.0 他 0
159.021 159.343 61.0 买 0
159.456 159.887 63.0 对 0
159.89 160.322 61.0 车 0
160.543 162.604 58.0 票 1
163.911 164.125 61.0 有 0
164.128 164.451 66.0 谁 0
164.563 164.886 66.0 知 0
164.998 165.32 66.0 道 0
165.433 165.538 66.0 我 0
165.65 165.755 66.0 的 0
165.867 166.299 70.0 神 0
166.302 166.625 68.0 魂 0
166.737 167.168 70.0 颠 0
167.172 169.342 66.0 倒 1
170.634 170.739 61.0 至 0
170.851 170.956 61.0 少 0
171.069 171.391 63.0 值 0
171.504 171.717 63.0 得 0
171.938 172.261 63.0 你 0
172.373 172.696 63.0 背 0
172.808 173.239 61.0 着 0
173.243 173.674 66.0 我 0
173.677 174.0 65.0 偷 0
174.112 176.717 66.0 笑 1
177.879 178.093 61.0 我 0
178.096 178.419 66.0 明 0
178.531 178.745 66.0 知 0
178.966 179.288 66.0 道 0
179.401 179.723 66.0 你 0
179.835 180.158 65.0 走 0
180.27 180.484 66.0 得 0
180.705 181.136 68.0 太 0
181.14 182.875 66.0 早 1
184.698 184.803 61.0 还 0
184.915 185.021 61.0 要 0
185.133 185.455 63.0 提 0
185.568 185.89 63.0 前 0
186.002 186.325 63.0 祝 0
186.437 186.651 63.0 你 0
186.655 186.76 63.0 们 0
186.872 187.194 61.0 白 0
187.307 187.738 61.0 头 0
187.742 188.173 58.0 偕 0
188.394 190.455 58.0 老 1
191.883 192.097 61.0 谁 0
192.1 192.423 66.0 都 0
192.535 192.858 66.0 知 0
192.97 193.292 66.0 道 0
193.405 193.51 66.0 会 0
193.622 193.727 66.0 有 0
193.839 194.271 70.0 这 0
194.274 194.597 68.0 么 0
194.709 195.14 70.0 一 0
195.144 197.314 66.0 朝 1
198.605 198.71 61.0 不 0
198.822 198.928 61.0 管 0
199.04 199.362 63.0 多 0
199.475 199.688 63.0 糟 0
199.909 200.232 63.0 我 0
200.344 200.667 63.0 都 0
200.779 201.21 61.0 还 0
201.214 201.645 66.0 是 0
201.649 201.971 65.0 想 0
202.083 204.688 66.0 要 1
205.519 205.624 61.0 不 0
205.736 205.841 61.0 管 0
205.953 206.276 63.0 多 0
206.388 206.602 63.0 糟 0
206.823 207.145 63.0 我 0
207.258 207.472 63.0 都 0
207.693 208.124 61.0 还 0
208.127 208.45 56.0 是 0
208.562 209.319 58.0 想 0
209.323 211.602 54.0 要 1
