12.978 13.219 58.0 有 0
13.219 13.461 60.0 些 0
13.461 13.702 62.0 人 0
13.702 13.944 62.0 用 0
13.944 14.186 62.0 一 0
14.186 14.669 62.0 辈 0
14.669 15.152 58.0 子 0
15.152 15.635 62.0 去 0
15.635 16.601 63.0 学 0
16.601 17.084 60.0 习 1
17.62 17.862 63.0 化 0
17.862 18.103 60.0 解 0
18.103 18.586 63.0 沟 0
18.586 19.069 60.0 通 0
19.069 19.553 63.0 的 0
19.553 20.519 63.0 难 0
20.519 21.485 60.0 题 1
21.59 21.831 63.0 为 0
21.831 22.073 60.0 你 0
22.073 22.556 63.0 我 0
22.556 23.039 60.0 也 0
23.039 23.522 58.0 可 0
23.522 23.885 58.0 以 0
23.885 24.488 55.0 - 1
28.817 29.056 62.0 我 0
29.056 29.294 62.0 的 0
29.294 29.533 62.0 快 0
29.533 29.772 62.0 乐 0
29.772 30.249 62.0 与 0
30.249 30.726 58.0 恐 0
30.726 31.204 62.0 惧 0
31.204 32.158 63.0 猜 0
32.158 32.636 60.0 疑 1
32.873 33.112 60.0 很 0
33.112 33.351 63.0 想 0
33.351 33.589 60.0 都 0
33.589 34.066 63.0 翻 0
34.066 34.544 60.0 译 0
34.544 35.021 63.0 成 0
35.021 35.976 63.0 言 0
35.976 36.93 60.0 语 1
36.94 37.179 63.0 带 0
37.179 37.418 60.0 你 0
37.418 37.895 63.0 进 0
37.895 38.372 60.0 我 0
38.372 38.85 58.0 心 0
38.85 39.208 58.0 底 0
39.208 39.804 55.0 - 1
43.763 44.001 58.0 我 0
44.001 44.24 60.0 们 0
44.24 44.479 62.0 就 0
44.479 44.717 62.0 像 0
44.717 44.956 62.0 隔 0
44.956 45.433 62.0 着 0
45.433 45.911 58.0 一 0
45.911 46.388 62.0 层 0
46.388 47.343 63.0 玻 0
47.343 47.82 60.0 璃 1
48.175 48.413 60.0 看 0
48.413 48.652 63.0 得 0
48.652 48.891 60.0 见 0
48.891 49.368 63.0 却 0
49.368 49.845 60.0 触 0
49.845 50.323 65.0 不 0
50.323 51.277 63.0 及 1
51.931 52.17 60.0 虽 0
52.17 52.409 63.0 然 0
52.409 52.647 60.0 我 0
52.647 52.886 63.0 离 0
52.886 53.125 60.0 你 0
53.125 53.602 60.0 几 0
53.602 54.079 58.0 毫 0
54.079 54.397 58.0 米 0
54.397 55.034 55.0 - 1
59.142 59.381 58.0 你 0
59.381 59.619 60.0 不 0
59.619 59.858 62.0 会 0
59.858 60.097 62.0 知 0
60.097 60.335 62.0 道 0
60.335 60.813 62.0 我 0
60.813 61.29 58.0 有 0
61.29 61.767 62.0 多 0
61.767 62.722 63.0 着 0
62.722 63.199 60.0 急 1
63.351 63.59 60.0 无 0
63.59 63.828 63.0 心 0
63.828 64.067 60.0 的 0
64.067 64.544 63.0 坐 0
64.544 65.022 60.0 视 0
65.022 65.499 63.0 不 0
65.499 66.692 63.0 理 1
67.167 67.405 60.0 我 0
67.405 67.644 63.0 尴 0
67.644 67.883 60.0 尬 0
67.883 68.36 63.0 的 0
68.36 68.837 60.0 沉 0
68.837 69.315 58.0 默 0
69.315 69.673 58.0 里 0
69.673 70.269 55.0 - 1
70.724 71.678 67.0 泪 0
71.678 72.633 62.0 水 0
72.633 72.872 62.0 在 0
72.872 73.349 63.0 - 0
73.349 75.02 63.0 滴 1
75.216 75.455 58.0 我 0
75.455 75.932 68.0 无 0
75.932 76.171 67.0 法 0
76.171 76.41 65.0 传 0
76.41 76.887 63.0 达 0
76.887 77.126 63.0 我 0
77.126 77.834 63.0 自 0
77.834 79.24 58.0 己 1
79.811 80.279 67.0 从 0
80.279 80.748 62.0 何 0
80.748 81.217 63.0 说 0
81.217 81.686 58.0 起 0
81.686 82.623 56.0 - 1
82.773 83.008 58.0 要 0
83.008 83.477 68.0 如 0
83.477 83.711 67.0 何 0
83.711 83.945 65.0 翻 0
83.945 84.414 65.0 译 0
84.414 84.648 63.0 我 0
84.648 85.352 63.0 爱 0
85.352 86.758 58.0 你 1
87.267 87.735 67.0 寂 0
87.735 88.204 62.0 寞 0
88.204 88.673 63.0 不 0
88.673 89.142 58.0 已 0
89.142 90.079 56.0 - 1
90.361 90.596 58.0 我 0
90.596 91.065 68.0 也 0
91.065 91.299 67.0 想 0
91.299 91.533 65.0 能 0
91.533 92.002 68.0 与 0
92.002 92.236 67.0 你 0
92.236 92.471 65.0 搭 0
92.471 92.94 65.0 起 0
92.94 93.174 67.0 - 0
93.174 93.408 62.0 桥 0
93.408 93.877 63.0 - 0
93.877 94.815 62.0 梁 1
94.816 95.284 67.0 建 0
95.284 95.753 62.0 立 0
95.753 96.222 63.0 默 0
96.222 97.654 63.0 契 1
98.351 98.59 58.0 却 0
98.59 99.067 67.0 词 0
99.067 99.545 62.0 不 0
99.545 100.022 63.0 达 0
100.022 103.076 63.0 意 1
108.604 108.841 58.0 在 0
108.841 109.077 60.0 你 0
109.077 109.314 62.0 的 0
109.314 109.551 62.0 盲 0
109.551 109.787 62.0 点 0
109.787 110.26 62.0 里 0
110.26 110.734 58.0 寸 0
110.734 111.207 62.0 步 0
111.207 112.153 63.0 不 0
112.153 112.626 60.0 移 1
113.052 113.289 63.0 不 0
113.289 113.526 60.0 论 0
113.526 113.999 63.0 天 0
113.999 114.472 60.0 晴 0
114.472 114.945 63.0 或 0
114.945 115.892 63.0 下 0
115.892 116.365 60.0 雨 1
116.661 116.898 60.0 陪 0
116.898 117.135 63.0 着 0
117.135 117.371 60.0 你 0
117.371 117.844 63.0 悲 0
117.844 118.318 60.0 伤 0
118.318 118.791 58.0 欢 0
118.791 119.737 55.0 喜 0
119.737 121.157 55.0 - 1
123.823 124.06 58.0 你 0
124.06 124.296 60.0 难 0
124.296 124.533 62.0 道 0
124.533 124.77 62.0 从 0
124.77 125.006 62.0 来 0
125.006 125.479 62.0 不 0
125.479 125.952 58.0 觉 0
125.952 126.426 62.0 得 0
126.426 127.372 63.0 好 0
127.372 127.845 60.0 奇 1
128.23 128.467 63.0 你 0
128.467 128.704 60.0 身 0
128.704 129.177 63.0 旁 0
129.177 129.65 60.0 冷 0
129.65 130.123 67.0 清 0
130.123 131.07 67.0 拥 0
131.07 131.543 63.0 挤 1
132.046 132.283 63.0 我 0
132.283 132.519 63.0 一 0
132.519 132.992 68.0 直 0
132.992 133.465 67.0 在 0
133.465 134.057 63.0 这 0
134.057 135.003 63.0 里 1
135.341 136.288 67.0 不 0
136.288 137.234 62.0 说 0
137.234 137.471 62.0 一 0
137.471 137.944 63.0 - 0
137.944 139.6 63.0 句 1
139.724 139.961 58.0 我 0
139.961 140.434 68.0 无 0
140.434 140.671 67.0 法 0
140.671 140.907 65.0 传 0
140.907 141.381 65.0 达 0
141.381 141.617 63.0 我 0
141.617 142.323 63.0 自 0
142.323 143.729 58.0 己 1
144.354 144.822 67.0 从 0
144.822 145.291 62.0 何 0
145.291 145.76 63.0 说 0
145.76 146.15 63.0 起 0
146.15 147.01 60.0 - 1
147.424 147.659 58.0 要 0
147.659 148.128 68.0 如 0
148.128 148.362 67.0 何 0
148.362 148.596 65.0 翻 0
148.596 149.065 65.0 译 0
149.065 149.299 63.0 我 0
149.299 150.003 63.0 爱 0
150.003 151.409 58.0 你 1
151.814 152.282 67.0 寂 0
152.282 152.751 62.0 寞 0
152.751 153.22 63.0 不 0
153.22 153.689 58.0 已 0
153.689 154.626 56.0 - 1
154.904 155.139 58.0 我 0
155.139 155.608 68.0 也 0
155.608 155.842 67.0 想 0
155.842 156.076 65.0 能 0
156.076 156.545 68.0 与 0
156.545 156.779 67.0 你 0
156.779 157.014 65.0 搭 0
157.014 157.483 65.0 起 0
157.483 157.717 67.0 - 0
157.717 157.951 62.0 桥 0
157.951 158.42 63.0 - 0
158.42 159.358 62.0 梁 1
159.361 159.829 67.0 建 0
159.829 160.298 62.0 立 0
160.298 160.767 63.0 默 0
160.767 162.173 63.0 契 1
162.785 163.02 58.0 却 0
163.02 163.488 67.0 词 0
163.488 164.113 62.0 不 0
164.113 164.664 63.0 达 0
164.664 167.278 63.0 意 1
195.788 196.733 62.0 我 0
196.733 197.205 70.0 无 0
197.205 197.441 69.0 法 0
197.441 197.677 67.0 传 0
197.677 198.15 67.0 达 0
198.15 198.386 65.0 我 0
198.386 199.095 65.0 自 0
199.095 200.512 60.0 己 1
200.96 201.433 69.0 从 0
201.433 201.905 64.0 何 0
201.905 202.378 65.0 说 0
202.378 202.772 65.0 起 0
202.772 203.638 62.0 - 1
204.118 204.355 60.0 却 0
204.355 204.827 70.0 无 0
204.827 205.063 69.0 法 0
205.063 205.299 67.0 翻 0
205.299 205.772 67.0 译 0
205.772 206.008 65.0 我 0
206.008 206.717 65.0 爱 0
206.717 208.134 60.0 你 1
208.558 209.03 69.0 遗 0
209.03 209.502 64.0 憾 0
209.502 209.975 65.0 不 0
209.975 211.156 62.0 已 1
211.57 211.807 60.0 我 0
211.807 212.122 70.0 也 0
212.122 212.437 69.0 想 0
212.437 212.752 67.0 能 0
212.752 213.066 70.0 与 0
213.066 213.381 69.0 你 0
213.381 213.696 67.0 搭 0
213.696 214.18 67.0 起 0
214.18 214.422 69.0 - 0
214.422 214.664 64.0 桥 0
214.664 215.148 65.0 - 0
215.148 216.116 64.0 梁 1
216.237 216.721 69.0 建 0
216.721 217.204 64.0 立 0
217.204 217.688 65.0 默 0
217.688 219.133 65.0 契 1
219.134 219.615 62.0 我 0
219.615 220.338 70.0 必 0
220.338 220.699 69.0 须 0
220.699 221.06 62.0 - 0
221.06 221.541 62.0 得 0
221.541 222.006 70.0 先 0
222.006 222.239 69.0 看 0
222.239 222.471 67.0 明 0
222.471 222.936 67.0 白 0
222.936 223.169 65.0 我 0
223.169 223.401 67.0 自 0
223.401 223.866 69.0 - 0
223.866 225.727 65.0 己 1
228.245 228.943 70.0 翻 0
228.943 229.292 70.0 译 0
229.292 229.64 69.0 成 0
229.64 229.873 67.0 一 0
229.873 230.338 67.0 句 0
230.338 230.571 65.0 我 0
230.571 230.803 67.0 爱 0
230.803 231.036 69.0 - 0
231.036 231.268 65.0 - 0
231.268 233.361 65.0 你 1
235.709 236.407 70.0 我 0
236.407 236.755 70.0 也 0
236.755 237.104 69.0 想 0
237.104 237.337 67.0 能 0
237.337 237.686 70.0 与 0
237.686 238.035 69.0 你 0
238.035 238.267 67.0 搭 0
238.267 238.732 67.0 起 0
238.732 238.965 69.0 - 0
238.965 239.197 64.0 桥 0
239.197 239.43 65.0 - 0
239.43 239.662 64.0 - 0
239.662 240.36 64.0 梁 1
240.522 240.987 69.0 建 0
240.987 241.452 64.0 立 0
241.452 241.917 65.0 默 0
241.917 243.312 65.0 契 1
244.023 244.256 57.0 却 0
244.256 244.488 67.0 词 0
244.488 244.837 69.0 - 0
244.837 245.418 64.0 不 0
245.418 246.0 65.0 达 0
246.0 248.442 65.0 意 1
248.83 249.527 69.0 词 0
249.527 250.341 64.0 不 0
250.341 251.155 65.0 达 0
251.155 253.946 65.0 意 1
