16.669 16.919 47.0 锁 0
16.919 17.169 55.0 了 0
17.169 17.669 54.0 门 0
17.669 17.919 50.0 关 0
17.919 18.169 55.0 了 0
18.169 18.669 54.0 窗 0
18.669 18.919 50.0 息 0
18.919 19.169 55.0 了 0
19.169 19.669 54.0 灯 1
19.733 19.983 50.0 闭 0
19.983 20.233 55.0 了 0
20.233 20.733 54.0 眼 0
20.733 20.983 50.0 什 0
20.983 21.233 55.0 么 0
21.233 21.983 54.0 正 0
21.983 22.233 50.0 走 0
22.233 24.483 52.0 掉 1
24.609 24.859 47.0 看 0
24.859 25.109 55.0 不 0
25.109 25.609 54.0 见 0
25.609 25.859 50.0 听 0
25.859 26.109 55.0 不 0
26.109 26.609 54.0 着 0
26.609 26.859 50.0 想 0
26.859 27.109 55.0 不 0
27.109 27.609 54.0 成 1
27.775 28.025 50.0 摸 0
28.025 28.275 55.0 不 0
28.275 28.775 54.0 到 0
28.775 29.025 47.0 两 0
29.025 29.275 55.0 个 0
29.275 29.775 54.0 人 0
29.775 30.025 55.0 的 0
30.025 30.275 57.0 依 0
30.275 32.525 59.0 靠 1
32.528 32.778 59.0 一 0
32.778 33.028 57.0 个 0
33.028 33.278 52.0 人 0
33.278 33.778 59.0 一 0
33.778 34.278 57.0 只 0
34.278 34.528 52.0 狗 0
34.528 34.778 59.0 一 0
34.778 35.028 57.0 杯 0
35.028 35.278 52.0 酒 1
35.279 35.779 59.0 一 0
35.779 36.529 57.0 夜 0
36.529 37.029 57.0 一 0
37.029 37.529 55.0 下 0
37.529 38.029 55.0 子 0
38.029 38.529 54.0 变 0
38.529 40.529 52.0 老 1
40.532 40.782 54.0 爱 0
40.782 41.032 54.0 怎 0
41.032 41.282 54.0 么 0
41.282 42.532 50.0 能 0
43.532 44.032 50.0 消 0
44.032 44.532 47.0 失 0
44.532 46.532 52.0 掉 1
48.624 48.874 47.0 床 0
48.874 49.124 55.0 底 0
49.124 49.624 54.0 下 0
49.624 49.874 50.0 书 0
49.874 50.124 55.0 桌 0
50.124 50.624 54.0 上 0
50.624 50.874 50.0 抽 0
50.874 51.124 55.0 屉 0
51.124 51.624 54.0 里 1
51.775 52.025 50.0 记 0
52.025 52.275 55.0 忆 0
52.275 52.775 54.0 底 0
52.775 53.025 50.0 拼 0
53.025 53.275 55.0 了 0
53.275 54.025 54.0 命 0
54.025 54.275 50.0 的 0
54.275 55.525 52.0 找 1
56.592 56.842 47.0 一 0
56.842 57.092 55.0 点 0
57.092 57.592 54.0 点 0
57.592 57.842 50.0 一 0
57.842 58.092 55.0 小 0
58.092 58.592 54.0 时 0
58.592 58.842 50.0 一 0
58.842 59.092 55.0 公 0
59.092 59.592 54.0 里 1
59.763 60.013 50.0 一 0
60.013 60.263 55.0 世 0
60.263 60.763 54.0 人 0
60.763 61.013 50.0 相 0
61.013 61.263 55.0 爱 0
61.263 61.763 54.0 过 0
61.763 62.013 55.0 的 0
62.013 62.263 57.0 一 0
62.263 63.513 59.0 秒 1
64.485 64.735 59.0 公 0
64.735 64.985 57.0 路 0
64.985 65.235 52.0 上 0
65.235 65.735 59.0 城 0
65.735 66.235 57.0 市 0
66.235 66.485 52.0 中 0
66.485 66.735 59.0 人 0
66.735 66.985 57.0 行 0
66.985 67.235 52.0 道 1
67.235 67.735 59.0 向 0
67.735 68.485 57.0 前 0
68.485 68.985 57.0 不 0
68.985 69.485 55.0 断 0
69.485 69.985 55.0 的 0
69.985 70.235 54.0 奔 0
70.235 70.735 52.0 - 0
70.735 72.485 52.0 跑 1
72.503 72.753 54.0 痛 0
72.753 73.003 54.0 追 0
73.003 73.253 54.0 来 0
73.253 74.503 50.0 了 0
75.503 76.003 50.0 甩 0
76.003 76.503 47.0 不 0
76.503 77.503 52.0 掉 0
77.503 78.503 52.0 - 0
78.503 79.503 52.0 - 1
79.524 80.024 52.0 我 0
80.024 80.524 55.0 听 0
80.524 81.524 57.0 见 0
81.524 81.774 57.0 海 0
81.774 82.024 59.0 浪 0
82.024 82.274 57.0 的 0
82.274 82.524 55.0 声 0
82.524 83.524 57.0 音 1
83.53 84.03 55.0 站 0
84.03 84.53 57.0 在 0
84.53 85.03 59.0 城 0
85.03 85.28 59.0 市 0
85.28 85.53 57.0 的 0
85.53 86.03 55.0 最 0
86.03 86.53 57.0 中 0
86.53 87.53 59.0 央 1
87.531 88.031 52.0 我 0
88.031 88.531 55.0 想 0
88.531 89.531 57.0 起 0
89.531 89.781 57.0 眼 0
89.781 90.031 59.0 泪 0
90.031 90.281 57.0 的 0
90.281 90.531 55.0 决 0
90.531 91.531 57.0 心 1
91.531 92.031 55.0 你 0
92.031 92.531 57.0 说 0
92.531 93.031 59.0 愿 0
93.031 93.281 59.0 意 0
93.281 93.531 62.0 的 0
93.531 94.031 59.0 那 0
94.031 94.531 57.0 天 0
94.531 95.531 59.0 起 1
95.532 96.032 59.0 后 0
96.032 96.532 62.0 来 0
96.532 97.032 64.0 怎 0
97.032 97.532 67.0 么 0
97.532 98.032 67.0 消 0
98.032 98.532 64.0 失 0
98.532 99.532 62.0 去 1
99.532 100.032 59.0 再 0
100.032 100.532 62.0 也 0
100.532 101.032 64.0 没 0
101.032 101.282 64.0 有 0
101.282 101.532 67.0 任 0
101.532 102.032 64.0 何 0
102.032 102.532 62.0 音 0
102.532 103.532 64.0 讯 1
103.532 104.032 59.0 我 0
104.032 104.532 62.0 是 0
104.532 105.032 64.0 怎 0
105.032 105.282 64.0 么 0
105.282 105.532 67.0 能 0
105.532 106.032 67.0 让 0
106.032 106.532 64.0 你 0
106.532 107.032 62.0 死 0
107.032 107.532 64.0 心 0
107.532 108.032 59.0 离 0
108.032 109.032 55.0 - 0
109.032 112.532 55.0 去 1
128.61 128.86 47.0 锁 0
128.86 129.11 55.0 了 0
129.11 129.61 54.0 门 0
129.61 129.86 50.0 关 0
129.86 130.11 55.0 了 0
130.11 130.61 54.0 窗 0
130.61 130.86 50.0 息 0
130.86 131.11 55.0 了 0
131.11 131.61 54.0 灯 1
131.644 131.894 50.0 闭 0
131.894 132.144 55.0 了 0
132.144 132.644 54.0 眼 0
132.644 132.894 50.0 什 0
132.894 133.144 55.0 么 0
133.144 133.894 54.0 正 0
133.894 134.144 50.0 走 0
134.144 136.394 52.0 掉 1
136.615 136.865 47.0 看 0
136.865 137.115 55.0 不 0
137.115 137.615 54.0 见 0
137.615 137.865 50.0 听 0
137.865 138.115 55.0 不 0
138.115 138.615 54.0 着 0
138.615 138.865 50.0 想 0
138.865 139.115 55.0 不 0
139.115 139.615 54.0 成 1
139.623 139.873 50.0 摸 0
139.873 140.123 55.0 不 0
140.123 140.623 54.0 到 0
140.623 140.873 50.0 两 0
140.873 141.123 55.0 个 0
141.123 141.623 54.0 人 0
141.623 141.873 55.0 的 0
141.873 142.123 57.0 依 0
142.123 144.373 59.0 靠 1
144.419 144.669 59.0 一 0
144.669 144.919 57.0 个 0
144.919 145.169 52.0 人 0
145.169 145.669 59.0 一 0
145.669 146.169 57.0 只 0
146.169 146.419 52.0 狗 0
146.419 146.669 59.0 一 0
146.669 146.919 57.0 杯 0
146.919 147.169 52.0 酒 1
147.174 147.674 59.0 一 0
147.674 148.424 57.0 夜 0
148.424 148.924 57.0 一 0
148.924 149.424 55.0 下 0
149.424 149.924 55.0 子 0
149.924 150.174 54.0 变 0
150.174 150.674 52.0 - 0
150.674 152.424 52.0 老 1
152.484 152.734 54.0 爱 0
152.734 152.984 54.0 怎 0
152.984 153.234 54.0 么 0
153.234 154.484 50.0 能 0
155.484 155.984 50.0 消 0
155.984 156.484 47.0 失 0
156.484 158.484 52.0 掉 1
160.712 160.962 47.0 床 0
160.962 161.212 55.0 底 0
161.212 161.712 54.0 下 0
161.712 161.962 50.0 书 0
161.962 162.212 55.0 桌 0
162.212 162.712 54.0 上 0
162.712 162.962 50.0 抽 0
162.962 163.212 55.0 屉 0
163.212 163.712 54.0 里 1
163.734 163.984 50.0 记 0
163.984 164.234 55.0 忆 0
164.234 164.734 54.0 底 0
164.734 164.984 50.0 拼 0
164.984 165.234 55.0 了 0
165.234 165.984 54.0 命 0
165.984 166.234 50.0 的 0
166.234 167.484 52.0 找 1
168.62 168.87 47.0 一 0
168.87 169.12 55.0 点 0
169.12 169.62 54.0 点 0
169.62 169.87 50.0 一 0
169.87 170.12 55.0 小 0
170.12 170.62 54.0 时 0
170.62 170.87 50.0 一 0
170.87 171.12 55.0 公 0
171.12 171.62 54.0 里 1
171.761 172.011 50.0 一 0
172.011 172.261 55.0 世 0
172.261 172.761 54.0 人 0
172.761 173.011 50.0 相 0
173.011 173.261 55.0 爱 0
173.261 173.761 54.0 过 0
173.761 174.011 55.0 的 0
174.011 174.261 57.0 一 0
174.261 175.511 59.0 秒 1
176.336 176.586 59.0 公 0
176.586 176.836 57.0 路 0
176.836 177.086 52.0 上 0
177.086 177.586 59.0 城 0
177.586 178.086 57.0 市 0
178.086 178.336 52.0 中 0
178.336 178.586 59.0 人 0
178.586 178.836 57.0 行 0
178.836 179.086 52.0 道 1
179.278 179.778 59.0 向 0
179.778 180.278 57.0 前 0
180.278 180.778 62.0 不 0
180.778 181.028 59.0 - 0
181.028 181.528 59.0 断 0
181.528 181.778 57.0 的 0
181.778 182.278 59.0 奔 0
182.278 183.278 55.0 跑 0
183.278 184.028 52.0 - 1
184.409 184.659 54.0 痛 0
184.659 184.909 54.0 追 0
184.909 185.159 54.0 来 0
185.159 186.409 50.0 了 0
187.409 187.909 50.0 甩 0
187.909 188.409 47.0 不 0
188.409 189.409 52.0 掉 0
189.409 191.409 52.0 - 1
191.52 192.02 52.0 我 0
192.02 192.52 55.0 听 0
192.52 193.52 57.0 见 0
193.52 193.77 57.0 海 0
193.77 194.02 59.0 浪 0
194.02 194.27 57.0 的 0
194.27 194.52 55.0 声 0
194.52 195.52 57.0 音 1
195.531 196.031 55.0 站 0
196.031 196.531 57.0 在 0
196.531 197.031 59.0 城 0
197.031 197.281 59.0 市 0
197.281 197.531 57.0 的 0
197.531 198.031 55.0 最 0
198.031 198.531 57.0 中 0
198.531 199.531 59.0 央 1
199.532 200.032 52.0 我 0
200.032 200.532 55.0 想 0
200.532 201.532 57.0 起 0
201.532 201.782 57.0 眼 0
201.782 202.032 59.0 泪 0
202.032 202.282 57.0 的 0
202.282 202.532 55.0 决 0
202.532 203.532 57.0 心 1
203.532 204.032 55.0 你 0
204.032 204.532 57.0 说 0
204.532 205.032 59.0 愿 0
205.032 205.282 59.0 意 0
205.282 205.532 62.0 的 0
205.532 206.032 59.0 那 0
206.032 206.532 57.0 天 0
206.532 207.532 59.0 起 1
207.532 208.032 59.0 后 0
208.032 208.532 62.0 来 0
208.532 209.032 64.0 怎 0
209.032 209.532 67.0 么 0
209.532 210.032 67.0 消 0
210.032 210.532 64.0 失 0
210.532 211.532 62.0 去 1
211.532 212.032 59.0 再 0
212.032 212.532 62.0 也 0
212.532 213.032 64.0 没 0
213.032 213.282 64.0 有 0
213.282 213.532 67.0 任 0
213.532 214.032 64.0 何 0
214.032 214.532 62.0 音 0
214.532 215.532 64.0 讯 1
215.533 216.033 59.0 我 0
216.033 216.533 62.0 是 0
216.533 217.033 64.0 怎 0
217.033 217.283 64.0 么 0
217.283 217.533 67.0 能 0
217.533 218.033 64.0 让 0
218.033 218.533 64.0 你 0
218.533 219.033 62.0 死 0
219.033 219.533 64.0 心 0
219.533 220.033 59.0 离 0
220.033 221.033 55.0 - 0
221.033 223.533 55.0 去 1
223.533 224.033 52.0 我 0
224.033 224.533 55.0 听 0
224.533 225.533 57.0 见 0
225.533 225.783 57.0 海 0
225.783 226.033 59.0 浪 0
226.033 226.283 57.0 的 0
226.283 226.533 55.0 声 0
226.533 227.533 57.0 音 1
227.533 228.033 55.0 站 0
228.033 228.533 57.0 在 0
228.533 229.033 59.0 城 0
229.033 229.283 59.0 市 0
229.283 229.533 57.0 的 0
229.533 230.033 55.0 最 0
230.033 230.533 57.0 中 0
230.533 231.533 59.0 央 1
231.533 232.033 52.0 我 0
232.033 232.533 55.0 想 0
232.533 233.533 57.0 起 0
233.533 233.783 57.0 眼 0
233.783 234.033 59.0 泪 0
234.033 234.283 57.0 的 0
234.283 234.533 55.0 决 0
234.533 235.533 57.0 心 1
235.533 236.033 55.0 你 0
236.033 236.533 57.0 说 0
236.533 237.033 59.0 愿 0
237.033 237.283 59.0 意 0
237.283 237.533 62.0 的 0
237.533 238.033 59.0 那 0
238.033 238.533 57.0 天 0
238.533 239.533 59.0 起 1
239.533 240.033 59.0 后 0
240.033 240.533 62.0 来 0
240.533 241.033 64.0 怎 0
241.033 241.533 67.0 么 0
241.533 242.033 67.0 消 0
242.033 242.533 64.0 失 0
242.533 243.533 62.0 去 1
243.533 244.033 59.0 再 0
244.033 244.533 62.0 也 0
244.533 244.783 64.0 没 0
244.783 245.283 64.0 有 0
245.283 245.533 67.0 任 0
245.533 246.033 64.0 何 0
246.033 246.533 62.0 音 0
246.533 247.533 64.0 讯 1
247.533 248.033 59.0 我 0
248.033 248.533 62.0 是 0
248.533 249.033 64.0 怎 0
249.033 249.283 64.0 么 0
249.283 249.533 67.0 能 0
249.533 250.033 67.0 让 0
250.033 250.533 64.0 你 0
250.533 251.033 62.0 死 0
251.033 251.533 64.0 心 0
251.533 252.033 59.0 离 0
252.033 253.033 55.0 - 0
253.033 255.533 55.0 去 1
255.533 256.033 59.0 卷 0
256.033 256.533 62.0 起 0
256.533 257.033 64.0 海 0
257.033 257.533 64.0 浪 0
257.533 258.033 67.0 的 0
258.033 258.533 64.0 生 0
258.533 259.533 62.0 命 1
259.533 260.033 59.0 刺 0
260.033 260.283 62.0 穿 0
260.283 260.533 59.0 我 0
260.533 261.033 64.0 发 0
261.033 261.533 64.0 烫 0
261.533 262.033 64.0 的 0
262.033 262.533 62.0 身 0
262.533 263.533 64.0 体 1
263.533 264.033 59.0 象 0
264.033 264.533 62.0 一 0
264.533 265.033 64.0 个 0
265.033 265.533 64.0 刺 0
265.533 266.033 67.0 青 0
266.033 266.533 64.0 永 0
266.533 266.783 62.0 远 0
266.783 268.033 64.0 抹 0
268.033 268.533 59.0 不 0
268.533 269.033 55.0 - 0
269.033 270.533 55.0 去 1
