32.727 33.021 57.0 我 0
33.021 33.316 57.0 躲 0
33.316 33.61 59.0 在 0
33.61 33.83 59.0 车 0
33.83 34.124 61.0 - 0
34.124 34.566 61.0 里 0
35.08 35.374 57.0 手 0
35.374 35.668 57.0 握 0
35.668 35.963 59.0 着 0
35.963 36.257 61.0 香 0
36.257 37.139 61.0 槟 1
37.167 37.461 57.0 想 0
37.461 38.049 57.0 要 0
38.049 38.638 57.0 给 0
38.638 39.226 54.0 你 0
39.52 39.814 59.0 生 0
39.814 40.108 59.0 日 0
40.108 40.402 61.0 - 0
40.402 40.696 61.0 的 0
40.696 41.138 61.0 惊 0
41.138 41.873 52.0 喜 1
42.008 42.302 57.0 你 0
42.302 42.596 57.0 越 0
42.596 42.89 57.0 走 0
42.89 43.479 61.0 越 0
43.479 44.067 61.0 近 0
44.361 44.655 57.0 有 0
44.655 44.949 57.0 两 0
44.949 45.243 59.0 个 0
45.243 45.537 61.0 声 0
45.537 45.979 61.0 音 1
46.515 46.809 57.0 我 0
46.809 47.103 56.0 措 0
47.103 47.397 57.0 - 0
47.397 47.691 54.0 手 0
47.691 48.132 61.0 不 0
48.132 48.868 59.0 及 0
48.868 49.162 59.0 只 0
49.162 49.456 59.0 得 0
49.456 49.75 61.0 楞 0
49.75 50.044 59.0 在 0
50.044 50.338 59.0 那 0
50.338 52.397 57.0 里 1
55.56 55.855 59.0 我 0
55.855 56.149 59.0 应 0
56.149 56.443 59.0 该 0
56.443 56.737 59.0 在 0
56.737 57.031 59.0 车 0
57.031 57.325 61.0 - 0
57.325 57.619 59.0 底 0
57.913 58.207 59.0 不 0
58.207 58.502 59.0 应 0
58.502 58.796 59.0 该 0
58.796 59.09 59.0 在 0
59.09 59.384 59.0 车 0
59.384 59.678 61.0 - 0
59.678 59.972 59.0 里 1
60.535 60.83 66.0 看 0
60.83 61.124 64.0 到 0
61.124 61.418 64.0 你 0
61.418 61.712 64.0 们 0
61.712 62.006 61.0 - 0
62.006 62.3 61.0 有 0
62.3 62.594 59.0 多 0
62.594 63.182 59.0 甜 0
63.182 63.477 59.0 蜜 0
63.477 64.065 61.0 - 1
65.088 65.382 57.0 这 0
65.382 65.676 59.0 样 0
65.676 65.971 59.0 一 0
65.971 66.412 59.0 来 0
66.412 66.853 61.0 我 0
66.853 67.147 59.0 也 0
67.441 67.735 59.0 比 0
67.735 68.029 59.0 较 0
68.029 68.323 59.0 容 0
68.323 68.618 59.0 易 0
68.618 69.206 61.0 死 0
69.206 69.794 64.0 心 1
70.127 70.421 64.0 给 0
70.421 70.715 64.0 我 0
70.715 71.157 64.0 离 0
71.157 71.598 64.0 开 0
71.598 71.892 61.0 的 0
71.892 72.48 66.0 勇 0
72.48 74.833 64.0 气 1
76.81 77.398 61.0 他 0
77.398 77.692 59.0 一 0
77.692 77.986 61.0 定 0
77.986 78.133 64.0 很 0
78.133 78.575 67.0 爱 0
78.575 79.016 64.0 你 1
79.208 79.502 64.0 也 0
79.502 79.796 64.0 把 0
79.796 80.09 62.0 我 0
80.09 80.531 61.0 比 0
80.531 80.973 62.0 下 0
80.973 81.267 61.0 去 0
81.267 81.708 61.0 - 1
81.72 82.014 61.0 分 0
82.014 82.308 59.0 手 0
82.308 82.602 59.0 也 0
82.602 82.896 59.0 只 0
82.896 83.19 61.0 - 0
83.19 83.485 59.0 用 0
83.485 84.073 57.0 了 0
84.073 84.661 66.0 一 0
84.661 84.955 64.0 分 0
84.955 85.249 66.0 钟 0
85.249 85.543 64.0 而 0
85.543 86.426 61.0 已 1
86.886 87.474 61.0 他 0
87.474 87.768 59.0 一 0
87.768 88.062 61.0 定 0
88.062 88.209 64.0 很 0
88.209 88.651 67.0 爱 0
88.651 89.092 64.0 你 1
89.115 89.409 64.0 比 0
89.409 89.703 64.0 我 0
89.703 89.997 62.0 会 0
89.997 90.291 61.0 讨 0
90.291 90.585 62.0 好 0
90.585 90.953 61.0 你 0
90.953 91.615 61.0 - 1
91.879 92.173 61.0 不 0
92.173 92.467 59.0 会 0
92.467 92.761 59.0 像 0
92.761 93.055 61.0 我 0
93.055 93.497 61.0 这 0
93.497 94.085 61.0 样 0
94.232 94.526 59.0 孩 0
94.526 94.82 54.0 子 0
94.82 95.997 57.0 气 1
96.405 96.772 59.0 为 0
96.772 97.067 59.0 难 0
97.067 97.581 61.0 - 0
97.581 97.875 61.0 着 0
97.875 100.228 57.0 你 1
112.017 112.311 59.0 我 0
112.311 112.605 59.0 应 0
112.605 112.899 59.0 该 0
112.899 113.193 59.0 在 0
113.193 113.488 59.0 车 0
113.488 113.782 61.0 - 0
113.782 114.076 59.0 底 0
114.37 114.664 59.0 不 0
114.664 114.958 59.0 应 0
114.958 115.252 59.0 该 0
115.252 115.546 59.0 在 0
115.546 115.841 59.0 车 0
115.841 116.135 61.0 - 0
116.135 116.429 59.0 里 1
117.085 117.379 66.0 看 0
117.379 117.673 64.0 到 0
117.673 117.967 64.0 你 0
117.967 118.261 64.0 们 0
118.261 118.556 61.0 - 0
118.556 118.85 61.0 有 0
118.85 119.144 59.0 多 0
119.144 119.732 59.0 甜 0
119.732 120.026 59.0 蜜 0
120.026 120.614 61.0 - 1
121.533 121.827 57.0 这 0
121.827 122.121 59.0 样 0
122.121 122.415 59.0 一 0
122.415 122.856 59.0 来 0
122.856 123.297 61.0 我 0
123.297 123.592 59.0 也 0
123.886 124.18 59.0 比 0
124.18 124.474 59.0 较 0
124.474 124.768 59.0 容 0
124.768 125.062 59.0 易 0
125.062 125.65 61.0 死 0
125.65 126.239 64.0 心 1
126.547 126.841 64.0 给 0
126.841 127.135 64.0 我 0
127.135 127.576 64.0 离 0
127.576 128.017 64.0 开 0
128.017 128.311 61.0 的 0
128.311 128.9 66.0 勇 0
128.9 131.253 64.0 气 1
133.235 133.824 61.0 他 0
133.824 134.118 59.0 一 0
134.118 134.412 61.0 定 0
134.412 134.559 64.0 很 0
134.559 135.0 66.0 爱 0
135.0 135.441 64.0 你 1
135.702 135.997 64.0 也 0
135.997 136.291 64.0 把 0
136.291 136.585 62.0 我 0
136.585 137.026 61.0 比 0
137.026 137.467 62.0 下 0
137.467 137.761 61.0 去 0
137.761 138.202 61.0 - 1
138.265 138.56 61.0 分 0
138.56 138.854 59.0 手 0
138.854 139.148 59.0 也 0
139.148 139.442 59.0 只 0
139.442 139.736 61.0 - 0
139.736 140.03 59.0 用 0
140.03 140.618 57.0 了 0
140.618 141.207 66.0 一 0
141.207 141.501 64.0 分 0
141.501 141.795 66.0 钟 0
141.795 142.089 64.0 而 0
142.089 142.971 61.0 已 1
143.247 143.836 61.0 他 0
143.836 144.13 59.0 一 0
144.13 144.424 61.0 定 0
144.424 144.571 64.0 很 0
144.571 145.012 66.0 爱 0
145.012 145.453 64.0 你 1
145.645 145.94 64.0 比 0
145.94 146.234 64.0 我 0
146.234 146.528 62.0 会 0
146.528 146.822 61.0 讨 0
146.822 147.116 62.0 好 0
147.116 147.484 61.0 你 0
147.484 148.145 61.0 - 1
148.196 148.491 61.0 不 0
148.491 148.785 59.0 会 0
148.785 149.079 59.0 像 0
149.079 149.373 61.0 我 0
149.373 149.814 61.0 这 0
149.814 150.402 61.0 样 0
150.549 150.844 59.0 孩 0
150.844 151.138 54.0 子 0
151.138 152.314 57.0 气 1
152.991 153.359 59.0 为 0
153.359 153.653 59.0 难 0
153.653 154.168 61.0 - 0
154.168 154.462 61.0 着 0
154.462 157.109 57.0 你 1
168.634 169.075 62.0 他 0
169.075 169.369 60.0 一 0
169.369 169.663 62.0 定 0
169.663 169.81 65.0 很 0
169.81 170.251 67.0 爱 0
170.251 170.692 65.0 你 1
170.883 171.177 65.0 也 0
171.177 171.471 65.0 把 0
171.471 171.765 63.0 我 0
171.765 172.206 62.0 比 0
172.206 172.647 63.0 下 0
172.647 172.941 62.0 去 0
172.941 173.382 62.0 - 1
173.472 173.766 62.0 分 0
173.766 174.06 60.0 手 0
174.06 174.354 60.0 也 0
174.354 174.648 60.0 只 0
174.648 174.942 62.0 - 0
174.942 175.236 60.0 用 0
175.236 175.824 58.0 了 0
175.824 176.413 67.0 一 0
176.413 176.707 65.0 分 0
176.707 177.001 67.0 钟 0
177.001 177.295 65.0 而 0
177.295 178.177 62.0 已 1
178.562 179.15 62.0 他 0
179.15 179.444 60.0 一 0
179.444 179.738 62.0 定 0
179.738 179.885 65.0 很 0
179.885 180.326 67.0 爱 0
180.326 180.767 65.0 你 1
180.826 181.121 65.0 比 0
181.121 181.415 65.0 我 0
181.415 181.709 63.0 会 0
181.709 182.003 62.0 讨 0
182.003 182.297 63.0 好 0
182.297 183.326 62.0 你 1
183.569 183.863 62.0 不 0
183.863 184.157 60.0 会 0
184.157 184.451 60.0 像 0
184.451 184.745 62.0 我 0
184.745 185.186 62.0 这 0
185.186 185.774 62.0 样 0
185.921 186.216 60.0 孩 0
186.216 186.51 55.0 子 0
186.51 187.686 58.0 气 1
188.477 188.771 60.0 为 0
188.771 189.065 60.0 难 0
189.065 189.359 62.0 - 0
189.653 190.241 62.0 着 0
190.241 192.888 58.0 你 1
