37.399 37.856 65.0 我 0
37.856 38.084 64.0 爱 0
38.084 38.768 65.0 谁 0
39.224 39.679 64.0 跨 0
39.679 39.906 64.0 不 0
39.906 40.701 67.0 过 1
41.027 41.482 67.0 从 0
41.482 41.936 60.0 来 0
41.936 42.391 60.0 也 0
42.391 42.846 67.0 不 0
42.846 43.3 67.0 觉 0
43.3 43.527 65.0 得 0
43.527 44.323 69.0 错 1
44.732 45.192 65.0 自 0
45.192 45.422 64.0 以 0
45.422 45.882 65.0 为 0
46.573 47.03 64.0 抓 0
47.03 47.258 64.0 着 0
47.258 47.487 64.0 痛 0
47.487 47.944 67.0 - 1
48.399 48.858 60.0 就 0
48.858 49.316 60.0 能 0
49.316 49.775 60.0 往 0
49.775 50.233 70.0 回 0
50.233 50.691 70.0 忆 0
50.691 50.92 69.0 里 0
50.92 51.377 69.0 躲 1
51.619 52.077 65.0 偏 0
52.077 53.0 69.0 执 0
53.0 53.461 69.0 相 0
53.461 53.808 67.0 信 0
53.808 55.208 70.0 著 1
55.299 55.538 64.0 受 0
55.538 55.777 65.0 诅 0
55.777 56.238 67.0 咒 0
56.238 56.7 67.0 的 0
56.7 57.161 65.0 水 0
57.161 57.507 65.0 晶 0
57.507 58.546 69.0 球 1
59.07 59.301 62.0 阻 0
59.301 59.532 64.0 挡 0
59.532 60.224 65.0 可 0
60.224 60.455 62.0 - 0
60.455 61.147 62.0 能 0
61.147 61.378 58.0 - 0
61.378 61.84 58.0 心 0
61.84 62.301 69.0 动 0
62.301 62.763 67.0 的 0
62.763 62.993 62.0 理 0
62.993 63.916 64.0 由 1
66.984 67.439 65.0 而 0
67.445 67.673 64.0 你 0
67.676 68.361 65.0 却 0
68.83 69.287 65.0 靠 0
69.291 69.518 64.0 近 0
69.522 70.321 67.0 了 1
70.612 71.069 67.0 逼 0
71.073 71.528 60.0 我 0
71.535 71.99 60.0 们 0
71.996 72.453 67.0 视 0
72.458 72.915 67.0 线 0
72.919 73.146 65.0 交 0
73.15 73.377 67.0 错 0
73.381 73.612 69.0 - 0
73.612 73.842 67.0 - 1
73.956 74.418 67.0 原 0
74.418 74.879 65.0 地 0
74.879 75.11 64.0 不 0
75.11 75.571 65.0 动 0
76.033 76.264 60.0 或 0
76.264 76.726 67.0 向 0
76.726 76.954 67.0 前 0
76.956 77.649 67.0 走 1
77.972 78.434 67.0 突 0
78.434 78.895 60.0 然 0
78.895 79.357 60.0 在 0
79.357 79.818 70.0 意 0
79.818 80.28 70.0 这 0
80.28 80.511 72.0 分 0
80.511 80.741 67.0 钟 0
80.741 81.203 69.0 - 1
81.296 81.527 69.0 眼 0
81.527 81.758 70.0 前 0
81.758 82.219 72.0 荒 0
82.219 82.681 70.0 沙 0
82.681 83.142 69.0  0
83.142 83.604 70.0 漫 0
83.604 84.065 69.0 了 0
84.065 84.296 67.0 等 0
84.296 84.988 67.0 候 1
85.022 85.253 67.0 耳 0
85.253 85.484 69.0 边 0
85.484 85.945 70.0 传 0
85.945 86.407 69.0 来 0
86.407 86.638 67.0 孱 0
86.638 87.099 67.0 弱 0
87.099 87.33 69.0 的 0
87.33 87.792 67.0 呼 0
87.792 88.715 65.0 救 1
88.729 88.959 62.0 追 0
88.959 89.19 64.0 赶 0
89.19 89.882 65.0 要 0
89.882 90.113 62.0 - 0
90.113 91.036 62.0 我 0
91.036 91.498 65.0 爱 0
91.498 91.959 69.0 的 0
91.959 92.19 67.0 不 0
92.19 92.536 62.0 - 0
92.536 92.998 62.0 保 0
92.998 95.652 69.0 留 1
98.11 98.341 72.0 我 0
98.341 98.802 72.0 身 0
98.802 99.264 69.0 骑 0
99.264 99.726 69.0 白 0
99.726 101.572 69.0 马 0
102.033 102.495 72.0 走 0
102.495 102.956 67.0 三 0
102.956 105.379 69.0 关 1
105.534 105.765 69.0 我 0
105.765 105.995 69.0 改 0
105.995 106.688 62.0 换 0
106.688 107.149 67.0 素 0
107.149 107.841 67.0 衣 0
107.841 108.995 62.0 - 0
109.457 110.149 72.0 回 0
110.149 110.38 69.0 - 0
110.38 110.841 67.0 中 0
110.841 111.303 62.0 - 0
111.303 113.149 60.0 原 1
113.177 113.408 69.0 放 0
113.408 114.1 62.0 下 0
114.1 114.562 69.0 西 0
114.562 116.408 69.0 凉 0
116.408 116.869 67.0 - 0
116.869 117.331 65.0 没 0
117.331 117.793 67.0 人 0
117.793 119.639 62.0 管 1
120.156 120.387 62.0 我 0
120.387 120.618 62.0 一 0
120.618 121.079 65.0 心 0
121.079 121.31 62.0 - 0
121.31 121.771 62.0 只 0
121.771 123.156 57.0 想 0
124.079 124.771 65.0 王 0
124.771 125.002 67.0 - 0
125.002 125.464 67.0 宝 0
125.464 125.925 62.0 - 0
125.925 127.771 65.0 A 1
142.585 143.046 65.0 而 0
143.046 143.392 64.0 你 0
143.392 143.966 65.0 却 0
144.431 144.892 64.0 靠 0
144.892 145.123 64.0 近 0
145.123 145.927 67.0 了 1
146.335 146.796 67.0 逼 0
146.796 147.256 60.0 我 0
147.258 147.718 60.0 们 0
147.719 148.181 67.0 视 0
148.181 148.643 67.0 线 0
148.643 148.868 65.0 交 0
148.873 149.098 67.0 错 0
149.104 149.333 69.0 - 0
149.335 149.566 67.0 - 1
149.634 150.095 65.0 原 0
150.095 150.557 65.0 地 0
150.557 150.787 64.0 不 0
150.787 151.248 65.0 动 0
151.711 151.941 60.0 或 0
151.941 152.403 67.0 向 0
152.403 152.632 67.0 前 0
152.634 153.326 67.0 走 1
153.769 154.225 67.0 突 0
154.231 154.687 60.0 然 0
154.693 155.154 60.0 在 0
155.154 155.616 70.0 意 0
155.616 156.077 70.0 这 0
156.077 156.308 72.0 分 0
156.308 156.539 67.0 钟 0
156.539 156.994 69.0 - 1
157.026 157.251 69.0 眼 0
157.257 157.482 70.0 前 0
157.488 157.944 72.0 荒 0
157.949 158.411 70.0 沙 0
158.411 158.872 69.0  0
158.872 159.334 70.0 漫 0
159.334 159.795 69.0 了 0
159.795 160.026 67.0 等 0
160.026 160.719 67.0 候 1
160.724 160.954 67.0 耳 0
160.954 161.179 69.0 边 0
161.185 161.641 70.0 传 0
161.647 162.102 69.0 来 0
162.108 162.454 67.0 孱 0
162.454 162.8 67.0 弱 0
162.8 163.031 69.0 的 0
163.031 163.493 67.0 呼 0
163.493 164.416 65.0 救 1
164.42 164.651 62.0 追 0
164.651 164.881 64.0 赶 0
164.881 165.574 65.0 要 0
165.574 165.799 62.0 - 0
165.804 166.728 62.0 我 0
166.728 167.189 65.0 爱 0
167.189 167.651 69.0 的 0
167.651 168.112 62.0 不 0
168.112 168.574 62.0 保 0
168.574 169.958 69.0 留 0
169.958 171.343 69.0 - 1
171.897 172.128 72.0 我 0
172.128 172.584 72.0 身 0
172.59 173.051 69.0 骑 0
173.051 173.513 69.0 白 0
173.513 175.353 69.0 马 0
175.82 176.276 72.0 走 0
176.282 176.738 67.0 三 0
176.743 179.166 69.0 关 1
179.345 179.576 69.0 我 0
179.576 179.801 69.0 改 0
179.806 180.493 62.0 换 0
180.499 180.954 67.0 素 0
180.96 181.647 67.0 衣 0
181.653 182.801 62.0 - 0
183.268 183.954 72.0 回 0
183.96 184.185 69.0 - 0
184.191 184.647 67.0 中 0
184.653 185.108 62.0 - 0
185.114 186.954 60.0 原 1
187.016 187.241 69.0 放 0
187.247 187.934 62.0 下 0
187.939 188.395 69.0 西 0
188.401 190.241 69.0 凉 0
190.247 190.709 65.0 - 0
190.709 191.164 65.0 没 0
191.17 191.626 67.0 人 0
191.632 193.472 62.0 管 1
194.078 194.309 62.0 我 0
194.309 194.54 62.0 一 0
194.54 195.001 65.0 心 0
195.001 195.232 62.0 - 0
195.232 195.693 62.0 只 0
195.693 197.251 57.0 想 0
198.001 198.693 65.0 王 0
198.693 198.924 67.0 - 0
198.924 199.386 67.0 宝 0
199.386 199.847 62.0 - 0
199.847 201.693 65.0 A 1
203.116 203.347 69.0 满 0
203.347 203.578 70.0 身 0
203.578 204.039 72.0 伤 0
204.039 204.501 70.0 痕 0
204.501 204.962 69.0 累 0
204.962 205.424 70.0 累 0
205.424 205.885 67.0 也 0
205.885 206.116 67.0 来 0
206.116 206.347 67.0 不 0
206.347 206.808 65.0 - 0
206.808 207.039 65.0 及 0
207.039 208.193 69.0 痛 1
208.585 208.816 67.0 那 0
208.816 209.047 69.0 是 0
209.047 209.509 70.0 指 0
209.509 209.739 69.0 引 0
209.739 210.201 70.0 我 0
210.201 210.662 72.0 走 0
210.662 211.124 72.0 向 0
211.124 211.355 70.0 - 0
211.355 211.585 70.0 你 0
211.585 212.047 70.0 的 0
212.047 212.509 69.0 清 0
212.509 212.739 65.0 - 0
212.739 213.201 65.0 楚 0
213.201 213.432 62.0 感 0
213.432 215.509 65.0 受 0
215.97 217.355 67.0 - 1
217.667 217.898 70.0 不 0
217.898 218.129 70.0 管 0
218.129 218.591 69.0 危 0
218.591 218.821 69.0 不 0
218.821 219.052 69.0 危 0
219.052 219.514 69.0 险 0
219.514 219.744 70.0 都 0
219.744 219.975 72.0 要 0
219.975 220.437 72.0 放 0
220.437 220.667 70.0 - 0
220.667 220.898 70.0 下 0
220.898 221.36 70.0 一 0
221.36 221.821 70.0 切 0
221.821 222.283 67.0 跟 0
222.283 222.514 65.0 - 0
222.514 222.744 65.0 你 0
222.744 223.667 65.0 走 1
223.729 223.96 65.0 只 0
223.96 224.883 65.0 要 0
224.883 225.806 67.0 一 0
225.806 226.037 69.0 起 0
226.037 226.499 72.0 承 0
226.499 226.96 72.0 担 1
227.266 227.497 67.0 只 0
227.497 228.42 66.0 要 0
228.42 229.343 68.0 你 0
229.343 229.573 70.0 不 0
229.573 230.035 73.0 放 0
230.035 232.112 73.0 手 1
232.934 233.165 73.0 我 0
233.165 233.627 73.0 身 0
233.627 234.088 70.0 骑 0
234.088 234.55 70.0 白 0
234.55 236.396 70.0 马 0
236.857 237.319 73.0 走 0
237.319 237.78 68.0 三 0
237.78 240.209 70.0 关 1
240.259 240.49 70.0 我 0
240.49 240.72 70.0 改 0
240.72 241.413 63.0 换 0
241.413 241.874 68.0 素 0
241.874 242.567 68.0 衣 0
242.567 243.72 63.0 - 0
244.182 244.874 73.0 回 0
244.874 245.105 70.0 - 0
245.105 245.567 68.0 中 0
245.567 246.028 66.0 - 0
246.028 247.874 61.0 原 1
247.906 248.137 70.0 放 0
248.137 248.829 63.0 下 0
248.829 249.291 70.0 西 0
249.291 250.906 70.0 凉 0
250.906 251.599 68.0 - 0
251.599 252.06 66.0 没 0
252.06 252.522 68.0 人 0
252.522 254.368 63.0 管 1
254.925 255.156 63.0 我 0
255.156 255.387 63.0 一 0
255.387 255.848 66.0 心 0
255.848 256.079 63.0 - 0
256.079 256.54 63.0 只 0
256.54 258.104 58.0 想 0
258.848 259.54 66.0 王 0
259.54 259.771 68.0 - 0
259.771 260.233 68.0 宝 0
260.233 260.694 63.0 - 0
260.694 262.54 66.0 A 1
262.706 267.553 73.0 嘿 0
267.553 269.168 70.0 - 0
269.86 270.091 70.0 我 0
270.091 270.322 70.0 改 0
270.322 271.014 63.0 换 0
271.014 271.476 68.0 素 0
271.476 272.168 70.0 衣 0
272.168 273.322 63.0 - 0
273.783 274.476 73.0 回 0
274.476 274.706 70.0 - 0
274.706 275.168 68.0 中 0
275.168 275.629 63.0 - 0
275.629 277.476 61.0 原 1
277.493 277.723 70.0 放 0
277.723 278.416 63.0 下 0
278.416 278.877 73.0 西 0
278.877 280.493 70.0 凉 0
280.493 281.185 68.0 - 0
281.185 281.646 66.0 没 0
281.646 282.108 68.0 人 0
282.108 283.954 63.0 管 1
286.49 286.729 63.0 我 0
286.729 286.978 63.0 一 0
286.978 287.412 66.0 心 0
287.412 287.723 63.0 - 0
287.723 288.22 63.0 只 0
288.22 288.717 61.0 想 0
288.717 289.852 58.0 - 0
291.66 292.461 66.0 王 0
292.461 293.062 66.0 - 0
293.062 293.843 65.0 宝 0
293.843 294.532 63.0 - 0
294.532 295.268 63.0 - 0
295.268 297.518 63.0 A 1
