26.54 26.813 55.0 关 0
26.818 26.952 53.0 于 0
27.095 27.369 53.0 你 0
27.373 27.646 58.0 好 0
27.651 27.924 58.0 的 0
27.929 28.48 60.0 坏 0
28.484 29.035 58.0 的 1
29.191 29.464 53.0 都 0
29.468 29.742 58.0 已 0
29.746 30.019 58.0 经 0
30.024 30.575 60.0 听 0
30.58 30.992 58.0 说 1
31.411 31.684 60.0 愿 0
31.689 31.823 58.0 意 0
31.966 32.24 58.0 深 0
32.244 32.517 55.0 陷 0
32.8 33.073 55.0 的 0
33.078 33.212 53.0 是 0
33.355 34.74 55.0 我 1
35.282 35.555 60.0 没 0
35.56 35.833 58.0 有 0
35.837 36.111 58.0 确 0
36.115 36.249 63.0 定 0
36.393 36.666 63.0 的 0
36.671 37.083 65.0 以 0
37.226 37.777 63.0 后 1
37.944 38.217 58.0 没 0
38.222 38.495 60.0 有 0
38.499 38.634 63.0 谁 0
38.777 39.05 63.0 祝 0
39.055 39.606 65.0 福 0
39.61 40.161 63.0 我 1
40.36 40.633 60.0 反 0
40.638 40.911 58.0 而 0
40.915 41.189 60.0 想 0
41.193 41.466 63.0 要 0
41.471 41.883 60.0 勇 0
41.888 42.3 58.0 敢 0
42.304 42.855 55.0 接 0
42.86 43.827 53.0 受 1
44.883 45.156 58.0 爱 0
45.161 45.434 60.0 到 0
45.439 45.712 60.0 哪 0
45.717 45.99 60.0 里 0
45.994 46.268 58.0 都 0
46.55 46.962 60.0 会 0
47.105 47.518 59.0 有 0
47.661 47.934 59.0 人 0
47.939 48.49 60.0 犯 0
48.494 49.045 62.0 错 1
49.231 49.504 62.0 希 0
49.508 49.643 63.0 望 0
49.786 49.921 63.0 错 0
50.064 50.198 63.0 的 0
50.342 50.754 65.0 不 0
50.897 51.171 63.0 是 0
51.175 52.282 67.0 我 0
52.286 52.837 65.0 - 1
53.022 53.295 55.0 其 0
53.299 53.573 53.0 实 0
53.577 53.85 53.0 心 0
53.855 53.989 58.0 中 0
54.133 54.406 58.0 没 0
54.41 54.684 55.0 有 0
54.688 55.1 58.0 退 0
55.244 55.517 58.0 路 0
55.522 56.073 60.0 可 0
56.077 57.045 58.0 守 1
57.66 57.933 58.0 跟 0
57.938 58.211 58.0 著 0
58.216 58.489 60.0 你 0
58.493 58.905 63.0 错 0
59.327 59.878 67.0 跟 0
59.882 60.155 70.0 著 0
60.16 60.711 67.0 你 0
60.716 61.128 65.0 走 1
61.26 61.533 58.0 我 0
61.538 61.811 65.0 们 0
61.816 62.089 65.0 的 0
62.093 62.367 63.0 故 0
62.371 62.644 65.0 事 0
62.649 62.922 65.0 爱 0
62.927 63.061 67.0 就 0
63.205 63.478 67.0 爱 0
63.482 63.756 65.0 到 0
63.76 64.033 65.0 值 0
64.038 64.311 70.0 得 1
64.527 64.94 65.0 错 0
65.083 65.217 65.0 也 0
65.361 65.634 65.0 错 0
65.639 65.912 63.0 的 0
65.916 66.19 65.0 值 0
66.194 66.606 70.0 得 1
66.74 67.152 63.0 爱 0
67.295 67.43 63.0 到 0
67.573 67.846 63.0 翻 0
67.851 68.124 60.0 天 0
68.129 68.541 63.0 覆 0
68.545 68.957 65.0 地 0
68.962 69.096 67.0 也 0
69.24 69.513 60.0 会 0
69.517 69.791 60.0 - 0
69.795 70.068 60.0 有 0
70.073 70.624 60.0 结 0
70.629 71.457 58.0 果 1
72.069 72.343 60.0 不 0
72.347 72.62 58.0 等 0
72.625 72.898 60.0 你 0
72.903 73.315 62.0 说 0
73.458 73.732 70.0 更 0
73.736 74.009 70.0 美 0
74.014 74.148 67.0 的 0
74.292 74.565 65.0 承 0
74.569 75.676 63.0 诺 1
75.698 75.971 58.0 我 0
75.975 76.387 67.0 可 0
76.392 76.804 63.0 以 0
76.809 76.943 63.0 对 0
77.086 77.499 63.0 自 0
77.503 77.846 65.0 己 0
77.85 78.193 67.0 承 0
78.198 78.887 65.0 诺 1
78.921 79.194 58.0 我 0
79.199 79.472 65.0 们 0
79.476 79.75 65.0 的 0
79.754 80.027 63.0 故 0
80.032 80.305 65.0 事 0
80.31 80.583 65.0 爱 0
80.588 80.722 67.0 就 0
80.865 81.139 67.0 爱 0
81.143 81.416 65.0 到 0
81.421 81.694 65.0 值 0
81.699 81.972 70.0 得 1
82.214 82.626 65.0 错 0
82.77 82.904 65.0 也 0
83.048 83.321 65.0 错 0
83.325 83.599 63.0 的 0
83.603 83.876 65.0 值 0
83.881 84.293 70.0 得 1
84.473 84.747 70.0 是 0
84.751 85.163 72.0 执 0
85.168 85.441 70.0 著 0
85.585 85.719 68.0 是 0
85.862 86.136 68.0 洒 0
86.279 86.552 70.0 脱 1
86.743 86.877 72.0 留 0
87.02 87.433 70.0 给 0
87.437 87.849 70.0 别 0
87.854 88.127 67.0 人 0
88.132 88.405 65.0 去 0
88.409 89.238 63.0 说 1
89.883 90.156 60.0 用 0
90.161 90.434 58.0 尽 0
90.439 90.712 58.0 所 0
90.717 90.99 63.0 有 0
90.994 91.268 65.0 力 0
91.272 91.545 63.0 气 0
91.55 91.823 65.0 不 0
91.828 92.101 70.0 是 0
92.105 92.379 70.0 为 0
92.383 93.212 63.0 我 1
93.4 93.674 58.0 那 0
93.678 94.09 67.0 是 0
94.095 94.507 63.0 为 0
94.511 94.646 63.0 你 0
94.789 95.201 63.0 才 0
95.206 95.618 58.0 这 0
95.623 95.896 58.0 么 0
95.9 97.701 63.0 做 1
124.155 124.428 55.0 关 0
124.432 124.567 53.0 于 0
124.71 124.983 53.0 你 0
124.988 125.261 58.0 好 0
125.266 125.539 58.0 的 0
125.544 126.095 60.0 坏 0
126.099 126.65 58.0 的 1
127.013 127.287 53.0 都 0
127.291 127.564 58.0 已 0
127.569 127.842 58.0 经 0
127.847 128.398 60.0 听 0
128.402 128.814 58.0 说 1
129.249 129.522 60.0 愿 0
129.526 129.8 58.0 意 0
129.804 130.077 60.0 深 0
130.082 130.355 55.0 陷 0
130.638 130.911 55.0 的 0
130.915 131.05 53.0 是 0
131.193 132.022 55.0 我 0
132.026 132.577 56.0 - 1
133.086 133.359 60.0 没 0
133.363 133.637 58.0 有 0
133.641 133.914 58.0 确 0
133.919 134.053 63.0 定 0
134.197 134.47 63.0 的 0
134.474 134.887 65.0 以 0
135.03 135.581 63.0 后 1
135.7 135.973 58.0 没 0
135.977 136.251 58.0 有 0
136.255 136.389 63.0 谁 0
136.533 136.806 63.0 祝 0
136.811 137.362 65.0 福 0
137.366 137.917 63.0 我 1
138.146 138.419 60.0 反 0
138.423 138.697 58.0 而 0
138.701 138.974 60.0 想 0
138.979 139.252 63.0 要 0
139.257 139.669 60.0 勇 0
139.673 140.085 58.0 敢 0
140.09 140.641 55.0 接 0
140.646 141.613 53.0 受 1
142.469 142.742 58.0 爱 0
142.747 143.02 60.0 到 0
143.025 143.298 60.0 哪 0
143.302 143.576 60.0 里 0
143.58 143.853 58.0 都 0
144.136 144.548 60.0 会 0
144.691 145.103 59.0 有 0
145.247 145.52 59.0 人 0
145.525 146.076 60.0 犯 0
146.08 146.631 62.0 错 1
147.049 147.323 62.0 希 0
147.327 147.462 63.0 望 0
147.605 147.739 63.0 错 0
147.883 148.017 63.0 的 0
148.161 148.573 65.0 不 0
148.716 148.989 63.0 是 0
148.994 150.1 67.0 我 1
150.987 151.261 55.0 其 0
151.265 151.538 53.0 实 0
151.543 151.816 53.0 心 0
151.821 151.955 58.0 中 0
152.098 152.372 58.0 没 0
152.376 152.649 55.0 有 0
152.654 153.066 58.0 退 0
153.21 153.483 58.0 路 0
153.487 154.038 60.0 可 0
154.043 155.011 58.0 守 1
155.285 155.558 58.0 跟 0
155.563 155.836 58.0 著 0
155.84 156.114 58.0 你 0
156.118 156.53 63.0 错 0
156.951 157.502 67.0 跟 0
157.507 157.78 70.0 著 0
157.785 158.336 67.0 你 0
158.34 158.752 65.0 走 1
158.928 159.201 58.0 我 0
159.206 159.479 65.0 们 0
159.483 159.757 65.0 的 0
159.761 160.034 63.0 故 0
160.039 160.312 65.0 事 0
160.317 160.59 65.0 爱 0
160.595 160.729 67.0 就 0
160.872 161.146 67.0 爱 0
161.15 161.423 65.0 到 0
161.428 161.701 65.0 值 0
161.706 161.979 70.0 得 1
162.233 162.645 65.0 错 0
162.789 162.923 65.0 也 0
163.067 163.34 65.0 错 0
163.344 163.618 63.0 的 0
163.622 163.895 65.0 值 0
163.9 164.312 70.0 得 1
164.507 164.92 63.0 爱 0
165.063 165.197 63.0 到 0
165.341 165.614 63.0 翻 0
165.619 165.892 60.0 天 0
165.896 166.308 63.0 覆 0
166.313 166.725 65.0 地 0
166.73 166.864 67.0 也 0
167.007 167.281 60.0 会 0
167.285 167.558 60.0 - 0
167.563 167.836 60.0 有 0
167.841 168.392 60.0 结 0
168.396 169.225 58.0 果 1
169.799 170.072 60.0 不 0
170.077 170.35 58.0 等 0
170.355 170.628 60.0 你 0
170.633 171.045 62.0 说 0
171.188 171.461 70.0 更 0
171.466 171.739 70.0 美 0
171.744 171.878 67.0 的 0
172.021 172.295 65.0 承 0
172.299 173.406 63.0 诺 1
173.418 173.692 58.0 我 0
173.696 174.108 67.0 可 0
174.113 174.525 63.0 以 0
174.529 174.664 63.0 对 0
174.807 175.219 63.0 自 0
175.224 175.567 65.0 己 0
175.641 175.914 65.0 承 0
175.918 176.608 65.0 诺 1
176.796 177.069 58.0 我 0
177.073 177.347 65.0 们 0
177.351 177.624 65.0 的 0
177.629 177.902 63.0 故 0
177.907 178.18 65.0 事 0
178.185 178.458 67.0 爱 0
178.462 178.597 67.0 就 0
178.74 179.013 67.0 爱 0
179.018 179.291 65.0 到 0
179.296 179.569 65.0 值 0
179.573 179.847 70.0 得 1
180.021 180.433 65.0 错 0
180.577 180.711 65.0 也 0
180.854 181.128 65.0 错 0
181.132 181.405 63.0 的 0
181.41 181.683 65.0 值 0
181.688 182.1 70.0 得 1
182.224 182.497 70.0 是 0
182.502 182.914 72.0 执 0
182.919 183.192 70.0 著 0
183.335 183.47 68.0 是 0
183.613 183.886 68.0 洒 0
184.03 184.303 70.0 脱 1
184.523 184.658 72.0 留 0
184.801 185.213 70.0 给 0
185.218 185.63 70.0 别 0
185.635 185.908 67.0 人 0
185.912 186.186 65.0 去 0
186.19 187.019 63.0 说 1
187.514 187.787 60.0 用 0
187.792 188.065 58.0 尽 0
188.07 188.343 60.0 所 0
188.347 188.621 63.0 有 0
188.625 188.898 65.0 力 0
188.903 189.176 63.0 气 0
189.181 189.454 65.0 不 0
189.458 189.732 70.0 是 0
189.736 190.148 72.0 为 0
190.153 190.843 63.0 我 1
191.114 191.387 58.0 那 0
191.392 191.804 67.0 是 0
191.809 192.221 63.0 为 0
192.225 192.36 63.0 你 0
192.503 192.915 63.0 才 0
192.92 193.332 58.0 这 0
193.336 193.61 58.0 么 0
193.614 194.304 63.0 做 1
194.44 194.714 58.0 我 0
194.718 194.991 65.0 们 0
194.996 195.269 65.0 的 0
195.274 195.547 63.0 故 0
195.552 195.825 65.0 事 0
195.829 196.103 65.0 爱 0
196.107 196.241 67.0 就 0
196.385 196.658 67.0 爱 0
196.663 196.936 65.0 到 0
196.94 197.214 65.0 值 0
197.218 197.491 70.0 得 1
197.85 198.262 65.0 错 0
198.405 198.54 65.0 也 0
198.683 198.956 65.0 错 0
198.961 199.234 63.0 的 0
199.239 199.512 65.0 值 0
199.516 199.929 70.0 得 1
200.162 200.574 63.0 爱 0
200.718 200.852 63.0 到 0
200.995 201.269 63.0 翻 0
201.273 201.546 60.0 天 0
201.551 201.963 63.0 覆 0
201.968 202.38 65.0 地 0
202.384 202.519 67.0 也 0
202.662 202.935 60.0 会 0
202.94 203.213 60.0 - 0
203.218 203.491 60.0 有 0
203.495 204.046 60.0 结 0
204.051 204.88 58.0 果 1
205.363 205.636 60.0 不 0
205.641 205.914 58.0 等 0
205.918 206.192 60.0 你 0
206.196 206.608 63.0 说 0
206.752 207.025 70.0 更 0
207.029 207.303 70.0 美 0
207.307 207.442 67.0 的 0
207.585 207.858 65.0 承 0
207.863 208.969 63.0 诺 1
208.989 209.262 58.0 我 0
209.267 209.679 67.0 可 0
209.683 210.095 63.0 以 0
210.1 210.234 63.0 对 0
210.378 210.651 63.0 自 0
210.794 211.068 65.0 己 0
211.142 211.484 67.0 承 0
211.489 212.179 65.0 诺 1
212.36 212.633 58.0 我 0
212.638 212.911 65.0 们 0
212.916 213.189 65.0 的 0
213.194 213.467 63.0 故 0
213.471 213.745 65.0 事 0
213.749 214.022 65.0 爱 0
214.027 214.161 67.0 就 0
214.305 214.578 67.0 爱 0
214.582 214.856 65.0 到 0
214.86 215.133 65.0 值 0
215.138 215.411 70.0 得 1
215.705 216.117 65.0 错 0
216.26 216.394 65.0 也 0
216.538 216.811 65.0 错 0
216.816 217.089 63.0 的 0
217.093 217.367 65.0 值 0
217.371 217.783 70.0 得 1
217.81 218.083 70.0 是 0
218.088 218.5 72.0 执 0
218.504 218.777 70.0 著 0
218.921 219.055 68.0 是 0
219.199 219.472 68.0 洒 0
219.615 219.889 70.0 脱 1
220.133 220.267 72.0 留 0
220.411 220.823 70.0 给 0
220.827 221.223 70.0 别 0
221.244 221.517 67.0 人 0
221.522 221.795 65.0 去 0
221.8 222.628 63.0 说 1
223.105 223.378 60.0 用 0
223.382 223.656 58.0 尽 0
223.66 223.933 58.0 所 0
223.938 224.211 63.0 有 0
224.216 224.489 65.0 力 0
224.493 224.767 63.0 气 0
224.771 225.044 65.0 不 0
225.049 225.322 70.0 是 0
225.327 225.6 70.0 为 0
225.605 226.433 63.0 我 1
226.799 227.072 58.0 那 0
227.076 227.489 67.0 是 0
227.493 227.905 63.0 为 0
227.91 228.044 63.0 你 0
228.188 228.6 63.0 才 0
228.604 229.016 58.0 这 0
229.021 229.294 58.0 么 0
229.299 231.1 63.0 做 1
