15.938 17.39 63.0 她 0
17.39 17.874 68.0 - 0
17.874 18.116 63.0 是 0
18.116 18.357 61.0 悠 0
18.357 18.599 63.0 悠 0
18.599 18.841 61.0 一 0
18.841 19.325 63.0 抹 0
19.325 19.809 61.0 斜 0
19.861 20.345 61.0 阳 0
20.345 20.829 58.0 多 0
20.829 21.313 61.0 想 0
21.313 21.797 58.0 多 0
21.797 22.039 56.0 想 0
22.039 22.28 58.0 有 0
22.28 22.522 56.0 谁 0
22.522 22.764 58.0 懂 0
22.764 23.248 61.0 得 0
23.248 23.732 58.0 欣 0
23.739 25.191 63.0 赏 0
25.191 25.675 68.0 他 0
25.675 25.916 63.0 有 0
25.916 26.158 61.0 蓝 0
26.158 26.4 63.0 蓝 0
26.4 26.642 61.0 一 0
26.642 27.126 63.0 片 0
27.126 27.61 61.0 云 0
27.638 28.122 61.0 窗 0
28.122 28.606 58.0 只 0
28.606 29.09 61.0 等 0
29.09 29.574 58.0 只 0
29.574 29.815 56.0 等 0
29.815 30.057 58.0 有 0
30.057 30.299 56.0 人 0
30.299 30.541 58.0 与 0
30.541 31.025 63.0 之 0
31.025 31.509 61.0 共 0
31.511 31.995 64.0 享 0
31.995 32.963 66.0 她 0
33.205 33.446 61.0 - 0
33.446 33.688 63.0 是 0
33.688 33.93 61.0 绵 0
33.93 34.172 63.0 绵 0
34.172 34.414 61.0 一 0
34.414 34.898 63.0 段 0
34.898 35.382 68.0 乐 0
35.382 36.834 66.0 章 0
37.076 37.317 61.0 多 0
37.317 37.559 61.0 想 0
37.559 37.801 61.0 有 0
37.801 38.043 63.0 谁 0
38.043 38.285 61.0 懂 0
38.285 38.769 61.0 得 0
38.769 39.011 68.0 吟 0
39.011 39.374 70.0 唱 0
39.38 40.711 66.0 - 0
40.952 41.194 61.0 他 0
41.194 41.436 61.0 有 0
41.436 41.678 61.0 满 0
41.678 41.92 63.0 满 0
41.92 42.162 61.0 一 0
42.162 42.646 61.0 目 0
42.646 43.13 66.0 柔 0
43.13 43.614 63.0 光 0
43.614 44.098 61.0 只 0
44.098 44.582 63.0 等 0
44.582 45.065 61.0 只 0
45.065 45.307 58.0 等 0
45.307 45.549 61.0 有 0
45.549 45.791 61.0 人 0
45.791 46.033 61.0 为 0
46.033 46.517 66.0 之 0
46.517 47.001 61.0 绽 0
47.001 47.485 73.0 放 0
47.485 47.727 75.0 来 0
47.727 48.936 73.0 啊 0
48.936 49.42 75.0 快 0
49.42 49.904 73.0 活 0
49.904 50.872 70.0 啊 0
50.872 51.356 70.0 反 0
51.356 51.84 73.0 正 0
51.84 52.807 68.0 有 0
52.807 53.049 68.0 大 0
53.049 53.291 66.0 把 0
53.291 53.775 68.0 时 0
53.775 54.743 73.0 光 0
54.743 55.227 73.0 来 0
55.227 55.59 75.0 - 0
55.59 56.678 73.0 啊 0
56.678 56.92 75.0 爱 0
56.92 57.162 73.0 情 0
57.162 57.404 70.0 - 0
57.404 57.646 73.0 - 0
57.646 58.614 70.0 啊 0
58.614 59.098 70.0 反 0
59.098 59.582 73.0 正 0
59.582 60.549 68.0 有 0
60.549 60.791 68.0 大 0
60.791 61.033 66.0 把 0
61.033 61.517 68.0 愚 0
61.517 62.485 73.0 妄 0
62.485 62.969 73.0 来 0
62.969 63.332 75.0 - 0
63.332 64.42 73.0 啊 0
64.42 64.904 73.0 流 0
64.904 65.388 73.0 浪 0
65.388 66.356 70.0 啊 0
66.356 66.84 70.0 反 0
66.84 67.323 73.0 正 0
67.323 68.291 68.0 有 0
68.291 68.533 68.0 大 0
68.533 68.775 66.0 把 0
68.775 69.259 68.0 方 0
69.259 70.227 73.0 向 0
70.227 70.711 73.0 来 0
70.711 70.952 75.0 - 0
70.952 72.162 73.0 啊 0
72.162 72.646 75.0 造 0
72.646 73.13 73.0 作 0
73.13 74.098 70.0 啊 0
74.098 74.582 70.0 反 0
74.582 75.065 73.0 正 0
75.065 76.033 68.0 有 0
76.033 76.275 68.0 大 0
76.275 76.517 66.0 把 0
76.517 77.001 68.0 风 0
77.001 78.332 73.0 光 0
78.332 79.904 63.0 啊 0
80.993 82.082 73.0 - 0
82.444 84.743 61.0 痒 0
85.698 86.665 66.0 大 0
86.665 87.633 66.0 大 0
87.633 88.117 65.0 方 0
88.117 88.601 65.0 方 0
88.601 88.923 63.0 爱 0
88.923 89.165 61.0 上 0
89.165 89.407 63.0 爱 0
89.407 89.73 61.0 的 0
89.73 90.415 58.0 表 0
90.415 91.504 61.0 象 0
93.368 94.336 66.0 迂 0
94.336 95.304 66.0 - 0
95.304 95.788 65.0 迂 0
95.788 96.272 65.0 回 0
96.272 96.514 63.0 回 0
96.514 96.756 61.0 迷 0
96.756 96.998 63.0 上 0
96.998 97.239 61.0 梦 0
97.239 97.481 61.0 的 0
97.481 97.965 58.0 孟 0
97.965 99.175 61.0 - 0
101.135 101.377 66.0 浪 0
101.377 101.861 68.0 越 0
101.861 102.103 66.0 慌 0
102.103 102.587 63.0 越 0
102.587 103.071 66.0 想 0
103.071 104.039 68.0 越 0
105.006 105.248 63.0 慌 0
105.248 105.732 61.0 越 0
105.732 106.095 63.0 痒 0
106.095 106.579 66.0 越 0
106.579 107.063 63.0 搔 0
107.063 107.305 58.0 越 0
107.305 109.845 61.0 痒 0
124.351 125.803 63.0 她 0
125.803 126.287 68.0 - 0
126.287 126.529 63.0 是 0
126.529 126.771 61.0 悠 0
126.771 127.013 63.0 悠 0
127.013 127.254 61.0 一 0
127.254 127.738 63.0 抹 0
127.738 128.222 61.0 斜 0
128.248 128.732 61.0 阳 0
128.732 129.216 58.0 多 0
129.216 129.7 61.0 想 0
129.7 130.184 58.0 多 0
130.184 130.426 56.0 想 0
130.426 130.668 58.0 有 0
130.668 130.909 56.0 谁 0
130.909 131.151 58.0 懂 0
131.151 131.635 61.0 得 0
131.635 132.119 58.0 欣 0
132.155 133.607 63.0 赏 0
133.607 134.091 68.0 他 0
134.091 134.333 63.0 有 0
134.333 134.575 61.0 蓝 0
134.575 134.816 63.0 蓝 0
134.816 135.058 61.0 一 0
135.058 135.542 63.0 片 0
135.542 136.026 61.0 云 0
136.028 136.512 61.0 窗 0
136.512 136.996 58.0 只 0
136.996 137.48 61.0 等 0
137.48 137.964 58.0 只 0
137.964 138.206 56.0 等 0
138.206 138.447 58.0 有 0
138.447 138.689 56.0 人 0
138.689 138.931 58.0 与 0
138.931 139.415 63.0 之 0
139.415 139.899 61.0 共 0
139.9 140.384 64.0 享 0
140.384 141.352 66.0 她 0
141.594 141.836 61.0 - 0
141.836 142.078 63.0 是 0
142.078 142.319 61.0 绵 0
142.319 142.561 63.0 绵 0
142.561 142.803 61.0 一 0
142.803 143.287 63.0 段 0
143.287 143.771 68.0 乐 0
143.771 145.223 66.0 章 0
145.465 145.707 61.0 多 0
145.707 145.948 61.0 想 0
145.948 146.19 61.0 有 0
146.19 146.432 63.0 谁 0
146.432 146.674 61.0 懂 0
146.674 147.158 61.0 得 0
147.158 147.4 68.0 吟 0
147.4 147.763 70.0 唱 0
147.767 149.098 66.0 - 0
149.34 149.582 61.0 他 0
149.582 149.823 63.0 有 0
149.823 150.065 61.0 满 0
150.065 150.307 63.0 满 0
150.307 150.549 61.0 一 0
150.549 151.033 61.0 目 0
151.033 151.517 66.0 柔 0
151.517 152.001 63.0 光 0
152.001 152.485 61.0 只 0
152.485 152.969 63.0 等 0
152.969 153.452 61.0 只 0
153.452 153.694 58.0 等 0
153.694 153.936 61.0 有 0
153.936 154.178 61.0 人 0
154.178 154.42 61.0 为 0
154.42 154.904 66.0 之 0
154.904 155.388 61.0 绽 0
155.388 155.872 73.0 放 0
155.872 156.114 75.0 来 0
156.114 157.323 73.0 啊 0
157.323 157.807 75.0 快 0
157.807 158.291 73.0 活 0
158.291 159.259 70.0 啊 0
159.259 159.743 70.0 反 0
159.743 160.227 73.0 正 0
160.227 161.194 68.0 有 0
161.194 161.436 68.0 大 0
161.436 161.678 66.0 把 0
161.678 162.162 68.0 时 0
162.162 163.13 73.0 光 0
163.13 163.614 73.0 来 0
163.614 163.977 75.0 - 0
163.977 165.065 73.0 啊 0
165.065 165.307 75.0 爱 0
165.307 165.549 73.0 情 0
165.549 165.791 70.0 - 0
165.791 166.033 73.0 - 0
166.033 167.001 70.0 啊 0
167.001 167.485 70.0 反 0
167.485 167.969 73.0 正 0
167.969 168.936 68.0 有 0
168.936 169.178 68.0 大 0
169.178 169.42 66.0 把 0
169.42 169.904 68.0 愚 0
169.904 170.872 73.0 妄 0
170.872 171.356 73.0 来 0
171.356 171.719 75.0 - 0
171.719 172.807 73.0 啊 0
172.807 173.291 73.0 流 0
173.291 173.775 73.0 浪 0
173.775 174.743 70.0 啊 0
174.743 175.227 70.0 反 0
175.227 175.711 73.0 正 0
175.711 176.678 68.0 有 0
176.678 176.92 68.0 大 0
176.92 177.162 66.0 把 0
177.162 177.646 68.0 方 0
177.646 178.614 73.0 向 0
178.614 179.098 73.0 来 0
179.098 179.34 75.0 - 0
179.34 180.549 73.0 啊 0
180.549 181.033 75.0 造 0
181.033 181.517 73.0 作 0
181.517 182.485 70.0 啊 0
182.485 182.969 70.0 反 0
182.969 183.452 73.0 正 0
183.452 184.42 68.0 有 0
184.42 184.662 68.0 大 0
184.662 184.904 66.0 把 0
184.904 185.388 68.0 风 0
185.388 186.719 73.0 光 0
186.719 188.291 63.0 啊 0
189.38 190.469 73.0 - 0
190.832 193.13 61.0 痒 0
193.899 194.866 66.0 大 0
194.866 195.834 66.0 - 0
195.834 196.318 65.0 大 0
196.318 196.802 65.0 方 0
196.802 197.124 63.0 方 0
197.124 197.366 61.0 爱 0
197.366 197.608 63.0 上 0
197.608 197.931 61.0 爱 0
197.931 198.616 58.0 的 0
198.616 199.705 61.0 表 0
201.686 202.653 66.0 象 0
202.653 203.621 66.0 迂 0
203.621 204.105 65.0 迂 0
204.105 204.589 65.0 回 0
204.589 204.831 63.0 回 0
204.831 205.073 61.0 迷 0
205.073 205.315 63.0 上 0
205.315 205.557 61.0 梦 0
205.557 205.798 61.0 的 0
205.798 206.282 58.0 孟 0
206.282 207.492 61.0 - 0
209.383 209.624 66.0 浪 0
209.624 210.108 68.0 越 0
210.108 210.35 66.0 慌 0
210.35 210.834 63.0 越 0
210.834 211.318 66.0 想 0
211.318 212.286 68.0 越 0
213.253 213.495 63.0 慌 0
213.495 213.979 61.0 越 0
213.979 214.342 63.0 痒 0
214.342 214.826 66.0 越 0
214.826 215.31 63.0 搔 0
215.31 216.157 58.0 越 0
216.157 218.092 61.0 痒 0
