0.27 0.53 64.0 死 0
0.53 1.308 72.0 了 0
1.308 1.827 72.0 都 0
1.827 2.346 72.0 要 0
2.346 3.125 72.0 爱 1
3.539 3.928 74.0 不 0
3.928 4.394 71.0 淋 0
4.394 4.841 69.0 漓 0
4.841 5.289 65.0 尽 0
5.289 5.849 65.0 致 0
5.849 6.297 62.0 不 0
6.297 6.52 64.0 痛 0
6.52 7.192 64.0 快 1
7.687 8.141 65.0 感 0
8.141 8.369 65.0 情 0
8.369 8.823 67.0 多 0
8.823 9.505 69.0 深 0
9.505 9.96 62.0 只 0
9.96 10.187 62.0 有 0
10.187 10.641 64.0 这 0
10.641 11.323 65.0 样 1
11.768 11.995 69.0 才 0
11.995 12.222 69.0 足 0
12.222 12.677 71.0 够 0
12.677 12.904 69.0 表 0
12.904 14.04 71.0 白 1
14.398 14.967 64.0 死 0
14.967 15.648 72.0 了 0
15.876 16.33 72.0 都 0
16.33 16.785 72.0 要 0
16.785 17.467 72.0 爱 1
18.246 18.587 74.0 不 0
18.701 19.155 71.0 哭 0
19.155 19.61 69.0 到 0
19.61 20.065 67.0 微 0
20.065 20.292 65.0 笑 0
20.519 20.974 62.0 不 0
20.974 21.201 64.0 痛 0
21.201 21.883 64.0 快 1
22.212 22.667 65.0 宇 0
22.667 22.894 65.0 宙 0
22.894 23.349 67.0 毁 0
23.349 24.03 69.0 灭 0
24.03 24.712 72.0 心 0
24.94 25.621 71.0 还 0
25.621 25.849 69.0 - 0
25.849 28.576 69.0 在 1
29.514 30.196 60.0 把 0
30.196 30.423 52.0 - 0
30.423 31.332 52.0 每 0
31.332 32.241 53.0 天 1
32.705 33.159 53.0 当 0
33.159 33.614 52.0 成 0
33.614 34.068 59.0 是 0
34.068 34.523 59.0 末 0
34.523 34.978 52.0 日 0
34.978 35.432 59.0 来 0
35.432 35.773 60.0 相 0
35.773 36.341 60.0 爱 1
36.909 37.818 57.0 一 0
37.818 38.272 57.0 分 0
38.272 38.727 55.0 一 0
38.727 39.409 53.0 秒 1
39.969 40.423 52.0 都 0
40.423 40.878 50.0 美 0
40.878 41.332 53.0 到 0
41.332 41.787 62.0 泪 0
41.787 42.241 60.0 水 0
42.241 42.696 60.0 掉 0
42.696 43.15 59.0 下 0
43.15 44.059 59.0 来 1
44.115 44.797 60.0 不 0
44.797 45.025 52.0 - 0
45.025 45.934 52.0 理 0
45.934 46.843 53.0 会 1
47.293 47.748 53.0 别 0
47.748 48.202 52.0 人 0
48.202 48.657 59.0 是 0
48.657 49.111 59.0 看 0
49.111 49.566 52.0 好 0
49.566 50.021 59.0 或 0
50.021 50.248 60.0 看 0
50.248 50.702 60.0 坏 1
50.742 51.197 64.0 只 0
51.197 51.424 64.0 要 0
51.424 51.651 64.0 你 0
51.651 51.879 64.0 勇 0
51.879 52.333 65.0 - 0
52.333 53.242 57.0 敢 1
54.155 54.61 57.0 跟 0
54.61 55.065 56.0 我 0
55.065 57.337 57.0 来 1
58.678 60.496 65.0 爱 1
60.905 61.359 67.0 不 0
61.359 61.814 65.0 用 0
61.814 62.268 62.0 刻 0
62.268 62.723 65.0 意 0
62.723 63.177 64.0 安 0
63.177 64.996 64.0 排 1
65.914 66.368 62.0 凭 0
66.368 66.595 62.0 感 0
66.595 67.05 62.0 觉 0
67.05 67.505 64.0 去 0
67.505 67.732 64.0 亲 0
67.732 68.186 65.0 - 0
68.186 68.641 64.0 吻 0
68.641 68.868 62.0 相 0
68.868 69.55 59.0 拥 0
69.55 70.005 60.0 就 0
70.005 70.232 59.0 会 0
70.232 70.686 60.0 很 0
70.686 71.141 64.0 愉 0
71.141 71.595 64.0 快 1
71.727 72.181 57.0 享 0
72.181 72.636 60.0 受 0
72.636 73.09 64.0 现 0
73.09 73.999 65.0 在 1
74.473 74.7 65.0 别 0
74.7 74.928 67.0 一 0
74.928 75.382 69.0 开 0
75.382 75.609 67.0 怀 0
75.609 76.064 65.0 就 0
76.064 76.746 65.0 怕 0
76.746 77.2 65.0 受 0
77.2 77.428 64.0 伤 0
77.428 78.678 64.0 害 0
78.678 79.473 60.0 - 1
80.529 80.984 65.0 许 0
80.984 81.211 65.0 多 0
81.211 81.665 67.0 奇 0
81.665 82.347 69.0 迹 0
82.347 82.802 62.0 我 0
82.802 83.029 62.0 们 0
83.029 83.484 64.0 相 0
83.484 84.62 65.0 信 1
84.639 85.094 69.0 才 0
85.094 85.548 71.0 会 0
85.548 85.775 69.0 存 0
85.775 86.912 71.0 在 1
87.37 87.825 64.0 死 0
87.825 88.507 72.0 了 0
88.734 89.188 72.0 都 0
89.188 89.643 72.0 要 0
89.643 90.325 72.0 爱 1
90.936 91.39 74.0 不 0
91.39 91.845 71.0 淋 0
91.845 92.299 69.0 漓 0
92.299 92.754 65.0 尽 0
92.754 93.208 62.0 致 0
93.208 93.663 62.0 不 0
93.663 93.89 64.0 痛 0
93.89 94.572 64.0 快 1
94.968 95.422 65.0 感 0
95.422 95.649 65.0 情 0
95.649 96.104 67.0 多 0
96.104 96.786 69.0 深 0
96.786 97.24 62.0 只 0
97.24 97.468 62.0 有 0
97.468 97.922 64.0 这 0
97.922 98.604 65.0 样 1
99.013 99.241 68.0 才 0
99.241 99.468 69.0 足 0
99.468 99.923 71.0 够 0
99.923 100.15 69.0 表 0
100.15 101.286 71.0 白 1
101.789 102.243 64.0 死 0
102.243 102.925 72.0 了 0
103.152 103.607 72.0 都 0
103.607 104.061 72.0 要 0
104.061 104.743 72.0 爱 1
105.503 105.958 74.0 不 0
105.958 106.412 71.0 哭 0
106.412 106.867 69.0 到 0
106.867 107.321 65.0 微 0
107.321 107.776 62.0 笑 0
107.776 108.23 62.0 不 0
108.23 108.458 64.0 痛 0
108.458 109.139 64.0 快 1
109.607 110.062 65.0 宇 0
110.062 110.289 65.0 宙 0
110.289 110.743 67.0 毁 0
110.743 111.425 69.0 灭 0
111.425 112.107 72.0 心 0
112.334 112.902 71.0 还 0
112.902 113.13 69.0 - 0
113.13 115.971 69.0 在 1
131.305 131.987 60.0 把 0
131.987 132.214 52.0 - 0
132.214 133.123 52.0 每 0
133.123 134.032 53.0 天 1
134.622 135.077 53.0 当 0
135.077 135.531 52.0 成 0
135.531 135.986 59.0 是 0
135.986 136.44 59.0 末 0
136.44 136.895 52.0 日 0
136.895 137.349 59.0 来 0
137.349 137.69 60.0 相 0
137.69 138.258 60.0 爱 1
138.609 139.518 57.0 一 0
139.518 139.973 57.0 分 0
139.973 140.427 55.0 一 0
140.427 141.109 53.0 秒 1
141.918 142.372 52.0 都 0
142.372 142.827 50.0 美 0
142.827 143.281 53.0 到 0
143.281 143.736 62.0 泪 0
143.736 144.19 60.0 水 0
144.19 144.645 60.0 掉 0
144.645 145.1 59.0 下 0
145.1 146.009 59.0 来 1
146.015 146.696 60.0 不 0
146.696 146.924 52.0 - 0
146.924 147.833 52.0 理 0
147.833 148.742 53.0 会 1
149.056 149.511 53.0 别 0
149.511 149.966 52.0 人 0
149.966 150.42 59.0 是 0
150.42 150.875 59.0 看 0
150.875 151.329 52.0 好 0
151.329 151.784 59.0 或 0
151.784 152.011 60.0 看 0
152.011 152.466 60.0 坏 1
152.596 153.05 64.0 只 0
153.05 153.391 64.0 要 0
153.391 153.618 64.0 你 0
153.618 153.846 64.0 勇 0
153.846 154.186 65.0 - 0
154.186 155.096 57.0 敢 1
155.947 156.401 57.0 跟 0
156.401 156.856 56.0 我 0
156.856 160.038 57.0 来 1
160.453 162.271 65.0 爱 1
162.698 163.152 67.0 不 0
163.152 163.607 65.0 用 0
163.607 164.061 62.0 刻 0
164.061 164.516 65.0 意 0
164.516 164.971 64.0 安 0
164.971 166.789 64.0 排 1
167.635 168.089 62.0 凭 0
168.089 168.317 62.0 感 0
168.317 168.771 62.0 觉 0
168.771 169.226 64.0 去 0
169.226 169.453 64.0 亲 0
169.453 169.908 65.0 - 0
169.908 170.362 64.0 吻 0
170.362 170.589 62.0 相 0
170.589 171.271 59.0 拥 0
171.271 171.726 60.0 就 0
171.726 171.953 59.0 会 0
171.953 172.408 60.0 很 0
172.408 172.862 64.0 愉 0
172.862 173.317 64.0 快 1
173.568 174.022 57.0 享 0
174.022 174.477 60.0 受 0
174.477 174.932 64.0 现 0
174.932 175.841 65.0 在 1
176.396 176.623 65.0 别 0
176.623 176.851 67.0 一 0
176.851 177.305 69.0 开 0
177.305 177.533 69.0 怀 0
177.533 177.987 65.0 就 0
177.987 178.669 65.0 怕 0
178.669 179.123 65.0 受 0
179.123 179.351 64.0 伤 0
179.351 180.601 64.0 害 0
180.601 181.396 60.0 - 1
182.213 182.668 65.0 许 0
182.668 182.895 65.0 多 0
182.895 183.35 67.0 奇 0
183.35 184.031 69.0 迹 0
184.031 184.486 62.0 我 0
184.486 184.713 62.0 们 0
184.713 185.168 64.0 相 0
185.168 186.304 65.0 信 1
186.329 186.784 69.0 才 0
186.784 187.238 71.0 会 0
187.238 187.466 69.0 存 0
187.466 188.602 71.0 在 1
189.106 189.56 64.0 死 0
189.56 190.242 72.0 了 0
190.469 190.924 72.0 都 0
190.924 191.378 72.0 要 0
191.378 192.287 72.0 爱 1
192.826 193.28 74.0 不 0
193.28 193.735 71.0 淋 0
193.735 194.19 69.0 漓 0
194.19 194.644 65.0 尽 0
194.644 195.099 62.0 致 0
195.099 195.553 62.0 不 0
195.553 195.78 64.0 痛 0
195.78 196.462 64.0 快 1
196.798 197.252 65.0 感 0
197.252 197.48 65.0 情 0
197.48 197.934 67.0 多 0
197.934 198.616 69.0 深 0
198.616 199.071 62.0 只 0
199.071 199.298 62.0 有 0
199.298 199.752 64.0 这 0
199.752 200.434 65.0 样 1
201.013 201.24 69.0 才 0
201.24 201.467 69.0 足 0
201.467 201.922 71.0 够 0
201.922 202.149 69.0 表 0
202.149 203.285 71.0 白 1
203.583 204.038 64.0 死 0
204.038 204.719 72.0 了 0
204.947 205.401 72.0 都 0
205.401 205.856 72.0 要 0
205.856 206.538 72.0 爱 1
207.205 207.66 74.0 不 0
207.66 208.114 71.0 哭 0
208.114 208.569 69.0 到 0
208.569 209.024 65.0 微 0
209.024 209.478 62.0 笑 0
209.478 209.933 62.0 不 0
209.933 210.16 64.0 痛 0
210.16 210.842 64.0 快 1
211.287 211.742 65.0 宇 0
211.742 211.969 65.0 宙 0
211.969 212.424 67.0 毁 0
212.424 213.105 69.0 灭 0
213.105 213.787 72.0 心 0
214.015 214.583 71.0 还 0
214.583 214.924 69.0 - 0
214.924 217.765 69.0 在 1
218.095 218.323 72.0 穷 0
218.323 218.55 72.0 途 0
218.55 219.005 72.0 末 0
219.005 219.459 72.0 路 0
219.459 219.914 72.0 都 0
219.914 220.368 72.0 要 0
220.368 221.277 72.0 爱 1
221.89 222.344 74.0 不 0
222.344 222.799 71.0 极 0
222.799 223.253 69.0 度 0
223.253 223.708 65.0 浪 0
223.708 224.163 62.0 漫 0
224.163 224.617 62.0 不 0
224.617 224.844 64.0 痛 0
224.844 225.526 64.0 快 1
225.823 226.277 65.0 发 0
226.277 226.505 65.0 会 0
226.505 226.959 67.0 雪 0
226.959 227.641 69.0 白 0
227.641 228.095 62.0 土 0
228.095 228.323 62.0 会 0
228.323 228.777 64.0 掩 0
228.777 229.459 65.0 埋 1
229.984 230.211 69.0 思 0
230.211 230.438 69.0 念 0
230.438 230.893 71.0 不 0
230.893 231.12 69.0 腐 0
231.12 232.256 71.0 坏 1
232.659 233.113 72.0 到 0
233.113 233.568 72.0 绝 0
233.568 234.023 72.0 路 0
234.023 234.477 72.0 都 0
234.477 234.932 72.0 要 0
234.932 235.613 72.0 爱 1
236.444 236.899 74.0 不 0
236.899 237.353 71.0 天 0
237.353 237.808 69.0 荒 0
237.808 238.262 65.0 地 0
238.262 238.717 62.0 老 0
238.717 239.172 62.0 不 0
239.172 239.399 64.0 痛 0
239.399 240.081 64.0 快 1
240.503 240.958 65.0 不 0
240.958 241.185 65.0 怕 0
241.185 241.64 67.0 热 0
241.64 242.321 69.0 爱 0
242.321 242.549 71.0 变 0
242.549 243.003 72.0 - 0
243.23 243.912 71.0 火 0
243.912 244.14 69.0 - 0
244.14 246.867 69.0 海 1
247.751 248.205 65.0 爱 0
248.205 248.66 65.0 到 0
248.66 249.115 67.0 沸 0
249.115 249.796 69.0 腾 0
249.796 251.842 72.0 才 0
252.751 254.796 71.0 精 0
254.796 255.705 69.0 - 0
256.16 261.842 69.0 采 1
