15.809 16.05 61.0 如 0
16.05 16.291 63.0 果 0
16.291 16.758 65.0 那 0
16.758 17.225 65.0 两 0
17.225 17.693 63.0 个 0
17.693 18.16 65.0 字 0
18.16 18.402 63.0 没 0
18.402 18.644 61.0 有 0
18.644 18.886 60.0 颤 0
18.886 19.371 58.0 抖 1
19.543 19.785 53.0 我 0
19.785 20.028 58.0 不 0
20.028 20.393 56.0 会 0
20.758 21.002 58.0 发 0
21.002 21.367 60.0 现 0
21.367 21.732 58.0 我 0
21.732 21.976 56.0 难 0
21.976 22.464 58.0 受 1
22.966 23.21 61.0 怎 0
23.21 23.454 60.0 么 0
23.454 23.698 58.0 说 0
23.698 23.941 60.0 出 0
23.941 24.429 58.0 口 1
26.721 26.961 53.0 也 0
26.961 27.201 61.0 不 0
27.201 27.441 60.0 过 0
27.441 27.681 58.0 是 0
27.681 27.921 60.0 分 0
27.921 28.401 58.0 手 1
31.129 31.365 61.0 如 0
31.365 31.602 63.0 果 0
31.602 32.094 65.0 对 0
32.094 32.585 65.0 于 0
32.585 33.077 63.0 明 0
33.077 33.569 65.0 天 0
33.569 33.816 63.0 没 0
33.816 34.063 65.0 有 0
34.063 34.31 68.0 要 0
34.31 34.804 61.0 求 1
35.266 35.512 65.0 牵 0
35.512 35.994 63.0 牵 0
35.994 36.475 63.0 手 0
36.475 36.716 63.0 就 0
36.716 36.956 61.0 像 0
36.956 37.197 60.0 旅 0
37.197 37.681 61.0 游 1
38.346 38.589 53.0 成 0
38.589 38.832 61.0 千 0
38.832 39.075 60.0 上 0
39.075 39.318 58.0 万 0
39.318 39.561 60.0 个 0
39.561 39.805 61.0 门 0
39.805 40.536 58.0 口 1
42.072 42.312 53.0 总 0
42.312 42.551 61.0 有 0
42.551 42.791 60.0 一 0
42.791 43.031 58.0 个 0
43.031 43.271 56.0 人 0
43.271 43.757 58.0 要 0
43.757 44.0 60.0 先 0
44.0 44.729 58.0 走 1
47.869 48.109 56.0 怀 0
48.109 48.587 65.0 抱 0
48.587 48.826 63.0 既 0
48.826 49.065 61.0 然 0
49.065 49.556 63.0 不 0
49.556 49.801 65.0 能 0
49.801 50.292 63.0 逗 0
50.292 50.783 56.0 留 1
51.222 51.462 61.0 何 0
51.462 51.703 58.0 不 0
51.703 51.943 60.0 在 0
51.943 52.183 61.0 离 0
52.183 52.423 70.0 开 0
52.423 52.663 68.0 的 0
52.663 52.904 61.0 时 0
52.904 53.638 65.0 候 1
54.136 54.381 65.0 一 0
54.381 54.626 63.0 边 0
54.626 54.871 65.0 享 0
54.871 55.828 66.0 受 0
56.784 57.506 63.0 一 0
57.506 58.228 65.0 边 0
58.228 58.709 66.0 泪 0
58.709 60.638 65.0 流 1
61.542 61.784 61.0 十 0
61.784 62.027 63.0 年 0
62.027 62.512 68.0 之 0
62.512 62.755 65.0 - 0
62.755 63.243 65.0 前 1
63.39 63.879 65.0 我 0
63.879 64.123 66.0 不 0
64.123 64.368 68.0 认 0
64.368 64.612 70.0 识 0
64.612 65.099 63.0 你 0
65.343 65.83 63.0 你 0
65.83 66.073 66.0 不 0
66.073 66.317 65.0 属 0
66.317 66.56 63.0 于 0
66.56 67.042 61.0 我 1
67.292 67.775 53.0 我 0
67.775 68.016 63.0 们 0
68.016 68.257 61.0 还 0
68.257 68.498 60.0 是 0
68.498 68.982 60.0 一 0
68.982 69.467 58.0 样 1
69.65 69.892 61.0 陪 0
69.892 70.135 60.0 在 0
70.135 70.377 58.0 一 0
70.377 70.859 60.0 个 0
70.859 71.1 66.0 陌 0
71.1 71.341 65.0 生 0
71.341 71.823 63.0 人 0
71.823 72.064 60.0 左 0
72.064 72.782 61.0 右 1
73.623 73.862 61.0 走 0
73.862 74.101 63.0 过 0
74.101 74.339 65.0 渐 0
74.339 75.066 70.0 渐 0
75.066 75.308 68.0 熟 0
75.308 75.792 65.0 悉 0
75.792 76.035 68.0 的 0
76.035 76.521 65.0 街 0
76.521 76.766 63.0 头 1
77.021 77.266 61.0 十 0
77.266 77.51 63.0 年 0
77.51 78.0 68.0 之 0
78.0 78.245 65.0 - 0
78.245 78.727 65.0 后 1
78.827 79.309 65.0 我 0
79.309 79.551 66.0 们 0
79.551 79.792 68.0 是 0
79.792 80.033 70.0 朋 0
80.033 80.511 63.0 友 0
80.75 81.228 63.0 还 0
81.228 81.467 66.0 可 0
81.467 81.706 65.0 以 0
81.706 81.945 63.0 问 0
81.945 82.312 61.0 候 1
82.762 83.251 53.0 只 0
83.251 83.495 63.0 是 0
83.495 83.739 61.0 那 0
83.739 84.228 60.0 种 0
84.228 84.473 58.0 温 0
84.473 84.962 58.0 柔 1
85.182 85.427 61.0 再 0
85.427 85.671 60.0 也 0
85.671 85.916 58.0 找 0
85.916 86.394 60.0 不 0
86.394 86.633 66.0 到 0
86.633 86.871 65.0 拥 0
86.871 87.349 63.0 抱 0
87.349 87.588 65.0 的 0
87.588 88.072 61.0 理 0
88.072 88.561 61.0 由 1
88.996 89.24 61.0 情 0
89.24 89.485 63.0 人 0
89.485 89.729 65.0 最 0
89.729 90.448 70.0 后 0
90.448 90.687 68.0 难 0
90.687 91.166 65.0 免 0
91.166 91.405 61.0 沦 0
91.405 92.609 63.0 为 0
93.091 93.573 61.0 朋 0
93.573 95.512 61.0 友 1
117.681 117.92 56.0 怀 0
117.92 118.398 65.0 抱 0
118.398 118.637 63.0 既 0
118.637 118.877 61.0 然 0
118.877 119.364 63.0 不 0
119.364 119.608 65.0 能 0
119.608 120.095 63.0 逗 0
120.095 120.583 56.0 留 1
120.98 121.222 61.0 何 0
121.222 121.465 58.0 不 0
121.465 121.707 60.0 在 0
121.707 121.95 61.0 离 0
121.95 122.192 70.0 开 0
122.192 122.435 68.0 的 0
122.435 122.677 61.0 时 0
122.677 123.396 65.0 候 1
123.837 124.077 65.0 一 0
124.077 124.316 63.0 边 0
124.316 124.556 65.0 享 0
124.556 125.534 66.0 受 0
126.512 127.237 63.0 一 0
127.237 127.963 65.0 边 0
127.963 128.447 66.0 泪 0
128.447 130.366 65.0 流 1
131.134 131.377 61.0 十 0
131.377 131.62 63.0 年 0
131.62 132.107 68.0 之 0
132.107 132.35 65.0 - 0
132.35 132.836 65.0 前 1
133.082 133.568 65.0 我 0
133.568 133.811 66.0 不 0
133.811 134.054 68.0 认 0
134.054 134.297 70.0 识 0
134.297 134.78 63.0 你 0
135.022 135.505 63.0 你 0
135.505 135.747 66.0 不 0
135.747 135.989 65.0 属 0
135.989 136.23 63.0 于 0
136.23 136.712 61.0 我 1
137.009 137.49 53.0 我 0
137.49 137.731 63.0 们 0
137.731 137.972 61.0 还 0
137.972 138.213 60.0 是 0
138.213 138.697 60.0 一 0
138.697 139.181 58.0 样 1
139.342 139.584 61.0 陪 0
139.584 139.825 60.0 在 0
139.825 140.067 58.0 一 0
140.067 140.548 60.0 个 0
140.548 140.788 66.0 陌 0
140.788 141.028 65.0 生 0
141.028 141.509 63.0 人 0
141.509 141.749 60.0 左 0
141.749 142.479 61.0 右 1
143.246 143.491 61.0 走 0
143.491 143.736 63.0 过 0
143.736 143.981 65.0 渐 0
143.981 144.703 70.0 渐 0
144.703 144.944 68.0 熟 0
144.944 145.425 65.0 悉 0
145.425 145.666 68.0 的 0
145.666 146.151 65.0 街 0
146.151 146.395 63.0 头 1
146.653 146.897 61.0 十 0
146.897 147.141 63.0 年 0
147.141 147.628 68.0 之 0
147.628 147.872 65.0 - 0
147.872 148.352 65.0 后 1
148.648 149.127 65.0 我 0
149.127 149.367 66.0 们 0
149.367 149.607 68.0 是 0
149.607 149.846 70.0 朋 0
149.846 150.327 63.0 友 0
150.568 151.049 63.0 还 0
151.049 151.289 66.0 可 0
151.289 151.53 65.0 以 0
151.53 151.77 63.0 问 0
151.77 152.134 61.0 候 1
152.499 152.984 53.0 只 0
152.984 153.227 63.0 是 0
153.227 153.47 61.0 那 0
153.47 153.712 60.0 种 0
153.712 154.201 60.0 温 0
154.201 154.69 58.0 柔 1
154.879 155.123 61.0 再 0
155.123 155.367 60.0 也 0
155.367 155.612 58.0 找 0
155.612 156.091 60.0 不 0
156.091 156.331 66.0 到 0
156.331 156.57 65.0 拥 0
156.57 157.05 63.0 抱 0
157.05 157.289 65.0 的 0
157.289 157.773 61.0 理 0
157.773 158.262 61.0 由 1
158.621 158.865 61.0 情 0
158.865 159.11 63.0 人 0
159.11 159.354 65.0 最 0
159.354 160.077 70.0 后 0
160.077 160.317 68.0 难 0
160.317 160.799 65.0 免 0
160.799 161.04 61.0 沦 0
161.04 162.0 63.0 为 0
162.72 163.2 61.0 朋 0
163.2 165.138 61.0 友 1
168.064 168.307 61.0 直 0
168.307 168.55 63.0 到 0
168.55 169.029 65.0 和 0
169.029 169.508 65.0 你 0
169.508 169.987 63.0 做 0
169.987 170.466 65.0 了 0
170.466 170.71 63.0 多 0
170.71 170.955 65.0 年 0
170.955 171.199 68.0 朋 0
171.199 171.687 61.0 友 1
172.137 172.381 65.0 才 0
172.381 172.86 63.0 明 0
172.86 173.339 63.0 白 0
173.339 173.579 63.0 我 0
173.579 173.818 61.0 的 0
173.818 174.058 60.0 眼 0
174.058 174.654 61.0 泪 1
174.898 175.136 61.0 不 0
175.136 175.374 61.0 是 0
175.374 175.611 60.0 为 0
175.611 175.849 58.0 你 0
175.849 176.087 60.0 而 0
176.087 177.146 58.0 流 1
179.018 179.26 53.0 也 0
179.26 179.501 65.0 为 0
179.501 179.743 63.0 别 0
179.743 179.984 61.0 人 0
179.984 180.469 63.0 而 0
180.469 182.176 61.0 流 1
