32.862 33.695 60.0 风 0
34.112 34.529 63.0 吹 0
34.529 34.945 62.0 开 0
34.945 35.362 60.0 了 0
35.362 35.779 58.0 记 0
35.779 36.195 53.0 忆 0
36.195 36.82 56.0 的 0
36.82 37.654 55.0 锁 1
40.489 40.906 63.0 想 0
40.911 41.322 67.0 起 0
41.322 41.739 65.0 旧 0
41.739 42.156 62.0 时 0
42.156 42.572 58.0 的 0
42.577 43.307 62.0 你 0
43.307 44.656 63.0 我 1
46.222 46.639 60.0 曾 0
46.639 47.056 62.0 相 0
47.056 47.472 63.0 思 0
47.477 47.889 67.0 许 0
47.889 48.722 65.0 诺 1
49.691 50.107 65.0 曾 0
50.107 50.524 67.0 遗 0
50.524 50.941 70.0 憾 0
50.941 51.357 65.0 错 0
51.362 52.191 67.0 过 0
52.191 52.607 62.0 - 1
52.886 53.303 60.0 桃 0
53.303 53.719 62.0 花 0
53.719 54.136 63.0 飘 0
54.136 54.553 67.0 落 0
54.553 54.969 65.0 暗 0
54.969 55.386 62.0 香 0
55.391 56.011 62.0 藏 0
56.219 56.636 58.0 苦 0
56.636 57.886 60.0 涩 1
59.707 60.54 60.0 月 0
60.962 61.373 63.0 染 0
61.373 61.79 62.0 亮 0
61.79 62.207 60.0 十 0
62.207 62.623 58.0 里 0
62.623 63.457 53.0 夜 0
63.457 64.29 55.0 色 1
67.199 67.615 63.0 勾 0
67.62 68.032 67.0 起 0
68.032 68.449 65.0 眼 0
68.449 68.865 62.0 底 0
68.865 69.282 58.0 的 0
69.282 70.115 62.0 寂 0
70.115 71.365 63.0 寞 1
73.025 73.442 60.0 对 0
73.442 73.858 62.0 你 0
73.858 74.275 63.0 的 0
74.28 74.692 67.0 难 0
74.692 75.525 65.0 舍 1
76.292 76.709 65.0 任 0
76.709 77.126 67.0 沧 0
77.126 77.542 70.0 桑 0
77.542 77.959 65.0 淹 0
77.959 78.792 67.0 没 0
78.792 79.209 62.0 - 1
79.659 80.075 60.0 三 0
80.075 80.492 62.0 千 0
80.492 80.909 63.0 流 0
80.914 81.325 67.0 年 0
81.325 81.742 65.0 心 0
81.742 82.159 62.0 失 0
82.159 82.992 62.0 魂 0
82.992 83.409 58.0 落 0
83.409 84.659 60.0 魄 1
86.364 86.781 75.0 凄 0
86.781 87.198 74.0 - 0
87.198 87.823 72.0 凄 0
88.031 88.448 70.0 思 0
88.448 88.656 65.0 - 0
88.656 89.281 65.0 慕 1
89.68 90.096 67.0 心 0
90.096 90.513 70.0 碎 0
90.513 90.93 65.0 到 0
90.935 91.555 67.0 奈 0
91.555 92.388 60.0 何 1
92.959 93.376 58.0 剪 0
93.376 93.792 60.0 不 0
93.792 94.209 63.0 断 0
94.209 94.626 70.0 纠 0
94.626 95.251 65.0 葛 1
95.461 95.878 63.0 越 0
95.878 96.294 65.0 想 0
96.294 96.711 67.0 忘 0
96.716 97.128 70.0 记 0
97.128 97.544 65.0 越 0
97.544 97.961 63.0 深 0
97.961 98.378 67.0 - 0
98.378 99.211 67.0 刻 1
99.681 100.097 75.0 忘 0
100.097 100.931 72.0 了 0
101.347 101.764 70.0 醉 0
101.764 101.972 65.0 - 0
101.972 102.597 65.0 了 1
102.864 103.281 67.0 以 0
103.286 103.697 70.0 为 0
103.697 104.114 65.0 放 0
104.119 104.531 67.0 下 0
104.531 105.364 60.0 了 1
106.232 106.649 58.0 却 0
106.649 107.066 60.0 在 0
107.066 107.482 63.0 梦 0
107.488 107.899 70.0 醒 0
107.899 108.524 65.0 后 0
108.524 108.732 67.0 - 1
109.227 109.644 63.0 想 0
109.644 110.06 75.0 起 0
110.06 110.269 74.0 - 0
110.269 111.31 72.0 你 0
111.31 111.727 75.0 泪 0
111.727 112.352 72.0 - 0
112.56 113.394 70.0 滑 0
113.399 115.894 72.0 落 1
116.2 117.45 72.0 啊 0
117.45 118.7 67.0 - 0
119.117 121.2 67.0 啊 0
122.867 123.7 65.0 啊 0
123.7 124.95 60.0 - 0
126.2 127.034 63.0 啊 0
127.034 128.284 60.0 - 1
146.184 147.018 60.0 花 0
147.434 147.851 63.0 纷 0
147.851 148.268 62.0 落 0
148.268 148.684 60.0 以 0
148.684 149.101 58.0 为 0
149.101 149.518 53.0 你 0
149.523 150.143 56.0 来 0
150.143 150.976 55.0 过 1
153.755 154.172 63.0 我 0
154.177 154.589 67.0 眼 0
154.589 155.005 65.0 前 0
155.005 155.422 62.0 的 0
155.422 155.839 58.0 泪 0
155.839 156.672 62.0 斑 0
156.677 157.922 63.0 驳 1
159.669 160.085 60.0 说 0
160.085 160.502 62.0 不 0
160.502 160.919 63.0 清 0
160.924 161.335 67.0 悔 0
161.335 162.169 65.0 过 1
163.013 163.43 65.0 道 0
163.43 163.846 67.0 不 0
163.846 164.263 70.0 尽 0
164.263 164.685 65.0 难 0
164.685 165.305 67.0 舍 0
165.305 165.93 62.0 - 1
166.329 166.746 60.0 孤 0
166.746 167.163 62.0 独 0
167.163 167.579 63.0 和 0
167.579 167.996 67.0 脆 0
167.996 168.413 65.0 弱 0
168.413 168.829 62.0 被 0
168.829 169.454 62.0 痛 0
169.663 170.079 58.0 牵 0
170.085 171.329 60.0 扯 1
172.953 173.786 60.0 当 0
174.203 174.62 63.0 你 0
174.62 175.036 62.0 再 0
175.036 175.453 60.0 次 0
175.453 175.87 58.0 说 0
176.286 176.703 53.0 爱 0
176.703 177.536 55.0 我 1
180.547 180.964 63.0 当 0
180.964 181.38 67.0 悲 0
181.38 181.797 65.0 欢 0
181.797 182.214 62.0 再 0
182.214 182.63 58.0 次 0
182.63 183.464 62.0 交 0
183.464 184.297 63.0 错 0
184.297 185.13 62.0 - 1
186.262 186.679 60.0 才 0
186.679 187.096 62.0 恍 0
187.096 187.512 63.0 然 0
187.518 187.929 67.0 懂 0
187.929 188.762 65.0 了 1
189.654 190.07 65.0 对 0
190.07 190.487 67.0 你 0
190.487 190.904 70.0 的 0
190.904 191.32 65.0 执 0
191.326 192.154 67.0 着 0
192.154 192.57 62.0 - 1
192.952 193.369 60.0 是 0
193.369 193.785 62.0 我 0
193.785 194.202 63.0 无 0
194.207 194.619 67.0 法 0
194.619 195.035 65.0 割 0
195.035 195.244 62.0 舍 0
195.244 195.869 62.0 的 0
196.285 196.702 58.0 脉 0
196.707 198.369 60.0 搏 1
199.538 199.954 75.0 凄 0
199.954 200.371 74.0 - 0
200.371 201.204 72.0 凄 0
201.204 201.621 70.0 思 0
201.621 201.829 65.0 - 0
201.829 202.454 65.0 慕 1
202.897 203.314 67.0 心 0
203.314 203.73 70.0 碎 0
203.73 204.147 65.0 到 0
204.147 204.517 67.0 奈 0
204.569 204.73 60.0 - 0
204.772 205.605 60.0 何 1
206.3 206.717 58.0 剪 0
206.717 207.134 60.0 不 0
207.134 207.55 63.0 断 0
207.55 207.967 70.0 纠 0
207.967 208.592 65.0 葛 1
208.797 209.214 63.0 越 0
209.214 209.631 65.0 想 0
209.631 210.047 67.0 忘 0
210.047 210.464 70.0 记 0
210.464 210.881 65.0 越 0
210.881 211.297 63.0 深 0
211.297 211.714 67.0 - 0
211.714 212.547 67.0 刻 1
212.939 213.356 75.0 忘 0
213.356 213.564 74.0 - 0
213.564 214.606 72.0 了 0
214.606 215.022 70.0 醉 0
215.022 215.231 65.0 - 0
215.231 215.856 65.0 了 1
216.276 216.693 67.0 以 0
216.698 217.11 70.0 为 0
217.11 217.526 65.0 放 0
217.526 217.943 67.0 下 0
217.943 218.776 60.0 了 1
219.67 220.086 58.0 却 0
220.086 220.503 60.0 在 0
220.503 220.92 63.0 梦 0
220.925 221.336 70.0 醒 0
221.336 221.961 65.0 后 0
221.961 222.17 67.0 - 1
222.464 222.881 63.0 想 0
222.881 223.298 75.0 起 0
223.298 223.506 74.0 - 0
223.506 224.131 72.0 你 0
224.548 224.964 75.0 泪 0
224.964 225.798 72.0 - 0
225.798 226.631 70.0 滑 0
226.631 229.548 72.0 落 1
239.544 239.96 75.0 花 0
239.96 240.169 74.0 - 0
240.169 241.21 72.0 开 0
241.21 241.58 70.0 花 0
241.632 241.835 65.0 - 0
241.835 242.46 65.0 落 1
242.931 243.348 67.0 心 0
243.348 243.764 70.0 伤 0
243.764 244.181 65.0 谁 0
244.186 244.598 67.0 缝 0
244.598 245.431 60.0 合 1
246.276 246.693 58.0 解 0
246.693 247.11 60.0 不 0
247.11 247.526 63.0 开 0
247.526 247.943 70.0 因 0
247.943 248.568 65.0 果 1
248.806 249.223 63.0 三 0
249.223 249.64 65.0 生 0
249.64 250.056 67.0 桃 0
250.056 250.473 70.0 花 0
250.473 250.89 65.0 柔 0
250.89 251.306 63.0 情 0
251.306 251.723 67.0 - 0
251.723 252.556 67.0 多 1
252.914 253.331 75.0 相 0
253.331 253.539 74.0 - 0
253.539 254.581 72.0 思 0
254.586 254.794 68.0 难 0
254.794 255.206 70.0 - 0
255.206 255.831 65.0 舍 1
256.241 256.658 67.0 倾 0
256.658 257.075 70.0 心 0
257.075 257.491 65.0 花 0
257.497 257.908 67.0 一 0
257.908 258.741 60.0 朵 1
259.551 259.967 58.0 愿 0
259.967 260.384 60.0 执 0
260.384 260.801 63.0 手 0
260.806 261.217 70.0 白 0
261.217 261.842 65.0 头 0
261.842 262.051 67.0 - 1
262.611 263.028 63.0 看 0
263.028 263.445 75.0 芳 0
263.445 263.653 74.0 - 0
263.653 264.278 72.0 华 0
264.695 265.111 75.0 醉 0
265.111 265.945 72.0 - 0
265.945 266.778 70.0 春 0
266.778 269.278 72.0 风 1
269.901 270.943 72.0 啊 0
270.943 272.193 67.0 - 0
272.609 274.276 67.0 啊 0
276.359 277.193 65.0 啊 0
277.193 278.443 60.0 - 0
279.693 280.526 65.0 啊 0
280.526 282.193 60.0 - 1
