16.704 17.129 45.0 小 0
17.129 17.553 47.0 河 0
17.553 18.313 50.0 弯 0
18.313 19.072 50.0 弯 0
19.832 20.085 54.0 向 0
20.085 20.338 52.0 - 0
20.338 20.845 50.0 南 0
20.845 21.984 45.0 流 1
22.927 23.307 50.0 流 0
23.307 23.686 52.0 到 0
23.686 24.446 54.0 香 0
24.446 25.205 54.0 江 0
25.585 25.965 57.0 去 0
25.965 26.218 54.0 看 0
26.218 26.471 52.0 - 0
26.471 26.724 50.0 一 0
26.724 27.104 52.0 - 0
27.104 27.61 52.0 看 1
28.473 28.853 57.0 东 0
28.853 29.423 57.0 方 0
29.423 29.612 57.0 之 0
29.612 31.511 57.0 珠 0
31.701 32.081 45.0 我 0
32.081 32.271 49.0 的 0
32.271 32.65 50.0 - 0
32.65 33.03 49.0 爱 0
33.03 33.41 47.0 人 0
33.41 34.169 47.0 - 1
35.438 35.627 45.0 你 0
35.627 35.817 50.0 的 0
35.817 36.197 54.0 风 0
36.197 36.577 50.0 采 0
36.577 36.767 57.0 是 0
36.767 37.146 54.0 否 0
37.146 37.336 57.0 浪 0
37.336 37.716 59.0 - 0
37.716 38.096 57.0 漫 0
38.096 38.476 50.0 依 0
38.476 39.235 52.0 - 0
39.235 40.374 52.0 然 1
41.095 41.475 45.0 月 0
41.475 41.854 47.0 而 0
41.854 42.614 50.0 弯 0
42.614 43.373 50.0 弯 0
44.133 44.386 54.0 的 0
44.386 44.639 52.0 - 0
44.639 45.209 50.0 海 0
45.272 46.285 45.0 港 1
47.077 47.457 50.0 夜 0
47.457 47.836 52.0 色 0
47.836 48.596 54.0 深 0
48.596 49.355 54.0 深 0
49.735 50.115 57.0 灯 0
50.115 50.368 54.0 光 0
50.368 50.621 52.0 - 0
50.621 50.874 50.0 闪 0
50.874 51.254 52.0 - 0
51.254 51.76 52.0 亮 1
52.803 53.183 57.0 东 0
53.183 53.752 57.0 方 0
53.752 53.942 57.0 之 0
53.942 55.841 57.0 珠 0
55.841 56.221 45.0 整 0
56.221 56.98 50.0 夜 0
56.98 57.36 49.0 未 0
57.36 58.499 47.0 眠 1
59.649 59.839 45.0 守 0
59.839 60.029 50.0 着 0
60.029 60.409 54.0 沧 0
60.409 60.789 50.0 海 0
60.789 60.979 57.0 桑 0
60.979 61.358 54.0 田 0
61.358 61.548 57.0 变 0
61.548 61.928 59.0 - 0
61.928 62.308 57.0 幻 0
62.308 62.687 52.0 的 0
62.687 63.446 54.0 诺 0
63.446 64.584 50.0 言 1
65.856 66.235 50.0 让 0
66.235 67.373 55.0 海 0
67.373 67.752 59.0 风 0
67.752 68.511 62.0 吹 0
68.511 68.7 61.0 拂 0
68.7 69.08 59.0 了 0
69.08 69.269 57.0 - 0
69.269 70.407 57.0 五 0
70.407 70.786 62.0 千 0
70.786 71.545 54.0 年 1
71.564 71.817 50.0 每 0
71.817 72.07 54.0 一 0
72.07 72.323 59.0 滴 0
72.323 72.702 57.0 泪 0
72.702 73.081 57.0 珠 0
73.081 73.334 49.0 仿 0
73.334 73.587 52.0 佛 0
73.587 73.84 59.0 都 0
73.84 74.219 57.0 说 0
74.219 74.598 57.0 出 0
74.598 74.851 55.0 你 0
74.851 75.104 52.0 的 0
75.104 75.357 59.0 尊 0
75.357 75.736 57.0 - 0
75.736 76.874 57.0 严 1
77.959 78.338 50.0 让 0
78.338 79.476 55.0 海 0
79.476 79.855 59.0 潮 0
79.855 80.613 62.0 伴 0
80.613 80.803 61.0 我 0
80.803 81.182 59.0 来 0
81.182 81.372 57.0 - 0
81.372 82.51 57.0 保 0
82.51 82.889 62.0 佑 0
82.889 83.648 54.0 你 1
83.671 83.923 50.0 请 0
83.923 84.176 54.0 别 0
84.176 84.429 59.0 忘 0
84.429 84.808 57.0 记 0
84.808 85.188 57.0 我 0
85.188 85.44 49.0 永 0
85.44 85.693 52.0 远 0
85.693 85.946 59.0 不 0
85.946 86.325 57.0 变 0
86.705 86.958 52.0 黄 0
86.958 87.21 54.0 色 0
87.21 87.463 52.0 的 0
87.463 87.842 50.0 - 0
87.842 88.98 50.0 脸 1
89.67 90.049 45.0 船 0
90.049 90.428 47.0 儿 0
90.428 91.187 50.0 弯 0
91.187 91.945 50.0 弯 0
92.704 92.957 54.0 入 0
92.957 93.21 52.0 - 0
93.21 93.779 50.0 海 0
93.842 94.853 45.0 港 1
95.777 96.156 50.0 回 0
96.156 96.536 52.0 头 0
96.536 97.294 54.0 望 0
97.294 98.053 54.0 望 0
98.432 98.811 57.0 沧 0
98.811 99.064 54.0 海 0
99.064 99.317 52.0 - 0
99.317 99.57 50.0 茫 0
99.57 99.949 52.0 - 0
99.949 100.455 52.0 茫 1
101.351 101.73 57.0 东 0
101.73 102.299 57.0 方 0
102.299 102.489 57.0 之 0
102.489 104.385 57.0 珠 0
104.385 105.049 45.0 拥 0
105.049 105.523 50.0 抱 0
105.523 105.902 49.0 着 0
105.902 107.04 47.0 我 1
108.262 108.452 45.0 让 0
108.452 108.641 50.0 我 0
108.641 109.02 54.0 温 0
109.02 109.4 50.0 暖 0
109.4 109.589 57.0 你 0
109.589 109.969 54.0 那 0
109.969 110.158 57.0 沧 0
110.158 110.538 59.0 - 0
110.538 110.917 57.0 凉 0
110.917 111.296 52.0 的 0
111.296 112.055 54.0 胸 0
112.055 113.192 50.0 膛 1
114.348 114.727 50.0 让 0
114.727 115.865 55.0 海 0
115.865 116.245 59.0 风 0
116.245 117.003 62.0 吹 0
117.003 117.193 61.0 拂 0
117.193 117.572 59.0 了 0
117.572 117.762 57.0 - 0
117.762 118.899 57.0 五 0
118.899 119.279 62.0 千 0
119.279 120.037 54.0 年 1
120.107 120.36 50.0 每 0
120.36 120.613 54.0 一 0
120.613 120.866 59.0 滴 0
120.866 121.245 57.0 泪 0
121.245 121.624 57.0 珠 0
121.624 121.877 49.0 仿 0
121.877 122.13 52.0 佛 0
122.13 122.383 59.0 都 0
122.383 122.762 57.0 说 0
122.762 123.141 57.0 出 0
123.141 123.394 55.0 你 0
123.394 123.647 52.0 的 0
123.647 123.9 59.0 尊 0
123.9 124.279 57.0 - 0
124.279 125.417 57.0 严 1
126.498 126.877 50.0 让 0
126.877 128.015 55.0 海 0
128.015 128.394 59.0 潮 0
128.394 129.153 62.0 伴 0
129.153 129.342 61.0 我 0
129.342 129.721 59.0 来 0
129.721 129.911 57.0 - 0
129.911 131.049 57.0 保 0
131.049 131.428 62.0 佑 0
131.428 132.187 54.0 你 1
132.204 132.457 50.0 请 0
132.457 132.709 54.0 别 0
132.709 132.962 59.0 忘 0
132.962 133.342 57.0 记 0
133.342 133.721 57.0 我 0
133.721 133.974 49.0 永 0
133.974 134.226 52.0 远 0
134.226 134.479 59.0 不 0
134.479 134.859 57.0 变 0
135.238 135.491 52.0 黄 0
135.491 135.744 54.0 色 0
135.744 135.996 52.0 的 0
135.996 136.376 50.0 - 0
136.376 137.513 50.0 脸 1
138.138 138.517 45.0 船 0
138.517 138.897 47.0 儿 0
138.897 139.655 50.0 弯 0
139.655 140.414 50.0 弯 0
141.172 141.457 54.0 入 0
141.457 141.678 52.0 - 0
141.741 142.405 50.0 海 0
142.405 143.321 45.0 港 1
144.341 144.721 50.0 回 0
144.721 145.1 52.0 头 0
145.1 145.858 54.0 望 0
145.858 146.617 54.0 望 0
146.996 147.375 57.0 沧 0
147.375 147.628 54.0 海 0
147.628 147.881 52.0 - 0
147.881 148.134 50.0 茫 0
148.134 148.513 52.0 - 0
148.513 149.019 52.0 茫 1
150.034 150.414 57.0 东 0
150.414 150.982 57.0 方 0
150.982 151.172 57.0 之 0
151.172 153.068 57.0 珠 0
153.068 153.827 45.0 拥 0
153.827 154.206 50.0 抱 0
154.206 154.585 49.0 着 0
154.585 155.534 47.0 我 1
156.896 157.086 45.0 让 0
157.086 157.275 50.0 我 0
157.275 157.655 54.0 温 0
157.655 158.034 50.0 暖 0
158.034 158.224 57.0 你 0
158.224 158.603 54.0 那 0
158.603 158.792 57.0 沧 0
158.792 159.172 59.0 - 0
159.172 159.551 57.0 凉 0
159.551 159.93 52.0 的 0
159.93 160.689 54.0 胸 0
160.689 161.827 50.0 膛 1
178.071 178.45 50.0 让 0
178.45 179.588 55.0 海 0
179.588 179.967 59.0 风 0
179.967 180.726 62.0 吹 0
180.726 180.916 61.0 拂 0
180.916 181.295 59.0 了 0
181.295 181.484 57.0 - 0
181.484 182.622 57.0 五 0
182.622 183.001 62.0 千 0
183.001 183.76 54.0 年 1
183.771 184.024 50.0 每 0
184.024 184.277 54.0 一 0
184.277 184.53 59.0 滴 0
184.53 184.909 57.0 泪 0
184.909 185.288 57.0 珠 0
185.288 185.541 49.0 仿 0
185.541 185.794 52.0 佛 0
185.794 186.047 59.0 都 0
186.047 186.426 57.0 说 0
186.426 186.805 57.0 出 0
186.805 187.058 55.0 你 0
187.058 187.311 52.0 的 0
187.311 187.564 59.0 尊 0
187.564 187.943 57.0 - 0
187.943 189.081 57.0 严 1
190.08 190.459 50.0 让 0
190.459 191.597 55.0 海 0
191.597 191.976 59.0 潮 0
191.976 192.734 62.0 伴 0
192.734 192.924 61.0 我 0
192.924 193.303 59.0 来 0
193.303 193.493 57.0 - 0
193.493 194.631 57.0 保 0
194.631 195.01 62.0 佑 0
195.01 195.769 54.0 你 1
195.773 196.025 50.0 请 0
196.025 196.278 54.0 别 0
196.278 196.531 59.0 忘 0
196.531 196.91 57.0 记 0
196.91 197.29 57.0 我 0
197.29 197.542 49.0 永 0
197.542 197.795 52.0 远 0
197.795 198.048 59.0 不 0
198.048 198.427 57.0 变 0
198.807 199.06 52.0 黄 0
199.06 199.312 54.0 色 0
199.312 199.565 52.0 的 0
199.565 199.95 50.0 - 0
199.95 201.105 50.0 脸 1
202.272 202.657 50.0 让 0
202.657 203.795 55.0 海 0
203.795 204.174 59.0 风 0
204.174 204.932 62.0 吹 0
204.932 205.122 61.0 拂 0
205.122 205.501 59.0 了 0
205.501 205.691 57.0 - 0
205.691 206.829 57.0 五 0
206.829 207.208 62.0 千 0
207.208 207.966 54.0 年 1
208.105 208.358 50.0 每 0
208.358 208.611 54.0 一 0
208.611 208.864 59.0 滴 0
208.864 209.243 57.0 泪 0
209.243 209.623 57.0 珠 0
209.623 209.875 49.0 仿 0
209.875 210.128 52.0 佛 0
210.128 210.381 59.0 都 0
210.381 210.76 57.0 说 0
210.76 211.14 57.0 出 0
211.14 211.392 55.0 你 0
211.392 211.645 52.0 的 0
211.645 211.898 59.0 尊 0
211.898 212.277 57.0 - 0
212.277 213.415 57.0 严 1
214.47 214.849 50.0 让 0
214.849 215.987 55.0 海 0
215.987 216.366 59.0 潮 0
216.366 217.125 62.0 伴 0
217.125 217.314 61.0 我 0
217.314 217.694 59.0 来 0
217.694 217.883 57.0 - 0
217.883 219.021 57.0 保 0
219.021 219.4 62.0 佑 0
219.4 220.159 54.0 你 1
220.253 220.506 50.0 请 0
220.506 220.759 54.0 别 0
220.759 221.012 59.0 忘 0
221.012 221.391 57.0 记 0
221.391 221.77 57.0 我 0
221.77 222.023 49.0 永 0
222.023 222.276 52.0 远 0
222.276 222.529 59.0 不 0
222.529 222.908 57.0 变 0
223.287 223.54 52.0 黄 0
223.54 223.793 54.0 色 0
223.793 224.046 52.0 的 0
224.046 224.425 50.0 - 0
224.425 225.563 50.0 脸 1
226.18 226.433 50.0 请 0
226.433 226.686 54.0 别 0
226.686 226.939 59.0 忘 0
226.939 227.356 57.0 记 0
227.356 227.773 57.0 我 0
227.773 228.068 49.0 永 0
228.068 228.362 52.0 远 0
228.362 228.656 59.0 不 0
228.656 230.175 57.0 变 0
230.934 231.417 52.0 黄 0
231.417 231.9 54.0 色 0
231.9 232.218 52.0 的 0
232.218 232.854 50.0 - 0
232.854 235.888 50.0 脸 1
