14.953 15.069 52.0 我 0
15.214 15.36 57.0 喜 0
15.474 15.579 59.0 欢 0
15.735 15.886 59.0 你 0
15.996 16.067 61.0 冷 0
16.257 16.372 61.0 冷 0
16.518 16.637 59.0 态 0
16.779 17.131 61.0 度 1
17.228 17.489 59.0 面 0
17.489 17.636 57.0 对 0
17.75 18.011 59.0 我 0
18.011 18.096 61.0 的 0
18.272 18.468 61.0 小 0
18.533 18.744 59.0 招 0
18.794 19.081 61.0 数 1
19.26 19.521 59.0 喜 0
19.521 19.665 57.0 欢 0
19.782 19.97 61.0 你 0
20.043 20.153 62.0 说 0
20.304 20.507 62.0 话 0
20.565 20.679 61.0 语 0
20.826 21.139 62.0 速 1
21.347 21.6 59.0 陪 0
21.608 21.765 57.0 你 0
21.869 22.096 61.0 逛 0
22.13 22.391 62.0 街 0
22.391 22.579 61.0 买 0
22.652 22.798 57.0 衣 0
22.913 23.097 59.0 服 1
23.215 23.325 52.0 我 0
23.476 23.624 59.0 喜 0
23.737 23.842 59.0 欢 0
23.998 24.123 59.0 你 0
24.259 24.337 61.0 的 0
24.52 24.644 61.0 小 0
24.781 24.894 59.0 糊 0
25.042 25.281 61.0 涂 1
25.51 25.687 59.0 想 0
25.771 25.895 57.0 要 0
26.032 26.178 59.0 牵 0
26.293 26.378 61.0 你 0
26.554 26.677 61.0 过 0
26.815 26.927 59.0 马 0
27.076 27.307 61.0 路 1
27.775 28.008 59.0 不 0
28.036 28.173 57.0 用 0
28.297 28.432 61.0 走 0
28.558 28.672 62.0 太 0
28.819 28.965 62.0 多 0
29.08 29.181 61.0 地 0
29.34 29.623 62.0 图 1
29.777 30.017 59.0 下 0
30.038 30.166 57.0 一 0
30.299 30.503 61.0 站 0
30.56 30.704 62.0 就 0
30.821 30.941 61.0 叫 0
31.082 31.201 57.0 幸 0
31.342 31.864 59.0 福 1
32.616 32.723 54.0 眼 0
32.877 33.02 57.0 睛 0
33.138 33.264 54.0 瞪 0
33.268 33.591 57.0 大 0
33.659 33.778 54.0 在 0
33.92 34.065 57.0 装 0
34.186 34.31 57.0 无 0
34.442 34.594 57.0 辜 1
34.706 34.838 54.0 原 0
34.967 35.122 57.0 来 0
35.205 35.296 54.0 最 0
35.358 35.677 57.0 后 0
35.749 35.857 54.0 于 0
36.01 36.134 57.0 事 0
36.276 36.385 59.0 无 0
36.532 36.648 57.0 补 1
36.859 36.958 54.0 不 0
37.12 37.249 57.0 知 0
37.38 37.463 54.0 你 0
37.511 37.743 57.0 卖 0
37.902 38.015 54.0 什 0
38.163 38.309 57.0 么 0
38.424 38.503 59.0 葫 0
38.685 39.041 61.0 芦 0
39.207 39.355 62.0 心 0
39.467 39.843 61.0 里 0
39.989 40.25 57.0 没 0
40.511 40.772 57.0 数 1
40.908 41.108 54.0 追 0
41.168 41.41 57.0 你 0
41.429 41.56 54.0 的 0
41.56 41.888 57.0 竞 0
41.951 42.15 54.0 争 0
42.212 42.454 57.0 太 0
42.473 42.629 59.0 残 0
42.734 42.872 57.0 酷 1
42.979 43.077 54.0 都 0
43.239 43.361 57.0 猜 0
43.5 43.631 54.0 你 0
43.631 43.948 57.0 心 0
44.022 44.13 54.0 里 0
44.283 44.408 57.0 的 0
44.544 44.681 59.0 温 0
44.805 44.926 57.0 度 1
45.212 45.312 54.0 你 0
45.472 45.585 57.0 收 0
45.733 45.825 54.0 的 0
45.864 45.995 57.0 礼 0
46.255 46.356 54.0 物 0
46.516 46.644 57.0 都 0
46.777 46.897 59.0 装 0
47.038 47.425 61.0 满 0
47.559 47.701 62.0 了 0
47.815 48.108 61.0 一 0
48.342 48.731 57.0 仓 0
48.864 48.969 59.0 库 1
49.156 49.307 56.0 妈 0
49.677 49.802 56.0 妈 0
49.938 50.46 56.0 说 0
50.46 50.639 49.0 有 0
50.982 51.122 49.0 机 0
51.243 51.484 59.0 会 0
51.503 51.635 57.0 要 0
51.764 51.887 56.0 紧 0
52.025 53.145 57.0 握 1
53.228 53.477 56.0 我 0
53.75 53.833 56.0 不 0
54.011 54.265 56.0 会 0
54.533 54.751 49.0 让 0
55.055 55.14 49.0 你 0
55.315 55.498 59.0 轻 0
55.576 55.707 61.0 易 0
55.844 55.959 59.0 挣 0
56.098 56.738 57.0 脱 1
56.867 57.001 57.0 平 0
57.128 57.271 59.0 时 0
57.388 57.747 61.0 太 0
57.91 58.019 57.0 沉 0
58.171 58.544 57.0 默 1
58.723 58.886 57.0 这 0
59.244 59.354 57.0 次 0
59.505 59.766 64.0 要 0
60.027 60.288 56.0 突 0
60.288 60.549 57.0 破 1
60.9 61.0 57.0 快 0
61.161 61.265 57.0 使 0
61.421 61.517 54.0 出 0
61.682 61.817 62.0 海 0
61.943 62.074 61.0 绵 0
62.204 62.37 62.0 宝 0
62.465 62.632 61.0 宝 0
62.726 62.951 62.0 的 0
62.987 63.248 64.0 幽 0
63.508 64.47 64.0 默 1
65.081 65.197 52.0 我 0
65.341 65.488 57.0 喜 0
65.602 65.707 59.0 欢 0
65.863 66.014 59.0 你 0
66.124 66.195 61.0 冷 0
66.385 66.5 61.0 冷 0
66.646 66.765 59.0 态 0
66.907 67.259 61.0 度 1
67.42 67.681 59.0 面 0
67.681 67.828 57.0 对 0
67.942 68.203 59.0 我 0
68.203 68.288 61.0 的 0
68.464 68.66 61.0 小 0
68.725 68.936 59.0 招 0
68.986 69.273 61.0 数 1
69.395 69.656 59.0 喜 0
69.656 69.8 57.0 欢 0
69.917 70.105 61.0 你 0
70.178 70.288 62.0 说 0
70.439 70.642 62.0 话 0
70.7 70.814 61.0 语 0
70.961 71.274 62.0 速 1
71.474 71.727 59.0 陪 0
71.735 71.892 57.0 你 0
71.996 72.223 61.0 逛 0
72.257 72.518 62.0 街 0
72.518 72.706 61.0 买 0
72.779 72.925 57.0 衣 0
73.04 73.224 59.0 服 1
73.426 73.536 52.0 我 0
73.687 73.835 57.0 喜 0
73.948 74.053 59.0 欢 0
74.209 74.334 59.0 你 0
74.47 74.548 61.0 的 0
74.731 74.855 61.0 小 0
74.992 75.105 59.0 糊 0
75.253 75.492 61.0 涂 1
75.701 75.878 59.0 想 0
75.962 76.086 57.0 要 0
76.223 76.369 59.0 牵 0
76.484 76.569 61.0 你 0
76.745 76.868 61.0 过 0
77.006 77.118 59.0 马 0
77.266 77.498 61.0 路 1
77.737 77.97 59.0 不 0
77.998 78.135 57.0 用 0
78.259 78.394 61.0 走 0
78.52 78.634 62.0 太 0
78.781 78.927 62.0 多 0
79.042 79.143 61.0 地 0
79.302 79.585 62.0 图 1
79.811 80.051 59.0 下 0
80.072 80.2 57.0 一 0
80.333 80.537 61.0 站 0
80.594 80.738 62.0 就 0
80.855 80.975 61.0 叫 0
81.115 81.235 57.0 幸 0
81.376 81.833 59.0 福 0
81.898 82.811 57.0 - 1
99.356 99.464 54.0 眼 0
99.617 99.761 57.0 睛 0
99.878 99.968 54.0 瞪 0
100.009 100.331 57.0 大 0
100.4 100.518 54.0 在 0
100.661 100.805 57.0 装 0
100.922 101.051 59.0 无 0
101.182 101.335 57.0 辜 1
101.471 101.604 54.0 原 0
101.732 101.888 57.0 来 0
101.97 102.062 54.0 最 0
102.123 102.443 57.0 后 0
102.515 102.622 54.0 于 0
102.776 102.9 57.0 事 0
103.037 103.151 59.0 无 0
103.297 103.414 57.0 补 1
103.586 103.685 54.0 不 0
103.847 103.976 57.0 知 0
104.108 104.191 54.0 你 0
104.238 104.471 57.0 卖 0
104.63 104.743 54.0 什 0
104.891 105.036 57.0 么 0
105.151 105.231 59.0 葫 0
105.412 105.769 61.0 芦 0
105.934 106.083 62.0 心 0
106.195 106.571 61.0 里 0
106.717 106.978 57.0 没 0
107.238 107.499 57.0 数 1
107.776 107.976 54.0 追 0
108.037 108.278 57.0 你 0
108.298 108.428 54.0 的 0
108.428 108.757 57.0 竞 0
108.82 109.019 54.0 争 0
109.081 109.323 57.0 太 0
109.341 109.498 59.0 残 0
109.602 109.74 57.0 酷 1
109.767 109.866 54.0 都 0
110.028 110.15 57.0 猜 0
110.289 110.419 54.0 你 0
110.419 110.737 57.0 心 0
110.811 110.918 54.0 里 0
111.071 111.196 57.0 的 0
111.332 111.469 59.0 温 0
111.593 111.715 57.0 度 1
111.961 112.061 54.0 你 0
112.222 112.335 57.0 收 0
112.483 112.574 54.0 的 0
112.613 112.745 57.0 礼 0
113.005 113.106 54.0 物 0
113.265 113.394 57.0 都 0
113.526 113.647 59.0 装 0
113.787 114.174 61.0 满 0
114.309 114.45 62.0 了 0
114.57 114.858 61.0 一 0
115.092 115.481 57.0 仓 0
115.613 115.719 59.0 库 1
115.836 115.987 56.0 妈 0
116.358 116.483 56.0 妈 0
116.619 117.14 56.0 说 0
117.14 117.32 49.0 有 0
117.662 117.802 49.0 机 0
117.923 118.164 59.0 会 0
118.184 118.315 57.0 要 0
118.445 118.568 56.0 紧 0
118.706 119.825 57.0 握 1
120.115 120.364 56.0 我 0
120.637 120.719 56.0 不 0
120.898 121.152 56.0 会 0
121.419 121.638 49.0 让 0
121.941 122.027 49.0 你 0
122.202 122.385 59.0 轻 0
122.463 122.593 61.0 易 0
122.724 122.845 59.0 挣 0
122.985 123.625 57.0 脱 1
123.627 123.762 57.0 平 0
123.888 124.032 59.0 时 0
124.149 124.508 61.0 太 0
124.671 124.779 57.0 沉 0
124.932 125.304 57.0 默 1
125.499 125.662 57.0 这 0
126.021 126.131 57.0 次 0
126.282 126.543 64.0 要 0
126.804 127.065 56.0 突 0
127.065 127.325 57.0 破 1
127.668 127.768 57.0 快 0
127.929 128.033 57.0 使 0
128.19 128.286 54.0 出 0
128.451 128.586 62.0 海 0
128.712 128.842 61.0 绵 0
128.973 129.139 62.0 宝 0
129.233 129.401 61.0 宝 0
129.494 129.719 62.0 的 0
129.755 130.081 64.0 幽 0
130.277 131.239 64.0 默 1
131.705 131.821 52.0 我 0
131.966 132.113 57.0 喜 0
132.227 132.331 59.0 欢 0
132.488 132.639 59.0 你 0
132.749 132.819 61.0 冷 0
133.01 133.125 61.0 冷 0
133.27 133.39 59.0 态 0
133.531 133.883 61.0 度 1
134.131 134.392 59.0 面 0
134.392 134.539 57.0 对 0
134.653 134.914 59.0 我 0
134.914 134.998 61.0 的 0
135.174 135.37 61.0 小 0
135.435 135.646 59.0 招 0
135.696 135.983 61.0 数 1
136.303 136.564 59.0 喜 0
136.564 136.707 57.0 欢 0
136.825 137.013 61.0 你 0
137.086 137.195 62.0 说 0
137.346 137.55 62.0 话 0
137.607 137.721 61.0 语 0
137.868 138.181 62.0 速 1
138.369 138.621 59.0 陪 0
138.63 138.786 57.0 你 0
138.891 139.118 61.0 逛 0
139.152 139.412 62.0 街 0
139.412 139.6 61.0 买 0
139.673 139.82 57.0 衣 0
139.934 140.119 59.0 服 1
140.176 140.286 52.0 我 0
140.437 140.585 57.0 喜 0
140.698 140.802 59.0 欢 0
140.959 141.084 59.0 你 0
141.219 141.298 61.0 的 0
141.48 141.604 61.0 小 0
141.741 141.854 59.0 糊 0
142.002 142.241 61.0 涂 1
142.565 142.742 59.0 想 0
142.826 142.95 57.0 要 0
143.087 143.232 59.0 牵 0
143.347 143.432 61.0 你 0
143.608 143.731 61.0 过 0
143.869 143.981 59.0 马 0
144.13 144.362 61.0 路 1
144.576 144.808 59.0 不 0
144.837 144.974 57.0 用 0
145.098 145.232 61.0 走 0
145.358 145.473 62.0 太 0
145.619 145.766 62.0 多 0
145.88 145.981 61.0 地 0
146.141 146.424 62.0 图 1
146.597 146.837 59.0 下 0
146.858 146.986 57.0 一 0
147.118 147.323 61.0 站 0
147.379 147.524 62.0 就 0
147.64 147.761 61.0 叫 0
147.901 148.021 57.0 幸 0
148.162 148.423 59.0 福 1
148.53 148.646 53.0 我 0
148.791 148.937 58.0 喜 0
149.052 149.156 60.0 欢 0
149.312 149.464 60.0 你 0
149.573 149.644 62.0 冷 0
149.834 149.949 62.0 冷 0
150.095 150.215 60.0 态 0
150.356 150.708 62.0 度 1
150.85 151.111 60.0 面 0
151.111 151.257 58.0 对 0
151.371 151.632 60.0 我 0
151.632 151.717 62.0 的 0
151.893 152.089 62.0 小 0
152.154 152.365 60.0 招 0
152.415 152.702 62.0 数 1
152.951 153.211 60.0 喜 0
153.211 153.355 58.0 欢 0
153.472 153.66 62.0 你 0
153.733 153.843 63.0 说 0
153.994 154.197 63.0 话 0
154.255 154.369 62.0 语 0
154.516 154.829 63.0 速 1
154.896 155.148 60.0 陪 0
155.156 155.313 58.0 你 0
155.417 155.644 62.0 逛 0
155.678 155.939 63.0 街 0
155.939 156.127 62.0 买 0
156.2 156.347 58.0 衣 0
156.461 156.646 60.0 服 1
156.839 156.948 53.0 我 0
157.1 157.247 58.0 喜 0
157.36 157.465 60.0 欢 0
157.621 157.746 60.0 你 0
157.882 157.96 62.0 的 0
158.143 158.267 62.0 小 0
158.404 158.517 60.0 糊 0
158.665 158.904 62.0 涂 1
159.178 159.356 60.0 想 0
159.439 159.563 58.0 要 0
159.7 159.846 60.0 牵 0
159.961 160.046 62.0 你 0
160.222 160.345 62.0 过 0
160.483 160.595 60.0 马 0
160.744 160.975 62.0 路 1
161.226 161.459 60.0 不 0
161.487 161.624 58.0 用 0
161.748 161.883 62.0 走 0
162.009 162.123 63.0 太 0
162.27 162.417 63.0 多 0
162.531 162.632 62.0 地 0
162.792 163.074 63.0 图 1
163.373 163.614 60.0 下 0
163.634 163.763 58.0 一 0
163.895 164.099 62.0 站 0
164.156 164.301 63.0 就 0
164.417 164.538 62.0 叫 0
164.678 164.797 58.0 幸 0
164.939 165.591 60.0 福 0
165.591 166.504 58.0 - 1
173.513 173.63 53.0 我 0
173.774 173.921 58.0 喜 0
174.035 174.139 60.0 欢 0
174.296 174.447 60.0 你 0
174.557 174.627 62.0 冷 0
174.818 174.933 62.0 冷 0
175.079 175.198 60.0 态 0
175.339 175.692 62.0 度 1
175.9 176.161 60.0 面 0
176.161 176.308 58.0 对 0
176.422 176.683 60.0 我 0
176.683 176.768 62.0 的 0
176.944 177.139 62.0 小 0
177.204 177.415 60.0 招 0
177.465 177.752 62.0 数 1
178.046 178.307 60.0 喜 0
178.307 178.45 58.0 欢 0
178.568 178.756 62.0 你 0
178.829 178.938 63.0 说 0
179.09 179.293 63.0 话 0
179.35 179.465 62.0 语 0
179.611 179.924 63.0 速 1
180.086 180.338 60.0 陪 0
180.347 180.503 58.0 你 0
180.608 180.835 62.0 逛 0
180.869 181.13 63.0 街 0
181.13 181.318 62.0 买 0
181.39 181.537 58.0 衣 0
181.651 181.836 60.0 服 1
181.921 182.031 53.0 我 0
182.182 182.33 58.0 喜 0
182.443 182.547 60.0 欢 0
182.704 182.829 60.0 你 0
182.965 183.043 62.0 的 0
183.225 183.349 62.0 小 0
183.486 183.599 60.0 糊 0
183.747 183.986 62.0 涂 1
184.115 184.292 60.0 想 0
184.376 184.5 58.0 要 0
184.637 184.782 60.0 牵 0
184.898 184.982 62.0 你 0
185.158 185.281 62.0 过 0
185.419 185.531 60.0 马 0
185.68 185.912 62.0 路 1
186.384 186.617 60.0 不 0
186.645 186.782 58.0 用 0
186.906 187.04 62.0 走 0
187.167 187.281 63.0 太 0
187.427 187.574 63.0 多 0
187.688 187.789 62.0 地 0
187.949 188.232 63.0 图 1
188.457 188.697 60.0 下 0
188.718 188.846 58.0 一 0
188.979 189.183 62.0 站 0
189.239 189.384 63.0 就 0
189.5 189.621 62.0 叫 0
189.761 189.881 58.0 幸 0
190.022 190.674 60.0 福 0
190.674 191.587 58.0 - 1
