6.925 7.451 59.0 那 0
7.451 7.714 59.0 是 0
7.714 8.504 59.0 我 0
8.504 8.767 57.0 小 0
8.767 9.03 59.0 时 0
9.03 10.083 55.0 侯 1
11.047 11.573 57.0 常 0
11.573 11.837 59.0 坐 0
11.837 12.1 62.0 在 0
12.1 12.363 57.0 父 0
12.363 12.626 55.0 亲 0
12.626 12.889 52.0 肩 0
12.889 13.152 50.0 - 0
13.152 14.205 50.0 头 1
15.331 16.12 55.0 父 0
16.12 16.383 55.0 亲 0
16.383 16.91 55.0 是 0
16.91 17.173 55.0 儿 0
17.173 17.436 57.0 那 0
17.436 17.962 62.0 登 0
17.962 18.225 64.0 天 0
18.225 18.489 62.0 的 0
18.489 19.015 59.0 梯 1
19.565 19.828 67.0 父 0
19.96 20.092 67.0 亲 0
20.092 20.355 67.0 是 0
20.355 20.618 67.0 那 0
20.618 20.881 64.0 拉 0
20.881 21.144 62.0 - 0
21.144 21.407 62.0 车 0
21.407 21.934 59.0 的 0
21.934 22.197 57.0 - 0
22.197 23.249 57.0 牛 1
23.737 24.263 59.0 忘 0
24.263 24.526 62.0 不 0
24.526 24.789 62.0 了 0
24.789 25.053 62.0 粗 0
25.053 25.316 62.0 茶 0
25.316 25.579 64.0 淡 0
25.579 25.842 59.0 - 0
25.842 27.158 62.0 饭 0
27.158 27.421 59.0 - 0
27.421 27.684 59.0 啊 0
27.684 27.947 62.0 - 0
27.947 28.737 64.0 将 0
28.737 29.526 64.0 我 0
29.526 29.789 55.0 养 0
29.789 30.053 57.0 - 0
30.053 31.105 59.0 大 1
32.13 32.525 55.0 忘 0
32.525 32.919 55.0 不 0
32.919 33.182 52.0 了 0
33.182 33.709 59.0 一 0
33.709 34.235 62.0 声 0
34.235 34.761 64.0 长 0
34.761 35.288 64.0 - 0
35.288 36.077 67.0 叹 0
36.34 37.13 57.0 半 0
37.13 37.919 57.0 壶 0
37.919 38.182 52.0 老 0
38.182 38.446 50.0 - 0
38.446 39.761 50.0 酒 1
40.513 41.302 59.0 等 0
41.302 42.092 59.0 我 0
42.092 42.355 57.0 长 0
42.355 42.881 59.0 大 0
43.144 44.197 55.0 后 1
44.671 44.935 57.0 山 0
44.935 45.198 57.0 里 0
45.198 45.461 59.0 孩 0
45.461 45.724 62.0 子 0
45.724 46.777 55.0 往 0
46.777 46.974 52.0 外 0
46.974 47.303 52.0 - 0
47.303 48.092 50.0 走 1
49.049 49.838 55.0 想 0
49.838 50.102 55.0 时 0
50.102 50.365 55.0 一 0
50.365 50.628 55.0 封 0
50.628 50.891 55.0 家 0
50.891 51.154 57.0 书 0
51.154 51.417 62.0 千 0
51.417 51.68 62.0 里 0
51.68 51.944 64.0 写 0
51.944 52.207 62.0 叮 0
52.47 52.996 59.0 嘱 1
53.254 53.518 67.0 盼 0
53.518 54.044 67.0 儿 0
54.044 54.307 67.0 归 0
54.307 54.57 64.0 一 0
54.57 54.833 62.0 袋 0
54.833 55.36 62.0 闷 0
55.36 55.886 57.0 - 0
55.886 56.675 57.0 烟 0
57.465 58.254 57.0 满 0
58.254 58.518 57.0 天 0
58.518 58.781 57.0 数 0
58.781 59.044 64.0 星 0
59.044 59.307 64.0 - 0
59.307 59.57 62.0 - 0
59.57 62.728 62.0 斗 1
63.62 63.883 67.0 都 0
63.883 64.146 67.0 说 0
64.146 64.409 67.0 养 0
64.409 64.672 67.0 儿 0
64.672 65.199 67.0 能 0
65.199 65.462 64.0 防 0
65.462 65.725 62.0 - 0
65.725 67.304 62.0 老 1
67.319 67.582 59.0 可 0
67.582 67.845 62.0 儿 0
67.845 68.108 64.0 山 0
68.108 68.372 67.0 高 0
68.372 68.635 67.0 水 0
68.635 68.898 69.0 远 0
68.898 69.424 67.0 他 0
69.424 69.687 64.0 乡 0
69.687 70.214 62.0 - 0
70.214 71.53 62.0 留 1
72.151 72.94 59.0 都 0
72.94 73.203 62.0 说 0
73.203 73.73 64.0 养 0
73.73 74.256 64.0 儿 0
74.256 74.519 64.0 为 0
74.519 75.046 67.0 - 0
75.046 75.309 64.0 防 0
75.309 75.835 62.0 老 1
75.889 76.152 62.0 可 0
76.152 76.415 59.0 你 0
76.415 76.679 57.0 再 0
76.679 76.942 57.0 苦 0
76.942 77.205 57.0 再 0
77.205 77.731 59.0 累 0
77.731 77.994 57.0 不 0
77.994 78.257 57.0 张 0
78.257 78.521 55.0 - 0
78.521 80.1 57.0 口 1
80.54 81.066 67.0 儿 0
81.066 81.329 67.0 只 0
81.329 81.593 67.0 有 0
81.593 81.856 67.0 轻 0
81.856 82.119 67.0 歌 0
82.119 82.382 64.0 一 0
82.382 82.645 62.0 - 0
82.645 84.224 62.0 曲 0
84.224 84.75 59.0 - 0
84.75 85.803 64.0 和 0
85.803 86.329 59.0 泪 0
86.329 86.856 57.0 - 0
86.856 87.382 59.0 唱 0
87.382 88.435 55.0 - 1
88.871 89.66 55.0 愿 0
89.66 89.924 57.0 - 0
89.924 90.45 59.0 天 0
90.45 90.976 62.0 下 0
90.976 91.503 64.0 父 0
91.503 92.029 62.0 - 0
92.029 92.818 67.0 母 0
93.081 93.608 57.0 平 0
93.608 94.134 57.0 安 0
94.134 94.397 69.0 渡 0
94.397 94.924 64.0 春 0
94.924 95.187 66.0 - 0
95.187 96.766 62.0 秋 1
97.437 97.963 59.0 那 0
97.963 98.226 59.0 是 0
98.226 99.016 59.0 我 0
99.016 99.279 57.0 小 0
99.279 99.542 59.0 时 0
99.542 100.595 55.0 侯 1
101.563 102.089 57.0 常 0
102.089 102.352 59.0 坐 0
102.352 102.615 62.0 在 0
102.615 102.878 57.0 父 0
102.878 103.141 55.0 亲 0
103.141 103.405 52.0 肩 0
103.405 103.668 50.0 - 0
103.668 104.72 50.0 头 1
105.714 106.504 55.0 父 0
106.504 106.767 55.0 亲 0
106.767 107.293 55.0 是 0
107.293 107.556 55.0 儿 0
107.556 107.819 57.0 那 0
107.819 108.346 62.0 登 0
108.346 108.609 64.0 天 0
108.609 108.872 62.0 的 0
108.872 109.398 59.0 梯 1
110.055 110.318 67.0 父 0
110.449 110.581 67.0 亲 0
110.581 110.844 67.0 是 0
110.844 111.107 67.0 那 0
111.107 111.37 64.0 拉 0
111.37 111.634 62.0 - 0
111.634 111.897 62.0 车 0
111.897 112.16 59.0 的 0
112.16 112.686 57.0 - 0
112.686 113.739 57.0 牛 1
114.181 114.707 59.0 忘 0
114.707 114.971 62.0 不 0
114.971 115.234 62.0 了 0
115.234 115.497 62.0 粗 0
115.497 115.76 62.0 茶 0
115.76 116.023 64.0 淡 0
116.023 116.286 59.0 - 0
116.286 117.602 62.0 饭 0
117.602 117.865 59.0 - 0
117.865 118.128 59.0 啊 0
118.128 118.392 62.0 - 0
118.392 119.181 64.0 将 0
119.181 119.971 64.0 我 0
119.971 120.234 55.0 养 0
120.234 120.497 57.0 - 0
120.497 121.55 59.0 大 1
122.553 122.948 55.0 忘 0
122.948 123.343 55.0 不 0
123.343 123.606 52.0 了 0
123.606 124.132 59.0 一 0
124.132 124.658 62.0 声 0
124.658 125.185 64.0 长 0
125.185 125.711 64.0 - 0
125.711 126.501 67.0 叹 0
126.764 127.553 57.0 半 0
127.553 128.343 57.0 壶 0
128.343 128.606 52.0 老 0
128.606 128.869 50.0 - 0
128.869 130.185 50.0 酒 1
131.07 131.847 59.0 等 0
131.847 132.619 59.0 我 0
132.619 132.882 57.0 长 0
132.882 133.409 59.0 大 0
133.672 134.725 55.0 后 1
135.259 135.522 57.0 山 0
135.522 135.785 57.0 里 0
135.785 136.048 59.0 孩 0
136.048 136.311 62.0 子 0
136.311 137.364 55.0 往 0
137.364 137.561 52.0 外 0
137.561 137.89 52.0 - 0
137.89 138.68 50.0 走 1
139.47 140.26 55.0 想 0
140.26 140.523 55.0 时 0
140.523 140.786 55.0 一 0
140.786 141.049 55.0 封 0
141.049 141.312 55.0 家 0
141.312 141.576 57.0 书 0
141.576 141.839 62.0 千 0
141.839 142.102 62.0 里 0
142.102 142.365 64.0 写 0
142.365 142.628 62.0 叮 0
142.891 143.418 59.0 嘱 1
143.672 143.935 67.0 盼 0
143.935 144.461 67.0 儿 0
144.461 144.725 67.0 归 0
144.725 144.988 64.0 一 0
144.988 145.251 62.0 袋 0
145.251 145.514 62.0 闷 0
145.514 145.777 59.0 - 0
145.777 146.04 57.0 - 0
146.04 147.093 57.0 烟 0
147.882 148.672 57.0 满 0
148.672 148.935 57.0 天 0
148.935 149.198 57.0 数 0
149.198 149.461 64.0 星 0
149.461 149.725 64.0 - 0
149.725 149.988 62.0 - 0
149.988 153.146 62.0 斗 1
154.22 154.483 67.0 都 0
154.483 154.747 67.0 说 0
154.747 155.01 67.0 养 0
155.01 155.273 67.0 儿 0
155.273 155.799 67.0 能 0
155.799 156.062 64.0 防 0
156.062 156.325 62.0 - 0
156.325 157.904 62.0 老 1
157.958 158.222 59.0 可 0
158.222 158.485 62.0 儿 0
158.485 158.748 64.0 山 0
158.748 159.011 67.0 高 0
159.011 159.274 67.0 水 0
159.274 159.537 69.0 远 0
159.537 160.064 67.0 他 0
160.064 160.327 64.0 乡 0
160.327 160.853 62.0 - 0
160.853 162.169 62.0 留 1
162.562 163.352 59.0 都 0
163.352 163.615 62.0 说 0
163.615 164.141 64.0 养 0
164.141 164.668 64.0 儿 0
164.668 164.931 64.0 为 0
164.931 165.457 67.0 - 0
165.457 165.72 64.0 防 0
165.72 166.246 62.0 老 1
166.355 166.619 62.0 可 0
166.619 166.882 59.0 你 0
166.882 167.145 57.0 再 0
167.145 167.408 57.0 苦 0
167.408 167.671 57.0 再 0
167.671 168.198 59.0 累 0
168.198 168.461 57.0 不 0
168.461 168.724 57.0 张 0
168.724 168.987 55.0 - 0
168.987 170.566 57.0 口 1
171.121 171.648 67.0 儿 0
171.648 171.911 67.0 只 0
171.911 172.174 67.0 有 0
172.174 172.437 67.0 轻 0
172.437 172.7 67.0 歌 0
172.7 172.963 64.0 一 0
172.963 173.227 62.0 - 0
173.227 174.806 62.0 曲 0
174.806 175.332 59.0 - 0
175.332 176.384 64.0 和 0
176.384 176.911 59.0 泪 0
176.911 177.437 57.0 - 0
177.437 177.963 59.0 唱 0
177.963 179.016 55.0 - 1
179.372 180.162 55.0 愿 0
180.162 180.425 57.0 - 0
180.425 180.951 59.0 天 0
180.951 181.478 62.0 下 0
181.478 182.004 64.0 父 0
182.004 182.53 62.0 - 0
182.53 183.32 67.0 母 0
183.583 184.109 57.0 平 0
184.109 184.636 57.0 安 0
184.636 184.899 69.0 渡 0
184.899 185.425 64.0 春 0
185.425 185.688 66.0 - 0
185.688 187.267 62.0 秋 1
187.788 188.052 67.0 都 0
188.052 188.315 67.0 说 0
188.315 188.578 67.0 养 0
188.578 188.841 67.0 儿 0
188.841 189.367 67.0 能 0
189.367 189.631 64.0 防 0
189.631 189.894 62.0 - 0
189.894 191.473 62.0 老 1
191.61 191.873 59.0 可 0
191.873 192.136 62.0 儿 0
192.136 192.399 64.0 山 0
192.399 192.662 67.0 高 0
192.662 192.925 67.0 水 0
192.925 193.189 69.0 远 0
193.189 193.715 67.0 他 0
193.715 193.978 64.0 乡 0
193.978 194.504 62.0 - 0
194.504 195.82 62.0 留 1
196.391 197.181 59.0 都 0
197.181 197.444 62.0 说 0
197.444 197.97 64.0 养 0
197.97 198.497 64.0 儿 0
198.497 198.76 64.0 为 0
198.76 199.286 67.0 - 0
199.286 199.549 64.0 防 0
199.549 200.076 62.0 老 1
200.081 200.344 62.0 可 0
200.344 200.607 59.0 你 0
200.607 200.87 57.0 再 0
200.87 201.133 57.0 苦 0
201.133 201.396 57.0 再 0
201.396 201.923 59.0 累 0
201.923 202.186 57.0 不 0
202.186 202.449 57.0 张 0
202.449 202.712 55.0 - 0
202.712 204.291 57.0 口 1
204.818 205.344 67.0 儿 0
205.344 205.607 67.0 只 0
205.607 205.87 67.0 有 0
205.87 206.133 67.0 轻 0
206.133 206.396 67.0 歌 0
206.396 206.66 64.0 一 0
206.66 206.923 62.0 - 0
206.923 208.502 62.0 曲 0
208.502 209.028 59.0 - 0
209.028 210.081 64.0 和 0
210.081 210.607 59.0 泪 0
210.607 211.133 57.0 - 0
211.133 211.66 59.0 唱 0
211.66 212.712 55.0 - 1
213.055 213.844 55.0 愿 0
213.844 214.107 57.0 - 0
214.107 214.634 59.0 天 0
214.634 215.16 62.0 下 0
215.16 215.686 64.0 父 0
215.686 216.213 64.0 - 0
216.213 217.002 67.0 母 0
217.265 217.791 57.0 平 0
217.791 218.318 57.0 安 0
218.318 218.581 69.0 渡 0
218.581 220.686 66.0 春 0
221.476 225.423 62.0 秋 1
