46.261 46.515 49.0 在 0
46.515 46.77 49.0 远 0
46.77 47.024 51.0 方 0
47.024 47.278 51.0 的 0
47.278 47.786 53.0 时 0
47.786 49.058 53.0 候 1
49.786 50.041 53.0 又 0
50.041 50.549 53.0 想 0
50.549 50.803 51.0 你 0
50.803 51.058 53.0 到 0
51.058 51.566 51.0 泪 0
51.566 51.82 49.0 - 0
51.82 52.583 49.0 流 1
53.925 54.179 49.0 这 0
54.179 54.434 49.0 矫 0
54.434 54.688 51.0 情 0
54.688 54.942 53.0 的 0
54.942 55.196 56.0 措 0
55.196 55.705 58.0 辞 0
55.705 55.959 56.0 结 0
55.959 56.213 56.0 构 0
56.213 56.722 58.0 - 1
57.754 58.008 56.0 经 0
58.008 58.262 58.0 历 0
58.262 58.644 58.0 过 0
58.644 59.025 58.0 的 0
59.025 59.279 53.0 人 0
59.279 59.533 56.0 会 0
59.533 59.788 58.0 - 0
59.788 60.042 56.0 - 0
60.042 60.805 56.0 懂 1
61.987 62.241 49.0 那 0
62.241 62.495 49.0 些 0
62.495 62.749 51.0 不 0
62.749 63.004 53.0 堪 0
63.004 63.258 56.0 言 0
63.258 63.766 58.0 的 0
63.766 64.021 56.0 疼 0
64.021 64.911 58.0 痛 1
65.812 66.067 58.0 也 0
66.067 66.321 58.0 就 0
66.321 66.829 58.0 是 0
66.829 67.338 53.0 我 0
67.338 67.846 56.0 自 0
67.846 68.355 53.0 作 0
68.355 68.609 56.0 自 0
68.609 69.117 58.0 - 0
69.117 69.626 51.0 受 0
69.626 69.88 53.0 - 1
70.388 70.769 53.0 你 0
70.769 71.15 53.0 没 0
71.15 71.405 49.0 有 0
71.405 71.913 53.0 装 0
71.913 72.294 53.0 聋 0
72.294 72.93 51.0 - 1
74.552 74.934 53.0 你 0
74.934 75.315 53.0 真 0
75.315 75.569 49.0 没 0
75.569 76.078 46.0 感 0
76.078 77.603 51.0 动 1
78.844 79.099 49.0 一 0
79.099 79.353 49.0 个 0
79.353 79.607 51.0 人 0
79.607 79.861 51.0 的 0
79.861 80.37 53.0 - 0
80.37 80.624 51.0 时 0
80.624 81.641 53.0 候 1
82.09 82.344 53.0 偷 0
82.344 82.598 53.0 偷 0
82.598 83.106 53.0 看 0
83.106 83.361 51.0 你 0
83.361 83.615 53.0 的 0
83.615 84.123 51.0 微 0
84.123 84.378 49.0 - 0
84.378 85.14 49.0 博 1
86.494 86.748 49.0 你 0
86.748 87.002 49.0 转 0
87.002 87.256 51.0 播 0
87.256 87.511 53.0 的 0
87.511 87.765 56.0 歌 0
87.765 88.273 58.0 好 0
88.273 88.527 56.0 耳 0
88.527 88.782 56.0 熟 0
88.782 89.29 58.0 - 1
90.328 90.582 56.0 我 0
90.582 90.837 58.0 们 0
90.837 91.218 58.0 坐 0
91.218 91.599 58.0 一 0
91.599 91.854 53.0 起 0
91.854 92.108 56.0 听 0
92.108 92.362 58.0 - 0
92.362 92.616 56.0 - 0
92.616 93.379 56.0 过 1
94.625 94.879 49.0 当 0
94.879 95.134 49.0 日 0
95.134 95.388 51.0 嫌 0
95.388 95.642 53.0 它 0
95.642 95.896 56.0 的 0
95.896 96.405 58.0 唱 0
96.405 96.659 56.0 法 0
96.659 97.04 58.0 做 0
97.168 97.93 65.0 作 1
98.516 98.77 58.0 现 0
98.77 99.024 58.0 在 0
99.024 99.406 58.0 听 0
99.406 99.85 58.0 起 0
99.85 100.041 53.0 来 0
100.041 100.55 56.0 竟 0
100.55 101.058 53.0 然 0
101.058 101.312 56.0 很 0
101.312 101.567 56.0 生 0
101.567 101.821 58.0 - 0
101.821 102.075 51.0 动 0
102.075 102.584 53.0 - 1
102.985 103.366 46.0 可 0
103.366 103.748 53.0 能 0
103.748 104.002 53.0 是 0
104.002 104.256 53.0 时 0
104.256 105.019 51.0 光 0
105.019 105.273 51.0 让 0
105.273 105.527 49.0 - 0
105.527 105.782 49.0 耳 0
105.782 106.544 51.0 朵 0
107.053 107.561 53.0 变 0
107.561 107.816 46.0 得 0
107.816 108.07 49.0 宽 0
108.07 108.324 51.0 - 0
108.324 110.104 49.0 容 1
111.057 111.565 61.0 如 0
111.565 112.074 63.0 今 0
112.074 112.328 65.0 一 0
112.328 112.582 61.0 个 0
112.582 112.836 61.0 人 0
112.836 113.091 58.0 听 0
113.091 113.345 58.0 歌 0
113.345 113.599 54.0 总 0
113.599 113.853 54.0 是 0
113.853 114.107 65.0 会 0
114.107 114.362 65.0 觉 0
114.362 114.616 66.0 得 0
114.616 114.87 65.0 失 0
114.87 115.633 63.0 落 1
116.144 116.399 63.0 幻 0
116.399 116.653 60.0 听 0
116.653 116.907 60.0 你 0
116.907 117.161 56.0 在 0
117.161 117.416 56.0 我 0
117.416 117.67 53.0 的 0
117.67 117.924 53.0 耳 0
117.924 118.178 63.0 边 0
118.178 118.433 63.0 轻 0
118.433 118.687 61.0 轻 0
118.687 118.941 60.0 诉 0
118.941 119.704 61.0 说 1
119.824 120.078 61.0 夜 0
120.078 120.332 63.0 色 0
120.332 120.841 70.0 多 0
120.841 121.095 65.0 温 0
121.095 122.366 63.0 柔 1
122.426 122.935 58.0 你 0
122.935 123.189 60.0 有 0
123.189 123.697 61.0 多 0
123.697 123.951 63.0 爱 0
123.951 124.206 61.0 - 0
124.206 126.494 65.0 我 1
127.398 127.906 61.0 如 0
127.906 128.415 63.0 今 0
128.415 128.669 63.0 一 0
128.669 128.923 61.0 个 0
128.923 129.177 61.0 人 0
129.177 129.432 58.0 听 0
129.432 129.686 58.0 歌 0
129.686 129.94 54.0 总 0
129.94 130.194 54.0 是 0
130.194 130.449 65.0 会 0
130.449 130.703 65.0 觉 0
130.703 130.957 66.0 得 0
130.957 131.211 65.0 难 0
131.211 131.466 63.0 过 0
131.466 131.974 63.0 - 1
132.451 132.705 63.0 爱 0
132.705 132.959 60.0 已 0
132.959 133.213 60.0 不 0
133.213 133.468 56.0 在 0
133.468 133.722 56.0 这 0
133.722 133.976 53.0 里 0
133.976 134.23 53.0 我 0
134.23 134.484 63.0 却 0
134.484 134.739 63.0 还 0
134.739 134.993 61.0 没 0
134.993 135.247 60.0 走 0
135.247 136.01 61.0 脱 1
136.028 136.282 61.0 列 0
136.282 136.536 53.0 表 0
136.536 137.045 54.0 里 0
137.045 137.299 61.0 的 0
137.299 138.062 61.0 歌 1
138.52 139.029 61.0 随 0
139.029 139.537 60.0 过 0
139.537 140.046 58.0 往 0
140.046 140.554 60.0 流 0
140.554 142.588 61.0 动 1
160.156 160.411 49.0 一 0
160.411 160.665 49.0 个 0
160.665 160.919 51.0 人 0
160.919 161.173 51.0 的 0
161.173 161.682 53.0 时 0
161.682 162.953 53.0 候 1
163.475 163.729 53.0 偷 0
163.729 163.983 53.0 偷 0
163.983 164.491 53.0 看 0
164.491 164.746 51.0 你 0
164.746 165.0 53.0 的 0
165.0 165.381 51.0 微 0
165.381 166.398 49.0 博 1
167.875 168.129 49.0 你 0
168.129 168.383 49.0 每 0
168.383 168.637 51.0 天 0
168.637 168.892 53.0 做 0
168.892 169.146 56.0 了 0
169.146 169.654 58.0 些 0
169.654 169.908 56.0 什 0
169.908 170.163 56.0 么 0
170.163 170.671 58.0 - 1
171.718 171.972 56.0 我 0
171.972 172.227 58.0 都 0
172.227 172.608 58.0 了 0
172.608 172.989 58.0 然 0
172.989 173.244 53.0 于 0
173.244 173.816 58.0 胸 0
173.816 174.769 56.0 - 1
176.026 176.28 49.0 当 0
176.28 176.535 49.0 时 0
176.535 176.789 51.0 嫌 0
176.789 177.043 53.0 你 0
177.043 177.297 56.0 的 0
177.297 177.806 58.0 蠢 0
177.806 178.06 56.0 话 0
178.06 178.441 58.0 太 0
178.569 178.823 63.0 多 0
178.823 179.331 65.0 - 1
179.855 180.109 58.0 现 0
180.109 180.363 58.0 在 0
180.363 180.745 58.0 回 0
180.745 181.189 58.0 想 0
181.189 181.38 53.0 起 0
181.38 181.889 56.0 画 0
181.889 182.397 53.0 面 0
182.397 182.651 56.0 已 0
182.651 182.906 56.0 泛 0
182.906 183.16 58.0 - 0
183.16 183.414 51.0 旧 0
183.414 183.923 53.0 - 1
184.324 184.705 46.0 可 0
184.705 185.087 53.0 能 0
185.087 185.341 53.0 是 0
185.341 185.849 53.0 孤 0
185.849 186.358 51.0 独 0
186.358 186.612 51.0 让 0
186.612 186.866 49.0 - 0
186.866 187.375 49.0 情 0
187.375 188.138 51.0 绪 0
188.392 188.9 53.0 变 0
188.9 189.409 46.0 得 0
189.409 189.917 51.0 脆 0
189.917 191.697 49.0 弱 1
192.436 192.944 61.0 如 0
192.944 193.453 63.0 今 0
193.453 193.707 65.0 一 0
193.707 193.961 61.0 个 0
193.961 194.215 61.0 人 0
194.215 194.47 58.0 听 0
194.47 194.724 58.0 歌 0
194.724 194.978 54.0 总 0
194.978 195.232 54.0 是 0
195.232 195.486 65.0 会 0
195.486 195.741 65.0 觉 0
195.741 195.995 66.0 得 0
195.995 196.249 65.0 失 0
196.249 197.012 63.0 落 1
197.496 197.751 63.0 幻 0
197.751 198.005 60.0 听 0
198.005 198.259 60.0 你 0
198.259 198.513 56.0 在 0
198.513 198.768 56.0 我 0
198.768 199.022 53.0 的 0
199.022 199.276 53.0 耳 0
199.276 199.53 63.0 边 0
199.53 199.785 63.0 轻 0
199.785 200.039 61.0 轻 0
200.039 200.293 60.0 诉 0
200.293 201.056 61.0 说 1
201.128 201.382 61.0 夜 0
201.382 201.636 63.0 色 0
201.636 202.145 70.0 多 0
202.145 202.399 65.0 温 0
202.399 203.67 63.0 柔 1
203.705 204.214 58.0 你 0
204.214 204.468 60.0 有 0
204.468 204.976 61.0 多 0
204.976 205.23 63.0 爱 0
205.23 205.485 61.0 - 0
205.485 207.773 65.0 我 1
208.782 209.29 61.0 如 0
209.29 209.799 63.0 今 0
209.799 210.053 65.0 一 0
210.053 210.307 61.0 个 0
210.307 210.561 61.0 人 0
210.561 210.816 58.0 听 0
210.816 211.07 58.0 歌 0
211.07 211.324 54.0 总 0
211.324 211.578 54.0 是 0
211.578 211.833 65.0 会 0
211.833 212.087 65.0 觉 0
212.087 212.341 66.0 得 0
212.341 212.595 65.0 难 0
212.595 212.85 64.0 过 0
212.85 213.358 63.0 - 1
213.938 214.192 63.0 爱 0
214.192 214.446 60.0 已 0
214.446 214.7 60.0 不 0
214.7 214.955 56.0 在 0
214.955 215.209 56.0 这 0
215.209 215.463 53.0 里 0
215.463 215.717 53.0 我 0
215.717 215.971 63.0 却 0
215.971 216.226 63.0 还 0
216.226 216.48 61.0 没 0
216.48 216.734 60.0 走 0
216.734 217.497 61.0 脱 1
217.505 217.759 61.0 列 0
217.759 218.013 53.0 表 0
218.013 218.522 54.0 里 0
218.522 218.776 61.0 的 0
218.776 219.539 61.0 歌 1
219.938 220.447 61.0 随 0
220.447 220.955 60.0 过 0
220.955 221.464 58.0 往 0
221.464 221.718 60.0 流 0
221.718 223.879 61.0 动 1
225.04 225.548 61.0 如 0
225.548 226.057 63.0 今 0
226.057 226.311 65.0 一 0
226.311 226.565 61.0 个 0
226.565 226.82 61.0 人 0
226.82 227.074 58.0 听 0
227.074 227.328 58.0 歌 0
227.328 227.582 54.0 总 0
227.582 227.837 54.0 是 0
227.837 228.091 65.0 会 0
228.091 228.345 65.0 觉 0
228.345 228.599 66.0 得 0
228.599 228.854 65.0 失 0
228.854 229.616 65.0 落 0
229.616 230.633 63.0 - 0
230.633 231.142 63.0 - 1
232.239 232.493 63.0 幻 0
232.493 232.747 60.0 听 0
232.747 233.001 60.0 你 0
233.001 233.256 56.0 在 0
233.256 233.51 56.0 我 0
233.51 233.764 53.0 的 0
233.764 234.018 53.0 耳 0
234.018 234.273 63.0 边 0
234.273 234.527 63.0 轻 0
234.527 234.781 61.0 轻 0
234.781 235.035 60.0 诉 0
235.035 235.798 61.0 说 1
235.807 236.061 61.0 夜 0
236.061 236.315 63.0 色 0
236.315 236.824 70.0 多 0
236.824 237.078 65.0 温 0
237.078 237.587 65.0 柔 0
237.587 237.841 63.0 - 1
238.169 238.678 58.0 你 0
238.678 238.932 60.0 有 0
238.932 239.441 61.0 多 0
239.441 239.949 68.0 爱 0
239.949 241.983 65.0 我 0
241.983 242.746 60.0 - 1
243.305 243.814 61.0 如 0
243.814 244.322 63.0 今 0
244.322 244.576 65.0 一 0
244.576 244.831 61.0 个 0
244.831 245.085 61.0 人 0
245.085 245.339 58.0 听 0
245.339 245.593 58.0 歌 0
245.593 245.847 54.0 总 0
245.847 246.102 54.0 是 0
246.102 246.356 65.0 会 0
246.356 246.61 65.0 觉 0
246.61 246.864 66.0 得 0
246.864 247.119 65.0 难 0
247.119 247.373 65.0 过 0
247.373 247.881 63.0 - 1
248.495 248.749 63.0 爱 0
248.749 249.003 60.0 已 0
249.003 249.258 60.0 不 0
249.258 249.512 56.0 在 0
249.512 249.766 56.0 这 0
249.766 250.02 53.0 里 0
250.02 250.275 53.0 我 0
250.275 250.529 63.0 却 0
250.529 250.783 63.0 还 0
250.783 251.037 61.0 没 0
251.037 251.291 60.0 走 0
251.291 252.054 61.0 脱 1
252.071 252.325 61.0 如 0
252.325 252.58 53.0 果 0
252.58 253.088 54.0 你 0
253.088 253.342 61.0 回 0
253.342 254.105 61.0 头 1
254.567 255.075 61.0 不 0
255.075 255.584 60.0 要 0
255.584 256.6 58.0 放 0
256.6 257.109 60.0 下 0
257.109 260.668 61.0 我 1
