25.855 26.3 50.0 停 0
26.304 26.684 52.0 泊 0
26.689 27.432 55.0 在 0
27.439 27.807 55.0 昨 0
27.814 28.182 57.0 日 0
28.189 28.557 59.0 离 0
28.564 28.932 57.0 别 0
28.939 29.307 55.0 的 0
29.314 29.682 50.0 码 0
29.689 31.282 52.0 头 1
31.834 32.202 50.0 好 0
32.209 32.577 52.0 多 0
32.584 33.098 55.0 梦 0
33.334 33.702 55.0 层 0
33.709 34.077 57.0 层 0
34.084 34.452 59.0 叠 0
34.459 34.827 62.0 叠 0
34.834 35.334 64.0 又 0
35.584 35.952 62.0 斑 0
35.959 37.084 59.0 驳 1
37.881 38.249 59.0 人 0
38.256 38.624 62.0 在 0
38.631 38.999 64.0 夕 0
39.006 39.374 64.0 阳 0
39.381 39.749 64.0 黄 0
39.756 40.124 62.0 昏 0
40.131 40.599 59.0 后 0
40.881 41.249 57.0 陪 0
41.256 41.624 55.0 着 0
41.631 41.999 59.0 明 0
42.006 42.374 59.0 月 0
42.381 42.749 57.0 等 0
42.756 43.124 59.0 寂 0
43.131 43.881 52.0 寞 1
44.246 44.427 52.0 年 0
44.433 44.614 55.0 少 0
44.621 44.989 57.0 痴 0
44.996 45.364 55.0 狂 0
45.371 45.739 57.0 有 0
45.746 46.114 59.0 时 0
46.121 46.489 57.0 难 0
46.496 46.864 55.0 御 0
46.871 47.333 52.0 晚 0
47.339 47.989 55.0 秋 0
47.996 49.121 57.0 风 1
49.888 50.256 50.0 经 0
50.263 50.631 52.0 过 0
50.638 51.106 55.0 你 0
51.388 51.756 55.0 快 0
51.763 52.131 57.0 乐 0
52.138 52.506 59.0 时 0
52.513 52.881 57.0 少 0
52.888 53.256 55.0 烦 0
53.263 53.631 50.0 恼 0
53.638 55.138 52.0 多 1
55.986 56.354 50.0 经 0
56.361 56.729 52.0 过 0
56.736 57.298 55.0 我 0
57.486 57.854 55.0 情 0
57.861 58.229 57.0 深 0
58.236 58.604 59.0 意 0
58.611 58.979 62.0 浓 0
58.986 59.729 64.0 缘 0
59.736 60.198 62.0 分 0
60.204 61.611 59.0 薄 1
61.861 62.229 59.0 谁 0
62.236 62.604 62.0 说 0
62.611 62.979 64.0 青 0
62.986 63.354 64.0 春 0
63.361 63.729 64.0 不 0
63.736 64.104 62.0 能 0
64.111 64.854 59.0 错 0
64.861 65.229 57.0 情 0
65.236 65.604 55.0 愿 0
65.611 65.979 59.0 热 0
65.986 66.354 59.0 泪 0
66.361 66.729 57.0 不 0
66.736 67.104 59.0 低 0
67.111 67.861 52.0 头 1
68.265 68.446 52.0 珍 0
68.452 68.633 55.0 惜 0
68.64 69.008 57.0 曾 0
69.015 69.383 55.0 经 0
69.39 69.758 57.0 拥 0
69.765 70.133 59.0 有 0
70.14 70.508 57.0 曾 0
70.515 70.883 55.0 经 0
70.89 71.258 52.0 牵 0
71.265 72.008 55.0 过 0
72.015 73.89 55.0 手 1
76.899 77.267 62.0 珍 0
77.274 77.642 64.0 惜 0
77.649 78.017 67.0 青 0
78.024 78.392 67.0 春 0
78.399 78.767 67.0 梦 0
78.774 79.142 69.0 一 0
79.149 79.617 67.0 场 0
79.899 80.267 64.0 珍 0
80.274 80.642 62.0 惜 0
80.649 81.017 64.0 相 0
81.024 81.392 64.0 聚 0
81.399 81.767 64.0 的 0
81.774 82.142 62.0 时 0
82.149 82.899 59.0 光 1
83.387 83.568 62.0 谁 0
83.574 83.755 64.0 能 0
83.762 84.13 67.0 年 0
84.137 84.505 67.0 少 0
84.512 84.88 67.0 不 0
84.887 85.255 69.0 痴 0
85.262 86.005 67.0 狂 0
86.012 86.38 64.0 独 0
86.387 86.755 62.0 自 0
86.762 87.318 59.0 闯 0
87.324 88.73 62.0 荡 1
88.89 89.258 57.0 就 0
89.265 89.633 59.0 算 0
89.64 90.008 62.0 月 0
90.015 90.383 62.0 有 0
90.39 90.852 62.0 阴 0
90.858 91.133 64.0 和 0
91.14 91.883 62.0 缺 0
91.89 92.258 59.0 就 0
92.265 92.633 57.0 算 0
92.64 93.008 59.0 人 0
93.015 93.383 59.0 有 0
93.39 93.758 57.0 悲 0
93.765 94.133 52.0 和 0
94.14 95.258 55.0 欢 1
95.366 95.547 59.0 谁 0
95.553 95.734 62.0 能 0
95.741 96.109 64.0 够 0
96.116 96.484 62.0 不 0
96.491 96.859 64.0 扬 0
96.866 97.234 67.0 梦 0
97.241 97.609 69.0 想 0
97.616 97.984 67.0 这 0
97.991 98.359 64.0 张 0
98.366 98.734 62.0 - 0
98.741 100.616 62.0 帆 1
100.942 101.31 62.0 珍 0
101.317 101.685 64.0 惜 0
101.692 102.06 67.0 为 0
102.067 102.435 67.0 我 0
102.442 102.81 67.0 流 0
102.817 103.185 69.0 的 0
103.192 103.935 67.0 泪 0
103.942 104.31 64.0 珍 0
104.317 104.685 62.0 惜 0
104.692 105.06 64.0 为 0
105.067 105.435 64.0 你 0
105.442 105.81 64.0 的 0
105.817 106.185 59.0 岁 0
106.192 106.942 59.0 月 1
107.234 107.415 62.0 谁 0
107.421 107.602 64.0 能 0
107.609 107.977 67.0 无 0
107.984 108.352 67.0 动 0
108.359 108.727 67.0 又 0
108.734 109.102 69.0 无 0
109.109 109.852 67.0 衷 0
109.859 110.227 64.0 这 0
110.234 110.602 62.0 段 0
110.609 111.165 59.0 珍 0
111.171 112.155 62.0 贵 1
112.986 113.354 57.0 明 0
113.361 113.729 59.0 天 0
113.736 114.104 62.0 还 0
114.111 114.479 62.0 有 0
114.486 114.854 62.0 云 0
114.861 115.229 64.0 要 0
115.236 115.704 62.0 飞 0
115.986 116.354 59.0 留 0
116.361 116.729 57.0 着 0
116.736 117.104 59.0 天 0
117.111 117.479 59.0 空 0
117.486 117.854 57.0 陪 0
117.861 118.229 52.0 我 0
118.236 119.354 55.0 追 1
119.382 119.563 59.0 无 0
119.569 119.75 62.0 怨 0
119.757 120.125 64.0 无 0
120.132 120.5 62.0 悔 0
120.507 120.875 62.0 也 0
120.882 121.25 59.0 是 0
121.257 121.625 59.0 人 0
121.632 122.0 57.0 生 0
122.007 122.375 57.0 一 0
122.382 122.75 55.0 种 0
122.757 123.219 55.0 - 0
123.225 125.007 55.0 美 1
148.917 149.285 50.0 经 0
149.292 149.66 52.0 过 0
149.667 150.41 55.0 你 0
150.417 150.785 55.0 快 0
150.792 151.16 57.0 乐 0
151.167 151.535 59.0 时 0
151.542 151.91 57.0 少 0
151.917 152.285 55.0 烦 0
152.292 152.66 50.0 恼 0
152.667 154.26 52.0 多 1
154.926 155.294 50.0 经 0
155.301 155.669 52.0 过 0
155.676 156.419 55.0 我 0
156.426 156.794 55.0 情 0
156.801 157.169 57.0 深 0
157.176 157.544 59.0 意 0
157.551 157.919 62.0 浓 0
157.926 158.669 64.0 缘 0
158.676 159.044 62.0 分 0
159.051 160.176 59.0 薄 1
160.83 161.198 59.0 谁 0
161.205 161.573 62.0 说 0
161.58 161.948 64.0 青 0
161.955 162.323 64.0 春 0
162.33 162.698 64.0 不 0
162.705 163.073 62.0 能 0
163.08 163.548 59.0 错 0
163.83 164.198 57.0 情 0
164.205 164.573 55.0 愿 0
164.58 164.948 59.0 热 0
164.955 165.323 59.0 泪 0
165.33 165.698 57.0 不 0
165.705 166.073 59.0 低 0
166.08 166.83 52.0 头 1
167.224 167.405 52.0 珍 0
167.411 167.592 55.0 惜 0
167.599 167.967 57.0 曾 0
167.974 168.342 55.0 经 0
168.349 168.717 57.0 拥 0
168.724 169.092 59.0 有 0
169.099 169.467 57.0 曾 0
169.474 169.842 55.0 经 0
169.849 170.217 52.0 牵 0
170.224 170.967 55.0 过 0
170.974 172.849 55.0 手 1
175.996 176.364 62.0 珍 0
176.371 176.739 64.0 惜 0
176.746 177.114 67.0 青 0
177.121 177.489 67.0 春 0
177.496 177.864 67.0 梦 0
177.871 178.239 69.0 一 0
178.246 178.621 67.0 场 0
178.996 179.364 64.0 珍 0
179.371 179.739 62.0 惜 0
179.746 180.114 64.0 相 0
180.121 180.489 64.0 聚 0
180.496 180.864 64.0 的 0
180.871 181.239 62.0 时 0
181.246 181.996 59.0 光 1
182.342 182.523 62.0 谁 0
182.529 182.71 64.0 能 0
182.717 183.085 67.0 年 0
183.092 183.46 67.0 少 0
183.467 183.835 67.0 不 0
183.842 184.21 69.0 痴 0
184.217 184.96 67.0 狂 0
184.967 185.335 64.0 独 0
185.342 185.71 62.0 自 0
185.717 186.273 59.0 闯 0
186.279 187.217 62.0 荡 1
188.019 188.387 57.0 就 0
188.394 188.762 59.0 算 0
188.769 189.137 62.0 月 0
189.144 189.512 62.0 有 0
189.519 189.887 62.0 阴 0
189.894 190.262 64.0 和 0
190.269 191.012 62.0 缺 0
191.019 191.387 59.0 就 0
191.394 191.762 57.0 算 0
191.769 192.137 59.0 人 0
192.144 192.512 59.0 有 0
192.519 192.887 57.0 悲 0
192.894 193.262 52.0 和 0
193.269 194.019 55.0 欢 1
194.323 194.504 59.0 谁 0
194.51 194.691 62.0 能 0
194.698 195.066 64.0 够 0
195.073 195.441 62.0 不 0
195.448 195.816 64.0 扬 0
195.823 196.191 67.0 梦 0
196.198 196.566 69.0 想 0
196.573 196.941 67.0 这 0
196.948 197.316 64.0 张 0
197.323 197.691 62.0 - 0
197.698 199.479 62.0 帆 1
199.889 200.257 62.0 珍 0
200.264 200.632 64.0 惜 0
200.639 201.007 67.0 为 0
201.014 201.382 67.0 我 0
201.389 201.757 67.0 流 0
201.764 202.132 69.0 的 0
202.139 202.882 67.0 泪 0
202.889 203.257 64.0 珍 0
203.264 203.632 62.0 惜 0
203.639 204.007 64.0 为 0
204.014 204.382 64.0 你 0
204.389 204.757 64.0 的 0
204.764 205.132 59.0 岁 0
205.139 206.257 59.0 月 1
206.387 206.568 62.0 谁 0
206.574 206.755 64.0 能 0
206.762 207.13 67.0 无 0
207.137 207.505 67.0 动 0
207.512 207.88 67.0 又 0
207.887 208.255 69.0 无 0
208.262 209.005 67.0 衷 0
209.012 209.38 64.0 这 0
209.387 209.755 62.0 段 0
209.762 210.318 59.0 珍 0
210.324 212.005 62.0 贵 1
212.024 212.392 57.0 明 0
212.399 212.767 59.0 天 0
212.774 213.142 62.0 还 0
213.149 213.517 62.0 有 0
213.524 213.892 62.0 云 0
213.899 214.267 64.0 要 0
214.274 215.017 62.0 飞 0
215.024 215.392 59.0 留 0
215.399 215.767 57.0 着 0
215.774 216.142 59.0 天 0
216.149 216.517 59.0 空 0
216.524 216.892 57.0 陪 0
216.899 217.267 52.0 我 0
217.274 217.977 55.0 追 1
218.345 218.526 59.0 无 0
218.532 218.713 62.0 怨 0
218.72 219.088 64.0 无 0
219.095 219.463 62.0 悔 0
219.47 219.838 62.0 也 0
219.845 220.213 59.0 是 0
220.22 220.588 59.0 人 0
220.595 220.963 57.0 生 0
220.97 221.338 57.0 一 0
221.345 221.713 55.0 种 0
221.72 222.182 55.0 - 0
222.188 223.688 55.0 美 1
223.983 224.351 57.0 珍 0
224.358 224.726 59.0 惜 0
224.733 225.101 62.0 为 0
225.108 225.476 62.0 我 0
225.483 225.851 62.0 流 0
225.858 226.226 64.0 的 0
226.233 226.976 62.0 泪 0
226.983 227.351 59.0 珍 0
227.358 227.726 57.0 惜 0
227.733 228.101 59.0 为 0
228.108 228.476 59.0 你 0
228.483 228.851 57.0 的 0
228.858 229.226 52.0 岁 0
229.233 229.983 55.0 月 1
230.238 230.419 59.0 无 0
230.425 230.606 62.0 怨 0
230.613 230.981 64.0 无 0
230.988 231.356 62.0 悔 0
231.363 231.731 62.0 也 0
231.738 232.106 59.0 是 0
232.113 232.856 59.0 人 0
232.863 234.363 57.0 生 0
234.55 234.919 57.0 一 0
234.925 235.388 57.0 种 0
235.394 236.138 55.0 - 0
236.144 239.613 55.0 美 1
