15.997 16.426 42.0 时 0
16.426 16.854 47.0 光 0
16.854 17.283 49.0 是 0
17.283 18.139 51.0 琥 0
18.139 18.568 54.0 珀 1
18.979 19.408 52.0 泪 0
19.408 19.622 51.0 一 0
19.622 20.265 49.0 滴 0
20.265 20.693 51.0 滴 0
21.121 21.55 52.0 被 0
21.55 21.978 51.0 反 0
21.978 22.407 47.0 锁 1
22.714 23.142 47.0 情 0
23.142 23.571 51.0 书 0
23.571 23.999 54.0 再 0
23.999 24.856 59.0 不 0
24.856 25.285 61.0 朽 1
25.798 26.226 58.0 也 0
26.226 26.441 56.0 磨 0
26.441 27.083 54.0 成 0
27.083 27.512 49.0 沙 0
27.512 28.368 51.0 漏 1
29.538 29.966 47.0 青 0
29.966 30.395 51.0 春 0
30.395 30.823 54.0 的 0
30.823 31.68 59.0 上 0
31.68 32.108 61.0 游 1
32.73 33.158 58.0 白 0
33.158 33.372 56.0 云 0
33.372 34.015 54.0 飞 0
34.015 34.443 56.0 走 0
34.443 34.872 59.0 苍 0
34.872 35.086 59.0 狗 0
35.086 35.514 59.0 与 0
35.514 35.943 54.0 海 0
35.943 36.585 51.0 鸥 1
36.863 37.291 51.0 闪 0
37.291 37.505 52.0 过 0
37.505 37.72 54.0 的 0
37.72 38.148 51.0 念 0
38.148 38.791 49.0 头 1
40.298 40.727 51.0 潺 0
40.727 40.941 52.0 潺 0
40.941 41.155 54.0 的 0
41.155 41.586 51.0 溜 0
41.586 42.447 49.0 走 1
43.336 43.766 42.0 命 0
43.766 44.197 47.0 运 0
44.197 44.628 49.0 好 0
44.628 45.484 51.0 幽 0
45.484 45.913 54.0 默 1
46.34 46.769 52.0 让 0
46.769 46.983 51.0 爱 0
46.983 47.625 49.0 的 0
47.625 48.054 51.0 人 0
48.482 48.911 52.0 都 0
48.911 49.339 51.0 沉 0
49.339 49.768 47.0 默 1
50.238 50.666 47.0 一 0
50.666 51.095 51.0 整 0
51.095 51.523 54.0 个 0
51.523 52.38 59.0 宇 0
52.38 52.808 61.0 宙 1
53.226 53.655 58.0 换 0
53.655 53.87 56.0 一 0
53.87 54.514 54.0 颗 0
54.514 54.944 49.0 红 0
54.944 55.803 51.0 豆 1
57.085 57.514 47.0 回 0
57.514 57.942 51.0 忆 0
57.942 58.371 54.0 如 0
58.371 59.227 59.0 困 0
59.227 59.656 61.0 兽 1
60.133 60.56 58.0 寂 0
60.56 60.774 56.0 寞 0
60.774 61.415 54.0 太 0
61.415 61.842 56.0 久 0
61.842 62.269 59.0 而 0
62.269 62.483 59.0 渐 0
62.483 62.91 59.0 渐 0
62.91 63.338 54.0 温 0
63.338 63.979 51.0 柔 1
64.317 64.744 51.0 放 0
64.744 64.958 52.0 开 0
64.958 65.171 54.0 了 0
65.171 65.6 51.0 拳 0
65.6 66.242 49.0 头 0
67.742 68.17 51.0 反 0
68.17 68.384 52.0 而 0
68.384 68.599 54.0 更 0
68.599 69.027 51.0 自 0
69.027 69.884 49.0 由 1
70.787 71.215 54.0 慢 0
71.215 71.644 56.0 动 0
71.644 72.072 58.0 作 0
72.072 72.5 59.0 缱 0
72.5 72.715 61.0 绻 0
72.715 73.143 63.0 胶 0
73.143 73.571 59.0 卷 1
73.797 74.225 58.0 重 0
74.225 74.439 56.0 播 0
74.439 74.868 58.0 默 0
74.868 75.296 54.0 片 0
75.51 75.939 56.0 定 0
75.939 76.153 54.0 格 0
76.153 76.581 56.0 一 0
76.581 77.224 47.0 瞬 0
77.224 77.652 54.0 间 1
78.029 78.35 54.0 我 0
78.35 78.671 56.0 们 0
78.671 78.886 58.0 在 0
78.886 79.314 59.0 告 0
79.314 79.528 61.0 别 0
79.528 80.171 63.0 的 0
80.171 80.599 66.0 演 0
80.599 81.463 66.0 唱 0
81.463 81.895 61.0 会 0
82.326 82.758 56.0 说 0
82.758 82.974 58.0 好 0
82.974 83.406 59.0 不 0
83.406 84.053 61.0 再 0
84.053 85.763 61.0 见 1
86.654 87.082 63.0 你 0
87.082 87.509 61.0 写 0
87.509 88.365 59.0 给 0
88.365 88.792 66.0 我 0
89.22 89.652 64.0 我 0
89.652 89.868 63.0 的 0
89.868 90.515 61.0 第 0
90.515 90.947 59.0 一 0
90.947 91.811 59.0 首 0
91.811 92.458 66.0 歌 1
92.572 92.998 64.0 我 0
92.998 93.21 63.0 和 0
93.21 93.849 61.0 你 0
93.849 94.274 63.0 十 0
94.274 94.7 61.0 指 0
94.7 94.913 59.0 紧 0
94.913 95.232 59.0 扣 0
95.551 95.976 63.0 默 0
95.976 96.404 61.0 写 0
96.404 96.619 59.0 前 0
96.619 96.94 59.0 奏 1
97.446 97.874 54.0 可 0
97.874 98.302 56.0 是 0
98.302 98.516 59.0 那 0
98.516 98.944 59.0 然 0
98.944 99.372 63.0 后 0
99.372 99.586 61.0 - 0
99.586 100.015 61.0 呢 1
100.396 100.825 63.0 还 0
100.825 101.254 61.0 好 0
101.254 102.112 59.0 我 0
102.112 102.541 66.0 有 0
102.97 103.4 64.0 我 0
103.4 103.614 63.0 这 0
103.614 104.258 61.0 一 0
104.258 104.687 59.0 首 0
104.687 105.545 59.0 情 0
105.545 106.081 66.0 歌 1
106.267 106.696 64.0 轻 0
106.696 106.91 63.0 轻 0
106.91 107.554 61.0 的 0
107.554 107.983 63.0 轻 0
107.983 108.412 61.0 轻 0
108.412 108.626 59.0 哼 0
108.626 108.948 59.0 着 0
109.27 109.699 63.0 哭 0
109.699 110.128 61.0 着 0
110.128 110.343 59.0 笑 0
110.343 110.664 59.0 着 1
111.087 111.516 61.0 我 0
111.516 111.945 61.0 - 0
111.945 113.232 61.0 的 0
113.661 114.09 63.0 天 0
114.09 114.519 61.0 长 0
114.734 114.948 59.0 地 0
114.948 117.523 59.0 久 1
130.753 131.181 42.0 命 0
131.181 131.608 47.0 运 0
131.608 132.036 49.0 好 0
132.036 132.894 51.0 幽 0
132.894 133.323 54.0 默 1
133.758 134.187 52.0 让 0
134.187 134.402 51.0 爱 0
134.402 135.045 49.0 的 0
135.045 135.474 51.0 人 0
135.903 136.332 52.0 都 0
136.332 136.761 51.0 沉 0
136.761 137.19 47.0 默 1
137.595 138.024 47.0 一 0
138.024 138.453 51.0 整 0
138.453 138.882 54.0 个 0
138.882 139.74 59.0 宇 0
139.74 140.277 61.0 宙 1
140.563 140.993 58.0 换 0
140.993 141.207 56.0 一 0
141.207 141.851 54.0 颗 0
141.851 142.28 49.0 红 0
142.28 143.138 51.0 豆 1
144.612 145.041 47.0 回 0
145.041 145.47 51.0 忆 0
145.47 145.899 54.0 如 0
145.899 146.757 59.0 困 0
146.757 147.186 61.0 兽 1
147.533 147.962 58.0 寂 0
147.962 148.177 56.0 寞 0
148.177 148.606 54.0 太 0
148.606 149.035 56.0 久 0
149.249 149.678 59.0 而 0
149.678 149.893 59.0 渐 0
149.893 150.536 59.0 渐 0
150.536 150.965 54.0 温 0
150.965 151.394 51.0 柔 1
151.74 152.169 51.0 放 0
152.169 152.384 52.0 开 0
152.384 152.598 54.0 了 0
152.598 153.026 51.0 拳 0
153.026 153.669 49.0 头 0
155.167 155.595 51.0 反 0
155.595 155.809 52.0 而 0
155.809 156.023 54.0 更 0
156.023 156.451 51.0 自 0
156.451 157.307 49.0 由 1
158.248 158.676 54.0 长 0
158.676 159.105 56.0 镜 0
159.105 159.533 58.0 头 0
159.533 159.961 59.0 越 0
159.961 160.175 61.0 拉 0
160.175 160.603 63.0 越 0
160.603 161.031 59.0 远 1
161.146 161.574 58.0 越 0
161.574 161.788 56.0 来 0
161.788 162.216 58.0 越 0
162.216 162.644 54.0 远 0
162.858 163.286 56.0 事 0
163.286 163.5 54.0 隔 0
163.5 163.929 56.0 好 0
163.929 164.571 47.0 几 0
164.571 164.999 54.0 年 1
165.474 165.795 54.0 我 0
165.795 166.116 56.0 们 0
166.116 166.33 58.0 在 0
166.33 166.758 59.0 怀 0
166.758 166.972 61.0 念 0
166.972 167.614 63.0 的 0
167.614 168.042 66.0 演 0
168.042 168.898 66.0 唱 0
168.898 169.327 61.0 会 0
169.755 170.183 56.0 礼 0
170.183 170.398 58.0 貌 0
170.398 170.826 59.0 的 0
170.826 171.041 59.0 吻 0
171.041 171.469 61.0 - 0
171.469 173.184 61.0 别 1
174.01 174.438 63.0 你 0
174.438 174.866 61.0 写 0
174.866 175.722 59.0 给 0
175.722 176.151 66.0 我 0
176.579 177.007 64.0 我 0
177.007 177.221 63.0 的 0
177.221 177.863 61.0 第 0
177.863 178.291 59.0 一 0
178.291 179.152 59.0 首 0
179.152 179.798 66.0 歌 1
179.998 180.429 64.0 我 0
180.429 180.644 63.0 和 0
180.644 181.29 61.0 你 0
181.29 181.721 63.0 十 0
181.721 182.149 61.0 指 0
182.149 182.363 59.0 紧 0
182.363 182.684 59.0 扣 0
183.005 183.433 63.0 默 0
183.433 183.861 61.0 写 0
183.861 184.075 59.0 前 0
184.075 184.396 59.0 奏 1
184.708 185.136 54.0 可 0
185.136 185.563 56.0 是 0
185.563 185.776 59.0 那 0
185.776 186.203 59.0 然 0
186.203 186.63 63.0 后 0
186.63 186.844 61.0 - 0
186.844 187.271 61.0 呢 1
187.717 188.144 63.0 还 0
188.144 188.571 61.0 好 0
188.571 189.43 59.0 我 0
189.43 189.86 66.0 有 0
190.289 190.719 64.0 我 0
190.719 190.934 63.0 这 0
190.934 191.578 61.0 一 0
191.578 192.007 59.0 首 0
192.007 192.866 59.0 情 0
192.866 193.403 66.0 歌 1
193.77 194.199 64.0 轻 0
194.199 194.414 63.0 轻 0
194.414 195.058 61.0 的 0
195.058 195.488 63.0 轻 0
195.488 195.916 61.0 轻 0
195.916 196.13 59.0 哼 0
196.13 196.451 59.0 着 0
196.772 197.2 63.0 哭 0
197.2 197.628 61.0 着 0
197.628 197.842 59.0 笑 0
197.842 198.163 59.0 着 1
198.451 198.879 63.0 我 0
198.879 199.307 61.0 - 0
199.307 200.592 61.0 的 0
201.02 201.448 63.0 天 0
201.448 201.876 61.0 长 0
202.09 202.304 59.0 地 0
202.304 204.016 59.0 久 1
215.174 215.604 63.0 陪 0
215.604 216.034 61.0 我 0
216.034 216.893 59.0 唱 0
216.893 217.323 66.0 歌 0
217.752 218.181 64.0 清 0
218.181 218.395 63.0 唱 0
218.395 218.823 61.0 你 0
218.823 219.465 59.0 的 0
219.465 220.322 59.0 情 0
220.322 220.964 66.0 歌 1
221.264 221.693 64.0 舍 0
221.693 221.907 63.0 不 0
221.907 222.55 61.0 得 0
222.55 222.978 63.0 短 0
222.978 223.407 61.0 短 0
223.407 223.622 59.0 副 0
223.622 223.944 59.0 歌 0
224.265 224.694 63.0 心 0
224.694 225.123 61.0 还 0
225.123 225.338 59.0 热 0
225.338 225.66 59.0 着 1
225.937 226.366 54.0 也 0
226.366 226.794 56.0 要 0
226.794 227.008 59.0 告 0
227.008 227.435 59.0 一 0
227.435 227.863 63.0 段 0
227.863 228.077 61.0 - 0
228.077 228.504 61.0 落 1
228.946 229.373 63.0 还 0
229.373 229.801 61.0 好 0
229.801 230.659 59.0 我 0
230.659 231.089 66.0 有 0
231.518 231.947 64.0 我 0
231.947 232.161 63.0 下 0
232.161 232.591 61.0 一 0
232.591 233.234 59.0 首 0
233.234 234.093 59.0 情 0
234.093 234.629 66.0 歌 1
234.884 235.313 64.0 生 0
235.313 235.528 63.0 命 0
235.528 236.171 61.0 宛 0
236.171 236.601 63.0 如 0
236.601 237.03 59.0 静 0
237.03 237.244 59.0 静 0
237.244 237.566 59.0 的 0
237.888 238.317 63.0 相 0
238.317 238.745 61.0 拥 0
238.745 238.959 59.0 的 0
238.959 239.279 59.0 河 1
239.718 240.145 63.0 永 0
240.145 240.575 61.0 - 0
240.575 241.864 61.0 远 0
242.294 242.724 63.0 天 0
242.724 243.153 61.0 长 0
243.583 244.01 59.0 地 0
244.01 245.292 59.0 久 1
