37.555 38.585 55.0 天 0
38.589 39.102 57.0 - 0
39.107 39.62 59.0 边 0
39.624 41.171 62.0 - 0
41.176 41.689 64.0 有 0
41.693 42.206 55.0 - 0
42.21 42.464 57.0 一 0
42.469 42.723 59.0 对 0
42.727 43.24 52.0 - 0
43.245 43.758 55.0 双 0
43.762 44.792 50.0 - 1
45.725 46.496 47.0 那 0
46.501 46.755 50.0 - 0
46.759 47.272 50.0 - 0
47.277 47.79 52.0 是 0
47.794 48.307 55.0 我 0
48.311 48.565 57.0 梦 0
48.57 48.824 59.0 中 0
48.828 49.341 64.0 的 0
49.346 49.858 62.0 眼 0
49.863 51.927 57.0 - 1
54.195 54.966 59.0 山 0
54.971 55.225 62.0 - 0
55.229 55.742 62.0 中 0
55.746 56.259 64.0 - 0
56.264 57.811 62.0 有 0
57.815 58.328 64.0 - 0
58.333 58.846 52.0 一 0
58.85 59.363 55.0 片 0
59.367 59.751 55.0 晨 0
59.755 60.139 59.0 - 0
60.143 60.397 62.0 - 0
60.402 61.949 59.0 雾 1
62.93 63.443 57.0 那 0
63.447 63.96 59.0 - 0
63.964 64.219 59.0 是 0
64.223 64.477 62.0 你 0
64.482 64.994 52.0 - 0
64.999 65.253 52.0 昨 0
65.257 65.77 57.0 夜 0
65.775 66.029 57.0 - 0
66.033 66.288 57.0 的 0
66.292 66.546 59.0 柔 0
66.551 68.615 55.0 - 1
70.702 71.215 55.0 我 0
71.22 71.733 57.0 要 0
71.737 72.25 59.0 登 0
72.254 72.767 66.0 - 0
72.771 74.836 64.0 上 1
74.87 75.383 55.0 登 0
75.388 75.901 57.0 上 0
75.905 76.418 59.0 山 0
76.422 76.935 64.0 - 0
76.939 79.004 62.0 顶 1
79.023 79.795 50.0 去 0
79.799 80.053 52.0 - 0
80.058 80.571 55.0 寻 0
80.575 80.829 62.0 觅 0
80.834 81.088 64.0 - 0
81.092 81.605 62.0 雾 0
81.61 81.864 55.0 中 0
81.868 82.122 55.0 的 0
82.127 82.64 59.0 身 0
82.644 83.028 62.0 - 0
83.032 84.709 57.0 影 0
84.713 87.295 57.0 - 1
87.295 87.808 55.0 我 0
87.812 88.325 57.0 要 0
88.33 88.843 59.0 跨 0
88.847 89.36 67.0 - 0
89.364 91.429 64.0 上 1
91.431 91.944 55.0 跨 0
91.948 92.461 57.0 上 0
92.466 92.979 59.0 骏 0
92.983 93.366 64.0 - 0
93.371 93.496 64.0 - 0
94.017 95.565 62.0 马 1
95.573 96.345 50.0 去 0
96.349 96.603 52.0 - 0
96.608 97.12 55.0 追 0
97.125 97.638 64.0 逐 0
97.642 98.155 62.0 遥 0
98.159 98.414 55.0 远 0
98.418 98.672 55.0 的 0
98.676 99.189 59.0 星 0
99.194 99.707 62.0 - 0
99.711 101.776 57.0 星 0
101.78 103.845 62.0 - 1
104.836 105.349 50.0 星 0
105.354 105.867 52.0 - 0
105.871 108.97 55.0 星 1
114.055 115.085 55.0 天 0
115.089 115.602 57.0 - 0
115.606 116.119 59.0 边 0
116.124 117.671 62.0 - 0
117.675 118.188 64.0 有 0
118.193 118.706 55.0 - 0
118.71 118.964 57.0 一 0
118.969 119.223 59.0 棵 0
119.227 119.74 52.0 - 0
119.744 120.257 55.0 大 0
120.262 121.292 50.0 - 1
122.277 123.048 47.0 那 0
123.052 123.307 50.0 - 0
123.311 123.824 50.0 - 0
123.828 124.341 52.0 是 0
124.346 124.859 55.0 我 0
124.863 125.117 57.0 心 0
125.121 125.376 59.0 中 0
125.38 125.893 64.0 的 0
125.897 126.41 62.0 绿 0
126.415 128.479 57.0 - 1
130.735 131.507 59.0 远 0
131.511 131.766 62.0 - 0
131.77 132.283 62.0 方 0
132.287 132.8 64.0 - 0
132.804 134.352 62.0 有 0
134.356 134.869 64.0 - 0
134.873 135.386 52.0 一 0
135.391 135.904 55.0 座 0
135.908 136.421 55.0 高 0
136.425 136.938 59.0 - 0
136.942 138.49 59.0 山 1
139.355 139.868 57.0 那 0
139.872 140.385 59.0 - 0
140.389 140.643 59.0 是 0
140.648 140.902 62.0 你 0
140.906 141.419 52.0 - 0
141.424 141.678 52.0 博 0
141.682 142.195 57.0 大 0
142.199 142.454 57.0 - 0
142.458 143.488 59.0 的 0
143.493 145.04 55.0 胸 1
147.231 147.744 55.0 我 0
147.748 148.261 57.0 - 0
148.266 148.779 59.0 在 0
148.783 149.296 66.0 树 0
149.3 151.365 64.0 - 1
151.437 151.95 55.0 树 0
151.954 152.467 57.0 下 0
152.472 152.985 59.0 采 0
152.989 153.502 64.0 - 0
153.506 155.571 62.0 撷 1
155.573 156.345 50.0 去 0
156.349 156.603 52.0 - 0
156.608 157.12 55.0 编 0
157.125 157.379 62.0 织 0
157.383 157.638 64.0 - 0
157.642 158.155 62.0 美 0
158.159 158.414 55.0 丽 0
158.418 158.672 55.0 的 0
158.677 159.189 59.0 憧 0
159.194 159.577 62.0 - 0
159.582 159.707 62.0 - 0
159.711 161.258 57.0 憬 0
161.263 163.845 57.0 - 1
163.848 164.361 55.0 我 0
164.365 164.878 57.0 要 0
164.882 165.395 59.0 山 0
165.4 165.913 67.0 - 0
165.917 167.982 64.0 下 1
167.987 168.5 55.0 山 0
168.504 169.017 57.0 下 0
169.021 169.534 59.0 放 0
169.539 169.922 64.0 - 0
169.927 170.052 64.0 - 0
170.056 172.12 62.0 牧 1
172.123 172.894 50.0 去 0
172.899 173.153 52.0 - 0
173.157 173.67 55.0 追 0
173.675 174.187 64.0 寻 0
174.192 174.705 62.0 你 0
174.709 174.963 55.0 的 0
174.968 175.222 55.0 - 0
175.226 175.739 59.0 足 0
175.743 176.256 62.0 - 0
176.261 178.325 57.0 印 0
178.33 180.912 62.0 - 1
181.535 182.048 50.0 足 0
182.052 182.565 52.0 - 0
182.569 185.668 55.0 印 1
219.629 220.142 55.0 我 0
220.146 220.659 57.0 愿 0
220.663 221.694 59.0 与 0
221.698 223.245 64.0 - 0
223.25 223.763 55.0 你 0
223.767 224.28 55.0 策 0
224.284 224.797 57.0 马 0
224.801 225.314 59.0 同 0
225.319 225.832 64.0 - 0
225.836 227.901 62.0 行 1
227.907 228.678 50.0 奔 0
228.683 228.937 52.0 - 0
228.941 229.454 55.0 - 0
229.459 229.713 62.0 驰 0
229.717 229.972 64.0 在 0
229.976 230.489 62.0 - 0
230.493 230.747 55.0 草 0
230.752 231.006 55.0 原 0
231.01 231.523 59.0 的 0
231.528 231.911 62.0 深 0
231.916 233.592 57.0 - 0
233.597 236.178 57.0 处 1
236.228 236.741 55.0 我 0
236.745 237.258 57.0 - 0
237.262 237.775 59.0 愿 0
237.779 238.292 66.0 与 0
238.297 240.361 64.0 - 0
240.366 240.879 55.0 你 0
240.883 241.396 57.0 展 0
241.4 241.913 59.0 翅 0
241.917 242.301 64.0 飞 0
242.305 242.43 64.0 - 0
242.435 244.499 62.0 - 0
244.513 245.284 50.0 翔 1
245.288 245.543 52.0 遨 0
245.547 246.06 55.0 - 0
246.064 246.319 62.0 游 0
246.323 246.577 64.0 在 0
246.582 247.095 62.0 - 0
247.099 247.353 55.0 蓝 0
247.357 247.612 55.0 天 0
247.616 248.129 59.0 的 0
248.133 248.646 62.0 穹 0
248.651 250.715 57.0 - 0
250.72 253.301 62.0 谷 1
253.673 254.186 50.0 穹 0
254.19 254.703 52.0 - 0
254.707 257.807 55.0 - 0
