33.392 33.638 60.0 我 0
33.638 34.13 65.0 不 0
34.13 34.376 62.0 是 0
34.376 34.622 60.0 在 0
34.622 35.113 65.0 等 0
35.113 35.359 62.0 你 1
35.374 35.62 60.0 我 0
35.62 36.112 65.0 只 0
36.112 36.358 62.0 是 0
36.358 36.604 60.0 在 0
36.604 37.096 65.0 等 0
37.096 37.341 62.0 爱 0
37.341 38.325 60.0 你 0
38.817 39.063 62.0 的 0
39.063 39.555 62.0 心 0
39.555 40.784 60.0 死 1
41.347 41.593 60.0 在 0
41.593 42.085 65.0 某 0
42.085 42.33 62.0 年 0
42.33 42.576 60.0 在 0
42.576 43.068 65.0 某 0
43.068 43.314 62.0 月 0
43.314 43.56 60.0 在 0
43.56 44.052 65.0 某 0
44.052 44.298 62.0 个 1
44.35 44.596 60.0 波 0
44.596 45.087 65.0 澜 0
45.087 45.333 62.0 不 0
45.333 46.317 60.0 惊 0
46.809 47.055 62.0 日 0
47.055 47.546 62.0 子 0
47.546 48.038 60.0 里 1
48.045 48.291 57.0 可 0
48.291 48.537 57.0 但 0
48.537 49.029 55.0 世 0
49.029 49.275 55.0 间 0
49.275 49.767 57.0 风 0
49.767 51.242 60.0 景 0
52.226 52.471 62.0 千 0
52.471 52.717 62.0 般 0
52.717 52.963 62.0 万 0
52.963 53.209 60.0 般 0
53.209 53.701 69.0 熙 0
53.701 54.193 62.0 攘 0
54.193 54.685 65.0 过 0
54.685 56.16 62.0 后 1
56.551 56.797 60.0 字 0
56.797 57.043 60.0 里 0
57.043 57.534 62.0 行 0
57.534 58.026 62.0 间 0
58.026 58.272 65.0 人 0
58.272 58.518 65.0 我 0
58.518 58.764 65.0 两 0
58.764 59.01 62.0 忘 0
59.01 59.502 60.0 相 0
59.502 59.993 65.0 对 0
60.485 60.977 67.0 无 0
60.977 63.928 65.0 言 1
64.193 64.439 60.0 大 0
64.439 64.685 60.0 概 0
64.685 64.93 62.0 是 0
64.93 65.914 65.0 他 0
66.16 66.652 65.0 恰 0
66.652 66.898 62.0 好 0
66.898 67.144 65.0 钻 0
67.144 67.635 65.0 进 0
67.635 67.881 62.0 了 0
67.881 68.127 65.0 你 0
68.127 68.373 62.0 的 0
68.373 68.619 65.0 心 0
68.619 68.865 62.0 里 1
68.908 69.154 60.0 堵 0
69.154 69.646 65.0 住 0
69.646 69.891 62.0 了 0
69.891 70.137 65.0 那 0
70.137 70.629 65.0 片 0
70.629 70.875 67.0 空 0
70.875 71.367 65.0 白 1
71.622 71.868 60.0 才 0
71.868 72.114 60.0 发 0
72.114 72.359 62.0 现 0
72.359 72.605 65.0 没 0
72.605 72.851 62.0 有 0
72.851 73.589 65.0 他 1
73.719 73.965 65.0 生 0
73.965 74.211 65.0 命 0
74.211 74.457 65.0 变 0
74.457 74.702 62.0 得 0
74.702 75.44 60.0 如 0
75.44 75.932 65.0 此 0
76.178 76.67 67.0 煎 0
76.67 79.621 65.0 熬 1
80.397 80.643 60.0 你 0
80.643 80.889 62.0 认 0
80.889 81.381 65.0 真 0
81.381 81.627 65.0 的 0
81.627 82.119 65.0 说 0
82.119 82.364 60.0 你 0
82.364 82.856 67.0 喜 0
82.856 83.348 67.0 欢 0
83.348 83.594 60.0 白 0
83.594 83.84 69.0 山 0
83.84 84.332 67.0 茶 1
84.695 84.94 64.0 怡 0
84.94 85.186 62.0 然 0
85.186 85.432 64.0 自 0
85.432 85.924 64.0 得 0
85.924 86.17 62.0 的 0
86.17 86.416 64.0 收 0
86.416 86.662 60.0 起 0
86.662 86.908 67.0 别 0
86.908 87.154 65.0 的 0
87.154 87.399 62.0 红 0
87.399 87.891 67.0 玫 0
87.891 88.137 65.0 瑰 1
88.26 88.506 60.0 你 0
88.506 88.752 65.0 温 0
88.752 89.244 65.0 柔 0
89.244 89.49 62.0 的 0
89.49 89.981 65.0 说 0
89.981 90.227 60.0 你 0
90.227 90.719 67.0 眷 0
90.719 91.211 60.0 恋 0
91.211 91.703 67.0 我 1
91.994 92.239 60.0 然 0
92.239 92.485 60.0 后 0
92.485 92.731 69.0 迫 0
92.731 92.977 67.0 不 0
92.977 93.223 69.0 及 0
93.223 93.469 69.0 待 0
93.469 93.961 69.0 的 0
93.961 94.207 69.0 爱 0
94.207 94.698 70.0 别 0
94.698 95.928 69.0 人 1
96.221 96.467 60.0 你 0
96.467 96.713 65.0 给 0
96.713 96.959 62.0 我 0
96.959 97.205 65.0 的 0
97.205 97.45 62.0 感 0
97.45 97.942 65.0 觉 0
97.942 98.188 60.0 总 0
98.188 98.434 60.0 是 0
98.434 98.68 67.0 患 0
98.68 99.172 60.0 得 0
99.172 99.664 67.0 患 0
99.664 100.155 67.0 失 1
100.398 100.644 64.0 就 0
100.644 100.89 62.0 像 0
100.89 101.136 64.0 寒 0
101.136 101.382 62.0 夜 0
101.382 101.628 64.0 里 0
101.628 102.12 64.0 那 0
102.12 102.365 60.0 冰 0
102.365 102.857 67.0 冷 0
102.857 103.103 65.0 的 0
103.103 103.595 64.0 雨 0
103.595 103.841 65.0 滴 1
103.845 104.091 60.0 一 0
104.091 104.337 57.0 次 0
104.337 104.828 58.0 次 0
104.828 105.074 65.0 的 0
105.074 105.566 65.0 猜 0
105.566 106.796 65.0 疑 0
107.042 107.287 60.0 我 0
107.287 107.779 67.0 失 0
107.779 108.025 65.0 去 0
108.025 108.271 64.0 了 0
108.271 111.222 65.0 你 1
112.196 112.442 60.0 贪 0
112.442 112.934 65.0 恋 0
112.934 113.18 62.0 了 0
113.18 113.426 60.0 脱 0
113.426 113.918 65.0 身 0
113.918 114.164 62.0 了 0
114.164 114.41 60.0 结 0
114.41 114.901 65.0 束 0
114.901 115.147 62.0 了 1
115.184 115.43 60.0 心 0
115.43 115.922 65.0 碎 0
115.922 116.168 62.0 了 0
116.168 116.66 60.0 突 0
116.66 117.152 60.0 然 0
117.643 117.889 62.0 想 0
117.889 118.381 62.0 你 0
118.381 119.611 60.0 了 1
119.941 120.187 60.0 想 0
120.187 120.679 65.0 索 0
120.679 120.925 62.0 取 0
120.925 121.171 60.0 怕 0
121.171 121.663 65.0 失 0
121.663 121.909 62.0 去 0
121.909 122.154 60.0 在 0
122.154 122.646 65.0 原 0
122.646 122.892 62.0 地 1
123.022 123.268 60.0 心 0
123.268 123.76 65.0 空 0
123.76 124.006 62.0 虚 0
124.006 124.989 60.0 放 0
125.481 125.727 62.0 过 0
125.727 126.219 62.0 自 0
126.219 126.957 60.0 己 1
126.975 127.22 57.0 时 0
127.22 127.466 57.0 间 0
127.466 127.712 57.0 会 0
127.712 127.958 55.0 抹 0
127.958 128.45 57.0 平 0
128.45 129.434 60.0 一 0
129.434 130.417 60.0 切 1
130.851 131.097 62.0 即 0
131.097 131.343 62.0 使 0
131.343 131.589 62.0 岁 0
131.589 131.835 60.0 月 0
131.835 132.326 69.0 刺 0
132.326 132.572 62.0 痛 0
132.572 132.818 62.0 我 0
132.818 133.31 65.0 伤 0
133.31 134.54 62.0 疤 1
134.964 135.21 60.0 就 0
135.21 135.456 60.0 当 0
135.456 135.702 62.0 我 0
135.702 136.194 69.0 不 0
136.194 136.686 62.0 曾 0
136.686 137.177 65.0 出 0
137.177 137.423 62.0 现 0
137.423 137.669 62.0 你 0
137.669 138.161 60.0 也 0
138.161 138.653 65.0 不 0
138.653 138.899 65.0 曾 0
139.145 139.636 67.0 遇 0
139.636 142.587 65.0 见 1
143.163 143.409 60.0 我 0
143.409 143.655 62.0 爱 0
143.655 144.147 65.0 你 0
144.147 144.393 65.0 你 0
144.393 144.638 62.0 爱 0
144.638 145.13 65.0 他 0
145.13 145.376 65.0 最 0
145.376 145.622 62.0 后 0
145.622 146.114 65.0 我 1
146.178 146.424 65.0 终 0
146.424 146.67 62.0 究 0
146.67 146.916 65.0 自 0
146.916 147.162 62.0 食 0
147.162 147.407 65.0 其 0
147.407 147.653 62.0 果 1
147.656 147.961 60.0 陷 0
147.964 148.394 65.0 入 0
148.394 148.64 62.0 了 0
148.64 148.886 65.0 你 0
148.886 149.378 65.0 的 0
149.378 149.624 67.0 骗 0
149.624 150.115 65.0 局 1
150.207 150.453 60.0 你 0
150.453 150.699 60.0 好 0
150.699 150.945 62.0 好 0
150.945 151.191 65.0 照 0
151.191 151.437 62.0 顾 0
151.437 151.929 65.0 她 0
152.42 152.666 65.0 今 0
152.666 153.158 65.0 后 0
153.158 153.404 62.0 我 0
153.404 154.142 60.0 四 0
154.142 154.633 65.0 海 0
154.879 155.371 67.0 为 0
155.371 158.322 65.0 家 1
159.144 159.39 60.0 你 0
159.39 159.635 62.0 认 0
159.635 160.127 65.0 真 0
160.127 160.373 65.0 的 0
160.373 160.865 65.0 说 0
160.865 161.111 60.0 你 0
161.111 161.603 67.0 喜 0
161.603 162.095 67.0 欢 0
162.095 162.34 60.0 白 0
162.34 162.586 69.0 山 0
162.586 163.078 67.0 茶 1
163.257 163.503 64.0 怡 0
163.503 163.749 62.0 然 0
163.749 163.995 64.0 自 0
163.995 164.487 64.0 得 0
164.487 164.732 62.0 的 0
164.732 164.978 64.0 收 0
164.978 165.224 60.0 起 0
165.224 165.47 67.0 别 0
165.47 165.716 65.0 的 0
165.716 165.962 62.0 红 0
165.962 166.454 67.0 玫 0
166.454 166.7 65.0 瑰 1
166.926 167.171 60.0 你 0
167.171 167.417 65.0 温 0
167.417 167.909 65.0 柔 0
167.909 168.155 62.0 的 0
168.155 168.647 65.0 说 0
168.647 168.893 60.0 你 0
168.893 169.385 67.0 眷 0
169.385 169.876 60.0 恋 0
169.876 170.368 67.0 我 1
170.684 170.93 60.0 然 0
170.93 171.176 60.0 后 0
171.176 171.422 69.0 迫 0
171.422 171.668 67.0 不 0
171.668 171.914 69.0 及 0
171.914 172.159 69.0 待 0
172.159 172.651 69.0 的 0
172.651 172.897 69.0 爱 0
172.897 173.389 70.0 别 0
173.389 174.127 69.0 人 0
174.127 174.618 67.0 耶 1
174.946 175.192 60.0 你 0
175.192 175.438 65.0 给 0
175.438 175.684 62.0 我 0
175.684 175.93 65.0 的 0
175.93 176.176 62.0 感 0
176.176 176.668 65.0 觉 0
176.668 176.914 60.0 总 0
176.914 177.159 60.0 是 0
177.159 177.405 67.0 患 0
177.405 177.897 60.0 得 0
177.897 178.389 67.0 患 0
178.389 178.635 67.0 失 1
178.848 179.094 62.0 你 0
179.094 179.34 64.0 送 0
179.34 179.586 62.0 我 0
179.586 179.831 64.0 的 0
179.831 180.323 64.0 花 0
180.323 180.815 64.0 儿 0
180.815 181.061 60.0 也 0
181.061 181.553 67.0 慢 0
181.553 181.799 65.0 慢 0
181.799 182.29 64.0 凋 0
182.29 182.536 65.0 谢 1
182.545 182.791 60.0 你 0
182.791 183.037 57.0 说 0
183.037 183.529 58.0 你 0
183.529 183.775 65.0 有 0
183.775 184.267 65.0 多 0
184.267 184.758 65.0 爱 0
184.758 185.127 60.0 我 0
185.742 185.988 60.0 却 0
185.988 186.327 67.0 消 0
186.33 186.726 65.0 失 0
186.726 187.217 64.0 不 0
187.217 190.414 65.0 见 1
190.519 190.765 70.0 你 0
190.765 191.011 70.0 坚 0
191.011 191.503 70.0 定 0
191.503 191.749 70.0 的 0
191.749 191.994 70.0 眼 0
191.994 192.24 70.0 神 0
192.24 192.486 70.0 让 0
192.486 192.732 65.0 我 0
192.732 192.978 69.0 心 0
192.978 193.47 70.0 神 0
193.47 193.962 69.0 错 0
193.962 194.208 67.0 乱 1
194.357 194.603 60.0 傻 0
194.603 194.848 60.0 傻 0
194.848 195.094 69.0 的 0
195.094 195.34 69.0 我 0
195.34 195.586 69.0 还 0
195.586 195.832 69.0 沉 0
195.832 196.078 69.0 浸 0
196.078 196.324 69.0 在 0
196.324 196.57 69.0 你 0
196.57 196.816 72.0 我 0
196.816 197.062 72.0 的 0
197.062 197.553 69.0 梦 0
197.553 198.045 65.0 境 1
198.359 198.605 70.0 你 0
198.605 198.851 70.0 温 0
198.851 199.343 70.0 柔 0
199.343 199.588 70.0 的 0
199.588 199.834 70.0 将 0
199.834 200.08 70.0 白 0
200.08 200.326 70.0 山 0
200.326 200.572 70.0 茶 0
200.572 201.064 69.0 送 0
201.064 201.31 69.0 给 0
201.31 201.802 67.0 我 1
202.051 202.297 60.0 笑 0
202.297 202.543 60.0 着 0
202.543 202.789 69.0 说 0
202.789 203.035 69.0 你 0
203.035 203.281 69.0 多 0
203.281 203.527 69.0 么 0
203.527 203.773 69.0 爱 0
203.773 204.019 69.0 我 0
204.019 204.265 69.0 很 0
204.265 204.51 72.0 爱 0
204.51 204.756 72.0 很 0
204.756 205.248 69.0 爱 0
205.248 205.986 65.0 我 1
206.363 206.609 70.0 我 0
206.609 206.855 70.0 用 0
206.855 207.1 70.0 力 0
207.1 207.346 70.0 钻 0
207.346 207.592 70.0 进 0
207.592 207.838 70.0 你 0
207.838 208.084 70.0 的 0
208.084 208.33 70.0 怀 0
208.33 208.576 70.0 里 0
208.576 208.822 70.0 聆 0
208.822 209.314 70.0 听 0
209.314 209.559 70.0 你 0
209.559 209.805 69.0 心 0
209.805 210.051 67.0 跳 1
210.346 210.592 60.0 我 0
210.592 210.838 69.0 知 0
210.838 211.084 69.0 道 0
211.084 211.33 69.0 余 0
211.33 211.576 69.0 生 0
211.576 211.822 69.0 必 0
211.822 212.068 69.0 定 0
212.068 212.313 69.0 再 0
212.313 212.559 72.0 戒 0
212.559 212.805 72.0 不 0
212.805 213.297 69.0 掉 0
213.297 213.789 65.0 你 1
213.876 214.122 62.0 忽 0
214.122 214.368 60.0 然 0
214.368 214.613 70.0 你 0
214.613 214.859 70.0 消 0
214.859 215.105 70.0 失 0
215.105 215.351 70.0 在 0
215.351 215.597 70.0 我 0
215.597 215.843 70.0 的 0
215.843 216.089 70.0 身 0
216.089 216.335 70.0 边 0
216.335 216.704 69.0 化 0
216.704 217.072 70.0 为 0
217.072 217.318 70.0 红 0
217.318 217.564 70.0 玫 0
217.564 217.81 60.0 瑰 1
217.935 218.181 60.0 剩 0
218.181 218.427 60.0 下 0
218.427 218.673 69.0 我 0
218.673 218.919 69.0 一 0
218.919 219.165 69.0 个 0
219.165 220.64 69.0 人 0
225.776 226.026 65.0 一 0
226.026 226.277 62.0 - 0
226.277 226.777 62.0 朵 0
226.777 227.778 67.0 白 0
227.778 229.268 67.0 山 0
229.268 232.411 65.0 茶 1
