13.061 13.459 55.0 越 0
13.459 13.857 57.0 过 0
13.857 14.255 59.0 山 0
14.255 14.852 59.0 丘 1
15.804 16.003 50.0 遇 0
16.003 16.202 50.0 见 0
16.202 16.395 55.0 十 0
16.395 16.78 55.0 九 0
16.78 17.357 55.0 岁 0
17.357 17.742 55.0 的 0
17.742 18.32 52.0 我 1
19.051 19.243 50.0 戴 0
19.243 19.436 50.0 着 0
19.436 19.641 55.0 一 0
19.641 20.255 55.0 双 0
20.255 20.665 55.0 白 0
20.665 20.869 50.0 手 0
20.869 21.467 57.0 套 1
22.104 22.3 50.0 喝 0
22.3 22.497 50.0 着 0
22.497 22.898 60.0 我 0
22.898 23.7 59.0 的 0
23.7 24.102 59.0 喜 0
24.102 24.692 57.0 酒 1
25.1 25.297 50.0 他 0
25.297 25.494 50.0 问 0
25.494 25.691 50.0 我 0
25.691 26.083 55.0 幸 0
26.083 26.476 57.0 福 0
26.476 26.869 59.0 与 0
26.869 27.457 50.0 否 1
28.576 28.772 47.0 是 0
28.772 28.968 47.0 否 0
28.968 29.357 55.0 永 0
29.357 29.551 54.0 别 0
29.551 30.133 55.0 了 0
30.133 30.522 54.0 忧 0
30.522 31.117 47.0 愁 1
31.672 31.871 47.0 为 0
31.871 32.07 47.0 何 0
32.07 32.267 57.0 婚 0
32.267 32.66 57.0 礼 0
32.66 32.857 55.0 上 0
32.857 33.251 57.0 那 0
33.251 33.448 55.0 么 0
33.448 33.645 57.0 多 0
33.645 34.236 57.0 人 1
34.823 35.02 54.0 没 0
35.02 35.217 54.0 有 0
35.217 35.611 62.0 一 0
35.611 36.005 62.0 个 0
36.005 36.202 62.0 当 0
36.202 36.596 62.0 年 0
36.596 36.793 62.0 的 0
36.793 37.389 59.0 朋 0
37.389 37.786 57.0 友 1
37.841 38.04 50.0 我 0
38.04 38.238 50.0 说 0
38.238 38.437 50.0 我 0
38.437 39.039 55.0 曾 0
39.039 39.64 57.0 经 0
39.64 40.041 59.0 挽 0
40.041 40.645 59.0 留 1
41.264 41.466 50.0 他 0
41.466 41.667 50.0 们 0
41.667 42.056 55.0 纷 0
42.056 42.25 55.0 纷 0
42.25 42.445 55.0 去 0
42.445 42.833 55.0 人 0
42.833 43.028 55.0 海 0
43.028 43.417 55.0 漂 0
43.417 44.0 52.0 流 1
44.281 44.475 50.0 那 0
44.475 44.67 50.0 个 0
44.67 45.077 55.0 你 0
45.077 45.485 55.0 深 0
45.485 45.892 50.0 爱 0
45.892 46.096 50.0 的 0
46.096 46.489 50.0 小 0
46.489 47.058 57.0 妞 1
47.538 47.727 50.0 嫁 0
47.727 47.917 50.0 了 0
47.917 48.315 60.0 隔 0
48.315 48.714 60.0 壁 0
48.714 48.913 59.0 的 0
48.913 49.312 59.0 王 0
49.312 49.511 57.0 - 0
49.511 50.119 57.0 某 1
50.459 50.661 50.0 我 0
50.661 50.864 50.0 问 0
50.864 51.066 50.0 她 0
51.066 51.658 55.0 幸 0
51.658 52.25 57.0 福 0
52.25 52.645 59.0 与 0
52.645 53.217 50.0 否 1
53.52 53.711 47.0 她 0
53.711 53.901 47.0 哭 0
53.901 54.092 47.0 着 0
54.092 54.494 55.0 点 0
54.494 55.096 54.0 了 0
55.296 55.698 55.0 点 0
55.698 56.277 47.0 头 1
56.985 57.178 47.0 后 0
57.178 57.371 47.0 来 0
57.371 57.618 57.0 遇 0
57.618 57.963 57.0 见 0
57.963 58.16 55.0 过 0
58.16 58.554 57.0 那 0
58.554 58.751 55.0 么 0
58.751 58.948 57.0 多 0
58.948 59.54 57.0 人 1
60.011 60.209 55.0 想 0
60.209 60.406 55.0 对 0
60.406 60.804 62.0 你 0
60.804 61.202 62.0 说 0
61.202 61.599 62.0 却 0
61.599 61.798 62.0 张 0
61.798 61.997 62.0 不 0
61.997 62.39 59.0 开 0
62.39 62.98 57.0 口 1
63.186 63.579 55.0 就 0
63.579 64.171 62.0 让 0
64.171 64.763 59.0 我 0
64.763 64.961 59.0 随 0
64.961 65.158 57.0 你 0
65.158 65.948 59.0 去 1
66.734 67.326 64.0 让 0
67.326 67.918 59.0 我 0
67.918 68.116 59.0 随 0
68.116 68.313 57.0 你 0
68.313 68.708 59.0 去 0
68.708 69.3 55.0 - 1
69.557 69.755 50.0 回 0
69.755 69.952 50.0 到 0
69.952 70.347 55.0 二 0
70.347 70.544 55.0 十 0
70.544 70.741 55.0 岁 0
70.741 71.136 55.0 狂 0
71.136 71.333 55.0 奔 0
71.333 71.531 55.0 的 0
71.531 71.926 55.0 路 0
71.926 72.32 52.0 口 1
72.652 72.849 50.0 做 0
72.849 73.047 50.0 个 0
73.047 73.442 59.0 形 0
73.442 73.836 59.0 单 0
73.836 74.034 59.0 影 0
74.034 74.428 59.0 只 0
74.428 74.626 62.0 的 0
74.626 75.02 62.0 歌 0
75.02 75.415 57.0 手 1
75.947 76.342 50.0 就 0
76.342 76.934 62.0 让 0
76.934 77.526 59.0 我 0
77.526 77.723 59.0 随 0
77.723 78.118 57.0 你 0
78.118 78.907 59.0 去 1
79.425 80.017 64.0 让 0
80.017 80.609 59.0 我 0
80.609 80.806 59.0 随 0
80.806 81.004 57.0 你 0
81.004 81.398 59.0 去 0
81.398 81.99 55.0 - 1
82.23 82.427 50.0 逆 0
82.427 82.624 50.0 着 0
82.624 83.019 55.0 背 0
83.019 83.414 55.0 影 0
83.414 83.611 55.0 婆 0
83.611 84.006 55.0 娑 0
84.006 84.203 55.0 的 0
84.203 84.598 55.0 人 0
84.598 84.993 52.0 流 1
85.282 85.479 50.0 向 0
85.479 85.676 50.0 着 0
85.676 86.071 59.0 那 0
86.071 86.466 59.0 座 0
86.466 86.663 59.0 荒 0
86.663 87.058 59.0 芜 0
87.058 87.255 62.0 的 0
87.255 87.65 62.0 山 0
87.65 88.834 57.0 丘 1
89.716 90.11 59.0 挥 0
90.11 90.505 57.0 挥 0
90.505 91.097 59.0 衣 0
91.097 92.479 55.0 袖 1
93.579 93.974 55.0 越 0
93.974 94.369 57.0 过 0
94.369 94.763 59.0 山 0
94.763 95.553 59.0 丘 1
96.406 96.604 50.0 遇 0
96.604 96.801 50.0 见 0
96.801 97.196 55.0 六 0
97.196 97.393 55.0 十 0
97.393 97.788 55.0 岁 0
97.788 97.985 55.0 的 0
97.985 98.775 52.0 我 1
99.576 99.774 50.0 拄 0
99.774 99.971 50.0 着 0
99.971 100.168 55.0 一 0
100.168 100.76 55.0 根 0
100.76 101.155 55.0 白 0
101.155 101.352 50.0 手 0
101.352 102.142 57.0 杖 1
102.766 102.963 50.0 在 0
102.963 103.161 52.0 听 0
103.161 103.556 60.0 鸟 0
103.556 104.345 59.0 儿 0
104.345 104.74 59.0 歌 0
104.74 105.134 59.0 唱 0
105.134 105.529 57.0 - 1
105.575 105.772 50.0 我 0
105.772 105.969 50.0 问 0
105.969 106.167 50.0 他 0
106.167 106.759 55.0 幸 0
106.759 107.351 57.0 福 0
107.351 107.746 59.0 与 0
107.746 108.338 50.0 否 1
108.729 108.927 50.0 他 0
108.927 109.124 50.0 笑 0
109.124 109.322 50.0 着 0
109.322 109.716 55.0 摆 0
109.716 110.111 54.0 了 0
110.111 110.506 55.0 摆 0
110.506 111.098 47.0 手 1
112.25 112.447 47.0 在 0
112.447 112.644 47.0 他 0
112.644 113.039 57.0 身 0
113.039 113.434 57.0 边 0
113.434 113.631 57.0 围 0
113.631 114.026 57.0 绕 0
114.026 114.223 55.0 着 0
114.223 114.421 59.0 一 0
114.421 115.013 57.0 群 1
115.263 115.46 55.0 当 0
115.46 115.657 55.0 年 0
115.657 116.052 62.0 流 0
116.052 116.447 62.0 放 0
116.447 116.644 62.0 归 0
116.644 117.039 62.0 来 0
117.039 117.236 62.0 的 0
117.236 117.631 59.0 朋 0
117.631 118.026 57.0 友 1
118.374 118.572 50.0 他 0
118.572 118.769 50.0 说 0
118.769 118.966 50.0 你 0
118.966 119.558 55.0 不 0
119.558 120.15 57.0 必 0
120.15 120.545 59.0 挽 0
120.545 121.137 59.0 留 1
121.543 121.741 47.0 爱 0
121.741 121.938 47.0 是 0
121.938 122.136 55.0 一 0
122.136 122.53 55.0 个 0
122.53 122.925 55.0 人 0
122.925 123.122 55.0 的 0
123.122 123.517 55.0 等 0
123.517 124.109 52.0 候 1
124.771 124.969 50.0 等 0
124.969 125.166 50.0 到 0
125.166 125.561 55.0 房 0
125.561 125.956 55.0 顶 0
125.956 126.153 55.0 开 0
126.153 126.548 55.0 出 0
126.548 126.745 50.0 了 0
126.745 127.534 57.0 花 1
127.966 128.164 50.0 这 0
128.164 128.361 50.0 里 0
128.361 128.756 60.0 就 0
128.756 129.545 59.0 是 0
129.545 129.94 59.0 天 0
129.94 130.729 57.0 下 1
130.902 131.099 50.0 总 0
131.099 131.296 50.0 有 0
131.296 131.494 50.0 人 0
131.494 132.086 55.0 幸 0
132.086 132.678 57.0 福 0
132.678 133.073 59.0 白 0
133.073 133.862 59.0 头 1
134.127 134.324 47.0 总 0
134.324 134.521 47.0 有 0
134.521 134.719 47.0 人 0
134.719 135.113 55.0 哭 0
135.113 135.508 54.0 着 0
135.508 135.903 55.0 分 0
135.903 136.692 47.0 手 1
137.467 137.664 48.0 无 0
137.664 137.862 48.0 论 0
137.862 138.256 57.0 相 0
138.256 138.651 57.0 遇 0
138.651 138.848 57.0 还 0
138.848 139.243 57.0 是 0
139.243 139.441 57.0 不 0
139.441 139.835 57.0 相 0
139.835 140.427 57.0 遇 1
140.57 140.767 55.0 都 0
140.767 140.965 55.0 是 0
140.965 141.359 62.0 献 0
141.359 141.754 62.0 给 0
141.754 142.149 62.0 岁 0
142.149 142.346 62.0 月 0
142.346 142.543 62.0 的 0
142.543 143.136 59.0 序 0
143.136 143.53 57.0 曲 1
143.687 144.081 55.0 就 0
144.081 144.672 62.0 让 0
144.672 145.263 59.0 我 0
145.263 145.558 59.0 随 0
145.558 145.903 57.0 你 0
145.903 146.642 59.0 去 1
147.317 147.909 64.0 让 0
147.909 148.502 59.0 我 0
148.502 148.699 59.0 随 0
148.699 148.896 57.0 你 0
148.896 149.291 59.0 去 0
149.291 149.883 55.0 - 1
149.96 150.158 50.0 去 0
150.158 150.355 50.0 到 0
150.355 150.75 55.0 六 0
150.75 150.947 55.0 十 0
150.947 151.145 55.0 岁 0
151.145 151.539 55.0 停 0
151.539 151.737 55.0 下 0
151.737 151.934 55.0 的 0
151.934 152.329 52.0 渡 0
152.329 152.724 52.0 口 1
153.199 153.397 50.0 等 0
153.397 153.594 50.0 着 0
153.594 153.989 59.0 被 0
153.989 154.186 59.0 一 0
154.186 154.384 59.0 条 0
154.384 154.778 59.0 小 0
154.778 155.173 62.0 船 0
155.173 155.765 62.0 接 0
155.765 156.16 57.0 走 1
156.321 156.716 50.0 就 0
156.716 157.505 62.0 让 0
157.505 157.9 59.0 我 0
157.9 158.098 59.0 随 0
158.098 158.295 57.0 你 0
158.295 159.084 59.0 去 1
159.835 160.427 64.0 让 0
160.427 161.019 59.0 我 0
161.019 161.216 59.0 随 0
161.216 161.414 57.0 你 0
161.414 161.809 59.0 去 0
161.809 162.401 55.0 - 1
162.687 162.884 50.0 随 0
162.884 163.082 50.0 着 0
163.082 163.477 55.0 熙 0
163.477 163.871 55.0 熙 0
163.871 164.069 55.0 攘 0
164.069 164.463 55.0 攘 0
164.463 164.661 55.0 的 0
164.661 165.055 55.0 人 0
165.055 165.45 52.0 流 1
165.806 166.003 50.0 向 0
166.003 166.201 50.0 着 0
166.201 166.595 59.0 开 0
166.595 166.99 59.0 满 0
166.99 167.188 59.0 鲜 0
167.188 167.582 59.0 花 0
167.582 167.78 62.0 的 0
167.78 168.372 62.0 山 0
168.372 169.753 57.0 丘 1
171.798 172.193 59.0 挥 0
172.193 172.587 57.0 挥 0
172.587 173.18 59.0 衣 0
173.18 173.969 57.0 袖 0
173.969 175.333 55.0 - 1
186.909 187.324 55.0 越 0
187.324 187.739 57.0 过 0
187.739 188.155 59.0 山 0
188.155 188.779 59.0 丘 1
189.719 189.928 50.0 遇 0
189.928 190.137 50.0 见 0
190.137 190.35 55.0 十 0
190.35 190.564 55.0 九 0
190.564 190.99 55.0 岁 0
191.417 191.63 55.0 的 0
191.63 192.29 52.0 我 1
193.129 193.352 50.0 戴 0
193.352 193.576 50.0 着 0
193.576 193.789 55.0 一 0
193.789 194.429 55.0 双 0
194.429 194.642 55.0 白 0
194.642 194.855 50.0 手 0
194.855 195.713 57.0 套 1
196.694 196.909 50.0 喝 0
196.909 197.125 52.0 着 0
197.125 197.567 60.0 我 0
197.567 198.231 59.0 的 0
198.452 198.895 59.0 喜 0
198.895 199.558 50.0 酒 1
199.942 200.163 50.0 他 0
200.163 200.384 50.0 问 0
200.384 200.606 50.0 我 0
200.606 201.319 55.0 幸 0
201.319 201.795 57.0 福 0
201.795 202.271 59.0 与 0
202.271 202.876 50.0 否 1
203.698 203.882 47.0 是 0
203.882 204.065 47.0 否 0
204.065 204.517 55.0 永 0
204.517 204.968 54.0 别 0
204.968 205.419 55.0 了 0
205.419 205.87 54.0 忧 0
205.87 206.528 47.0 愁 1
207.172 207.392 47.0 为 0
207.392 207.611 47.0 何 0
207.611 207.826 57.0 婚 0
207.826 208.257 57.0 礼 0
208.257 208.472 55.0 上 0
208.472 208.849 55.0 那 0
208.849 209.118 55.0 么 0
209.118 209.333 57.0 多 0
209.333 210.096 57.0 人 1
210.914 211.168 55.0 没 0
211.168 211.422 55.0 有 0
211.422 211.92 62.0 一 0
211.92 212.417 62.0 个 0
212.417 212.914 62.0 当 0
212.914 213.163 62.0 年 0
213.163 215.152 57.0 的 0
217.639 218.882 59.0 朋 0
218.882 219.38 57.0 - 0
219.38 222.374 55.0 友 1
