39.05 39.383 53.0 长 0
39.383 39.717 53.0 长 0
39.717 40.05 53.0 - 0
40.05 40.383 51.0 的 0
40.383 40.717 53.0 头 0
40.717 41.05 60.0 - 0
41.05 41.383 60.0 发 0
41.383 41.717 60.0 - 1
41.723 42.056 60.0 黑 0
42.056 42.223 58.0 黑 0
42.223 42.723 58.0 的 0
42.723 43.056 56.0 眼 0
43.056 43.723 53.0 睛 1
44.236 44.57 53.0 好 0
44.57 44.736 53.0 像 0
44.736 44.903 51.0 在 0
44.903 45.236 53.0 什 0
45.236 45.57 56.0 么 0
45.57 45.903 58.0 地 0
45.903 46.236 60.0 方 0
46.236 46.57 63.0 见 0
46.57 46.903 65.0 过 0
46.903 47.57 60.0 你 0
47.57 48.903 60.0 - 1
49.668 50.001 60.0 山 0
50.001 50.501 63.0 上 0
50.501 50.668 60.0 - 0
50.668 51.001 60.0 的 0
51.001 51.334 63.0 格 0
51.334 51.501 67.0 桑 0
51.501 52.001 65.0 花 0
52.001 52.334 63.0 - 0
52.334 52.668 60.0 开 0
52.668 53.001 56.0 的 0
53.001 53.334 58.0 好 0
53.334 53.668 60.0 美 0
53.668 54.334 58.0 丽 1
54.975 55.308 60.0 我 0
55.308 55.642 58.0 要 0
55.642 55.975 63.0 摘 0
55.975 56.308 63.0 一 0
56.308 56.808 58.0 朵 0
56.975 57.308 58.0 亲 0
57.308 57.642 58.0 - 0
57.642 57.975 58.0 手 0
58.308 58.642 51.0 送 0
58.642 58.975 56.0 给 0
58.975 60.975 53.0 你 1
61.692 62.025 53.0 纯 0
62.025 62.692 53.0 纯 0
62.692 63.025 51.0 的 0
63.025 63.358 53.0 笑 0
63.358 63.692 60.0 - 0
63.692 64.025 60.0 容 0
64.025 64.358 60.0 - 1
64.397 64.731 60.0 傻 0
64.731 64.897 58.0 傻 0
64.897 65.397 58.0 的 0
65.397 65.731 56.0 话 0
65.731 66.397 53.0 语 1
67.064 67.397 53.0 烙 0
67.397 67.564 53.0 印 0
67.564 67.731 51.0 在 0
67.731 68.064 53.0 我 0
68.064 68.397 56.0 的 0
68.397 68.731 58.0 心 0
68.731 69.064 60.0 头 0
69.064 69.397 63.0 难 0
69.397 69.731 65.0 忘 0
69.731 71.731 60.0 记 1
72.215 72.549 60.0 头 0
72.549 73.215 63.0 上 0
73.215 73.549 60.0 的 0
73.549 73.882 65.0 彩 0
73.882 74.049 67.0 蝶 0
74.049 74.549 65.0 呀 0
74.549 74.882 63.0 - 0
74.882 75.215 60.0 飞 0
75.215 75.549 56.0 的 0
75.549 75.882 58.0 好 0
75.882 76.215 60.0 甜 0
76.215 76.882 58.0 蜜 1
77.671 78.004 60.0 想 0
78.004 78.337 58.0 要 0
78.337 78.671 63.0 对 0
78.671 79.004 65.0 你 0
79.004 79.504 58.0 说 0
79.671 80.004 60.0 我 0
80.004 80.337 58.0 - 0
80.337 80.671 58.0 已 0
81.004 81.337 53.0 爱 0
81.337 81.671 58.0 上 0
81.671 83.671 53.0 你 1
84.367 85.367 65.0 亲 0
85.367 85.534 60.0 爱 0
85.534 85.701 63.0 的 0
85.701 86.034 68.0 姑 0
86.034 86.367 70.0 - 0
86.367 86.701 65.0 娘 1
86.738 87.071 65.0 我 0
87.071 87.404 63.0 - 0
87.404 87.571 65.0 - 0
87.571 87.904 68.0 爱 0
87.904 88.238 63.0 - 0
88.238 88.404 63.0 - 0
88.404 88.738 60.0 你 0
88.738 89.071 60.0 - 0
89.071 89.404 60.0 - 1
89.664 89.997 58.0 让 0
89.997 90.164 58.0 我 0
90.164 90.664 58.0 走 0
90.664 90.997 60.0 进 0
90.997 91.33 58.0 你 0
91.33 91.497 56.0 的 0
91.497 91.997 53.0 世 0
91.997 92.33 51.0 界 0
92.33 92.664 63.0 和 0
92.664 92.997 65.0 你 0
92.997 93.497 63.0 在 0
93.497 93.664 58.0 一 0
93.664 94.664 60.0 起 1
94.928 95.928 65.0 亲 0
95.928 96.095 60.0 爱 0
96.095 96.261 63.0 的 0
96.261 96.595 68.0 姑 0
96.595 96.928 68.0 - 0
96.928 97.178 65.0 娘 0
97.178 97.511 65.0 - 1
97.541 97.874 68.0 我 0
97.874 98.207 65.0 - 0
98.207 98.541 68.0 爱 0
98.541 98.874 72.0 - 0
98.874 99.874 70.0 你 0
99.874 100.207 68.0 - 1
100.306 100.64 67.0 生 0
100.64 100.806 67.0 生 0
100.806 101.306 67.0 世 0
101.306 101.64 65.0 世 0
101.64 101.806 63.0 为 0
101.806 101.973 63.0 你 0
101.973 102.14 63.0 付 0
102.14 102.306 65.0 出 0
102.306 102.64 63.0 一 0
102.64 102.973 60.0 切 0
102.973 103.306 63.0 我 0
103.473 103.64 60.0 也 0
103.64 103.973 65.0 愿 0
103.973 104.306 70.0 - 0
104.306 106.973 65.0 意 1
133.629 133.962 53.0 长 0
133.962 134.295 53.0 长 0
134.295 134.629 55.0 - 0
134.629 134.962 51.0 的 0
134.962 135.295 53.0 头 0
135.295 135.629 60.0 - 0
135.629 135.962 60.0 发 0
135.962 136.295 60.0 - 1
136.353 136.687 60.0 黑 0
136.687 136.853 58.0 黑 0
136.853 137.353 58.0 的 0
137.353 137.687 56.0 眼 0
137.687 138.353 53.0 睛 1
138.944 139.277 53.0 好 0
139.277 139.444 53.0 像 0
139.444 139.611 51.0 在 0
139.611 139.944 53.0 什 0
139.944 140.277 56.0 么 0
140.277 140.611 58.0 地 0
140.611 140.944 60.0 方 0
140.944 141.277 63.0 见 0
141.277 141.611 65.0 过 0
141.611 142.277 60.0 你 0
142.277 143.611 60.0 - 1
144.335 144.669 60.0 山 0
144.669 145.169 63.0 上 0
145.169 145.335 60.0 - 0
145.335 145.669 60.0 的 0
145.669 146.002 65.0 格 0
146.002 146.169 67.0 桑 0
146.169 146.669 65.0 花 0
146.669 147.002 63.0 - 0
147.002 147.335 60.0 开 0
147.335 147.669 56.0 的 0
147.669 148.002 58.0 好 0
148.002 148.335 60.0 美 0
148.335 149.002 58.0 丽 1
149.728 150.06 60.0 我 0
150.061 150.394 58.0 要 0
150.394 150.728 63.0 摘 0
150.728 151.061 65.0 一 0
151.061 151.561 58.0 朵 0
151.728 152.061 60.0 亲 0
152.061 152.394 58.0 - 0
152.394 152.728 58.0 手 0
153.061 153.394 51.0 送 0
153.394 153.728 58.0 给 0
153.728 155.728 53.0 你 1
156.204 156.538 53.0 纯 0
156.538 157.204 53.0 纯 0
157.204 157.538 51.0 的 0
157.538 157.871 53.0 笑 0
157.871 158.204 60.0 - 0
158.204 158.538 60.0 容 0
158.538 158.871 60.0 - 1
159.07 159.403 60.0 傻 0
159.403 159.57 58.0 傻 0
159.57 160.07 58.0 的 0
160.07 160.403 56.0 话 0
160.403 161.07 53.0 语 1
161.694 162.027 53.0 烙 0
162.027 162.194 53.0 印 0
162.194 162.36 51.0 在 0
162.36 162.694 53.0 我 0
162.694 163.027 56.0 的 0
163.027 163.36 58.0 心 0
163.36 163.694 60.0 头 0
163.694 164.027 63.0 难 0
164.027 164.36 65.0 忘 0
164.36 166.36 60.0 记 1
166.938 167.271 60.0 头 0
167.271 167.938 63.0 上 0
167.938 168.271 60.0 的 0
168.271 168.605 63.0 彩 0
168.605 168.771 67.0 蝶 0
168.771 169.271 65.0 呀 0
169.271 169.605 63.0 - 0
169.605 169.938 60.0 飞 0
169.938 170.271 56.0 的 0
170.271 170.605 58.0 好 0
170.605 170.938 60.0 甜 0
170.938 171.605 58.0 蜜 1
172.285 172.619 60.0 想 0
172.619 172.952 60.0 要 0
172.952 173.285 63.0 对 0
173.285 173.619 63.0 你 0
173.619 174.119 58.0 说 0
174.285 174.619 58.0 我 0
174.619 174.952 60.0 - 0
174.952 175.285 58.0 已 0
175.619 175.952 51.0 爱 0
175.952 176.285 58.0 上 0
176.285 177.619 53.0 你 1
178.879 179.879 65.0 亲 0
179.879 180.046 60.0 爱 0
180.046 180.212 63.0 的 0
180.212 180.546 68.0 姑 0
180.546 180.879 68.0 - 0
180.879 181.129 65.0 娘 0
181.129 181.546 65.0 - 1
181.627 181.96 63.0 我 0
181.96 182.293 65.0 - 0
182.293 182.627 65.0 爱 0
182.627 182.96 63.0 - 0
182.96 183.377 60.0 你 0
183.377 184.127 60.0 - 1
184.228 184.562 58.0 让 0
184.562 184.728 58.0 我 0
184.728 185.228 58.0 走 0
185.228 185.562 58.0 进 0
185.562 185.895 58.0 你 0
185.895 186.062 56.0 的 0
186.062 186.562 53.0 世 0
186.562 186.895 51.0 界 0
186.895 187.228 65.0 和 0
187.228 187.562 65.0 你 0
187.562 188.062 63.0 在 0
188.062 188.228 58.0 一 0
188.228 189.228 60.0 起 1
189.634 190.634 65.0 亲 0
190.634 190.8 60.0 爱 0
190.8 190.967 63.0 的 0
190.967 191.3 68.0 姑 0
191.3 191.634 70.0 - 0
191.634 191.884 65.0 娘 0
191.884 192.217 65.0 - 1
192.36 192.694 68.0 我 0
192.694 193.027 65.0 - 0
193.027 193.36 68.0 爱 0
193.36 193.694 70.0 - 0
193.694 194.694 70.0 你 0
194.694 195.027 68.0 - 1
195.027 195.36 67.0 生 0
195.36 195.527 67.0 生 0
195.527 196.027 67.0 世 0
196.027 196.36 65.0 世 0
196.36 196.527 63.0 为 0
196.527 196.694 63.0 你 0
196.694 196.86 63.0 付 0
196.86 197.027 65.0 出 0
197.027 197.36 63.0 一 0
197.36 197.694 60.0 切 0
197.694 198.027 63.0 我 0
198.194 198.36 60.0 也 0
198.36 198.694 63.0 愿 0
198.694 199.027 68.0 - 0
199.027 201.694 65.0 意 1
222.992 223.992 65.0 亲 0
223.992 224.159 60.0 爱 0
224.159 224.325 63.0 的 0
224.325 224.659 68.0 姑 0
224.659 224.992 68.0 - 0
224.992 225.242 65.0 娘 0
225.242 225.659 65.0 - 1
225.675 226.008 63.0 我 0
226.008 226.341 65.0 - 0
226.341 226.675 65.0 爱 0
226.675 227.008 63.0 - 0
227.008 227.425 60.0 你 0
227.425 228.175 60.0 - 1
228.287 228.621 58.0 让 0
228.621 228.787 58.0 我 0
228.787 229.287 58.0 走 0
229.287 229.621 58.0 进 0
229.621 229.954 58.0 你 0
229.954 230.121 56.0 的 0
230.121 230.621 53.0 世 0
230.621 230.954 51.0 界 0
230.954 231.287 65.0 和 0
231.287 231.621 65.0 你 0
231.621 231.954 63.0 在 0
231.954 232.287 60.0 一 0
232.287 233.287 60.0 起 1
233.562 234.562 65.0 亲 0
234.562 234.728 60.0 爱 0
234.728 234.895 63.0 的 0
234.895 235.228 68.0 姑 0
235.228 235.562 70.0 - 0
235.562 235.812 65.0 娘 0
235.812 236.145 65.0 - 1
236.325 236.659 68.0 我 0
236.659 236.992 65.0 - 0
236.992 237.325 68.0 爱 0
237.325 237.659 70.0 - 0
237.659 238.659 70.0 你 0
238.659 238.992 68.0 - 1
239.032 239.365 67.0 生 0
239.365 239.532 67.0 生 0
239.532 240.032 67.0 世 0
240.032 240.365 65.0 世 0
240.365 240.532 63.0 为 0
240.532 240.699 63.0 你 0
240.699 240.865 63.0 付 0
240.865 241.032 65.0 出 0
241.032 241.365 63.0 一 0
241.365 241.699 60.0 切 0
241.699 242.032 63.0 我 0
242.199 242.365 60.0 也 0
242.365 242.699 63.0 愿 0
242.699 243.032 68.0 - 0
243.032 245.699 65.0 意 1
245.702 246.035 67.0 生 0
246.035 246.202 67.0 生 0
246.202 246.702 67.0 世 0
246.702 247.035 65.0 世 0
247.035 247.202 63.0 为 0
247.202 247.368 63.0 你 0
247.368 247.535 63.0 付 0
247.535 247.702 65.0 出 0
247.702 248.035 63.0 一 0
248.035 248.368 60.0 切 0
248.368 248.702 63.0 我 0
248.868 249.035 60.0 也 0
249.035 249.368 63.0 愿 0
249.368 249.702 70.0 - 0
249.702 252.368 65.0 意 1
252.399 252.733 67.0 生 0
252.733 252.899 67.0 生 0
252.899 253.399 67.0 世 0
253.399 253.733 65.0 世 0
253.733 253.899 63.0 为 0
253.899 254.066 63.0 你 0
254.066 254.233 63.0 付 0
254.233 254.399 65.0 出 0
254.399 254.733 63.0 一 0
254.733 255.066 60.0 切 0
255.066 255.399 63.0 我 0
255.399 257.733 60.0 也 0
258.233 258.733 63.0 愿 0
258.733 259.233 70.0 - 0
259.233 259.816 63.0 - 0
259.816 262.733 65.0 意 1
