22.344 22.668 61.0 沉 0
22.668 22.991 61.0 - 0
22.991 23.314 61.0 入 0
23.314 23.638 61.0 越 0
23.638 23.961 61.0 来 0
23.961 24.285 59.0 越 0
24.285 24.608 58.0 深 0
24.608 25.255 63.0 的 0
25.255 25.901 61.0 海 0
27.165 27.488 49.0 底 0
27.488 28.134 61.0 我 0
28.134 28.456 59.0 开 0
28.456 29.102 58.0 始 0
29.102 29.72 59.0 想 0
29.747 30.07 58.0 念 0
30.07 30.554 56.0 你 0
31.1 31.423 54.0 - 0
31.423 32.068 54.0 我 0
32.068 33.036 63.0 好 0
33.036 34.647 61.0 孤 0
36.937 38.226 66.0 寂 0
38.226 40.482 61.0 唔 0
43.014 43.336 61.0 跌 0
43.336 43.659 61.0 进 0
43.659 43.981 61.0 越 0
43.981 44.303 61.0 来 0
44.303 44.625 61.0 越 0
44.625 44.947 59.0 冷 0
44.947 45.27 58.0 的 0
45.27 45.914 63.0 爱 0
45.914 46.558 61.0 里 0
47.848 48.17 49.0 我 0
48.17 48.817 61.0 - 0
48.817 49.14 59.0 快 0
49.14 49.786 58.0 不 0
49.786 50.433 59.0 能 0
50.433 50.756 58.0 呼 0
50.756 51.241 56.0 吸 0
51.779 52.102 54.0 - 0
52.102 52.749 54.0 我 0
52.749 53.395 63.0 想 0
53.395 54.365 65.0 要 0
54.988 55.634 65.0 你 0
55.634 56.925 63.0 啊 0
57.627 57.949 63.0 人 0
57.949 58.272 63.0 活 0
58.272 58.595 65.0 着 0
58.595 58.917 66.0 赖 0
58.917 59.24 66.0 着 0
59.24 59.563 66.0 一 0
59.563 59.885 63.0 口 0
59.885 60.208 66.0 氧 0
60.208 61.176 63.0 气 0
61.99 62.313 63.0 氧 0
62.313 62.635 63.0 - 0
62.635 63.28 70.0 气 0
63.28 66.849 68.0 是 0
67.286 67.618 61.0 你 0
67.618 68.283 61.0 如 0
68.283 68.616 61.0 果 0
68.616 69.274 71.0 你 0
69.274 70.251 70.0 爱 0
71.231 71.556 61.0 我 0
71.556 72.524 73.0 你 0
72.524 72.847 70.0 会 0
73.492 73.815 68.0 来 0
73.815 75.105 66.0 找 0
76.374 76.696 66.0 我 0
76.696 77.664 65.0 你 0
77.664 78.632 66.0 会 0
78.632 79.277 70.0 知 0
79.277 80.568 63.0 道 0
82.907 83.23 63.0 我 0
83.23 83.553 63.0 快 0
83.553 84.2 70.0 不 0
84.2 87.109 68.0 能 0
88.014 88.337 61.0 活 0
88.337 88.983 61.0 如 0
88.983 89.307 61.0 果 0
89.307 89.953 71.0 你 0
89.953 90.923 70.0 爱 0
91.939 92.262 61.0 我 0
92.262 93.231 73.0 你 0
93.231 93.555 70.0 会 0
94.201 94.848 68.0 来 0
94.848 96.302 66.0 救 0
97.058 97.382 66.0 我 0
97.382 98.351 65.0 空 0
98.351 99.321 66.0 气 0
99.321 99.968 70.0 很 0
99.968 101.907 63.0 稀 0
102.23 102.884 61.0 薄 0
103.432 103.762 61.0 因 0
103.762 104.092 61.0 - 0
104.092 104.752 68.0 为 0
104.752 105.083 66.0 寂 0
105.083 105.743 66.0 寞 0
136.113 136.436 61.0 - 0
136.436 136.759 61.0 跌 0
136.759 137.081 61.0 进 0
137.081 137.404 61.0 越 0
137.404 137.727 61.0 来 0
137.727 138.05 59.0 越 0
138.05 138.372 58.0 冷 0
138.372 139.018 63.0 的 0
139.018 139.663 61.0 爱 0
140.942 141.264 49.0 里 0
141.264 141.91 61.0 我 0
141.91 142.233 59.0 快 0
142.233 142.878 58.0 不 0
142.878 143.524 59.0 能 0
143.524 143.846 58.0 呼 0
143.846 144.33 56.0 吸 0
144.89 145.212 54.0 - 0
145.212 145.858 54.0 我 0
145.858 146.503 63.0 想 0
146.503 147.472 65.0 要 0
148.145 148.791 65.0 你 0
148.791 150.082 63.0 啊 0
150.673 150.996 63.0 人 0
150.996 151.319 63.0 - 0
151.319 151.641 65.0 活 0
151.641 151.964 66.0 着 0
151.964 152.287 66.0 赖 0
152.287 152.61 66.0 着 0
152.61 152.932 63.0 一 0
152.932 153.255 66.0 口 0
153.255 154.223 63.0 氧 0
155.272 155.594 63.0 气 0
155.594 155.917 63.0 氧 0
155.917 156.563 70.0 气 0
156.563 160.113 68.0 是 0
160.348 160.67 61.0 你 0
160.67 161.316 61.0 如 0
161.316 161.639 61.0 果 0
161.639 162.284 71.0 你 0
162.284 163.253 70.0 爱 0
164.271 164.594 61.0 我 0
164.594 165.562 73.0 你 0
165.562 165.885 70.0 会 0
166.53 166.853 68.0 来 0
166.853 168.144 66.0 找 0
169.385 169.708 66.0 我 0
169.708 170.676 65.0 你 0
170.676 171.644 66.0 会 0
171.644 172.29 70.0 知 0
172.29 173.581 63.0 道 0
175.836 176.159 63.0 我 0
176.159 176.481 63.0 快 0
176.481 177.127 70.0 不 0
177.127 180.032 68.0 能 0
180.938 181.261 61.0 活 0
181.261 181.906 61.0 如 0
181.906 182.229 61.0 果 0
182.229 182.875 71.0 你 0
182.875 183.843 70.0 爱 0
184.83 185.153 61.0 我 0
185.153 186.121 73.0 你 0
186.121 186.444 70.0 会 0
187.089 187.412 68.0 来 0
187.412 188.864 66.0 救 0
190.081 190.404 66.0 我 0
190.404 191.372 65.0 空 0
191.372 192.34 66.0 气 0
192.34 192.986 70.0 很 0
192.986 194.922 63.0 稀 0
195.245 195.891 61.0 薄 0
196.501 196.824 61.0 因 0
196.824 197.147 61.0 - 0
197.147 197.792 68.0 为 0
197.792 198.115 66.0 寂 0
198.115 198.76 66.0 寞 0
206.81 207.132 61.0 - 0
207.132 207.777 61.0 如 0
207.777 208.1 61.0 果 0
208.1 208.744 71.0 你 0
208.744 209.711 70.0 爱 0
210.627 210.949 61.0 我 0
210.949 211.916 73.0 你 0
211.916 212.238 70.0 会 0
212.883 213.206 68.0 来 0
213.206 214.495 66.0 找 0
215.784 216.107 66.0 我 0
216.107 217.077 65.0 你 0
217.077 218.047 66.0 会 0
218.047 218.693 70.0 知 0
218.693 219.986 63.0 道 0
222.343 222.666 63.0 我 0
222.666 222.99 63.0 快 0
222.99 223.636 70.0 不 0
223.636 226.546 68.0 能 0
227.515 227.838 61.0 活 0
227.838 228.484 61.0 如 0
228.484 228.808 61.0 果 0
228.808 229.45 71.0 你 0
229.45 230.405 70.0 爱 0
231.365 231.684 61.0 我 0
231.684 232.659 73.0 你 0
232.659 232.984 70.0 会 0
233.634 233.959 68.0 来 0
233.959 235.412 66.0 救 0
236.611 236.933 66.0 我 0
236.933 237.9 65.0 空 0
237.9 238.867 66.0 气 0
238.867 239.512 70.0 很 0
239.512 241.123 63.0 稀 0
241.767 242.412 61.0 薄 0
242.911 243.233 61.0 因 0
243.233 243.555 61.0 为 0
243.555 244.2 68.0 寂 0
244.2 244.522 66.0 寞 0
244.522 245.166 66.0 - 0
