19.372 19.638 53.0 你 0
19.638 19.908 60.0 - 0
19.908 20.176 58.0 迷 0
20.176 20.444 58.0 人 0
20.445 20.712 60.0 的 0
20.712 21.113 58.0 眼 0
21.485 21.753 60.0 神 0
21.753 22.021 60.0 俘 0
22.021 22.289 58.0 虏 0
22.289 22.557 56.0 了 0
22.557 22.825 55.0 我 0
22.825 23.36 53.0 的 0
23.958 24.226 51.0 心 0
24.226 24.494 51.0 我 0
24.494 24.762 51.0 想 0
24.762 25.029 53.0 没 0
25.033 25.297 55.0 有 0
25.297 25.565 55.0 什 0
25.565 25.833 55.0 么 0
25.833 26.099 56.0 东 0
26.158 26.428 55.0 西 0
26.428 26.696 53.0 比 0
26.696 26.963 53.0 这 0
26.963 27.231 51.0 更 0
27.231 27.633 53.0 致 0
27.966 28.23 53.0 命 0
28.23 28.502 60.0 我 0
28.502 28.769 58.0 努 0
28.769 29.035 58.0 力 0
29.035 29.305 60.0 想 0
29.305 29.707 58.0 结 0
29.842 30.11 65.0 束 0
30.11 30.378 65.0 这 0
30.378 30.645 65.0 段 0
30.645 30.913 63.0 迷 0
30.913 31.181 63.0 失 0
31.181 31.449 58.0 的 0
31.449 31.985 60.0 感 0
32.574 32.842 51.0 情 0
32.842 33.11 51.0 可 0
33.11 33.378 51.0 我 0
33.378 33.646 53.0 发 0
33.692 33.96 58.0 现 0
33.96 34.228 58.0 没 0
34.228 34.495 58.0 有 0
34.495 34.763 60.0 勇 0
34.763 35.031 56.0 气 0
35.031 35.299 55.0 和 0
35.299 35.567 53.0 你 0
35.567 35.835 51.0 说 0
35.835 36.103 53.0 再 0
36.357 36.625 53.0 见 0
36.625 36.893 56.0 难 0
36.893 37.161 58.0 到 0
37.161 37.429 58.0 注 0
37.429 37.697 58.0 定 0
37.697 37.965 56.0 爱 0
37.967 38.232 58.0 上 0
38.346 38.611 58.0 你 0
38.611 38.882 60.0 最 0
38.882 39.15 60.0 后 0
39.15 39.418 58.0 伤 0
39.418 39.686 56.0 的 0
39.686 39.953 55.0 是 0
39.953 40.355 53.0 自 0
40.593 40.861 53.0 己 0
40.861 41.129 56.0 难 0
41.129 41.397 58.0 道 0
41.397 41.665 58.0 注 0
41.665 41.929 58.0 定 0
41.929 42.2 65.0 这 0
42.2 42.468 63.0 一 0
42.468 42.736 65.0 切 0
42.736 43.004 63.0 将 0
43.004 43.272 58.0 是 0
43.272 44.343 60.0 回 0
44.881 45.149 53.0 忆 0
45.149 45.417 56.0 你 0
45.417 45.684 58.0 的 0
45.684 45.952 58.0 心 0
45.952 46.22 58.0 不 0
46.22 46.488 56.0 属 0
46.492 46.756 58.0 于 0
47.002 47.27 58.0 我 0
47.27 47.537 60.0 为 0
47.537 47.805 60.0 何 0
47.805 48.073 58.0 和 0
48.073 48.341 56.0 我 0
48.341 48.609 55.0 在 0
48.609 48.877 53.0 一 0
49.224 49.491 53.0 起 0
49.491 49.759 55.0 是 0
49.759 50.027 56.0 不 0
50.295 50.563 56.0 是 0
50.563 50.831 58.0 因 0
50.831 51.099 55.0 为 0
51.099 51.5 55.0 寂 0
51.634 51.902 56.0 寞 0
51.902 52.17 56.0 和 0
52.17 52.438 55.0 空 0
52.438 54.045 53.0 虚 0
57.462 57.73 60.0 如 0
57.73 57.998 63.0 果 0
57.998 58.266 60.0 我 0
58.266 58.534 65.0 得 0
58.534 58.801 65.0 到 0
58.801 59.069 65.0 你 0
59.069 59.337 63.0 的 0
59.34 59.873 65.0 人 0
59.893 60.161 65.0 却 0
60.165 60.429 68.0 得 0
60.429 60.696 65.0 不 0
60.696 60.964 63.0 到 0
60.964 61.232 63.0 你 0
61.232 61.5 60.0 的 0
61.5 62.036 63.0 心 0
62.545 62.813 58.0 就 0
62.813 63.081 58.0 - 0
63.081 63.349 58.0 算 0
63.349 63.617 65.0 得 0
63.617 63.885 63.0 到 0
63.885 64.153 65.0 全 0
64.153 64.42 63.0 世 0
64.42 64.688 60.0 界 0
64.688 64.953 58.0 也 0
64.953 65.216 58.0 不 0
65.219 65.492 60.0 开 0
65.492 66.295 60.0 - 0
66.451 66.719 60.0 心 0
66.719 66.987 60.0 我 0
66.987 67.255 58.0 想 0
67.255 67.523 58.0 问 0
67.526 67.791 60.0 一 0
67.791 68.326 58.0 问 0
68.591 68.862 60.0 你 0
68.862 69.13 60.0 能 0
69.13 69.398 58.0 否 0
69.398 69.666 58.0 爱 0
69.666 69.933 60.0 我 0
69.933 70.469 53.0 一 0
71.044 71.312 53.0 次 0
71.312 71.58 55.0 遗 0
71.58 71.847 56.0 憾 0
71.847 72.115 65.0 我 0
72.115 72.38 63.0 并 0
72.38 72.651 65.0 不 0
72.651 72.919 63.0 是 0
72.919 73.187 58.0 你 0
73.191 74.258 60.0 唯 0
74.513 74.781 60.0 一 0
74.781 75.049 63.0 如 0
75.049 75.317 60.0 果 0
75.325 75.584 65.0 我 0
75.584 75.852 65.0 失 0
75.852 76.12 65.0 去 0
76.12 76.388 63.0 这 0
76.388 76.924 65.0 一 0
77.084 77.352 65.0 切 0
77.352 77.619 68.0 能 0
77.619 77.887 65.0 换 0
77.887 78.155 63.0 来 0
78.155 78.423 63.0 你 0
78.423 78.691 60.0 的 0
78.695 79.227 63.0 真 0
79.705 79.973 58.0 心 0
79.973 80.241 58.0 就 0
80.241 80.509 58.0 算 0
80.509 80.777 65.0 失 0
80.777 81.045 63.0 去 0
81.045 81.312 65.0 全 0
81.312 81.58 63.0 世 0
81.58 81.848 60.0 界 0
81.848 82.116 58.0 也 0
82.116 82.337 58.0 不 0
82.337 82.652 60.0 伤 0
82.655 83.455 60.0 心 0
83.669 83.937 60.0 我 0
83.937 84.205 60.0 以 0
84.205 84.473 58.0 为 0
84.473 84.74 58.0 人 0
84.74 85.008 60.0 一 0
85.008 85.544 58.0 起 0
85.812 86.08 63.0 心 0
86.08 86.348 63.0 就 0
86.348 86.615 60.0 会 0
86.615 86.883 58.0 在 0
86.887 87.151 60.0 一 0
87.151 87.687 53.0 起 0
88.303 88.57 51.0 可 0
88.57 88.838 51.0 - 0
88.838 89.106 51.0 怜 0
89.106 89.374 53.0 我 0
89.374 89.642 58.0 还 0
89.642 89.91 58.0 一 0
89.91 90.178 58.0 直 0
90.178 90.445 60.0 为 0
90.445 90.713 56.0 你 0
90.713 90.981 55.0 钟 0
90.981 92.588 53.0 - 0
109.375 109.639 53.0 情 0
109.639 109.911 60.0 你 0
109.911 110.179 58.0 迷 0
110.179 110.447 58.0 人 0
110.447 110.715 60.0 的 0
110.715 111.116 58.0 眼 0
111.518 111.786 60.0 神 0
111.786 112.054 60.0 俘 0
112.054 112.322 58.0 虏 0
112.322 112.59 56.0 了 0
112.59 112.857 55.0 我 0
112.857 113.393 53.0 的 0
113.979 114.247 51.0 心 0
114.247 114.515 51.0 我 0
114.515 114.782 51.0 想 0
114.782 115.05 53.0 没 0
115.055 115.318 55.0 有 0
115.318 115.586 55.0 什 0
115.586 115.854 55.0 么 0
115.854 116.122 56.0 东 0
116.195 116.463 55.0 西 0
116.463 116.73 53.0 比 0
116.73 116.998 53.0 这 0
116.998 117.266 51.0 更 0
117.266 117.668 53.0 致 0
117.943 118.211 53.0 命 0
118.215 118.478 60.0 我 0
118.478 118.746 58.0 努 0
118.746 119.01 58.0 力 0
119.01 119.282 60.0 想 0
119.282 119.684 58.0 结 0
119.756 120.024 65.0 束 0
120.024 120.291 65.0 这 0
120.291 120.559 65.0 段 0
120.559 120.827 63.0 迷 0
120.827 121.095 63.0 失 0
121.095 121.363 58.0 的 0
121.363 121.899 60.0 感 0
122.453 122.721 51.0 情 0
122.721 122.989 51.0 可 0
122.989 123.257 51.0 我 0
123.257 123.525 53.0 发 0
123.525 123.793 58.0 现 0
123.793 124.06 58.0 没 0
124.219 124.487 58.0 有 0
124.487 124.755 60.0 勇 0
124.755 125.023 56.0 气 0
125.023 125.291 55.0 和 0
125.291 125.559 53.0 你 0
125.559 125.827 51.0 说 0
125.827 126.094 53.0 再 0
126.255 126.523 53.0 见 0
126.523 126.791 56.0 难 0
126.791 127.059 58.0 到 0
127.059 127.327 58.0 注 0
127.327 127.595 58.0 定 0
127.595 127.862 56.0 爱 0
127.862 128.13 58.0 上 0
128.386 128.654 58.0 你 0
128.654 128.922 60.0 最 0
128.922 129.19 60.0 后 0
129.19 129.458 58.0 伤 0
129.458 129.725 56.0 的 0
129.725 129.993 55.0 是 0
129.993 130.395 53.0 自 0
130.477 130.745 53.0 己 0
130.745 131.013 56.0 难 0
131.013 131.281 58.0 道 0
131.281 131.548 58.0 注 0
131.548 131.812 58.0 定 0
131.812 132.084 65.0 这 0
132.084 132.352 63.0 一 0
132.352 132.62 65.0 切 0
132.62 132.888 63.0 将 0
132.888 133.156 65.0 是 0
133.156 133.423 60.0 回 0
133.423 134.227 60.0 - 0
134.763 135.031 53.0 忆 0
135.031 135.298 56.0 你 0
135.298 135.566 58.0 的 0
135.566 135.834 58.0 心 0
135.834 136.102 58.0 不 0
136.107 136.37 56.0 属 0
136.37 136.638 58.0 于 0
137.0 137.267 58.0 我 0
137.267 137.535 60.0 为 0
137.535 137.803 60.0 何 0
137.803 138.071 58.0 和 0
138.071 138.339 56.0 我 0
138.339 138.602 55.0 在 0
138.607 138.875 53.0 一 0
139.141 139.409 53.0 起 0
139.409 139.677 55.0 是 0
139.677 139.945 56.0 不 0
140.213 140.481 56.0 是 0
140.481 140.749 58.0 因 0
140.749 141.016 55.0 为 0
141.016 141.418 55.0 寂 0
141.552 141.82 63.0 寞 0
141.82 142.083 63.0 和 0
142.083 144.499 65.0 空 0
145.306 145.574 60.0 虚 0
145.574 145.842 63.0 如 0
145.842 146.11 60.0 果 0
146.11 146.378 65.0 我 0
146.378 146.645 65.0 得 0
146.645 146.913 65.0 到 0
146.913 147.181 63.0 你 0
147.181 147.717 65.0 的 0
147.791 148.059 65.0 人 0
148.064 148.327 68.0 却 0
148.327 148.594 65.0 得 0
148.594 148.862 63.0 不 0
148.862 149.13 63.0 到 0
149.13 149.398 60.0 你 0
149.398 149.934 63.0 的 0
150.32 150.588 58.0 心 0
150.588 150.856 58.0 就 0
150.856 151.118 58.0 算 0
151.118 151.392 65.0 得 0
151.392 151.654 63.0 到 0
151.654 151.928 65.0 全 0
151.928 152.195 63.0 世 0
152.195 152.463 60.0 界 0
152.463 152.731 58.0 也 0
152.731 153.267 60.0 不 0
153.267 154.07 60.0 开 0
154.439 154.707 60.0 心 0
154.707 154.975 60.0 我 0
154.975 155.243 58.0 想 0
155.243 155.511 58.0 问 0
155.517 155.779 60.0 一 0
155.779 156.314 58.0 问 0
156.582 156.85 60.0 你 0
156.85 157.118 60.0 能 0
157.118 157.386 58.0 否 0
157.386 157.654 58.0 爱 0
157.654 157.921 60.0 我 0
157.921 158.457 53.0 一 0
158.968 159.236 53.0 次 0
159.236 159.504 55.0 遗 0
159.504 159.771 56.0 憾 0
159.771 160.039 65.0 我 0
160.039 160.307 63.0 并 0
160.307 160.575 65.0 不 0
160.575 160.843 63.0 是 0
160.843 161.111 58.0 你 0
161.111 162.182 60.0 唯 0
162.456 162.724 60.0 一 0
162.724 162.992 63.0 如 0
162.992 163.26 60.0 果 0
163.26 163.527 65.0 我 0
163.527 163.795 65.0 失 0
163.795 164.063 65.0 去 0
164.063 164.331 63.0 这 0
164.342 164.867 65.0 一 0
164.908 165.176 65.0 切 0
165.176 165.443 68.0 能 0
165.443 165.711 65.0 换 0
165.711 165.979 63.0 来 0
165.979 166.247 63.0 你 0
166.247 166.515 60.0 的 0
166.515 167.051 63.0 真 0
167.527 167.795 58.0 心 0
167.795 168.063 58.0 就 0
168.063 168.325 58.0 算 0
168.325 168.599 65.0 失 0
168.599 168.867 63.0 去 0
168.867 169.134 65.0 全 0
169.134 169.402 63.0 世 0
169.402 169.67 60.0 界 0
169.67 169.932 58.0 也 0
169.932 170.474 60.0 不 0
170.485 171.277 60.0 伤 0
171.486 171.754 60.0 心 0
171.754 172.022 60.0 我 0
172.022 172.29 58.0 以 0
172.29 172.558 58.0 为 0
172.558 172.825 60.0 人 0
172.825 173.361 58.0 一 0
173.629 173.897 63.0 起 0
173.897 174.165 63.0 心 0
174.165 174.433 60.0 就 0
174.433 174.695 58.0 会 0
174.695 174.968 60.0 在 0
174.968 175.504 53.0 一 0
176.014 176.282 51.0 起 0
176.282 176.549 51.0 可 0
176.549 176.817 51.0 怜 0
176.817 177.085 53.0 我 0
177.085 177.353 58.0 还 0
177.353 177.621 58.0 一 0
177.621 177.889 58.0 直 0
177.889 178.157 60.0 为 0
178.157 178.424 56.0 你 0
178.424 178.692 55.0 钟 0
178.692 180.299 53.0 - 0
181.642 181.91 60.0 情 0
181.91 182.177 63.0 如 0
182.177 182.445 60.0 果 0
182.445 182.713 65.0 我 0
182.713 182.981 65.0 得 0
182.981 183.249 65.0 到 0
183.249 183.517 63.0 你 0
183.517 184.052 65.0 的 0
184.232 184.5 65.0 人 0
184.506 184.768 68.0 却 0
184.768 185.036 65.0 得 0
185.036 185.304 63.0 不 0
185.304 185.572 63.0 到 0
185.572 185.84 60.0 你 0
185.84 186.375 63.0 的 0
186.773 187.041 58.0 心 0
187.041 187.309 58.0 就 0
187.309 187.577 58.0 算 0
187.577 187.844 65.0 得 0
187.844 188.112 63.0 到 0
188.118 188.38 65.0 全 0
188.38 188.648 63.0 世 0
188.648 188.916 60.0 界 0
188.916 189.178 58.0 也 0
189.178 189.719 60.0 不 0
189.719 190.523 60.0 开 0
190.738 190.993 53.0 心 0
190.993 191.267 60.0 我 0
191.267 191.534 58.0 想 0
191.534 191.802 58.0 问 0
191.802 192.07 60.0 一 0
192.07 192.606 58.0 问 0
192.928 193.196 60.0 你 0
193.201 193.463 60.0 能 0
193.463 193.731 58.0 否 0
193.731 193.994 58.0 爱 0
193.994 194.267 60.0 我 0
194.267 194.803 53.0 一 0
195.43 195.698 53.0 次 0
195.698 195.966 55.0 遗 0
195.966 196.234 56.0 憾 0
196.234 196.502 65.0 我 0
196.502 196.77 63.0 并 0
196.77 197.038 65.0 不 0
197.038 197.305 63.0 是 0
197.305 197.573 58.0 你 0
197.573 198.645 60.0 唯 0
198.798 199.065 60.0 一 0
199.065 199.333 63.0 如 0
199.333 199.596 60.0 果 0
199.596 199.869 65.0 我 0
199.869 200.137 65.0 失 0
200.137 200.405 65.0 去 0
200.405 200.673 63.0 这 0
200.673 201.208 65.0 一 0
201.231 201.499 65.0 切 0
201.499 201.767 68.0 能 0
201.767 202.035 65.0 换 0
202.035 202.303 63.0 来 0
202.303 202.571 63.0 你 0
202.571 202.838 60.0 的 0
202.838 203.374 63.0 真 0
203.874 204.142 58.0 心 0
204.142 204.41 58.0 就 0
204.41 204.677 58.0 算 0
204.677 204.945 65.0 失 0
204.945 205.213 63.0 去 0
205.219 205.481 65.0 全 0
205.481 205.749 63.0 世 0
205.749 206.017 60.0 界 0
206.017 206.285 58.0 也 0
206.285 206.82 60.0 不 0
206.838 207.624 60.0 伤 0
208.028 208.296 60.0 心 0
208.296 208.563 60.0 我 0
208.563 208.831 58.0 以 0
208.831 209.094 58.0 为 0
209.094 209.367 60.0 人 0
209.367 209.903 58.0 一 0
210.171 210.438 63.0 起 0
210.438 210.706 63.0 心 0
210.706 210.974 60.0 就 0
210.974 211.242 58.0 会 0
211.242 211.499 58.0 在 0
211.51 212.046 53.0 一 0
212.465 212.733 51.0 起 0
212.733 213.001 51.0 可 0
213.001 213.269 51.0 怜 0
213.269 213.537 53.0 我 0
213.537 213.805 58.0 还 0
213.805 214.072 58.0 一 0
214.072 214.34 58.0 直 0
214.34 214.608 60.0 为 0
214.608 214.876 56.0 你 0
214.876 215.144 55.0 钟 0
215.144 215.947 53.0 - 0
216.532 216.8 60.0 情 0
216.8 217.068 60.0 我 0
217.068 217.336 58.0 以 0
217.336 217.604 58.0 为 0
217.604 217.871 60.0 人 0
217.871 218.407 58.0 一 0
218.675 218.943 63.0 起 0
218.943 219.211 63.0 心 0
219.211 219.479 60.0 就 0
219.479 219.746 58.0 会 0
219.746 220.014 58.0 在 0
220.014 220.55 53.0 一 0
221.16 221.428 51.0 起 0
221.428 221.695 51.0 可 0
221.695 221.963 51.0 怜 0
221.963 222.231 53.0 我 0
222.231 222.499 58.0 还 0
222.499 222.767 58.0 一 0
222.767 223.309 58.0 直 0
223.309 224.462 60.0 为 0
225.445 225.867 56.0 你 0
225.87 226.51 55.0 钟 0
226.51 228.66 53.0 情 0
