33.756 34.482 69.0 北 0
34.589 35.003 69.0 京 0
35.006 35.316 72.0 的 0
35.423 35.941 76.0 金 0
36.257 36.67 76.0 山 0
36.674 37.087 74.0 上 1
37.095 37.612 72.0 光 0
37.929 38.342 74.0 芒 0
38.345 38.759 76.0 - 0
38.762 39.28 74.0 照 0
39.596 40.01 74.0 四 0
40.013 40.427 72.0 - 0
40.43 42.928 69.0 方 0
42.931 43.345 72.0 - 1
43.597 44.427 76.0 毛 0
44.431 44.844 74.0 主 0
44.848 45.261 72.0 席 0
45.265 46.095 72.0 就 0
46.099 46.512 74.0 是 0
46.515 46.825 76.0 咱 1
46.988 47.819 69.0 金 0
47.822 48.236 72.0 色 0
48.239 48.652 74.0 的 0
48.656 49.278 69.0 太 0
49.49 50.112 69.0 - 0
50.115 50.32 64.0 - 0
50.324 53.03 64.0 阳 1
53.628 53.937 69.0 多 0
54.045 54.458 69.0 么 0
54.462 54.875 67.0 温 0
54.878 55.292 64.0 暖 1
55.304 55.614 69.0 多 0
55.721 56.135 69.0 么 0
56.138 56.552 67.0 慈 0
56.555 56.76 64.0 祥 1
56.964 57.273 69.0 把 1
57.418 57.623 69.0 咱 0
57.626 57.831 69.0 们 0
57.835 58.144 72.0 农 0
58.252 58.457 76.0 奴 0
58.46 58.665 76.0 的 0
58.669 59.082 76.0 心 0
59.085 59.395 74.0 儿 0
59.502 59.916 74.0 照 0
59.919 60.333 69.0 - 0
60.336 62.834 69.0 亮 1
63.729 64.143 72.0 我 0
64.146 64.56 69.0 们 0
64.563 64.977 74.0 迈 0
64.98 65.393 76.0 步 0
65.397 65.706 69.0 走 0
65.814 66.227 69.0 在 0
66.231 66.644 64.0 - 1
67.078 67.492 64.0 社 0
67.495 67.909 67.0 会 0
67.912 68.326 69.0 主 0
68.329 68.638 72.0 义 0
68.746 69.055 74.0 幸 0
69.163 69.368 74.0 福 0
69.371 69.576 74.0 的 0
69.58 69.993 74.0 大 0
69.997 70.41 72.0 道 0
70.414 72.39 69.0 上 1
83.662 84.389 69.0 北 0
84.496 84.91 69.0 京 0
84.913 85.222 72.0 的 0
85.33 85.848 76.0 金 0
86.164 86.577 76.0 山 0
86.581 86.994 74.0 上 1
87.014 87.531 72.0 光 0
87.847 88.261 74.0 芒 0
88.264 88.678 76.0 - 0
88.681 89.199 74.0 照 0
89.515 89.928 74.0 四 0
89.932 90.345 72.0 - 0
90.349 92.847 69.0 方 0
92.85 93.264 72.0 - 1
93.732 94.562 76.0 毛 0
94.566 94.979 74.0 主 0
94.983 95.396 72.0 席 0
95.4 96.23 72.0 就 0
96.233 96.647 74.0 是 0
96.65 96.959 76.0 咱 1
96.991 97.822 69.0 金 0
97.825 98.238 72.0 色 0
98.242 98.655 74.0 的 0
98.659 99.281 69.0 太 0
99.493 100.114 69.0 - 0
100.118 100.323 64.0 - 0
100.326 103.033 64.0 阳 1
103.71 104.019 69.0 多 0
104.126 104.54 69.0 么 0
104.543 104.957 67.0 温 0
104.96 105.374 64.0 暖 1
105.375 105.684 69.0 多 0
105.792 106.205 69.0 么 0
106.209 106.622 67.0 慈 0
106.626 106.831 64.0 祥 1
107.004 107.313 69.0 把 1
107.48 107.685 69.0 咱 0
107.688 107.893 69.0 们 0
107.897 108.206 72.0 农 0
108.313 108.518 76.0 奴 0
108.522 108.727 76.0 的 0
108.73 109.144 76.0 心 0
109.147 109.456 74.0 儿 0
109.564 109.978 74.0 照 0
109.981 110.394 69.0 - 0
110.398 112.896 69.0 亮 1
113.8 114.214 72.0 我 0
114.217 114.63 69.0 们 0
114.634 115.047 74.0 迈 0
115.051 115.464 76.0 步 0
115.468 115.777 69.0 走 0
115.885 116.298 69.0 在 0
116.302 116.715 64.0 - 1
117.112 117.526 64.0 社 0
117.529 117.943 67.0 会 0
117.946 118.36 69.0 主 0
118.363 118.672 72.0 义 0
118.78 119.089 74.0 幸 0
119.197 119.402 74.0 福 0
119.405 119.61 74.0 的 0
119.614 120.027 74.0 大 0
120.031 120.444 72.0 道 0
120.447 122.424 69.0 上 1
153.689 154.415 69.0 北 0
154.523 154.937 69.0 京 0
154.94 155.249 72.0 的 0
155.357 155.875 76.0 金 0
156.191 156.604 76.0 山 0
156.608 157.021 74.0 上 1
157.14 157.657 72.0 光 0
157.973 158.387 74.0 芒 0
158.39 158.804 76.0 - 0
158.807 159.325 74.0 照 0
159.641 160.054 74.0 四 0
160.058 160.471 72.0 - 0
160.475 162.973 69.0 方 0
162.976 163.39 72.0 - 1
163.823 164.653 76.0 毛 0
164.657 165.07 74.0 主 0
165.074 165.487 72.0 席 0
165.491 166.321 72.0 就 0
166.324 166.738 74.0 是 0
166.741 167.05 76.0 咱 1
167.116 167.946 69.0 金 0
167.95 168.363 72.0 色 0
168.367 168.78 74.0 的 0
168.784 169.406 69.0 太 0
169.618 170.239 67.0 - 0
170.243 170.448 64.0 - 0
170.451 173.158 64.0 阳 1
173.84 174.149 69.0 多 0
174.256 174.67 69.0 么 0
174.673 175.087 67.0 温 0
175.09 175.504 64.0 暖 1
175.506 175.815 69.0 多 0
175.923 176.336 69.0 么 0
176.34 176.753 67.0 慈 0
176.757 176.962 64.0 祥 1
177.031 177.34 69.0 把 1
177.459 177.664 69.0 咱 0
177.667 177.872 69.0 们 0
177.875 178.185 72.0 农 0
178.292 178.497 76.0 奴 0
178.501 178.706 76.0 的 0
178.709 179.123 76.0 心 0
179.126 179.435 74.0 儿 0
179.543 179.957 74.0 照 0
179.96 180.373 69.0 - 0
180.377 182.875 69.0 亮 1
183.656 184.069 72.0 我 0
184.073 184.486 69.0 们 0
184.49 184.903 74.0 迈 0
184.907 185.32 76.0 步 0
185.324 185.633 69.0 走 0
185.741 186.154 69.0 在 0
186.157 186.571 64.0 - 1
187.167 187.581 64.0 社 0
187.584 187.998 67.0 会 0
188.001 188.414 69.0 主 0
188.418 188.727 72.0 义 0
188.835 189.144 74.0 幸 0
189.252 189.457 74.0 福 0
189.46 189.665 74.0 的 0
189.669 190.082 74.0 大 0
190.086 190.499 72.0 道 0
190.502 192.479 69.0 上 1
192.893 193.306 74.0 哎 0
193.31 193.619 72.0 - 0
193.727 193.932 69.0 巴 0
194.144 194.349 69.0 扎 0
194.56 194.87 69.0 嘿 1
