16.678 16.937 64.0 七 0
16.942 17.2 64.0 月 0
17.205 17.463 62.0 的 0
17.468 17.858 59.0 风 0
17.994 18.516 64.0 懒 0
18.52 19.042 66.0 懒 0
19.047 19.832 62.0 的 1
20.891 21.15 66.0 连 0
21.154 21.413 64.0 云 0
21.417 21.676 62.0 都 0
21.68 22.071 59.0 变 0
22.207 22.729 64.0 热 0
22.733 23.255 66.0 热 0
23.259 24.308 62.0 的 1
25.26 25.519 64.0 不 0
25.524 25.782 64.0 久 0
25.787 26.046 62.0 后 0
26.05 26.44 59.0 天 0
26.576 27.098 64.0 闷 0
27.103 27.624 66.0 闷 0
27.629 28.151 62.0 的 1
28.155 28.414 64.0 一 0
28.418 29.072 64.0 阵 0
29.208 29.467 66.0 午 0
29.471 30.256 62.0 后 0
30.26 30.519 61.0 雨 0
30.524 31.309 61.0 下 0
31.313 31.572 57.0 - 0
31.576 32.098 57.0 过 0
32.629 32.888 57.0 喔 0
32.892 33.677 64.0 yeah 0
33.682 34.467 57.0 - 0
34.471 34.861 57.0 - 1
35.418 35.94 66.0 气 0
35.944 36.729 62.0 温 0
36.733 36.992 59.0 - 0
37.786 38.045 64.0 爬 0
38.049 38.308 64.0 升 0
38.312 38.571 62.0 到 0
38.576 38.834 59.0 无 0
38.839 39.097 57.0 法 0
39.102 39.624 64.0 再 0
39.628 39.887 66.0 忍 0
39.891 41.334 69.0 受 1
41.994 42.252 66.0 索 0
42.257 42.515 64.0 性 0
42.52 42.779 62.0 闭 0
42.783 43.042 59.0 上 0
43.046 43.305 57.0 了 0
43.309 43.831 64.0 双 0
43.836 44.094 66.0 - 0
44.099 44.621 62.0 眼 0
44.888 45.147 59.0 让 0
45.151 45.41 61.0 想 0
45.415 45.937 62.0 象 0
45.941 46.2 64.0 任 0
46.204 46.796 64.0 意 0
46.809 47.25 62.0 改 0
47.259 47.713 62.0 - 0
47.783 49.358 66.0 变 1
49.815 50.074 62.0 场 0
50.078 50.337 62.0 景 0
50.342 50.6 64.0 两 0
50.605 50.864 66.0 个 0
50.868 51.127 64.0 人 0
51.131 51.521 62.0 一 0
51.526 51.916 71.0 - 0
51.921 52.179 69.0 - 0
52.184 52.706 69.0 起 0
52.71 52.969 69.0 散 0
52.973 53.232 64.0 着 0
53.236 53.495 64.0 - 0
53.5 54.153 64.0 步 1
54.59 54.849 64.0 我 0
54.853 55.112 64.0 的 0
55.116 55.375 62.0 脸 0
55.38 55.638 61.0 也 0
55.643 55.902 62.0 轻 0
55.906 56.428 69.0 轻 0
56.432 56.625 64.0 贴 0
56.695 56.954 64.0 着 0
56.959 57.415 66.0 - 0
57.485 57.744 62.0 你 0
57.748 58.27 59.0 胸 0
58.274 58.796 62.0 口 1
59.176 59.435 57.0 听 0
59.439 59.698 59.0 到 0
59.702 59.961 62.0 心 0
59.965 60.092 67.0 跳 0
60.097 60.619 69.0 喔 0
60.623 61.408 64.0 - 1
61.465 61.724 62.0 在 0
61.728 61.987 62.0 乎 0
61.992 62.513 71.0 我 0
62.518 62.777 69.0 和 0
62.781 63.04 69.0 天 0
63.044 63.303 69.0 气 0
63.307 63.566 64.0 一 0
63.571 63.829 64.0 样 0
63.834 64.092 62.0 温 0
64.097 66.461 64.0 度 1
67.624 67.883 66.0 夏 0
67.887 68.146 67.0 天 0
68.15 68.409 69.0 的 0
68.413 68.935 69.0 风 0
68.94 69.198 62.0 - 0
69.203 69.462 62.0 我 0
69.466 70.251 62.0 永 0
70.255 70.514 59.0 远 0
70.519 71.041 64.0 记 0
71.045 71.567 66.0 得 1
71.647 71.906 61.0 清 0
71.911 72.169 62.0 清 0
72.174 72.432 64.0 楚 0
72.437 73.222 64.0 楚 0
73.226 73.485 61.0 的 0
73.49 74.275 61.0 说 0
74.279 74.538 57.0 你 0
74.542 75.064 64.0 爱 0
75.068 75.854 62.0 我 1
75.996 76.255 64.0 我 0
76.259 76.518 67.0 看 0
76.522 76.781 69.0 见 0
76.785 77.57 69.0 你 0
77.575 77.834 62.0 酷 0
77.838 78.623 62.0 酷 0
78.628 78.886 62.0 的 0
78.891 79.676 64.0 笑 0
79.68 79.939 61.0 容 1
79.955 80.477 61.0 也 0
80.482 81.267 57.0 有 0
81.271 81.793 67.0 腼 0
81.797 82.056 67.0 腆 0
82.061 82.319 66.0 的 0
82.324 82.846 66.0 - 0
82.85 83.109 64.0 时 0
83.113 84.425 66.0 候 1
84.451 84.71 64.0 夏 0
84.714 84.973 67.0 天 0
84.977 85.236 69.0 的 0
85.24 85.762 69.0 风 0
85.767 86.026 62.0 - 0
86.03 86.289 62.0 正 0
86.293 87.078 62.0 暖 0
87.083 87.341 59.0 暖 0
87.346 87.868 64.0 吹 0
87.872 88.657 66.0 过 1
88.678 88.936 59.0 穿 0
88.941 89.199 62.0 过 0
89.204 89.463 64.0 头 0
89.467 90.252 64.0 发 0
90.256 90.515 61.0 也 0
90.52 91.305 61.0 穿 0
91.309 91.568 57.0 过 0
91.572 92.094 64.0 耳 0
92.099 92.884 62.0 朵 1
92.888 93.147 67.0 你 0
93.151 93.41 67.0 和 0
93.414 93.673 66.0 我 0
93.678 94.463 67.0 的 0
94.467 94.726 66.0 夏 0
94.73 95.515 67.0 天 0
95.52 95.778 69.0 风 0
95.783 95.91 64.0 轻 0
95.914 96.436 66.0 轻 0
96.572 97.621 62.0 - 0
97.625 97.884 61.0 说 0
97.888 100.252 62.0 着 1
134.054 134.313 64.0 场 0
134.317 134.576 62.0 景 0
134.58 134.839 64.0 两 0
134.843 135.102 64.0 个 0
135.106 135.365 64.0 人 0
135.37 135.76 62.0 一 0
135.764 136.155 71.0 - 0
136.159 136.418 69.0 - 0
136.422 136.944 69.0 起 0
136.949 137.207 69.0 散 0
137.212 137.471 66.0 着 0
137.475 137.734 66.0 - 0
137.738 138.392 64.0 步 1
138.88 139.138 64.0 我 0
139.143 139.402 64.0 的 0
139.406 139.665 62.0 脸 0
139.669 139.928 61.0 也 0
139.932 140.191 62.0 轻 0
140.195 140.717 69.0 轻 0
140.722 140.981 64.0 贴 0
140.985 141.244 64.0 着 0
141.248 141.638 66.0 - 0
141.774 142.033 62.0 你 0
142.038 142.56 59.0 胸 0
142.564 143.086 62.0 口 1
143.321 143.58 57.0 听 0
143.585 143.843 59.0 到 0
143.848 144.106 62.0 心 0
144.111 144.238 67.0 跳 0
144.242 144.764 69.0 喔 0
144.769 145.685 64.0 - 1
145.746 146.005 62.0 在 0
146.009 146.268 62.0 乎 0
146.272 146.794 71.0 我 0
146.798 147.057 69.0 和 0
147.062 147.32 69.0 天 0
147.325 147.584 69.0 气 0
147.588 147.847 66.0 一 0
147.851 148.11 64.0 样 0
148.114 148.373 62.0 温 0
148.377 149.162 66.0 度 0
149.167 150.741 64.0 - 1
151.806 152.065 64.0 夏 0
152.07 152.328 67.0 天 0
152.333 152.592 69.0 的 0
152.596 153.118 69.0 风 0
153.122 153.315 62.0 - 0
153.385 153.644 62.0 我 0
153.649 154.434 62.0 永 0
154.438 154.697 59.0 远 0
154.701 155.223 64.0 记 0
155.227 155.749 66.0 得 1
155.867 156.126 59.0 清 0
156.13 156.389 62.0 清 0
156.393 156.652 64.0 楚 0
156.656 157.442 64.0 楚 0
157.446 157.705 61.0 的 0
157.709 158.494 61.0 说 0
158.499 158.757 57.0 你 0
158.762 159.284 64.0 爱 0
159.288 160.073 62.0 我 1
160.098 160.357 64.0 我 0
160.362 160.62 67.0 看 0
160.625 160.884 69.0 见 0
160.888 161.673 69.0 你 0
161.677 161.936 62.0 酷 0
161.941 162.726 62.0 酷 0
162.73 162.989 62.0 的 0
162.993 163.778 64.0 笑 0
163.783 164.041 61.0 容 1
164.044 164.566 61.0 也 0
164.57 165.355 57.0 有 0
165.36 165.882 67.0 腼 0
165.886 166.145 67.0 腆 0
166.149 166.408 66.0 的 0
166.412 166.934 66.0 - 0
166.939 167.197 64.0 时 0
167.202 167.724 67.0 候 0
167.728 168.513 66.0 - 1
168.562 168.82 64.0 夏 0
168.825 169.083 67.0 天 0
169.088 169.347 69.0 的 0
169.351 169.873 69.0 风 0
169.877 170.136 62.0 - 0
170.14 170.399 62.0 正 0
170.404 171.057 62.0 暖 0
171.193 171.452 59.0 暖 0
171.456 171.978 64.0 吹 0
171.983 172.768 66.0 过 1
172.783 173.042 59.0 穿 0
173.046 173.305 62.0 过 0
173.309 173.568 64.0 头 0
173.573 174.358 64.0 发 0
174.362 174.621 61.0 - 0
174.625 175.41 61.0 穿 0
175.415 175.673 64.0 过 0
175.678 176.2 64.0 耳 0
176.204 176.989 62.0 朵 1
177.083 177.341 67.0 你 0
177.346 177.605 67.0 和 0
177.609 177.868 66.0 我 0
177.872 178.657 67.0 的 0
178.662 178.92 66.0 夏 0
178.925 179.71 67.0 天 0
179.714 179.973 69.0 风 0
179.977 180.631 66.0 轻 0
180.767 181.026 62.0 - 0
181.03 181.815 62.0 轻 0
181.819 182.078 64.0 说 0
182.083 183.131 64.0 着 0
183.135 184.973 62.0 - 1
185.341 185.599 64.0 夏 0
185.604 185.863 67.0 天 0
185.867 186.126 69.0 的 0
186.13 186.652 69.0 风 0
186.656 186.849 62.0 - 0
186.92 187.178 62.0 我 0
187.183 187.968 62.0 永 0
187.972 188.231 59.0 远 0
188.235 188.757 64.0 记 0
188.762 189.284 66.0 得 1
189.549 189.808 59.0 清 0
189.812 190.071 62.0 清 0
190.076 190.334 64.0 楚 0
190.339 191.124 64.0 楚 0
191.128 191.387 61.0 的 0
191.391 192.176 61.0 说 0
192.181 192.44 57.0 你 0
192.444 192.966 64.0 爱 0
192.97 193.755 62.0 我 1
193.905 194.163 64.0 我 0
194.168 194.427 67.0 看 0
194.431 194.69 69.0 见 0
194.694 195.479 69.0 你 0
195.484 195.742 62.0 酷 0
195.747 196.532 62.0 酷 0
196.536 196.795 62.0 的 0
196.799 197.585 64.0 笑 0
197.589 197.848 61.0 容 1
197.871 198.393 61.0 也 0
198.397 199.182 57.0 有 0
199.187 199.709 67.0 腼 0
199.713 199.972 67.0 腆 0
199.976 200.761 67.0 的 0
200.766 201.025 69.0 时 0
201.029 202.209 66.0 候 1
202.305 202.564 66.0 夏 0
202.568 202.827 67.0 天 0
202.831 203.09 69.0 的 0
203.094 203.616 69.0 风 0
203.621 203.879 62.0 - 0
203.884 204.142 62.0 正 0
204.147 204.8 62.0 暖 0
204.936 205.195 59.0 暖 0
205.2 205.721 64.0 吹 0
205.726 206.511 66.0 过 1
206.537 206.796 59.0 穿 0
206.8 207.059 62.0 过 0
207.064 207.322 64.0 头 0
207.327 208.112 64.0 发 0
208.116 208.375 61.0 - 0
208.379 209.164 61.0 穿 0
209.169 209.428 64.0 过 0
209.432 209.954 64.0 耳 0
209.958 210.743 62.0 朵 1
210.764 211.023 69.0 你 0
211.027 211.286 67.0 和 0
211.29 211.549 66.0 我 0
211.553 212.338 67.0 的 0
212.343 212.602 66.0 夏 0
212.606 213.391 67.0 天 0
213.395 213.654 69.0 风 0
213.659 214.444 66.0 轻 0
214.448 214.707 62.0 - 0
214.711 215.496 62.0 轻 0
215.501 215.759 61.0 说 0
215.764 217.075 62.0 着 1
