10.832 11.247 56.0 昨 0
11.247 12.836 61.0 天 0
12.925 13.345 63.0 所 0
13.345 13.764 56.0 有 0
13.764 14.603 59.0 的 0
14.603 15.023 61.0 荣 0
15.023 15.862 59.0 誉 1
16.01 16.22 56.0 已 0
16.22 16.639 61.0 变 0
16.639 17.059 61.0 成 0
17.059 17.479 63.0 遥 0
17.479 17.898 64.0 远 0
17.898 18.737 63.0 的 0
18.737 19.052 59.0 回 0
19.157 19.996 61.0 忆 1
20.843 21.263 56.0 勤 0
21.263 22.102 54.0 勤 0
22.102 22.521 56.0 苦 0
22.521 23.361 59.0 苦 0
23.361 23.78 56.0 已 0
23.78 24.2 61.0 度 0
24.2 24.619 61.0 过 0
24.619 25.039 61.0 半 0
25.039 25.878 56.0 生 1
25.9 26.32 52.0 今 0
26.32 27.159 54.0 夜 0
27.159 27.369 54.0 重 0
27.369 27.578 54.0 又 0
27.578 28.007 56.0 走 0
28.007 28.436 54.0 进 0
28.436 28.864 52.0 风 0
28.864 29.4 56.0 雨 0
29.4 30.578 56.0 - 1
31.0 31.429 56.0 我 0
31.429 32.051 61.0 不 0
32.051 32.674 61.0 能 0
32.986 33.505 63.0 随 0
33.505 33.92 56.0 波 0
33.92 34.75 59.0 浮 0
34.75 35.166 61.0 - 0
35.166 35.996 59.0 沉 1
36.109 36.316 56.0 为 0
36.316 36.731 61.0 了 0
36.731 37.147 61.0 我 0
37.147 37.562 63.0 挚 0
37.562 37.977 64.0 爱 0
37.977 38.185 63.0 的 0
38.185 38.6 63.0 - 0
38.6 38.808 59.0 亲 0
38.808 39.659 61.0 人 1
41.019 41.445 56.0 再 0
41.445 42.296 54.0 苦 0
42.296 42.721 56.0 再 0
42.721 43.572 59.0 难 0
43.572 43.998 56.0 也 0
43.998 44.837 61.0 要 0
44.837 45.257 61.0 坚 0
45.257 46.096 56.0 强 1
46.128 46.338 52.0 只 0
46.338 46.547 52.0 为 0
46.547 47.369 54.0 那 0
47.369 47.78 54.0 些 0
47.78 48.191 56.0 期 0
48.191 48.602 54.0 待 0
48.808 49.013 47.0 眼 0
49.013 49.835 49.0 神 1
51.394 52.231 68.0 心 0
52.231 52.65 64.0 若 0
52.65 53.906 66.0 在 0
53.906 54.744 66.0 梦 0
54.744 55.162 68.0 就 0
55.162 56.0 61.0 在 1
56.487 56.697 61.0 天 0
56.697 56.906 63.0 地 0
56.906 57.325 63.0 之 0
57.325 57.743 63.0 间 0
57.743 58.162 64.0 还 0
58.162 58.581 63.0 有 0
58.79 59.0 59.0 真 0
59.0 60.046 61.0 爱 0
60.046 61.093 68.0 - 1
61.537 62.374 69.0 看 0
62.374 62.793 68.0 成 0
62.793 63.63 66.0 败 0
64.049 64.468 66.0 人 0
64.468 64.886 66.0 生 0
64.886 65.305 68.0 豪 0
65.305 66.143 61.0 迈 1
66.572 66.772 61.0 只 0
66.772 66.972 63.0 不 0
66.972 67.372 63.0 过 0
67.372 67.772 63.0 是 0
67.772 68.186 56.0 从 0
68.186 68.6 56.0 头 0
68.807 69.014 61.0 再 0
69.014 71.91 61.0 来 1
91.508 91.929 56.0 昨 0
91.929 93.524 61.0 天 0
93.613 94.035 63.0 所 0
94.035 94.456 56.0 有 0
94.456 95.298 59.0 的 0
95.298 95.719 61.0 荣 0
95.719 96.35 59.0 誉 1
96.842 97.053 56.0 已 0
97.053 97.474 61.0 变 0
97.474 97.895 61.0 成 0
97.895 98.316 63.0 遥 0
98.316 98.737 64.0 远 0
98.737 99.579 63.0 的 0
99.579 99.895 59.0 回 0
100.0 100.842 61.0 忆 1
101.675 102.097 56.0 勤 0
102.097 102.939 54.0 勤 0
102.939 103.36 56.0 苦 0
103.36 104.202 59.0 苦 0
104.202 104.623 56.0 已 0
104.623 105.044 61.0 度 0
105.044 105.465 61.0 过 0
105.465 105.886 59.0 半 0
105.886 106.728 56.0 生 1
106.799 107.22 52.0 今 0
107.22 108.062 54.0 夜 0
108.062 108.273 54.0 重 0
108.273 108.483 54.0 又 0
108.483 108.904 56.0 走 0
108.904 109.325 54.0 进 0
109.325 109.746 52.0 风 0
109.746 110.399 56.0 雨 0
110.399 111.486 56.0 - 1
111.887 112.322 56.0 我 0
112.322 112.953 61.0 不 0
112.953 113.584 61.0 能 0
113.899 114.424 63.0 随 0
114.424 114.845 56.0 波 0
114.845 115.686 59.0 浮 0
115.686 116.106 61.0 - 0
116.106 116.947 59.0 沉 1
117.013 117.223 56.0 为 0
117.223 117.643 61.0 了 0
117.643 118.064 61.0 我 0
118.064 118.484 63.0 挚 0
118.484 118.905 64.0 爱 0
118.905 119.115 63.0 的 0
119.115 119.535 63.0 - 0
119.535 119.746 59.0 亲 0
119.746 120.586 61.0 人 1
121.924 122.344 56.0 再 0
122.344 123.185 54.0 苦 0
123.185 123.606 56.0 再 0
123.606 124.447 59.0 难 0
124.447 124.867 56.0 也 0
124.867 125.708 61.0 要 0
125.708 126.128 61.0 坚 0
126.128 126.969 56.0 强 1
127.0 127.211 52.0 只 0
127.211 127.421 52.0 为 0
127.421 128.262 54.0 那 0
128.262 128.682 54.0 些 0
128.682 129.103 56.0 期 0
129.103 129.523 54.0 待 0
129.733 129.944 47.0 眼 0
129.944 130.785 49.0 神 1
132.535 133.164 68.0 心 0
133.164 133.374 64.0 - 0
133.374 133.794 64.0 若 0
133.794 135.052 66.0 在 0
135.052 135.891 66.0 梦 0
135.891 136.311 68.0 就 0
136.311 137.15 61.0 在 1
137.555 137.765 61.0 天 0
137.765 137.974 63.0 地 0
137.974 138.394 63.0 之 0
138.394 138.813 63.0 间 0
138.813 139.233 64.0 还 0
139.233 139.653 63.0 有 0
139.862 140.072 59.0 真 0
140.072 141.121 61.0 爱 0
141.121 142.17 68.0 - 1
142.441 143.28 69.0 看 0
143.28 143.699 68.0 成 0
143.699 144.539 66.0 败 0
144.958 145.378 66.0 人 0
145.378 145.797 66.0 生 0
145.797 146.217 68.0 豪 0
146.217 147.056 61.0 迈 1
147.546 147.755 61.0 只 0
147.755 147.965 63.0 不 0
147.965 148.385 63.0 过 0
148.385 148.804 63.0 是 0
148.804 149.224 56.0 从 0
149.224 149.644 56.0 头 0
149.853 150.063 63.0 再 0
150.063 152.161 61.0 来 1
152.7 153.329 68.0 心 0
153.329 153.539 64.0 - 0
153.539 153.958 64.0 若 0
153.958 155.217 66.0 在 0
155.217 156.056 66.0 梦 0
156.056 156.476 68.0 就 0
156.476 157.315 61.0 在 1
157.602 157.811 63.0 天 0
157.811 158.021 63.0 地 0
158.021 158.441 63.0 之 0
158.441 158.86 63.0 间 0
158.86 159.28 64.0 还 0
159.28 159.699 63.0 有 0
159.909 160.119 59.0 真 0
160.119 161.168 61.0 爱 0
161.168 162.007 68.0 - 0
162.007 162.532 66.0 - 1
162.592 163.431 69.0 看 0
163.431 163.85 68.0 成 0
163.85 164.689 66.0 败 0
165.109 165.529 66.0 人 0
165.529 165.948 66.0 生 0
165.948 166.368 71.0 豪 0
166.368 167.207 64.0 迈 1
167.739 167.948 63.0 只 0
167.948 168.158 63.0 不 0
168.158 168.578 63.0 过 0
168.578 168.997 63.0 是 0
168.997 169.417 56.0 从 0
169.417 169.836 56.0 头 0
170.046 170.256 63.0 再 0
170.256 171.095 61.0 来 0
171.095 171.934 63.0 - 0
171.934 172.564 66.0 - 1
172.804 173.434 68.0 心 0
173.644 174.063 71.0 若 0
174.063 175.112 66.0 在 0
175.322 176.161 66.0 梦 0
176.161 176.476 71.0 就 0
176.581 177.0 73.0 在 0
177.0 177.735 64.0 - 1
177.757 177.967 61.0 天 0
177.967 178.177 63.0 地 0
178.177 178.597 63.0 之 0
178.597 179.016 64.0 间 0
179.016 179.436 66.0 还 0
179.436 179.855 63.0 有 0
180.065 180.275 59.0 真 0
180.275 181.324 61.0 爱 0
181.324 182.163 66.0 - 0
182.163 182.583 68.0 - 1
182.837 183.677 69.0 看 0
183.677 184.096 71.0 成 0
184.096 184.411 68.0 败 0
184.411 184.935 66.0 - 0
185.355 185.774 66.0 人 0
185.774 186.194 66.0 生 0
186.194 186.614 71.0 豪 0
186.614 187.138 64.0 迈 0
187.138 187.453 68.0 - 1
187.802 188.012 61.0 只 0
188.012 188.222 63.0 不 0
188.222 188.642 63.0 过 0
188.642 188.851 64.0 是 0
188.851 189.481 66.0 从 0
189.481 189.9 63.0 头 0
190.11 190.425 59.0 再 0
190.425 191.159 61.0 来 0
191.159 191.998 63.0 - 0
191.998 192.418 66.0 - 1
192.941 193.78 68.0 心 0
193.78 194.2 64.0 若 0
194.2 195.459 66.0 在 0
195.459 196.298 66.0 梦 0
196.298 196.718 68.0 就 0
196.718 197.557 61.0 在 1
197.982 198.192 61.0 天 0
198.192 198.402 63.0 地 0
198.402 198.821 63.0 之 0
198.821 199.241 63.0 间 0
199.241 199.661 64.0 还 0
199.661 200.08 63.0 有 0
200.29 200.5 59.0 真 0
200.5 201.549 61.0 爱 0
201.549 202.283 68.0 - 0
202.283 202.598 69.0 - 1
202.906 203.745 69.0 看 0
203.745 204.165 68.0 成 0
204.165 205.004 66.0 败 0
205.424 205.843 66.0 人 0
205.843 206.263 66.0 生 0
206.263 206.682 71.0 豪 0
206.682 207.522 64.0 迈 1
207.9 208.11 61.0 只 0
208.11 208.32 63.0 不 0
208.32 208.739 63.0 过 0
208.739 209.159 63.0 是 0
209.159 209.579 56.0 从 0
209.579 209.998 56.0 头 0
210.208 210.418 63.0 再 0
210.418 213.355 61.0 来 1
