13.183 13.564 53.0 风 0
13.568 13.949 56.0 吹 0
13.952 14.141 56.0 落 0
14.145 14.526 58.0 - 0
14.722 14.911 58.0 最 0
15.106 15.488 56.0 后 0
15.491 16.064 56.0 一 0
16.26 16.641 56.0 片 0
16.645 18.18 53.0 叶 1
19.168 19.453 53.0 我 0
19.553 19.838 53.0 的 0
19.937 20.511 51.0 心 0
20.706 21.088 49.0 也 0
21.091 22.242 49.0 飘 0
22.245 22.53 51.0 着 0
22.629 24.453 53.0 雪 1
25.487 25.868 53.0 爱 0
25.871 26.157 56.0 只 0
26.256 26.83 58.0 能 0
27.025 27.214 58.0 往 0
27.41 27.695 58.0 回 0
27.794 28.08 56.0 忆 0
28.179 28.56 56.0 里 0
28.564 28.945 60.0 堆 0
28.948 30.099 61.0 叠 0
30.102 30.387 60.0 oh~ 0
30.487 30.772 58.0 - 1
31.475 31.76 58.0 给 0
31.859 32.241 58.0 下 0
32.244 33.003 56.0 个 0
33.013 33.298 60.0 季 0
33.398 34.741 61.0 节 1
37.785 38.167 61.0 忽 0
38.17 38.422 60.0 然 0
38.428 39.032 61.0 间 0
39.324 39.705 61.0 树 0
39.709 40.09 63.0 梢 0
40.093 40.667 60.0 冒 0
40.67 40.859 61.0 - 0
40.862 41.244 58.0 花 0
41.247 42.494 56.0 蕊 1
42.773 42.963 53.0 我 0
42.966 43.155 56.0 怎 0
43.158 43.924 58.0 么 0
43.927 44.213 56.0 会 0
44.312 44.982 56.0 都 0
45.081 45.463 54.0 没 0
45.466 45.655 53.0 有 0
45.85 46.232 53.0 感 0
46.235 46.424 51.0 - 0
46.62 48.155 51.0 觉 0
48.543 48.924 53.0 oh~ 0
48.927 49.789 49.0 - 1
50.056 50.438 61.0 整 0
50.441 50.63 60.0 条 0
50.633 51.495 61.0 街 0
51.595 51.976 65.0 都 0
51.979 52.168 63.0 是 0
52.172 52.361 61.0 恋 0
52.364 52.745 60.0 爱 0
52.748 53.13 60.0 - 0
53.133 53.514 58.0 的 0
53.518 54.668 56.0 人 1
54.966 55.059 54.0 我 0
55.062 55.348 56.0 独 0
55.351 55.732 58.0 自 0
55.735 56.117 60.0 走 0
56.12 56.501 61.0 在 0
56.505 57.271 56.0 暖 0
57.274 57.655 54.0 风 0
57.658 58.04 53.0 的 0
58.043 60.348 51.0 夜 1
64.223 64.604 56.0 多 0
64.608 64.989 61.0 想 0
64.992 65.277 63.0 要 0
65.377 65.758 65.0 向 0
65.761 66.527 63.0 过 0
66.531 66.912 61.0 去 0
66.915 67.104 60.0 告 0
67.3 69.316 61.0 e 1
70.373 70.754 56.0 当 0
70.757 71.139 58.0 季 0
71.142 71.523 60.0 节 0
71.527 71.908 61.0 不 0
71.911 72.677 56.0 停 0
72.68 73.446 61.0 更 0
73.45 74.6 54.0 迭 0
74.604 74.985 56.0 oh~ 0
74.988 75.37 56.0 - 1
76.562 76.943 56.0 却 0
76.946 77.328 61.0 还 0
77.331 77.712 63.0 是 0
77.715 78.097 65.0 少 0
78.1 78.866 68.0 一 0
78.869 79.251 63.0 点 0
79.254 79.539 65.0 坚 0
79.639 81.655 61.0 决 1
82.637 82.73 56.0 在 0
82.83 82.923 56.0 这 0
83.022 83.403 58.0 寂 0
83.407 83.788 60.0 寞 0
83.791 84.173 61.0 的 0
84.176 84.942 56.0 季 0
84.945 85.423 61.0 - 0
85.426 85.615 61.0 - 0
85.714 87.442 61.0 节 1
90.09 90.472 53.0 艳 0
90.475 90.856 56.0 阳 0
90.859 91.048 56.0 高 0
91.052 91.433 58.0 - 0
91.629 91.818 58.0 照 0
92.013 92.395 58.0 在 0
92.398 92.972 56.0 那 0
93.167 93.548 56.0 海 0
93.552 95.087 53.0 边 1
96.095 96.38 53.0 爱 0
96.48 96.765 53.0 情 0
96.864 97.438 51.0 盛 0
97.633 98.015 49.0 开 0
98.018 99.169 49.0 的 0
99.172 99.457 51.0 世 0
99.557 101.38 53.0 界 1
102.393 102.774 53.0 远 0
102.777 103.063 56.0 远 0
103.162 103.736 58.0 看 0
103.931 104.12 58.0 着 0
104.316 104.601 58.0 热 0
104.701 105.467 56.0 闹 0
105.47 105.851 60.0 一 0
105.854 107.005 61.0 切 0
107.008 107.293 60.0 oh~ 0
107.393 107.678 58.0 - 1
108.403 108.688 58.0 记 0
108.787 109.169 58.0 得 0
109.172 109.932 56.0 那 0
109.941 110.226 60.0 狂 0
110.326 111.669 61.0 烈 1
114.718 115.099 61.0 窗 0
115.102 115.291 60.0 外 0
115.294 115.964 61.0 是 0
116.256 116.637 61.0 快 0
116.641 117.022 63.0 枯 0
117.025 117.599 60.0 S 0
117.794 118.176 58.0 的 0
118.179 119.426 56.0 叶 1
119.668 119.857 53.0 感 0
119.86 120.049 56.0 伤 0
120.052 120.818 58.0 在 0
120.821 121.107 56.0 心 0
121.206 121.78 56.0 中 0
121.975 122.357 54.0 有 0
122.36 122.549 53.0 一 0
122.744 124.664 51.0 些 0
125.437 125.818 53.0 oh~ 0
125.821 126.684 49.0 - 1
126.873 127.255 61.0 我 0
127.258 127.487 60.0 了 0
127.495 128.312 61.0 解 0
128.412 128.793 65.0 那 0
128.796 128.985 63.0 些 0
128.989 129.178 61.0 爱 0
129.181 129.562 60.0 过 0
129.566 129.947 60.0 - 0
129.95 130.332 58.0 的 0
130.335 131.485 56.0 人 1
132.007 132.1 53.0 心 0
132.103 132.389 56.0 是 0
132.392 132.773 58.0 如 0
132.776 133.158 60.0 何 0
133.161 133.542 61.0 慢 0
133.546 134.312 56.0 慢 0
134.315 134.696 54.0 在 0
134.7 135.081 53.0 凋 0
135.084 137.389 51.0 谢 1
138.025 138.407 56.0 多 0
138.41 138.791 61.0 想 0
138.794 139.08 63.0 要 0
139.179 139.56 65.0 向 0
139.564 140.33 63.0 过 0
140.333 140.714 61.0 去 0
140.717 140.907 60.0 告 0
141.102 143.118 61.0 e 1
144.251 144.632 56.0 当 0
144.636 145.017 58.0 季 0
145.02 145.402 60.0 节 0
145.405 145.786 61.0 不 0
145.789 146.555 56.0 停 0
146.559 147.325 61.0 更 0
147.328 148.479 54.0 迭 0
148.482 148.863 56.0 oh~ 0
148.866 149.248 56.0 - 1
150.354 150.735 56.0 却 0
150.738 151.12 61.0 永 0
151.123 151.504 63.0 远 0
151.508 151.889 65.0 少 0
151.892 152.658 68.0 一 0
152.661 153.043 63.0 点 0
153.046 153.331 65.0 坚 0
153.431 155.447 61.0 决 1
156.56 156.653 56.0 在 0
156.752 156.845 56.0 这 0
156.944 157.326 58.0 寂 0
157.329 157.71 60.0 寞 0
157.713 158.095 61.0 的 0
158.098 158.864 56.0 季 0
158.867 159.345 61.0 - 0
159.348 159.537 61.0 - 0
159.637 161.364 61.0 节 1
163.876 164.263 53.0 又 0
164.266 164.652 56.0 走 0
164.656 164.847 56.0 过 0
164.85 165.237 58.0 - 0
165.435 165.626 58.0 风 0
165.824 166.211 58.0 吹 0
166.214 166.788 56.0 的 0
166.983 167.365 56.0 冷 0
167.368 168.903 53.0 冽 1
170.019 170.304 53.0 最 0
170.404 170.689 53.0 后 0
170.788 171.362 51.0 一 0
171.558 171.939 49.0 盏 0
171.942 173.093 49.0 灯 0
173.096 173.285 44.0 熄 0
173.288 173.574 44.0 灭 1
176.169 176.55 53.0 从 0
176.554 176.839 56.0 回 0
176.938 177.512 58.0 忆 0
177.707 177.897 58.0 我 0
178.092 178.377 58.0 慢 0
178.477 179.243 56.0 慢 0
179.246 179.627 60.0 穿 0
179.631 180.781 61.0 越 1
181.232 181.325 56.0 在 0
181.424 181.517 56.0 这 0
181.617 181.998 58.0 寂 0
182.001 182.383 60.0 寞 0
182.386 182.767 61.0 的 0
182.77 183.536 56.0 季 0
183.54 184.21 61.0 - 0
184.309 186.71 61.0 节 1
187.301 187.394 56.0 还 0
187.493 187.682 56.0 是 0
187.685 188.067 58.0 寂 0
188.07 188.451 60.0 寞 0
188.455 188.836 61.0 的 0
188.839 189.605 56.0 季 0
189.609 190.278 61.0 - 0
190.378 192.298 61.0 节 1
193.789 193.882 56.0 一 0
193.981 194.17 56.0 样 0
194.27 194.843 58.0 寂 0
195.039 195.517 60.0 寞 0
195.52 196.093 61.0 的 0
196.097 197.632 56.0 季 0
199.077 199.459 49.0 - 0
199.654 201.574 49.0 节 1
