8.044 8.475 59.0 谁 0
8.475 8.906 61.0 让 0
8.906 9.337 62.0 你 0
9.337 9.552 61.0 心 0
9.552 10.629 59.0 动 1
11.618 12.044 59.0 谁 0
12.044 12.47 61.0 让 0
12.47 12.896 62.0 你 0
12.896 13.11 61.0 心 0
13.11 14.164 59.0 痛 1
14.906 15.341 57.0 谁 0
15.341 15.559 59.0 会 0
15.559 15.994 61.0 让 0
15.994 16.647 59.0 你 0
16.647 17.081 61.0 偶 0
17.081 17.298 59.0 尔 1
17.301 17.735 57.0 想 0
17.735 18.386 67.0 要 0
18.386 18.805 66.0 拥 0
18.805 19.015 66.0 他 0
19.015 19.434 66.0 在 0
19.434 19.854 64.0 怀 0
19.854 20.902 66.0 中 1
21.735 22.177 64.0 谁 0
22.177 22.619 66.0 又 0
22.619 23.061 67.0 在 0
23.061 23.503 66.0 乎 0
23.503 23.945 67.0 你 0
23.945 24.166 66.0 的 0
24.166 24.497 64.0 梦 1
24.983 25.204 62.0 谁 0
25.204 25.425 64.0 说 0
25.425 25.85 66.0 你 0
25.85 26.063 69.0 的 0
26.063 26.489 66.0 心 0
26.489 27.128 64.0 思 0
27.128 27.572 64.0 他 0
27.572 27.794 66.0 会 0
27.794 28.238 64.0 懂 0
28.238 28.683 62.0 - 1
28.897 30.128 64.0 谁 0
30.128 30.538 62.0 为 0
30.538 31.396 64.0 你 0
31.825 32.254 59.0 感 0
32.254 34.022 61.0 动 1
35.561 36.412 62.0 如 0
36.412 37.461 61.0 果 0
37.461 38.4 59.0 女 0
38.4 38.869 66.0 人 0
39.223 39.66 64.0 总 0
39.663 39.882 66.0 是 0
39.94 40.427 69.0 等 0
40.427 41.081 66.0 到 0
41.081 41.991 64.0 夜 0
41.991 42.446 66.0 深 1
42.834 43.273 64.0 无 0
43.273 43.492 66.0 悔 0
43.492 43.931 69.0 付 0
43.931 44.589 71.0 出 0
44.589 45.442 64.0 青 0
45.442 45.868 64.0 春 1
46.327 46.754 64.0 他 0
46.754 46.967 66.0 就 0
46.967 47.393 69.0 会 0
47.393 47.819 66.0 对 0
47.819 48.033 64.0 你 0
48.033 49.097 66.0 真 0
49.097 50.572 66.0 - 1
51.029 51.238 64.0 是 0
51.238 51.447 66.0 否 0
51.447 52.299 67.0 女 0
52.299 53.152 67.0 人 0
53.152 53.587 67.0 永 0
53.587 53.805 69.0 远 0
53.805 54.24 71.0 不 0
54.24 54.892 69.0 要 0
54.892 55.532 66.0 多 0
55.532 56.171 66.0 问 1
56.58 57.015 66.0 她 0
57.015 57.233 67.0 最 0
57.233 57.669 66.0 好 0
57.669 57.887 64.0 永 0
57.887 58.322 62.0 远 0
58.322 58.735 64.0 天 0
58.735 59.561 64.0 真 1
59.919 60.348 64.0 为 0
60.348 60.776 62.0 她 0
60.776 61.205 64.0 所 0
61.205 62.083 62.0 爱 0
62.083 62.533 61.0 的 0
62.533 63.845 59.0 人 1
66.848 67.271 59.0 谁 0
67.271 67.693 61.0 让 0
67.693 68.115 62.0 你 0
68.115 68.326 61.0 心 0
68.326 69.381 59.0 动 1
70.278 70.713 59.0 谁 0
70.713 71.148 61.0 让 0
71.148 71.583 62.0 你 0
71.583 71.801 61.0 心 0
71.801 72.882 59.0 痛 1
73.596 74.024 57.0 谁 0
74.024 74.238 59.0 会 0
74.238 74.666 61.0 让 0
74.666 75.308 59.0 你 0
75.308 75.736 61.0 偶 0
75.736 75.95 59.0 尔 1
76.076 76.504 57.0 想 0
76.504 76.932 67.0 要 0
77.146 77.566 66.0 拥 0
77.566 77.776 67.0 他 0
77.776 78.195 66.0 在 0
78.195 78.615 64.0 怀 0
78.615 79.683 66.0 中 1
80.528 80.957 64.0 谁 0
80.957 81.387 66.0 又 0
81.387 81.817 67.0 在 0
81.817 82.246 66.0 乎 0
82.246 82.676 67.0 你 0
82.676 82.891 66.0 的 0
82.891 83.321 64.0 梦 1
83.425 83.64 62.0 谁 0
83.64 83.855 64.0 说 0
83.855 84.286 66.0 你 0
84.286 84.501 69.0 的 0
84.501 84.932 66.0 心 0
84.932 85.578 64.0 思 0
85.578 86.008 64.0 他 0
86.008 86.224 66.0 会 0
86.224 86.655 64.0 懂 0
86.655 87.085 62.0 - 1
87.285 88.557 64.0 谁 0
88.557 88.981 62.0 为 0
88.981 89.865 64.0 你 0
90.308 90.75 59.0 感 0
90.75 92.87 61.0 动 1
93.369 93.797 62.0 只 0
93.797 94.225 61.0 是 0
94.225 95.074 59.0 女 0
95.074 95.498 66.0 人 0
95.922 96.351 64.0 容 0
96.351 96.565 66.0 易 0
96.565 96.993 69.0 一 0
96.993 97.635 66.0 往 0
97.635 98.492 64.0 情 0
98.492 98.921 66.0 深 1
99.429 99.866 64.0 总 0
99.866 100.084 66.0 是 0
100.084 100.521 69.0 为 0
100.521 101.176 71.0 情 0
101.176 102.013 64.0 所 0
102.013 102.432 64.0 困 1
102.862 103.294 64.0 终 0
103.294 103.51 66.0 于 0
103.51 103.943 69.0 越 0
103.943 104.375 66.0 陷 0
104.375 104.592 64.0 越 0
104.592 105.675 66.0 深 0
105.675 107.184 66.0 - 1
107.596 107.811 64.0 可 0
107.811 108.025 66.0 是 0
108.025 108.662 67.0 女 0
108.662 109.298 67.0 人 0
109.723 110.152 67.0 爱 0
110.152 110.367 69.0 是 0
110.367 110.796 71.0 她 0
110.796 111.011 69.0 的 0
111.011 111.44 67.0 - 0
111.44 112.081 66.0 灵 0
112.081 112.722 66.0 魂 1
113.107 113.539 66.0 她 0
113.539 113.755 67.0 可 0
113.755 114.187 66.0 以 0
114.187 114.619 64.0 奉 0
114.619 114.835 62.0 献 0
114.835 115.479 64.0 一 0
115.479 116.124 64.0 生 1
116.648 117.079 64.0 为 0
117.079 117.511 62.0 她 0
117.511 117.942 64.0 所 0
117.942 118.796 62.0 爱 0
118.796 119.218 61.0 的 0
119.218 120.484 59.0 人 1
144.784 145.214 62.0 如 0
145.214 145.644 61.0 果 0
145.644 146.487 59.0 女 0
146.487 146.908 66.0 人 0
147.33 147.767 64.0 总 0
147.767 147.986 66.0 是 0
147.986 148.423 69.0 等 0
148.423 149.08 66.0 到 0
149.08 149.918 64.0 夜 0
149.918 150.337 66.0 深 1
150.814 151.247 64.0 无 0
151.247 151.463 66.0 悔 0
151.463 151.895 69.0 付 0
151.895 152.543 71.0 出 0
152.543 153.401 64.0 青 0
153.401 153.83 64.0 春 1
154.224 154.654 64.0 他 0
154.654 154.868 66.0 就 0
154.868 155.297 69.0 会 0
155.297 155.726 66.0 对 0
155.726 155.941 64.0 你 0
155.941 158.046 66.0 真 1
158.391 158.818 62.0 只 0
158.818 159.244 61.0 是 0
159.244 160.097 59.0 女 0
160.097 160.523 66.0 人 0
160.95 161.385 64.0 容 0
161.385 161.602 66.0 易 0
161.602 162.037 69.0 一 0
162.037 162.69 66.0 往 0
162.69 163.536 64.0 情 0
163.536 163.959 66.0 深 1
164.408 164.848 64.0 总 0
164.848 165.068 66.0 是 0
165.068 165.507 69.0 为 0
165.507 166.167 71.0 情 0
166.167 167.003 64.0 所 0
167.003 167.421 64.0 困 1
167.909 168.346 64.0 终 0
168.346 168.564 66.0 于 0
168.564 169.001 69.0 越 0
169.001 169.437 66.0 陷 0
169.437 169.656 64.0 越 0
169.656 172.045 66.0 深 1
172.711 172.934 64.0 可 0
172.934 173.157 66.0 是 0
173.157 173.777 67.0 女 0
173.777 174.397 67.0 人 0
174.81 175.248 67.0 爱 0
175.248 175.467 69.0 是 0
175.467 175.905 71.0 她 0
175.905 176.124 69.0 的 0
176.124 176.561 67.0 - 0
176.561 177.154 66.0 灵 0
177.154 177.866 66.0 魂 1
178.434 178.899 66.0 她 0
178.899 179.131 67.0 可 0
179.131 179.595 66.0 以 0
179.595 180.059 64.0 奉 0
180.059 180.292 62.0 献 0
180.292 180.792 64.0 一 0
180.792 181.543 64.0 生 1
182.298 182.962 64.0 为 0
182.962 183.516 62.0 她 0
183.516 184.07 64.0 所 0
184.07 184.575 62.0 爱 0
184.575 185.081 61.0 - 0
185.081 185.586 61.0 的 0
185.586 188.151 59.0 人 1
