33.588 33.989 55.0 我 0
33.989 34.389 58.0 有 0
34.389 34.79 58.0 花 0
34.79 35.19 60.0 一 0
35.19 36.792 58.0 朵 0
36.792 37.193 53.0 种 0
37.193 37.593 58.0 在 0
37.593 37.994 58.0 我 0
37.994 38.394 60.0 心 0
38.394 39.596 58.0 中 1
40.08 40.48 51.0 含 0
40.48 40.881 53.0 苞 0
40.881 41.281 55.0 待 0
41.281 41.682 63.0 放 0
41.682 42.483 60.0 意 0
42.483 43.284 55.0 幽 0
43.284 45.652 58.0 幽 1
46.351 46.746 60.0 朝 0
46.746 47.14 63.0 朝 0
47.14 47.535 63.0 与 0
47.535 47.93 65.0 暮 0
47.93 49.114 63.0 暮 0
49.114 49.509 60.0 我 0
49.509 49.92 58.0 切 0
49.92 50.331 60.0 切 0
50.331 50.742 55.0 的 0
50.742 51.153 53.0 等 0
51.153 51.974 51.0 候 1
52.82 53.22 48.0 有 0
53.22 53.62 51.0 心 0
53.62 54.02 53.0 的 0
54.02 54.42 58.0 人 0
54.42 55.22 55.0 来 0
55.22 55.52 53.0 入 0
55.52 56.02 53.0 - 0
56.02 57.62 51.0 梦 1
61.676 62.076 55.0 女 0
62.076 62.476 58.0 人 0
62.476 63.623 67.0 花 0
63.623 64.005 67.0 摇 0
64.005 64.387 67.0 曳 0
64.387 64.769 65.0 在 0
64.769 65.152 65.0 红 0
65.152 65.534 63.0 尘 0
65.534 66.784 58.0 中 1
67.922 68.338 55.0 女 0
68.338 68.755 58.0 人 0
68.755 69.924 63.0 花 0
69.924 70.313 63.0 随 0
70.313 70.703 63.0 风 0
70.703 71.093 60.0 轻 0
71.093 71.482 60.0 轻 0
71.482 71.872 58.0 摆 0
71.872 73.494 55.0 动 1
74.472 74.907 55.0 只 0
74.907 75.342 58.0 盼 0
75.342 76.526 67.0 望 0
76.526 76.92 67.0 有 0
76.92 77.315 67.0 一 0
77.315 77.71 65.0 双 0
77.71 78.105 65.0 温 0
78.105 78.499 63.0 柔 0
78.499 80.099 60.0 手 1
80.825 81.225 60.0 能 0
81.225 81.625 63.0 抚 0
81.625 82.825 65.0 慰 0
82.825 83.225 65.0 我 0
83.225 83.625 65.0 内 0
83.625 84.025 65.0 心 0
84.025 84.425 62.0 的 0
84.425 84.625 60.0 寂 0
84.625 84.927 60.0 - 0
84.927 86.447 58.0 寞 1
88.024 88.413 55.0 我 0
88.413 88.803 58.0 有 0
88.803 89.193 58.0 花 0
89.193 89.582 60.0 一 0
89.582 91.141 58.0 朵 0
91.141 91.535 53.0 花 0
91.535 91.93 58.0 香 0
91.93 92.325 58.0 满 0
92.325 92.72 60.0 枝 0
92.72 93.936 58.0 头 1
94.442 94.842 51.0 谁 0
94.842 95.242 53.0 来 0
95.242 95.642 55.0 真 0
95.642 96.042 63.0 心 0
96.042 96.842 60.0 寻 0
96.842 97.642 55.0 芳 0
97.642 100.042 58.0 踪 1
100.728 101.128 60.0 花 0
101.128 101.528 63.0 开 0
101.528 101.928 63.0 不 0
101.928 102.328 65.0 多 0
102.328 103.528 63.0 时 0
103.528 103.928 60.0 啊 0
103.928 104.328 58.0 堪 0
104.328 104.728 60.0 折 0
104.728 105.128 55.0 直 0
105.128 105.528 53.0 须 0
105.528 106.328 51.0 折 1
107.171 107.571 48.0 女 0
107.571 107.971 51.0 人 0
107.971 108.371 53.0 如 0
108.371 108.771 58.0 花 0
108.771 109.571 55.0 花 0
109.571 109.871 53.0 似 0
109.871 110.371 53.0 - 0
110.371 111.971 51.0 梦 1
129.58 129.98 55.0 我 0
129.98 130.379 58.0 有 0
130.379 130.779 58.0 花 0
130.779 131.179 60.0 一 0
131.179 132.778 58.0 朵 0
132.778 133.178 53.0 长 0
133.178 133.578 58.0 在 0
133.578 133.978 58.0 我 0
133.978 134.378 60.0 心 0
134.378 135.577 58.0 中 1
135.991 136.391 51.0 真 0
136.391 136.791 53.0 情 0
136.791 137.191 55.0 真 0
137.191 137.59 63.0 爱 0
137.59 138.19 60.0 无 0
138.19 138.39 55.0 - 0
138.39 139.19 55.0 人 0
139.19 141.589 58.0 懂 1
142.403 142.802 60.0 遍 0
142.802 143.202 63.0 地 0
143.202 143.402 63.0 的 0
143.402 143.602 63.0 野 0
143.602 144.002 65.0 - 0
144.002 145.002 63.0 草 0
145.002 145.201 60.0 - 0
145.201 145.601 60.0 已 0
145.601 146.001 58.0 占 0
146.001 146.401 60.0 满 0
146.401 146.801 55.0 了 0
146.801 147.201 53.0 山 0
147.201 148.0 51.0 坡 1
148.735 149.135 48.0 孤 0
149.135 149.535 51.0 芳 0
149.535 149.935 53.0 自 0
149.935 150.334 58.0 赏 0
150.334 151.134 55.0 最 0
151.134 151.934 53.0 心 0
151.934 153.533 51.0 痛 1
154.387 154.787 55.0 女 0
154.787 155.186 58.0 人 0
155.186 155.586 65.0 花 0
155.586 156.386 67.0 - 0
156.386 156.786 67.0 摇 0
156.786 157.186 67.0 曳 0
157.186 157.585 65.0 在 0
157.585 157.985 65.0 红 0
157.985 158.385 63.0 尘 0
158.385 159.585 58.0 中 1
160.7 161.1 55.0 女 0
161.1 161.5 58.0 人 0
161.5 162.699 63.0 花 0
162.699 163.099 63.0 随 0
163.099 163.499 63.0 风 0
163.499 163.899 60.0 轻 0
163.899 164.299 60.0 轻 0
164.299 164.699 58.0 摆 0
164.699 166.298 55.0 动 1
167.06 167.459 55.0 只 0
167.459 167.859 58.0 盼 0
167.859 168.259 65.0 望 0
168.259 169.059 67.0 - 0
169.059 169.459 67.0 有 0
169.459 169.859 67.0 一 0
169.859 170.258 65.0 双 0
170.258 170.658 65.0 温 0
170.658 171.058 63.0 柔 0
171.058 172.657 60.0 手 1
173.495 173.895 60.0 能 0
173.895 174.295 63.0 抚 0
174.295 175.494 65.0 慰 0
175.494 175.894 65.0 我 0
175.894 176.294 65.0 内 0
176.294 176.694 65.0 心 0
176.694 177.094 62.0 的 0
177.094 177.394 60.0 寂 0
177.394 177.793 60.0 - 0
177.793 179.093 58.0 寞 1
179.893 180.292 63.0 女 0
180.292 180.692 65.0 人 0
180.692 181.892 67.0 花 0
181.892 182.292 67.0 摇 0
182.292 182.691 67.0 曳 0
182.691 183.091 65.0 在 0
183.091 183.491 65.0 红 0
183.491 183.891 63.0 尘 0
183.891 185.09 58.0 中 1
186.254 186.654 55.0 女 0
186.654 187.054 58.0 人 0
187.054 188.253 63.0 花 0
188.253 188.653 63.0 随 0
188.653 189.053 63.0 风 0
189.053 189.453 60.0 轻 0
189.453 189.853 60.0 轻 0
189.853 190.652 58.0 摆 0
190.652 191.052 53.0 动 0
191.052 191.852 55.0 - 1
192.734 193.134 55.0 若 0
193.134 193.534 58.0 是 0
193.534 193.934 66.0 你 0
193.934 194.734 67.0 - 0
194.734 195.133 67.0 闻 0
195.133 195.533 67.0 过 0
195.533 195.933 65.0 了 0
195.933 196.333 65.0 花 0
196.333 196.733 63.0 香 0
196.733 198.332 60.0 浓 1
199.144 199.544 60.0 别 0
199.544 199.944 63.0 问 0
199.944 200.343 63.0 我 0
200.343 201.143 65.0 - 0
201.143 201.543 65.0 花 0
201.543 201.943 65.0 儿 0
201.943 202.343 65.0 是 0
202.343 202.742 62.0 为 0
202.742 203.042 60.0 谁 0
203.042 203.542 60.0 - 0
203.542 205.141 58.0 红 1
209.939 210.344 57.0 爱 0
210.344 210.749 60.0 过 0
210.749 211.155 60.0 知 0
211.155 211.56 62.0 情 0
211.56 213.181 60.0 重 1
213.182 213.576 55.0 醉 0
213.576 213.971 60.0 过 0
213.971 214.169 60.0 知 0
214.169 214.761 62.0 酒 0
214.761 214.958 60.0 - 0
214.958 215.945 60.0 浓 1
216.3 216.702 53.0 花 0
216.702 217.105 55.0 开 0
217.105 217.508 57.0 花 0
217.508 217.91 65.0 谢 0
217.91 218.313 62.0 终 0
218.313 218.716 57.0 - 0
218.716 219.521 57.0 是 0
219.521 221.937 60.0 空 1
222.592 222.986 62.0 缘 0
222.986 223.381 65.0 份 0
223.381 223.578 65.0 不 0
223.578 223.776 65.0 停 0
223.776 224.171 67.0 - 0
224.171 225.371 65.0 留 1
225.462 225.873 62.0 像 0
225.873 226.268 60.0 春 0
226.268 226.662 62.0 风 0
226.662 227.057 57.0 来 0
227.057 227.452 55.0 又 0
227.452 228.241 53.0 走 1
229.031 229.434 50.0 女 0
229.434 229.836 53.0 人 0
229.836 230.239 55.0 如 0
230.239 230.642 60.0 花 0
230.642 231.447 57.0 花 0
231.447 231.749 55.0 似 0
231.749 232.252 55.0 - 0
232.252 233.863 53.0 梦 1
235.476 235.87 62.0 缘 0
235.87 236.265 65.0 份 0
236.265 236.462 65.0 不 0
236.462 236.66 65.0 停 0
236.66 237.055 67.0 - 0
237.055 238.239 65.0 留 1
238.322 238.717 62.0 像 0
238.717 239.117 60.0 春 0
239.117 239.517 62.0 风 0
239.517 239.917 57.0 来 0
239.917 240.317 55.0 又 0
240.317 241.117 53.0 走 1
241.929 242.329 50.0 女 0
242.329 242.729 53.0 人 0
242.729 243.129 55.0 如 0
243.129 243.529 60.0 花 0
243.529 244.329 57.0 花 0
244.329 244.629 55.0 似 0
244.629 245.129 55.0 - 0
245.129 246.729 53.0 梦 1
248.229 248.629 50.0 女 0
248.629 249.029 53.0 人 0
249.029 249.429 55.0 如 0
249.429 249.629 57.0 花 0
249.629 250.029 60.0 - 0
250.029 250.629 57.0 花 0
251.029 253.429 55.0 似 0
254.429 257.829 53.0 梦 1
