35.194 35.57 50.0 不 0
35.57 35.757 52.0 知 0
35.757 36.498 54.0 道 0
36.868 37.238 54.0 你 0
37.238 37.609 54.0 现 0
37.609 38.164 52.0 在 0
38.164 38.534 50.0 好 0
38.534 38.72 47.0 不 0
38.72 39.83 50.0 好 1
41.211 41.396 50.0 是 0
41.396 41.581 52.0 不 0
41.581 42.324 54.0 是 0
42.695 43.066 54.0 也 0
43.066 43.538 54.0 一 0
43.554 43.995 52.0 样 0
43.995 44.366 50.0 没 0
44.366 44.552 57.0 烦 0
44.552 44.738 59.0 - 0
44.738 44.923 57.0 - 0
44.923 46.037 57.0 恼 1
47.186 47.371 54.0 像 0
47.371 47.557 57.0 个 0
47.557 47.927 59.0 孩 0
47.927 48.668 59.0 子 0
48.668 49.038 59.0 似 0
49.038 49.779 57.0 的 0
50.149 50.334 54.0 神 0
50.334 50.519 52.0 情 0
50.519 51.262 54.0 忘 0
51.262 51.634 52.0 不 0
51.634 52.005 50.0 - 0
52.005 52.749 50.0 掉 1
53.083 53.269 50.0 你 0
53.269 53.455 52.0 的 0
53.455 54.195 54.0 笑 0
54.565 54.751 54.0 对 0
54.751 54.936 54.0 我 0
54.936 55.306 54.0 一 0
55.306 55.676 52.0 生 0
56.047 56.232 50.0 很 0
56.232 56.417 47.0 重 0
56.417 57.532 50.0 要 1
59.006 59.192 50.0 这 0
59.192 59.377 52.0 些 0
59.377 60.121 54.0 年 0
60.492 60.864 54.0 你 0
60.864 61.235 52.0 过 0
61.235 61.793 52.0 得 0
61.793 62.164 50.0 好 0
62.164 62.35 47.0 不 0
62.35 63.465 50.0 好 1
65.108 65.294 50.0 偶 0
65.294 65.479 52.0 而 0
65.479 65.664 54.0 是 0
65.664 65.849 54.0 不 0
65.849 66.589 54.0 是 0
66.589 66.958 54.0 也 0
66.958 67.328 54.0 感 0
67.328 67.698 52.0 觉 0
68.068 68.252 50.0 有 0
68.252 68.437 57.0 些 0
68.437 68.623 59.0 - 0
68.623 68.808 57.0 - 0
68.808 69.922 57.0 老 1
70.975 71.161 54.0 像 0
71.161 71.346 57.0 个 0
71.346 71.718 59.0 大 0
71.718 72.275 59.0 人 0
72.275 72.647 61.0 般 0
72.647 72.833 62.0 的 0
72.833 73.204 61.0 恋 0
73.204 73.576 61.0 爱 1
73.895 74.081 61.0 有 0
74.081 74.267 64.0 时 0
74.267 75.01 62.0 心 0
75.01 75.289 61.0 情 0
75.289 75.753 61.0 - 0
75.753 76.496 59.0 遭 1
76.779 76.965 54.0 请 0
76.965 77.151 54.0 你 0
77.151 77.52 52.0 相 0
77.52 77.981 50.0 信 0
78.119 78.303 50.0 我 0
78.303 78.487 59.0 在 0
78.487 78.672 59.0 你 0
78.672 79.04 59.0 身 0
79.04 79.409 59.0 边 0
79.409 79.593 59.0 别 0
79.593 79.962 59.0 忘 0
79.962 80.146 57.0 - 0
80.146 81.632 57.0 了 1
82.723 82.909 57.0 只 0
82.909 83.095 57.0 要 0
83.095 83.28 57.0 你 0
83.28 83.652 67.0 过 0
83.652 84.023 66.0 得 0
84.023 84.209 64.0 比 0
84.209 84.581 62.0 我 0
84.581 85.881 57.0 好 1
86.183 86.554 64.0 过 0
86.554 86.926 62.0 得 0
86.926 87.112 61.0 比 0
87.112 87.483 59.0 我 0
87.483 88.412 54.0 好 1
89.137 89.323 59.0 什 0
89.323 89.509 59.0 么 0
89.509 89.694 59.0 事 0
89.694 89.88 59.0 都 0
89.88 90.251 59.0 难 0
90.251 90.437 62.0 不 0
90.437 91.365 57.0 倒 1
91.66 91.846 52.0 所 0
91.846 92.032 54.0 有 0
92.032 92.217 55.0 快 0
92.217 92.589 55.0 乐 0
92.589 92.774 55.0 在 0
92.774 93.146 55.0 你 0
93.146 93.331 55.0 身 0
93.331 93.517 57.0 边 0
93.517 93.888 54.0 围 0
93.888 94.259 52.0 绕 1
94.622 94.808 57.0 只 0
94.808 94.993 57.0 要 0
94.993 95.179 57.0 你 0
95.179 95.547 67.0 过 0
95.547 95.916 66.0 得 0
95.916 96.1 64.0 比 0
96.1 96.468 62.0 我 0
96.468 97.389 57.0 好 1
98.105 98.476 64.0 过 0
98.476 98.847 62.0 得 0
98.847 99.032 61.0 比 0
99.032 99.403 59.0 我 0
99.403 100.331 54.0 好 1
100.994 101.18 59.0 什 0
101.18 101.366 59.0 么 0
101.366 101.551 59.0 事 0
101.551 101.737 59.0 都 0
101.737 102.109 59.0 难 0
102.109 102.294 62.0 不 0
102.294 102.852 57.0 倒 1
103.321 103.507 52.0 一 0
103.507 103.693 54.0 直 0
103.693 104.065 52.0 到 0
104.065 105.523 50.0 老 1
115.199 115.59 50.0 不 0
115.59 115.778 52.0 知 0
115.778 116.521 54.0 道 0
116.892 117.264 54.0 你 0
117.264 117.635 54.0 现 0
117.635 118.192 52.0 在 0
118.192 118.564 50.0 好 0
118.564 118.749 47.0 不 0
118.749 119.864 50.0 好 1
121.482 121.668 50.0 是 0
121.668 121.853 52.0 不 0
121.853 122.596 54.0 是 0
122.967 123.338 54.0 也 0
123.338 123.709 54.0 一 0
123.709 124.266 52.0 样 0
124.266 124.637 50.0 没 0
124.637 124.822 57.0 烦 0
124.822 125.008 59.0 - 0
125.008 125.194 57.0 - 0
125.194 126.307 57.0 恼 1
127.385 127.571 54.0 像 0
127.571 127.757 57.0 个 0
127.757 128.128 59.0 孩 0
128.128 128.87 59.0 子 0
128.87 129.241 59.0 似 0
129.241 129.984 57.0 的 0
130.169 130.54 54.0 神 0
130.54 130.726 52.0 情 0
130.726 131.468 54.0 忘 0
131.468 131.839 52.0 不 0
131.839 132.21 50.0 - 0
132.21 132.953 50.0 掉 1
133.192 133.377 50.0 你 0
133.377 133.563 52.0 的 0
133.563 134.305 54.0 笑 0
134.676 134.862 54.0 对 0
134.862 135.048 54.0 我 0
135.048 135.419 54.0 一 0
135.419 135.79 52.0 生 0
136.161 136.347 50.0 很 0
136.347 136.532 47.0 重 0
136.532 137.646 50.0 要 1
139.102 139.473 50.0 这 0
139.473 139.658 52.0 些 0
139.658 140.4 54.0 年 0
140.77 141.141 54.0 你 0
141.141 141.511 54.0 过 0
141.511 142.067 52.0 得 0
142.067 142.438 50.0 好 0
142.438 142.623 47.0 不 0
142.623 143.735 50.0 好 1
145.07 145.255 50.0 偶 0
145.255 145.44 52.0 而 0
145.44 145.626 54.0 是 0
145.626 145.812 54.0 不 0
145.812 146.555 54.0 是 0
146.555 146.926 54.0 也 0
146.926 147.298 54.0 感 0
147.298 147.669 52.0 觉 0
148.041 148.226 50.0 有 0
148.226 148.412 57.0 些 0
148.412 148.598 59.0 - 0
148.598 148.784 57.0 - 0
148.784 149.898 57.0 老 1
150.837 151.208 54.0 像 0
151.208 151.394 57.0 个 0
151.394 151.765 59.0 大 0
151.765 152.322 59.0 人 0
152.322 152.694 61.0 般 0
152.694 152.88 62.0 的 0
152.88 153.251 61.0 恋 0
153.251 153.623 61.0 爱 1
154.113 154.299 61.0 有 0
154.299 154.485 64.0 时 0
154.485 155.223 62.0 心 0
155.223 155.961 61.0 情 0
155.961 156.699 59.0 遭 1
156.936 157.121 54.0 请 0
157.121 157.306 54.0 你 0
157.306 157.677 50.0 相 0
157.677 158.141 50.0 信 0
158.28 158.466 50.0 我 0
158.466 158.652 59.0 在 0
158.652 158.838 59.0 你 0
158.838 159.209 59.0 身 0
159.209 159.581 59.0 边 0
159.581 159.766 59.0 别 0
159.766 160.138 59.0 忘 0
160.138 160.323 57.0 - 0
160.323 161.809 57.0 了 1
162.74 162.926 57.0 只 0
162.926 163.112 57.0 要 0
163.112 163.297 57.0 你 0
163.297 163.668 67.0 过 0
163.668 164.038 66.0 得 0
164.038 164.223 64.0 比 0
164.223 164.594 62.0 我 0
164.594 165.89 57.0 好 1
166.297 166.668 64.0 过 0
166.668 167.038 62.0 得 0
167.038 167.223 61.0 比 0
167.223 167.594 59.0 我 0
167.594 168.519 54.0 好 1
169.176 169.362 59.0 什 0
169.362 169.548 59.0 么 0
169.548 169.735 59.0 事 0
169.735 169.921 59.0 都 0
169.921 170.293 59.0 难 0
170.293 170.479 62.0 不 0
170.479 171.41 57.0 倒 1
171.822 172.008 52.0 所 0
172.008 172.195 54.0 有 0
172.195 172.38 55.0 快 0
172.38 172.752 55.0 乐 0
172.752 172.938 55.0 在 0
172.938 173.309 55.0 你 0
173.309 173.495 55.0 身 0
173.495 173.68 57.0 边 0
173.68 174.052 54.0 围 0
174.052 174.423 52.0 绕 1
174.598 174.784 57.0 只 0
174.784 174.97 57.0 要 0
174.97 175.155 57.0 你 0
175.155 175.527 67.0 过 0
175.527 175.898 66.0 得 0
175.898 176.084 64.0 比 0
176.084 176.455 62.0 我 0
176.455 177.384 57.0 好 1
178.177 178.547 64.0 过 0
178.547 178.917 62.0 得 0
178.917 179.102 61.0 比 0
179.102 179.472 59.0 我 0
179.472 180.396 54.0 好 1
181.126 181.312 59.0 什 0
181.312 181.498 59.0 么 0
181.498 181.683 59.0 事 0
181.683 181.869 59.0 都 0
181.869 182.24 59.0 难 0
182.24 182.426 62.0 不 0
182.426 182.983 57.0 倒 1
183.377 183.563 52.0 一 0
183.563 183.748 54.0 直 0
183.748 184.12 52.0 到 0
184.12 185.604 50.0 老 1
207.271 207.457 57.0 只 0
207.457 207.642 57.0 要 0
207.642 207.828 57.0 你 0
207.828 208.199 67.0 过 0
208.199 208.57 66.0 得 0
208.57 208.755 64.0 比 0
208.755 209.126 62.0 我 0
209.126 210.425 57.0 好 1
210.774 211.145 64.0 过 0
211.145 211.516 62.0 得 0
211.516 211.701 61.0 比 0
211.701 212.072 59.0 我 0
212.072 213.0 54.0 好 1
213.721 213.906 59.0 什 0
213.906 214.092 59.0 么 0
214.092 214.277 59.0 事 0
214.277 214.463 59.0 都 0
214.463 214.834 59.0 难 0
214.834 215.019 62.0 不 0
215.019 215.947 57.0 倒 1
216.471 216.656 52.0 所 0
216.656 216.842 54.0 有 0
216.842 217.027 55.0 快 0
217.027 217.398 55.0 乐 0
217.398 217.584 55.0 在 0
217.584 217.955 55.0 你 0
217.955 218.14 55.0 身 0
218.14 218.326 57.0 边 0
218.326 218.697 54.0 围 0
218.697 219.068 52.0 绕 1
219.18 219.366 57.0 只 0
219.366 219.551 57.0 要 0
219.551 219.737 57.0 你 0
219.737 220.108 67.0 过 0
220.108 220.479 66.0 得 0
220.479 220.664 64.0 比 0
220.664 221.035 62.0 我 0
221.035 221.963 57.0 好 1
222.641 223.012 64.0 过 0
223.012 223.383 62.0 得 0
223.383 223.569 61.0 比 0
223.569 223.94 59.0 我 0
223.94 224.867 54.0 好 1
225.724 225.91 59.0 什 0
225.91 226.095 59.0 么 0
226.095 226.281 59.0 事 0
226.281 226.466 59.0 都 0
226.466 226.837 59.0 难 0
226.837 227.023 62.0 不 0
227.023 227.579 57.0 倒 1
227.806 227.992 52.0 一 0
227.992 228.177 54.0 直 0
228.177 228.548 52.0 到 0
228.548 230.032 50.0 老 1
231.08 231.265 57.0 只 0
231.265 231.451 57.0 要 0
231.451 231.636 57.0 你 0
231.636 232.007 67.0 过 0
232.007 232.378 66.0 得 0
232.378 232.564 64.0 比 0
232.564 232.935 62.0 我 0
232.935 234.233 57.0 好 1
234.592 234.963 64.0 过 0
234.963 235.334 62.0 得 0
235.334 235.52 61.0 比 0
235.52 235.891 59.0 我 0
235.891 236.818 54.0 好 1
237.443 237.629 59.0 什 0
237.629 237.814 59.0 么 0
237.814 238.0 59.0 事 0
238.0 238.186 59.0 都 0
238.186 238.557 59.0 难 0
238.557 238.742 62.0 不 0
238.742 239.67 57.0 倒 1
240.089 240.274 52.0 所 0
240.274 240.46 54.0 有 0
240.46 240.645 55.0 快 0
240.645 241.016 55.0 乐 0
241.016 241.202 55.0 在 0
241.202 241.573 55.0 你 0
241.573 241.758 55.0 身 0
241.758 241.944 57.0 边 0
241.944 242.315 54.0 围 0
242.315 242.686 52.0 绕 1
242.83 243.016 57.0 只 0
243.016 243.201 57.0 要 0
243.201 243.387 57.0 你 0
243.387 243.758 67.0 过 0
243.758 244.129 66.0 得 0
244.129 244.314 64.0 比 0
244.314 244.685 62.0 我 0
244.685 245.613 57.0 好 1
246.487 246.858 64.0 过 0
246.858 247.229 62.0 得 0
247.229 247.414 61.0 比 0
247.414 247.785 59.0 我 0
247.785 248.713 54.0 好 1
249.403 249.588 59.0 什 0
249.588 249.774 59.0 么 0
249.774 249.959 59.0 事 0
249.959 250.145 59.0 都 0
250.145 250.516 59.0 难 0
250.516 250.701 62.0 不 0
250.701 251.258 57.0 倒 1
251.72 251.905 52.0 一 0
251.905 252.091 54.0 直 0
252.091 252.462 50.0 到 0
252.462 253.946 50.0 老 1
254.769 256.067 66.0 啦 0
256.067 257.922 57.0 - 0
258.293 259.035 62.0 啦 0
259.035 260.519 54.0 - 1
261.228 261.97 59.0 啦 0
261.97 263.454 57.0 - 0
263.825 264.753 55.0 啦 0
264.753 265.866 55.0 - 0
265.866 266.422 52.0 - 1
266.655 266.84 57.0 只 0
266.84 267.026 57.0 要 0
267.026 267.211 57.0 你 0
267.211 267.582 67.0 过 0
267.582 267.953 66.0 得 0
267.953 268.139 64.0 比 0
268.139 268.51 62.0 我 0
268.51 269.437 57.0 好 1
270.129 270.5 64.0 过 0
270.5 270.871 62.0 得 0
270.871 271.056 61.0 比 0
271.056 271.427 59.0 我 0
271.427 272.355 54.0 好 1
273.074 273.259 59.0 什 0
273.259 273.445 59.0 么 0
273.445 273.63 59.0 事 0
273.63 273.816 59.0 都 0
273.816 274.187 59.0 难 0
274.187 274.372 62.0 不 0
274.372 274.929 57.0 倒 1
275.466 275.651 52.0 一 0
275.651 275.837 54.0 直 0
275.837 276.208 50.0 到 0
276.208 277.692 50.0 老 1
