21.384 21.678 53.0 送 0
21.678 21.972 53.0 你 0
21.972 22.266 53.0 送 0
22.266 22.56 55.0 到 0
22.56 22.854 57.0 家 0
22.854 23.149 55.0 - 0
23.149 23.443 53.0 门 0
23.443 23.737 50.0 - 0
23.737 24.178 48.0 口 0
24.178 24.913 48.0 - 1
26.094 26.388 53.0 想 0
26.388 26.682 53.0 起 0
26.682 26.976 53.0 曾 0
26.976 27.27 50.0 经 0
27.27 27.564 62.0 的 0
27.564 27.858 57.0 - 0
27.858 28.153 57.0 温 0
28.153 28.447 60.0 - 0
28.447 29.623 55.0 柔 1
30.794 31.088 55.0 静 0
31.088 31.382 53.0 静 0
31.382 31.676 55.0 望 0
31.676 31.97 57.0 - 0
31.97 32.264 57.0 着 0
32.264 32.852 60.0 - 0
32.852 33.147 57.0 你 0
33.147 33.735 62.0 的 0
33.735 34.029 57.0 双 0
34.029 34.323 55.0 - 0
34.323 35.205 53.0 眸 1
35.602 35.896 55.0 我 0
35.896 36.19 55.0 的 0
36.19 36.484 55.0 眼 0
36.484 36.778 57.0 泪 0
36.778 37.072 55.0 止 0
37.072 37.366 57.0 不 0
37.366 37.66 50.0 住 0
37.66 37.954 50.0 的 0
37.954 39.719 48.0 流 1
40.224 40.519 53.0 能 0
40.519 40.813 53.0 否 0
40.813 41.107 53.0 为 0
41.107 41.401 55.0 我 0
41.401 41.695 57.0 而 0
41.695 41.989 55.0 - 0
41.989 42.283 53.0 停 0
42.283 42.577 50.0 - 0
42.577 43.754 48.0 留 1
45.078 45.372 53.0 陪 0
45.372 45.667 53.0 你 0
45.667 45.961 53.0 走 0
45.961 46.255 50.0 到 0
46.255 46.843 62.0 路 0
46.843 47.137 57.0 尽 0
47.137 47.431 60.0 - 0
47.431 48.608 55.0 头 1
49.647 49.941 55.0 还 0
49.941 50.235 53.0 没 0
50.235 50.53 55.0 来 0
50.53 50.824 57.0 得 0
50.824 51.706 60.0 及 0
51.706 52.0 57.0 - 0
52.0 52.294 62.0 挥 0
52.294 52.588 60.0 - 0
52.588 52.882 57.0 挥 0
52.882 53.177 55.0 - 0
53.177 53.471 53.0 手 0
53.471 54.059 50.0 - 1
54.18 54.474 50.0 你 0
54.474 54.768 55.0 头 0
54.768 55.062 55.0 也 0
55.062 55.356 55.0 不 0
55.356 55.651 57.0 回 0
55.651 56.018 55.0 转 0
56.018 56.533 50.0 身 0
56.533 56.827 48.0 就 0
56.827 58.592 53.0 走 1
58.604 58.898 60.0 若 0
58.898 59.192 62.0 有 0
59.192 59.486 62.0 缘 0
59.486 60.074 65.0 - 0
60.074 60.368 67.0 哪 0
60.368 60.957 57.0 再 0
60.957 61.251 65.0 相 0
61.251 61.545 62.0 - 0
61.545 62.721 60.0 见 1
63.124 63.418 57.0 我 0
63.418 63.712 65.0 愿 0
63.712 64.594 62.0 相 0
64.594 64.888 50.0 守 0
64.888 65.477 60.0 到 0
65.477 65.771 57.0 永 0
65.771 66.065 60.0 - 0
66.065 67.241 55.0 远 1
67.861 68.156 55.0 梦 0
68.156 68.45 57.0 里 0
68.45 68.744 57.0 相 0
68.744 69.332 60.0 - 0
69.332 69.626 62.0 拥 0
69.626 69.92 57.0 月 0
69.92 70.214 60.0 - 0
70.214 70.509 55.0 儿 0
70.509 70.803 52.0 - 0
70.803 71.979 50.0 眠 1
72.71 73.004 50.0 每 0
73.004 73.299 53.0 时 0
73.299 74.181 55.0 每 0
74.181 74.475 57.0 刻 0
74.475 75.063 55.0 把 0
75.063 75.357 50.0 你 0
75.357 75.652 50.0 思 0
75.652 76.828 48.0 念 1
77.241 77.535 60.0 若 0
77.535 77.829 62.0 有 0
77.829 78.124 62.0 缘 0
78.124 78.712 65.0 - 0
78.712 79.006 67.0 哪 0
79.006 79.594 57.0 再 0
79.594 79.888 65.0 相 0
79.888 80.182 62.0 - 0
80.182 81.359 60.0 见 1
82.122 82.416 57.0 深 0
82.416 82.71 65.0 深 0
82.71 83.004 62.0 的 0
83.004 83.593 62.0 - 0
83.593 83.887 50.0 爱 0
83.887 84.475 60.0 落 0
84.475 84.769 57.0 心 0
84.769 85.063 60.0 - 0
85.063 86.24 55.0 间 1
86.679 86.973 55.0 期 0
86.973 87.267 57.0 盼 0
87.267 87.561 57.0 与 0
87.561 88.15 60.0 - 0
88.15 88.444 62.0 你 0
88.444 88.738 57.0 共 0
88.738 89.032 60.0 - 0
89.032 89.326 55.0 白 0
89.326 89.62 52.0 - 0
89.62 90.797 50.0 首 1
91.414 91.708 50.0 心 0
91.708 92.002 57.0 心 0
92.002 92.884 55.0 相 0
92.884 93.179 57.0 印 0
93.179 93.62 55.0 把 0
93.62 94.061 50.0 你 0
94.061 94.355 48.0 手 0
94.355 96.708 53.0 牵 1
115.659 115.954 53.0 能 0
115.954 116.248 53.0 否 0
116.248 116.542 53.0 为 0
116.542 116.836 55.0 我 0
116.836 117.13 57.0 而 0
117.13 117.424 55.0 - 0
117.424 117.718 53.0 停 0
117.718 118.012 50.0 - 0
118.012 119.189 48.0 留 1
120.223 120.517 53.0 陪 0
120.517 120.812 53.0 你 0
120.812 121.106 53.0 走 0
121.106 121.4 50.0 到 0
121.4 121.988 62.0 路 0
121.988 122.282 57.0 尽 0
122.282 122.576 60.0 - 0
122.576 123.753 55.0 头 1
124.997 125.291 55.0 还 0
125.291 125.585 53.0 没 0
125.585 125.88 55.0 来 0
125.88 126.174 57.0 得 0
126.174 127.056 60.0 及 0
127.056 127.35 57.0 - 0
127.35 127.644 62.0 挥 0
127.644 127.938 60.0 - 0
127.938 128.233 57.0 挥 0
128.233 128.527 55.0 - 0
128.527 128.821 53.0 手 0
128.821 129.409 50.0 - 1
129.445 129.739 50.0 你 0
129.739 130.033 55.0 头 0
130.033 130.327 55.0 也 0
130.327 130.621 55.0 不 0
130.621 130.916 57.0 回 0
130.916 131.308 55.0 转 0
131.308 131.896 50.0 身 0
131.896 132.092 48.0 就 0
132.092 133.857 53.0 走 1
133.869 134.163 60.0 若 0
134.163 134.457 62.0 有 0
134.457 134.751 62.0 缘 0
134.751 135.339 65.0 - 0
135.339 135.633 67.0 哪 0
135.633 136.222 57.0 再 0
136.222 136.516 65.0 相 0
136.516 136.81 62.0 - 0
136.81 137.986 60.0 见 1
138.576 138.87 57.0 我 0
138.87 139.164 65.0 愿 0
139.164 140.046 62.0 相 0
140.046 140.34 50.0 守 0
140.34 140.929 60.0 到 0
140.929 141.223 57.0 永 0
141.223 141.517 60.0 - 0
141.517 142.693 55.0 远 1
143.164 143.458 55.0 梦 0
143.458 143.752 57.0 里 0
143.752 144.046 57.0 相 0
144.046 144.634 60.0 - 0
144.634 144.928 62.0 拥 0
144.928 145.222 57.0 月 0
145.222 145.516 60.0 - 0
145.516 145.811 55.0 儿 0
145.811 146.105 52.0 - 0
146.105 147.281 50.0 眠 1
147.833 148.128 50.0 每 0
148.128 148.422 53.0 时 0
148.422 149.304 55.0 每 0
149.304 149.598 57.0 刻 0
149.598 150.186 55.0 把 0
150.186 150.48 50.0 你 0
150.48 150.775 50.0 思 0
150.775 151.951 48.0 念 1
152.649 152.943 60.0 若 0
152.943 153.238 62.0 有 0
153.238 153.532 62.0 缘 0
153.532 154.12 65.0 - 0
154.12 154.414 67.0 哪 0
154.414 155.002 57.0 再 0
155.002 155.296 65.0 相 0
155.296 155.59 62.0 - 0
155.59 156.767 60.0 见 1
157.349 157.643 57.0 深 0
157.643 157.937 65.0 深 0
157.937 158.232 62.0 的 0
158.232 158.82 62.0 - 0
158.82 159.114 50.0 爱 0
159.114 159.702 60.0 落 0
159.702 159.996 57.0 心 0
159.996 160.29 60.0 - 0
160.29 161.467 55.0 间 1
162.095 162.389 55.0 期 0
162.389 162.683 57.0 盼 0
162.683 162.977 57.0 与 0
162.977 163.566 60.0 - 0
163.566 163.86 62.0 你 0
163.86 164.154 57.0 共 0
164.154 164.448 60.0 - 0
164.448 164.742 55.0 白 0
164.742 165.036 52.0 - 0
165.036 166.213 50.0 首 1
166.734 167.028 50.0 心 0
167.028 167.322 57.0 心 0
167.322 168.205 55.0 相 0
168.205 168.499 57.0 印 0
168.499 168.94 55.0 把 0
168.94 169.381 50.0 你 0
169.381 169.675 48.0 手 0
169.675 171.366 53.0 牵 1
171.416 171.71 60.0 若 0
171.71 172.004 62.0 有 0
172.004 172.298 62.0 缘 0
172.298 172.886 65.0 - 0
172.886 173.181 67.0 哪 0
173.181 173.769 57.0 再 0
173.769 174.063 65.0 相 0
174.063 174.357 62.0 - 0
174.357 175.533 60.0 见 1
176.257 176.551 57.0 我 0
176.551 176.845 65.0 愿 0
176.845 177.727 62.0 相 0
177.727 178.021 50.0 守 0
178.021 178.61 60.0 到 0
178.61 178.904 57.0 永 0
178.904 179.198 60.0 - 0
179.198 180.374 55.0 远 1
180.85 181.144 55.0 梦 0
181.144 181.438 57.0 里 0
181.438 181.732 57.0 相 0
181.732 182.32 60.0 - 0
182.32 182.614 62.0 拥 0
182.614 182.908 57.0 月 0
182.908 183.203 60.0 - 0
183.203 183.497 55.0 儿 0
183.497 183.791 52.0 - 0
183.791 184.967 50.0 眠 1
185.513 185.808 50.0 每 0
185.808 186.102 53.0 时 0
186.102 186.984 55.0 每 0
186.984 187.278 57.0 刻 0
187.278 187.866 55.0 把 0
187.866 188.161 50.0 你 0
188.161 188.455 50.0 思 0
188.455 189.631 48.0 念 1
190.206 190.5 60.0 若 0
190.5 190.795 62.0 有 0
190.795 191.089 62.0 缘 0
191.089 191.677 65.0 - 0
191.677 191.971 67.0 哪 0
191.971 192.559 57.0 再 0
192.559 192.853 65.0 相 0
192.853 193.148 62.0 - 0
193.148 194.324 60.0 见 1
194.995 195.289 57.0 深 0
195.289 195.583 65.0 深 0
195.583 195.878 62.0 的 0
195.878 196.466 62.0 - 0
196.466 196.76 50.0 爱 0
196.76 197.348 60.0 落 0
197.348 197.642 57.0 心 0
197.642 197.936 60.0 - 0
197.936 199.113 55.0 间 1
199.76 200.054 55.0 期 0
200.054 200.348 57.0 盼 0
200.348 200.642 57.0 与 0
200.642 201.231 60.0 - 0
201.231 201.525 62.0 你 0
201.525 201.819 57.0 共 0
201.819 202.113 60.0 - 0
202.113 202.407 55.0 白 0
202.407 202.701 52.0 - 0
202.701 203.878 50.0 首 1
204.371 204.665 50.0 心 0
204.665 204.959 57.0 心 0
204.959 205.842 55.0 相 0
205.842 206.136 57.0 印 0
206.136 206.577 55.0 把 0
206.577 207.018 50.0 你 0
207.018 207.312 48.0 手 0
207.312 209.003 53.0 牵 1
209.169 209.463 50.0 心 0
209.463 209.757 57.0 心 0
209.757 210.639 55.0 相 0
210.639 210.934 57.0 印 0
210.934 211.375 55.0 把 0
211.375 211.816 50.0 你 0
211.816 214.463 48.0 手 0
214.463 216.228 53.0 牵 1
