27.591 27.814 44.0 双 0
27.814 28.037 46.0 手 0
28.037 28.474 49.0 轻 0
28.474 28.912 49.0 轻 0
28.912 29.349 49.0 捧 0
29.349 29.787 51.0 着 0
29.787 30.224 53.0 你 0
30.224 30.662 51.0 的 0
30.662 31.099 49.0 脸 1
31.541 31.975 61.0 吹 0
31.975 32.192 58.0 干 0
32.192 32.408 56.0 你 0
32.408 32.842 58.0 的 0
32.842 33.276 53.0 泪 0
33.276 34.144 56.0 眼 1
35.006 35.448 61.0 梦 0
35.448 35.668 58.0 还 0
35.668 35.889 56.0 有 0
35.889 36.331 58.0 空 0
36.331 36.773 56.0 间 1
36.905 37.126 51.0 我 0
37.126 37.347 53.0 还 0
37.347 37.567 51.0 在 0
37.567 37.788 49.0 你 0
37.788 38.23 53.0 身 0
38.23 38.672 46.0 边 0
38.672 39.113 49.0 不 0
39.113 39.555 51.0 曾 0
39.997 40.439 56.0 走 0
40.439 41.322 51.0 远 1
41.651 41.872 44.0 把 0
41.872 42.093 46.0 爱 0
42.093 42.534 49.0 倒 0
42.534 42.976 49.0 进 0
42.976 43.418 49.0 你 0
43.418 43.859 51.0 的 0
43.859 44.301 53.0 心 0
44.301 44.743 51.0 里 0
44.743 45.185 49.0 面 1
45.774 46.216 61.0 陪 0
46.216 46.437 58.0 你 0
46.437 46.658 56.0 醉 0
46.658 47.1 58.0 一 0
47.1 47.541 53.0 千 0
47.541 48.425 56.0 年 1
48.431 48.872 53.0 醒 0
48.872 49.314 51.0 来 0
49.314 49.756 49.0 后 0
51.081 51.523 58.0 感 0
51.523 51.965 53.0 觉 0
51.965 52.185 53.0 一 0
52.185 52.848 56.0 如 0
52.848 53.511 53.0 从 0
53.511 54.615 51.0 前 1
56.369 56.811 58.0 我 0
56.811 57.252 58.0 和 0
57.252 57.694 58.0 你 0
57.915 58.136 56.0 和 0
58.136 58.578 60.0 命 0
58.578 59.019 56.0 运 0
59.019 59.24 53.0 之 0
59.24 59.903 56.0 间 1
59.907 60.128 58.0 注 0
60.128 60.569 58.0 定 0
60.569 60.79 56.0 了 0
60.79 61.232 58.0 不 0
61.232 61.674 58.0 能 0
61.674 62.115 56.0 改 0
62.115 62.999 53.0 变 1
63.254 63.695 58.0 我 0
63.695 64.137 58.0 的 0
64.137 64.8 58.0 情 0
64.8 65.02 56.0 感 0
65.02 65.462 60.0 热 0
65.462 65.904 56.0 且 0
65.904 66.125 53.0 危 0
66.125 66.787 56.0 险 1
66.98 67.201 58.0 多 0
67.201 67.422 61.0 看 0
67.422 67.643 61.0 你 0
67.643 67.864 58.0 一 0
67.864 68.306 61.0 眼 0
68.306 68.526 58.0 就 0
68.526 68.747 56.0 会 0
68.747 69.19 61.0 点 0
69.19 69.411 58.0 燃 0
69.411 69.632 56.0 我 0
69.632 70.074 58.0 心 0
70.074 70.516 61.0 中 1
70.516 70.734 63.0 无 0
70.734 70.951 63.0 法 0
70.951 71.169 63.0 扑 0
71.169 71.386 61.0 灭 0
71.386 71.821 63.0 的 0
71.821 72.256 63.0 火 0
72.256 72.697 63.0 焰 1
72.946 73.387 56.0 爱 0
73.387 73.829 58.0 得 0
73.829 74.27 61.0 越 0
74.27 74.712 61.0 深 0
74.712 75.153 58.0 越 0
75.153 75.595 58.0 浓 0
75.595 76.036 61.0 越 0
76.036 76.257 63.0 缠 0
76.257 76.919 65.0 绵 1
77.315 77.536 65.0 会 0
77.536 77.756 65.0 不 0
77.756 77.977 63.0 会 0
77.977 78.198 63.0 让 0
78.198 78.419 61.0 天 0
78.419 78.86 58.0 红 0
78.86 79.302 53.0 了 0
79.302 79.743 56.0 眼 1
80.036 80.477 56.0 爱 0
80.477 80.919 58.0 得 0
80.919 81.36 61.0 越 0
81.36 81.802 61.0 深 0
81.802 82.243 61.0 越 0
82.243 82.685 58.0 浓 0
82.685 83.126 61.0 越 0
83.126 83.347 63.0 缠 0
83.347 84.009 65.0 绵 1
84.48 84.7 65.0 不 0
84.7 84.921 63.0 问 0
84.921 85.142 63.0 有 0
85.142 85.363 61.0 没 0
85.363 85.804 63.0 有 0
85.804 86.246 65.0 明 0
86.246 86.687 63.0 天 1
87.257 87.698 56.0 爱 0
87.698 88.14 58.0 得 0
88.14 88.581 61.0 越 0
88.581 89.023 61.0 深 0
89.023 89.464 61.0 越 0
89.464 89.906 58.0 浓 0
89.906 90.347 61.0 越 0
90.347 90.568 63.0 缠 0
90.568 91.23 65.0 绵 1
91.309 91.53 65.0 再 0
91.53 91.75 65.0 多 0
91.75 91.971 63.0 给 0
91.971 92.192 63.0 我 0
92.192 92.413 61.0 一 0
92.413 92.854 56.0 点 0
92.854 93.296 53.0 时 0
93.296 93.737 56.0 间 1
94.247 94.688 56.0 爱 0
94.688 95.13 58.0 得 0
95.13 95.571 61.0 越 0
95.571 96.013 61.0 深 0
96.013 96.454 61.0 越 0
96.454 96.896 58.0 浓 0
96.896 97.337 61.0 越 0
97.337 97.558 63.0 缠 0
97.558 98.22 65.0 绵 1
98.563 99.004 63.0 能 0
99.004 99.224 63.0 不 0
99.224 99.445 61.0 能 0
99.445 99.886 63.0 再 0
99.886 100.327 63.0 见 0
100.327 101.209 63.0 你 0
101.65 102.091 65.0 这 0
102.091 102.532 63.0 最 0
102.532 103.855 61.0 后 0
104.737 105.399 63.0 一 0
105.399 105.619 58.0 - 0
105.619 108.707 61.0 面 1
122.945 123.165 44.0 双 0
123.165 123.385 46.0 手 0
123.385 123.826 49.0 轻 0
123.826 124.267 49.0 轻 0
124.267 124.709 49.0 捧 0
124.709 125.15 51.0 着 0
125.15 125.591 53.0 你 0
125.591 126.032 51.0 的 0
126.032 126.474 49.0 脸 1
126.913 127.354 61.0 吹 0
127.354 127.575 58.0 干 0
127.575 127.795 56.0 你 0
127.795 128.236 58.0 的 0
128.236 128.678 53.0 泪 0
128.678 129.56 56.0 眼 1
130.325 130.766 61.0 梦 0
130.766 130.987 58.0 还 0
130.987 131.207 56.0 有 0
131.207 131.648 58.0 空 0
131.648 132.09 56.0 间 1
132.217 132.437 51.0 我 0
132.437 132.658 53.0 还 0
132.658 132.879 51.0 在 0
132.879 133.099 49.0 你 0
133.099 133.54 53.0 身 0
133.54 133.982 46.0 边 0
133.982 134.423 49.0 不 0
134.423 134.864 51.0 曾 0
135.305 135.747 56.0 走 0
135.747 136.629 51.0 远 1
137.017 137.238 44.0 把 0
137.238 137.459 46.0 爱 0
137.459 137.9 49.0 倒 0
137.9 138.341 49.0 进 0
138.341 138.782 49.0 你 0
138.782 139.223 51.0 的 0
139.223 139.665 53.0 心 0
139.665 140.106 49.0 里 0
140.106 140.547 49.0 面 1
140.982 141.424 61.0 陪 0
141.424 141.644 58.0 你 0
141.644 141.865 56.0 醉 0
141.865 142.306 58.0 一 0
142.306 142.747 53.0 千 0
142.747 143.63 56.0 年 1
143.633 144.074 53.0 醒 0
144.074 144.515 51.0 来 0
144.515 144.957 49.0 后 0
146.28 146.722 58.0 感 0
146.722 147.163 53.0 觉 0
147.163 147.383 53.0 一 0
147.383 148.045 56.0 如 0
148.045 148.707 53.0 从 0
148.707 149.81 51.0 前 1
151.546 151.988 58.0 我 0
151.988 152.429 58.0 和 0
152.429 152.871 58.0 你 0
153.091 153.312 56.0 和 0
153.312 153.754 60.0 命 0
153.754 154.195 56.0 运 0
154.195 154.416 53.0 之 0
154.416 155.078 56.0 间 1
155.186 155.407 58.0 注 0
155.407 155.848 58.0 定 0
155.848 156.069 56.0 了 0
156.069 156.51 58.0 不 0
156.51 156.952 58.0 能 0
156.952 157.393 56.0 改 0
157.393 158.276 53.0 变 1
158.721 159.162 58.0 我 0
159.162 159.604 58.0 的 0
159.604 160.266 58.0 情 0
160.266 160.487 56.0 感 0
160.487 160.928 60.0 热 0
160.928 161.369 56.0 且 0
161.369 161.59 53.0 危 0
161.59 162.252 56.0 险 1
162.252 162.473 58.0 多 0
162.473 162.694 61.0 看 0
162.694 162.915 61.0 你 0
162.915 163.135 58.0 一 0
163.135 163.577 61.0 眼 0
163.577 163.798 58.0 就 0
163.798 164.018 56.0 会 0
164.018 164.46 61.0 点 0
164.46 164.68 58.0 燃 0
164.68 164.901 56.0 我 0
164.901 165.343 58.0 心 0
165.343 165.784 61.0 中 1
165.784 166.005 63.0 无 0
166.005 166.226 63.0 法 0
166.226 166.446 63.0 扑 0
166.446 166.667 61.0 灭 0
166.667 167.109 63.0 的 0
167.109 167.55 63.0 火 0
167.55 167.991 63.0 焰 1
168.264 168.705 56.0 爱 0
168.705 169.145 58.0 得 0
169.145 169.586 61.0 越 0
169.586 170.027 61.0 深 0
170.027 170.468 58.0 越 0
170.468 170.909 58.0 浓 0
170.909 171.349 61.0 越 0
171.349 171.57 63.0 缠 0
171.57 172.231 65.0 绵 1
172.534 172.755 65.0 会 0
172.755 172.975 65.0 不 0
172.975 173.196 63.0 会 0
173.196 173.416 63.0 让 0
173.416 173.637 61.0 天 0
173.637 174.077 58.0 红 0
174.077 174.518 53.0 了 0
174.518 174.959 56.0 眼 1
175.459 175.9 56.0 爱 0
175.9 176.34 58.0 得 0
176.34 176.781 61.0 越 0
176.781 177.222 61.0 深 0
177.222 177.663 61.0 越 0
177.663 178.103 58.0 浓 0
178.103 178.544 61.0 越 0
178.544 178.764 63.0 缠 0
178.764 179.426 65.0 绵 1
179.771 179.992 65.0 不 0
179.992 180.212 63.0 问 0
180.212 180.432 63.0 有 0
180.432 180.653 61.0 没 0
180.653 181.093 63.0 有 0
181.093 181.534 65.0 明 0
181.534 181.975 63.0 天 1
182.395 182.835 56.0 爱 0
182.835 183.276 58.0 得 0
183.276 183.717 61.0 越 0
183.717 184.157 61.0 深 0
184.157 184.598 61.0 越 0
184.598 185.039 58.0 浓 0
185.039 185.48 61.0 越 0
185.48 185.7 63.0 缠 0
185.7 186.361 65.0 绵 1
186.553 186.774 65.0 再 0
186.774 186.994 65.0 多 0
186.994 187.215 63.0 给 0
187.215 187.435 63.0 我 0
187.435 187.655 61.0 一 0
187.655 188.096 58.0 点 0
188.096 188.537 53.0 时 0
188.537 188.977 56.0 间 1
189.403 189.85 56.0 爱 0
189.85 190.298 58.0 得 0
190.298 190.74 61.0 越 0
190.74 191.182 61.0 深 0
191.182 191.624 61.0 越 0
191.624 192.066 58.0 浓 0
192.066 192.508 61.0 越 0
192.508 192.729 63.0 缠 0
192.729 193.392 65.0 绵 1
193.966 194.408 63.0 能 0
194.408 194.629 63.0 不 0
194.629 194.85 61.0 能 0
194.85 195.292 63.0 再 0
195.292 195.734 65.0 见 0
195.734 196.618 63.0 你 0
197.059 197.501 65.0 这 0
197.501 197.943 63.0 最 0
197.943 199.269 61.0 后 0
200.153 200.816 63.0 一 0
200.816 201.037 58.0 - 0
201.037 204.166 61.0 面 1
204.218 204.829 56.0 爱 0
204.829 205.439 58.0 得 0
205.439 205.887 61.0 越 0
205.887 206.334 63.0 深 0
206.334 206.782 61.0 越 0
206.782 207.23 58.0 浓 0
207.23 207.677 61.0 越 0
207.677 207.901 63.0 缠 0
207.901 208.573 65.0 绵 1
208.649 208.873 65.0 会 0
208.873 209.099 65.0 不 0
209.099 209.324 63.0 会 0
209.324 209.55 63.0 让 0
209.55 209.775 61.0 天 0
209.775 210.226 58.0 红 0
210.226 210.677 53.0 了 0
210.677 211.124 56.0 眼 1
211.594 212.04 56.0 爱 0
212.04 212.487 58.0 得 0
212.487 212.934 61.0 越 0
212.934 213.38 61.0 深 0
213.38 213.827 61.0 越 0
213.827 214.274 58.0 浓 0
214.274 214.722 61.0 越 0
214.722 214.947 63.0 缠 0
214.947 215.62 65.0 绵 1
216.183 216.407 65.0 不 0
216.407 216.631 63.0 问 0
216.631 216.856 63.0 有 0
216.856 217.08 61.0 没 0
217.08 217.529 63.0 有 0
217.529 217.977 65.0 明 0
217.977 218.425 63.0 天 1
218.865 219.312 56.0 爱 0
219.312 219.76 58.0 得 0
219.76 220.208 61.0 越 0
220.208 220.655 61.0 深 0
220.655 221.103 61.0 越 0
221.103 221.551 58.0 浓 0
221.551 221.998 61.0 越 0
221.998 222.222 63.0 缠 0
222.222 222.894 65.0 绵 1
223.042 223.266 65.0 再 0
223.266 223.49 65.0 多 0
223.49 223.714 63.0 给 0
223.714 223.937 63.0 我 0
223.937 224.161 61.0 一 0
224.161 224.608 56.0 点 0
224.608 225.055 53.0 时 0
225.055 225.502 56.0 间 1
226.042 226.489 56.0 爱 0
226.489 226.936 58.0 得 0
226.936 227.383 61.0 越 0
227.383 227.831 61.0 深 0
227.831 228.278 58.0 越 0
228.278 228.725 58.0 浓 0
228.725 229.174 61.0 越 0
229.174 229.398 63.0 缠 0
229.398 230.071 65.0 绵 1
230.488 230.938 63.0 能 0
230.938 231.162 63.0 不 0
231.162 231.387 61.0 能 0
231.387 231.836 63.0 再 0
231.836 232.285 65.0 见 0
232.285 233.184 63.0 你 0
233.633 234.082 65.0 这 0
234.082 234.532 63.0 最 0
234.532 235.879 61.0 后 0
236.777 237.451 63.0 一 0
237.451 237.675 58.0 - 0
237.675 240.819 61.0 面 1
