23.486 23.818 56.0 都 0
23.818 24.151 63.0 说 0
24.151 24.484 63.0 爱 0
24.484 24.817 61.0 - 0
24.83 25.817 63.0 情 0
26.151 26.484 61.0 惹 0
26.484 26.817 63.0 - 0
26.817 27.151 54.0 人 0
27.151 27.484 58.0 - 0
27.497 28.484 56.0 醉 1
28.673 29.173 59.0 爱 0
29.173 29.34 59.0 - 0
29.34 29.673 59.0 到 0
29.673 30.007 56.0 浓 0
30.007 30.34 61.0 时 0
30.34 30.673 63.0 人 0
30.673 31.007 59.0 - 0
31.007 31.34 61.0 憔 0
31.34 32.34 63.0 - 0
32.34 33.34 63.0 悴 1
34.006 34.339 63.0 守 0
34.339 34.672 68.0 - 0
34.672 35.006 68.0 着 0
35.006 35.339 66.0 寂 0
35.339 36.672 68.0 - 0
36.672 37.006 61.0 寞 0
37.006 37.339 63.0 和 0
37.339 37.672 56.0 - 0
37.672 38.006 59.0 伤 0
38.006 39.006 61.0 - 1
39.489 39.989 61.0 但 0
39.989 40.156 61.0 愿 0
40.156 40.489 63.0 和 0
40.489 40.822 66.0 你 0
40.822 41.489 54.0 永 0
41.489 41.822 59.0 相 0
41.822 42.156 61.0 - 0
42.156 43.489 56.0 随 1
44.758 45.092 56.0 都 0
45.092 45.425 63.0 说 0
45.425 45.758 63.0 真 0
45.758 46.092 61.0 - 0
46.092 47.092 63.0 情 0
47.425 47.758 61.0 最 0
47.758 48.092 63.0 - 0
48.092 48.425 54.0 可 0
48.425 48.758 58.0 - 0
48.758 49.758 56.0 贵 1
50.092 50.592 59.0 情 0
50.592 50.758 59.0 到 0
50.758 51.092 59.0 深 0
51.092 51.425 56.0 处 0
51.425 51.758 61.0 心 0
51.758 52.092 63.0 - 0
52.092 52.425 59.0 不 0
52.425 52.758 61.0 - 0
52.758 53.758 63.0 悔 0
53.758 54.758 63.0 - 1
55.348 55.681 63.0 祈 0
55.681 56.015 68.0 求 0
56.015 56.348 68.0 上 0
56.348 56.681 66.0 - 0
56.681 58.015 68.0 天 0
58.015 58.681 63.0 来 0
58.681 59.015 56.0 作 0
59.015 59.348 59.0 - 0
59.348 60.348 61.0 美 1
60.702 61.202 61.0 今 0
61.202 61.369 61.0 - 0
61.369 61.702 63.0 生 0
61.702 62.036 66.0 今 0
62.036 62.702 54.0 世 0
62.702 63.036 59.0 相 0
63.036 63.369 59.0 依 0
63.369 65.036 56.0 - 1
66.16 66.66 68.0 梦 0
66.66 66.826 68.0 里 0
66.826 67.16 68.0 想 0
67.16 67.493 63.0 你 0
67.493 68.16 66.0 多 0
68.16 68.493 68.0 少 0
68.493 68.826 70.0 - 0
68.826 70.826 68.0 回 1
71.374 71.874 71.0 问 0
71.874 72.041 71.0 你 0
72.041 72.374 71.0 可 0
72.374 72.707 68.0 曾 0
72.707 73.374 66.0 有 0
73.374 73.707 68.0 体 0
73.707 74.041 66.0 - 0
74.041 76.041 63.0 会 1
76.751 77.251 68.0 穿 0
77.251 77.418 68.0 - 0
77.418 77.751 68.0 越 0
77.751 78.085 68.0 千 0
78.085 78.751 68.0 山 0
78.751 79.085 61.0 和 0
79.085 79.418 63.0 万 0
79.418 80.751 61.0 - 1
82.014 82.514 58.0 只 0
82.514 82.68 58.0 - 0
82.68 83.014 58.0 想 0
83.014 83.347 56.0 和 0
83.347 84.014 54.0 你 0
84.014 84.347 56.0 成 0
84.347 84.68 58.0 双 0
84.68 86.014 56.0 - 1
87.338 87.838 68.0 梦 0
87.838 88.005 68.0 - 0
88.005 88.338 68.0 里 0
88.338 88.671 63.0 念 0
88.671 89.338 66.0 你 0
89.338 89.671 68.0 多 0
89.671 90.005 70.0 少 0
90.005 92.005 68.0 - 1
92.646 93.146 71.0 尝 0
93.146 93.313 71.0 - 0
93.313 93.646 71.0 尽 0
93.646 93.98 68.0 相 0
93.98 94.647 66.0 思 0
94.647 94.98 68.0 的 0
94.98 95.313 66.0 滋 0
95.313 97.313 63.0 - 1
97.972 98.472 68.0 甘 0
98.472 98.639 68.0 - 0
98.639 98.972 68.0 心 0
98.972 99.305 68.0 情 0
99.305 99.889 68.0 愿 0
99.972 100.305 61.0 一 0
100.305 100.639 63.0 - 0
100.639 101.972 61.0 - 1
103.347 103.847 58.0 化 0
103.847 104.014 58.0 作 0
104.014 104.347 58.0 彩 0
104.347 104.681 56.0 蝶 0
104.681 105.347 54.0 比 0
105.347 105.681 56.0 翼 0
105.681 106.014 58.0 - 0
106.014 108.014 56.0 飞 1
130.003 130.336 56.0 都 0
130.336 130.67 63.0 说 0
130.67 131.003 63.0 爱 0
131.003 131.336 61.0 - 0
131.336 132.336 63.0 情 0
132.67 133.003 61.0 惹 0
133.003 133.336 63.0 - 0
133.336 133.67 54.0 人 0
133.67 134.003 58.0 - 0
134.003 135.003 56.0 醉 1
135.323 135.823 59.0 爱 0
135.823 135.99 59.0 - 0
135.99 136.323 59.0 到 0
136.323 136.657 56.0 浓 0
136.657 136.99 61.0 时 0
136.99 137.323 63.0 人 0
137.323 137.657 59.0 - 0
137.657 137.99 61.0 憔 0
137.99 138.99 63.0 - 0
138.99 139.99 63.0 悴 1
140.628 140.961 63.0 守 0
140.961 141.294 68.0 - 0
141.294 141.628 68.0 着 0
141.628 141.961 66.0 寂 0
141.961 143.294 68.0 - 0
143.294 143.961 63.0 寞 0
143.961 144.294 56.0 和 0
144.294 144.628 59.0 伤 0
144.628 145.628 61.0 - 1
146.125 146.625 61.0 但 0
146.625 146.792 61.0 愿 0
146.792 147.125 63.0 和 0
147.125 147.458 66.0 你 0
147.458 148.125 54.0 永 0
148.125 148.458 59.0 相 0
148.458 148.792 61.0 - 0
148.792 150.125 56.0 随 1
151.409 151.743 56.0 都 0
151.743 152.076 63.0 说 0
152.076 152.409 63.0 真 0
152.409 152.743 61.0 - 0
152.743 153.743 63.0 情 0
154.076 154.409 61.0 最 0
154.409 154.743 63.0 - 0
154.743 155.076 54.0 可 0
155.076 155.409 58.0 - 0
155.409 156.409 56.0 贵 1
156.645 157.145 59.0 情 0
157.145 157.311 59.0 - 0
157.311 157.645 59.0 到 0
157.645 157.978 56.0 深 0
157.978 158.311 61.0 处 0
158.311 158.645 63.0 心 0
158.645 158.978 59.0 - 0
158.978 159.311 61.0 不 0
159.311 160.311 63.0 - 0
160.311 161.311 63.0 悔 1
162.011 162.344 63.0 祈 0
162.344 162.678 68.0 求 0
162.678 163.011 68.0 上 0
163.011 163.344 66.0 - 0
163.344 164.594 68.0 天 0
164.594 165.344 63.0 来 0
165.344 165.678 56.0 作 0
165.678 166.011 59.0 - 0
166.011 167.011 61.0 美 1
167.452 167.952 61.0 今 0
167.952 168.119 61.0 生 0
168.119 168.452 63.0 今 0
168.452 168.786 66.0 世 0
168.786 169.452 54.0 相 0
169.452 169.786 59.0 依 0
169.786 170.119 59.0 - 0
170.119 171.786 56.0 偎 1
172.825 173.325 68.0 梦 0
173.325 173.491 68.0 里 0
173.491 173.825 68.0 想 0
173.825 174.158 63.0 你 0
174.158 174.825 66.0 多 0
174.825 175.158 68.0 少 0
175.158 175.491 70.0 - 0
175.491 177.491 68.0 回 1
178.019 178.519 71.0 问 0
178.519 178.686 71.0 - 0
178.686 179.019 71.0 你 0
179.019 179.352 68.0 可 0
179.352 180.019 66.0 曾 0
180.019 180.352 68.0 有 0
180.352 180.686 66.0 体 0
180.686 182.686 63.0 - 1
183.452 183.952 68.0 穿 0
183.952 184.119 68.0 越 0
184.119 184.452 68.0 千 0
184.452 184.786 68.0 山 0
184.786 185.452 68.0 和 0
185.452 185.786 61.0 万 0
185.786 186.119 63.0 - 0
186.119 187.452 61.0 水 1
188.71 189.21 58.0 只 0
189.21 189.376 58.0 - 0
189.376 189.71 58.0 想 0
189.71 190.043 56.0 和 0
190.043 190.71 54.0 你 0
190.71 191.043 56.0 成 0
191.043 191.376 58.0 双 0
191.376 192.71 56.0 - 1
194.016 194.516 68.0 梦 0
194.516 194.683 68.0 - 0
194.683 195.016 68.0 里 0
195.016 195.349 63.0 念 0
195.349 196.016 66.0 你 0
196.016 196.349 68.0 多 0
196.349 196.683 70.0 少 0
196.683 198.683 68.0 - 1
199.315 199.815 71.0 尝 0
199.815 199.982 71.0 - 0
199.982 200.315 71.0 尽 0
200.315 200.649 68.0 相 0
200.649 201.315 66.0 思 0
201.315 201.649 68.0 的 0
201.649 201.982 66.0 滋 0
201.982 203.982 63.0 - 1
204.748 205.248 68.0 甘 0
205.248 205.414 68.0 心 0
205.414 205.748 68.0 情 0
205.748 206.081 68.0 愿 0
206.081 206.748 68.0 爱 0
206.748 207.081 61.0 一 0
207.081 207.414 63.0 - 0
207.414 208.748 61.0 回 1
210.158 210.658 58.0 化 0
210.658 210.825 58.0 作 0
210.825 211.158 58.0 彩 0
211.158 211.491 56.0 蝶 0
211.491 212.158 54.0 比 0
212.158 212.491 56.0 翼 0
212.491 212.825 58.0 - 0
212.825 214.825 56.0 飞 1
215.312 215.812 68.0 甘 0
215.812 215.979 68.0 - 0
215.979 216.312 68.0 心 0
216.312 216.646 68.0 情 0
216.646 217.312 68.0 愿 0
217.312 217.646 61.0 爱 0
217.646 217.979 63.0 一 0
217.979 219.312 61.0 - 1
220.744 221.244 58.0 化 0
221.244 221.41 58.0 作 0
221.41 221.744 58.0 彩 0
221.744 222.077 56.0 蝶 0
222.077 222.744 54.0 比 0
223.41 224.077 56.0 翼 0
224.077 224.744 58.0 - 0
224.744 226.744 56.0 飞 1
