22.485 22.784 60.0 你 0
22.786 23.024 63.0 说 0
23.089 23.542 63.0 我 0
23.703 23.849 65.0 不 0
24.02 24.641 65.0 懂 0
24.725 25.038 65.0 浪 0
25.041 25.354 63.0 漫 0
25.356 25.591 58.0 情 0
25.672 27.328 60.0 怀 1
27.491 27.804 60.0 其 0
27.807 28.041 63.0 实 0
28.123 28.594 63.0 我 0
28.754 28.988 65.0 只 0
29.07 29.541 65.0 是 0
29.702 30.015 65.0 说 0
30.017 30.33 68.0 不 0
30.333 30.646 67.0 出 0
30.649 32.541 60.0 来 1
32.62 32.933 56.0 你 0
32.935 33.17 58.0 - 0
33.251 34.749 60.0 道 0
34.83 35.38 60.0 我 0
35.462 35.775 58.0 是 0
35.778 36.012 56.0 - 0
36.093 36.328 58.0 格 0
36.409 36.722 60.0 内 0
36.725 37.196 63.0 - 0
37.356 37.906 63.0 的 0
37.988 38.301 60.0 女 0
38.304 39.88 58.0 - 1
40.012 40.325 60.0 风 0
40.327 40.562 63.0 - 0
40.643 41.114 63.0 起 0
41.275 41.351 65.0 时 0
41.591 42.141 65.0 候 0
42.222 42.535 65.0 - 0
42.538 42.851 63.0 你 0
42.854 43.088 58.0 别 0
43.169 44.825 60.0 走 1
45.23 45.543 60.0 好 0
45.546 45.78 63.0 吧 0
45.862 46.096 63.0 为 0
46.178 46.333 65.0 你 0
46.493 46.728 65.0 - 0
46.809 47.28 65.0 我 0
47.441 47.754 65.0 努 0
47.757 48.07 68.0 力 0
48.072 48.385 67.0 去 0
48.388 50.28 60.0 改 1
50.287 50.6 56.0 如 0
50.603 50.837 58.0 果 0
50.918 51.547 60.0 需 0
51.866 52.179 60.0 要 1
52.517 52.752 60.0 我 0
52.833 53.146 60.0 可 0
53.149 53.462 58.0 以 0
53.465 53.699 56.0 试 0
53.781 54.015 58.0 着 0
54.096 54.409 60.0 主 0
54.412 54.883 63.0 动 0
55.044 55.357 63.0 追 0
55.359 55.594 60.0 - 0
55.675 55.988 60.0 过 0
55.991 60.567 65.0 来 1
60.886 61.199 70.0 其 0
61.201 61.673 72.0 - 0
61.833 61.988 72.0 实 0
62.149 62.699 72.0 我 0
62.78 63.33 65.0 - 0
63.412 63.962 65.0 很 0
64.044 64.286 63.0 在 0
64.286 64.594 60.0 乎 0
64.675 65.778 60.0 - 1
65.911 66.224 70.0 难 0
66.227 66.461 70.0 - 0
66.543 66.856 70.0 你 0
66.859 67.172 72.0 - 0
67.174 67.488 70.0 真 0
67.49 68.119 65.0 不 0
68.122 68.435 65.0 - 0
68.438 70.882 70.0 明 1
71.064 71.535 70.0 虽 0
71.696 71.772 72.0 然 0
72.011 72.167 72.0 我 0
72.327 72.561 72.0 表 0
72.643 72.956 70.0 达 0
72.959 73.272 68.0 - 0
73.274 73.588 70.0 不 0
73.59 73.903 68.0 了 0
73.906 74.14 65.0 太 0
74.222 74.535 65.0 多 0
74.538 74.772 63.0 - 0
74.853 76.035 60.0 爱 1
76.063 76.297 60.0 却 0
76.378 76.692 63.0 有 0
76.694 76.928 65.0 好 0
77.01 77.244 68.0 多 0
77.326 77.56 70.0 眼 0
77.642 77.955 72.0 泪 0
77.957 78.27 70.0 流 0
78.273 78.586 65.0 出 0
78.589 79.139 63.0 - 0
79.22 80.955 63.0 来 1
81.14 81.453 70.0 其 0
81.456 81.927 72.0 - 0
82.088 82.243 72.0 实 0
82.403 82.953 72.0 我 0
83.035 83.585 65.0 很 0
83.667 84.217 65.0 在 0
84.298 84.539 63.0 乎 0
84.539 84.848 60.0 - 0
84.93 86.032 60.0 你 1
86.2 86.513 70.0 风 0
86.516 86.75 70.0 - 0
86.831 87.145 70.0 中 0
87.147 87.46 72.0 飞 0
87.463 87.776 70.0 花 0
87.779 88.408 65.0 也 0
88.41 88.724 65.0 - 0
88.726 91.171 70.0 明 0
91.178 91.65 70.0 白 1
91.81 92.044 72.0 就 0
92.126 92.281 72.0 算 0
92.442 92.676 72.0 我 0
92.757 93.071 70.0 不 0
93.073 93.386 68.0 够 0
93.389 93.702 70.0 热 0
93.705 94.018 68.0 情 0
94.021 94.255 65.0 不 0
94.336 94.65 65.0 - 0
94.652 94.886 63.0 够 0
94.968 96.15 60.0 现 0
96.321 96.555 60.0 代 1
96.637 96.95 63.0 是 0
96.953 97.187 65.0 - 0
97.268 97.503 68.0 会 0
97.584 97.818 70.0 永 0
97.9 98.213 70.0 远 0
98.216 98.529 70.0 - 0
98.532 99.161 63.0 这 0
99.163 101.213 65.0 么 1
120.934 121.247 60.0 你 0
121.249 121.484 63.0 - 0
121.565 122.036 63.0 我 0
122.197 122.273 65.0 不 0
122.513 123.063 65.0 懂 0
123.144 123.457 65.0 浪 0
123.46 123.773 63.0 - 0
123.776 124.01 58.0 漫 0
124.092 125.747 60.0 怀 1
126.07 126.383 60.0 其 0
126.386 126.62 63.0 实 0
126.702 127.173 63.0 我 0
127.333 127.568 65.0 只 0
127.649 128.12 65.0 是 0
128.281 128.594 65.0 说 0
128.597 128.91 68.0 不 0
128.912 129.226 67.0 出 0
129.228 131.12 60.0 来 1
131.157 131.47 56.0 你 0
131.473 131.707 58.0 知 0
131.789 133.286 60.0 道 0
133.367 133.917 60.0 我 0
133.999 134.312 58.0 是 0
134.315 134.549 56.0 性 0
134.631 134.865 58.0 格 0
134.946 135.26 60.0 内 0
135.262 135.733 63.0 向 0
135.894 136.444 63.0 的 0
136.525 136.839 60.0 女 0
136.841 138.417 58.0 孩 1
138.552 138.865 60.0 风 0
138.868 139.102 63.0 - 0
139.183 139.655 63.0 的 0
139.815 139.891 65.0 时 0
140.131 140.681 65.0 候 0
140.762 141.076 65.0 你 0
141.078 141.391 63.0 - 0
141.394 141.628 58.0 别 0
141.71 143.365 60.0 开 1
143.79 144.103 60.0 好 0
144.105 144.34 63.0 吧 0
144.421 144.655 63.0 为 0
144.737 144.892 65.0 了 0
145.053 145.287 65.0 你 0
145.368 145.84 65.0 我 0
146.0 146.313 65.0 努 0
146.316 146.629 68.0 力 0
146.632 146.945 67.0 去 0
146.947 148.84 60.0 改 1
148.841 149.154 56.0 如 0
149.157 149.391 58.0 果 0
149.473 150.102 60.0 需 0
150.42 150.733 60.0 要 1
151.008 151.242 60.0 我 0
151.323 151.637 60.0 可 0
151.639 151.952 58.0 - 0
151.955 152.189 56.0 以 0
152.271 152.505 58.0 着 0
152.587 152.9 60.0 主 0
152.902 153.373 63.0 - 0
153.534 153.847 63.0 追 0
153.85 154.084 60.0 - 0
154.166 154.479 60.0 过 0
154.481 159.058 65.0 - 1
159.437 159.75 70.0 其 0
159.753 160.224 72.0 - 0
160.384 160.54 72.0 实 0
160.7 161.25 72.0 我 0
161.332 161.882 65.0 很 0
161.963 162.513 65.0 在 0
162.595 162.908 63.0 乎 0
162.911 163.145 60.0 - 0
163.226 164.329 60.0 你 1
164.63 164.943 70.0 难 0
164.945 165.18 70.0 道 0
165.261 165.574 70.0 你 0
165.577 165.89 72.0 真 0
165.893 166.206 70.0 不 0
166.209 166.838 65.0 - 0
166.84 167.153 65.0 明 0
167.156 169.601 70.0 白 1
169.665 170.136 70.0 虽 0
170.297 170.373 72.0 然 0
170.613 170.768 72.0 我 0
170.928 171.163 72.0 表 0
171.244 171.557 70.0 达 0
171.56 171.873 68.0 不 0
171.876 172.189 70.0 了 0
172.192 172.505 68.0 太 0
172.507 172.742 65.0 - 0
172.823 173.136 65.0 多 0
173.139 173.373 63.0 的 0
173.455 174.636 60.0 爱 1
174.727 174.961 60.0 却 0
175.043 175.356 63.0 有 0
175.358 175.593 65.0 好 0
175.674 175.908 68.0 多 0
175.99 176.224 70.0 眼 0
176.306 176.619 70.0 泪 0
176.622 176.935 70.0 流 0
176.937 177.252 65.0 出 0
177.258 177.803 63.0 - 0
177.885 179.619 63.0 来 1
179.779 180.092 70.0 其 0
180.094 180.565 72.0 - 0
180.726 180.881 72.0 实 0
181.042 181.592 72.0 我 0
181.673 182.223 65.0 很 0
182.305 182.855 65.0 在 0
182.936 183.25 63.0 乎 0
183.252 183.486 60.0 - 0
183.568 184.671 60.0 你 1
184.686 184.999 70.0 风 0
185.002 185.236 70.0 - 0
185.318 185.631 70.0 飞 0
185.634 185.947 72.0 - 0
185.949 186.262 70.0 花 0
186.265 186.894 65.0 也 0
186.897 187.21 65.0 - 0
187.212 189.657 70.0 明 1
189.784 190.255 70.0 就 0
190.415 190.65 72.0 算 0
190.731 190.886 72.0 我 0
191.047 191.281 72.0 不 0
191.363 191.676 70.0 够 0
191.679 191.992 68.0 - 0
191.994 192.307 70.0 热 0
192.31 192.623 68.0 情 0
192.626 192.86 65.0 不 0
192.942 193.255 65.0 够 0
193.257 193.492 63.0 - 0
193.573 194.755 60.0 代 1
194.911 195.146 60.0 可 0
195.227 195.54 63.0 是 0
195.543 195.777 65.0 - 0
195.859 196.093 68.0 会 0
196.175 196.409 70.0 永 0
196.49 196.804 70.0 远 0
196.806 197.119 70.0 - 0
197.122 197.751 63.0 这 0
197.754 199.804 65.0 么 0
199.814 200.127 70.0 乖 1
200.13 200.601 72.0 其 0
200.761 200.917 72.0 实 0
201.077 201.627 72.0 我 0
201.709 202.259 65.0 - 0
202.34 202.89 65.0 很 0
202.972 203.285 63.0 在 0
203.288 203.522 60.0 乎 0
203.604 204.706 60.0 - 1
204.929 205.242 70.0 难 0
205.244 205.479 70.0 道 0
205.56 205.873 70.0 你 0
205.876 206.189 72.0 真 0
206.192 206.505 70.0 不 0
206.508 207.137 65.0 - 0
207.139 207.452 65.0 明 0
207.455 209.9 70.0 白 1
210.085 210.556 70.0 虽 0
210.717 210.793 72.0 我 0
211.033 211.188 72.0 - 0
211.348 211.583 72.0 表 0
211.664 211.977 70.0 达 0
211.98 212.293 68.0 不 0
212.296 212.609 70.0 了 0
212.612 212.925 68.0 太 0
212.927 213.162 65.0 - 0
213.243 213.556 65.0 多 0
213.559 213.793 63.0 的 0
213.875 215.056 60.0 爱 1
215.106 215.34 60.0 却 0
215.422 215.735 63.0 有 0
215.738 215.972 65.0 - 0
216.053 216.288 68.0 多 0
216.369 216.603 70.0 眼 0
216.685 216.998 70.0 泪 0
217.001 217.314 70.0 - 0
217.316 217.63 65.0 流 0
217.632 218.182 63.0 出 0
218.264 219.998 63.0 来 0
220.038 220.351 70.0 - 1
220.353 220.824 72.0 其 0
220.985 221.14 72.0 实 0
221.301 221.851 72.0 我 0
221.932 222.482 65.0 - 0
222.564 223.114 65.0 很 0
223.195 223.509 63.0 在 0
223.511 223.745 60.0 乎 0
223.827 224.93 60.0 - 1
225.21 225.523 70.0 风 0
225.526 225.76 70.0 中 0
225.842 226.155 70.0 飞 0
226.158 226.471 72.0 花 0
226.473 226.787 70.0 也 0
226.789 227.418 65.0 - 0
227.421 227.734 65.0 明 0
227.737 230.181 70.0 白 1
230.27 230.741 70.0 就 0
230.901 231.136 72.0 算 0
231.217 231.372 72.0 我 0
231.533 231.767 72.0 不 0
231.849 232.162 70.0 够 0
232.165 232.478 68.0 热 0
232.48 232.794 70.0 情 0
232.796 233.109 68.0 不 0
233.112 233.346 65.0 - 0
233.428 233.741 65.0 够 0
233.744 233.978 63.0 现 0
234.059 235.241 60.0 代 1
235.338 235.573 60.0 可 0
235.654 235.967 63.0 是 0
235.97 236.204 65.0 我 0
236.286 236.52 68.0 会 0
236.602 236.836 70.0 永 0
236.917 237.231 70.0 远 0
237.233 237.546 70.0 这 0
237.549 238.178 63.0 么 0
238.181 240.231 65.0 乖 1
240.294 240.686 60.0 可 0
240.847 241.239 63.0 是 0
241.32 241.791 65.0 - 0
241.794 242.186 68.0 我 0
242.268 242.818 70.0 会 0
242.899 243.291 70.0 永 0
243.294 243.607 72.0 远 0
243.61 244.476 70.0 - 0
244.643 246.294 63.0 么 0
246.294 252.055 65.0 - 0
