22.569 23.547 69.0 夜 0
23.547 23.873 60.0 - 0
23.873 24.526 65.0 蒙 0
24.526 25.178 65.0 - 0
25.178 26.482 65.0 蒙 0
27.134 27.786 65.0 望 0
27.786 28.439 67.0 - 0
28.439 29.091 65.0 - 0
29.091 29.743 69.0 星 0
29.743 30.232 62.0 - 0
30.232 30.395 62.0 - 0
30.395 30.884 60.0 空 0
30.892 31.699 60.0 - 1
33.076 33.402 62.0 我 0
33.402 34.054 65.0 - 0
34.054 34.38 67.0 在 0
34.38 34.706 62.0 寻 0
34.706 35.032 64.0 - 0
35.032 35.684 60.0 找 0
35.684 36.173 65.0 一 0
36.173 36.662 65.0 - 0
36.662 36.988 67.0 颗 0
36.988 38.129 69.0 星 0
38.292 38.944 72.0 一 0
38.944 39.597 77.0 - 0
39.597 40.249 72.0 颗 0
40.249 40.901 72.0 - 0
40.901 42.857 67.0 星 1
43.366 43.855 69.0 它 0
43.855 44.018 69.0 是 0
44.018 44.344 69.0 那 0
44.344 44.67 60.0 么 0
44.67 45.322 62.0 明 0
45.322 45.975 67.0 - 0
45.975 47.931 65.0 亮 1
48.022 48.674 62.0 它 0
48.674 49.163 67.0 - 0
49.163 49.326 67.0 是 0
49.326 49.652 69.0 那 0
49.652 49.978 72.0 么 0
49.978 50.63 69.0 深 0
50.63 51.119 64.0 - 0
51.119 51.282 64.0 - 0
51.282 53.239 62.0 情 1
53.994 54.483 62.0 那 0
54.483 54.972 65.0 - 0
54.972 55.298 62.0 是 0
55.298 55.95 60.0 我 0
55.95 56.602 72.0 - 0
56.602 56.846 74.0 早 0
56.846 57.254 74.0 - 0
57.254 57.58 72.0 已 0
57.58 57.906 77.0 - 0
57.906 58.558 72.0 熟 0
58.558 58.884 69.0 悉 0
58.884 59.21 69.0 的 0
59.21 60.025 67.0 眼 0
60.188 61.166 69.0 - 0
61.166 61.818 62.0 - 0
61.818 63.774 65.0 睛 1
64.379 64.705 74.0 我 0
64.705 65.357 77.0 望 0
65.357 65.683 77.0 见 0
65.683 66.335 76.0 了 0
66.335 66.987 72.0 - 0
66.987 67.965 74.0 你 0
67.965 68.291 72.0 - 0
68.291 69.595 69.0 呀 1
69.616 69.942 72.0 你 0
69.942 70.268 72.0 可 0
70.268 70.594 74.0 - 0
70.594 70.92 72.0 - 0
70.92 71.246 72.0 望 0
71.246 71.572 69.0 - 0
71.572 71.898 69.0 见 0
71.898 72.224 67.0 了 0
72.224 74.099 67.0 我 1
74.857 75.183 69.0 天 0
75.183 75.509 69.0 遥 0
75.509 75.835 72.0 - 0
75.835 76.161 69.0 - 0
76.161 76.487 69.0 地 0
76.487 76.813 67.0 - 0
76.813 77.465 65.0 远 0
77.465 77.791 65.0 息 0
77.791 78.117 65.0 息 0
78.117 78.443 67.0 - 0
78.443 78.769 65.0 相 0
78.769 79.747 62.0 通 1
79.897 80.223 62.0 息 0
80.223 80.875 64.0 - 0
80.875 81.201 67.0 息 0
81.201 81.853 62.0 相 0
81.853 82.505 60.0 - 0
82.505 84.787 72.0 通 1
85.293 85.945 77.0 即 0
85.945 86.271 77.0 使 0
86.271 86.597 77.0 你 0
86.597 87.086 76.0 顾 0
87.086 87.249 76.0 不 0
87.249 87.575 74.0 上 0
87.575 87.901 72.0 - 0
87.901 88.227 72.0 看 0
88.227 88.553 74.0 - 0
88.553 88.879 74.0 我 0
88.879 89.204 74.0 一 0
89.204 90.182 69.0 眼 1
90.422 90.748 69.0 看 0
90.748 91.074 72.0 - 0
91.074 91.563 72.0 上 0
91.563 91.726 69.0 - 0
91.726 92.052 72.0 我 0
92.052 92.378 74.0 - 0
92.378 92.704 76.0 一 0
92.704 93.03 76.0 - 0
93.03 94.986 74.0 眼 1
95.612 95.938 69.0 我 0
95.938 96.59 72.0 - 0
96.59 96.916 69.0 也 0
96.916 97.242 67.0 理 0
97.242 97.568 69.0 - 0
97.568 97.894 72.0 解 0
97.894 98.219 74.0 - 0
98.219 98.708 69.0 你 0
98.708 99.197 65.0 - 0
99.197 99.523 67.0 - 0
99.523 99.849 67.0 呀 0
99.849 100.175 64.0 - 1
100.835 101.161 60.0 此 0
101.161 101.487 62.0 - 0
101.487 101.813 62.0 刻 0
101.813 102.139 65.0 的 0
102.139 102.628 60.0 心 0
102.628 103.117 60.0 - 0
103.117 103.443 62.0 - 0
103.443 105.398 65.0 情 1
126.902 127.88 69.0 夜 0
127.88 128.206 60.0 - 0
128.206 128.858 62.0 深 0
128.858 129.51 65.0 - 0
129.51 130.813 65.0 沉 0
131.465 132.117 65.0 - 0
132.117 132.524 67.0 难 0
132.524 133.095 65.0 - 0
133.095 133.421 67.0 - 0
133.421 134.072 72.0 入 0
134.072 134.561 62.0 - 0
134.561 134.724 62.0 - 0
134.724 136.435 60.0 梦 1
137.401 137.727 62.0 我 0
137.727 138.379 65.0 - 0
138.379 138.705 67.0 在 0
138.705 139.031 62.0 凝 0
139.031 139.357 65.0 - 0
139.357 140.008 60.0 望 0
140.008 140.497 65.0 那 0
140.497 140.986 65.0 - 0
140.986 141.312 67.0 颗 0
141.312 142.452 69.0 星 0
142.615 143.267 72.0 那 0
143.267 143.919 77.0 - 0
143.919 144.571 72.0 颗 0
144.571 145.222 69.0 - 0
145.222 147.178 67.0 星 1
147.793 148.282 69.0 它 0
148.282 148.445 69.0 是 0
148.445 148.771 69.0 那 0
148.771 149.097 60.0 么 0
149.097 149.749 62.0 灿 0
149.749 150.4 65.0 - 0
150.4 152.356 65.0 烂 0
152.356 153.007 65.0 - 1
153.03 153.519 67.0 它 0
153.519 153.682 67.0 是 0
153.682 154.008 69.0 那 0
154.008 154.334 72.0 么 0
154.334 154.986 69.0 晶 0
154.986 155.474 64.0 - 0
155.474 155.637 64.0 - 0
155.637 157.593 62.0 莹 1
158.215 158.541 62.0 那 0
158.541 159.193 65.0 - 0
159.193 159.519 62.0 是 0
159.519 160.17 60.0 我 0
160.17 160.822 72.0 - 0
160.822 161.148 74.0 敬 0
161.148 161.474 74.0 - 0
161.474 161.799 72.0 慕 0
161.799 162.125 77.0 的 0
162.125 162.777 72.0 一 0
162.777 163.103 69.0 颗 0
163.429 164.406 67.0 心 0
164.406 165.384 69.0 - 0
165.384 166.035 62.0 - 0
166.035 167.99 65.0 灵 1
168.588 169.077 74.0 我 0
169.077 169.566 77.0 思 0
169.566 169.892 77.0 念 0
169.892 170.545 76.0 着 0
170.545 171.197 72.0 - 0
171.197 172.175 74.0 你 0
172.175 172.501 72.0 - 0
172.501 173.805 69.0 呀 1
173.935 174.262 72.0 你 0
174.262 174.588 72.0 可 0
174.588 174.914 74.0 - 0
174.914 175.24 72.0 - 0
175.24 175.566 72.0 思 0
175.566 175.892 69.0 - 0
175.892 176.218 69.0 念 0
176.218 176.544 67.0 着 0
176.544 178.501 67.0 我 1
179.124 179.613 69.0 海 0
179.613 180.102 72.0 誓 0
180.102 180.428 69.0 - 0
180.428 180.754 69.0 山 0
180.754 181.08 67.0 - 0
181.08 181.733 65.0 盟 0
181.733 182.059 65.0 彼 0
182.059 182.385 65.0 此 0
182.385 182.711 67.0 - 0
182.711 183.037 65.0 忠 0
183.037 184.015 62.0 诚 1
184.338 184.664 62.0 彼 0
184.664 185.317 64.0 - 0
185.317 185.643 67.0 此 0
185.643 186.295 62.0 忠 0
186.295 186.947 60.0 - 0
186.947 189.23 72.0 诚 1
189.519 190.008 77.0 即 0
190.008 190.497 77.0 使 0
190.497 190.823 77.0 你 0
190.823 191.149 76.0 化 0
191.149 191.475 76.0 作 0
191.475 191.801 74.0 流 0
191.801 192.127 72.0 星 0
192.127 192.453 72.0 毅 0
192.453 192.78 74.0 然 0
192.78 193.106 74.0 - 0
193.106 193.432 74.0 离 0
193.432 194.41 69.0 去 1
194.719 195.208 69.0 毅 0
195.208 195.697 72.0 然 0
195.697 196.023 69.0 - 0
196.023 196.676 74.0 离 0
196.676 197.083 76.0 - 0
197.083 197.328 76.0 - 0
197.328 199.284 74.0 去 1
199.998 200.325 69.0 你 0
200.325 200.977 72.0 - 0
200.977 201.303 69.0 也 0
201.303 201.629 67.0 永 0
201.629 201.955 69.0 - 0
201.955 202.281 72.0 远 0
202.281 202.607 74.0 - 0
202.607 203.096 69.0 闪 0
203.096 203.259 67.0 - 0
203.259 203.585 65.0 耀 0
203.585 203.911 67.0 - 0
203.911 204.238 67.0 在 0
204.238 204.564 64.0 - 0
205.216 205.705 62.0 我 0
205.705 206.194 62.0 的 0
206.194 206.52 65.0 - 0
206.52 207.009 60.0 心 0
207.009 207.498 60.0 - 0
207.498 207.825 62.0 - 0
207.825 209.781 65.0 中 1
210.423 210.749 62.0 在 0
210.749 211.401 62.0 我 0
211.401 211.728 65.0 的 0
211.728 212.217 60.0 心 0
212.217 212.706 60.0 - 0
212.706 213.032 62.0 - 0
213.032 214.988 65.0 中 1
