35.332 35.593 54.0 当 0
35.593 35.984 59.0 月 0
35.984 36.637 59.0 光 0
37.158 37.419 56.0 洒 0
37.419 37.68 56.0 在 0
37.68 37.941 56.0 我 0
37.941 38.202 54.0 的 0
38.202 38.463 51.0 脸 0
38.463 39.245 54.0 上 1
39.279 39.54 49.0 我 0
39.54 39.801 49.0 想 0
39.801 40.062 44.0 我 0
40.062 40.584 47.0 就 0
40.584 40.845 44.0 快 0
40.845 41.103 54.0 变 0
41.105 41.366 54.0 了 0
41.366 41.627 49.0 模 0
41.627 42.41 51.0 样 1
44.116 44.377 49.0 有 0
44.377 44.638 49.0 一 0
44.638 44.898 49.0 种 0
44.898 45.159 49.0 叫 0
45.159 45.42 49.0 做 0
45.42 45.681 49.0 撕 0
45.681 45.942 49.0 心 0
45.942 46.203 51.0 裂 0
46.203 46.464 54.0 肺 0
46.464 46.725 51.0 的 0
46.725 47.507 54.0 汤 1
48.007 48.268 56.0 喝 0
48.268 48.529 56.0 了 0
48.529 48.79 56.0 它 0
48.79 49.05 59.0 有 0
49.05 49.311 56.0 神 0
49.311 49.572 56.0 奇 0
49.572 49.833 54.0 的 0
49.833 50.355 58.0 力 0
50.355 51.659 56.0 量 1
52.717 52.977 58.0 闭 0
52.977 53.238 59.0 上 0
53.238 53.89 59.0 眼 0
54.021 54.543 58.0 看 0
54.543 54.804 54.0 见 0
54.804 55.064 54.0 天 0
55.064 55.586 54.0 堂 1
55.987 56.248 51.0 那 0
56.248 56.509 49.0 是 0
56.509 56.77 47.0 藏 0
56.77 57.291 47.0 着 0
57.291 57.552 44.0 你 0
57.552 57.813 54.0 笑 0
57.813 58.074 54.0 的 0
58.074 58.335 49.0 地 0
58.335 59.633 51.0 方 1
60.861 61.121 47.0 我 0
61.121 61.382 49.0 躲 0
61.382 61.643 49.0 开 0
61.643 61.904 49.0 无 0
61.904 62.426 49.0 数 0
62.426 62.687 47.0 个 0
62.687 62.947 49.0 猎 0
62.947 63.208 54.0 人 0
63.208 63.469 51.0 的 0
63.469 64.278 54.0 枪 1
64.728 64.988 54.0 赶 0
64.988 65.249 56.0 走 0
65.249 65.51 56.0 坟 0
65.51 65.771 59.0 墓 0
65.771 66.032 58.0 爬 0
66.032 66.293 56.0 出 0
66.293 66.554 54.0 的 0
66.554 67.075 58.0 忧 0
67.075 68.119 56.0 伤 1
68.336 68.597 63.0 为 0
68.597 68.857 63.0 了 0
68.857 70.014 61.0 你 1
70.163 70.424 59.0 我 0
70.424 70.685 59.0 变 0
70.685 70.945 56.0 成 0
70.945 71.206 56.0 狼 0
71.206 71.467 58.0 人 0
71.467 71.728 58.0 模 0
71.728 72.1 58.0 样 1
72.661 72.922 63.0 为 0
72.922 73.182 63.0 了 0
73.182 74.226 61.0 你 1
74.328 74.589 61.0 染 0
74.589 74.849 66.0 上 0
74.849 75.11 68.0 了 0
75.11 75.371 66.0 疯 0
75.371 76.415 63.0 狂 1
76.694 76.954 61.0 为 0
76.954 77.215 63.0 了 0
77.215 78.389 61.0 你 1
78.687 78.948 59.0 穿 0
78.948 79.208 59.0 上 0
79.208 79.469 56.0 厚 0
79.469 79.73 56.0 厚 0
79.73 79.991 58.0 的 0
79.991 80.252 58.0 伪 0
80.252 80.774 58.0 装 1
80.994 81.255 61.0 为 0
81.255 81.516 63.0 了 0
81.516 82.44 61.0 你 1
82.786 83.046 56.0 换 0
83.046 83.307 56.0 了 0
83.307 83.568 56.0 心 0
83.568 84.357 56.0 肠 1
85.795 86.056 68.0 我 0
86.056 86.317 68.0 们 0
86.317 86.578 66.0 还 0
86.578 87.099 68.0 能 0
87.099 87.36 63.0 不 0
87.36 87.621 59.0 能 0
87.621 87.882 61.0 再 0
87.882 88.404 66.0 见 0
88.404 88.795 66.0 面 1
89.088 89.61 61.0 我 0
89.61 89.871 63.0 在 0
89.871 90.132 66.0 佛 0
90.132 90.393 66.0 前 0
90.393 90.654 66.0 苦 0
90.654 90.915 66.0 苦 0
90.915 91.436 66.0 求 0
91.436 91.697 63.0 了 0
91.697 91.958 61.0 - 0
91.958 92.219 61.0 几 0
92.219 92.741 63.0 千 0
92.741 93.132 63.0 年 1
93.219 93.48 61.0 愿 0
93.48 93.741 61.0 意 0
93.741 94.002 59.0 用 0
94.002 94.263 56.0 几 0
94.263 94.524 59.0 世 0
94.785 95.045 59.0 换 0
95.306 95.567 56.0 我 0
95.828 96.089 54.0 们 0
96.089 96.35 66.0 一 0
96.35 96.611 66.0 世 0
96.611 96.872 68.0 情 0
96.872 97.393 63.0 缘 1
97.468 97.729 61.0 希 0
97.729 97.99 61.0 望 0
97.99 98.251 59.0 可 0
98.251 98.773 59.0 以 0
98.773 99.033 59.0 感 0
99.033 99.686 59.0 动 0
100.077 100.338 66.0 上 0
100.338 101.388 66.0 天 1
101.613 101.874 66.0 我 0
101.874 102.135 68.0 们 0
102.135 102.396 66.0 还 0
102.396 102.918 68.0 能 0
102.918 103.178 63.0 不 0
103.178 103.439 63.0 能 0
103.439 103.831 63.0 能 0
103.831 104.222 61.0 不 0
104.222 104.483 59.0 能 0
104.483 104.744 61.0 再 0
104.744 105.265 66.0 见 0
105.265 105.657 66.0 面 1
105.706 106.228 61.0 我 0
106.228 106.489 63.0 在 0
106.489 106.75 66.0 佛 0
106.75 107.01 66.0 前 0
107.01 107.271 66.0 苦 0
107.271 107.532 66.0 苦 0
107.532 108.054 66.0 求 0
108.054 108.315 63.0 了 0
108.315 108.576 61.0 - 0
108.576 108.837 61.0 几 0
108.837 109.358 63.0 千 0
109.358 109.75 63.0 年 1
109.947 110.208 63.0 当 0
110.208 110.469 61.0 我 0
110.469 110.73 59.0 在 0
110.73 110.99 56.0 踏 0
110.99 111.251 59.0 过 0
111.251 111.512 59.0 这 0
111.512 111.773 59.0 条 0
111.773 112.164 59.0 奈 0
112.164 112.556 56.0 河 0
112.556 112.817 54.0 - 0
112.817 113.338 66.0 桥 0
113.338 113.599 68.0 之 0
113.599 114.121 63.0 前 1
114.144 114.405 63.0 让 0
114.405 114.666 61.0 我 0
114.666 114.927 59.0 再 0
114.927 115.448 59.0 吻 0
115.448 115.709 59.0 一 0
115.709 115.97 59.0 吻 0
115.97 116.492 58.0 你 0
116.492 116.753 59.0 的 0
116.753 118.579 56.0 脸 1
152.966 153.227 59.0 闭 0
153.227 153.488 59.0 上 0
153.488 154.14 59.0 眼 0
154.27 154.792 58.0 看 0
154.792 155.053 54.0 见 0
155.053 155.314 56.0 天 0
155.314 155.836 54.0 堂 1
156.033 156.294 49.0 那 0
156.294 156.555 49.0 是 0
156.555 156.816 44.0 藏 0
156.816 157.338 47.0 着 0
157.338 157.599 44.0 你 0
157.599 157.86 56.0 笑 0
157.86 158.12 54.0 的 0
158.12 158.512 49.0 地 0
158.512 159.81 51.0 方 1
160.982 161.243 49.0 我 0
161.243 161.504 49.0 躲 0
161.504 161.765 49.0 开 0
161.765 162.025 47.0 无 0
162.025 162.547 49.0 数 0
162.547 162.808 47.0 个 0
162.808 163.069 51.0 猎 0
163.069 163.33 54.0 人 0
163.33 163.591 51.0 的 0
163.591 164.399 54.0 枪 1
164.883 165.144 56.0 赶 0
165.144 165.405 56.0 走 0
165.405 165.666 56.0 坟 0
165.666 165.926 59.0 墓 0
165.926 166.187 56.0 爬 0
166.187 166.448 56.0 出 0
166.448 166.709 54.0 的 0
166.709 167.231 58.0 忧 0
167.231 168.274 56.0 伤 1
168.544 168.805 61.0 为 0
168.805 169.066 63.0 了 0
169.066 170.222 61.0 你 1
170.336 170.597 58.0 我 0
170.597 170.858 59.0 变 0
170.858 171.119 56.0 成 0
171.119 171.38 58.0 狼 0
171.38 171.641 58.0 人 0
171.641 171.901 58.0 模 0
171.901 172.273 58.0 样 1
172.693 172.954 63.0 为 0
172.954 173.215 63.0 了 0
173.215 174.258 61.0 你 1
174.692 174.953 61.0 染 0
174.953 175.214 66.0 上 0
175.214 175.475 68.0 了 0
175.475 175.866 66.0 疯 0
175.997 176.257 61.0 狂 0
176.257 176.779 63.0 - 1
177.003 177.264 63.0 为 0
177.264 177.525 63.0 了 0
177.525 178.699 61.0 你 1
178.757 179.018 58.0 穿 0
179.018 179.279 59.0 上 0
179.279 179.54 56.0 厚 0
179.54 179.801 58.0 厚 0
179.801 180.061 58.0 的 0
180.061 180.322 58.0 伪 0
180.322 180.844 58.0 装 1
181.054 181.315 63.0 为 0
181.315 181.576 63.0 了 0
181.576 182.5 61.0 你 1
183.007 183.268 59.0 换 0
183.268 183.529 56.0 了 0
183.529 183.79 59.0 心 0
183.79 184.579 56.0 肠 1
186.052 186.313 66.0 我 0
186.313 186.574 68.0 们 0
186.574 186.835 66.0 还 0
186.835 187.357 68.0 能 0
187.357 187.618 63.0 不 0
187.618 187.879 59.0 能 0
187.879 188.139 61.0 再 0
188.139 188.661 66.0 见 0
188.661 189.052 66.0 面 1
189.202 189.724 61.0 我 0
189.724 189.984 63.0 在 0
189.984 190.245 63.0 佛 0
190.245 190.506 66.0 前 0
190.506 190.767 66.0 苦 0
190.767 191.028 66.0 苦 0
191.028 191.55 66.0 求 0
191.55 191.811 63.0 了 0
191.811 192.071 61.0 - 0
192.071 192.332 61.0 几 0
192.332 192.854 63.0 千 0
192.854 193.245 63.0 年 1
193.457 193.718 63.0 愿 0
193.718 193.979 61.0 意 0
193.979 194.239 59.0 用 0
194.239 194.5 56.0 几 0
194.5 194.761 59.0 世 0
195.022 195.283 59.0 换 0
195.283 195.544 56.0 - 0
195.544 195.805 56.0 我 0
195.805 196.065 54.0 - 0
196.065 196.326 54.0 们 0
196.326 196.587 63.0 一 0
196.587 196.848 66.0 世 0
196.848 197.109 66.0 情 0
197.109 197.631 63.0 缘 1
197.645 197.906 63.0 希 0
197.906 198.166 61.0 望 0
198.166 198.427 59.0 可 0
198.427 198.949 59.0 以 0
198.949 199.21 59.0 感 0
199.21 199.862 59.0 动 0
200.253 200.514 63.0 上 0
200.514 201.564 66.0 天 1
201.696 201.956 66.0 我 0
201.956 202.217 68.0 们 0
202.217 202.478 66.0 还 0
202.478 203.0 68.0 能 0
203.0 203.261 63.0 不 0
203.261 203.522 63.0 能 0
203.522 203.913 63.0 能 0
203.913 204.304 61.0 不 0
204.304 204.565 59.0 能 0
204.565 204.826 61.0 再 0
204.826 205.348 66.0 见 0
205.348 205.739 66.0 面 1
205.95 206.471 61.0 我 0
206.471 206.732 63.0 在 0
206.732 206.993 63.0 佛 0
206.993 207.254 66.0 前 0
207.254 207.515 66.0 苦 0
207.515 207.776 66.0 苦 0
207.776 208.297 66.0 求 0
208.297 208.558 63.0 了 0
208.558 208.819 61.0 - 0
208.819 209.08 61.0 几 0
209.08 209.602 63.0 千 0
209.602 209.993 63.0 年 1
210.051 210.312 61.0 当 0
210.312 210.573 61.0 我 0
210.573 210.834 59.0 在 0
210.834 211.095 59.0 踏 0
211.095 211.356 59.0 过 0
211.356 211.617 59.0 这 0
211.617 211.878 59.0 条 0
211.878 212.269 59.0 奈 0
212.269 212.66 56.0 河 0
212.66 212.921 54.0 - 0
212.921 213.443 66.0 桥 0
213.443 213.704 68.0 之 0
213.704 214.225 63.0 前 1
214.263 214.524 61.0 让 0
214.524 214.785 61.0 我 0
214.785 215.046 59.0 再 0
215.046 215.568 59.0 吻 0
215.568 215.829 59.0 一 0
215.829 216.089 59.0 吻 0
216.089 216.611 58.0 你 0
216.611 216.872 59.0 的 0
216.872 218.698 56.0 脸 1
219.462 219.723 68.0 我 0
219.723 219.983 68.0 们 0
219.983 220.244 66.0 还 0
220.244 220.766 68.0 能 0
220.766 221.027 63.0 不 0
221.027 221.288 59.0 能 0
221.288 221.549 61.0 再 0
221.549 222.07 66.0 见 0
222.07 222.462 66.0 面 1
222.515 223.037 61.0 我 0
223.037 223.298 63.0 在 0
223.298 223.559 66.0 佛 0
223.559 223.82 66.0 前 0
223.82 224.08 66.0 苦 0
224.08 224.341 66.0 苦 0
224.341 224.863 66.0 求 0
224.863 225.124 63.0 了 0
225.124 225.385 61.0 - 0
225.385 225.646 61.0 几 0
225.646 226.167 63.0 千 0
226.167 226.559 63.0 年 1
226.843 227.104 61.0 愿 0
227.104 227.365 61.0 意 0
227.365 227.626 59.0 用 0
227.626 227.887 56.0 几 0
227.887 228.147 59.0 世 0
228.408 228.669 59.0 换 0
228.669 228.93 56.0 - 0
228.93 229.191 56.0 我 0
229.191 229.452 54.0 - 0
229.452 229.713 54.0 们 0
229.713 229.974 66.0 一 0
229.974 230.234 66.0 世 0
230.234 230.495 66.0 情 0
230.495 231.017 63.0 缘 1
231.033 231.294 63.0 希 0
231.294 231.555 61.0 望 0
231.555 231.816 59.0 可 0
231.816 232.337 59.0 以 0
232.337 232.598 59.0 感 0
232.598 233.25 59.0 动 0
233.642 233.903 66.0 上 0
233.903 234.953 66.0 天 1
235.152 235.413 68.0 我 0
235.413 235.674 68.0 们 0
235.674 235.935 66.0 还 0
235.935 236.456 68.0 能 0
236.456 236.717 63.0 不 0
236.717 236.978 63.0 能 0
236.978 237.369 63.0 能 0
237.369 237.761 61.0 不 0
237.761 238.021 59.0 能 0
238.021 238.282 61.0 再 0
238.282 238.804 66.0 见 0
238.804 239.195 66.0 面 1
239.372 239.894 61.0 我 0
239.894 240.154 63.0 在 0
240.154 240.415 63.0 佛 0
240.415 240.676 66.0 前 0
240.676 240.937 66.0 苦 0
240.937 241.198 66.0 苦 0
241.198 241.72 66.0 求 0
241.72 241.981 63.0 了 0
241.981 242.241 61.0 - 0
242.241 242.502 61.0 几 0
242.502 243.024 63.0 千 0
243.024 243.415 63.0 年 1
243.456 243.717 63.0 当 0
243.717 243.977 61.0 我 0
243.977 244.238 59.0 在 0
244.238 244.499 56.0 踏 0
244.499 244.76 59.0 过 0
244.76 245.021 59.0 这 0
245.021 245.282 59.0 条 0
245.282 245.673 59.0 奈 0
245.673 246.064 56.0 河 0
246.064 246.325 54.0 - 0
246.325 246.847 66.0 桥 0
246.847 247.108 68.0 之 0
247.108 247.63 63.0 前 1
247.7 247.961 63.0 让 0
247.961 248.221 61.0 我 0
248.221 248.482 59.0 再 0
248.482 249.004 59.0 吻 0
249.004 249.265 59.0 一 0
249.265 249.526 59.0 吻 0
249.526 250.047 58.0 你 0
250.047 250.308 59.0 的 0
250.308 251.743 56.0 脸 1
251.806 252.066 61.0 让 0
252.066 252.327 61.0 我 0
252.327 252.588 59.0 再 0
252.588 253.134 59.0 吻 0
253.134 253.406 59.0 一 0
253.406 253.679 59.0 吻 0
253.679 253.952 56.0 你 0
253.952 254.225 58.0 - 0
254.225 254.497 59.0 的 0
254.497 255.861 56.0 脸 1
256.057 256.33 61.0 让 0
256.33 256.603 61.0 我 0
256.603 256.875 59.0 再 0
256.875 257.421 59.0 吻 0
257.421 257.694 59.0 一 0
257.694 258.103 59.0 吻 0
258.103 258.375 56.0 你 0
258.375 258.921 58.0 - 0
258.921 259.739 59.0 的 0
260.557 263.557 56.0 脸 1
