35.459 35.836 66.0 爱 0
35.967 36.217 66.0 已 0
36.476 36.726 66.0 不 0
36.73 37.107 64.0 能 0
37.239 37.997 66.0 动 1
38.312 38.689 66.0 还 0
38.693 38.943 62.0 - 0
38.947 39.197 64.0 有 0
39.201 39.451 66.0 什 0
39.456 39.96 64.0 么 0
39.964 40.723 64.0 值 1
40.887 41.137 62.0 我 0
41.141 41.773 62.0 - 0
41.777 43.298 59.0 心 1
43.528 43.906 64.0 想 0
44.037 44.414 64.0 你 0
44.545 44.795 64.0 的 0
44.8 45.177 62.0 天 0
45.308 46.067 64.0 空 1
46.601 46.851 69.0 下 0
47.11 47.36 66.0 起 0
47.364 47.741 64.0 - 0
47.872 50.029 66.0 来 1
51.161 51.411 62.0 没 0
51.415 51.665 64.0 - 0
51.669 52.046 66.0 人 0
52.178 52.682 66.0 疼 0
52.94 53.063 66.0 的 0
53.194 53.444 69.0 黑 0
53.449 53.699 69.0 - 0
53.703 54.716 69.0 - 1
55.275 55.398 69.0 脸 0
55.53 55.652 69.0 颊 0
55.784 56.034 69.0 两 0
56.038 56.161 62.0 行 0
56.292 56.542 62.0 咸 0
56.547 56.924 62.0 咸 0
57.055 57.305 62.0 的 0
57.309 57.813 69.0 泪 0
57.818 58.958 66.0 水 1
59.163 59.54 64.0 是 0
59.544 60.811 62.0 - 1
61.164 61.922 65.0 哦 0
61.927 62.177 64.0 是 0
62.181 63.066 62.0 你 1
63.398 63.648 59.0 让 0
63.652 63.902 57.0 我 0
63.906 64.156 67.0 望 0
64.161 64.284 69.0 穿 0
64.415 64.538 69.0 泪 0
64.669 64.919 69.0 水 0
64.923 65.173 71.0 肝 0
65.178 65.428 69.0 肠 0
65.432 65.682 66.0 寸 0
65.686 68.606 69.0 断 1
69.151 69.401 69.0 你 0
69.406 69.656 71.0 - 0
69.66 69.91 69.0 怎 0
69.914 70.673 66.0 么 0
70.677 71.435 69.0 舍 0
71.44 71.817 66.0 得 0
71.948 72.452 64.0 我 0
72.456 72.706 66.0 - 0
72.711 73.215 64.0 的 0
73.219 73.596 66.0 泪 0
73.728 73.978 69.0 向 0
73.982 76.139 62.0 - 1
77.083 77.46 66.0 付 0
77.464 77.841 64.0 出 0
77.845 78.095 62.0 的 0
78.1 78.604 59.0 感 0
78.608 79.367 62.0 情 0
79.498 79.875 64.0 永 0
79.879 80.511 57.0 远 1
81.076 81.58 66.0 找 0
81.584 81.834 69.0 - 0
81.838 82.343 66.0 不 0
82.347 82.597 64.0 回 0
82.601 84.885 64.0 - 1
85.574 85.824 69.0 你 0
85.828 86.078 71.0 怎 0
86.082 86.332 69.0 么 0
86.336 87.095 66.0 舍 0
87.099 87.857 69.0 得 0
87.862 88.366 71.0 让 0
88.37 88.874 64.0 我 0
88.879 89.129 66.0 的 0
89.133 89.637 64.0 爱 0
89.641 90.019 66.0 流 0
90.15 90.4 69.0 向 0
90.404 92.688 62.0 海 1
93.315 93.692 66.0 伤 0
93.696 94.073 64.0 心 0
94.078 94.328 62.0 的 0
94.332 94.709 59.0 往 0
94.84 95.345 62.0 事 0
95.349 95.599 62.0 一 0
95.603 95.853 62.0 幕 0
95.857 96.107 64.0 - 0
96.112 96.743 57.0 幕 1
97.46 97.964 66.0 就 0
97.968 98.218 69.0 - 0
98.222 98.472 64.0 像 0
98.477 98.727 66.0 潮 0
98.731 98.981 64.0 - 0
98.985 101.015 64.0 - 1
101.466 101.843 66.0 将 0
101.847 102.351 69.0 我 0
102.482 102.732 62.0 掩 0
102.737 103.114 62.0 - 0
103.245 106.038 62.0 埋 1
122.87 123.248 66.0 爱 0
123.379 123.629 66.0 已 0
123.887 124.137 66.0 不 0
124.142 124.519 64.0 能 0
124.65 125.409 66.0 动 1
125.957 126.207 66.0 还 0
126.212 126.462 62.0 有 0
126.466 126.716 64.0 什 0
126.72 126.97 66.0 么 0
126.974 127.478 64.0 值 0
127.483 128.241 64.0 得 1
128.243 128.493 62.0 我 0
128.624 129.128 62.0 心 0
129.132 130.654 59.0 - 1
130.909 131.286 64.0 想 0
131.418 131.795 64.0 你 0
131.926 132.176 64.0 的 0
132.18 132.557 62.0 - 0
132.689 133.447 64.0 空 1
134.049 134.299 69.0 下 0
134.557 134.807 66.0 起 0
134.812 135.189 64.0 雨 0
135.32 137.477 66.0 来 1
138.587 138.837 62.0 没 0
138.841 139.091 64.0 - 0
139.096 139.473 66.0 人 0
139.604 140.108 66.0 疼 0
140.367 140.49 66.0 的 0
140.621 140.871 69.0 黑 0
140.875 141.125 69.0 - 0
141.13 142.142 69.0 - 1
142.619 142.742 69.0 脸 0
142.873 142.996 69.0 颊 0
143.127 143.377 69.0 两 0
143.382 143.505 62.0 - 0
143.636 143.886 62.0 咸 0
143.89 144.267 62.0 - 0
144.399 144.649 62.0 的 0
144.653 145.157 69.0 - 0
145.161 146.301 66.0 泪 1
146.711 147.088 64.0 是 0
147.092 148.359 62.0 你 1
148.56 149.319 65.0 哦 0
149.323 149.573 64.0 是 0
149.577 149.827 64.0 - 0
149.832 150.717 62.0 你 1
150.849 151.099 59.0 让 0
151.103 151.353 57.0 - 0
151.357 151.607 67.0 我 0
151.611 151.734 69.0 望 0
151.866 151.988 69.0 泪 0
152.12 152.37 69.0 水 0
152.374 152.624 71.0 - 0
152.628 152.878 69.0 肝 0
152.882 153.132 66.0 肠 0
153.137 156.056 69.0 寸 1
156.76 157.01 69.0 你 0
157.014 157.264 71.0 怎 0
157.268 157.518 69.0 么 0
157.523 158.281 66.0 舍 0
158.285 159.044 69.0 得 0
159.048 159.425 64.0 让 0
159.557 160.061 64.0 我 0
160.065 160.315 66.0 的 0
160.319 160.824 64.0 泪 0
160.828 161.205 66.0 流 0
161.336 161.586 69.0 向 0
161.591 163.747 62.0 海 1
164.535 164.912 66.0 付 0
164.917 165.294 64.0 出 0
165.298 165.548 62.0 的 0
165.552 166.057 59.0 感 0
166.061 166.819 62.0 情 0
166.824 167.201 64.0 永 0
167.332 167.963 57.0 远 1
168.65 169.154 66.0 找 0
169.159 169.409 69.0 - 0
169.413 169.917 66.0 不 0
169.921 170.171 64.0 回 0
170.176 172.459 64.0 - 1
173.03 173.28 69.0 你 0
173.284 173.534 71.0 怎 0
173.539 173.789 69.0 么 0
173.793 174.551 66.0 舍 0
174.556 175.314 69.0 得 0
175.318 175.823 71.0 让 0
175.827 176.331 64.0 我 0
176.335 176.585 66.0 的 0
176.59 177.094 64.0 爱 0
177.098 177.475 66.0 流 0
177.606 177.856 69.0 向 0
177.861 180.145 62.0 海 1
180.918 181.295 66.0 伤 0
181.299 181.676 64.0 心 0
181.68 181.93 62.0 的 0
181.935 182.312 59.0 往 0
182.443 182.947 62.0 事 0
182.951 183.201 62.0 一 0
183.206 183.456 62.0 幕 0
183.46 183.71 64.0 - 0
183.714 184.346 57.0 幕 1
184.81 185.315 66.0 就 0
185.319 185.569 69.0 - 0
185.573 185.823 64.0 像 0
185.827 186.077 66.0 潮 0
186.082 186.332 64.0 - 0
186.336 188.365 64.0 - 1
188.97 189.347 66.0 将 0
189.352 189.856 69.0 我 0
189.987 190.237 62.0 掩 0
190.241 190.618 62.0 - 0
190.75 193.542 62.0 埋 1
194.49 194.867 61.0 闭 0
194.999 195.376 61.0 - 0
195.507 195.63 69.0 上 0
195.762 196.266 69.0 了 0
196.27 196.393 61.0 双 0
196.397 197.156 61.0 - 0
197.287 197.537 61.0 眼 0
197.541 197.791 62.0 还 0
197.795 197.918 64.0 看 0
198.05 198.427 64.0 见 0
198.558 199.062 62.0 和 0
199.067 199.317 62.0 你 0
199.321 199.698 64.0 的 0
199.829 201.351 62.0 缠 1
202.674 203.051 61.0 眼 0
203.182 203.56 61.0 角 0
203.691 203.814 69.0 的 0
203.945 204.449 69.0 泪 0
204.454 205.212 61.0 水 1
205.395 205.645 61.0 洗 0
205.649 205.899 59.0 不 0
205.903 206.153 57.0 去 0
206.157 206.662 59.0 心 0
206.666 207.678 62.0 中 1
208.875 209.125 64.0 一 0
209.129 209.379 66.0 遍 0
209.383 209.76 66.0 一 0
209.764 210.142 64.0 遍 0
210.146 210.332 62.0 的 0
210.4 210.841 71.0 誓 0
210.845 214.654 69.0 言 1
217.768 218.018 70.0 你 0
218.022 218.272 72.0 - 0
218.276 218.526 70.0 怎 0
218.531 219.289 67.0 么 0
219.293 220.052 70.0 舍 0
220.056 220.433 65.0 得 0
220.565 221.069 65.0 我 0
221.073 221.323 67.0 - 0
221.327 221.832 65.0 的 0
221.836 222.213 67.0 泪 0
222.344 222.594 70.0 向 0
222.598 224.755 63.0 - 1
225.617 225.994 67.0 付 0
225.999 226.376 65.0 出 0
226.38 226.63 63.0 的 0
226.634 227.329 60.0 感 0
227.333 227.901 63.0 情 0
227.905 228.283 65.0 永 0
228.414 229.045 58.0 远 1
229.606 230.11 67.0 找 0
230.115 230.365 70.0 - 0
230.369 230.682 67.0 不 0
230.687 230.937 67.0 回 0
230.941 231.127 65.0 - 0
231.195 233.479 65.0 - 1
234.029 234.279 70.0 你 0
234.283 234.533 72.0 怎 0
234.538 234.788 70.0 么 0
234.792 235.55 67.0 舍 0
235.555 236.313 70.0 得 0
236.317 236.822 72.0 让 0
236.826 237.33 65.0 我 0
237.334 237.584 67.0 的 0
237.588 238.093 65.0 爱 0
238.097 238.474 67.0 流 0
238.605 238.855 70.0 向 0
238.86 241.144 63.0 海 1
241.928 242.369 67.0 伤 0
242.373 242.687 65.0 心 0
242.691 242.941 63.0 的 0
242.945 243.323 60.0 往 0
243.454 243.958 63.0 事 0
243.962 244.212 63.0 一 0
244.217 244.467 63.0 幕 0
244.471 244.721 65.0 - 0
244.725 245.356 58.0 幕 1
245.892 246.397 67.0 就 0
246.401 246.651 70.0 - 0
246.655 247.159 67.0 像 0
247.163 247.413 65.0 潮 0
247.418 249.447 65.0 - 1
250.037 250.414 67.0 将 0
250.482 250.986 70.0 我 0
251.118 251.368 65.0 掩 0
251.372 251.876 63.0 - 0
251.944 254.736 63.0 埋 1
