19.998 20.263 58.0 爱 0
20.263 20.529 61.0 上 0
20.533 20.794 66.0 不 0
20.794 21.06 65.0 回 0
21.06 21.325 63.0 家 0
21.325 21.59 61.0 的 0
21.59 22.387 63.0 人 0
22.387 23.449 63.0 - 1
24.238 24.504 58.0 爱 0
24.504 24.769 61.0 上 0
24.774 25.035 66.0 他 0
25.035 25.3 65.0 枕 0
25.3 25.566 63.0 边 0
25.566 25.831 61.0 余 0
25.836 26.628 58.0 温 0
26.628 27.69 58.0 - 1
28.338 28.604 68.0 爱 0
28.604 28.869 70.0 上 0
28.869 29.135 68.0 太 0
29.135 29.4 68.0 浪 0
29.4 29.798 68.0 漫 0
29.798 29.931 66.0 的 0
29.935 30.728 68.0 人 0
30.728 31.789 68.0 - 1
32.59 32.855 58.0 只 0
32.855 33.121 61.0 能 0
33.125 33.386 66.0 怪 0
33.386 33.652 65.0 他 0
33.652 33.917 63.0 太 0
33.917 34.448 61.0 多 0
34.453 36.307 63.0 情 1
36.936 37.201 58.0 爱 0
37.201 37.467 61.0 上 0
37.471 37.732 66.0 这 0
37.732 37.998 65.0 样 0
37.998 38.263 63.0 一 0
38.263 38.529 61.0 个 0
38.533 39.325 63.0 人 0
39.325 40.387 63.0 - 1
41.214 41.48 58.0 留 0
41.48 41.745 61.0 恋 0
41.75 42.011 66.0 他 0
42.011 42.276 65.0 给 0
42.276 42.542 63.0 的 0
42.542 42.807 61.0 温 0
42.812 43.604 58.0 存 0
43.604 44.666 58.0 - 1
45.337 45.598 70.0 谁 0
45.598 45.863 70.0 让 0
45.863 46.135 68.0 你 0
46.141 46.391 68.0 一 0
46.394 46.66 68.0 直 0
46.66 46.792 66.0 痴 0
46.797 47.722 68.0 情 0
47.722 49.049 68.0 - 1
49.575 49.841 58.0 痴 0
49.841 50.106 61.0 情 0
50.11 50.372 66.0 会 0
50.372 50.637 65.0 带 0
50.637 50.902 63.0 来 0
50.907 51.433 65.0 伤 0
51.433 52.761 63.0 痕 1
54.415 54.946 63.0 想 0
55.008 55.539 66.0 要 0
55.543 56.07 68.0 逃 0
56.07 56.335 68.0 逃 0
56.335 56.468 66.0 不 0
56.468 56.866 68.0 掉 1
57.142 57.407 68.0 想 0
57.407 57.673 70.0 要 0
57.673 57.938 70.0 走 0
57.938 58.204 63.0 走 0
58.204 58.469 63.0 走 0
58.469 58.602 61.0 不 0
58.602 59.0 63.0 了 1
59.249 59.514 63.0 一 0
59.514 59.78 66.0 辈 0
59.784 60.045 68.0 子 0
60.045 60.311 68.0 真 0
60.311 60.576 68.0 爱 0
60.576 60.709 66.0 一 0
60.709 61.107 68.0 次 1
61.297 61.563 66.0 为 0
61.563 61.828 68.0 何 0
61.833 62.094 73.0 偏 0
62.094 62.359 70.0 让 0
62.359 62.625 70.0 你 0
62.625 62.758 68.0 遇 0
62.762 63.421 70.0 到 1
63.489 63.755 63.0 想 0
63.755 64.02 66.0 要 0
64.025 64.551 68.0 忘 0
64.551 64.817 68.0 忘 0
64.817 64.95 66.0 不 0
64.95 65.348 68.0 掉 1
65.537 65.803 68.0 想 0
65.807 66.068 70.0 要 0
66.068 66.334 70.0 戒 0
66.334 66.599 63.0 戒 0
66.599 66.865 63.0 戒 0
66.865 66.997 61.0 不 0
66.997 67.396 63.0 了 1
67.736 68.002 63.0 一 0
68.002 68.267 66.0 辈 0
68.267 68.533 68.0 子 0
68.533 68.798 68.0 真 0
68.798 69.064 68.0 爱 0
69.064 69.196 66.0 一 0
69.196 69.595 68.0 次 1
69.907 70.173 66.0 为 0
70.173 70.438 68.0 何 0
70.442 71.234 70.0 他 0
71.438 72.031 63.0 - 0
72.031 72.562 66.0 要 0
72.566 73.093 68.0 逃 0
73.093 73.358 68.0 逃 0
73.358 73.491 66.0 不 0
73.491 73.889 68.0 掉 1
73.981 74.246 68.0 想 0
74.246 74.512 70.0 要 0
74.512 74.777 70.0 走 0
74.777 75.043 63.0 走 0
75.043 75.308 63.0 走 0
75.308 75.441 61.0 不 0
75.441 75.839 63.0 了 1
76.215 76.48 63.0 一 0
76.48 76.746 66.0 辈 0
76.75 77.011 68.0 子 0
77.011 77.277 68.0 真 0
77.277 77.48 68.0 爱 0
77.48 77.613 66.0 一 0
77.613 78.073 68.0 次 1
78.333 78.598 66.0 为 0
78.598 78.864 68.0 何 0
78.868 79.129 73.0 偏 0
79.129 79.395 70.0 让 0
79.395 79.66 70.0 你 0
79.66 79.793 68.0 遇 0
79.797 80.456 70.0 到 1
80.481 80.747 63.0 想 0
80.747 81.012 66.0 要 0
81.017 81.543 68.0 忘 0
81.543 81.809 68.0 忘 0
81.809 81.942 66.0 不 0
81.942 82.34 68.0 掉 1
82.566 82.832 68.0 想 0
82.836 83.097 70.0 要 0
83.097 83.363 70.0 戒 0
83.363 83.628 63.0 戒 0
83.628 83.894 63.0 戒 0
83.894 84.027 61.0 不 0
84.027 84.425 63.0 了 1
84.707 84.973 63.0 一 0
84.973 85.238 66.0 辈 0
85.243 85.504 68.0 子 0
85.504 85.769 68.0 真 0
85.769 86.035 68.0 爱 0
86.035 86.167 66.0 一 0
86.167 86.566 68.0 次 1
86.876 87.142 66.0 为 0
87.142 87.407 68.0 何 0
87.412 89.531 70.0 他 0
90.332 90.593 70.0 别 0
90.597 90.858 70.0 让 0
90.858 91.124 63.0 你 0
91.128 91.655 66.0 遇 0
91.655 91.92 63.0 到 1
93.643 94.966 68.0 哈 0
95.232 95.497 68.0 哈 0
95.497 95.763 66.0 咿 0
95.767 97.09 68.0 呀 0
97.356 98.024 68.0 呜 0
98.024 99.214 70.0 - 1
99.602 99.863 73.0 哈 0
99.863 100.128 70.0 咿 0
100.128 100.394 73.0 呀 0
100.394 100.659 70.0 咿 0
100.659 100.925 73.0 呀 0
100.929 101.991 70.0 哈 0
101.991 103.58 68.0 - 1
103.803 104.064 68.0 哈 0
104.064 104.329 66.0 咿 0
104.334 105.657 68.0 呀 0
105.922 106.453 66.0 呜 0
106.458 107.515 70.0 - 0
107.52 108.577 74.0 哈 0
108.581 110.701 77.0 - 1
126.118 126.384 58.0 爱 0
126.384 126.649 61.0 上 0
126.654 126.915 66.0 不 0
126.915 127.18 65.0 回 0
127.18 127.446 63.0 家 0
127.446 127.711 61.0 的 0
127.716 128.508 63.0 人 0
128.508 129.569 63.0 - 1
130.325 130.59 58.0 爱 0
130.59 130.856 61.0 上 0
130.86 131.121 66.0 他 0
131.121 131.387 65.0 枕 0
131.387 131.652 63.0 边 0
131.652 131.918 61.0 余 0
131.922 132.714 58.0 温 0
132.714 133.776 58.0 - 1
134.563 134.824 68.0 爱 0
134.824 135.09 70.0 上 0
135.09 135.355 68.0 太 0
135.355 135.621 68.0 浪 0
135.621 136.019 68.0 漫 0
136.019 136.152 66.0 的 0
136.156 136.948 68.0 人 0
136.948 138.01 68.0 - 1
138.853 139.118 58.0 只 0
139.118 139.383 61.0 能 0
139.388 139.649 66.0 怪 0
139.649 139.914 65.0 他 0
139.914 140.18 63.0 太 0
140.18 140.711 61.0 多 0
140.715 142.569 63.0 情 1
143.082 143.348 58.0 爱 0
143.348 143.613 61.0 上 0
143.618 143.879 66.0 这 0
143.879 144.144 65.0 样 0
144.144 144.41 63.0 一 0
144.41 144.675 61.0 个 0
144.68 145.472 63.0 人 0
145.472 146.534 63.0 - 1
147.293 147.559 58.0 留 0
147.559 147.824 61.0 恋 0
147.828 148.09 66.0 他 0
148.09 148.355 65.0 给 0
148.355 148.621 63.0 的 0
148.621 148.886 61.0 温 0
148.89 149.682 58.0 存 0
149.682 150.744 58.0 - 1
151.533 151.794 70.0 谁 0
151.794 152.06 70.0 让 0
152.06 152.325 68.0 你 0
152.335 152.58 68.0 一 0
152.591 152.856 68.0 直 0
152.856 152.989 66.0 痴 0
152.993 153.918 68.0 情 0
153.918 155.246 68.0 - 1
155.862 156.127 58.0 痴 0
156.127 156.393 61.0 情 0
156.397 156.658 66.0 会 0
156.658 156.924 65.0 带 0
156.924 157.189 63.0 来 0
157.194 157.72 65.0 伤 0
157.72 159.047 63.0 痕 1
160.545 161.138 63.0 想 0
161.138 161.669 66.0 要 0
161.674 162.2 68.0 逃 0
162.205 162.466 68.0 逃 0
162.466 162.599 66.0 不 0
162.599 162.997 68.0 掉 1
163.299 163.565 68.0 想 0
163.569 163.83 70.0 要 0
163.83 164.096 70.0 走 0
164.096 164.361 63.0 走 0
164.361 164.627 63.0 走 0
164.627 164.759 61.0 不 0
164.759 165.158 63.0 了 1
165.338 165.604 63.0 一 0
165.604 165.869 66.0 辈 0
165.874 166.135 68.0 子 0
166.135 166.4 68.0 真 0
166.4 166.604 68.0 爱 0
166.604 166.736 66.0 一 0
166.736 167.197 68.0 次 1
167.549 167.815 66.0 为 0
167.815 168.08 68.0 何 0
168.084 168.346 73.0 偏 0
168.346 168.611 70.0 让 0
168.611 168.876 70.0 你 0
168.876 169.009 68.0 遇 0
169.014 169.673 70.0 到 1
169.705 169.97 63.0 想 0
169.97 170.236 66.0 要 0
170.24 170.767 68.0 忘 0
170.767 171.032 68.0 忘 0
171.032 171.165 66.0 不 0
171.165 171.563 68.0 掉 1
171.666 171.931 68.0 想 0
171.936 172.197 70.0 要 0
172.197 172.462 70.0 戒 0
172.462 172.728 63.0 戒 0
172.728 172.993 63.0 戒 0
172.993 173.126 61.0 不 0
173.126 173.524 63.0 了 1
173.837 174.102 63.0 一 0
174.102 174.368 66.0 辈 0
174.372 174.633 68.0 子 0
174.633 174.899 68.0 真 0
174.899 175.164 68.0 爱 0
175.164 175.297 66.0 一 0
175.297 175.695 68.0 次 1
175.976 176.241 66.0 为 0
176.241 176.507 68.0 何 0
176.511 177.303 70.0 他 1
177.532 178.063 63.0 想 0
178.063 178.593 66.0 要 0
178.598 179.124 68.0 逃 0
179.124 179.39 68.0 逃 0
179.39 179.523 66.0 不 0
179.523 179.921 68.0 掉 1
180.255 180.521 68.0 想 0
180.525 180.786 70.0 要 0
180.786 181.052 70.0 走 0
181.052 181.317 63.0 走 0
181.317 181.583 63.0 走 0
181.583 181.716 61.0 不 0
181.716 182.114 63.0 了 1
182.414 182.68 63.0 一 0
182.68 182.945 66.0 辈 0
182.95 183.211 68.0 子 0
183.211 183.476 68.0 真 0
183.476 183.68 68.0 爱 0
183.68 183.813 66.0 一 0
183.813 184.273 68.0 次 1
184.576 184.842 66.0 为 0
184.842 185.107 68.0 何 0
185.112 185.373 73.0 偏 0
185.373 185.638 70.0 让 0
185.638 185.904 70.0 你 0
185.904 186.036 68.0 遇 0
186.041 186.7 70.0 到 1
186.721 186.987 63.0 想 0
186.987 187.252 66.0 要 0
187.256 187.783 68.0 忘 0
187.783 188.049 68.0 忘 0
188.049 188.181 66.0 不 0
188.181 188.579 68.0 掉 1
188.801 189.066 68.0 想 0
189.071 189.332 70.0 要 0
189.332 189.597 70.0 戒 0
189.597 189.863 63.0 戒 0
189.863 190.128 63.0 戒 0
190.128 190.261 61.0 不 0
190.261 190.659 63.0 了 1
190.872 191.137 63.0 一 0
191.137 191.403 66.0 辈 0
191.407 191.668 68.0 子 0
191.668 191.934 68.0 真 0
191.934 192.137 68.0 爱 0
192.137 192.27 66.0 一 0
192.27 192.73 68.0 次 1
193.057 193.322 66.0 为 0
193.322 193.588 68.0 何 0
193.592 194.384 70.0 他 1
194.631 195.162 63.0 想 0
195.162 195.693 66.0 要 0
195.697 196.224 68.0 逃 0
196.228 196.489 68.0 逃 0
196.489 196.622 66.0 不 0
196.622 197.02 68.0 掉 1
197.3 197.565 68.0 想 0
197.569 197.831 70.0 要 0
197.831 198.096 70.0 走 0
198.096 198.361 63.0 走 0
198.361 198.627 63.0 走 0
198.627 198.76 61.0 不 0
198.76 199.158 63.0 了 1
199.299 199.565 63.0 一 0
199.565 199.83 66.0 辈 0
199.835 200.096 68.0 子 0
200.096 200.361 68.0 真 0
200.361 200.565 68.0 爱 0
200.565 200.698 66.0 一 0
200.698 201.158 68.0 次 1
201.449 201.715 66.0 为 0
201.715 201.98 68.0 何 0
201.985 202.246 73.0 偏 0
202.246 202.511 70.0 让 0
202.511 202.777 70.0 你 0
202.777 202.909 68.0 遇 0
202.914 203.573 70.0 到 1
203.662 203.928 63.0 想 0
203.928 204.193 66.0 要 0
204.198 204.724 68.0 忘 0
204.724 204.99 68.0 忘 0
204.99 205.122 66.0 不 0
205.122 205.521 68.0 掉 1
205.817 206.083 68.0 想 0
206.087 206.348 70.0 要 0
206.348 206.614 70.0 戒 0
206.614 206.879 63.0 戒 0
206.879 207.145 63.0 戒 0
207.145 207.277 61.0 不 0
207.277 207.676 63.0 了 1
207.869 208.134 63.0 一 0
208.134 208.4 66.0 辈 0
208.404 208.665 68.0 子 0
208.665 208.931 68.0 真 0
208.931 209.196 68.0 爱 0
209.196 209.329 66.0 一 0
209.329 209.727 68.0 次 1
209.936 210.201 66.0 为 0
210.201 210.467 68.0 何 0
210.471 211.529 70.0 他 1
211.534 212.065 63.0 想 0
212.069 212.6 66.0 要 0
212.6 213.127 68.0 逃 0
213.131 213.392 68.0 逃 0
213.392 213.525 66.0 不 0
213.525 213.923 68.0 掉 1
214.304 214.569 68.0 想 0
214.574 214.835 70.0 要 0
214.835 215.1 70.0 走 0
215.1 215.366 63.0 走 0
215.366 215.631 63.0 走 0
215.631 215.764 61.0 不 0
215.764 216.162 63.0 了 1
216.366 216.631 63.0 一 0
216.631 216.897 66.0 辈 0
216.901 217.162 68.0 子 0
217.162 217.428 68.0 真 0
217.428 217.631 68.0 爱 0
217.631 217.764 66.0 一 0
217.764 218.224 68.0 次 1
218.476 218.742 66.0 为 0
218.742 219.007 68.0 何 0
219.012 219.273 73.0 偏 0
219.273 219.538 70.0 让 0
219.538 219.804 70.0 你 0
219.804 219.937 68.0 遇 0
219.941 220.6 70.0 到 1
220.618 220.884 63.0 想 0
220.884 221.149 66.0 要 0
221.154 221.68 68.0 忘 0
221.68 221.946 68.0 忘 0
221.946 222.079 66.0 不 0
222.079 222.477 68.0 掉 1
222.728 222.994 68.0 想 0
222.998 223.259 70.0 要 0
223.259 223.525 70.0 戒 0
223.525 223.79 63.0 戒 0
223.79 224.056 63.0 戒 0
224.056 224.188 61.0 不 0
224.188 224.587 63.0 了 1
224.773 225.039 63.0 一 0
225.039 225.304 66.0 辈 0
225.309 225.57 68.0 子 0
225.57 225.835 68.0 真 0
225.835 226.039 68.0 爱 0
226.039 226.171 66.0 一 0
226.171 226.632 68.0 次 1
226.942 227.208 66.0 为 0
227.208 227.473 68.0 何 0
227.477 229.597 70.0 他 0
230.398 230.659 70.0 别 0
230.663 230.924 70.0 让 0
230.924 231.19 63.0 你 0
231.194 231.721 66.0 遇 0
231.721 231.986 63.0 到 1
