30.152 30.452 57.0 东 0
30.452 30.752 64.0 邪 0
30.752 31.052 64.0 西 0
31.052 31.352 64.0 毒 0
31.352 31.652 64.0 南 0
31.652 31.952 64.0 帝 0
31.952 32.252 62.0 北 0
32.252 32.552 60.0 丐 1
32.57 32.87 62.0 我 0
32.87 33.17 62.0 都 0
33.17 33.47 60.0 没 0
33.47 33.77 59.0 看 0
33.77 34.07 57.0 中 1
34.828 35.128 59.0 偏 0
35.128 35.427 59.0 偏 0
35.427 35.728 59.0 爱 0
35.728 36.028 60.0 上 0
36.028 36.328 62.0 多 0
36.328 36.628 55.0 情 0
36.628 36.928 55.0 男 0
36.928 37.228 55.0 人 1
37.337 37.637 60.0 中 0
37.637 37.937 59.0 原 0
37.937 38.237 60.0 一 0
38.237 38.537 62.0 点 0
38.537 39.137 64.0 红 1
39.759 40.059 57.0 曾 0
40.059 40.359 69.0 经 0
40.359 40.659 69.0 以 0
40.659 40.959 67.0 为 0
40.959 41.259 69.0 你 0
41.259 41.559 69.0 会 0
41.559 41.859 67.0 给 0
41.859 42.159 64.0 我 1
42.185 42.485 62.0 鸳 0
42.485 42.785 62.0 鸯 0
42.785 43.085 57.0 蝴 0
43.085 43.385 64.0 蝶 0
43.385 43.685 64.0 梦 0
43.685 44.285 62.0 - 1
44.478 44.778 55.0 事 0
44.778 45.078 67.0 到 0
45.078 45.378 67.0 如 0
45.378 45.678 67.0 今 0
45.678 45.978 67.0 只 0
45.978 46.278 67.0 留 0
46.278 46.578 64.0 心 0
46.578 46.878 62.0 碎 1
46.932 47.232 60.0 万 0
47.232 47.532 59.0 事 0
47.532 47.832 55.0 皆 0
47.832 48.132 59.0 成 0
48.132 48.732 57.0 空 1
49.273 49.573 57.0 海 0
49.573 49.873 64.0 誓 0
49.873 50.173 64.0 山 0
50.173 50.473 64.0 盟 0
50.473 50.773 64.0 天 0
50.773 51.073 64.0 荒 0
51.073 51.373 62.0 地 0
51.373 51.673 60.0 老 1
51.792 52.092 62.0 都 0
52.092 52.392 62.0 作 0
52.392 52.692 60.0 耳 0
52.692 52.992 59.0 边 0
52.992 53.592 57.0 风 1
54.077 54.377 59.0 花 0
54.377 54.677 59.0 前 0
54.677 54.977 59.0 月 0
54.977 55.277 60.0 下 0
55.277 55.577 62.0 卿 0
55.577 55.877 55.0 卿 0
55.877 56.177 55.0 我 0
56.177 56.477 55.0 我 1
56.583 56.883 60.0 不 0
56.883 57.183 59.0 过 0
57.183 57.483 60.0 几 0
57.483 57.783 62.0 分 0
57.783 58.383 64.0 钟 1
58.962 59.262 57.0 你 0
59.262 59.562 69.0 的 0
59.562 59.862 69.0 冷 0
59.862 60.162 67.0 漠 0
60.162 60.462 69.0 绝 0
60.462 60.762 69.0 情 0
60.762 61.062 67.0 狠 0
61.062 61.362 64.0 心 1
61.367 61.667 62.0 胜 0
61.667 61.967 62.0 过 0
61.967 62.267 57.0 欧 0
62.267 62.567 64.0 阳 0
62.567 62.867 64.0 锋 0
62.867 63.467 62.0 - 1
63.71 64.01 55.0 在 0
64.01 64.31 67.0 我 0
64.31 64.61 67.0 心 0
64.61 64.91 67.0 中 0
64.91 65.21 67.0 撕 0
65.21 65.51 67.0 开 1
65.577 65.877 64.0 永 0
65.877 66.177 62.0 远 0
66.177 66.477 60.0 难 0
66.477 66.777 59.0 愈 0
66.777 67.077 55.0 合 0
67.077 67.377 59.0 的 0
67.377 67.977 57.0 缝 1
68.604 69.204 64.0 你 0
69.204 69.804 69.0 让 0
69.804 70.104 72.0 我 0
70.104 70.404 71.0 心 0
70.404 71.004 69.0 动 0
71.004 71.304 69.0 让 0
71.304 71.604 67.0 我 0
71.604 71.904 62.0 陪 0
71.904 72.204 67.0 你 0
72.204 73.104 64.0 疯 1
73.344 73.644 57.0 最 0
73.644 73.944 62.0 后 0
73.944 74.244 62.0 骗 0
74.244 74.544 64.0 我 0
74.544 74.844 67.0 喝 0
74.844 75.144 67.0 下 1
75.22 75.52 67.0 这 0
75.52 75.82 69.0 杯 0
75.82 76.12 67.0 情 0
76.12 76.42 64.0 人 0
76.42 76.72 64.0 鹤 0
76.72 77.02 62.0 顶 0
77.02 77.62 64.0 红 1
78.031 78.631 64.0 爱 0
78.631 79.231 69.0 你 0
79.231 79.531 72.0 有 0
79.531 79.831 72.0 多 0
79.831 80.431 69.0 浓 0
80.431 80.731 69.0 伤 0
80.731 81.031 67.0 就 0
81.031 81.331 62.0 有 0
81.331 81.631 67.0 多 0
81.631 82.231 64.0 重 1
83.022 83.322 62.0 所 0
83.322 83.622 62.0 有 0
83.622 83.922 62.0 绝 0
83.922 84.222 64.0 望 0
84.222 84.522 67.0 眼 0
84.522 84.822 67.0 泪 1
84.822 85.122 67.0 汇 0
85.122 85.422 64.0 成 0
85.422 85.722 72.0 毒 0
85.722 86.022 71.0 酒 0
86.022 86.322 69.0 穿 0
86.322 86.622 67.0 肠 0
86.622 87.522 69.0 痛 1
87.788 88.388 64.0 你 0
88.388 88.988 69.0 让 0
88.988 89.288 72.0 我 0
89.288 89.588 71.0 心 0
89.588 90.188 69.0 动 0
90.188 90.488 69.0 让 0
90.488 90.788 67.0 我 0
90.788 91.088 62.0 陪 0
91.088 91.388 67.0 你 0
91.388 92.288 64.0 疯 1
92.566 92.866 57.0 为 0
92.866 93.166 62.0 何 0
93.166 93.466 62.0 还 0
93.466 93.766 64.0 让 0
93.766 94.066 67.0 别 0
94.066 94.366 67.0 人 0
94.366 94.666 67.0 缠 0
94.666 94.966 69.0 绵 1
94.969 95.269 67.0 醉 0
95.269 95.569 64.0 在 0
95.569 95.869 64.0 你 0
95.869 96.169 62.0 怀 0
96.169 96.769 64.0 中 1
97.352 97.952 64.0 你 0
97.952 98.552 69.0 们 0
98.552 98.852 72.0 爱 0
98.852 99.152 72.0 多 0
99.152 99.752 69.0 浓 0
99.752 100.052 69.0 伤 0
100.052 100.352 76.0 我 0
100.352 100.652 74.0 有 0
100.652 100.952 72.0 多 0
100.952 101.282 72.0 重 0
101.282 101.852 74.0 - 1
102.208 102.508 71.0 我 0
102.508 102.808 71.0 的 0
102.808 103.108 71.0 世 0
103.108 103.408 72.0 界 0
103.408 103.708 74.0 天 0
103.708 104.008 74.0 崩 0
104.008 104.308 74.0 地 0
104.308 104.608 76.0 裂 1
104.612 104.912 72.0 你 0
104.912 105.212 71.0 无 0
105.212 105.512 69.0 动 0
105.512 105.812 67.0 于 0
105.812 108.212 69.0 衷 1
128.474 128.774 57.0 东 0
128.774 129.074 64.0 邪 0
129.074 129.374 64.0 西 0
129.374 129.674 64.0 毒 0
129.674 129.974 64.0 南 0
129.974 130.274 64.0 帝 0
130.274 130.574 62.0 北 0
130.574 130.874 60.0 丐 1
130.932 131.232 62.0 我 0
131.232 131.532 62.0 都 0
131.532 131.832 60.0 没 0
131.832 132.132 59.0 看 0
132.132 132.432 57.0 中 1
133.332 133.632 59.0 偏 0
133.632 133.932 59.0 偏 0
133.932 134.232 59.0 爱 0
134.232 134.532 60.0 上 0
134.538 134.832 62.0 多 0
134.832 135.132 55.0 情 0
135.132 135.432 55.0 男 0
135.432 135.732 55.0 人 1
135.806 136.106 60.0 中 0
136.106 136.406 59.0 原 0
136.406 136.706 60.0 一 0
136.706 137.006 62.0 点 0
137.006 137.606 64.0 红 1
138.108 138.408 57.0 曾 0
138.418 138.708 69.0 经 0
138.708 139.008 69.0 以 0
139.008 139.308 67.0 为 0
139.308 139.608 69.0 你 0
139.608 139.908 69.0 会 0
139.908 140.208 67.0 给 0
140.208 140.508 64.0 我 1
140.588 140.888 62.0 鸳 0
140.888 141.188 62.0 鸯 0
141.188 141.488 57.0 蝴 0
141.488 141.788 64.0 蝶 0
141.788 142.688 62.0 梦 0
142.988 143.288 55.0 - 1
143.316 143.407 64.0 事 0
143.407 143.61 67.0 到 0
143.61 143.91 67.0 如 0
143.91 144.21 67.0 今 0
144.21 144.51 67.0 只 0
144.51 144.81 67.0 留 0
144.81 145.11 64.0 心 0
145.11 145.41 62.0 碎 1
145.422 145.722 60.0 万 0
145.722 146.022 59.0 事 0
146.022 146.322 55.0 皆 0
146.322 146.622 59.0 成 0
146.622 147.222 57.0 空 1
147.757 148.057 57.0 海 0
148.057 148.357 64.0 誓 0
148.357 148.657 64.0 山 0
148.657 148.957 64.0 盟 0
148.957 149.257 64.0 天 0
149.257 149.557 64.0 荒 0
149.557 149.857 62.0 地 0
149.857 150.157 60.0 老 1
150.202 150.502 62.0 都 0
150.502 150.802 62.0 作 0
150.802 151.102 60.0 耳 0
151.102 151.402 59.0 边 0
151.402 152.002 57.0 风 1
152.506 152.806 59.0 花 0
152.806 153.106 59.0 前 0
153.106 153.406 59.0 月 0
153.406 153.706 60.0 下 0
153.706 154.006 62.0 卿 0
154.006 154.306 55.0 卿 0
154.306 154.606 55.0 我 0
154.606 154.906 55.0 我 1
154.979 155.279 60.0 不 0
155.279 155.579 59.0 过 0
155.579 155.879 60.0 几 0
155.879 156.179 62.0 分 0
156.179 156.779 64.0 钟 1
157.254 157.554 57.0 你 0
157.554 157.854 69.0 的 0
157.854 158.154 69.0 冷 0
158.154 158.454 67.0 漠 0
158.454 158.754 69.0 绝 0
158.754 159.054 69.0 情 0
159.054 159.354 67.0 狠 0
159.354 159.654 64.0 心 1
159.663 159.963 62.0 胜 0
159.963 160.263 62.0 过 0
160.263 160.563 57.0 欧 0
160.563 160.863 64.0 阳 0
160.863 161.163 64.0 锋 0
161.163 161.763 62.0 - 1
162.137 162.437 55.0 在 0
162.437 162.737 67.0 我 0
162.737 163.037 67.0 心 0
163.037 163.337 67.0 中 0
163.337 163.637 67.0 撕 0
163.637 163.937 67.0 开 1
163.943 164.243 64.0 永 0
164.243 164.543 62.0 远 0
164.543 164.843 60.0 难 0
164.843 165.143 59.0 愈 0
165.143 165.443 55.0 合 0
165.443 165.743 59.0 的 0
165.743 166.343 57.0 缝 1
166.849 167.449 64.0 你 0
167.449 168.049 69.0 让 0
168.049 168.349 72.0 我 0
168.349 168.649 71.0 心 0
168.649 169.249 69.0 动 0
169.249 169.549 69.0 让 0
169.549 169.849 67.0 我 0
169.849 170.149 62.0 陪 0
170.149 170.449 67.0 你 0
170.449 171.349 64.0 疯 1
171.822 172.122 57.0 最 0
172.122 172.422 62.0 后 0
172.422 172.722 62.0 骗 0
172.722 173.022 64.0 我 0
173.022 173.322 67.0 喝 0
173.322 173.622 67.0 下 1
173.625 173.925 67.0 这 0
173.925 174.225 69.0 杯 0
174.225 174.525 67.0 情 0
174.525 174.825 64.0 人 0
174.825 175.125 64.0 鹤 0
175.125 175.425 62.0 顶 0
175.425 176.025 64.0 红 1
176.578 177.178 64.0 爱 0
177.178 177.778 69.0 你 0
177.778 178.078 72.0 有 0
178.078 178.378 72.0 多 0
178.378 178.978 69.0 浓 0
178.978 179.278 69.0 伤 0
179.278 179.578 67.0 就 0
179.578 179.878 62.0 有 0
179.878 180.178 67.0 多 0
180.178 180.778 64.0 重 1
181.289 181.589 62.0 所 0
181.589 181.889 62.0 有 0
181.889 182.189 62.0 绝 0
182.189 182.489 64.0 望 0
182.489 182.789 67.0 眼 0
182.789 183.089 67.0 泪 1
183.114 183.414 67.0 汇 0
183.414 183.714 64.0 成 0
183.714 184.014 72.0 毒 0
184.014 184.314 71.0 酒 0
184.314 184.614 69.0 穿 0
184.614 184.914 67.0 肠 0
184.914 185.814 69.0 痛 1
186.133 186.733 64.0 你 0
186.733 187.333 69.0 让 0
187.333 187.633 72.0 我 0
187.633 187.933 71.0 心 0
187.933 188.533 69.0 动 0
188.533 188.833 69.0 让 0
188.833 189.133 67.0 我 0
189.133 189.433 62.0 陪 0
189.433 189.733 67.0 你 0
189.733 190.633 64.0 疯 1
190.835 191.135 57.0 为 0
191.135 191.435 62.0 何 0
191.435 191.735 62.0 还 0
191.735 192.035 64.0 让 0
192.035 192.335 67.0 别 0
192.335 192.635 67.0 人 0
192.635 192.935 67.0 缠 0
192.935 193.23 69.0 绵 1
193.258 193.563 67.0 醉 0
193.563 193.863 64.0 在 0
193.863 194.163 64.0 你 0
194.163 194.463 62.0 怀 0
194.463 194.738 62.0 中 0
194.758 195.063 64.0 - 1
195.644 196.244 64.0 你 0
196.244 196.844 69.0 们 0
196.844 197.144 72.0 爱 0
197.144 197.444 72.0 多 0
197.444 198.044 69.0 浓 0
198.044 198.344 69.0 伤 0
198.344 198.644 76.0 我 0
198.644 198.944 74.0 有 0
198.944 199.244 72.0 多 0
199.244 199.561 72.0 重 0
199.566 200.144 74.0 - 1
200.575 200.875 71.0 我 0
200.875 201.175 71.0 的 0
201.175 201.475 71.0 世 0
201.475 201.775 72.0 界 0
201.782 202.075 74.0 天 0
202.075 202.375 74.0 崩 0
202.375 202.675 74.0 地 0
202.687 202.975 76.0 裂 1
202.976 203.276 72.0 你 0
203.276 203.576 71.0 无 0
203.576 203.876 69.0 动 0
203.876 204.176 67.0 于 0
204.176 206.576 69.0 衷 1
