16.616 17.108 64.0 每 0
17.108 17.599 64.0 次 0
17.599 17.845 64.0 走 0
17.845 18.09 55.0 过 0
18.09 18.336 57.0 这 0
18.336 18.582 55.0 间 0
18.582 18.827 62.0 咖 0
18.827 19.319 64.0 啡 0
19.319 19.564 64.0 屋 1
19.708 19.954 55.0 忍 0
19.954 20.2 57.0 不 0
20.2 20.445 60.0 住 0
20.445 20.937 62.0 慢 0
20.937 21.428 64.0 下 0
21.428 21.674 62.0 了 0
21.674 22.165 60.0 脚 0
22.165 22.411 60.0 步 0
22.411 22.902 57.0 - 1
24.431 24.922 64.0 你 0
24.922 25.414 65.0 我 0
25.414 25.659 65.0 初 0
25.659 25.905 55.0 次 0
25.905 26.151 57.0 相 0
26.151 26.397 55.0 识 0
26.397 26.642 62.0 在 0
26.642 27.134 64.0 这 0
27.134 27.379 64.0 里 1
27.583 27.829 60.0 揭 0
27.829 28.074 62.0 开 0
28.074 28.32 64.0 了 0
28.32 28.811 67.0 相 0
28.811 29.303 67.0 悦 0
29.303 29.548 67.0 的 0
29.548 30.04 64.0 序 0
30.04 30.285 64.0 幕 0
30.285 30.778 62.0 - 1
32.285 32.777 64.0 今 0
32.777 33.269 64.0 天 0
33.269 33.515 64.0 你 0
33.515 33.761 55.0 不 0
33.761 34.008 57.0 再 0
34.008 34.254 55.0 是 0
34.254 34.5 62.0 座 0
34.5 34.992 64.0 上 0
34.992 35.238 64.0 客 1
35.439 35.686 55.0 我 0
35.686 35.932 57.0 也 0
35.932 36.178 60.0 就 0
36.178 36.67 62.0 恢 0
36.67 37.162 64.0 复 0
37.162 37.409 62.0 了 0
37.409 37.901 60.0 孤 0
37.901 38.147 60.0 独 0
38.147 38.638 57.0 - 1
40.084 40.576 65.0 不 0
40.576 41.067 65.0 知 0
41.067 41.313 65.0 什 0
41.313 41.558 55.0 么 0
41.558 41.804 57.0 缘 0
41.804 42.05 55.0 故 0
42.05 42.295 62.0 使 0
42.295 42.787 64.0 我 0
42.787 43.032 64.0 俩 1
43.347 43.593 60.0 由 0
43.593 43.838 62.0 情 0
43.838 44.084 64.0 侣 0
44.084 44.575 69.0 变 0
44.575 45.067 67.0 成 0
45.067 45.312 64.0 了 0
45.312 45.804 62.0 陌 0
45.804 46.787 60.0 路 1
47.226 47.472 60.0 芳 0
47.472 47.718 64.0 香 0
47.718 47.963 67.0 的 0
47.963 48.455 69.0 咖 0
48.946 49.438 69.0 啡 0
49.929 50.175 67.0 飘 0
50.175 50.421 67.0 满 0
50.421 50.666 65.0 小 0
50.666 50.912 69.0 屋 1
51.192 51.437 67.0 对 0
51.437 51.683 69.0 你 0
51.683 51.929 69.0 的 0
51.929 52.42 67.0 情 0
52.912 53.403 67.0 感 0
53.895 54.14 67.0 依 0
54.14 54.386 65.0 然 0
54.386 54.632 64.0 如 0
54.632 54.878 67.0 故 1
55.205 55.451 60.0 不 0
55.451 55.697 64.0 知 0
55.697 55.942 67.0 道 0
55.942 56.434 69.0 何 0
56.925 57.417 69.0 时 0
57.908 58.154 69.0 再 0
58.154 58.4 67.0 续 0
58.4 58.645 65.0 前 0
58.645 59.137 69.0 缘 1
59.149 59.395 69.0 让 0
59.395 59.64 69.0 我 0
59.64 59.886 72.0 把 0
59.886 60.377 74.0 思 0
60.377 60.869 74.0 念 0
60.869 61.36 72.0 向 0
61.36 61.606 71.0 你 0
61.606 61.852 69.0 倾 0
61.852 63.827 67.0 诉 1
65.643 66.135 64.0 我 0
66.135 66.626 64.0 又 0
66.626 66.872 64.0 走 0
66.872 67.117 55.0 过 0
67.117 67.363 57.0 这 0
67.363 67.609 55.0 间 0
67.609 67.855 62.0 咖 0
67.855 68.346 64.0 啡 0
68.346 68.592 64.0 屋 1
68.895 69.141 55.0 忍 0
69.141 69.387 57.0 不 0
69.387 69.633 60.0 住 0
69.633 70.124 62.0 慢 0
70.124 70.616 64.0 下 0
70.616 70.861 62.0 了 0
70.861 71.353 60.0 脚 0
71.353 71.598 60.0 步 0
71.598 72.09 57.0 - 1
73.627 74.119 65.0 屋 0
74.119 74.61 65.0 里 0
74.61 74.856 65.0 再 0
74.856 75.101 55.0 也 0
75.101 75.347 57.0 不 0
75.347 75.593 55.0 见 0
75.593 75.839 62.0 你 0
75.839 76.33 64.0 和 0
76.33 76.576 64.0 我 1
76.872 77.117 60.0 美 0
77.117 77.363 62.0 丽 0
77.363 77.609 64.0 的 0
77.609 78.1 69.0 往 0
78.1 78.592 67.0 事 0
78.592 78.837 64.0 已 0
78.837 79.329 62.0 模 0
79.329 81.54 60.0 糊 1
97.174 97.666 64.0 每 0
97.666 98.158 64.0 次 0
98.158 98.404 64.0 走 0
98.404 98.65 55.0 过 0
98.65 98.896 57.0 这 0
98.896 99.142 55.0 间 0
99.142 99.388 62.0 咖 0
99.388 99.879 64.0 啡 0
99.879 100.125 64.0 屋 1
100.282 100.528 55.0 忍 0
100.528 100.774 57.0 不 0
100.774 101.02 60.0 住 0
101.02 101.512 62.0 慢 0
101.512 102.004 64.0 下 0
102.004 102.25 62.0 了 0
102.25 102.742 60.0 脚 0
102.742 102.987 60.0 步 0
102.987 103.479 57.0 - 1
105.01 105.502 65.0 你 0
105.502 105.993 65.0 我 0
105.993 106.239 65.0 初 0
106.239 106.485 55.0 次 0
106.485 106.73 57.0 相 0
106.73 106.976 55.0 识 0
106.976 107.222 62.0 在 0
107.222 107.713 64.0 这 0
107.713 107.959 64.0 里 1
108.232 108.477 60.0 揭 0
108.477 108.723 62.0 开 0
108.723 108.969 64.0 了 0
108.969 109.46 67.0 相 0
109.46 109.952 69.0 悦 0
109.952 110.197 67.0 的 0
110.197 110.689 64.0 序 0
110.689 110.935 64.0 幕 0
110.935 111.426 62.0 - 1
112.848 113.34 64.0 今 0
113.34 113.831 64.0 天 0
113.831 114.077 64.0 你 0
114.077 114.323 55.0 不 0
114.323 114.568 57.0 再 0
114.568 114.814 55.0 是 0
114.814 115.06 62.0 座 0
115.06 115.552 64.0 上 0
115.552 115.798 64.0 客 1
116.077 116.323 55.0 我 0
116.323 116.569 57.0 也 0
116.569 116.816 60.0 就 0
116.816 117.308 62.0 恢 0
117.308 117.8 64.0 复 0
117.8 118.046 62.0 了 0
118.046 118.538 60.0 孤 0
118.538 118.784 60.0 独 0
118.784 119.275 57.0 - 1
120.72 121.211 65.0 不 0
121.211 121.703 65.0 知 0
121.703 121.948 65.0 什 0
121.948 122.194 55.0 么 0
122.194 122.44 57.0 缘 0
122.44 122.686 55.0 故 0
122.686 122.931 62.0 使 0
122.931 123.423 64.0 我 0
123.423 123.668 64.0 俩 1
124.028 124.274 60.0 由 0
124.274 124.52 62.0 情 0
124.52 124.765 64.0 侣 0
124.765 125.257 69.0 变 0
125.257 125.748 67.0 成 0
125.748 125.994 64.0 了 0
125.994 126.485 62.0 陌 0
126.485 127.469 60.0 路 1
127.853 128.099 60.0 芳 0
128.099 128.344 64.0 香 0
128.344 128.59 67.0 的 0
128.59 129.082 69.0 咖 0
129.574 130.066 69.0 啡 0
130.558 130.803 69.0 飘 0
130.803 131.049 67.0 满 0
131.049 131.295 65.0 小 0
131.295 131.54 69.0 屋 1
131.798 132.044 69.0 对 0
132.044 132.29 69.0 你 0
132.29 132.535 72.0 的 0
132.535 133.027 67.0 情 0
133.518 134.01 67.0 感 0
134.501 134.747 67.0 依 0
134.747 134.992 65.0 然 0
134.992 135.238 64.0 如 0
135.238 135.484 67.0 故 1
135.816 136.061 60.0 不 0
136.061 136.307 64.0 知 0
136.307 136.553 67.0 道 0
136.553 137.044 69.0 何 0
137.536 138.027 69.0 时 0
138.519 138.764 69.0 再 0
138.764 139.01 67.0 续 0
139.01 139.256 65.0 前 0
139.256 139.747 69.0 缘 1
139.768 140.014 69.0 让 0
140.014 140.26 69.0 我 0
140.26 140.505 72.0 把 0
140.505 140.997 74.0 思 0
140.997 141.488 74.0 念 0
141.488 141.98 72.0 向 0
141.98 142.225 71.0 你 0
142.225 142.471 69.0 倾 0
142.471 144.44 67.0 诉 1
146.28 146.772 64.0 我 0
146.772 147.263 64.0 又 0
147.263 147.509 64.0 走 0
147.509 147.755 55.0 过 0
147.755 148.001 57.0 这 0
148.001 148.247 55.0 间 0
148.247 148.492 62.0 咖 0
148.492 148.984 64.0 啡 0
148.984 149.23 64.0 屋 1
149.641 149.887 55.0 忍 0
149.887 150.132 57.0 不 0
150.132 150.378 60.0 住 0
150.378 150.87 62.0 慢 0
150.87 151.362 64.0 下 0
151.362 151.607 62.0 了 0
151.607 152.099 60.0 脚 0
152.099 152.345 60.0 步 0
152.345 152.837 57.0 - 1
154.193 154.685 65.0 屋 0
154.685 155.177 65.0 里 0
155.177 155.423 65.0 再 0
155.423 155.67 55.0 也 0
155.67 155.916 57.0 不 0
155.916 156.162 55.0 见 0
156.162 156.408 62.0 你 0
156.408 156.9 64.0 和 0
156.9 157.146 64.0 我 1
157.496 157.743 60.0 美 0
157.743 157.989 62.0 丽 0
157.989 158.235 64.0 的 0
158.235 158.727 69.0 往 0
158.727 159.218 67.0 事 0
159.218 159.464 64.0 已 0
159.464 159.956 62.0 模 0
159.956 162.169 60.0 糊 1
