14.099 14.484 59.0 等 0
14.484 14.869 59.0 爱 0
14.869 15.253 59.0 的 0
15.253 15.638 61.0 人 0
15.638 16.311 59.0 很 0
16.407 17.087 54.0 多 1
17.588 17.973 59.0 不 0
17.973 18.357 59.0 预 0
18.357 18.742 59.0 设 0
18.742 19.511 59.0 你 0
19.511 20.28 56.0 会 0
20.28 21.05 59.0 在 0
21.05 21.819 58.0 乎 0
21.819 24.295 54.0 我 1
26.534 26.919 59.0 难 0
26.919 27.303 59.0 道 0
27.303 27.688 59.0 一 0
27.688 28.073 61.0 生 0
28.073 28.842 64.0 的 0
28.842 29.227 63.0 时 0
29.227 29.611 59.0 - 0
29.611 30.313 59.0 间 1
30.365 30.75 59.0 都 0
30.75 31.135 61.0 用 0
31.135 31.519 59.0 来 0
31.519 31.904 56.0 - 0
31.904 32.673 56.0 换 1
32.688 33.457 59.0 和 0
33.457 34.13 61.0 你 0
34.227 34.996 63.0 一 0
34.996 35.765 58.0 个 0
35.765 36.438 58.0 误 0
36.534 38.201 59.0 会 1
38.809 39.194 59.0 谁 0
39.194 39.578 59.0 能 0
39.578 39.963 59.0 真 0
39.963 40.347 59.0 的 0
40.347 40.732 59.0 让 0
40.732 41.117 54.0 - 0
41.117 41.796 54.0 谁 1
42.241 42.626 59.0 幸 0
42.626 43.011 59.0 福 0
43.011 43.395 59.0 到 0
43.395 43.78 59.0 故 0
43.78 44.165 56.0 - 0
44.165 44.934 56.0 事 0
44.934 45.703 59.0 的 0
45.703 46.088 58.0 结 0
46.088 46.472 54.0 - 0
46.472 47.241 54.0 尾 0
47.241 48.948 51.0 - 1
50.966 51.35 59.0 何 0
51.35 51.735 59.0 必 0
51.735 52.119 59.0 那 0
52.119 52.504 61.0 么 0
52.504 53.273 64.0 的 0
53.273 53.658 61.0 慌 0
53.658 54.043 59.0 - 0
54.043 54.744 59.0 张 1
54.877 55.261 59.0 有 0
55.261 55.646 59.0 时 0
55.646 56.031 59.0 清 0
56.031 56.415 56.0 - 0
56.415 57.184 56.0 醒 1
57.275 58.045 59.0 才 0
58.045 58.718 61.0 是 0
58.814 59.583 63.0 错 0
59.583 60.352 58.0 误 0
60.352 61.025 58.0 的 0
61.122 61.506 59.0 开 0
61.506 61.891 61.0 - 0
61.891 63.045 59.0 始 1
63.386 63.771 59.0 我 0
63.771 64.156 66.0 不 0
64.156 64.54 61.0 需 0
64.54 64.925 58.0 - 0
64.925 66.079 58.0 要 1
66.385 66.77 58.0 也 0
66.77 67.154 66.0 不 0
67.154 67.539 61.0 重 0
67.539 67.924 56.0 - 0
67.924 69.462 56.0 要 1
70.28 70.665 56.0 做 0
70.665 71.05 56.0 一 0
71.05 71.434 56.0 个 0
71.434 72.011 56.0 傻 0
72.011 72.588 58.0 子 0
72.588 73.357 59.0 多 0
73.357 73.742 63.0 么 0
73.742 74.127 64.0 - 0
74.127 75.429 63.0 好 1
75.756 76.141 63.0 我 0
76.141 76.525 66.0 不 0
76.525 76.91 61.0 明 0
76.91 77.294 58.0 - 0
77.294 78.448 58.0 白 1
78.801 79.186 58.0 也 0
79.186 79.57 66.0 不 0
79.57 79.955 63.0 需 0
79.955 80.339 66.0 要 0
80.339 80.724 56.0 明 0
80.724 81.109 56.0 - 0
81.109 81.686 56.0 白 0
81.686 82.647 52.0 - 1
84.194 84.578 64.0 就 0
84.578 84.963 63.0 让 0
84.963 85.347 59.0 我 0
85.347 85.732 63.0 这 0
85.732 86.117 63.0 样 0
86.117 86.501 64.0 到 0
86.501 89.578 66.0 老 0
89.578 92.27 68.0 - 0
92.27 93.809 63.0 - 1
100.265 100.65 59.0 谁 0
100.65 101.035 59.0 能 0
101.035 101.419 59.0 真 0
101.419 101.804 59.0 的 0
101.804 102.188 59.0 让 0
102.188 102.573 54.0 - 0
102.573 103.253 54.0 谁 1
103.836 104.221 59.0 幸 0
104.221 104.605 59.0 福 0
104.605 104.99 61.0 到 0
104.99 105.374 59.0 故 0
105.374 105.759 56.0 - 0
105.759 106.528 56.0 事 0
106.528 107.297 59.0 的 0
107.297 107.682 56.0 结 0
107.682 108.067 54.0 - 0
108.067 108.836 54.0 尾 0
108.836 110.543 51.0 - 1
112.527 112.912 59.0 何 0
112.912 113.296 59.0 必 0
113.296 113.681 59.0 那 0
113.681 114.066 61.0 么 0
114.066 114.835 64.0 的 0
114.835 115.219 61.0 慌 0
115.219 115.604 59.0 - 0
115.604 116.306 59.0 张 1
116.512 116.897 59.0 有 0
116.897 117.281 59.0 时 0
117.281 117.666 59.0 清 0
117.666 118.051 56.0 - 0
118.051 118.82 56.0 醒 1
118.832 119.601 59.0 才 0
119.601 120.274 61.0 是 0
120.37 120.755 61.0 错 0
120.755 121.14 63.0 - 0
121.14 121.909 58.0 误 0
121.909 122.582 63.0 的 0
122.678 122.87 59.0 开 0
122.87 123.063 61.0 - 0
123.063 123.255 59.0 - 0
123.447 123.832 58.0 始 0
123.832 124.601 59.0 - 1
124.863 125.247 59.0 我 0
125.247 125.632 66.0 不 0
125.632 126.017 63.0 需 0
126.017 126.401 58.0 - 0
126.401 127.555 58.0 要 1
128.043 128.427 58.0 也 0
128.427 128.812 66.0 不 0
128.812 129.197 63.0 重 0
129.197 129.581 56.0 - 0
129.581 131.12 56.0 要 1
131.866 132.25 56.0 做 0
132.25 132.635 56.0 一 0
132.635 133.02 56.0 个 0
133.02 133.404 56.0 傻 0
133.404 134.174 58.0 子 0
134.174 134.943 59.0 多 0
134.943 135.712 64.0 么 0
135.712 136.289 63.0 好 0
136.289 137.015 63.0 - 1
137.289 137.674 63.0 我 0
137.674 138.059 66.0 不 0
138.059 138.443 61.0 明 0
138.443 138.828 58.0 - 0
138.828 139.982 58.0 白 1
140.275 140.66 58.0 也 0
140.66 141.045 66.0 不 0
141.045 141.429 63.0 需 0
141.429 141.814 66.0 要 0
141.814 142.198 56.0 明 0
142.198 142.583 56.0 - 0
142.583 143.352 56.0 白 0
143.352 144.795 59.0 - 1
145.643 146.028 64.0 就 0
146.028 146.412 63.0 让 0
146.412 146.797 59.0 我 0
146.797 147.181 63.0 这 0
147.181 147.566 63.0 样 0
147.566 147.951 64.0 就 0
147.951 148.335 61.0 很 0
148.335 148.72 59.0 - 0
148.72 149.489 59.0 好 1
149.992 150.376 59.0 没 0
150.376 150.761 61.0 什 0
150.761 151.146 59.0 么 0
151.146 151.915 63.0 紧 0
151.915 152.684 58.0 要 1
153.032 153.416 58.0 只 0
153.416 153.801 59.0 需 0
153.801 154.186 59.0 要 0
154.186 154.955 63.0 你 0
154.955 155.339 59.0 轻 0
155.339 155.724 59.0 轻 0
155.724 156.109 59.0 一 0
156.109 156.301 66.0 个 0
156.301 156.686 68.0 拥 0
156.686 156.878 66.0 - 0
156.878 158.032 59.0 抱 0
158.032 158.894 56.0 - 1
159.101 159.485 59.0 就 0
159.485 159.87 61.0 算 0
159.87 160.254 59.0 不 0
160.254 161.019 63.0 留 0
161.024 161.408 59.0 下 0
161.408 161.793 59.0 什 0
161.793 162.177 59.0 么 0
162.177 162.562 59.0 也 0
162.562 162.947 56.0 无 0
162.947 163.331 59.0 所 0
163.331 163.908 58.0 谓 0
163.908 164.966 61.0 - 1
165.298 165.683 59.0 就 0
165.683 166.068 61.0 算 0
166.068 166.452 59.0 留 0
166.452 166.837 61.0 下 0
166.837 167.221 59.0 - 0
167.221 167.606 59.0 了 0
167.606 167.991 59.0 什 0
167.991 168.375 59.0 么 0
168.375 168.76 59.0 也 0
168.76 169.145 61.0 都 0
169.145 169.529 63.0 珍 0
169.529 170.298 64.0 贵 1
170.596 170.981 63.0 珍 0
170.981 171.75 64.0 贵 0
172.134 172.519 63.0 珍 0
172.519 175.596 66.0 贵 0
175.596 178.288 70.0 - 0
178.288 181.365 64.0 - 1
181.893 182.276 56.0 做 0
182.277 182.465 63.0 傻 0
182.47 182.854 64.0 - 0
182.854 183.239 63.0 子 0
183.431 184.104 64.0 多 0
184.201 184.585 64.0 么 0
184.585 184.97 63.0 - 0
184.97 185.354 66.0 好 0
185.354 186.124 63.0 - 1
186.401 186.786 63.0 我 0
186.786 187.17 66.0 不 0
187.17 187.555 61.0 明 0
187.555 187.94 58.0 - 0
187.94 188.743 58.0 白 1
189.486 189.871 58.0 也 0
189.871 190.255 66.0 不 0
190.255 190.64 63.0 需 0
190.64 191.025 66.0 要 0
191.025 191.409 56.0 明 0
191.409 191.794 56.0 - 0
191.794 192.755 56.0 白 0
192.755 194.486 59.0 - 1
194.907 195.291 64.0 就 0
195.291 195.676 63.0 让 0
195.676 196.061 59.0 我 0
196.061 196.445 64.0 这 0
196.445 196.83 63.0 样 0
196.83 197.214 64.0 到 0
197.214 199.907 63.0 老 1
202.287 203.057 58.0 这 0
203.057 203.441 59.0 样 0
203.441 204.114 59.0 到 0
204.211 206.994 56.0 老 1
