13.658 14.099 60.0 一 0
14.099 14.54 63.0 条 0
14.54 14.982 63.0 路 0
14.982 15.864 65.0 - 0
15.864 16.305 63.0 海 0
16.305 16.746 65.0 角 0
16.746 17.187 70.0 - 0
17.187 17.629 70.0 天 0
17.629 18.07 68.0 - 0
18.07 20.276 63.0 涯 1
20.548 20.989 60.0 两 0
20.989 21.43 63.0 颗 0
21.43 21.871 63.0 心 0
21.871 22.754 65.0 - 0
22.754 23.195 63.0 相 0
23.195 23.636 65.0 依 0
23.636 24.077 70.0 - 0
24.077 24.518 70.0 相 0
24.518 24.96 68.0 - 0
24.96 25.401 68.0 伴 0
25.401 26.283 70.0 - 1
27.751 28.192 68.0 风 0
28.192 28.633 70.0 吹 0
28.633 29.074 70.0 不 0
29.074 29.957 72.0 - 0
29.957 30.398 70.0 走 0
30.398 30.839 70.0 誓 0
30.839 31.721 68.0 言 1
31.735 32.176 65.0 雨 0
32.176 32.618 67.0 打 0
32.618 33.5 68.0 - 0
33.5 33.941 70.0 不 0
33.941 34.382 68.0 湿 0
34.382 34.823 68.0 浪 0
34.823 35.265 65.0 漫 0
35.265 35.706 63.0 - 1
35.711 36.152 60.0 意 0
36.152 36.593 58.0 济 0
36.593 37.034 60.0 苍 0
37.034 37.476 67.0 生 0
37.476 37.917 65.0 苦 0
37.917 38.358 63.0 与 0
38.358 39.24 63.0 痛 1
39.25 39.691 65.0 情 0
39.691 40.133 63.0 牵 0
40.133 40.574 65.0 天 0
40.574 41.015 63.0 下 0
41.015 41.456 63.0 喜 0
41.456 42.338 65.0 - 0
42.338 42.78 60.0 与 0
42.78 44.986 63.0 乐 1
45.393 45.834 60.0 一 0
45.834 46.275 63.0 条 0
46.275 46.716 63.0 路 0
46.716 47.599 65.0 - 0
47.599 48.04 63.0 千 0
48.04 48.481 65.0 山 0
48.481 48.922 70.0 - 0
48.922 49.363 70.0 万 0
49.363 49.804 68.0 - 0
49.804 52.01 63.0 水 1
52.418 52.859 60.0 两 0
52.859 53.3 63.0 颗 0
53.3 53.741 63.0 心 0
53.741 54.623 65.0 - 0
54.623 55.065 63.0 无 0
55.065 55.506 65.0 怨 0
55.506 55.947 72.0 - 0
55.947 56.388 70.0 无 0
56.388 56.829 68.0 - 0
56.829 57.27 68.0 悔 0
57.27 58.153 70.0 - 1
59.526 59.968 68.0 风 0
59.968 60.409 70.0 吹 0
60.409 60.85 70.0 不 0
60.85 61.732 72.0 - 0
61.732 62.173 70.0 走 0
62.173 62.615 70.0 誓 0
62.615 63.497 68.0 言 1
63.503 63.944 65.0 雨 0
63.944 64.385 67.0 打 0
64.385 65.268 68.0 - 0
65.268 65.709 70.0 不 0
65.709 66.15 70.0 湿 0
66.15 66.591 68.0 浪 0
66.591 67.032 65.0 漫 0
67.032 67.474 63.0 - 1
67.502 67.943 60.0 意 0
67.943 68.384 58.0 济 0
68.384 68.825 60.0 苍 0
68.825 69.266 68.0 生 0
69.266 69.707 65.0 苦 0
69.707 70.149 63.0 与 0
70.149 71.031 63.0 痛 1
71.035 71.476 65.0 情 0
71.476 71.917 63.0 牵 0
71.917 72.358 65.0 天 0
72.358 72.8 63.0 下 0
72.8 73.241 63.0 喜 0
73.241 74.123 65.0 - 0
74.123 74.564 65.0 与 0
74.564 76.77 70.0 乐 1
77.194 77.636 68.0 明 0
77.636 78.077 70.0 月 0
78.077 78.518 70.0 清 0
78.518 78.959 72.0 - 0
78.959 79.4 70.0 风 0
79.4 79.841 70.0 相 0
79.841 80.724 70.0 思 1
80.739 81.18 68.0 丽 0
81.18 81.621 70.0 日 0
81.621 82.062 72.0 百 0
82.062 82.504 75.0 草 0
82.504 82.945 72.0 也 0
82.945 83.386 70.0 多 0
83.386 83.827 70.0 情 1
84.266 84.707 65.0 两 0
84.707 85.149 67.0 颗 0
85.149 86.031 68.0 心 0
86.031 86.472 68.0 长 0
86.472 86.913 70.0 相 0
86.913 87.796 70.0 伴 1
87.798 88.239 65.0 你 0
88.239 88.68 67.0 我 0
88.68 88.901 68.0 写 0
88.901 89.342 68.0 下 0
89.342 89.562 65.0 爱 0
89.562 90.004 68.0 的 0
90.004 90.445 72.0 神 0
90.445 90.886 70.0 话 1
91.315 91.756 68.0 明 0
91.756 92.197 70.0 月 0
92.197 93.08 72.0 清 0
93.08 93.521 72.0 风 0
93.521 93.962 70.0 相 0
93.962 94.844 70.0 思 1
94.844 95.286 68.0 丽 0
95.286 95.727 70.0 日 0
95.727 96.168 72.0 百 0
96.168 96.609 75.0 草 0
96.609 97.05 72.0 也 0
97.05 97.492 70.0 多 0
97.492 97.933 70.0 情 1
98.373 98.814 65.0 两 0
98.814 99.255 67.0 颗 0
99.255 99.476 67.0 心 0
99.476 99.917 68.0 - 0
99.917 100.138 65.0 无 0
100.138 100.579 68.0 怨 0
100.579 101.02 72.0 无 0
101.02 101.902 70.0 悔 1
102.241 102.462 65.0 你 0
102.462 102.683 67.0 我 0
102.683 103.124 68.0 写 0
103.124 103.565 68.0 下 0
103.565 104.006 67.0 爱 0
104.006 105.33 65.0 的 0
105.33 105.771 63.0 神 0
105.771 106.212 65.0 - 0
106.212 106.653 67.0 - 0
106.653 108.859 65.0 话 1
137.123 137.565 60.0 一 0
137.565 138.006 63.0 条 0
138.006 138.447 63.0 路 0
138.447 139.329 65.0 - 0
139.329 139.77 63.0 海 0
139.77 140.212 65.0 角 0
140.212 140.653 72.0 - 0
140.653 141.094 70.0 天 0
141.094 141.535 68.0 - 0
141.535 143.741 63.0 涯 1
144.136 144.577 60.0 两 0
144.577 145.019 63.0 颗 0
145.019 145.46 63.0 心 0
145.46 146.342 65.0 - 0
146.342 146.783 63.0 相 0
146.783 147.224 65.0 依 0
147.224 147.666 70.0 - 0
147.666 148.107 70.0 相 0
148.107 148.548 68.0 - 0
148.548 148.989 68.0 伴 0
148.989 149.872 70.0 - 1
151.328 151.769 68.0 风 0
151.769 152.21 70.0 吹 0
152.21 152.652 70.0 不 0
152.652 153.534 72.0 - 0
153.534 153.975 70.0 走 0
153.975 154.416 70.0 誓 0
154.416 155.299 68.0 言 1
155.304 155.745 65.0 雨 0
155.745 156.186 67.0 打 0
156.186 157.068 68.0 - 0
157.068 157.51 70.0 不 0
157.51 157.951 70.0 湿 0
157.951 158.392 68.0 浪 0
158.392 158.833 65.0 漫 0
158.833 159.274 63.0 - 1
159.274 159.715 60.0 意 0
159.715 160.157 58.0 济 0
160.157 160.598 60.0 苍 0
160.598 161.039 68.0 生 0
161.039 161.48 65.0 苦 0
161.48 161.921 63.0 与 0
161.921 162.804 63.0 痛 1
162.805 163.246 65.0 情 0
163.246 163.687 63.0 牵 0
163.687 164.128 65.0 天 0
164.128 164.569 63.0 下 0
164.569 165.011 63.0 喜 0
165.011 165.893 65.0 - 0
165.893 166.334 60.0 与 0
166.334 168.54 63.0 乐 1
168.968 169.409 60.0 一 0
169.409 169.85 63.0 条 0
169.85 170.292 63.0 路 0
170.292 171.174 65.0 - 0
171.174 171.615 63.0 千 0
171.615 172.056 65.0 山 0
172.056 172.498 70.0 - 0
172.498 172.939 70.0 万 0
172.939 173.38 68.0 - 0
173.38 175.586 63.0 水 1
175.904 176.345 60.0 两 0
176.345 176.786 63.0 颗 0
176.786 177.227 63.0 心 0
177.227 178.11 65.0 - 0
178.11 178.551 63.0 无 0
178.551 178.992 65.0 怨 0
178.992 179.433 70.0 - 0
179.433 179.875 70.0 无 0
179.875 180.316 68.0 - 0
180.316 180.757 68.0 悔 0
180.757 181.639 70.0 - 1
183.032 183.473 68.0 风 0
183.473 183.914 70.0 吹 0
183.914 184.355 70.0 不 0
184.355 185.238 72.0 - 0
185.238 185.679 70.0 走 0
185.679 186.12 70.0 誓 0
186.12 187.002 68.0 言 1
187.003 187.445 65.0 雨 0
187.445 187.886 67.0 打 0
187.886 188.768 68.0 - 0
188.768 189.209 70.0 不 0
189.209 189.65 68.0 湿 0
189.65 190.092 68.0 浪 0
190.092 190.533 65.0 漫 0
190.533 190.974 63.0 - 1
190.99 191.431 60.0 意 0
191.431 191.872 58.0 济 0
191.872 192.313 60.0 苍 0
192.313 192.755 67.0 生 0
192.755 193.196 65.0 苦 0
193.196 193.637 63.0 与 0
193.637 194.519 63.0 痛 1
194.532 194.974 65.0 情 0
194.974 195.415 63.0 牵 0
195.415 195.856 65.0 天 0
195.856 196.297 63.0 下 0
196.297 196.738 63.0 喜 0
196.738 197.621 65.0 - 0
197.621 198.062 68.0 与 0
198.062 200.268 70.0 乐 1
200.59 201.031 68.0 明 0
201.031 201.472 70.0 月 0
201.472 201.913 70.0 清 0
201.913 202.355 72.0 - 0
202.355 202.796 72.0 风 0
202.796 203.237 70.0 相 0
203.237 204.119 70.0 思 1
204.254 204.695 68.0 丽 0
204.695 205.137 70.0 日 0
205.137 205.578 72.0 百 0
205.578 206.019 77.0 草 0
206.019 206.46 72.0 也 0
206.46 206.901 70.0 多 0
206.901 207.342 70.0 情 1
207.793 208.234 65.0 两 0
208.234 208.675 67.0 颗 0
208.675 209.557 68.0 心 0
209.557 209.999 68.0 长 0
209.999 210.44 72.0 相 0
210.44 211.322 70.0 伴 1
211.334 211.775 65.0 你 0
211.775 212.216 67.0 我 0
212.216 212.437 67.0 写 0
212.437 212.878 68.0 下 0
212.878 213.099 65.0 爱 0
213.099 213.54 68.0 的 0
213.54 213.981 70.0 神 0
213.981 214.422 70.0 话 1
214.775 215.217 68.0 明 0
215.217 215.658 70.0 月 0
215.658 216.54 72.0 清 0
216.54 216.981 70.0 风 0
216.981 217.423 70.0 相 0
217.423 218.305 70.0 思 1
218.336 218.777 68.0 丽 0
218.777 219.218 70.0 日 0
219.218 219.659 72.0 百 0
219.659 220.101 75.0 草 0
220.101 220.542 72.0 也 0
220.542 220.983 70.0 多 0
220.983 221.424 70.0 情 1
221.819 222.26 65.0 两 0
222.26 222.702 67.0 颗 0
222.702 222.922 67.0 心 0
222.922 223.363 68.0 - 0
223.363 223.584 65.0 无 0
223.584 224.025 68.0 怨 0
224.025 224.466 70.0 无 0
224.466 225.349 70.0 悔 1
225.761 225.981 65.0 你 0
225.981 226.202 67.0 我 0
226.202 226.643 68.0 写 0
226.643 227.084 68.0 下 0
227.084 227.305 67.0 爱 0
227.526 228.849 65.0 的 0
228.849 229.29 63.0 神 0
229.29 229.732 65.0 - 0
229.732 231.937 65.0 话 1
232.468 232.901 68.0 明 0
232.901 233.329 70.0 月 0
233.329 233.55 70.0 清 0
233.55 233.991 72.0 - 0
234.212 234.653 72.0 风 0
234.653 235.094 70.0 相 0
235.094 235.756 70.0 思 1
235.919 236.361 68.0 丽 0
236.361 236.802 70.0 日 0
236.802 237.243 72.0 百 0
237.243 237.684 75.0 草 0
237.684 238.125 72.0 也 0
238.125 238.567 70.0 多 0
238.567 239.008 70.0 情 1
239.473 239.914 65.0 两 0
239.914 240.355 67.0 颗 0
240.355 241.238 68.0 心 0
241.238 241.679 68.0 长 0
241.679 242.12 72.0 相 0
242.12 243.002 70.0 伴 1
243.036 243.477 65.0 你 0
243.477 243.919 67.0 我 0
243.919 244.139 67.0 写 0
244.139 244.58 68.0 下 0
244.58 244.801 65.0 爱 0
244.801 245.242 68.0 的 0
245.242 245.683 70.0 神 0
245.683 246.125 70.0 话 1
246.537 246.978 68.0 明 0
246.978 247.419 70.0 月 0
247.419 247.64 70.0 清 0
247.64 248.081 72.0 - 0
248.081 248.301 70.0 风 0
248.301 248.522 72.0 - 0
248.522 248.743 70.0 - 0
248.743 249.184 70.0 相 0
249.184 250.066 70.0 思 1
250.079 250.52 68.0 丽 0
250.52 250.961 70.0 日 0
250.961 251.403 72.0 百 0
251.403 251.844 77.0 草 0
251.844 252.285 72.0 也 0
252.285 252.726 70.0 多 0
252.726 253.167 70.0 情 1
253.62 254.061 65.0 两 0
254.061 254.281 67.0 颗 0
254.281 254.502 67.0 心 0
254.502 254.943 68.0 - 0
255.164 255.384 65.0 无 0
255.384 255.825 68.0 怨 0
255.825 256.267 70.0 无 0
256.267 257.149 70.0 悔 1
257.546 257.767 65.0 你 0
257.767 257.987 67.0 我 0
257.987 258.428 68.0 写 0
258.428 258.87 68.0 下 0
258.87 259.09 65.0 爱 0
259.09 259.531 67.0 - 0
259.531 260.634 65.0 的 0
262.178 262.84 63.0 神 0
262.84 263.723 67.0 - 0
263.723 265.928 65.0 话 1
