35.832 36.207 57.0 想 0
36.207 36.582 57.0 问 0
36.582 36.957 65.0 沙 0
36.957 37.332 65.0 漠 0
37.332 37.707 65.0 借 0
37.707 38.082 65.0 那 0
38.082 38.457 62.0 一 0
38.457 38.832 62.0 根 0
38.832 39.207 62.0 曲 0
39.207 39.957 60.0 线 1
41.696 42.071 57.0 缝 0
42.071 42.446 57.0 件 0
42.446 42.821 62.0 披 0
42.821 43.196 62.0 风 0
43.196 43.571 62.0 为 0
43.571 43.946 62.0 你 0
43.946 44.321 60.0 御 0
44.321 45.446 57.0 寒 1
50.85 51.225 57.0 用 0
51.225 51.6 57.0 肺 0
51.6 52.35 65.0 腑 0
52.35 53.1 65.0 去 0
53.1 53.475 65.0 触 0
53.475 54.225 67.0 - 0
54.225 54.6 69.0 摸 0
54.6 54.975 67.0 你 0
54.975 55.35 67.0 的 0
55.35 55.725 67.0 灵 0
55.725 56.475 65.0 魂 1
56.732 57.107 60.0 我 0
57.107 57.482 57.0 就 0
57.482 57.857 62.0 在 0
57.857 58.232 62.0 那 0
58.232 58.607 62.0 只 0
58.607 58.982 62.0 火 0
58.982 59.357 60.0 炉 0
59.357 59.732 62.0 边 0
59.732 60.107 60.0 取 0
60.107 60.857 57.0 暖 1
65.742 66.117 57.0 想 0
66.117 66.492 57.0 问 0
66.492 66.867 65.0 姻 0
66.867 67.242 65.0 缘 0
67.242 67.617 65.0 借 0
67.617 67.992 65.0 那 0
67.992 68.367 62.0 一 0
68.367 68.742 62.0 根 0
68.742 69.117 62.0 红 0
69.117 69.867 60.0 线 1
71.819 72.194 57.0 深 0
72.194 72.569 57.0 埋 0
72.569 72.944 62.0 生 0
72.944 73.319 62.0 命 0
73.319 73.694 62.0 血 0
73.694 74.444 62.0 脉 0
74.444 74.819 62.0 - 0
74.819 75.194 60.0 相 0
75.194 76.319 57.0 连 1
80.784 81.159 57.0 用 0
81.159 81.534 57.0 丝 0
81.534 82.284 65.0 绸 0
82.284 83.034 65.0 去 0
83.034 83.409 65.0 润 0
83.409 84.159 67.0 - 0
84.159 84.534 69.0 泽 0
84.534 84.909 67.0 你 0
84.909 85.284 67.0 的 0
85.284 85.659 67.0 肌 0
85.659 86.409 65.0 肤 1
86.85 87.225 57.0 我 0
87.225 87.6 57.0 就 0
87.6 87.975 62.0 在 0
87.975 88.35 62.0 那 0
88.35 88.725 62.0 个 0
88.725 89.1 62.0 怀 0
89.1 89.475 60.0 抱 0
89.475 89.85 62.0 里 0
89.85 90.131 60.0 缠 0
90.131 90.413 60.0 - 0
90.413 90.975 57.0 绵 1
95.704 96.079 65.0 你 0
96.079 96.454 67.0 总 0
96.454 96.829 69.0 是 0
96.829 97.204 69.0 随 0
97.204 97.579 69.0 手 0
97.579 97.954 69.0 把 0
97.954 98.329 69.0 银 0
98.329 98.704 69.0 簪 0
98.704 99.079 67.0 插 0
99.079 99.454 65.0 在 0
99.454 99.829 67.0 太 0
99.829 100.204 67.0 阳 0
100.204 100.579 69.0 上 0
100.579 101.329 67.0 面 1
101.734 102.109 65.0 万 0
102.109 102.484 67.0 道 0
102.484 102.859 69.0 光 0
102.859 103.234 72.0 芒 0
103.234 103.609 72.0 蓬 0
103.609 103.984 72.0 松 0
103.984 104.359 72.0 着 0
104.359 104.734 72.0 你 0
104.734 105.109 72.0 长 0
105.109 105.484 74.0 发 0
105.484 105.859 74.0 的 0
105.859 106.234 72.0 波 0
106.234 106.609 69.0 - 0
106.609 107.359 69.0 澜 1
107.839 108.589 65.0 我 0
108.589 108.964 72.0 闻 0
108.964 109.339 74.0 着 0
109.339 109.714 74.0 芬 0
109.714 110.089 74.0 芳 0
110.089 110.464 74.0 跋 0
110.464 110.839 72.0 涉 0
110.839 111.214 69.0 - 0
111.214 111.589 69.0 着 0
111.589 111.964 69.0 无 0
111.964 112.714 67.0 限 0
112.714 113.089 62.0 - 0
113.089 113.652 62.0 远 1
113.731 114.106 62.0 只 0
114.106 114.481 65.0 为 0
114.481 114.856 67.0 看 0
114.856 115.231 67.0 清 0
115.231 115.606 67.0 你 0
115.606 116.356 67.0 的 0
116.356 116.731 65.0 容 0
116.731 117.106 62.0 - 0
117.106 117.481 60.0 - 0
117.481 118.981 60.0 颜 1
119.826 120.201 65.0 你 0
120.201 120.576 67.0 总 0
120.576 120.951 69.0 不 0
120.951 121.326 69.0 小 0
121.326 121.701 69.0 心 0
121.701 122.076 69.0 把 0
122.076 122.451 69.0 倩 0
122.451 122.826 72.0 影 0
122.826 123.201 72.0 靠 0
123.201 123.576 69.0 在 0
123.576 123.951 67.0 月 0
123.951 124.326 67.0 亮 0
124.326 124.701 69.0 上 0
124.701 125.451 65.0 面 1
125.698 126.073 65.0 万 0
126.073 126.448 67.0 顷 0
126.448 126.823 69.0 月 0
126.823 127.198 72.0 光 0
127.198 127.573 72.0 舞 0
127.573 127.948 72.0 动 0
127.948 128.323 72.0 着 0
128.323 128.698 74.0 你 0
128.698 129.073 74.0 优 0
129.073 129.448 74.0 美 0
129.448 129.823 74.0 的 0
129.823 130.198 72.0 梦 0
130.198 130.573 69.0 - 0
130.573 131.323 69.0 幻 1
131.772 132.522 65.0 我 0
132.522 132.616 72.0 闻 0
132.616 132.897 74.0 着 0
132.897 133.272 74.0 - 0
133.272 133.647 74.0 芬 0
133.647 134.022 74.0 芳 0
134.022 134.397 74.0 跋 0
134.397 134.772 72.0 涉 0
134.772 135.147 69.0 - 0
135.147 135.522 69.0 着 0
135.522 136.085 69.0 无 0
136.085 136.647 67.0 限 0
136.647 137.022 62.0 - 0
137.022 137.397 62.0 远 1
137.828 138.203 62.0 只 0
138.203 138.578 62.0 为 0
138.578 138.953 67.0 看 0
138.953 139.328 69.0 清 0
139.328 139.703 69.0 你 0
139.703 140.453 69.0 的 0
140.453 140.828 72.0 容 0
140.828 141.203 74.0 - 0
141.203 141.578 72.0 - 0
141.578 146.078 69.0 颜 1
146.884 147.259 72.0 谁 0
147.259 147.634 74.0 与 0
147.634 148.009 77.0 美 0
148.009 148.384 77.0 人 0
148.384 148.759 77.0 共 0
148.759 149.134 77.0 浴 0
149.134 149.884 77.0 沙 0
149.884 150.259 74.0 河 0
150.259 150.634 72.0 - 0
150.634 151.009 72.0 互 0
151.009 151.384 74.0 为 0
151.384 151.759 74.0 一 0
151.759 152.134 72.0 天 0
152.134 152.884 74.0 地 1
152.884 153.259 72.0 谁 0
153.259 153.634 74.0 与 0
153.634 154.009 77.0 美 0
154.009 154.384 77.0 人 0
154.384 154.759 77.0 共 0
154.759 155.134 77.0 枕 0
155.134 155.509 77.0 夕 0
155.509 155.884 77.0 阳 0
155.884 156.259 74.0 长 0
156.259 156.634 72.0 醉 0
156.634 157.009 72.0 两 0
157.009 157.384 72.0 千 0
157.384 157.759 74.0 - 0
157.759 158.509 69.0 年 1
158.731 159.106 62.0 从 0
159.106 159.481 65.0 未 0
159.481 159.856 67.0 说 0
159.856 160.231 67.0 出 0
160.231 160.606 67.0 我 0
160.606 160.981 67.0 是 0
160.981 161.356 62.0 你 0
161.356 161.731 62.0 的 0
161.731 162.106 62.0 尘 0
162.106 163.981 67.0 埃 1
164.884 165.259 65.0 但 0
165.259 165.634 67.0 你 0
165.634 166.384 69.0 却 0
166.384 168.634 72.0 是 0
170.134 170.509 67.0 我 0
170.509 170.884 69.0 - 0
170.884 171.259 67.0 的 0
171.259 171.634 65.0 楼 0
171.634 172.009 62.0 - 0
172.009 174.259 62.0 兰 1
194.746 195.121 57.0 想 0
195.121 195.496 57.0 问 0
195.496 195.871 65.0 姻 0
195.871 196.246 65.0 缘 0
196.246 196.621 65.0 借 0
196.621 196.996 65.0 那 0
196.996 197.371 62.0 一 0
197.371 197.746 62.0 根 0
197.746 198.121 62.0 红 0
198.121 198.871 60.0 线 1
200.86 201.235 57.0 深 0
201.235 201.61 57.0 埋 0
201.61 201.985 62.0 生 0
201.985 202.36 62.0 命 0
202.36 202.735 62.0 血 0
202.735 203.485 62.0 脉 0
203.485 203.86 62.0 - 0
203.86 204.235 60.0 相 0
204.235 205.36 57.0 连 1
209.84 210.215 57.0 用 0
210.215 210.59 57.0 丝 0
210.59 211.34 65.0 绸 0
211.34 212.09 65.0 去 0
212.09 212.465 65.0 润 0
212.465 213.215 67.0 - 0
213.215 213.59 69.0 泽 0
213.59 213.965 67.0 你 0
213.965 214.34 67.0 的 0
214.34 214.715 67.0 肌 0
214.715 215.465 65.0 肤 1
215.841 216.216 57.0 我 0
216.216 216.591 57.0 就 0
216.591 216.966 62.0 在 0
216.966 217.341 62.0 那 0
217.341 217.716 62.0 个 0
217.716 218.091 62.0 怀 0
218.091 218.466 60.0 抱 0
218.466 218.841 62.0 里 0
218.841 219.122 60.0 缠 0
219.122 219.404 60.0 - 0
219.404 219.966 57.0 绵 1
224.855 225.23 65.0 你 0
225.23 225.605 67.0 总 0
225.605 225.98 69.0 是 0
225.98 226.355 69.0 随 0
226.355 226.73 69.0 手 0
226.73 227.105 69.0 把 0
227.105 227.48 69.0 银 0
227.48 227.855 69.0 簪 0
227.855 228.23 67.0 插 0
228.23 228.605 65.0 在 0
228.605 228.98 67.0 太 0
228.98 229.355 67.0 阳 0
229.355 229.73 69.0 上 0
229.73 230.48 67.0 面 1
230.739 231.114 65.0 万 0
231.114 231.489 67.0 道 0
231.489 231.864 69.0 光 0
231.864 232.239 72.0 芒 0
232.239 232.614 72.0 蓬 0
232.614 232.989 72.0 松 0
232.989 233.364 72.0 着 0
233.364 233.739 72.0 你 0
233.739 234.114 72.0 长 0
234.114 234.489 74.0 发 0
234.489 234.864 74.0 的 0
234.864 235.239 72.0 波 0
235.239 235.614 69.0 - 0
235.614 236.364 69.0 澜 1
236.768 237.518 65.0 我 0
237.518 237.893 72.0 闻 0
237.893 238.268 74.0 着 0
238.268 238.643 74.0 芬 0
238.643 239.018 74.0 芳 0
239.018 239.393 74.0 跋 0
239.393 239.768 72.0 涉 0
239.768 240.143 69.0 - 0
240.143 240.518 69.0 着 0
240.518 240.893 69.0 无 0
240.893 241.549 67.0 限 0
241.549 242.018 62.0 - 0
242.018 242.581 62.0 远 1
242.867 243.242 62.0 只 0
243.242 243.617 65.0 为 0
243.617 243.992 67.0 看 0
243.992 244.367 67.0 清 0
244.367 244.742 67.0 你 0
244.742 245.492 67.0 的 0
245.492 245.867 65.0 容 0
245.867 246.242 62.0 - 0
246.242 246.617 60.0 - 0
246.617 248.117 60.0 颜 1
248.835 249.21 65.0 你 0
249.21 249.585 67.0 总 0
249.585 249.96 69.0 不 0
249.96 250.335 69.0 小 0
250.335 250.71 69.0 心 0
250.71 251.085 69.0 把 0
251.085 251.46 69.0 倩 0
251.46 251.835 72.0 影 0
251.835 252.21 72.0 靠 0
252.21 252.585 69.0 在 0
252.585 252.96 67.0 月 0
252.96 253.335 67.0 亮 0
253.335 253.71 69.0 上 0
253.71 254.46 65.0 面 1
254.762 255.137 65.0 万 0
255.137 255.512 67.0 顷 0
255.512 255.887 69.0 月 0
255.887 256.262 72.0 光 0
256.262 256.637 72.0 舞 0
256.637 257.012 72.0 动 0
257.012 257.387 72.0 着 0
257.387 257.762 74.0 你 0
257.762 258.137 74.0 优 0
258.137 258.512 74.0 美 0
258.512 258.887 74.0 的 0
258.887 259.262 72.0 梦 0
259.262 259.637 69.0 - 0
259.637 260.387 69.0 幻 1
260.865 261.615 65.0 我 0
261.615 261.709 72.0 闻 0
261.709 261.99 74.0 着 0
261.99 262.365 74.0 - 0
262.365 262.74 74.0 芬 0
262.74 263.115 74.0 芳 0
263.115 263.49 74.0 跋 0
263.49 263.865 72.0 涉 0
263.865 264.24 69.0 - 0
264.24 264.615 69.0 着 0
264.615 265.178 69.0 无 0
265.178 265.74 67.0 限 0
265.74 266.115 62.0 - 0
266.115 266.49 62.0 远 1
266.778 267.153 62.0 只 0
267.153 267.528 62.0 为 0
267.528 267.903 67.0 看 0
267.903 268.278 69.0 清 0
268.278 268.653 69.0 你 0
268.653 269.403 69.0 的 0
269.403 269.778 72.0 容 0
269.778 270.153 74.0 - 0
270.153 270.528 72.0 - 0
270.528 275.028 69.0 颜 1
275.769 276.144 72.0 谁 0
276.144 276.519 74.0 与 0
276.519 276.894 77.0 美 0
276.894 277.269 77.0 人 0
277.269 277.644 77.0 共 0
277.644 278.019 77.0 浴 0
278.019 278.769 77.0 沙 0
278.769 279.144 74.0 河 0
279.144 279.519 72.0 - 0
279.519 279.894 72.0 互 0
279.894 280.269 74.0 为 0
280.269 280.644 74.0 一 0
280.644 281.019 72.0 天 0
281.019 281.769 74.0 地 1
281.888 282.263 72.0 谁 0
282.263 282.638 74.0 与 0
282.638 283.013 77.0 美 0
283.013 283.388 77.0 人 0
283.388 283.763 77.0 共 0
283.763 284.138 77.0 枕 0
284.138 284.513 77.0 夕 0
284.513 284.888 77.0 阳 0
284.888 285.263 74.0 长 0
285.263 285.638 72.0 醉 0
285.638 286.013 72.0 两 0
286.013 286.388 72.0 千 0
286.388 286.763 74.0 - 0
286.763 287.513 69.0 年 1
287.771 288.146 62.0 从 0
288.146 288.521 65.0 未 0
288.521 288.896 67.0 说 0
288.896 289.271 67.0 出 0
289.271 289.646 67.0 我 0
289.646 290.021 67.0 是 0
290.021 290.396 62.0 你 0
290.396 290.771 62.0 的 0
290.771 291.146 62.0 尘 0
291.146 293.021 67.0 埃 1
293.822 294.197 65.0 但 0
294.197 294.572 67.0 你 0
294.572 295.322 69.0 却 0
295.322 297.572 72.0 是 0
299.072 299.447 67.0 我 0
299.447 299.822 69.0 - 0
299.822 300.197 67.0 的 0
300.197 300.572 65.0 楼 0
300.572 300.947 62.0 - 0
300.947 303.197 62.0 兰 1
