19.905 20.202 44.0 你 0
20.205 20.502 51.0 - 0
20.505 20.877 51.0 看 0
21.105 21.402 54.0 那 0
21.405 21.552 51.0 山 0
21.705 22.077 51.0 野 0
22.305 22.527 49.0 中 0
22.605 22.902 47.0 开 0
22.905 23.202 44.0 满 0
23.205 23.427 42.0 的 0
23.505 24.027 44.0 菊 0
24.779 25.076 44.0 花 0
25.079 25.376 51.0 每 0
25.379 25.751 51.0 一 0
25.979 26.276 54.0 朵 0
26.279 26.426 51.0 都 0
26.579 26.876 51.0 像 0
27.179 27.476 56.0 你 0
27.479 27.776 54.0 一 0
27.779 28.076 51.0 样 0
28.079 28.376 49.0 的 0
28.379 28.901 51.0 娇 0
29.456 29.753 51.0 艳 0
29.756 29.978 56.0 我 0
30.056 30.428 56.0 用 0
30.656 30.953 59.0 心 0
30.956 31.103 56.0 去 0
31.256 31.553 56.0 灌 0
31.556 31.853 54.0 溉 0
31.856 32.153 56.0 着 0
32.156 32.453 54.0 我 0
32.456 32.753 51.0 们 0
32.756 33.053 49.0 的 0
33.056 33.578 51.0 爱 0
34.059 34.356 44.0 情 0
34.359 34.581 47.0 绽 0
34.659 34.956 47.0 放 0
34.959 35.256 49.0 出 0
35.259 35.556 51.0 最 0
35.559 36.081 49.0 美 0
36.159 36.456 49.0 的 0
36.459 36.756 42.0 花 0
36.759 37.956 44.0 蕾 0
39.03 39.327 44.0 花 0
39.33 39.627 51.0 - 0
39.63 40.002 51.0 丛 0
40.23 40.527 54.0 中 0
40.53 40.677 51.0 的 0
40.83 41.202 51.0 菊 0
41.43 41.652 49.0 花 0
41.73 42.027 47.0 不 0
42.03 42.327 44.0 及 0
42.33 42.552 42.0 你 0
42.63 43.152 44.0 动 0
43.871 44.168 44.0 人 0
44.171 44.468 51.0 你 0
44.471 44.693 51.0 的 0
44.771 44.993 51.0 笑 0
45.071 45.368 54.0 容 0
45.371 45.518 51.0 让 0
45.671 45.968 51.0 它 0
46.271 46.568 56.0 们 0
46.571 46.868 54.0 羞 0
46.871 47.168 51.0 涩 0
47.171 47.468 54.0 枯 0
47.471 47.993 51.0 萎 0
48.754 49.051 51.0 你 0
49.054 49.276 56.0 - 0
49.354 49.654 56.0 的 0
49.654 49.879 56.0 柔 0
49.954 50.251 59.0 情 0
50.254 50.401 56.0 似 0
50.554 50.851 56.0 水 0
50.854 51.151 54.0 被 0
51.154 51.451 56.0 - 0
51.454 51.751 54.0 紧 0
51.754 52.051 51.0 紧 0
52.054 52.351 49.0 包 0
52.354 52.876 51.0 - 0
53.218 53.515 44.0 围 0
53.518 53.74 47.0 绽 0
53.818 54.115 47.0 放 0
54.118 54.415 49.0 出 0
54.418 54.715 51.0 爱 0
54.718 55.24 49.0 情 0
55.318 55.615 54.0 的 0
55.618 55.915 51.0 甜 0
55.918 57.115 56.0 - 0
57.75 58.047 51.0 美 0
58.05 58.347 54.0 看 0
58.35 58.872 56.0 那 0
58.95 59.247 56.0 一 0
59.25 59.472 59.0 朵 0
59.55 59.847 56.0 - 0
59.85 60.147 58.0 朵 0
60.45 60.972 54.0 - 0
61.05 61.272 54.0 菊 0
61.35 61.647 51.0 花 0
61.65 61.947 51.0 爆 0
61.95 62.247 56.0 满 0
62.488 62.71 51.0 山 0
62.788 63.01 54.0 盛 0
63.088 63.535 54.0 开 0
63.688 63.985 56.0 在 0
63.988 64.285 59.0 我 0
64.288 64.585 61.0 们 0
64.588 64.885 59.0 相 0
64.888 65.185 61.0 爱 0
65.188 65.485 66.0 的 0
65.488 66.61 63.0 季 0
67.261 67.558 63.0 节 0
67.561 67.783 66.0 就 0
67.861 68.158 66.0 算 0
68.161 68.383 68.0 海 0
68.461 68.683 66.0 - 0
68.761 69.058 68.0 水 0
69.061 69.358 61.0 - 0
69.661 69.958 59.0 枯 0
69.961 70.258 61.0 就 0
70.261 70.558 63.0 算 0
70.561 70.858 63.0 石 0
70.861 71.083 61.0 头 0
71.161 71.458 61.0 也 0
71.461 71.908 59.0 腐 0
72.159 72.456 56.0 烂 0
72.459 72.756 54.0 我 0
72.759 73.056 56.0 的 0
73.059 73.356 59.0 心 0
73.359 73.656 61.0 也 0
73.659 73.956 63.0 - 0
73.959 74.256 61.0 不 0
74.259 74.556 59.0 会 0
74.559 74.856 56.0 再 0
74.859 75.156 54.0 改 0
75.159 76.656 56.0 变 0
76.86 77.157 63.0 看 0
77.16 77.457 66.0 - 0
77.46 77.757 66.0 那 0
77.76 77.982 68.0 一 0
78.06 78.507 66.0 - 0
78.51 79.032 61.0 朵 0
79.26 79.557 59.0 朵 0
79.56 79.857 61.0 菊 0
79.86 80.382 63.0 花 0
80.46 80.682 61.0 爆 0
80.76 81.057 63.0 满 0
81.06 81.432 59.0 - 0
81.677 81.974 56.0 山 0
81.977 82.274 54.0 见 0
82.277 82.574 56.0 证 0
82.577 82.799 59.0 了 0
82.877 83.099 59.0 - 0
83.177 83.474 59.0 我 0
83.477 83.699 61.0 们 0
83.777 84.074 63.0 承 0
84.077 84.299 59.0 诺 0
84.377 84.599 66.0 的 0
84.677 85.874 63.0 誓 0
86.605 86.902 63.0 言 0
86.905 87.202 66.0 就 0
87.205 87.502 66.0 算 0
87.505 87.802 68.0 山 0
87.805 88.102 66.0 无 0
88.105 88.402 68.0 - 0
88.405 88.702 61.0 棱 0
89.005 89.302 59.0 就 0
89.305 89.602 61.0 算 0
89.605 89.902 63.0 天 0
89.905 90.202 63.0 地 0
90.205 90.427 61.0 也 0
90.505 90.802 61.0 相 0
90.805 91.102 59.0 连 0
91.424 91.646 56.0 我 0
91.724 92.021 54.0 的 0
92.024 92.321 56.0 手 0
92.324 92.546 59.0 - 0
92.624 92.846 61.0 会 0
92.924 93.221 63.0 - 0
93.224 93.521 61.0 一 0
93.524 93.821 59.0 直 0
93.824 94.121 56.0 把 0
94.124 94.421 54.0 你 0
94.424 95.921 56.0 牵 0
106.314 106.611 44.0 你 0
106.614 106.911 51.0 看 0
106.914 107.286 51.0 那 0
107.514 107.811 54.0 山 0
107.814 107.961 51.0 野 0
108.114 108.486 51.0 中 0
108.714 108.936 49.0 开 0
109.014 109.311 47.0 满 0
109.314 109.611 44.0 的 0
109.614 109.836 42.0 菊 0
109.914 110.436 44.0 花 0
111.089 111.386 44.0 每 0
111.389 111.686 51.0 - 0
111.689 112.061 51.0 一 0
112.289 112.586 54.0 朵 0
112.589 112.736 51.0 都 0
112.889 113.186 51.0 像 0
113.489 113.786 56.0 你 0
113.789 114.086 54.0 一 0
114.089 114.386 51.0 样 0
114.389 114.686 49.0 的 0
114.689 115.211 51.0 娇 0
115.899 116.196 51.0 艳 0
116.199 116.421 56.0 我 0
116.499 116.871 56.0 用 0
117.099 117.396 59.0 心 0
117.399 117.546 56.0 去 0
117.699 117.996 56.0 灌 0
117.999 118.296 54.0 溉 0
118.299 118.596 56.0 着 0
118.599 118.896 54.0 我 0
118.899 119.196 51.0 们 0
119.199 119.496 49.0 的 0
119.499 120.021 51.0 爱 0
120.422 120.719 44.0 情 0
120.722 120.944 47.0 绽 0
121.022 121.319 47.0 放 0
121.322 121.619 49.0 出 0
121.622 121.919 51.0 最 0
121.922 122.444 49.0 美 0
122.522 122.819 49.0 的 0
122.822 123.119 42.0 花 0
123.122 124.319 44.0 蕾 0
125.594 125.891 44.0 花 0
125.894 126.191 51.0 丛 0
126.194 126.566 51.0 中 0
126.794 127.091 54.0 的 0
127.094 127.241 51.0 菊 0
127.394 127.766 51.0 花 0
127.994 128.216 49.0 不 0
128.294 128.591 47.0 及 0
128.594 128.891 44.0 你 0
128.894 129.116 42.0 动 0
129.194 129.716 44.0 人 0
130.298 130.595 44.0 你 0
130.598 130.895 51.0 - 0
130.898 131.12 51.0 的 0
131.198 131.42 51.0 笑 0
131.498 131.795 54.0 容 0
131.798 131.945 51.0 让 0
132.098 132.395 51.0 它 0
132.698 132.995 56.0 们 0
132.998 133.295 54.0 羞 0
133.298 133.595 51.0 涩 0
133.598 133.895 54.0 枯 0
133.898 134.42 51.0 - 0
135.131 135.428 51.0 萎 0
135.431 135.653 56.0 你 0
135.731 136.103 56.0 的 0
136.106 136.256 56.0 柔 0
136.331 136.628 59.0 情 0
136.631 136.778 56.0 似 0
136.931 137.228 56.0 水 0
137.231 137.528 54.0 被 0
137.531 137.828 56.0 - 0
137.831 138.128 54.0 紧 0
138.131 138.428 51.0 紧 0
138.431 138.728 49.0 包 0
138.731 139.253 51.0 - 0
139.683 139.98 44.0 围 0
139.983 140.205 47.0 绽 0
140.283 140.58 47.0 放 0
140.583 140.88 49.0 出 0
140.883 141.18 51.0 爱 0
141.183 141.705 49.0 情 0
141.783 142.08 54.0 的 0
142.083 142.38 51.0 甜 0
142.383 143.58 56.0 - 0
144.028 144.325 51.0 美 0
144.328 144.625 54.0 看 0
144.628 145.15 56.0 那 0
145.228 145.525 56.0 一 0
145.528 145.75 59.0 朵 0
145.828 146.125 56.0 - 0
146.128 146.425 58.0 朵 0
146.728 147.25 54.0 - 0
147.328 147.55 54.0 菊 0
147.628 147.925 51.0 花 0
147.928 148.225 51.0 爆 0
148.228 148.525 56.0 满 0
148.973 149.195 51.0 山 0
149.273 149.495 54.0 盛 0
149.573 150.02 54.0 开 0
150.173 150.47 56.0 在 0
150.473 150.77 59.0 我 0
150.773 151.07 61.0 们 0
151.073 151.37 59.0 相 0
151.373 151.67 61.0 爱 0
151.673 151.97 66.0 的 0
151.973 153.095 63.0 季 0
153.683 153.98 63.0 节 0
153.983 154.205 66.0 就 0
154.283 154.58 66.0 算 0
154.583 154.805 68.0 海 0
154.883 155.105 66.0 水 0
155.183 155.48 68.0 - 0
155.483 155.78 61.0 枯 0
156.083 156.38 59.0 就 0
156.383 156.68 61.0 算 0
156.683 156.98 63.0 石 0
156.983 157.28 63.0 头 0
157.283 157.505 61.0 也 0
157.583 157.88 61.0 腐 0
157.883 158.33 59.0 烂 0
158.591 158.888 56.0 我 0
158.891 159.188 54.0 的 0
159.191 159.488 56.0 心 0
159.491 159.788 59.0 - 0
159.791 160.088 61.0 也 0
160.091 160.388 63.0 - 0
160.391 160.688 61.0 不 0
160.691 160.988 59.0 会 0
160.991 161.288 56.0 再 0
161.291 161.588 54.0 改 0
161.591 163.088 56.0 变 0
163.358 163.655 63.0 看 0
163.658 163.955 66.0 那 0
163.958 164.255 66.0 一 0
164.258 164.48 68.0 - 0
164.558 165.005 66.0 朵 0
165.008 165.53 61.0 朵 0
165.758 166.055 59.0 菊 0
166.058 166.355 61.0 花 0
166.358 166.88 63.0 爆 0
166.958 167.18 61.0 满 0
167.258 167.555 63.0 - 0
167.558 167.93 59.0 山 0
168.122 168.419 56.0 见 0
168.422 168.719 54.0 证 0
168.722 169.019 56.0 了 0
169.022 169.244 59.0 - 0
169.322 169.544 59.0 我 0
169.622 169.919 59.0 们 0
169.922 170.144 61.0 承 0
170.222 170.519 63.0 诺 0
170.522 170.744 59.0 的 0
170.822 171.044 66.0 誓 0
171.122 172.319 63.0 言 0
172.936 173.233 63.0 就 0
173.236 173.533 66.0 算 0
173.536 173.833 66.0 山 0
173.836 174.133 68.0 - 0
174.136 174.433 66.0 无 0
174.436 174.733 68.0 - 0
174.736 175.033 61.0 棱 0
175.336 175.633 59.0 就 0
175.636 175.933 61.0 算 0
175.936 176.233 63.0 天 0
176.236 176.533 63.0 地 0
176.536 176.758 61.0 也 0
176.836 177.133 61.0 相 0
177.136 177.433 59.0 连 0
177.636 177.858 56.0 我 0
177.936 178.233 54.0 - 0
178.236 178.533 56.0 的 0
178.536 178.758 59.0 手 0
178.836 179.058 61.0 - 0
179.136 179.433 63.0 会 0
179.436 179.733 61.0 - 0
179.736 180.033 59.0 一 0
180.036 180.333 56.0 直 0
180.336 180.633 54.0 把 0
180.636 182.133 56.0 你 0
182.474 182.771 63.0 牵 0
182.774 183.071 66.0 看 0
183.074 183.371 66.0 那 0
183.374 183.596 68.0 一 0
183.674 184.121 66.0 - 0
184.124 184.646 61.0 朵 0
184.874 185.171 59.0 朵 0
185.174 185.471 61.0 菊 0
185.474 185.996 63.0 花 0
186.074 186.296 61.0 爆 0
186.374 186.671 63.0 满 0
186.674 187.046 59.0 - 0
187.366 187.663 56.0 山 0
187.666 187.963 54.0 盛 0
187.966 188.263 56.0 开 0
188.266 188.488 59.0 在 0
188.566 188.788 59.0 - 0
188.866 189.163 59.0 我 0
189.166 189.388 61.0 们 0
189.466 189.763 63.0 相 0
189.766 189.988 59.0 爱 0
190.066 190.288 66.0 的 0
190.366 191.563 63.0 季 0
192.12 192.417 63.0 节 0
192.42 192.717 66.0 就 0
192.72 193.017 66.0 算 0
193.02 193.317 68.0 海 0
193.32 193.617 66.0 - 0
193.62 193.917 68.0 水 0
193.92 194.217 61.0 - 0
194.52 194.817 59.0 枯 0
194.82 195.117 61.0 就 0
195.12 195.417 63.0 算 0
195.42 195.717 63.0 石 0
195.72 195.942 61.0 头 0
196.02 196.317 61.0 也 0
196.32 196.617 59.0 腐 0
196.828 197.05 56.0 烂 0
197.128 197.425 54.0 我 0
197.428 197.725 56.0 的 0
197.728 197.95 59.0 心 0
198.028 198.25 61.0 - 0
198.328 198.625 63.0 也 0
198.628 198.925 61.0 - 0
198.928 199.225 59.0 不 0
199.228 199.525 56.0 会 0
199.528 199.825 54.0 再 0
199.828 201.325 56.0 改 0
201.811 202.108 63.0 变 0
202.111 202.408 66.0 看 0
202.411 202.708 66.0 那 0
202.711 202.933 68.0 一 0
203.011 203.458 66.0 朵 0
203.461 203.983 61.0 朵 0
204.211 204.508 59.0 菊 0
204.511 204.808 61.0 花 0
204.811 205.333 63.0 爆 0
205.411 205.633 61.0 满 0
205.711 206.008 63.0 - 0
206.011 206.383 59.0 山 0
206.447 206.744 56.0 见 0
206.747 207.044 54.0 - 0
207.047 207.344 56.0 证 0
207.347 207.569 59.0 了 0
207.647 207.869 59.0 - 0
207.947 208.244 59.0 我 0
208.247 208.469 61.0 们 0
208.547 208.844 63.0 承 0
208.847 209.069 59.0 诺 0
209.147 209.369 66.0 的 0
209.447 210.644 63.0 誓 0
211.32 211.617 63.0 言 0
211.62 211.917 66.0 就 0
211.92 212.217 66.0 算 0
212.22 212.517 68.0 山 0
212.52 212.817 66.0 - 0
212.82 213.117 68.0 无 0
213.12 213.417 61.0 - 0
213.72 214.017 59.0 棱 0
214.02 214.317 61.0 就 0
214.32 214.617 63.0 算 0
214.62 214.917 63.0 天 0
214.92 215.142 61.0 地 0
215.22 215.517 61.0 也 0
215.52 215.817 59.0 相 0
216.084 216.306 56.0 连 0
216.384 216.681 54.0 我 0
216.684 216.981 56.0 的 0
216.984 217.206 59.0 手 0
217.284 217.506 61.0 会 0
217.584 217.881 63.0 - 0
217.884 218.181 61.0 一 0
218.184 218.481 59.0 直 0
218.484 218.781 56.0 把 0
218.784 219.081 54.0 你 0
219.084 220.581 56.0 牵 0
220.859 221.156 63.0 就 0
221.159 221.456 66.0 - 0
221.459 221.756 66.0 算 0
221.759 221.981 68.0 山 0
222.059 222.356 66.0 - 0
222.359 222.656 68.0 无 0
222.659 223.031 61.0 - 0
223.259 223.556 59.0 棱 0
223.559 223.856 61.0 就 0
223.859 224.159 63.0 算 0
224.159 224.384 61.0 天 0
224.459 224.681 61.0 地 0
224.759 225.056 61.0 也 0
225.059 225.431 59.0 相 0
225.705 226.002 56.0 连 0
226.005 226.302 54.0 我 0
226.305 226.602 56.0 的 0
226.605 226.827 59.0 手 0
226.905 227.202 61.0 - 0
227.205 227.427 63.0 会 0
227.505 227.802 71.0 - 0
227.805 228.027 70.0 一 0
228.105 228.327 68.0 直 0
228.405 228.627 66.0 把 0
228.705 230.502 68.0 你 0
