13.081 13.403 59.0 如 0
13.403 13.726 66.0 - 0
13.726 14.371 66.0 梦 0
14.371 14.694 66.0 如 0
14.694 15.017 64.0 - 0
15.017 15.339 67.0 烟 0
15.339 15.985 69.0 - 0
15.985 16.307 64.0 的 0
16.307 16.953 64.0 往 0
16.953 17.598 62.0 - 0
17.598 18.244 59.0 事 1
18.872 19.195 64.0 洋 0
19.195 19.517 66.0 - 0
19.517 19.84 66.0 溢 0
19.84 20.163 71.0 着 0
20.163 20.808 69.0 欢 0
20.808 21.453 64.0 - 0
21.453 22.744 66.0 笑 1
23.591 23.914 59.0 那 0
23.914 24.559 59.0 门 0
24.559 24.882 64.0 前 0
24.882 25.205 66.0 - 0
25.205 25.85 66.0 可 0
25.85 26.173 66.0 爱 0
26.173 26.495 66.0 的 0
26.495 27.141 64.0 小 0
27.141 27.463 61.0 河 0
27.463 27.786 59.0 - 0
27.786 28.432 57.0 流 1
28.839 29.162 57.0 依 0
29.162 29.807 59.0 然 0
30.13 30.453 59.0 轻 0
30.453 31.098 61.0 唱 0
31.098 31.421 59.0 老 0
31.421 31.743 57.0 - 0
31.743 33.679 59.0 歌 1
36.145 36.468 59.0 如 0
36.468 36.79 66.0 - 0
36.79 37.436 66.0 梦 0
37.436 37.758 66.0 如 0
37.758 38.081 64.0 - 0
38.081 38.404 67.0 烟 0
38.404 39.049 69.0 - 0
39.049 39.372 64.0 的 0
39.372 40.017 66.0 往 0
40.017 40.663 62.0 - 0
40.663 41.308 59.0 事 1
42.146 42.469 64.0 散 0
42.469 42.792 66.0 - 0
42.792 43.114 66.0 发 0
43.114 43.437 71.0 着 0
43.437 44.082 69.0 芬 0
44.082 44.728 64.0 - 0
44.728 46.018 66.0 芳 1
46.836 47.158 59.0 那 0
47.158 47.804 59.0 门 0
47.804 48.126 64.0 前 0
48.126 48.449 66.0 - 0
48.449 49.094 66.0 美 0
49.094 49.417 66.0 丽 0
49.417 49.74 66.0 的 0
49.74 50.385 64.0 蝴 0
50.385 50.708 61.0 蝶 0
50.708 51.03 59.0 - 0
51.03 51.676 57.0 花 1
52.006 52.329 57.0 依 0
52.329 52.975 59.0 然 0
53.297 53.62 59.0 一 0
53.62 54.265 61.0 样 0
54.265 54.588 59.0 盛 0
54.588 54.911 57.0 - 0
54.911 56.847 59.0 开 1
59.456 59.779 71.0 小 0
59.779 60.102 69.0 河 0
60.102 61.392 71.0 流 1
62.037 62.359 66.0 我 0
62.359 62.682 69.0 愿 0
62.682 63.166 69.0 待 0
63.166 63.327 69.0 在 0
63.327 63.65 69.0 你 0
63.65 63.973 66.0 身 0
63.973 64.295 69.0 旁 1
64.66 64.983 71.0 听 0
64.983 65.306 69.0 你 0
65.306 66.596 71.0 唱 1
67.231 67.553 66.0 永 0
67.553 67.876 69.0 - 0
67.876 68.36 69.0 恒 0
68.36 68.521 69.0 的 0
68.521 68.844 69.0 歌 0
68.844 69.167 66.0 - 0
69.167 69.812 69.0 声 1
70.13 70.291 66.0 让 0
70.291 70.452 66.0 我 0
70.452 71.098 64.0 在 0
71.098 71.421 64.0 回 0
71.421 71.743 62.0 忆 0
71.743 72.066 64.0 中 0
72.389 72.711 66.0 寻 0
72.711 73.034 67.0 找 0
73.034 74.002 66.0 往 0
74.002 74.325 62.0 - 0
74.325 74.97 59.0 日 1
75.342 75.664 66.0 那 0
75.664 76.148 64.0 戴 0
76.148 76.31 64.0 着 0
76.31 76.632 64.0 蝴 0
76.632 76.955 64.0 蝶 0
76.955 77.439 61.0 花 0
77.439 77.601 61.0 的 0
77.601 77.923 61.0 小 0
77.923 78.246 57.0 女 0
78.246 80.182 59.0 孩 1
98.163 98.486 59.0 如 0
98.486 98.809 66.0 - 0
98.809 99.454 66.0 梦 0
99.454 99.777 66.0 如 0
99.777 100.099 64.0 - 0
100.099 100.422 67.0 烟 0
100.422 101.068 69.0 - 0
101.068 101.39 64.0 的 0
101.39 102.036 64.0 往 0
102.036 102.681 61.0 - 0
102.681 103.326 59.0 事 1
104.018 104.34 64.0 洋 0
104.34 104.663 66.0 - 0
104.663 104.986 66.0 溢 0
104.986 105.308 71.0 着 0
105.308 105.954 69.0 欢 0
105.954 106.599 64.0 - 0
106.599 107.89 66.0 笑 1
108.869 109.192 59.0 那 0
109.192 109.837 59.0 门 0
109.837 110.16 64.0 前 0
110.16 110.482 66.0 - 0
110.482 111.128 66.0 可 0
111.128 111.45 66.0 爱 0
111.45 111.773 66.0 的 0
111.773 112.418 64.0 小 0
112.418 112.741 61.0 河 0
112.741 113.064 59.0 - 0
113.064 113.709 57.0 流 1
113.98 114.303 57.0 依 0
114.303 114.948 59.0 然 0
115.271 115.593 59.0 轻 0
115.593 116.239 61.0 唱 0
116.239 116.561 59.0 老 0
116.561 116.884 57.0 - 0
116.884 118.82 59.0 歌 1
121.438 121.76 59.0 如 0
121.76 122.083 66.0 - 0
122.083 122.728 66.0 梦 0
122.728 123.051 66.0 如 0
123.051 123.374 64.0 - 0
123.374 123.696 67.0 烟 0
123.696 124.342 69.0 - 0
124.342 124.664 64.0 的 0
124.664 125.31 64.0 往 0
125.31 125.955 62.0 - 0
125.955 126.601 59.0 事 1
127.144 127.467 64.0 散 0
127.467 127.789 66.0 - 0
127.789 128.112 66.0 发 0
128.112 128.435 71.0 着 0
128.435 129.08 69.0 芬 0
129.08 129.725 64.0 - 0
129.725 131.339 66.0 芳 1
132.169 132.492 59.0 那 0
132.492 133.137 59.0 门 0
133.137 133.46 64.0 前 0
133.46 133.783 66.0 - 0
133.783 134.428 66.0 美 0
134.428 134.751 66.0 丽 0
134.751 135.073 66.0 的 0
135.073 135.719 64.0 蝴 0
135.719 136.041 61.0 蝶 0
136.041 136.364 59.0 - 0
136.364 137.009 57.0 花 1
137.284 137.607 57.0 依 0
137.607 138.252 59.0 然 0
138.575 138.898 59.0 一 0
138.898 139.543 61.0 样 0
139.543 139.866 59.0 盛 0
139.866 140.188 57.0 - 0
140.188 142.124 59.0 开 1
144.57 144.893 71.0 小 0
144.893 145.215 69.0 河 0
145.215 146.829 71.0 流 1
147.252 147.575 66.0 我 0
147.575 147.898 71.0 愿 0
147.898 148.382 69.0 待 0
148.382 148.543 69.0 在 0
148.543 148.866 69.0 你 0
148.866 149.189 66.0 身 0
149.189 149.511 69.0 旁 1
149.794 150.117 71.0 听 0
150.117 150.439 69.0 你 0
150.439 152.053 71.0 唱 1
152.381 152.704 66.0 永 0
152.704 153.027 71.0 - 0
153.027 153.511 69.0 恒 0
153.511 153.672 69.0 的 0
153.672 153.995 69.0 歌 0
153.995 154.317 66.0 - 0
154.317 154.963 69.0 声 1
155.262 155.423 66.0 让 0
155.423 155.584 66.0 我 0
155.584 156.23 64.0 在 0
156.23 156.552 64.0 回 0
156.552 156.875 62.0 忆 0
156.875 157.198 64.0 中 0
157.52 157.843 66.0 寻 0
157.843 158.166 67.0 找 0
158.166 159.134 66.0 往 0
159.134 159.456 62.0 - 0
159.456 160.102 59.0 日 1
160.389 160.712 66.0 那 0
160.712 161.196 64.0 戴 0
161.196 161.358 64.0 着 0
161.358 161.68 64.0 蝴 0
161.68 162.003 64.0 蝶 0
162.003 162.487 61.0 花 0
162.487 162.648 61.0 的 0
162.648 162.971 61.0 小 0
162.971 163.294 57.0 女 0
163.294 165.23 59.0 孩 1
167.998 168.321 71.0 小 0
168.321 168.644 69.0 河 0
168.644 170.257 71.0 流 1
170.498 170.82 66.0 我 0
170.82 171.143 69.0 愿 0
171.143 171.627 69.0 待 0
171.627 171.788 69.0 在 0
171.788 172.111 69.0 你 0
172.111 172.434 66.0 身 0
172.434 172.756 69.0 旁 1
172.996 173.319 71.0 听 0
173.319 173.642 69.0 你 0
173.642 175.255 71.0 唱 1
175.663 175.985 66.0 永 0
175.985 176.308 69.0 - 0
176.308 176.792 69.0 恒 0
176.792 176.953 69.0 的 0
176.953 177.276 69.0 歌 0
177.276 177.599 66.0 - 0
177.599 178.244 69.0 声 1
178.468 178.629 66.0 让 0
178.629 178.79 66.0 我 0
178.79 179.436 64.0 在 0
179.436 179.759 64.0 回 0
179.759 180.081 62.0 忆 0
180.081 180.404 64.0 中 0
180.727 181.049 66.0 寻 0
181.049 181.372 67.0 找 0
181.372 182.34 66.0 往 0
182.34 182.663 62.0 - 0
182.663 183.308 59.0 日 1
183.678 184.0 66.0 那 0
184.0 184.484 64.0 戴 0
184.484 184.646 64.0 着 0
184.646 184.968 64.0 蝴 0
184.968 185.291 64.0 蝶 0
185.291 185.775 61.0 花 0
185.775 185.937 61.0 的 0
185.937 186.259 61.0 小 0
186.259 186.582 57.0 女 0
186.582 188.518 59.0 孩 1
191.069 191.392 71.0 小 0
191.392 191.715 69.0 河 0
191.715 193.328 71.0 流 1
193.636 193.959 66.0 我 0
193.959 194.281 69.0 愿 0
194.281 194.765 69.0 待 0
194.765 194.927 69.0 在 0
194.927 195.249 69.0 你 0
195.249 195.572 66.0 身 0
195.572 195.895 69.0 旁 1
196.207 196.53 71.0 听 0
196.53 196.853 69.0 你 0
196.853 198.466 71.0 唱 1
198.808 199.131 66.0 永 0
199.131 199.453 69.0 - 0
199.453 199.937 69.0 恒 0
199.937 200.099 69.0 的 0
200.099 200.421 69.0 歌 0
200.421 200.744 66.0 - 0
200.744 201.389 69.0 声 1
201.756 201.917 66.0 让 0
201.917 202.079 66.0 我 0
202.079 202.724 64.0 在 0
202.724 203.047 64.0 回 0
203.047 203.37 62.0 忆 0
203.37 203.692 64.0 中 0
204.015 204.338 66.0 寻 0
204.338 204.66 67.0 找 0
204.66 205.628 66.0 往 0
205.628 205.951 62.0 - 0
205.951 206.596 59.0 日 1
206.886 207.209 66.0 那 0
207.209 207.693 64.0 戴 0
207.693 207.854 64.0 着 0
207.854 208.177 64.0 蝴 0
208.177 208.499 64.0 蝶 0
208.499 208.983 61.0 花 0
208.983 209.145 61.0 的 0
209.145 209.468 61.0 小 0
209.468 209.79 57.0 女 0
209.79 211.726 59.0 孩 1
