19.636 19.885 54.0 能 0
19.885 20.135 56.0 够 0
20.135 20.635 58.0 握 0
20.635 21.134 56.0 紧 0
21.134 21.634 58.0 的 0
21.634 22.133 56.0 就 0
22.133 22.383 58.0 别 0
22.383 22.882 61.0 放 0
22.882 23.382 61.0 了 1
23.624 23.873 54.0 能 0
23.873 24.123 56.0 够 0
24.123 24.623 58.0 拥 0
24.623 25.122 56.0 抱 0
25.122 25.622 58.0 的 0
25.622 26.121 56.0 就 0
26.121 26.371 58.0 别 0
26.371 26.87 63.0 拉 0
26.87 27.37 61.0 扯 1
27.625 27.874 54.0 时 0
27.874 28.124 56.0 间 0
28.124 28.625 58.0 着 0
28.625 29.125 54.0 急 0
29.125 29.626 54.0 的 0
30.127 30.627 58.0 冲 0
30.627 31.128 54.0 刷 0
31.128 31.629 54.0 着 1
31.993 32.494 58.0 剩 0
32.494 32.994 54.0 下 0
32.994 33.495 54.0 了 0
33.495 33.996 51.0 什 0
33.996 34.747 56.0 么 1
35.52 35.77 54.0 原 0
35.77 36.02 56.0 谅 0
36.02 36.52 58.0 走 0
36.52 37.02 56.0 过 0
37.02 37.52 58.0 的 0
37.52 38.02 56.0 那 0
38.02 38.271 58.0 些 0
38.271 38.771 61.0 曲 0
38.771 39.271 61.0 折 1
39.49 39.74 54.0 原 0
39.74 39.99 56.0 来 0
39.99 40.49 58.0 留 0
40.49 40.99 56.0 下 0
40.99 41.49 58.0 的 0
41.49 41.99 56.0 都 0
41.99 42.24 58.0 是 0
42.24 42.74 65.0 真 0
42.74 43.24 65.0 的 1
43.561 43.811 61.0 纵 0
43.811 44.061 63.0 然 0
44.061 44.562 66.0 似 0
44.562 45.062 61.0 梦 0
45.062 45.562 63.0 啊 0
46.062 46.562 63.0 半 0
46.562 47.062 58.0 醒 0
47.062 47.562 61.0 着 1
48.085 48.335 63.0 笑 0
48.335 48.585 61.0 着 0
48.585 48.835 63.0 哭 0
48.835 49.085 61.0 着 0
49.085 49.585 63.0 都 0
49.585 50.085 65.0 快 0
50.085 51.086 65.0 活 1
51.985 52.984 66.0 谁 0
52.984 53.234 66.0 让 0
53.234 53.733 68.0 - 1
55.205 55.454 61.0 时 0
55.454 55.704 66.0 间 0
55.704 55.954 65.0 是 0
55.954 56.204 66.0 让 0
56.204 56.453 65.0 人 0
56.453 56.703 66.0 猝 0
56.703 56.953 65.0 不 0
56.953 57.452 58.0 及 0
57.452 57.952 56.0 防 0
57.952 58.202 58.0 的 0
58.202 58.701 61.0 东 0
58.701 58.951 61.0 西 1
59.349 59.598 61.0 晴 0
59.598 59.848 66.0 时 0
59.848 60.098 65.0 有 0
60.098 60.598 66.0 风 0
60.848 61.099 56.0 阴 0
61.099 61.599 58.0 有 0
61.599 62.099 61.0 时 0
62.099 62.85 61.0 雨 1
63.271 63.521 61.0 争 0
63.521 63.772 63.0 不 0
63.772 64.022 61.0 过 0
64.022 64.522 63.0 朝 0
64.522 65.023 66.0 夕 0
65.273 65.523 61.0 又 0
65.523 65.773 63.0 念 0
65.773 66.023 61.0 着 0
66.023 66.524 63.0 往 0
66.524 67.024 66.0 昔 1
67.259 67.509 61.0 偷 0
67.509 67.76 63.0 走 0
67.76 68.26 70.0 了 0
68.26 68.51 61.0 青 0
68.51 68.76 63.0 丝 0
68.76 69.261 70.0 却 0
69.261 69.511 61.0 留 0
69.511 69.761 63.0 住 0
69.761 70.011 70.0 一 0
70.011 70.511 66.0 个 0
70.511 71.01 68.0 你 1
71.273 71.523 61.0 岁 0
71.523 71.773 66.0 月 0
71.773 72.022 65.0 是 0
72.022 72.272 66.0 一 0
72.272 72.522 65.0 场 0
72.522 72.772 66.0 有 0
72.772 73.021 65.0 去 0
73.021 73.521 58.0 无 0
73.521 74.02 56.0 回 0
74.02 74.27 58.0 的 0
74.27 74.77 61.0 旅 0
74.77 75.019 61.0 行 1
75.375 75.625 61.0 好 0
75.625 75.875 66.0 的 0
75.875 76.124 65.0 坏 0
76.124 76.624 66.0 的 0
76.874 77.123 56.0 都 0
77.123 77.373 58.0 是 0
77.373 77.873 65.0 风 0
77.873 78.872 61.0 景 1
79.25 79.5 61.0 别 0
79.5 79.75 63.0 怪 0
79.75 79.999 61.0 我 0
79.999 80.499 63.0 贪 0
80.499 80.998 66.0 心 0
81.248 81.498 61.0 只 0
81.498 81.748 63.0 是 0
81.748 81.997 70.0 不 0
81.997 82.25 68.0 愿 0
82.25 82.502 66.0 - 0
82.502 83.007 66.0 醒 1
83.384 83.636 61.0 因 0
83.636 83.889 63.0 为 0
83.889 84.394 70.0 你 0
84.394 84.647 61.0 只 0
84.647 84.901 63.0 为 0
84.901 85.407 70.0 你 0
85.407 85.66 61.0 愿 0
85.66 85.914 63.0 和 0
85.914 86.167 70.0 我 0
86.167 86.658 66.0 一 0
86.658 87.149 68.0 起 1
87.382 87.873 66.0 看 0
87.873 88.118 56.0 云 0
88.118 88.616 58.0 淡 0
88.616 89.114 65.0 风 0
89.114 90.608 66.0 轻 1
115.565 115.812 54.0 能 0
115.812 116.059 56.0 够 0
116.059 116.562 58.0 握 0
116.562 117.064 56.0 紧 0
117.064 117.567 58.0 的 0
117.567 118.07 56.0 就 0
118.07 118.321 58.0 别 0
118.321 118.824 61.0 放 0
118.824 119.327 61.0 了 1
119.534 119.786 54.0 能 0
119.786 120.037 56.0 够 0
120.037 120.532 58.0 拥 0
120.532 121.026 56.0 抱 0
121.026 121.521 58.0 的 0
121.521 122.015 56.0 就 0
122.015 122.267 58.0 别 0
122.267 122.769 63.0 拉 0
122.769 123.271 61.0 扯 1
123.434 123.685 54.0 时 0
123.685 123.936 56.0 间 0
123.936 124.437 58.0 着 0
124.437 124.937 54.0 急 0
124.937 125.438 54.0 的 0
125.938 126.438 58.0 冲 0
126.438 126.939 54.0 刷 0
126.939 127.439 54.0 着 1
127.943 128.443 58.0 剩 0
128.443 128.944 54.0 下 0
128.944 129.444 54.0 了 0
129.444 129.945 56.0 什 0
129.945 130.695 56.0 么 1
131.495 131.745 54.0 原 0
131.745 131.996 56.0 谅 0
131.996 132.496 58.0 走 0
132.496 132.996 56.0 过 0
132.996 133.497 58.0 的 0
133.497 133.997 56.0 那 0
133.997 134.247 58.0 些 0
134.247 134.746 61.0 曲 0
134.746 135.245 61.0 折 1
135.523 135.773 54.0 原 0
135.773 136.022 56.0 来 0
136.022 136.521 58.0 留 0
136.521 137.021 56.0 下 0
137.021 137.52 58.0 的 0
137.52 138.019 56.0 都 0
138.019 138.269 58.0 是 0
138.269 138.768 65.0 真 0
138.768 139.267 65.0 的 1
139.592 139.842 61.0 纵 0
139.842 140.092 63.0 然 0
140.092 140.591 66.0 似 0
140.591 141.09 61.0 梦 0
141.09 141.589 63.0 啊 0
142.088 142.584 63.0 半 0
142.584 143.081 58.0 醒 0
143.081 143.577 61.0 着 1
143.95 144.2 63.0 笑 0
144.2 144.451 61.0 着 0
144.451 144.701 63.0 哭 0
144.701 144.951 61.0 着 0
144.951 145.452 63.0 都 0
145.452 145.952 65.0 快 0
145.952 147.453 65.0 活 1
148.106 149.107 66.0 谁 0
149.107 150.108 68.0 让 1
151.191 151.441 61.0 时 0
151.441 151.691 66.0 间 0
151.691 151.942 65.0 是 0
151.942 152.192 66.0 让 0
152.192 152.442 65.0 人 0
152.442 152.692 66.0 猝 0
152.692 152.942 65.0 不 0
152.942 153.443 58.0 及 0
153.443 153.943 56.0 防 0
153.943 154.192 58.0 的 0
154.192 154.691 61.0 东 0
154.691 154.94 61.0 西 1
155.215 155.464 61.0 晴 0
155.464 155.713 66.0 时 0
155.713 155.962 65.0 有 0
155.962 156.461 66.0 风 0
156.71 156.959 56.0 阴 0
156.959 157.457 58.0 有 0
157.457 157.956 61.0 时 0
157.956 158.704 61.0 雨 1
159.286 159.535 61.0 争 0
159.535 159.784 63.0 不 0
159.784 160.034 61.0 过 0
160.034 160.539 63.0 朝 0
160.539 161.044 66.0 夕 1
161.323 161.575 61.0 又 0
161.575 161.828 63.0 念 0
161.828 162.08 61.0 着 0
162.08 162.581 63.0 往 0
162.581 163.081 66.0 昔 1
163.208 163.458 61.0 偷 0
163.458 163.708 63.0 走 0
163.708 164.209 70.0 了 0
164.209 164.459 61.0 青 0
164.459 164.709 63.0 丝 0
164.709 165.209 70.0 却 0
165.209 165.46 61.0 留 0
165.46 165.71 63.0 住 0
165.71 165.96 70.0 一 0
165.96 166.461 66.0 个 0
166.461 166.961 68.0 你 1
167.287 167.538 61.0 岁 0
167.538 167.788 66.0 月 0
167.788 168.038 65.0 是 0
168.038 168.287 66.0 一 0
168.287 168.536 65.0 场 0
168.536 168.784 66.0 有 0
168.784 169.033 65.0 去 0
169.033 169.531 58.0 无 0
169.531 170.029 56.0 回 0
170.029 170.276 58.0 的 0
170.276 170.771 61.0 旅 0
170.771 171.019 61.0 行 1
171.297 171.545 61.0 好 0
171.545 171.793 66.0 的 0
171.793 172.04 65.0 坏 0
172.04 172.546 66.0 的 0
172.799 173.052 56.0 都 0
173.052 173.557 58.0 是 0
173.557 174.063 65.0 风 0
174.063 175.054 61.0 景 1
175.243 175.491 61.0 别 0
175.491 175.739 63.0 怪 0
175.739 175.987 61.0 我 0
175.987 176.49 63.0 贪 0
176.49 176.994 66.0 心 1
177.295 177.546 61.0 只 0
177.546 177.798 63.0 是 0
177.798 178.05 68.0 不 0
178.05 178.301 68.0 愿 0
178.301 178.553 66.0 - 0
178.553 179.056 66.0 醒 1
179.357 179.608 61.0 因 0
179.608 179.86 63.0 为 0
179.86 180.361 70.0 你 0
180.361 180.612 61.0 只 0
180.612 180.862 63.0 为 0
180.862 181.362 70.0 你 0
181.362 181.613 61.0 愿 0
181.613 181.863 63.0 和 0
181.863 182.113 70.0 我 0
182.113 182.605 66.0 一 0
182.605 182.851 66.0 起 1
183.06 183.552 66.0 看 0
183.552 184.044 56.0 云 0
184.044 184.548 58.0 淡 0
184.548 185.053 65.0 风 0
185.053 189.054 66.0 轻 1
199.246 199.496 61.0 时 0
199.496 199.746 66.0 间 0
199.746 199.997 65.0 是 0
199.997 200.247 66.0 让 0
200.247 200.498 65.0 人 0
200.498 200.749 66.0 猝 0
200.749 201.0 65.0 不 0
201.0 201.502 58.0 及 0
201.502 202.003 56.0 防 0
202.003 202.254 58.0 的 0
202.254 202.756 61.0 东 0
202.756 203.007 61.0 西 1
203.207 203.458 61.0 晴 0
203.458 203.708 66.0 时 0
203.708 203.959 65.0 有 0
203.959 204.46 66.0 风 0
204.71 204.96 56.0 阴 0
204.96 205.461 58.0 有 0
205.461 205.961 61.0 时 0
205.961 206.712 61.0 雨 1
207.298 207.549 61.0 争 0
207.549 207.799 63.0 不 0
207.799 208.049 61.0 过 0
208.049 208.549 63.0 朝 0
208.549 209.05 66.0 夕 1
209.368 209.618 61.0 又 0
209.618 209.869 63.0 念 0
209.869 210.119 61.0 着 0
210.119 210.619 63.0 往 0
210.619 211.12 66.0 昔 1
211.24 211.49 61.0 偷 0
211.49 211.74 63.0 走 0
211.74 212.24 70.0 了 0
212.24 212.489 61.0 青 0
212.489 212.738 63.0 丝 0
212.738 213.237 70.0 却 0
213.237 213.486 61.0 留 0
213.486 213.735 63.0 住 0
213.735 213.984 70.0 一 0
213.984 214.483 66.0 个 0
214.483 214.981 68.0 你 1
215.352 215.601 61.0 岁 0
215.601 215.85 66.0 月 0
215.85 216.1 65.0 是 0
216.1 216.346 66.0 一 0
216.346 216.593 65.0 场 0
216.593 216.839 66.0 有 0
216.839 217.085 65.0 去 0
217.085 217.578 58.0 无 0
217.578 218.071 56.0 回 0
218.071 218.321 58.0 的 0
218.321 218.82 61.0 旅 0
218.82 219.07 61.0 行 1
219.198 219.448 61.0 好 0
219.448 219.698 66.0 的 0
219.698 219.947 65.0 坏 0
219.947 220.448 66.0 的 0
220.698 220.948 56.0 都 0
220.948 221.449 58.0 是 0
221.449 221.949 65.0 风 0
221.949 222.944 61.0 景 1
223.32 223.569 61.0 别 0
223.569 223.818 63.0 怪 0
223.818 224.066 61.0 我 0
224.066 224.568 63.0 贪 0
224.568 225.07 66.0 心 1
225.322 225.573 61.0 只 0
225.573 225.824 63.0 是 0
225.824 226.075 68.0 不 0
226.075 226.329 68.0 愿 0
226.329 226.583 66.0 - 0
226.583 227.092 66.0 醒 1
227.199 227.453 61.0 因 0
227.453 227.707 63.0 为 0
227.707 228.211 70.0 你 0
228.211 228.462 61.0 只 0
228.462 228.712 63.0 为 0
228.712 229.212 70.0 你 0
229.212 229.462 61.0 愿 0
229.462 229.713 63.0 和 0
229.713 229.963 70.0 我 0
229.963 230.459 66.0 一 0
230.459 232.457 68.0 起 1
233.333 233.842 66.0 看 0
234.096 234.595 56.0 云 0
234.595 234.844 58.0 淡 0
234.844 235.593 65.0 风 0
235.593 238.587 66.0 轻 1
