18.692 18.98 56.0 分 0
18.98 19.269 56.0 开 0
19.269 19.557 56.0 后 0
19.557 19.845 56.0 总 0
19.845 20.134 55.0 喝 0
20.134 20.422 53.0 不 0
20.422 20.711 49.0 够 1
21.171 21.46 56.0 醉 0
21.46 21.748 56.0 了 0
21.748 22.037 56.0 后 0
22.037 22.325 56.0 总 0
22.325 22.614 58.0 会 0
22.614 22.902 58.0 难 0
22.902 23.191 55.0 受 1
23.454 23.742 55.0 我 0
23.742 24.031 55.0 像 0
24.031 24.319 55.0 个 0
24.319 24.608 53.0 过 0
24.608 24.896 53.0 街 0
24.896 25.185 46.0 小 0
25.185 25.473 48.0 丑 1
25.666 25.954 55.0 也 0
25.954 26.243 55.0 像 0
26.243 26.531 55.0 个 0
26.531 26.82 55.0 滑 0
26.82 27.108 56.0 稽 0
27.108 27.396 53.0 玩 0
27.396 27.685 53.0 偶 1
27.997 28.286 53.0 还 0
28.286 28.574 51.0 把 0
28.574 28.863 53.0 你 0
28.863 29.151 53.0 放 0
29.151 29.44 51.0 在 0
29.44 29.728 53.0 心 0
29.728 30.017 49.0 上 1
30.25 30.539 53.0 有 0
30.539 30.827 53.0 好 0
30.827 31.115 53.0 多 0
31.115 31.404 53.0 话 0
31.404 31.692 55.0 还 0
31.692 31.981 55.0 没 0
31.981 32.269 55.0 讲 1
32.687 32.975 60.0 用 0
32.975 33.264 60.0 不 0
33.264 33.552 58.0 着 0
33.552 33.841 60.0 摆 0
33.841 34.129 58.0 我 0
34.129 34.418 56.0 的 0
34.418 34.706 48.0 人 0
34.706 35.283 48.0 墙 1
37.187 37.476 56.0 不 0
37.476 37.764 56.0 回 0
37.764 38.053 56.0 头 0
38.053 38.341 56.0 不 0
38.341 38.629 55.0 肯 0
38.629 38.918 51.0 罢 0
38.918 39.206 49.0 休 1
39.591 39.879 56.0 要 0
39.879 40.168 56.0 亲 0
40.168 40.456 56.0 手 0
40.456 40.745 56.0 撒 0
40.745 41.033 58.0 我 0
41.033 41.322 60.0 伤 0
41.322 41.61 55.0 口 1
41.926 42.214 55.0 我 0
42.214 42.502 55.0 想 0
42.502 42.791 55.0 过 0
42.791 43.079 55.0 多 0
43.079 43.368 53.0 年 0
43.368 43.656 46.0 以 0
43.656 43.945 48.0 后 1
44.23 44.519 55.0 也 0
44.519 44.807 55.0 想 0
44.807 45.096 55.0 过 0
45.096 45.384 55.0 长 0
45.384 45.673 56.0 相 0
45.673 45.961 53.0 厮 0
45.961 46.249 53.0 守 1
46.513 46.801 53.0 反 0
46.801 47.09 53.0 驳 0
47.09 47.378 53.0 声 0
47.378 47.667 51.0 多 0
47.667 47.955 51.0 么 0
47.955 48.244 53.0 高 0
48.244 48.532 49.0 亢 1
48.807 49.095 53.0 好 0
49.095 49.384 53.0 几 0
49.384 49.672 53.0 副 0
49.672 49.96 53.0 吓 0
49.96 50.249 55.0 人 0
50.249 50.537 55.0 模 0
50.537 50.826 55.0 样 1
51.052 51.341 60.0 你 0
51.341 51.629 60.0 搞 0
51.629 51.918 60.0 得 0
51.918 52.206 58.0 我 0
52.206 52.495 58.0 也 0
52.495 52.783 56.0 很 0
52.783 53.072 58.0 彷 0
53.072 53.648 60.0 徨 1
53.944 54.232 60.0 喝 0
54.232 54.521 58.0 过 0
54.521 54.809 58.0 最 0
54.809 55.098 58.0 烈 0
55.098 55.386 60.0 的 0
55.386 55.963 53.0 酒 0
56.252 56.54 60.0 才 0
56.54 56.829 60.0 显 0
56.829 57.117 60.0 得 0
57.117 57.405 63.0 我 0
57.405 57.694 65.0 悲 0
57.694 58.271 65.0 伤 1
58.55 58.839 60.0 上 0
58.839 59.127 58.0 了 0
59.127 59.416 58.0 头 0
59.416 59.704 58.0 烧 0
59.704 59.993 60.0 了 0
59.993 60.569 51.0 喉 0
60.858 61.146 60.0 让 0
61.146 61.435 60.0 相 0
61.435 61.723 60.0 思 0
61.723 62.012 60.0 愁 0
62.012 62.3 58.0 断 0
62.3 62.877 60.0 肠 1
63.251 63.539 60.0 那 0
63.539 63.828 60.0 长 0
63.828 64.116 58.0 亭 0
64.116 64.404 58.0 的 0
64.404 64.693 58.0 邂 0
64.693 65.27 53.0 逅 0
65.558 65.847 60.0 离 0
65.847 66.135 58.0 别 0
66.135 66.424 58.0 总 0
66.424 66.712 58.0 在 0
66.712 67.001 60.0 深 0
67.001 67.578 58.0 秋 1
68.733 69.022 56.0 终 0
69.022 69.31 58.0 于 0
69.31 69.887 60.0 释 0
69.887 70.464 55.0 怀 0
70.464 70.753 60.0 终 0
70.753 71.041 58.0 于 0
71.041 71.33 56.0 放 0
71.33 71.618 58.0 了 0
71.618 72.195 60.0 手 1
72.522 72.811 60.0 那 0
72.811 73.099 58.0 壶 0
73.099 73.388 58.0 最 0
73.388 73.676 58.0 烈 0
73.676 73.965 60.0 的 0
73.965 74.542 53.0 酒 0
74.83 75.119 60.0 没 0
75.119 75.407 60.0 有 0
75.407 75.695 60.0 诗 0
75.695 75.984 63.0 和 0
75.984 76.272 65.0 远 0
76.272 76.849 65.0 方 1
77.024 77.312 60.0 小 0
77.312 77.601 60.0 阁 0
77.601 77.889 58.0 楼 0
77.889 78.178 58.0 老 0
78.178 78.466 60.0 黄 0
78.466 79.043 51.0 狗 0
79.331 79.62 60.0 已 0
79.62 79.908 60.0 被 0
79.908 80.197 60.0 岁 0
80.197 80.485 60.0 月 0
80.485 80.774 58.0 遗 0
80.774 81.351 60.0 忘 1
81.562 81.851 60.0 那 0
81.851 82.139 58.0 无 0
82.139 82.428 58.0 意 0
82.428 82.716 58.0 的 0
82.716 83.004 58.0 回 0
83.004 83.581 53.0 眸 0
83.87 84.158 60.0 深 0
84.158 84.447 58.0 情 0
84.447 84.735 58.0 总 0
84.735 85.024 58.0 要 0
85.024 85.312 60.0 腐 0
85.312 85.889 58.0 朽 1
87.171 87.459 56.0 终 0
87.459 87.748 58.0 于 0
87.748 88.325 60.0 摊 0
88.325 88.902 55.0 牌 0
88.902 89.19 58.0 终 0
89.19 89.479 58.0 于 0
89.479 89.767 56.0 放 0
89.767 90.056 55.0 了 0
90.056 91.786 55.0 手 1
110.993 111.282 56.0 分 0
111.282 111.57 56.0 开 0
111.57 111.859 56.0 后 0
111.859 112.147 56.0 总 0
112.147 112.436 55.0 喝 0
112.436 112.724 53.0 不 0
112.724 113.012 49.0 够 1
113.432 113.72 56.0 醉 0
113.72 114.009 56.0 了 0
114.009 114.297 56.0 后 0
114.297 114.586 56.0 总 0
114.586 114.874 58.0 会 0
114.874 115.163 60.0 难 0
115.163 115.451 55.0 受 1
115.67 115.959 55.0 我 0
115.959 116.248 55.0 像 0
116.248 116.537 55.0 个 0
116.537 116.826 55.0 过 0
116.826 117.115 53.0 街 0
117.115 117.404 46.0 小 0
117.404 117.693 48.0 丑 1
118.018 118.307 55.0 也 0
118.307 118.595 55.0 像 0
118.595 118.883 55.0 个 0
118.883 119.172 55.0 滑 0
119.172 119.46 56.0 稽 0
119.46 119.749 53.0 玩 0
119.749 120.037 53.0 偶 1
120.379 120.667 53.0 还 0
120.667 120.956 53.0 把 0
120.956 121.244 53.0 你 0
121.244 121.533 53.0 放 0
121.533 121.821 51.0 在 0
121.821 122.11 53.0 心 0
122.11 122.398 49.0 上 1
122.536 122.825 53.0 有 0
122.825 123.113 53.0 好 0
123.113 123.402 53.0 多 0
123.402 123.69 53.0 话 0
123.69 123.979 55.0 还 0
123.979 124.267 55.0 没 0
124.267 124.556 55.0 讲 1
125.008 125.297 60.0 用 0
125.297 125.585 60.0 不 0
125.585 125.874 60.0 着 0
125.874 126.162 58.0 摆 0
126.162 126.45 58.0 我 0
126.45 126.739 56.0 的 0
126.739 127.027 48.0 人 0
127.027 127.604 48.0 墙 1
129.607 129.895 56.0 不 0
129.895 130.183 56.0 回 0
130.183 130.472 56.0 头 0
130.472 130.76 56.0 不 0
130.76 131.049 55.0 肯 0
131.049 131.337 51.0 罢 0
131.337 131.626 49.0 休 1
131.871 132.16 56.0 要 0
132.16 132.448 56.0 亲 0
132.448 132.737 56.0 手 0
132.737 133.025 56.0 撒 0
133.025 133.314 58.0 我 0
133.314 133.602 58.0 伤 0
133.602 133.89 55.0 口 1
134.253 134.541 55.0 我 0
134.541 134.83 55.0 想 0
134.83 135.118 55.0 过 0
135.118 135.407 55.0 多 0
135.407 135.695 53.0 年 0
135.695 135.984 46.0 以 0
135.984 136.272 48.0 后 1
136.515 136.803 55.0 也 0
136.803 137.092 55.0 想 0
137.092 137.38 55.0 过 0
137.38 137.668 55.0 长 0
137.668 137.957 56.0 相 0
137.957 138.245 53.0 厮 0
138.245 138.534 53.0 守 1
138.704 138.993 53.0 反 0
138.993 139.281 53.0 驳 0
139.281 139.57 53.0 声 0
139.57 139.858 51.0 多 0
139.858 140.147 51.0 么 0
140.147 140.435 51.0 高 0
140.435 140.724 49.0 亢 1
141.04 141.328 53.0 好 0
141.328 141.617 53.0 几 0
141.617 141.905 53.0 副 0
141.905 142.194 53.0 吓 0
142.194 142.482 55.0 人 0
142.482 142.771 55.0 模 0
142.771 143.059 55.0 样 1
143.326 143.614 60.0 你 0
143.614 143.903 60.0 搞 0
143.903 144.191 60.0 得 0
144.191 144.48 60.0 我 0
144.48 144.768 58.0 也 0
144.768 145.056 56.0 很 0
145.056 145.345 58.0 彷 0
145.345 145.922 60.0 徨 1
146.238 146.527 60.0 喝 0
146.527 146.815 58.0 过 0
146.815 147.104 58.0 最 0
147.104 147.392 58.0 烈 0
147.392 147.681 60.0 的 0
147.681 148.258 53.0 酒 0
148.546 148.834 60.0 才 0
148.834 149.123 60.0 显 0
149.123 149.411 60.0 得 0
149.411 149.7 63.0 我 0
149.7 149.988 65.0 悲 0
149.988 150.565 65.0 伤 1
150.961 151.249 60.0 上 0
151.249 151.538 60.0 了 0
151.538 151.826 58.0 头 0
151.826 152.115 58.0 烧 0
152.115 152.403 60.0 了 0
152.403 152.98 51.0 喉 0
153.268 153.557 60.0 让 0
153.557 153.845 60.0 相 0
153.845 154.134 60.0 思 0
154.134 154.422 60.0 愁 0
154.422 154.711 58.0 断 0
154.711 155.288 60.0 肠 1
155.44 155.729 60.0 那 0
155.729 156.017 58.0 长 0
156.017 156.305 58.0 亭 0
156.305 156.594 58.0 的 0
156.594 156.882 58.0 邂 0
156.882 157.459 53.0 逅 0
157.748 158.036 60.0 离 0
158.036 158.325 60.0 别 0
158.325 158.613 58.0 总 0
158.613 158.902 58.0 在 0
158.902 159.19 60.0 深 0
159.19 159.767 58.0 秋 1
161.045 161.333 56.0 终 0
161.333 161.622 58.0 于 0
161.622 162.199 60.0 释 0
162.199 162.776 55.0 怀 0
162.776 163.064 58.0 终 0
163.064 163.353 58.0 于 0
163.353 163.641 56.0 放 0
163.641 163.929 58.0 了 0
163.929 164.506 60.0 手 1
164.728 165.016 60.0 那 0
165.016 165.305 58.0 壶 0
165.305 165.593 58.0 最 0
165.593 165.882 58.0 烈 0
165.882 166.17 60.0 的 0
166.17 166.747 53.0 酒 0
167.036 167.324 60.0 没 0
167.324 167.612 60.0 有 0
167.612 167.901 60.0 诗 0
167.901 168.189 63.0 和 0
168.189 168.478 65.0 远 0
168.478 169.055 65.0 方 1
169.404 169.693 60.0 小 0
169.693 169.981 58.0 阁 0
169.981 170.27 58.0 楼 0
170.27 170.558 58.0 老 0
170.558 170.847 60.0 黄 0
170.847 171.423 51.0 狗 0
171.712 172.0 60.0 已 0
172.0 172.289 60.0 被 0
172.289 172.577 60.0 岁 0
172.577 172.866 60.0 月 0
172.866 173.154 58.0 遗 0
173.154 173.731 60.0 忘 1
173.968 174.256 60.0 那 0
174.256 174.545 60.0 无 0
174.545 174.833 58.0 意 0
174.833 175.121 58.0 的 0
175.121 175.41 58.0 回 0
175.41 175.987 53.0 眸 0
176.275 176.564 60.0 深 0
176.564 176.852 58.0 情 0
176.852 177.141 58.0 总 0
177.141 177.429 58.0 要 0
177.429 177.718 60.0 腐 0
177.718 178.295 58.0 朽 1
179.367 179.656 56.0 终 0
179.656 179.944 58.0 于 0
179.944 180.521 60.0 摊 0
180.521 181.098 55.0 牌 0
181.098 181.387 60.0 终 0
181.387 181.675 58.0 于 0
181.675 181.964 56.0 放 0
181.964 182.252 55.0 了 0
182.252 183.117 55.0 手 1
183.188 183.477 60.0 喝 0
183.477 183.765 58.0 过 0
183.765 184.054 58.0 最 0
184.054 184.342 58.0 烈 0
184.342 184.631 60.0 的 0
184.631 185.208 53.0 酒 0
185.496 185.785 60.0 才 0
185.785 186.073 60.0 显 0
186.073 186.361 60.0 得 0
186.361 186.65 63.0 我 0
186.65 186.938 65.0 悲 0
186.938 187.515 65.0 伤 1
187.838 188.126 60.0 上 0
188.126 188.415 60.0 了 0
188.415 188.703 58.0 头 0
188.703 188.992 58.0 烧 0
188.992 189.28 60.0 了 0
189.28 189.857 51.0 喉 0
190.145 190.434 60.0 让 0
190.434 190.722 60.0 相 0
190.722 191.011 60.0 思 0
191.011 191.299 60.0 愁 0
191.299 191.588 58.0 断 0
191.588 192.165 60.0 肠 1
192.363 192.652 60.0 那 0
192.652 192.94 58.0 长 0
192.94 193.229 58.0 亭 0
193.229 193.517 58.0 的 0
193.517 193.805 58.0 邂 0
193.805 194.382 53.0 逅 0
194.671 194.959 60.0 离 0
194.959 195.248 58.0 别 0
195.248 195.536 58.0 总 0
195.536 195.825 58.0 在 0
195.825 196.113 60.0 深 0
196.113 196.69 58.0 秋 1
197.928 198.216 56.0 终 0
198.216 198.505 58.0 于 0
198.505 199.082 60.0 释 0
199.082 199.659 55.0 怀 0
199.659 199.947 58.0 终 0
199.947 200.236 58.0 于 0
200.236 200.524 56.0 放 0
200.524 200.813 58.0 了 0
200.813 201.389 60.0 手 1
201.586 201.874 60.0 那 0
201.874 202.163 58.0 壶 0
202.163 202.451 58.0 最 0
202.451 202.74 58.0 烈 0
202.74 203.028 60.0 的 0
203.028 203.605 53.0 酒 0
203.894 204.182 60.0 没 0
204.182 204.471 60.0 有 0
204.471 204.759 60.0 诗 0
204.759 205.047 63.0 和 0
205.047 205.336 65.0 远 0
205.336 205.913 65.0 方 1
206.35 206.639 60.0 小 0
206.639 206.927 58.0 阁 0
206.927 207.216 58.0 楼 0
207.216 207.504 58.0 老 0
207.504 207.793 60.0 黄 0
207.793 208.37 51.0 狗 0
208.658 208.946 60.0 已 0
208.946 209.235 60.0 被 0
209.235 209.523 60.0 岁 0
209.523 209.812 60.0 月 0
209.812 210.1 58.0 遗 0
210.1 210.677 60.0 忘 1
210.937 211.225 60.0 那 0
211.225 211.514 60.0 无 0
211.514 211.802 58.0 意 0
211.802 212.091 58.0 的 0
212.091 212.379 58.0 回 0
212.379 212.956 53.0 眸 0
213.244 213.533 60.0 深 0
213.533 213.821 58.0 情 0
213.821 214.11 58.0 总 0
214.11 214.398 58.0 要 0
214.398 214.687 60.0 腐 0
214.687 215.552 58.0 朽 1
216.297 216.586 56.0 终 0
216.586 216.874 58.0 于 0
216.874 217.451 60.0 摊 0
217.451 218.028 55.0 牌 0
218.028 218.317 60.0 终 0
218.317 218.605 58.0 于 0
218.605 218.894 56.0 放 0
218.894 219.182 55.0 了 0
219.182 220.913 55.0 手 1
