52.78 53.264 61.0 情 0
53.264 53.748 59.0 - 0
53.748 54.231 57.0 愿 0
54.231 54.715 54.0 困 0
54.715 55.199 57.0 在 0
55.199 55.441 59.0 你 0
55.441 56.529 61.0 怀 1
56.715 57.441 59.0 困 0
57.441 57.683 61.0 在 0
57.683 58.166 59.0 你 0
58.166 58.65 57.0 温 0
58.65 60.464 56.0 柔 1
60.564 61.048 61.0 不 0
61.048 61.531 54.0 想 0
61.531 62.015 57.0 一 0
62.015 62.499 59.0 个 0
62.499 62.982 61.0 人 0
62.982 63.224 59.0 寂 0
63.224 63.95 61.0 寞 1
63.973 64.457 64.0 无 0
64.457 65.666 64.0 - 0
65.666 65.908 59.0 边 0
65.908 66.15 61.0 漂 0
66.15 66.391 59.0 - 0
66.391 67.843 59.0 - 0
67.868 68.109 57.0 泊 1
68.109 68.351 59.0 就 0
68.351 68.835 61.0 像 0
68.835 69.319 66.0 鱼 0
69.319 69.802 59.0 儿 0
69.802 70.286 59.0 水 0
70.286 71.737 61.0 里 0
71.739 71.981 57.0 游 1
71.981 72.223 59.0 你 0
72.223 72.707 61.0 的 0
72.707 73.19 64.0 心 0
73.19 73.674 68.0 河 0
73.674 74.158 64.0 流 0
74.158 75.972 64.0 向 0
75.974 76.941 62.0 我 1
76.941 77.425 57.0 不 0
77.425 77.909 57.0 眠 0
77.909 78.392 56.0 不 0
78.634 78.876 56.0 的 0
78.876 79.602 59.0 - 0
79.602 79.843 57.0 追 0
79.843 82.746 57.0 - 1
83.731 84.215 66.0 一 0
84.215 84.699 66.0 天 0
84.699 85.182 66.0 到 0
85.182 85.666 62.0 晚 0
85.666 85.908 64.0 游 0
85.908 86.392 64.0 泳 0
86.392 86.633 66.0 的 0
86.633 87.117 68.0 鱼 0
87.117 87.601 66.0 啊 0
87.601 88.447 64.0 鱼 0
88.568 89.052 64.0 不 0
89.052 89.536 61.0 停 0
89.536 91.229 61.0 游 1
91.513 91.996 62.0 一 0
91.996 92.48 62.0 - 0
92.48 92.964 62.0 天 0
92.964 93.447 54.0 到 0
93.447 93.689 56.0 晚 0
93.689 94.173 56.0 想 0
94.173 94.415 57.0 你 0
94.415 94.899 66.0 的 0
94.899 95.382 64.0 人 0
95.382 96.35 61.0 啊 0
96.35 96.833 59.0 爱 0
96.833 97.317 57.0 不 0
97.317 99.01 59.0 停 1
99.066 99.913 66.0 从 0
99.913 100.154 66.0 - 0
100.154 100.396 66.0 来 0
100.396 100.638 68.0 不 0
100.638 101.122 68.0 想 0
101.122 102.573 68.0 回 1
102.97 103.816 68.0 不 0
103.816 104.058 69.0 问 0
104.058 104.542 71.0 天 0
104.542 105.026 68.0 长 0
105.026 105.509 66.0 地 0
105.509 106.719 64.0 久 1
106.919 107.765 59.0 因 0
107.765 108.007 59.0 为 0
108.007 108.249 59.0 我 0
108.249 108.732 66.0 的 0
108.732 108.974 64.0 - 0
108.974 109.458 64.0 爱 0
109.7 109.942 64.0 覆 0
109.942 110.425 56.0 水 0
110.425 110.909 57.0 难 0
110.909 113.811 57.0 收 1
114.488 115.093 61.0 多 0
115.093 115.576 59.0 - 0
115.576 116.06 57.0 少 0
116.06 116.544 54.0 喜 0
116.544 117.027 57.0 乐 0
117.027 117.511 59.0 在 0
117.511 118.358 61.0 心 0
118.479 119.809 59.0 慢 0
119.809 120.413 57.0 - 0
120.413 122.227 56.0 慢 1
122.463 122.947 61.0 多 0
122.947 123.431 54.0 少 0
123.431 123.914 57.0 忧 0
123.914 124.398 59.0 愁 0
124.398 124.882 61.0 不 0
124.882 125.124 59.0 肯 0
125.124 125.849 61.0 走 0
125.849 126.333 64.0 流 0
126.333 127.542 64.0 向 0
127.542 127.784 59.0 心 0
127.784 128.026 61.0 - 0
128.026 128.268 59.0 - 0
128.268 129.719 59.0 头 1
129.72 129.962 57.0 就 0
129.962 130.204 59.0 像 0
130.204 130.687 61.0 鱼 0
130.687 131.171 66.0 儿 0
131.171 131.655 59.0 水 0
131.655 132.139 59.0 里 0
132.139 133.59 61.0 游 1
133.59 133.832 57.0 永 0
133.832 134.073 59.0 远 0
134.073 134.557 61.0 不 0
134.557 135.041 64.0 会 0
135.041 135.766 68.0 问 0
135.766 136.008 64.0 结 0
136.008 136.25 66.0 - 0
136.25 136.492 64.0 - 0
136.492 137.822 64.0 果 1
137.964 138.206 61.0 他 0
138.206 138.69 62.0 - 0
138.69 138.932 62.0 们 0
138.932 139.415 62.0 知 0
139.415 139.899 61.0 道 0
139.899 140.383 59.0 爱 0
140.383 140.866 56.0 情 0
140.866 141.35 56.0 没 0
141.35 142.318 57.0 尽 0
142.318 144.252 57.0 头 1
145.739 146.222 66.0 一 0
146.222 146.706 66.0 天 0
146.706 147.19 66.0 到 0
147.19 147.673 62.0 晚 0
147.673 147.915 64.0 游 0
147.915 148.399 64.0 泳 0
148.399 148.641 66.0 的 0
148.641 149.125 68.0 鱼 0
149.125 149.608 64.0 啊 0
149.608 150.455 64.0 鱼 0
150.576 151.059 64.0 不 0
151.059 151.543 61.0 停 0
151.543 153.236 61.0 游 1
153.323 153.807 62.0 一 0
153.807 154.291 62.0 - 0
154.291 154.774 54.0 天 0
154.774 155.258 54.0 到 0
155.258 155.5 56.0 晚 0
155.5 155.984 56.0 想 0
155.984 156.225 57.0 你 0
156.225 156.709 66.0 的 0
156.709 157.193 64.0 人 0
157.193 158.16 61.0 啊 0
158.16 158.644 59.0 爱 0
158.644 159.128 57.0 不 0
159.128 160.821 59.0 停 0
160.962 161.808 66.0 休 1
161.808 162.05 66.0 沧 0
162.05 162.292 66.0 海 0
162.292 162.534 68.0 多 0
162.534 163.017 68.0 么 0
163.017 164.469 68.0 辽 1
164.923 165.77 68.0 再 0
165.77 166.012 69.0 也 0
166.012 166.495 71.0 不 0
166.495 166.979 68.0 能 0
166.979 167.463 66.0 回 0
167.463 168.672 64.0 首 1
168.719 169.566 59.0 只 0
169.566 169.807 59.0 - 0
169.807 170.049 59.0 要 0
170.049 170.533 66.0 你 0
170.533 170.775 64.0 心 0
170.775 171.259 64.0 - 0
171.5 171.742 64.0 永 0
171.742 172.226 56.0 - 0
172.226 172.71 57.0 远 0
172.71 175.612 57.0 留 1
207.594 208.078 66.0 一 0
208.078 208.562 66.0 天 0
208.562 209.045 66.0 到 0
209.045 209.529 62.0 晚 0
209.529 209.771 64.0 游 0
209.771 210.255 64.0 泳 0
210.255 210.496 66.0 的 0
210.496 210.98 68.0 鱼 0
210.98 211.464 66.0 啊 0
211.464 212.31 64.0 鱼 0
212.431 212.915 64.0 不 0
212.915 213.399 61.0 停 0
213.399 215.092 61.0 游 1
215.239 215.722 62.0 一 0
215.722 216.206 62.0 - 0
216.206 216.69 62.0 天 0
216.69 217.173 54.0 到 0
217.173 217.415 56.0 晚 0
217.415 217.899 56.0 想 0
217.899 218.141 57.0 你 0
218.141 218.625 66.0 的 0
218.625 219.108 64.0 人 0
219.108 220.076 61.0 啊 0
220.076 220.559 59.0 爱 0
220.559 221.043 57.0 不 0
221.043 222.736 59.0 停 0
222.853 223.7 66.0 休 1
223.7 223.941 66.0 沧 0
223.941 224.183 66.0 海 0
224.183 224.425 68.0 多 0
224.425 224.909 68.0 么 0
224.909 226.36 68.0 辽 1
226.808 227.654 68.0 再 0
227.654 227.896 69.0 - 0
227.896 228.38 71.0 也 0
228.38 228.864 68.0 不 0
228.864 229.347 66.0 能 0
229.347 230.557 64.0 回 1
230.724 231.57 59.0 只 0
231.57 231.812 59.0 要 0
231.812 232.054 59.0 你 0
232.054 232.537 66.0 心 0
232.537 232.779 64.0 - 0
232.779 233.263 64.0 里 0
233.505 233.747 64.0 永 0
233.747 234.23 56.0 远 0
234.23 234.714 57.0 留 0
234.714 237.616 57.0 我 1
238.622 239.106 66.0 一 0
239.106 239.589 66.0 天 0
239.589 240.073 66.0 到 0
240.073 240.557 62.0 晚 0
240.557 240.799 64.0 游 0
240.799 241.282 64.0 泳 0
241.282 241.524 66.0 的 0
241.524 242.008 68.0 鱼 0
242.008 242.492 66.0 啊 0
242.492 243.338 64.0 鱼 0
243.459 243.943 64.0 不 0
243.943 244.426 61.0 停 0
244.426 245.152 61.0 游 0
245.152 246.119 61.0 - 1
246.181 246.665 62.0 一 0
246.665 247.149 62.0 - 0
247.149 247.632 62.0 天 0
247.632 248.116 54.0 到 0
248.116 248.358 56.0 晚 0
248.358 248.842 56.0 想 0
248.842 249.084 57.0 你 0
249.084 249.567 66.0 的 0
249.567 250.051 64.0 人 0
250.051 251.019 61.0 啊 0
251.019 251.502 57.0 爱 0
251.502 251.986 57.0 不 0
251.986 253.679 59.0 停 1
253.884 254.73 66.0 从 0
254.73 254.972 66.0 - 0
254.972 255.214 66.0 来 0
255.214 255.456 68.0 不 0
255.456 255.94 68.0 想 0
255.94 257.391 68.0 回 1
257.937 258.662 71.0 不 0
258.662 258.904 71.0 问 0
258.904 259.388 71.0 天 0
259.388 259.871 68.0 长 0
259.871 260.355 66.0 地 0
260.355 261.443 64.0 久 1
261.578 262.425 59.0 因 0
262.425 262.667 59.0 - 0
262.667 262.909 59.0 为 0
262.909 263.392 66.0 我 0
263.392 263.634 64.0 的 0
263.634 265.085 64.0 - 1
265.446 266.293 66.0 因 0
266.293 266.534 66.0 - 0
266.534 266.776 66.0 为 0
266.776 267.018 68.0 我 0
267.018 267.26 69.0 的 0
267.26 267.502 68.0 - 0
267.502 268.227 68.0 - 0
268.227 268.469 68.0 爱 0
268.469 268.953 68.0 覆 0
268.953 269.437 71.0 水 0
269.437 269.92 69.0 难 0
269.92 276.692 69.0 - 0
