0.758 1.314 52.0 我 0
1.396 1.633 54.0 在 0
1.635 2.111 56.0 这 0
2.114 2.43 59.0 儿 0
2.592 2.883 61.0 等 0
2.885 3.059 64.0 着 0
3.061 3.294 61.0 你 0
3.295 3.528 59.0 回 0
3.53 3.997 56.0 来 0
3.999 4.29 59.0 - 1
4.44 4.673 61.0 等 0
4.733 4.849 61.0 着 0
4.909 5.083 61.0 你 0
5.143 5.376 61.0 回 0
5.378 5.61 59.0 来 1
5.802 5.975 54.0 看 0
6.036 6.268 52.0 那 0
6.27 6.62 56.0 桃 0
6.739 7.206 56.0 花 0
7.208 7.792 54.0 开 1
8.139 8.782 52.0 我 0
8.842 9.075 54.0 在 0
9.077 9.544 56.0 这 0
9.546 9.778 59.0 儿 0
10.014 10.364 61.0 等 0
10.366 10.481 64.0 着 0
10.483 10.716 61.0 你 0
10.717 10.891 59.0 回 0
10.952 11.419 56.0 来 0
11.421 11.77 59.0 - 1
11.993 12.226 61.0 等 0
12.286 12.46 61.0 着 0
12.462 12.636 61.0 你 0
12.696 12.929 61.0 回 0
12.931 13.163 59.0 来 1
13.343 13.575 54.0 把 0
13.577 13.809 52.0 那 0
13.811 14.278 56.0 花 0
14.28 14.747 54.0 儿 0
14.749 15.509 52.0 采 1
25.029 25.438 52.0 暖 0
25.498 25.731 52.0 暖 0
25.732 25.965 54.0 的 0
25.967 26.434 56.0 春 0
26.436 26.785 59.0 风 0
26.904 27.313 61.0 迎 0
27.373 27.84 61.0 面 0
27.842 28.309 59.0 吹 0
28.779 29.188 61.0 桃 0
29.248 29.715 61.0 花 0
29.717 30.125 59.0 朵 0
30.186 30.594 57.0 朵 0
30.654 32.059 59.0 开 1
32.479 33.181 52.0 枝 0
33.182 33.356 54.0 头 0
33.417 33.708 56.0 鸟 0
33.886 34.352 59.0 儿 0
34.354 34.821 61.0 成 0
34.823 35.231 64.0 双 0
35.292 35.876 59.0 对 1
36.365 36.774 61.0 情 0
36.834 37.242 59.0 人 0
37.303 37.652 54.0 心 0
37.772 37.945 56.0 花 0
37.947 38.18 54.0 儿 0
38.24 39.293 52.0 开 1
40.006 40.415 64.0 啊 0
40.475 40.649 61.0 哟 0
40.709 41.118 64.0 啊 0
41.178 41.469 61.0 哟 1
41.753 41.985 61.0 你 0
41.987 42.161 59.0 比 0
42.222 42.454 59.0 花 0
42.69 42.864 59.0 还 0
42.925 43.157 56.0 美 0
43.159 43.509 59.0 妙 1
43.803 44.27 64.0 叫 0
44.272 44.505 61.0 我 0
44.506 44.915 64.0 忘 0
44.975 45.442 61.0 不 0
45.444 47.083 59.0 了 1
47.576 47.985 64.0 啊 0
48.045 48.219 61.0 哟 0
48.279 48.746 61.0 啊 0
48.748 48.981 61.0 哟 1
49.213 49.387 61.0 秋 0
49.447 49.621 59.0 又 0
49.682 49.973 59.0 去 0
50.15 50.383 59.0 春 0
50.385 50.617 54.0 又 0
50.619 51.027 52.0 来 1
51.201 51.61 54.0 记 0
51.67 51.844 52.0 得 0
51.904 52.195 56.0 我 0
52.373 52.84 56.0 的 0
52.842 55.008 54.0 爱 1
57.003 57.529 52.0 我 0
57.706 57.939 54.0 在 0
57.941 58.408 56.0 这 0
58.41 58.818 59.0 儿 0
58.878 59.169 61.0 等 0
59.23 59.345 64.0 着 0
59.347 59.58 61.0 你 0
59.581 59.814 59.0 回 0
59.816 60.283 56.0 来 0
60.285 60.576 59.0 - 1
60.705 60.938 61.0 等 0
61.057 61.172 61.0 着 0
61.174 61.348 61.0 你 0
61.408 61.641 61.0 回 0
61.643 61.875 59.0 来 1
62.129 62.302 54.0 看 0
62.363 62.595 52.0 那 0
62.597 62.947 56.0 桃 0
63.066 63.533 56.0 花 0
63.535 64.119 54.0 开 1
64.347 64.99 52.0 我 0
65.05 65.283 54.0 在 0
65.285 65.752 56.0 这 0
65.754 65.986 59.0 儿 0
66.222 66.513 61.0 等 0
66.574 66.689 64.0 着 0
66.691 66.924 61.0 你 0
66.925 67.099 59.0 回 0
67.16 67.627 56.0 来 0
67.629 67.978 59.0 - 1
68.158 68.391 61.0 等 0
68.451 68.625 61.0 着 0
68.627 68.801 61.0 你 0
68.861 69.094 61.0 回 0
69.096 69.328 59.0 来 1
69.491 69.723 54.0 把 0
69.725 69.957 52.0 那 0
69.959 70.426 56.0 花 0
70.428 70.895 54.0 儿 0
70.897 71.657 52.0 采 1
71.935 72.461 52.0 我 0
72.638 72.871 54.0 在 0
72.873 73.34 56.0 这 0
73.342 73.75 59.0 儿 0
73.81 74.101 61.0 等 0
74.162 74.277 64.0 着 0
74.279 74.512 61.0 你 0
74.513 74.746 59.0 回 0
74.748 75.215 56.0 来 0
75.217 75.508 59.0 - 1
75.675 75.908 61.0 等 0
76.027 76.142 61.0 着 0
76.144 76.318 61.0 你 0
76.378 76.611 61.0 回 0
76.613 76.845 59.0 来 1
77.024 77.197 54.0 给 0
77.258 77.49 52.0 你 0
77.492 77.842 56.0 把 0
77.961 78.428 56.0 花 0
78.43 79.014 54.0 戴 1
79.383 80.026 52.0 我 0
80.086 80.319 54.0 在 0
80.321 80.788 56.0 这 0
80.79 81.022 59.0 儿 0
81.258 81.549 61.0 等 0
81.61 81.725 64.0 着 0
81.727 81.96 61.0 你 0
81.961 82.135 59.0 回 0
82.196 82.663 56.0 来 0
82.665 83.014 59.0 - 1
83.162 83.336 61.0 尝 0
83.397 83.629 61.0 尝 0
83.631 83.805 61.0 家 0
83.865 84.098 61.0 乡 0
84.1 84.332 59.0 菜 1
84.589 84.821 54.0 团 0
84.823 85.055 52.0 圆 0
85.057 85.524 56.0 乐 0
85.526 85.993 54.0 开 0
85.995 86.755 52.0 怀 1
117.851 118.259 52.0 暖 0
118.32 118.552 52.0 暖 0
118.554 118.786 54.0 的 0
118.788 119.255 56.0 春 0
119.257 119.607 59.0 风 0
119.726 120.134 61.0 迎 0
120.195 120.661 61.0 面 0
120.663 121.13 59.0 吹 0
121.601 122.009 61.0 桃 0
122.07 122.536 61.0 花 0
122.538 122.947 59.0 朵 0
123.007 123.415 57.0 朵 0
123.476 124.88 59.0 开 1
125.3 126.001 52.0 枝 0
126.003 126.177 54.0 头 0
126.237 126.528 56.0 鸟 0
126.706 127.173 59.0 儿 0
127.175 127.642 61.0 成 0
127.644 128.052 64.0 双 0
128.112 128.696 59.0 对 1
129.031 129.439 61.0 情 0
129.5 129.908 59.0 人 0
129.968 130.318 54.0 心 0
130.437 130.611 56.0 花 0
130.613 130.845 54.0 儿 0
130.906 131.959 52.0 开 1
132.836 133.244 64.0 啊 0
133.305 133.478 61.0 哟 0
133.539 133.947 61.0 啊 0
134.008 134.299 61.0 哟 1
134.581 134.814 61.0 你 0
134.816 134.99 59.0 比 0
135.05 135.283 59.0 花 0
135.519 135.693 59.0 还 0
135.753 135.986 56.0 美 0
135.988 136.337 59.0 妙 1
136.645 137.112 64.0 叫 0
137.114 137.346 61.0 我 0
137.348 137.756 64.0 忘 0
137.817 138.284 61.0 不 0
138.285 139.924 59.0 了 1
140.405 140.813 64.0 啊 0
140.874 141.047 61.0 哟 0
141.108 141.575 61.0 啊 0
141.577 141.809 61.0 哟 1
142.095 142.269 61.0 秋 0
142.33 142.504 59.0 又 0
142.564 142.855 59.0 去 0
143.033 143.265 59.0 春 0
143.267 143.5 54.0 又 0
143.502 143.91 52.0 来 1
144.112 144.52 64.0 别 0
144.581 144.754 61.0 把 0
144.815 145.165 64.0 我 0
145.284 145.751 66.0 忘 0
145.752 146.688 61.0 怀 0
146.69 147.918 59.0 - 1
149.639 150.164 52.0 我 0
150.342 150.574 54.0 在 0
150.576 151.043 56.0 这 0
151.045 151.453 59.0 儿 0
151.514 151.805 61.0 等 0
151.865 151.981 64.0 着 0
151.983 152.215 61.0 你 0
152.217 152.449 59.0 回 0
152.451 152.918 56.0 来 0
152.92 153.211 59.0 - 1
153.407 153.639 61.0 等 0
153.758 153.874 61.0 着 0
153.876 154.049 61.0 你 0
154.11 154.342 61.0 回 0
154.344 154.577 59.0 来 1
154.871 155.045 54.0 看 0
155.105 155.338 52.0 那 0
155.34 155.689 56.0 桃 0
155.809 156.275 56.0 花 0
156.277 156.861 54.0 开 1
157.304 157.946 52.0 我 0
158.007 158.239 54.0 在 0
158.241 158.708 56.0 这 0
158.71 158.943 59.0 儿 0
159.179 159.47 61.0 等 0
159.53 159.646 64.0 着 0
159.648 159.88 61.0 你 0
159.882 160.056 59.0 回 0
160.116 160.583 56.0 来 0
160.585 160.935 59.0 - 1
160.939 161.171 61.0 等 0
161.232 161.406 61.0 着 0
161.408 161.581 61.0 你 0
161.642 161.874 61.0 回 0
161.876 162.109 59.0 来 1
162.331 162.564 54.0 把 0
162.565 162.798 52.0 那 0
162.8 163.267 56.0 花 0
163.269 163.735 54.0 儿 0
163.737 164.497 52.0 采 1
164.705 165.23 52.0 我 0
165.408 165.64 54.0 在 0
165.642 166.109 56.0 这 0
166.111 166.519 59.0 儿 0
166.58 166.871 61.0 等 0
166.931 167.047 64.0 着 0
167.049 167.281 61.0 你 0
167.283 167.515 59.0 回 0
167.517 167.984 56.0 来 0
167.986 168.277 59.0 - 1
168.538 168.77 61.0 等 0
168.889 169.005 61.0 着 0
169.007 169.18 61.0 你 0
169.241 169.473 61.0 回 0
169.475 169.708 59.0 来 1
169.902 170.076 54.0 给 0
170.136 170.369 52.0 你 0
170.371 170.72 56.0 把 0
170.84 171.306 56.0 花 0
171.308 171.892 54.0 戴 1
172.205 172.847 52.0 我 0
172.908 173.14 54.0 在 0
173.142 173.609 56.0 这 0
173.611 173.844 59.0 儿 0
174.08 174.371 61.0 等 0
174.431 174.547 64.0 着 0
174.549 174.781 61.0 你 0
174.783 174.957 59.0 回 0
175.017 175.484 56.0 来 0
175.486 175.836 59.0 - 1
175.964 176.138 61.0 尝 0
176.198 176.431 61.0 尝 0
176.433 176.606 61.0 家 0
176.667 176.899 61.0 乡 0
176.901 177.134 59.0 菜 1
177.331 177.564 54.0 团 0
177.565 177.798 52.0 圆 0
177.8 178.267 56.0 乐 0
178.269 178.735 54.0 开 0
178.737 179.497 52.0 怀 1
179.801 180.326 52.0 我 0
180.504 180.736 54.0 在 0
180.738 181.205 56.0 这 0
181.207 181.615 59.0 儿 0
181.676 181.967 61.0 等 0
182.027 182.143 64.0 着 0
182.145 182.377 61.0 你 0
182.379 182.611 59.0 回 0
182.613 183.08 56.0 来 0
183.082 183.373 59.0 - 1
183.486 183.718 61.0 等 0
183.837 183.953 61.0 着 0
183.955 184.128 61.0 你 0
184.189 184.421 61.0 回 0
184.423 184.656 59.0 来 1
184.863 185.036 54.0 看 0
185.097 185.33 52.0 那 0
185.332 185.681 56.0 桃 0
185.801 186.267 56.0 花 0
186.269 186.853 54.0 开 1
187.26 187.902 52.0 我 0
187.963 188.195 54.0 在 0
188.197 188.664 56.0 这 0
188.666 188.899 59.0 儿 0
189.135 189.426 61.0 等 0
189.486 189.602 64.0 着 0
189.604 189.836 61.0 你 0
189.838 190.012 59.0 回 0
190.072 190.539 56.0 来 0
190.541 190.891 59.0 - 1
190.996 191.17 61.0 尝 0
191.23 191.463 61.0 尝 0
191.465 191.638 61.0 家 0
191.699 191.931 61.0 乡 0
191.933 192.166 59.0 菜 1
192.412 192.645 61.0 团 0
192.646 192.879 59.0 圆 0
192.881 193.348 68.0 乐 0
193.35 193.816 66.0 开 0
193.818 194.578 64.0 怀 1
