15.359 15.556 58.0 每 0
15.556 15.758 60.0 个 0
15.758 16.187 61.0 孤 0
16.187 16.615 53.0 独 0
16.615 16.83 53.0 的 0
16.83 17.472 61.0 晚 0
17.472 18.758 60.0 上 1
18.855 19.069 53.0 就 0
19.069 19.284 56.0 像 0
19.284 19.712 58.0 电 0
19.712 20.141 56.0 影 0
20.141 20.355 54.0 的 0
20.355 20.998 56.0 散 0
20.998 22.284 53.0 场 1
22.285 22.499 51.0 身 0
22.499 22.713 53.0 边 0
22.713 23.142 54.0 的 0
23.142 23.57 53.0 人 0
23.57 23.785 54.0 都 0
23.785 24.428 58.0 离 0
24.428 25.713 53.0 开 1
25.718 25.933 53.0 不 0
25.933 26.147 53.0 知 0
26.147 26.575 58.0 何 0
26.575 27.004 57.0 时 0
27.004 27.218 57.0 有 0
27.218 27.861 58.0 泪 0
27.861 29.147 60.0 光 1
29.149 29.363 58.0 每 0
29.363 29.577 60.0 个 0
29.577 30.006 61.0 相 0
30.006 30.435 53.0 爱 0
30.435 30.649 53.0 的 0
30.649 31.292 61.0 地 0
31.292 32.149 60.0 方 1
32.571 32.786 53.0 都 0
32.786 33.0 56.0 像 0
33.0 33.429 58.0 回 0
33.429 33.857 58.0 忆 0
33.857 34.071 58.0 织 0
34.071 34.5 56.0 的 0
34.5 35.571 53.0 网 1
35.813 36.027 51.0 多 0
36.027 36.242 53.0 少 0
36.242 36.67 54.0 痛 0
36.67 37.099 53.0 苦 0
37.099 37.742 54.0 关 0
37.742 37.956 58.0 在 0
37.956 38.384 61.0 胸 0
38.384 39.242 58.0 膛 1
39.38 39.594 58.0 谁 0
39.594 39.808 60.0 能 0
39.808 40.237 60.0 看 0
40.237 40.665 58.0 出 0
40.665 40.88 60.0 我 0
40.88 41.522 61.0 的 0
41.522 42.38 58.0 伤 1
56.537 56.752 58.0 当 0
56.752 56.966 60.0 我 0
56.966 57.395 61.0 松 0
57.395 57.823 53.0 开 0
57.823 58.037 53.0 你 0
58.037 58.252 60.0 的 0
58.252 58.68 61.0 - 0
58.68 59.966 60.0 手 1
59.973 60.187 53.0 眼 0
60.187 60.402 56.0 泪 0
60.402 60.83 58.0 离 0
60.83 61.259 56.0 开 0
61.259 61.473 54.0 眼 0
61.473 62.116 56.0 眶 0
62.116 63.402 53.0 后 1
63.422 63.636 51.0 喝 0
63.636 63.85 53.0 下 0
63.85 64.279 54.0 沉 0
64.279 64.707 53.0 溺 0
64.707 64.922 54.0 的 0
64.922 65.564 58.0 烈 0
65.564 66.85 53.0 酒 1
66.862 67.076 53.0 醒 0
67.076 67.291 53.0 来 0
67.291 67.719 58.0 最 0
67.719 68.148 57.0 终 0
68.148 68.362 58.0 要 0
68.362 69.005 58.0 接 0
69.005 70.291 60.0 受 1
70.291 70.505 58.0 当 0
70.505 70.719 60.0 爱 0
70.719 71.148 61.0 散 0
71.148 71.576 53.0 落 0
71.576 71.791 53.0 的 0
71.791 72.434 61.0 时 0
72.434 73.291 60.0 候 1
73.522 73.737 53.0 何 0
73.737 73.951 56.0 谓 0
73.951 74.379 58.0 天 0
74.379 74.594 58.0 长 0
74.594 75.022 61.0 和 0
75.022 75.451 56.0 地 0
75.451 76.522 53.0 久 1
77.006 77.22 51.0 痛 0
77.22 77.434 53.0 苦 0
77.434 77.863 54.0 了 0
77.863 78.292 53.0 一 0
78.292 78.934 54.0 生 0
78.934 79.149 58.0 的 0
79.149 79.577 61.0 时 0
79.577 80.434 58.0 间 1
80.445 80.66 58.0 是 0
80.66 80.874 61.0 否 0
80.874 81.303 65.0 明 0
81.303 81.731 63.0 白 0
81.731 81.945 61.0 是 0
81.945 82.16 63.0 否 0
82.16 82.588 66.0 足 0
82.588 83.874 65.0 够 1
83.89 84.104 65.0 怎 0
84.104 84.319 65.0 么 0
84.319 84.533 70.0 会 0
84.533 84.961 65.0 狠 0
84.961 85.176 65.0 心 0
85.176 85.604 63.0 离 0
85.604 85.819 61.0 开 0
85.819 86.89 63.0 我 1
87.353 87.567 60.0 这 0
87.567 87.781 58.0 一 0
87.781 88.21 56.0 切 0
88.21 88.424 68.0 到 0
88.424 88.638 68.0 底 0
88.638 89.067 65.0 为 0
89.067 89.281 63.0 什 0
89.281 90.353 65.0 么 1
90.745 90.959 65.0 分 0
90.959 91.174 65.0 不 0
91.174 91.602 63.0 清 0
91.602 91.817 63.0 一 0
91.817 92.459 63.0 切 0
92.459 92.674 63.0 都 0
92.674 92.888 65.0 是 0
92.888 93.102 63.0 谁 0
93.102 93.531 61.0 的 0
93.531 94.174 58.0 错 1
94.238 94.452 58.0 付 0
94.452 94.666 65.0 出 0
94.666 95.095 63.0 换 0
95.095 95.523 63.0 来 0
95.523 95.738 63.0 这 0
95.738 95.952 61.0 种 0
95.952 96.381 63.0 结 0
96.381 97.666 65.0 果 1
97.675 97.89 65.0 怎 0
97.89 98.104 65.0 么 0
98.104 98.318 70.0 会 0
98.318 98.747 65.0 狠 0
98.747 98.961 65.0 心 0
98.961 99.39 63.0 伤 0
99.39 99.604 61.0 害 0
99.604 100.675 63.0 我 1
101.102 101.316 60.0 可 0
101.316 101.53 58.0 怜 0
101.53 101.959 56.0 我 0
101.959 102.173 68.0 爱 0
102.173 102.388 68.0 你 0
102.388 102.816 65.0 那 0
102.816 103.03 63.0 么 0
103.03 104.102 65.0 多 1
104.458 104.673 65.0 失 0
104.673 104.887 65.0 去 0
104.887 105.316 63.0 了 0
105.316 105.53 63.0 快 0
105.53 106.173 63.0 乐 0
106.173 106.387 63.0 幻 0
106.387 106.601 65.0 灭 0
106.601 107.03 63.0 了 0
107.03 107.244 61.0 承 0
107.244 107.887 58.0 诺 1
107.927 108.141 58.0 守 0
108.141 108.356 65.0 住 0
108.356 108.784 63.0 两 0
108.784 109.213 63.0 个 0
109.213 109.427 63.0 人 0
109.427 109.641 61.0 的 0
109.641 110.07 63.0 日 0
110.07 110.927 65.0 子 1
111.0 111.643 65.0 一 0
111.643 111.857 63.0 个 0
111.857 112.286 61.0 人 0
112.286 113.571 58.0 过 1
128.446 128.661 58.0 当 0
128.661 128.875 60.0 我 0
128.875 129.304 61.0 松 0
129.304 129.732 53.0 开 0
129.732 129.946 53.0 你 0
129.946 130.589 61.0 的 0
130.589 131.875 60.0 手 1
131.989 132.203 53.0 眼 0
132.203 132.418 56.0 泪 0
132.418 132.846 58.0 离 0
132.846 133.275 56.0 开 0
133.275 133.489 54.0 眼 0
133.489 134.132 56.0 眶 0
134.132 135.418 53.0 后 1
135.422 135.636 51.0 喝 0
135.636 135.85 53.0 下 0
135.85 136.279 54.0 沉 0
136.279 136.707 53.0 溺 0
136.707 136.922 54.0 的 0
136.922 137.564 58.0 烈 0
137.564 138.85 53.0 酒 1
138.859 139.073 53.0 醒 0
139.073 139.288 53.0 来 0
139.288 139.716 58.0 最 0
139.716 140.145 57.0 终 0
140.145 140.359 57.0 要 0
140.359 141.002 58.0 接 0
141.002 141.431 58.0 受 0
141.431 141.859 60.0 - 1
142.277 142.491 58.0 当 0
142.491 142.705 60.0 爱 0
142.705 143.134 61.0 散 0
143.134 143.562 53.0 落 0
143.562 143.777 63.0 的 0
143.777 144.42 61.0 时 0
144.42 144.848 60.0 候 1
145.544 145.759 53.0 何 0
145.759 145.973 56.0 谓 0
145.973 146.401 58.0 天 0
146.401 146.616 58.0 长 0
146.616 146.83 61.0 - 0
146.83 147.044 58.0 - 0
147.044 147.259 56.0 和 0
147.259 147.687 58.0 地 0
147.687 148.544 53.0 久 1
149.057 149.271 54.0 痛 0
149.271 149.485 53.0 苦 0
149.485 149.914 54.0 了 0
149.914 150.343 53.0 一 0
150.343 150.985 54.0 生 0
150.985 151.2 58.0 的 0
151.2 151.628 61.0 时 0
151.628 152.485 58.0 间 1
152.521 152.736 58.0 是 0
152.736 152.95 61.0 否 0
152.95 153.379 65.0 明 0
153.379 153.807 63.0 白 0
153.807 154.021 61.0 是 0
154.021 154.236 63.0 否 0
154.236 154.343 65.0 足 0
154.343 155.95 65.0 够 1
155.97 156.184 65.0 怎 0
156.184 156.399 65.0 么 0
156.399 156.613 70.0 会 0
156.613 157.041 65.0 狠 0
157.041 157.256 65.0 心 0
157.256 157.684 63.0 离 0
157.684 157.899 61.0 开 0
157.899 158.97 63.0 我 1
159.29 159.504 60.0 这 0
159.504 159.718 58.0 一 0
159.718 160.147 56.0 切 0
160.147 160.361 68.0 到 0
160.361 160.575 68.0 底 0
160.575 161.004 65.0 为 0
161.004 161.218 63.0 什 0
161.218 162.29 65.0 么 1
162.857 163.071 65.0 分 0
163.071 163.286 65.0 不 0
163.286 163.714 63.0 清 0
163.714 163.929 63.0 一 0
163.929 164.571 63.0 切 0
164.571 164.786 63.0 都 0
164.786 165.0 65.0 是 0
165.0 165.214 63.0 谁 0
165.214 165.643 61.0 的 0
165.643 166.286 58.0 错 1
166.286 166.5 58.0 付 0
166.5 166.714 65.0 出 0
166.714 167.143 63.0 换 0
167.143 167.571 63.0 来 0
167.571 167.786 63.0 这 0
167.786 168.0 61.0 种 0
168.0 168.429 63.0 结 0
168.429 169.714 65.0 果 1
169.72 169.935 65.0 怎 0
169.935 170.149 65.0 么 0
170.149 170.363 70.0 会 0
170.363 170.792 65.0 狠 0
170.792 171.006 65.0 心 0
171.006 171.435 63.0 伤 0
171.435 171.649 61.0 害 0
171.649 172.72 63.0 我 1
173.098 173.312 60.0 可 0
173.312 173.526 58.0 怜 0
173.526 173.955 56.0 我 0
173.955 174.169 68.0 爱 0
174.169 174.384 68.0 你 0
174.384 174.812 65.0 那 0
174.812 175.026 63.0 么 0
175.026 176.098 65.0 多 1
176.488 176.703 65.0 失 0
176.703 176.917 65.0 去 0
176.917 177.346 63.0 了 0
177.346 177.56 63.0 快 0
177.56 178.203 63.0 乐 0
178.203 178.417 63.0 幻 0
178.417 178.631 65.0 灭 0
178.631 179.06 63.0 了 0
179.06 179.274 61.0 承 0
179.274 179.917 58.0 诺 1
179.995 180.209 58.0 守 0
180.209 180.424 65.0 住 0
180.424 180.852 63.0 两 0
180.852 181.281 63.0 个 0
181.281 181.495 63.0 人 0
181.495 181.709 61.0 的 0
181.709 182.138 63.0 日 0
182.138 182.995 65.0 子 1
183.002 183.645 65.0 一 0
183.645 183.859 63.0 个 0
183.859 184.288 61.0 人 0
184.288 185.573 58.0 过 1
217.281 217.709 65.0 怎 0
217.709 218.138 68.0 么 0
218.138 218.352 70.0 会 0
218.352 218.781 65.0 狠 0
218.781 218.995 65.0 心 0
218.995 219.424 63.0 离 0
219.424 219.638 61.0 开 0
219.638 220.709 63.0 我 1
221.028 221.242 60.0 这 0
221.242 221.456 58.0 一 0
221.456 221.671 56.0 切 0
221.671 222.099 70.0 到 0
222.099 222.314 68.0 底 0
222.314 222.742 65.0 为 0
222.742 222.956 63.0 什 0
222.956 224.028 65.0 么 1
224.42 224.635 65.0 分 0
224.635 224.849 65.0 不 0
224.849 225.278 63.0 清 0
225.278 225.492 63.0 一 0
225.492 226.135 63.0 切 0
226.135 226.349 63.0 都 0
226.349 226.563 65.0 是 0
226.563 226.778 63.0 谁 0
226.778 227.206 61.0 的 0
227.206 227.849 58.0 错 1
227.879 228.093 58.0 付 0
228.093 228.308 65.0 出 0
228.308 228.736 63.0 换 0
228.736 229.165 63.0 来 0
229.165 229.379 63.0 这 0
229.379 229.593 68.0 种 0
229.593 230.022 66.0 结 0
230.022 230.45 65.0 果 0
230.45 231.308 65.0 - 1
231.408 231.622 65.0 怎 0
231.622 231.836 65.0 么 0
231.836 232.05 70.0 会 0
232.05 232.479 65.0 狠 0
232.479 232.693 65.0 心 0
232.693 233.122 63.0 伤 0
233.122 233.336 61.0 害 0
233.336 234.408 63.0 我 1
234.791 235.005 60.0 可 0
235.005 235.22 58.0 怜 0
235.22 235.434 56.0 我 0
235.434 235.863 70.0 爱 0
235.863 236.077 68.0 你 0
236.077 236.505 65.0 那 0
236.505 236.72 63.0 么 0
236.72 237.791 65.0 多 1
238.156 238.37 65.0 失 0
238.37 238.584 65.0 去 0
238.584 239.013 63.0 了 0
239.013 239.227 63.0 快 0
239.227 239.87 63.0 乐 0
239.87 240.084 63.0 幻 0
240.084 240.299 65.0 灭 0
240.299 240.727 63.0 了 0
240.727 240.941 61.0 承 0
240.941 241.584 58.0 诺 1
241.591 241.806 58.0 守 0
241.806 242.02 65.0 住 0
242.02 242.448 63.0 两 0
242.448 242.877 63.0 个 0
242.877 243.091 63.0 人 0
243.091 243.306 61.0 的 0
243.306 243.734 63.0 日 0
243.734 244.591 65.0 子 1
244.717 245.36 65.0 一 0
245.36 245.574 63.0 个 0
245.574 246.003 61.0 人 0
246.003 247.289 58.0 过 1
