27.511 27.861 65.0 冷 0
27.864 28.39 65.0 风 0
28.393 28.743 63.0 过 0
28.923 29.096 63.0 境 0
29.099 29.449 65.0 - 1
29.685 29.947 61.0 回 0
30.038 30.212 61.0 忆 0
30.391 30.653 61.0 冻 0
30.744 31.094 60.0 结 0
31.097 31.447 61.0 成 0
31.45 31.712 61.0 - 0
31.803 32.241 61.0 冰 1
32.481 32.831 58.0 我 0
32.834 33.184 61.0 的 0
33.187 33.537 68.0 付 0
33.54 33.89 68.0 出 1
33.977 34.327 65.0 全 0
34.33 34.68 65.0 都 0
34.683 34.856 61.0 要 0
35.036 35.386 61.0 不 0
35.388 35.738 58.0 到 0
35.741 36.091 58.0 回 0
36.094 36.797 58.0 音 0
36.8 38.297 56.0 - 1
38.55 38.9 65.0 悔 0
38.903 39.518 66.0 恨 0
39.609 39.959 65.0 就 0
39.962 40.312 63.0 - 0
40.315 40.665 63.0 像 0
40.668 40.929 61.0 - 0
41.021 41.194 61.0 是 1
41.328 41.59 61.0 绵 0
41.681 42.031 61.0 延 0
42.034 42.384 63.0 不 0
42.387 42.737 65.0 断 0
42.74 43.09 61.0 的 0
43.093 43.443 63.0 丘 0
43.446 43.62 61.0 - 0
43.799 44.237 61.0 陵 1
44.592 44.854 65.0 痛 0
44.945 45.295 66.0 苦 0
45.298 45.648 65.0 全 0
45.651 45.824 63.0 - 0
46.004 46.707 63.0 方 0
46.71 47.06 61.0 位 0
47.063 47.324 61.0 的 0
47.415 48.118 58.0 降 0
48.121 49.177 56.0 临 1
50.092 50.442 63.0 悲 0
50.445 50.971 65.0 伤 0
50.974 51.324 63.0 入 0
51.504 51.677 63.0 侵 0
51.68 52.03 65.0 - 1
52.222 52.483 61.0 誓 0
52.575 52.748 61.0 言 0
52.928 53.189 61.0 下 0
53.28 53.63 60.0 落 0
53.633 53.983 61.0 不 0
53.986 54.248 61.0 - 0
54.339 54.778 61.0 明 1
55.208 55.558 58.0 我 0
55.561 55.911 61.0 找 0
55.914 56.264 68.0 不 0
56.267 56.617 68.0 到 1
56.617 56.967 65.0 那 0
56.97 57.32 65.0 些 0
57.323 57.673 61.0 爱 0
57.676 58.026 61.0 过 0
58.029 58.379 58.0 的 0
58.382 58.732 61.0 曾 0
58.735 59.438 65.0 经 0
59.44 60.849 63.0 - 1
61.168 61.518 65.0 你 0
61.521 62.136 66.0 像 0
62.227 62.93 65.0 在 0
62.933 63.283 63.0 寂 0
63.286 63.548 61.0 - 0
63.639 63.812 61.0 寞 0
63.992 64.253 61.0 上 0
64.345 64.695 61.0 空 1
64.696 65.046 63.0 盘 0
65.049 65.399 65.0 旋 0
65.401 65.751 61.0 的 0
65.754 66.104 63.0 秃 0
66.107 66.281 61.0 - 0
66.46 66.899 61.0 鹰 1
67.061 67.323 65.0 将 0
67.414 67.764 66.0 我 0
67.944 68.294 65.0 想 0
68.473 68.823 63.0 你 0
68.826 69.176 63.0 啃 0
69.179 69.529 61.0 食 0
69.532 69.794 63.0 干 0
69.885 71.294 68.0 净 1
71.969 72.319 56.0 月 0
72.322 72.763 61.0 色 0
72.766 73.231 66.0 摇 0
73.235 73.762 65.0 晃 0
73.765 74.203 66.0 树 0
74.294 74.997 68.0 影 1
75.142 75.492 56.0 穿 0
75.495 75.757 61.0 梭 0
75.848 76.198 68.0 在 0
76.201 76.551 66.0 热 0
76.554 76.904 65.0 带 0
76.907 77.168 61.0 雨 0
77.26 77.698 61.0 林 1
77.825 78.175 56.0 你 0
78.178 78.44 61.0 离 0
78.531 78.881 66.0 去 0
78.884 79.411 65.0 的 0
79.414 79.852 66.0 原 0
79.943 80.293 68.0 因 1
80.437 80.787 66.0 从 0
80.79 81.14 65.0 来 0
81.143 81.493 63.0 不 0
81.496 82.199 61.0 说 0
82.202 83.434 65.0 明 1
83.532 83.882 63.0 你 0
83.885 84.235 65.0 的 0
84.238 84.588 65.0 谎 0
84.591 85.03 65.0 像 0
85.121 85.559 63.0 陷 0
85.65 85.824 65.0 阱 0
85.827 86.177 66.0 - 1
86.439 86.789 63.0 我 0
86.792 87.142 60.0 最 0
87.145 87.495 60.0 后 0
87.498 87.848 63.0 才 0
87.851 88.201 65.0 清 0
88.204 88.377 61.0 - 0
88.557 89.701 61.0 醒 1
89.983 90.333 58.0 幸 0
90.336 90.686 61.0 福 0
90.689 91.039 58.0 只 0
91.042 91.392 61.0 是 0
91.395 91.745 58.0 水 0
91.748 92.098 61.0 中 0
92.101 92.451 68.0 的 0
92.454 92.804 68.0 倒 0
92.807 93.863 63.0 影 0
93.866 94.922 63.0 - 1
94.925 95.275 56.0 月 0
95.278 95.628 61.0 色 0
95.63 95.98 66.0 摇 0
95.983 96.51 65.0 晃 0
96.513 96.951 66.0 树 0
97.042 97.745 68.0 影 1
97.767 98.117 56.0 穿 0
98.12 98.382 61.0 梭 0
98.473 98.823 66.0 在 0
98.826 99.176 66.0 热 0
99.179 99.529 65.0 带 0
99.532 99.794 61.0 雨 0
99.885 100.323 61.0 林 1
100.458 100.808 56.0 悲 0
100.811 101.072 61.0 伤 0
101.164 101.514 68.0 的 0
101.516 102.043 65.0 雨 0
102.046 102.484 66.0 不 0
102.575 102.925 68.0 停 1
103.04 103.39 66.0 全 0
103.393 103.743 65.0 身 0
103.746 104.096 63.0 血 0
104.099 104.802 61.0 淋 0
104.805 106.037 65.0 淋 1
106.175 106.525 65.0 那 0
106.528 106.878 65.0 深 0
106.881 107.231 65.0 陷 0
107.234 107.672 65.0 在 0
107.763 108.201 63.0 沼 0
108.292 108.466 65.0 泽 0
108.469 108.819 66.0 - 1
108.896 109.246 63.0 我 0
109.249 109.599 63.0 不 0
109.602 109.952 60.0 堪 0
109.955 110.305 63.0 的 0
110.308 110.658 65.0 爱 0
110.661 110.834 61.0 - 0
111.014 112.158 61.0 情 1
112.477 112.827 58.0 是 0
112.83 113.18 61.0 我 0
113.183 113.533 58.0 无 0
113.535 113.885 61.0 能 0
113.888 114.238 58.0 为 0
114.241 114.591 61.0 力 0
114.594 114.944 58.0 的 0
114.947 115.297 60.0 伤 0
115.3 116.974 61.0 心 1
137.85 138.2 63.0 悲 0
138.203 138.73 65.0 伤 0
138.733 139.083 63.0 入 0
139.262 139.436 63.0 侵 0
139.439 139.789 65.0 - 1
140.1 140.362 61.0 誓 0
140.453 140.626 61.0 言 0
140.806 141.068 61.0 下 0
141.159 141.509 60.0 落 0
141.512 141.862 63.0 不 0
141.865 142.126 61.0 - 0
142.218 142.656 61.0 明 1
142.84 143.19 58.0 我 0
143.192 143.542 61.0 找 0
143.545 143.895 68.0 不 0
143.898 144.248 68.0 到 1
144.286 144.636 65.0 那 0
144.639 144.989 65.0 些 0
144.992 145.166 61.0 爱 0
145.345 145.695 61.0 过 0
145.698 146.048 58.0 的 0
146.051 146.401 61.0 曾 0
146.404 148.607 63.0 经 1
148.762 149.112 65.0 你 0
149.114 149.729 66.0 像 0
149.82 150.523 65.0 在 0
150.526 150.876 63.0 寂 0
150.879 151.141 61.0 - 0
151.232 151.406 61.0 寞 0
151.585 151.847 61.0 上 0
151.938 152.288 61.0 空 1
152.38 152.73 63.0 盘 0
152.733 153.083 65.0 旋 0
153.086 153.436 61.0 的 0
153.439 153.789 63.0 秃 0
153.792 153.965 61.0 - 0
154.145 154.583 61.0 鹰 1
154.849 155.11 65.0 将 0
155.201 155.551 66.0 我 0
155.731 156.081 65.0 想 0
156.26 156.61 63.0 你 0
156.613 156.963 63.0 啃 0
156.966 157.316 61.0 食 0
157.319 157.581 63.0 干 0
157.672 159.081 68.0 净 1
159.834 160.218 56.0 月 0
160.221 160.662 61.0 色 0
160.666 161.107 68.0 摇 0
161.11 161.637 65.0 晃 0
161.64 162.078 66.0 树 0
162.169 162.872 68.0 影 1
162.902 163.252 56.0 穿 0
163.255 163.517 61.0 梭 0
163.608 163.958 68.0 在 0
163.961 164.311 66.0 热 0
164.314 164.664 65.0 带 0
164.667 164.928 61.0 雨 0
165.02 165.458 61.0 林 1
165.625 165.975 56.0 你 0
165.978 166.24 61.0 离 0
166.331 166.681 66.0 去 0
166.684 167.211 65.0 的 0
167.214 167.652 66.0 原 0
167.743 168.093 68.0 因 1
168.174 168.524 66.0 从 0
168.527 168.877 65.0 来 0
168.88 169.23 63.0 不 0
169.233 169.936 61.0 说 0
169.939 171.171 65.0 明 1
171.226 171.576 65.0 你 0
171.578 171.928 65.0 的 0
171.931 172.281 65.0 谎 0
172.284 172.723 65.0 像 0
172.814 173.252 63.0 陷 0
173.343 173.517 65.0 阱 0
173.52 173.87 66.0 - 1
174.095 174.445 63.0 我 0
174.448 174.798 63.0 最 0
174.801 175.151 60.0 后 0
175.154 175.504 63.0 才 0
175.507 175.857 65.0 清 0
175.86 176.033 61.0 - 0
176.213 177.357 61.0 醒 1
177.673 178.023 58.0 幸 0
178.026 178.376 61.0 福 0
178.379 178.729 58.0 只 0
178.732 179.082 61.0 是 0
179.085 179.435 58.0 水 0
179.438 179.788 61.0 中 0
179.791 180.141 68.0 的 0
180.144 180.494 68.0 倒 0
180.497 181.553 63.0 影 0
181.556 182.612 63.0 - 1
182.654 183.004 56.0 月 0
183.007 183.357 61.0 色 0
183.36 183.71 68.0 摇 0
183.712 184.239 65.0 晃 0
184.242 184.68 66.0 树 0
184.771 185.474 68.0 影 1
185.496 185.846 56.0 穿 0
185.849 186.111 61.0 梭 0
186.202 186.552 66.0 在 0
186.555 186.905 66.0 热 0
186.908 187.258 65.0 带 0
187.261 187.523 61.0 雨 0
187.614 188.052 61.0 林 1
188.266 188.616 56.0 悲 0
188.619 188.88 61.0 伤 0
188.972 189.322 68.0 的 0
189.325 189.851 65.0 雨 0
189.854 190.292 66.0 不 0
190.383 190.733 68.0 停 1
190.782 191.132 66.0 全 0
191.135 191.485 65.0 身 0
191.488 191.838 63.0 血 0
191.841 192.544 61.0 淋 0
192.547 193.779 65.0 淋 1
193.79 194.14 65.0 那 0
194.143 194.493 65.0 深 0
194.496 194.846 65.0 陷 0
194.849 195.287 65.0 在 0
195.378 195.816 63.0 沼 0
195.907 196.081 65.0 泽 0
196.084 196.434 66.0 - 1
196.758 197.108 63.0 我 0
197.111 197.461 63.0 不 0
197.464 197.814 60.0 堪 0
197.817 198.167 63.0 的 0
198.17 198.52 65.0 爱 0
198.523 198.697 61.0 - 0
198.876 200.02 61.0 情 1
200.165 200.515 58.0 是 0
200.518 200.868 61.0 我 0
200.871 201.221 58.0 无 0
201.224 201.574 61.0 能 0
201.576 201.926 58.0 为 0
201.929 202.279 61.0 力 0
202.282 202.632 58.0 的 0
202.635 202.985 60.0 伤 0
203.165 204.838 61.0 心 1
207.939 208.289 56.0 月 0
208.292 208.642 61.0 色 0
208.645 208.995 66.0 摇 0
208.998 209.525 65.0 晃 0
209.528 209.966 66.0 树 0
210.234 210.76 68.0 影 1
210.856 211.206 56.0 穿 0
211.209 211.471 61.0 梭 0
211.562 211.912 68.0 在 0
211.915 212.265 66.0 热 0
212.268 212.618 65.0 带 0
212.621 212.882 61.0 雨 0
212.974 213.412 61.0 林 1
213.707 214.057 56.0 你 0
214.06 214.322 61.0 离 0
214.413 214.763 66.0 去 0
214.766 215.293 65.0 的 0
215.296 215.734 66.0 原 0
215.825 216.175 68.0 因 1
216.22 216.57 66.0 从 0
216.573 216.923 65.0 来 0
216.926 217.276 63.0 不 0
217.279 217.982 61.0 说 0
217.985 219.217 65.0 明 1
219.251 219.601 63.0 你 0
219.604 219.954 65.0 的 0
219.957 220.307 65.0 谎 0
220.31 220.749 65.0 像 0
220.84 221.278 63.0 陷 0
221.369 221.543 65.0 阱 0
221.546 221.896 66.0 - 1
222.043 222.393 63.0 我 0
222.396 222.746 60.0 最 0
222.749 223.099 60.0 后 0
223.102 223.452 63.0 才 0
223.455 223.805 65.0 清 0
223.808 223.981 61.0 - 0
224.161 225.305 61.0 醒 1
225.552 225.902 58.0 幸 0
225.905 226.255 61.0 福 0
226.258 226.608 58.0 只 0
226.611 226.961 61.0 是 0
226.964 227.314 58.0 水 0
227.317 227.667 61.0 中 0
227.67 228.02 68.0 的 0
228.023 228.373 68.0 倒 0
228.376 229.432 63.0 影 0
229.435 230.491 63.0 - 1
230.631 230.981 56.0 月 0
230.984 231.334 61.0 色 0
231.336 231.686 66.0 摇 0
231.689 232.216 65.0 晃 0
232.219 232.657 66.0 树 0
232.748 233.451 68.0 影 1
233.499 233.849 56.0 穿 0
233.852 234.114 61.0 梭 0
234.205 234.555 66.0 在 0
234.558 234.908 66.0 热 0
234.911 235.261 65.0 带 0
235.264 235.526 61.0 雨 0
235.617 236.055 61.0 林 1
236.226 236.576 56.0 悲 0
236.579 236.84 61.0 伤 0
236.932 237.282 68.0 的 0
237.284 237.811 65.0 雨 0
237.814 238.252 66.0 不 0
238.343 238.693 68.0 停 1
238.762 239.112 66.0 全 0
239.115 239.465 65.0 身 0
239.468 239.818 63.0 血 0
239.821 240.524 61.0 淋 0
240.527 241.759 65.0 淋 1
241.921 242.271 65.0 那 0
242.274 242.624 65.0 深 0
242.627 242.977 65.0 陷 0
242.98 243.418 65.0 在 0
243.509 243.947 63.0 沼 0
244.038 244.212 65.0 泽 0
244.215 244.565 66.0 - 1
244.792 245.142 63.0 我 0
245.145 245.495 63.0 不 0
245.498 245.848 60.0 堪 0
245.851 246.201 63.0 的 0
246.204 246.554 65.0 爱 0
246.557 246.73 61.0 - 0
246.91 248.054 61.0 情 1
248.153 248.503 58.0 是 0
248.506 248.856 61.0 我 0
248.859 249.209 58.0 无 0
249.211 249.561 61.0 能 0
249.564 249.914 58.0 为 0
249.917 250.267 61.0 力 0
250.27 250.62 58.0 的 0
250.623 250.973 60.0 伤 0
251.153 252.826 61.0 心 1
