26.058 26.424 65.0 爱 0
26.424 26.79 61.0 - 0
26.79 27.155 61.0 不 0
27.155 27.521 63.0 听 0
27.521 27.887 65.0 使 0
28.417 28.783 63.0 唤 0
28.783 29.149 61.0 做 0
29.149 29.515 63.0 不 0
29.515 29.88 63.0 到 0
29.88 30.246 63.0 滴 0
30.246 30.612 65.0 情 0
30.612 30.978 56.0 不 0
31.277 31.643 61.0 沾 0
31.643 32.009 60.0 剪 0
32.009 32.374 61.0 不 0
32.667 33.033 58.0 断 0
33.033 33.399 60.0 记 0
33.399 33.765 61.0 忆 0
33.765 34.131 61.0 中 0
34.131 34.497 63.0 不 0
34.497 34.862 61.0 停 0
34.862 35.228 60.0 删 0
35.228 35.594 60.0 却 0
35.594 35.96 60.0 死 0
35.96 36.326 65.0 灰 0
36.326 36.692 65.0 复 0
37.041 37.406 61.0 燃 0
37.406 37.772 60.0 时 0
37.772 38.138 61.0 光 0
38.138 38.504 58.0 倒 0
38.504 38.87 58.0 - 0
39.4 39.765 72.0 转 0
39.765 40.131 70.0 山 0
40.131 40.497 70.0 盟 0
40.497 40.863 68.0 海 0
40.863 41.229 68.0 誓 0
41.595 41.961 63.0 的 0
41.961 42.326 61.0 浪 0
42.326 42.692 61.0 漫 0
43.068 43.434 63.0 甜 0
43.434 43.8 65.0 言 0
43.8 44.166 66.0 蜜 0
44.166 44.532 58.0 - 0
44.532 44.897 58.0 语 0
45.263 45.629 66.0 听 0
45.629 45.995 66.0 得 0
45.995 46.361 63.0 我 0
46.361 46.727 61.0 死 0
46.727 47.093 61.0 而 0
47.458 47.824 61.0 无 0
47.824 48.19 63.0 - 0
48.19 48.83 63.0 憾 0
49.527 49.892 65.0 不 0
49.892 50.258 61.0 - 0
50.258 50.624 61.0 给 0
50.624 50.99 63.0 你 0
50.99 51.356 65.0 添 0
51.654 52.02 63.0 乱 0
52.02 52.385 61.0 只 0
52.385 52.751 63.0 是 0
52.751 53.117 63.0 想 0
53.117 53.483 63.0 放 0
53.483 53.849 65.0 弃 0
53.849 54.215 56.0 太 0
54.766 55.132 61.0 难 0
55.132 55.498 60.0 我 0
55.498 55.864 61.0 判 0
56.047 56.413 58.0 断 0
56.413 56.779 60.0 你 0
56.779 57.144 61.0 是 0
57.144 57.51 61.0 存 0
57.51 57.876 63.0 心 0
57.876 58.242 61.0 故 0
58.242 58.608 60.0 意 0
58.608 58.974 60.0 要 0
58.974 59.34 60.0 让 0
59.34 59.705 65.0 我 0
59.705 60.071 65.0 难 0
60.446 60.812 61.0 堪 0
60.812 61.178 60.0 百 0
61.178 61.544 61.0 般 0
61.544 61.91 58.0 刁 0
61.91 62.275 58.0 - 0
62.76 63.309 72.0 难 0
63.309 63.492 70.0 抛 0
63.492 63.858 70.0 弃 0
63.858 64.224 68.0 我 0
64.224 64.59 68.0 不 0
64.955 65.047 61.0 择 0
65.047 65.321 63.0 - 0
65.321 65.687 61.0 手 0
65.687 66.053 61.0 - 0
66.435 66.801 63.0 段 0
66.801 67.167 65.0 才 0
67.167 67.532 66.0 知 0
67.532 67.898 58.0 道 0
67.898 68.264 58.0 你 0
68.63 68.996 66.0 不 0
68.996 69.362 66.0 想 0
69.362 69.727 65.0 再 0
69.727 70.093 66.0 和 0
70.093 70.459 68.0 我 0
70.459 70.825 68.0 - 0
70.825 71.191 68.0 纠 0
71.191 73.02 68.0 缠 0
73.798 74.164 56.0 别 0
74.164 74.53 66.0 丢 0
74.53 74.895 65.0 下 0
74.895 75.261 65.0 我 0
75.261 75.627 65.0 不 0
75.627 75.993 63.0 管 0
75.993 76.359 63.0 在 0
76.359 76.725 61.0 这 0
76.725 77.091 65.0 漆 0
77.091 77.456 70.0 黑 0
77.456 77.822 70.0 孤 0
77.822 78.188 68.0 单 0
78.188 78.554 68.0 的 0
78.554 78.92 65.0 夜 0
78.92 79.286 68.0 晚 0
79.562 79.927 65.0 这 0
79.927 80.293 63.0 - 0
80.293 80.659 63.0 段 0
80.659 81.025 61.0 感 0
81.025 81.391 61.0 情 0
81.391 81.757 61.0 似 0
81.757 82.123 65.0 乎 0
82.123 82.488 65.0 已 0
82.538 82.904 65.0 经 0
82.904 83.27 73.0 变 0
83.27 83.636 72.0 成 0
83.636 84.002 73.0 了 0
84.002 84.368 72.0 你 0
84.368 84.733 65.0 的 0
84.733 85.099 65.0 负 0
85.398 85.764 65.0 担 0
85.764 86.13 63.0 顺 0
86.13 86.496 63.0 其 0
86.496 86.862 61.0 自 0
86.862 87.227 61.0 - 0
87.676 88.042 70.0 然 0
88.042 88.408 68.0 还 0
88.408 88.774 68.0 是 0
88.774 89.14 66.0 要 0
89.14 89.506 68.0 做 0
89.871 90.603 63.0 个 0
90.603 90.969 65.0 了 0
91.202 91.568 63.0 断 0
91.568 91.934 65.0 青 0
91.934 92.299 66.0 春 0
92.299 92.665 58.0 短 0
92.665 93.031 58.0 - 0
93.439 93.805 66.0 暂 0
93.805 94.171 66.0 拖 0
94.171 94.537 63.0 累 0
94.537 94.902 61.0 我 0
94.902 95.634 61.0 谁 0
95.634 95.726 61.0 欠 0
95.726 96.366 63.0 谁 0
96.366 96.732 63.0 还 0
97.163 97.529 56.0 别 0
97.529 97.895 66.0 丢 0
97.895 98.261 65.0 下 0
98.261 98.627 65.0 我 0
98.627 98.993 65.0 不 0
98.993 99.359 63.0 管 0
99.366 99.731 63.0 面 0
99.731 100.097 61.0 - 0
100.097 100.463 65.0 对 0
100.463 100.829 70.0 爱 0
100.829 101.195 70.0 情 0
101.195 101.561 68.0 不 0
101.561 101.927 68.0 是 0
101.927 102.292 65.0 不 0
102.292 102.658 68.0 勇 0
103.053 103.419 65.0 敢 0
103.419 103.785 63.0 只 0
103.785 104.151 63.0 是 0
104.151 104.517 61.0 曲 0
104.517 104.882 61.0 终 0
104.882 105.248 61.0 人 0
105.254 105.62 65.0 散 0
105.62 105.986 65.0 让 0
105.986 106.352 65.0 这 0
106.352 106.718 73.0 一 0
106.718 107.084 72.0 切 0
107.084 107.449 73.0 来 0
107.449 107.815 72.0 的 0
107.815 108.181 65.0 太 0
108.181 108.547 65.0 突 0
108.847 109.213 65.0 然 0
109.213 109.579 63.0 一 0
109.579 109.944 63.0 刀 0
109.944 110.31 61.0 两 0
110.31 110.676 61.0 断 0
110.998 111.364 70.0 消 0
111.364 111.73 68.0 - 0
111.73 112.095 68.0 失 0
112.095 112.461 66.0 在 0
112.461 112.827 68.0 灯 0
113.193 113.925 63.0 火 0
113.925 114.291 65.0 阑 0
114.643 115.009 63.0 珊 0
115.009 115.375 65.0 我 0
115.375 115.741 66.0 向 0
115.741 116.107 58.0 后 0
116.107 116.473 58.0 - 0
116.839 117.204 66.0 转 0
117.204 117.57 65.0 只 0
117.57 117.936 61.0 留 0
117.936 118.668 63.0 下 0
118.668 120.497 61.0 遗 0
129.99 130.356 65.0 憾 0
130.356 130.722 61.0 不 0
130.722 131.088 61.0 给 0
131.088 131.545 63.0 你 0
131.545 131.82 65.0 添 0
132.186 132.552 63.0 乱 0
132.552 132.918 61.0 只 0
132.918 133.467 63.0 是 0
133.467 133.65 63.0 想 0
133.65 134.016 63.0 放 0
134.016 134.382 65.0 弃 0
134.382 134.747 56.0 太 0
135.112 135.478 61.0 难 0
135.478 135.844 60.0 我 0
135.844 136.21 61.0 判 0
136.691 137.057 58.0 断 0
137.057 137.422 60.0 你 0
137.422 137.788 61.0 是 0
137.788 138.154 61.0 存 0
138.154 138.52 63.0 心 0
138.52 138.886 61.0 故 0
138.886 139.252 60.0 意 0
139.252 139.617 60.0 要 0
139.617 139.983 60.0 让 0
139.983 140.349 65.0 我 0
140.349 140.715 65.0 难 0
140.959 141.325 61.0 堪 0
141.325 141.691 60.0 百 0
141.691 142.056 61.0 般 0
142.056 142.422 58.0 刁 0
142.422 142.788 58.0 - 0
143.186 143.735 72.0 难 0
143.735 143.918 70.0 抛 0
143.918 144.284 70.0 弃 0
144.284 144.649 68.0 我 0
144.649 145.015 68.0 不 0
145.381 145.747 63.0 择 0
145.747 146.113 61.0 手 0
146.113 146.479 61.0 - 0
146.873 147.238 63.0 段 0
147.238 147.604 65.0 才 0
147.604 147.97 66.0 知 0
147.97 148.336 58.0 道 0
148.336 148.702 58.0 - 0
149.068 149.434 66.0 你 0
149.434 149.799 66.0 不 0
149.799 150.165 65.0 想 0
150.165 150.531 66.0 再 0
150.531 150.897 68.0 和 0
150.897 151.263 68.0 我 0
151.263 151.629 68.0 - 0
151.629 153.458 68.0 纠 0
154.128 154.493 56.0 缠 0
154.493 154.859 66.0 别 0
154.859 155.225 65.0 丢 0
155.225 155.591 65.0 下 0
155.591 155.957 65.0 我 0
155.957 156.323 63.0 不 0
156.396 156.762 63.0 管 0
156.762 157.127 61.0 在 0
157.127 157.493 65.0 这 0
157.493 157.859 70.0 漆 0
157.859 158.225 70.0 黑 0
158.225 158.591 68.0 孤 0
158.591 158.957 68.0 单 0
158.957 159.323 65.0 的 0
159.323 159.688 68.0 夜 0
160.115 160.481 65.0 晚 0
160.481 160.847 63.0 这 0
160.847 161.213 63.0 段 0
161.213 161.579 61.0 感 0
161.579 161.945 61.0 情 0
161.945 162.31 61.0 似 0
162.31 162.676 65.0 乎 0
162.676 163.042 65.0 已 0
163.063 163.429 65.0 经 0
163.429 163.795 73.0 变 0
163.795 164.161 72.0 成 0
164.161 164.527 73.0 了 0
164.527 164.892 72.0 你 0
164.892 165.258 65.0 的 0
165.258 165.624 65.0 负 0
165.854 166.22 65.0 担 0
166.22 166.586 63.0 顺 0
166.586 166.952 63.0 其 0
166.952 167.317 61.0 自 0
167.317 167.683 61.0 - 0
168.122 168.488 70.0 然 0
168.488 168.854 68.0 还 0
168.854 169.22 68.0 是 0
169.22 169.585 66.0 要 0
169.585 169.951 68.0 做 0
170.317 170.683 63.0 个 0
170.683 171.415 65.0 了 0
171.66 172.025 63.0 断 0
172.025 172.391 65.0 青 0
172.391 172.757 66.0 春 0
172.757 173.123 58.0 短 0
173.123 173.489 58.0 - 0
173.988 174.354 66.0 暂 0
174.354 174.719 66.0 拖 0
174.719 175.085 63.0 累 0
175.085 175.451 61.0 我 0
175.451 176.183 61.0 谁 0
176.183 176.274 61.0 欠 0
176.274 176.915 63.0 - 0
176.915 177.28 63.0 谁 0
177.534 177.9 56.0 还 0
177.9 178.266 66.0 别 0
178.266 178.632 65.0 丢 0
178.632 178.998 65.0 下 0
178.998 179.364 65.0 我 0
179.364 179.729 63.0 不 0
179.775 180.141 63.0 管 0
180.141 180.507 61.0 面 0
180.507 180.873 65.0 对 0
180.873 181.239 70.0 爱 0
181.239 181.605 70.0 情 0
181.605 181.971 68.0 不 0
181.971 182.336 68.0 是 0
182.336 182.702 65.0 不 0
182.702 183.068 68.0 勇 0
183.467 183.833 65.0 敢 0
183.833 184.199 63.0 只 0
184.199 184.564 63.0 是 0
184.564 184.93 61.0 曲 0
184.93 185.296 61.0 终 0
185.296 185.662 61.0 人 0
185.69 186.056 65.0 散 0
186.056 186.422 65.0 让 0
186.422 186.788 65.0 这 0
186.788 187.153 73.0 一 0
187.153 187.519 72.0 切 0
187.519 187.885 73.0 来 0
187.885 188.251 72.0 的 0
188.251 188.617 65.0 太 0
188.617 188.983 65.0 突 0
189.376 189.741 65.0 然 0
189.741 190.107 63.0 一 0
190.107 190.473 63.0 刀 0
190.473 190.839 61.0 两 0
190.839 191.205 61.0 断 0
191.606 192.154 70.0 消 0
192.154 192.337 68.0 失 0
192.337 192.703 68.0 在 0
192.703 193.069 66.0 灯 0
193.069 193.435 68.0 火 0
193.435 193.801 63.0 - 0
193.801 194.167 63.0 阑 0
194.167 194.533 65.0 珊 0
195.124 195.49 63.0 我 0
195.49 195.856 65.0 向 0
195.856 196.222 66.0 后 0
196.222 196.588 58.0 - 0
196.588 196.953 58.0 转 0
197.319 197.685 66.0 只 0
197.685 198.051 65.0 留 0
198.051 198.417 61.0 下 0
198.417 198.783 63.0 遗 0
198.783 199.149 63.0 - 0
199.149 200.612 61.0 憾 0
201.073 201.439 60.0 喔 0
201.439 201.805 61.0 - 0
201.805 203.268 58.0 喔 0
203.877 204.243 56.0 别 0
204.243 204.608 66.0 - 0
204.608 204.974 65.0 丢 0
204.974 205.34 65.0 下 0
205.34 205.706 65.0 我 0
205.706 206.072 63.0 不 0
206.217 206.583 63.0 管 0
206.583 206.949 61.0 在 0
206.949 207.314 65.0 这 0
207.314 207.68 70.0 漆 0
207.68 208.046 70.0 黑 0
208.046 208.412 68.0 孤 0
208.412 208.778 68.0 单 0
208.778 209.144 65.0 的 0
209.144 209.51 68.0 夜 0
209.713 210.079 65.0 晚 0
210.079 210.445 63.0 这 0
210.445 210.811 63.0 段 0
210.811 211.177 61.0 感 0
211.177 211.543 61.0 情 0
211.543 211.908 61.0 似 0
211.908 212.274 65.0 乎 0
212.274 212.64 65.0 已 0
212.788 213.154 65.0 经 0
213.154 213.52 73.0 变 0
213.52 213.886 72.0 成 0
213.886 214.252 73.0 了 0
214.252 214.617 72.0 你 0
214.617 214.983 65.0 的 0
214.983 215.349 65.0 负 0
215.693 216.059 65.0 担 0
216.059 216.425 63.0 顺 0
216.425 216.791 63.0 其 0
216.791 217.156 61.0 自 0
217.156 217.522 61.0 然 0
217.837 218.203 70.0 还 0
218.203 218.569 68.0 是 0
218.569 218.935 68.0 要 0
218.935 219.301 66.0 做 0
219.301 219.666 68.0 个 0
220.032 220.764 63.0 了 0
220.764 221.13 65.0 断 0
221.603 221.969 63.0 青 0
221.969 222.334 65.0 春 0
222.334 222.7 66.0 短 0
222.7 223.066 58.0 - 0
223.066 223.432 58.0 暂 0
223.759 224.125 66.0 拖 0
224.125 224.491 66.0 累 0
224.491 224.856 66.0 我 0
224.856 225.222 66.0 谁 0
225.222 225.954 66.0 欠 0
225.954 226.045 66.0 - 0
226.045 226.32 68.0 谁 0
226.32 226.686 65.0 还 0
226.686 227.051 63.0 - 0
227.347 227.713 56.0 别 0
227.713 228.079 66.0 丢 0
228.079 228.445 65.0 下 0
228.445 228.811 65.0 我 0
228.811 229.177 65.0 不 0
229.177 229.542 63.0 管 0
229.606 229.972 63.0 面 0
229.972 230.338 61.0 - 0
230.338 230.704 65.0 对 0
230.704 231.07 70.0 爱 0
231.07 231.619 70.0 情 0
231.619 231.802 68.0 不 0
231.802 232.167 68.0 是 0
232.167 232.533 65.0 不 0
232.533 232.899 68.0 勇 0
233.118 233.484 65.0 敢 0
233.484 233.85 63.0 只 0
233.85 234.216 63.0 是 0
234.216 234.581 61.0 曲 0
234.581 234.947 61.0 终 0
234.947 235.313 61.0 人 0
235.395 235.761 65.0 散 0
235.761 236.127 65.0 让 0
236.127 236.493 65.0 这 0
236.493 236.859 73.0 一 0
236.859 237.224 72.0 切 0
237.224 237.59 73.0 来 0
237.59 237.956 72.0 的 0
237.956 238.322 65.0 太 0
238.322 238.688 65.0 突 0
239.053 239.418 65.0 然 0
239.418 239.784 63.0 一 0
239.784 240.15 63.0 刀 0
240.15 240.516 61.0 两 0
240.516 240.882 61.0 断 0
241.19 241.739 70.0 消 0
241.739 241.921 68.0 - 0
241.921 242.287 68.0 失 0
242.287 242.653 66.0 在 0
242.653 243.019 68.0 灯 0
243.019 243.385 63.0 火 0
243.385 243.751 63.0 - 0
243.751 245.58 65.0 阑 0
246.385 246.751 63.0 珊 0
246.751 247.116 65.0 我 0
247.116 247.482 66.0 向 0
247.482 247.848 58.0 后 0
247.848 248.214 58.0 转 0
248.58 249.129 66.0 只 0
249.129 249.494 65.0 留 0
249.494 249.86 61.0 下 0
249.86 250.318 63.0 遗 0
250.318 251.324 63.0 - 0
251.507 254.433 61.0 憾 0
