32.394 33.478 54.0 只 0
33.478 33.84 57.0 有 0
33.84 34.563 59.0 你 0
34.563 34.924 69.0 了 0
34.924 35.286 66.0 解 0
35.286 35.647 62.0 我 0
35.647 36.008 62.0 的 0
36.008 36.37 59.0 心 0
36.37 36.731 57.0 - 0
36.731 37.093 62.0 态 0
37.093 37.816 59.0 - 1
38.076 38.438 64.0 只 0
38.438 39.16 66.0 - 0
39.16 39.522 69.0 有 0
39.522 40.245 71.0 你 0
40.245 40.606 74.0 了 0
40.606 40.968 71.0 解 0
40.968 41.329 69.0 我 0
41.329 41.691 69.0 的 0
41.691 42.052 66.0 情 0
42.052 42.414 64.0 - 0
42.414 43.498 66.0 爱 1
43.968 44.33 71.0 偏 0
44.33 45.053 71.0 偏 0
45.053 45.414 69.0 你 0
45.414 45.956 66.0 对 0
45.956 46.137 64.0 - 0
46.137 46.679 62.0 我 0
46.86 47.221 64.0 少 0
47.221 47.402 64.0 一 0
47.402 47.583 66.0 份 0
47.583 47.944 64.0 关 0
47.944 48.306 62.0 - 0
48.306 48.486 59.0 怀 1
49.018 49.379 54.0 偏 0
49.379 49.74 57.0 偏 0
49.74 50.463 59.0 你 0
50.463 50.825 69.0 对 0
50.825 51.186 66.0 我 0
51.186 51.548 64.0 少 0
51.548 51.909 62.0 了 0
51.909 52.271 59.0 一 0
52.271 52.632 57.0 份 0
52.632 52.993 62.0 爱 0
52.993 53.716 59.0 - 1
54.993 56.078 71.0 啊 0
56.078 56.439 69.0 - 0
56.439 56.801 66.0 难 0
56.801 56.981 66.0 道 0
56.981 57.162 64.0 我 0
57.162 57.523 62.0 不 0
57.523 57.885 64.0 - 0
57.885 59.331 66.0 该 1
60.777 61.32 64.0 不 0
61.32 61.5 64.0 该 0
61.5 61.862 64.0 对 0
61.862 62.223 67.0 你 0
62.223 62.765 66.0 付 0
62.765 62.946 66.0 出 0
62.946 63.308 64.0 真 0
63.308 63.669 62.0 - 0
63.669 65.115 59.0 爱 1
66.694 67.778 54.0 错 0
67.778 68.139 57.0 误 0
68.139 68.501 59.0 的 0
68.501 68.862 62.0 - 0
68.862 69.224 59.0 爱 0
69.585 69.947 62.0 错 0
69.947 70.127 62.0 误 0
70.127 70.308 64.0 的 0
70.308 70.67 62.0 安 0
70.67 71.031 61.0 - 0
71.031 71.392 59.0 排 1
71.675 72.036 66.0 你 0
72.036 72.398 69.0 在 0
72.398 72.762 71.0 人 0
72.762 73.309 71.0 间 0
73.491 73.785 69.0 我 0
73.785 74.328 66.0 却 0
74.328 74.508 64.0 在 0
74.508 74.87 62.0 苦 0
74.87 75.231 62.0 - 0
75.231 76.677 59.0 海 1
98.185 99.27 54.0 只 0
99.27 99.631 57.0 有 0
99.631 100.354 59.0 你 0
100.354 100.715 69.0 了 0
100.715 101.077 66.0 解 0
101.077 101.438 64.0 我 0
101.438 101.8 62.0 的 0
101.8 102.161 59.0 脑 0
102.161 102.523 57.0 - 0
102.523 102.884 57.0 海 0
102.884 103.607 59.0 - 1
104.04 104.402 64.0 只 0
104.402 105.125 66.0 - 0
105.125 105.486 69.0 有 0
105.486 106.209 71.0 你 0
106.209 106.571 74.0 了 0
106.571 106.932 69.0 解 0
106.932 107.293 69.0 我 0
107.293 107.655 69.0 的 0
107.655 108.016 66.0 期 0
108.016 108.378 64.0 - 0
108.378 109.408 66.0 待 1
109.763 110.125 69.0 偏 0
110.125 110.848 71.0 偏 0
110.848 111.209 69.0 你 0
111.209 111.751 66.0 眼 0
111.751 111.932 64.0 - 0
111.932 112.474 62.0 中 0
112.655 113.016 64.0 没 0
113.016 113.197 64.0 我 0
113.197 113.378 66.0 的 0
113.378 113.739 64.0 存 0
113.739 114.101 62.0 - 0
114.101 114.282 59.0 在 1
114.724 115.086 54.0 偏 0
115.086 115.447 57.0 偏 0
115.447 116.17 59.0 你 0
116.17 116.532 69.0 心 0
116.532 116.893 66.0 门 0
116.893 117.254 64.0 不 0
117.254 117.616 62.0 是 0
117.616 117.977 59.0 为 0
117.977 118.339 57.0 我 0
118.339 119.423 59.0 开 1
121.325 122.403 71.0 啊 0
122.403 122.762 69.0 - 0
122.762 123.121 66.0 这 0
123.121 123.301 66.0 一 0
123.301 123.481 64.0 段 0
123.481 123.84 62.0 情 0
123.84 124.199 64.0 - 0
124.199 126.355 66.0 爱 1
127.036 127.575 64.0 是 0
127.575 127.755 64.0 不 0
127.755 128.114 64.0 是 0
128.114 128.474 69.0 该 0
128.474 129.012 66.0 重 0
129.012 129.192 66.0 新 0
129.192 129.551 64.0 再 0
129.551 129.911 62.0 - 0
129.911 131.348 59.0 来 1
132.825 133.903 54.0 爱 0
133.903 134.262 57.0 是 0
134.262 134.621 59.0 情 0
134.621 134.981 62.0 - 0
134.981 135.34 59.0 意 0
135.699 136.058 62.0 妥 0
136.058 136.238 62.0 善 0
136.238 136.418 64.0 的 0
136.418 136.777 62.0 安 0
136.777 137.136 61.0 - 0
137.136 137.496 59.0 排 1
137.712 138.071 66.0 给 0
138.071 138.43 69.0 我 0
138.43 138.79 71.0 一 0
138.79 139.149 71.0 个 0
139.149 139.508 71.0 - 0
139.508 139.868 69.0 有 0
139.868 140.406 66.0 心 0
140.406 140.586 64.0 的 0
140.586 140.945 62.0 男 0
140.945 141.305 64.0 - 0
141.305 142.742 59.0 孩 1
144.293 145.371 54.0 只 0
145.371 145.73 57.0 有 0
145.73 146.449 59.0 你 0
146.449 146.808 69.0 了 0
146.808 147.167 66.0 解 0
147.167 147.526 64.0 我 0
147.526 147.886 62.0 的 0
147.886 148.245 59.0 脑 0
148.245 148.604 57.0 - 0
148.604 148.975 57.0 海 0
148.975 149.717 59.0 - 1
150.136 151.22 66.0 只 0
151.22 151.581 69.0 有 0
151.581 152.304 71.0 你 0
152.304 152.666 74.0 了 0
152.666 153.027 71.0 解 0
153.027 153.389 69.0 我 0
153.389 153.75 71.0 的 0
153.75 154.112 69.0 期 0
154.112 154.473 64.0 - 0
154.473 155.557 66.0 待 1
155.867 156.228 71.0 偏 0
156.228 156.951 71.0 偏 0
156.951 157.313 69.0 你 0
157.313 157.674 66.0 眼 0
157.674 158.035 64.0 - 0
158.035 158.578 62.0 中 0
158.758 159.12 64.0 没 0
159.12 159.301 64.0 我 0
159.301 159.481 66.0 的 0
159.481 159.843 64.0 存 0
159.843 160.204 62.0 - 0
160.204 160.385 59.0 在 1
161.001 161.363 54.0 偏 0
161.363 161.724 57.0 偏 0
161.724 162.447 59.0 你 0
162.447 162.808 69.0 心 0
162.808 163.17 66.0 门 0
163.17 163.531 64.0 不 0
163.531 163.893 62.0 是 0
163.893 164.254 59.0 为 0
164.254 164.616 57.0 我 0
164.616 165.7 59.0 开 1
167.446 168.524 71.0 啊 0
168.524 168.883 69.0 - 0
168.883 169.242 66.0 这 0
169.242 169.422 66.0 一 0
169.422 169.602 64.0 段 0
169.602 169.961 62.0 情 0
169.961 170.32 64.0 - 0
170.32 172.476 66.0 爱 1
173.101 173.639 64.0 是 0
173.639 173.819 64.0 不 0
173.819 174.178 64.0 是 0
174.178 174.538 66.0 该 0
174.538 175.077 66.0 重 0
175.077 175.256 66.0 新 0
175.256 175.615 64.0 再 0
175.615 175.975 62.0 - 0
175.975 177.412 59.0 来 1
178.871 179.955 54.0 爱 0
179.955 180.317 57.0 是 0
180.317 180.678 59.0 情 0
180.678 181.04 62.0 - 0
181.04 181.401 59.0 意 0
181.763 182.124 62.0 妥 0
182.124 182.305 62.0 善 0
182.305 182.486 64.0 的 0
182.486 182.847 62.0 安 0
182.847 183.208 61.0 - 0
183.208 183.57 59.0 排 1
183.96 184.322 66.0 给 0
184.322 184.683 69.0 我 0
184.683 185.045 71.0 一 0
185.045 185.406 71.0 个 0
185.406 185.726 71.0 - 0
185.726 186.047 69.0 有 0
186.047 186.589 66.0 心 0
186.589 186.77 64.0 的 0
186.77 187.131 62.0 男 0
187.131 187.493 64.0 - 0
187.493 188.938 59.0 孩 1
