17.073 17.303 59.0 苏 0
17.303 17.534 56.0 州 0
17.534 17.765 59.0 河 0
17.765 17.996 56.0 畔 0
17.996 18.226 59.0 你 0
18.226 18.457 56.0 牵 0
18.457 18.688 59.0 我 0
18.688 19.149 61.0 走 0
19.15 19.381 61.0 过 0
19.381 19.842 63.0 - 1
20.845 21.076 59.0 外 0
21.076 21.306 56.0 滩 0
21.306 21.537 59.0 的 0
21.537 21.768 56.0 夕 0
21.768 21.999 59.0 阳 0
21.999 22.229 56.0 已 0
22.229 22.46 59.0 在 0
22.46 22.922 61.0 记 0
22.923 23.383 63.0 忆 0
23.383 23.614 61.0 中 0
23.614 23.845 61.0 斑 0
23.845 24.191 59.0 驳 1
24.405 24.636 59.0 故 0
24.636 24.867 56.0 事 0
24.867 25.097 59.0 变 0
25.097 25.559 61.0 沉 0
25.56 26.021 63.0 默 1
26.297 26.528 59.0 被 0
26.528 26.759 56.0 岁 0
26.759 26.99 59.0 月 0
26.99 27.451 61.0 淹 0
27.452 27.913 63.0 没 1
28.08 28.311 59.0 思 0
28.311 28.542 56.0 念 0
28.542 28.773 59.0 如 0
28.773 29.004 61.0 我 1
29.315 30.007 63.0 历 0
30.007 30.237 61.0 经 0
30.237 30.699 59.0 漂 0
30.7 31.391 61.0 泊 1
31.844 32.19 59.0 站 0
32.19 32.305 56.0 在 0
32.305 32.536 59.0 雨 0
32.536 32.767 56.0 中 0
32.767 32.998 59.0 目 0
32.998 33.228 56.0 送 0
33.228 33.459 59.0 你 0
33.459 33.921 61.0 穿 0
33.922 34.382 63.0 过 0
34.382 34.613 61.0 那 0
34.613 34.844 61.0 渡 0
34.844 35.075 59.0 口 1
35.58 35.926 59.0 离 0
35.926 36.042 56.0 岸 0
36.042 36.272 59.0 的 0
36.272 36.503 56.0 船 0
36.503 36.734 59.0 舶 0
36.734 36.965 56.0 漂 0
36.965 37.195 59.0 走 0
37.195 37.657 61.0 远 0
37.658 38.119 66.0 去 0
38.12 38.349 61.0 的 0
38.349 38.58 61.0 轮 0
38.58 38.926 59.0 廓 1
39.192 39.423 59.0 惆 0
39.423 39.654 56.0 怅 0
39.654 39.885 59.0 惹 0
39.885 40.346 61.0 灯 0
40.347 40.808 63.0 火 1
41.043 41.273 59.0 往 0
41.273 41.504 56.0 事 0
41.504 41.735 59.0 渐 0
41.735 42.196 61.0 落 0
42.197 42.658 63.0 寞 1
42.92 43.15 59.0 烟 0
43.15 43.381 56.0 波 0
43.381 43.612 59.0 起 0
43.612 43.843 61.0 落 1
44.055 44.285 54.0 被 0
44.286 44.747 68.0 遗 0
44.747 44.978 68.0 忘 0
44.979 45.44 68.0 的 0
45.44 45.67 66.0 - 0
45.671 45.901 66.0 是 0
45.902 48.901 66.0 我 1
49.697 49.928 54.0 当 0
49.929 50.389 66.0 海 0
50.389 50.62 63.0 风 0
50.62 50.851 63.0 吹 0
50.852 51.312 63.0 凉 0
51.312 51.543 61.0 霓 0
51.543 51.774 59.0 虹 1
51.781 52.241 66.0 回 0
52.241 52.472 63.0 首 0
52.472 52.703 63.0 你 0
52.704 53.165 63.0 无 0
53.165 53.395 61.0 影 0
53.395 53.626 59.0 踪 1
53.642 54.103 66.0 转 0
54.103 54.333 63.0 眼 0
54.333 54.564 63.0 旧 0
54.565 55.026 63.0 盟 0
55.026 55.256 61.0 已 0
55.256 55.487 59.0 成 0
55.488 56.41 63.0 空 1
56.954 57.184 66.0 赏 0
57.185 57.646 71.0 夜 0
57.646 57.877 68.0 色 0
57.877 58.107 68.0 千 0
58.108 58.569 68.0 家 0
58.569 58.8 66.0 朦 0
58.8 59.031 63.0 胧 1
59.115 59.576 66.0 风 0
59.576 59.807 63.0 花 0
59.807 60.038 63.0 雪 0
60.039 60.499 63.0 月 0
60.499 60.73 61.0 如 0
60.73 60.961 63.0 梦 1
60.994 61.454 64.0 提 0
61.454 61.685 64.0 醒 0
61.685 61.917 66.0 我 0
61.917 62.377 68.0 也 0
62.377 62.608 66.0 曾 0
62.608 62.839 59.0 爱 0
62.84 63.762 61.0 过 1
64.385 64.616 54.0 任 0
64.617 65.078 66.0 眼 0
65.078 65.308 63.0 泪 0
65.308 65.539 63.0 划 0
65.54 66.001 63.0 伤 0
66.001 66.231 61.0 面 0
66.231 66.462 59.0 容 1
66.479 66.94 66.0 飘 0
66.94 67.17 63.0 浮 0
67.17 67.401 63.0 在 0
67.402 67.863 63.0 情 0
67.863 68.094 61.0 海 0
68.094 68.324 59.0 中 1
68.355 68.816 66.0 横 0
68.816 69.047 63.0 渡 0
69.047 69.277 63.0 春 0
69.278 69.739 63.0 夏 0
69.739 69.97 61.0 与 0
69.97 70.2 59.0 秋 0
70.201 71.124 63.0 冬 1
71.826 72.057 66.0 这 0
72.058 72.518 71.0 城 0
72.518 72.749 68.0 市 0
72.749 72.98 68.0 车 0
72.981 73.441 68.0 水 0
73.441 73.672 66.0 马 0
73.672 73.903 63.0 龙 1
73.918 74.378 66.0 我 0
74.378 74.609 63.0 心 0
74.609 74.84 63.0 事 0
74.841 75.301 63.0 有 0
75.301 75.532 61.0 谁 0
75.532 75.763 63.0 懂 1
75.786 76.246 64.0 回 0
76.246 76.477 64.0 忆 0
76.477 76.708 66.0 让 0
76.709 77.17 68.0 人 0
77.17 77.631 66.0 更 0
77.631 77.862 59.0 心 0
77.863 78.323 61.0 痛 1
78.444 78.905 59.0 为 0
78.905 79.135 56.0 什 0
79.136 80.289 59.0 么 1
113.129 113.36 59.0 十 0
113.36 113.591 56.0 里 0
113.591 113.937 59.0 洋 0
113.937 114.053 56.0 场 0
114.053 114.283 59.0 的 0
114.283 114.514 56.0 繁 0
114.514 114.745 59.0 华 0
114.745 115.206 61.0 依 0
115.207 115.899 63.0 旧 1
116.726 117.072 59.0 这 0
117.072 117.187 56.0 幅 0
117.187 117.418 59.0 光 0
117.418 117.649 56.0 景 0
117.649 117.88 59.0 也 0
117.88 118.11 56.0 掩 0
118.11 118.341 59.0 不 0
118.341 118.804 61.0 去 0
118.804 119.264 63.0 我 0
119.264 119.495 61.0 的 0
119.495 119.726 61.0 难 0
119.726 120.072 59.0 过 1
120.541 120.772 59.0 曾 0
120.772 121.003 56.0 陪 0
121.003 121.233 59.0 我 0
121.233 121.695 61.0 看 0
121.696 122.156 63.0 过 1
122.41 122.641 59.0 老 0
122.641 122.872 56.0 街 0
122.872 123.103 59.0 的 0
123.103 123.564 61.0 烟 0
123.565 124.026 63.0 火 1
124.218 124.449 59.0 缘 0
124.449 124.68 56.0 分 0
124.68 124.911 59.0 蹉 0
124.911 125.141 61.0 跎 1
125.315 125.777 63.0 花 0
125.777 126.007 61.0 - 0
126.007 126.237 61.0 难 0
126.237 126.699 59.0 结 0
126.7 127.391 61.0 果 1
127.791 128.137 59.0 是 0
128.137 128.252 56.0 谁 0
128.252 128.483 59.0 赋 0
128.483 128.714 56.0 颂 0
128.714 128.945 59.0 我 0
128.945 129.175 56.0 宛 0
129.175 129.406 59.0 如 0
129.406 129.868 61.0 月 0
129.869 130.329 63.0 下 0
130.329 130.56 61.0 的 0
130.56 130.791 61.0 芙 0
130.791 131.021 59.0 蓉 1
131.574 131.92 59.0 床 0
131.92 132.036 56.0 头 0
132.036 132.266 59.0 留 0
132.266 132.497 56.0 声 0
132.497 132.728 59.0 机 0
132.728 132.959 56.0 暗 0
132.959 133.189 59.0 哑 0
133.189 133.651 61.0 缓 0
133.652 134.112 66.0 慢 0
134.113 134.344 63.0 地 0
134.344 134.574 61.0 诉 0
134.574 134.92 59.0 说 1
135.071 135.301 59.0 旗 0
135.301 135.532 59.0 袍 0
135.532 135.763 56.0 它 0
135.763 135.994 59.0 在 0
135.994 136.455 61.0 角 0
136.456 136.917 63.0 落 1
136.922 137.152 59.0 鞋 0
137.152 137.383 59.0 跟 0
137.383 137.614 56.0 都 0
137.614 137.845 59.0 已 0
137.845 138.306 61.0 断 0
138.307 138.768 63.0 落 1
138.933 139.163 59.0 红 0
139.163 139.394 56.0 尘 0
139.394 139.625 59.0 看 0
139.625 139.856 61.0 破 1
140.126 140.357 54.0 你 0
140.358 140.819 68.0 不 0
140.819 141.05 68.0 再 0
141.05 141.742 68.0 欣 0
141.742 141.973 66.0 赏 0
141.974 144.973 66.0 我 1
145.69 145.921 54.0 当 0
145.922 146.382 66.0 海 0
146.382 146.613 63.0 风 0
146.613 146.844 63.0 吹 0
146.845 147.305 63.0 凉 0
147.305 147.536 61.0 霓 0
147.536 147.767 59.0 虹 1
147.779 148.239 66.0 回 0
148.239 148.47 63.0 首 0
148.47 148.701 63.0 你 0
148.702 149.162 63.0 无 0
149.162 149.393 61.0 影 0
149.393 149.624 59.0 踪 1
149.632 150.093 66.0 转 0
150.093 150.323 63.0 眼 0
150.323 150.554 63.0 旧 0
150.555 151.016 63.0 盟 0
151.016 151.246 61.0 已 0
151.246 151.477 59.0 成 0
151.478 152.4 63.0 空 1
152.936 153.166 66.0 赏 0
153.167 153.628 71.0 夜 0
153.628 153.859 68.0 色 0
153.859 154.089 68.0 千 0
154.09 154.551 68.0 家 0
154.551 154.782 66.0 朦 0
154.782 155.012 63.0 胧 1
155.148 155.609 66.0 风 0
155.609 155.84 63.0 花 0
155.84 156.07 63.0 雪 0
156.071 156.532 63.0 月 0
156.532 156.763 61.0 如 0
156.763 156.994 63.0 梦 1
157.001 157.461 64.0 提 0
157.461 157.692 64.0 醒 0
157.692 157.923 66.0 我 0
157.924 158.384 68.0 也 0
158.384 158.615 66.0 曾 0
158.615 158.846 59.0 爱 0
158.847 159.769 61.0 过 1
160.448 160.679 54.0 任 0
160.68 161.14 66.0 眼 0
161.14 161.371 63.0 泪 0
161.371 161.602 63.0 划 0
161.603 162.063 63.0 伤 0
162.063 162.294 61.0 面 0
162.294 162.525 59.0 容 1
162.551 163.012 66.0 飘 0
163.012 163.242 63.0 浮 0
163.242 163.473 63.0 在 0
163.474 163.935 63.0 情 0
163.935 164.165 61.0 海 0
164.165 164.396 59.0 中 1
164.401 164.862 66.0 横 0
164.862 165.092 63.0 渡 0
165.092 165.323 63.0 春 0
165.324 165.785 63.0 夏 0
165.785 166.016 61.0 与 0
166.016 166.246 59.0 秋 0
166.247 167.169 63.0 冬 1
167.834 168.064 66.0 这 0
168.065 168.526 71.0 城 0
168.526 168.757 68.0 市 0
168.757 168.988 68.0 车 0
168.989 169.449 68.0 水 0
169.449 169.68 66.0 马 0
169.68 169.911 63.0 龙 1
169.932 170.392 66.0 我 0
170.392 170.623 63.0 心 0
170.623 170.854 63.0 事 0
170.855 171.315 63.0 有 0
171.315 171.546 61.0 谁 0
171.546 171.777 63.0 懂 1
171.781 172.241 64.0 回 0
172.241 172.472 64.0 忆 0
172.472 172.703 66.0 让 0
172.704 173.164 68.0 人 0
173.164 173.626 66.0 更 0
173.626 173.857 59.0 心 0
173.858 174.549 61.0 痛 1
175.114 175.345 55.0 当 0
175.346 175.807 67.0 海 0
175.807 176.037 64.0 风 0
176.037 176.268 64.0 吹 0
176.269 176.73 64.0 凉 0
176.73 176.96 62.0 霓 0
176.96 177.191 60.0 虹 1
177.258 177.719 67.0 回 0
177.719 177.95 64.0 首 0
177.95 178.18 64.0 你 0
178.181 178.527 64.0 无 0
178.527 178.873 62.0 影 0
178.873 179.103 60.0 踪 1
179.139 179.6 67.0 旧 0
179.6 179.831 64.0 盟 0
179.831 180.061 64.0 转 0
180.062 180.523 64.0 眼 0
180.523 180.754 62.0 都 0
180.754 180.985 60.0 成 0
180.986 181.908 64.0 空 1
182.603 182.834 67.0 只 0
182.835 183.295 72.0 剩 0
183.295 183.526 69.0 夜 0
183.526 183.757 69.0 色 0
183.758 184.218 69.0 在 0
184.218 184.449 67.0 朦 0
184.449 184.68 64.0 胧 1
184.703 185.163 67.0 风 0
185.163 185.394 64.0 花 0
185.394 185.625 64.0 雪 0
185.626 186.086 64.0 月 0
186.086 186.317 62.0 入 0
186.317 186.548 64.0 梦 1
186.562 187.023 65.0 原 0
187.023 187.253 65.0 来 0
187.253 187.484 67.0 我 0
187.485 187.946 69.0 也 0
187.946 188.407 67.0 曾 0
188.407 188.638 60.0 爱 0
188.639 188.87 60.0 过 0
188.87 189.33 62.0 - 1
190.016 190.246 55.0 任 0
190.247 190.708 67.0 眼 0
190.708 190.939 64.0 泪 0
190.939 191.169 64.0 划 0
191.17 191.631 64.0 伤 0
191.631 191.862 62.0 面 0
191.862 192.092 60.0 容 1
192.096 192.557 67.0 沉 0
192.557 192.788 64.0 沦 0
192.788 193.019 64.0 这 0
193.019 193.423 64.0 苦 0
193.423 193.711 62.0 海 0
193.711 193.943 60.0 中 1
193.951 194.411 67.0 横 0
194.411 194.642 64.0 渡 0
194.642 194.873 64.0 春 0
194.874 195.334 64.0 夏 0
195.334 195.566 62.0 与 0
195.566 196.027 60.0 秋 0
196.027 196.258 62.0 冬 0
196.258 196.719 64.0 - 1
197.325 197.556 67.0 这 0
197.557 198.017 72.0 城 0
198.017 198.248 69.0 市 0
198.248 198.479 69.0 车 0
198.48 198.941 69.0 水 0
198.941 199.171 67.0 马 0
199.171 199.402 64.0 龙 1
199.432 199.893 67.0 我 0
199.893 200.123 64.0 心 0
200.123 200.354 64.0 事 0
200.355 200.816 64.0 无 0
200.816 201.046 62.0 人 0
201.046 201.277 64.0 懂 1
201.294 201.755 65.0 回 0
201.755 201.986 65.0 忆 0
201.986 202.216 67.0 让 0
202.217 202.678 69.0 人 0
202.678 203.139 67.0 更 0
203.139 203.37 60.0 心 0
203.371 203.832 62.0 痛 1
203.921 204.382 62.0 凉 0
204.382 204.613 57.0 城 0
204.614 205.767 60.0 中 1
