20.688 21.006 62.0 我 0
21.116 21.541 62.0 们 0
21.544 21.969 64.0 之 0
21.972 22.397 65.0 间 0
22.4 22.825 64.0 没 0
22.829 23.253 62.0 有 0
23.685 24.109 62.0 延 0
24.113 24.537 67.0 伸 0
24.541 24.965 64.0 的 0
24.969 25.393 62.0 关 0
25.397 26.143 60.0 系 1
26.915 27.126 62.0 没 0
27.129 27.34 64.0 有 0
27.343 27.768 65.0 相 0
27.772 28.196 64.0 互 0
28.2 28.624 62.0 占 0
28.628 29.052 60.0 有 0
29.056 29.587 62.0 的 0
29.698 30.336 60.0 权 0
30.34 31.835 57.0 利 1
34.323 34.533 62.0 只 0
34.751 35.175 62.0 在 0
35.179 35.603 64.0 黎 0
35.607 36.032 65.0 明 0
36.035 36.46 64.0 混 0
36.463 37.209 62.0 着 0
37.747 38.172 67.0 夜 0
38.176 38.921 72.0 色 0
39.032 39.991 69.0 时 1
40.694 40.904 62.0 才 0
40.908 41.119 64.0 有 0
41.122 41.547 65.0 浅 0
41.55 41.975 64.0 浅 0
41.978 42.403 62.0 重 0
42.406 42.831 60.0 叠 0
42.834 43.259 62.0 的 0
43.262 43.687 70.0 片 0
43.691 47.219 69.0 刻 1
47.913 48.338 69.0 白 0
48.341 48.766 70.0 天 0
48.77 49.087 69.0 和 0
49.198 49.622 70.0 黑 0
49.626 50.05 69.0 夜 0
50.375 50.692 69.0 只 0
50.696 51.013 67.0 交 0
51.017 51.334 65.0 替 0
51.338 52.191 67.0 没 0
52.194 52.619 69.0 交 0
52.622 52.726 67.0 - 0
52.836 53.796 67.0 换 1
54.368 54.578 62.0 无 0
54.582 54.792 64.0 法 0
54.796 55.22 65.0 想 0
55.224 55.648 64.0 象 0
55.652 56.076 62.0 对 0
56.08 56.504 60.0 方 0
56.508 57.04 62.0 的 0
57.043 57.575 60.0 世 0
57.685 60.571 62.0 界 1
61.787 62.212 69.0 我 0
62.215 62.64 70.0 们 0
62.643 63.068 69.0 仍 0
63.071 63.496 70.0 坚 0
63.499 64.031 69.0 持 0
64.356 64.673 69.0 各 0
64.677 64.994 67.0 自 0
64.998 65.208 65.0 等 0
65.212 66.064 67.0 在 0
66.068 66.492 72.0 原 0
66.496 66.706 67.0 - 0
66.71 68.312 67.0 地 1
69.224 69.435 62.0 把 0
69.438 69.863 64.0 彼 0
69.867 70.291 65.0 此 0
70.295 70.719 64.0 站 0
70.723 71.147 60.0 成 0
71.151 71.361 64.0 两 0
71.472 71.682 65.0 个 0
71.793 72.324 67.0 世 0
72.435 77.247 69.0 界 1
78.034 78.352 69.0 你 0
78.355 78.673 70.0 永 0
78.676 78.78 72.0 远 0
78.89 79.315 72.0 不 0
79.318 79.957 74.0 懂 0
79.961 80.385 70.0 我 0
80.389 80.599 69.0 伤 0
80.603 81.027 70.0 悲 1
81.455 81.772 67.0 像 0
81.776 82.093 69.0 白 0
82.097 82.2 70.0 天 0
82.311 82.735 70.0 不 0
82.739 83.378 72.0 懂 0
83.381 83.806 69.0 夜 0
83.809 84.02 67.0 的 0
84.023 84.448 69.0 黑 1
84.822 85.14 65.0 像 0
85.144 85.461 67.0 永 0
85.465 85.568 69.0 恒 0
85.679 86.103 69.0 燃 0
86.107 86.745 70.0 烧 0
86.749 87.173 67.0 的 0
87.177 87.494 65.0 太 0
87.498 88.029 64.0 阳 1
88.149 88.467 64.0 不 0
88.47 88.788 65.0 懂 0
88.791 89.002 67.0 那 0
89.005 89.43 70.0 月 0
89.433 89.751 69.0 亮 0
89.861 90.072 69.0 的 0
90.075 90.5 67.0 盈 0
90.504 91.142 69.0 缺 1
91.709 92.026 69.0 你 0
92.03 92.347 70.0 永 0
92.351 92.454 72.0 远 0
92.565 92.989 72.0 不 0
92.993 93.632 74.0 懂 0
93.635 94.06 70.0 我 0
94.063 94.274 69.0 伤 0
94.277 94.702 70.0 悲 1
95.019 95.337 67.0 像 0
95.34 95.658 69.0 白 0
95.662 95.872 70.0 天 0
95.876 96.3 74.0 不 0
96.304 96.514 72.0 - 0
96.518 96.942 72.0 懂 0
96.946 97.263 69.0 夜 0
97.374 97.691 67.0 的 0
97.695 98.119 65.0 黑 1
98.421 98.739 65.0 不 0
98.742 99.06 67.0 懂 0
99.063 99.167 69.0 那 0
99.277 99.702 69.0 星 0
99.705 100.13 67.0 星 0
100.561 100.772 62.0 为 0
100.776 100.986 64.0 何 0
100.99 101.735 65.0 会 0
101.846 102.698 64.0 坠 0
102.702 105.802 65.0 跌 1
137.01 137.435 69.0 白 0
137.439 137.863 70.0 天 0
137.867 138.184 69.0 和 0
138.295 138.719 70.0 黑 0
138.723 139.147 69.0 夜 0
139.579 139.896 69.0 只 0
139.9 140.217 67.0 交 0
140.221 140.432 65.0 替 0
140.435 141.288 67.0 没 0
141.291 141.716 69.0 交 0
141.719 143.0 67.0 换 1
143.519 143.729 62.0 无 0
143.733 143.943 64.0 法 0
143.947 144.371 65.0 想 0
144.375 144.692 64.0 象 0
144.803 145.227 62.0 对 0
145.231 145.656 60.0 方 0
145.659 146.191 62.0 的 0
146.194 146.833 60.0 世 0
146.943 149.722 62.0 界 1
150.766 151.191 69.0 我 0
151.194 151.619 70.0 们 0
151.622 152.047 69.0 仍 0
152.05 152.475 70.0 坚 0
152.478 152.903 69.0 持 0
153.335 153.652 69.0 各 0
153.656 153.973 67.0 自 0
153.977 154.187 65.0 等 0
154.191 155.043 67.0 在 0
155.047 155.471 72.0 原 0
155.475 155.792 67.0 - 0
155.796 157.933 67.0 地 1
158.249 158.459 62.0 把 0
158.463 158.887 64.0 彼 0
158.891 159.315 65.0 此 0
159.319 159.743 64.0 站 0
159.747 160.171 60.0 成 0
160.175 160.599 65.0 两 0
160.603 160.813 65.0 个 0
160.817 161.349 67.0 世 0
161.352 166.164 69.0 界 1
167.036 167.354 69.0 你 0
167.357 167.675 70.0 永 0
167.678 167.889 72.0 远 0
167.892 168.317 72.0 不 0
168.32 168.959 74.0 懂 0
168.963 169.387 70.0 我 0
169.391 169.601 69.0 伤 0
169.605 170.029 70.0 悲 1
170.376 170.693 67.0 像 0
170.697 170.907 69.0 白 0
171.018 171.228 70.0 天 0
171.232 171.657 70.0 不 0
171.66 172.299 72.0 懂 0
172.302 172.62 69.0 夜 0
172.623 172.941 67.0 的 0
172.944 173.369 69.0 黑 1
173.787 174.104 65.0 像 0
174.108 174.425 67.0 永 0
174.429 174.639 69.0 恒 0
174.643 175.067 69.0 燃 0
175.071 175.709 70.0 烧 0
175.713 176.03 67.0 的 0
176.034 176.351 65.0 太 0
176.355 176.78 64.0 阳 1
177.289 177.607 64.0 不 0
177.61 177.928 65.0 懂 0
177.931 178.142 67.0 那 0
178.145 178.57 70.0 月 0
178.573 178.784 69.0 亮 0
179.001 179.212 69.0 的 0
179.216 179.64 67.0 盈 0
179.644 180.282 69.0 缺 1
180.715 181.032 69.0 你 0
181.036 181.353 70.0 永 0
181.357 181.567 72.0 远 0
181.571 181.995 72.0 不 0
181.999 182.424 74.0 懂 0
182.641 183.066 70.0 我 0
183.069 183.28 69.0 伤 0
183.283 183.708 70.0 悲 1
184.106 184.424 67.0 像 0
184.428 184.745 69.0 白 0
184.749 184.959 70.0 天 0
184.963 185.28 74.0 不 0
185.284 185.601 77.0 - 0
185.605 186.029 72.0 懂 0
186.033 186.457 69.0 夜 0
186.461 186.671 67.0 的 0
186.675 187.099 65.0 黑 1
187.502 187.82 65.0 不 0
187.823 188.141 67.0 懂 0
188.144 188.355 69.0 那 0
188.358 188.783 69.0 星 0
188.786 189.211 67.0 星 0
189.643 189.853 62.0 为 0
189.857 190.067 64.0 何 0
190.071 190.923 65.0 会 0
190.927 191.779 64.0 坠 0
191.783 192.422 69.0 跌 0
192.425 193.813 65.0 - 1
194.456 194.774 69.0 你 0
194.778 195.095 70.0 永 0
195.099 195.309 72.0 远 0
195.313 195.737 72.0 不 0
195.741 196.165 74.0 懂 0
196.383 196.7 70.0 我 0
196.704 197.021 69.0 伤 0
197.025 197.342 70.0 悲 1
197.882 198.2 67.0 像 0
198.203 198.521 69.0 白 0
198.524 198.735 70.0 天 0
198.738 199.163 70.0 不 0
199.166 199.805 72.0 懂 0
199.808 200.126 69.0 夜 0
200.13 200.447 67.0 的 0
200.451 200.875 69.0 黑 1
201.306 201.623 65.0 像 0
201.627 201.944 67.0 永 0
201.948 202.158 69.0 恒 0
202.162 202.586 69.0 燃 0
202.59 203.229 70.0 烧 0
203.232 203.657 67.0 的 0
203.66 203.871 65.0 太 0
203.874 204.299 64.0 阳 1
204.654 204.972 64.0 不 0
204.975 205.293 65.0 懂 0
205.297 205.507 67.0 那 0
205.511 205.935 70.0 月 0
205.939 206.363 69.0 亮 0
206.367 206.577 69.0 的 0
206.581 207.005 67.0 盈 0
207.009 207.54 69.0 缺 1
208.076 208.394 69.0 你 0
208.397 208.715 70.0 永 0
208.718 208.929 72.0 远 0
208.932 209.357 72.0 不 0
209.36 209.999 74.0 懂 0
210.002 210.427 70.0 我 0
210.431 210.641 69.0 伤 0
210.645 211.176 70.0 悲 1
211.574 211.891 67.0 像 0
211.895 212.212 69.0 白 0
212.216 212.426 70.0 天 0
212.43 212.747 74.0 不 0
212.751 212.961 72.0 - 0
212.965 213.282 72.0 懂 0
213.5 213.925 69.0 夜 0
213.928 214.139 67.0 的 0
214.142 214.674 65.0 黑 1
214.879 215.197 65.0 不 0
215.2 215.518 67.0 懂 0
215.522 215.732 69.0 那 0
215.736 216.16 69.0 星 0
216.164 216.588 67.0 星 0
217.02 217.23 62.0 为 0
217.234 217.444 64.0 何 0
217.448 218.193 65.0 会 0
218.304 219.157 64.0 坠 0
219.16 219.906 69.0 跌 0
219.909 221.297 65.0 - 1
221.492 222.237 69.0 不 0
222.562 222.879 67.0 懂 0
222.883 223.2 65.0 我 0
223.204 223.628 60.0 伤 0
223.632 224.913 65.0 悲 0
225.451 225.769 69.0 就 0
225.879 226.304 67.0 好 0
226.415 226.839 65.0 像 0
226.843 227.374 62.0 白 0
227.378 227.909 65.0 天 0
227.913 228.337 74.0 不 0
228.341 228.765 65.0 懂 0
228.876 230.05 65.0 夜 0
230.16 231.334 64.0 的 0
231.338 236.899 65.0 黑 1
