24.705 25.071 57.0 他 0
25.071 25.437 57.0 的 0
25.437 25.803 57.0 轻 0
25.803 26.169 57.0 狂 0
26.169 26.535 59.0 留 0
26.535 26.9 59.0 在 0
26.9 27.632 60.0 - 0
27.998 28.364 62.0 某 0
28.364 28.73 62.0 一 0
28.73 29.095 60.0 节 0
29.095 29.461 57.0 车 0
29.461 29.827 57.0 厢 1
30.643 31.009 57.0 地 0
31.009 31.375 57.0 下 0
31.375 31.74 57.0 铁 0
31.74 32.106 57.0 里 0
32.106 32.472 59.0 的 0
32.472 32.838 59.0 风 0
32.838 33.57 60.0 - 0
33.936 34.301 64.0 比 0
34.301 34.667 62.0 回 0
34.667 35.033 60.0 忆 0
35.033 35.399 62.0 还 0
35.399 36.497 64.0 重 1
36.529 36.894 64.0 整 0
36.894 37.26 64.0 座 0
37.26 37.626 69.0 城 0
37.626 37.992 67.0 市 0
37.992 38.358 64.0 一 0
38.358 39.09 62.0 直 0
39.09 39.455 60.0 等 0
39.455 39.821 64.0 着 0
39.821 40.37 62.0 我 0
40.37 41.285 57.0 - 1
41.299 41.665 57.0 有 0
41.665 42.03 64.0 一 0
42.03 42.396 64.0 段 0
42.396 42.762 64.0 感 0
42.762 43.128 67.0 情 0
43.128 43.494 67.0 还 0
43.494 43.86 62.0 在 0
43.86 44.225 64.0 漂 0
44.225 47.518 60.0 泊 1
48.256 48.622 57.0 对 0
48.622 48.988 57.0 他 0
48.988 49.353 59.0 唯 0
49.353 49.719 57.0 一 0
49.719 50.085 59.0 遗 0
50.085 51.549 60.0 憾 0
51.549 51.914 64.0 是 0
51.914 52.28 62.0 分 0
52.28 52.646 60.0 手 0
52.646 53.012 57.0 那 0
53.012 54.11 57.0 天 1
54.113 54.478 57.0 我 0
54.478 54.844 57.0 奔 0
54.844 55.21 59.0 腾 0
55.21 55.576 57.0 的 0
55.576 55.942 59.0 眼 0
55.942 57.405 60.0 泪 0
57.405 57.771 64.0 都 0
57.771 58.137 62.0 停 0
58.137 58.503 60.0 不 0
58.503 58.869 62.0 下 0
58.869 59.966 64.0 来 1
59.966 60.332 64.0 若 0
60.332 60.698 64.0 那 0
60.698 61.064 69.0 一 0
61.064 61.43 67.0 刻 0
61.43 61.795 62.0 重 0
61.795 62.527 62.0 来 0
62.527 62.893 60.0 我 0
62.893 63.259 64.0 不 0
63.259 63.808 62.0 哭 0
63.808 64.722 57.0 - 1
64.722 65.088 57.0 让 0
65.088 65.454 64.0 他 0
65.454 65.82 64.0 知 0
65.82 66.186 64.0 道 0
66.186 66.552 67.0 我 0
66.552 66.917 67.0 可 0
66.917 67.283 62.0 以 0
67.283 67.649 64.0 很 0
67.649 69.113 60.0 好 1
69.113 69.478 60.0 我 0
69.478 69.844 64.0 爱 0
69.844 70.576 67.0 他 0
70.576 71.308 69.0 轰 0
71.308 71.673 69.0 轰 0
71.673 72.039 69.0 烈 0
72.039 72.405 69.0 烈 0
72.405 72.771 69.0 最 0
72.771 73.503 67.0 疯 0
73.503 74.966 67.0 狂 1
74.966 75.332 60.0 我 0
75.332 75.698 64.0 的 0
75.698 76.43 67.0 梦 0
76.43 77.161 69.0 狠 0
77.161 77.527 69.0 狠 0
77.527 77.893 69.0 碎 0
77.893 78.259 69.0 过 0
78.259 78.625 71.0 却 0
78.625 78.991 69.0 不 0
78.991 79.356 71.0 会 0
79.356 79.905 72.0 忘 0
79.905 80.82 67.0 - 1
80.82 81.186 60.0 曾 0
81.186 81.552 64.0 为 0
81.552 82.283 67.0 他 0
82.283 83.015 69.0 相 0
83.015 83.381 69.0 信 0
83.381 83.747 69.0 明 0
83.747 84.113 69.0 天 0
84.113 84.478 69.0 就 0
84.478 84.844 67.0 是 0
84.844 85.21 67.0 未 0
85.21 86.673 67.0 来 1
86.673 87.039 67.0 情 0
87.039 87.405 66.0 节 0
87.405 87.771 64.0 有 0
87.771 88.137 62.0 多 0
88.137 88.686 62.0 坏 0
88.686 89.6 57.0 - 0
89.6 89.966 62.0 都 0
89.966 90.332 62.0 不 0
90.332 90.698 60.0 肯 0
90.698 91.064 62.0 醒 0
91.064 92.161 64.0 来 1
92.403 92.769 60.0 我 0
92.769 93.135 64.0 爱 0
93.135 93.867 67.0 他 0
93.867 94.598 69.0 跌 0
94.598 94.964 69.0 跌 0
94.964 95.33 69.0 撞 0
95.33 95.696 69.0 撞 0
95.696 96.062 69.0 到 0
96.062 96.793 67.0 绝 0
96.793 97.891 67.0 望 1
98.29 98.656 60.0 我 0
98.656 99.022 64.0 的 0
99.022 99.753 67.0 心 0
99.753 100.485 69.0 深 0
100.485 100.851 69.0 深 0
100.851 101.217 69.0 伤 0
101.217 101.582 69.0 过 0
101.582 101.948 71.0 却 0
101.948 102.314 69.0 不 0
102.314 102.68 71.0 会 0
102.68 103.229 72.0 忘 0
103.229 104.143 67.0 - 1
104.229 104.595 60.0 我 0
104.595 104.961 64.0 和 0
104.961 105.693 67.0 他 0
105.693 106.425 69.0 不 0
106.425 106.79 69.0 再 0
106.79 107.156 69.0 属 0
107.156 107.522 69.0 于 0
107.522 107.888 69.0 这 0
107.888 108.254 67.0 个 0
108.254 108.62 67.0 地 0
108.62 109.717 67.0 方 1
109.961 110.327 67.0 最 0
110.327 110.693 66.0 初 0
110.693 111.059 64.0 的 0
111.059 111.425 62.0 天 0
111.425 111.973 62.0 堂 0
111.973 112.888 57.0 - 0
112.888 113.254 62.0 最 0
113.254 113.62 62.0 终 0
113.62 114.351 60.0 的 0
114.351 114.626 62.0 荒 0
114.626 115.083 60.0 - 0
115.083 117.644 64.0 唐 1
147.668 148.034 57.0 如 0
148.034 148.4 57.0 果 0
148.4 148.766 59.0 还 0
148.766 149.131 57.0 有 0
149.131 149.497 59.0 遗 0
149.497 150.138 60.0 憾 0
150.138 150.595 55.0 - 0
150.961 151.327 64.0 又 0
151.327 151.692 62.0 怎 0
151.692 152.058 60.0 么 0
152.058 152.424 57.0 样 0
152.424 152.79 57.0 呢 1
153.448 153.814 57.0 伤 0
153.814 154.179 57.0 了 0
154.179 154.545 59.0 痛 0
154.545 154.911 57.0 了 0
154.911 155.277 59.0 懂 0
155.277 155.643 59.0 了 0
155.643 156.375 60.0 - 0
156.74 157.106 64.0 就 0
157.106 157.472 62.0 能 0
157.472 157.838 60.0 好 0
157.838 158.204 62.0 了 0
158.204 159.301 64.0 吗 1
159.397 159.763 64.0 曾 0
159.763 160.129 64.0 经 0
160.129 160.495 69.0 依 0
160.495 160.861 67.0 靠 0
160.861 161.227 64.0 彼 0
161.227 161.958 62.0 此 0
161.958 162.324 60.0 的 0
162.324 162.69 64.0 肩 0
162.69 163.239 62.0 膀 0
163.239 164.153 57.0 - 1
164.202 164.568 57.0 如 0
164.568 164.934 64.0 今 0
164.934 165.3 64.0 各 0
165.3 165.666 64.0 自 0
165.666 166.032 67.0 在 0
166.032 166.58 67.0 人 0
166.58 167.129 62.0 海 0
167.129 167.495 64.0 流 0
167.495 168.026 62.0 浪 0
168.044 168.593 60.0 - 1
168.596 168.962 60.0 我 0
168.962 169.327 64.0 爱 0
169.327 170.059 67.0 他 0
170.059 170.791 69.0 轰 0
170.791 171.157 69.0 轰 0
171.157 171.522 69.0 烈 0
171.522 171.888 69.0 烈 0
171.888 172.254 69.0 最 0
172.254 172.986 67.0 疯 0
172.986 173.718 67.0 狂 0
173.718 174.449 69.0 - 1
174.454 174.82 60.0 我 0
174.82 175.186 64.0 的 0
175.186 175.918 67.0 梦 0
175.918 176.649 69.0 狠 0
176.649 177.015 69.0 狠 0
177.015 177.381 69.0 碎 0
177.381 177.747 69.0 过 0
177.747 178.113 71.0 却 0
178.113 178.479 69.0 不 0
178.479 178.845 71.0 会 0
178.845 179.393 72.0 忘 0
179.393 180.308 67.0 - 1
180.314 180.68 60.0 逃 0
180.68 181.046 64.0 不 0
181.046 181.777 67.0 开 0
181.777 182.509 69.0 爱 0
182.509 182.875 69.0 越 0
182.875 183.241 69.0 深 0
183.241 183.607 69.0 越 0
183.607 183.973 69.0 互 0
183.973 184.338 67.0 相 0
184.338 184.704 67.0 伤 0
184.704 185.436 67.0 害 0
185.436 186.168 69.0 - 1
186.185 186.55 67.0 越 0
186.55 186.916 66.0 深 0
186.916 187.282 64.0 的 0
187.282 187.648 62.0 依 0
187.648 188.197 62.0 赖 0
188.197 189.111 57.0 - 0
189.111 189.477 62.0 越 0
189.477 189.843 62.0 多 0
189.843 190.209 60.0 的 0
190.209 190.575 62.0 空 0
190.575 190.941 62.0 白 0
190.941 191.672 64.0 - 1
191.673 192.039 64.0 该 0
192.039 192.405 64.0 怎 0
192.405 192.954 72.0 么 0
192.954 193.503 71.0 去 0
193.503 194.234 72.0 爱 0
194.234 195.332 69.0 - 1
197.878 198.244 61.0 我 0
198.244 198.61 64.0 爱 0
198.61 199.341 68.0 他 0
199.341 200.073 70.0 轰 0
200.073 200.439 70.0 轰 0
200.439 200.805 70.0 烈 0
200.805 201.171 70.0 烈 0
201.171 201.536 70.0 最 0
201.536 202.268 68.0 疯 0
202.268 203.0 68.0 狂 0
203.0 203.732 70.0 - 1
203.745 204.11 61.0 我 0
204.11 204.476 64.0 的 0
204.476 205.208 68.0 梦 0
205.208 205.94 70.0 狠 0
205.94 206.306 70.0 狠 0
206.306 206.671 70.0 碎 0
206.671 207.037 70.0 过 0
207.037 207.586 72.0 却 0
207.586 208.135 70.0 不 0
208.135 208.501 72.0 会 0
208.501 208.867 73.0 忘 0
208.867 209.232 68.0 - 1
209.473 209.839 61.0 曾 0
209.839 210.205 65.0 为 0
210.205 210.937 68.0 他 0
210.937 211.668 70.0 相 0
211.668 212.034 70.0 信 0
212.034 212.4 70.0 明 0
212.4 212.766 70.0 天 0
212.766 213.132 70.0 就 0
213.132 213.498 68.0 是 0
213.498 213.863 68.0 未 0
213.863 214.595 68.0 来 0
214.595 215.327 70.0 - 1
215.413 215.779 68.0 情 0
215.779 216.145 67.0 节 0
216.145 216.51 65.0 有 0
216.51 216.876 63.0 多 0
216.876 217.425 63.0 坏 0
217.425 218.34 58.0 - 0
218.34 218.706 63.0 都 0
218.706 219.071 63.0 不 0
219.071 219.437 61.0 肯 0
219.437 219.803 63.0 醒 0
219.803 220.169 65.0 来 0
220.169 220.901 65.0 - 1
221.136 221.501 61.0 我 0
221.501 221.867 65.0 爱 0
221.867 222.599 68.0 他 0
222.599 223.331 70.0 跌 0
223.331 223.697 70.0 跌 0
223.697 224.062 70.0 撞 0
224.062 224.428 70.0 撞 0
224.428 224.794 70.0 到 0
224.794 225.526 68.0 绝 0
225.526 226.989 68.0 望 1
227.03 227.396 61.0 我 0
227.396 227.762 65.0 的 0
227.762 228.494 68.0 心 0
228.494 229.225 70.0 深 0
229.225 229.591 70.0 深 0
229.591 229.957 70.0 伤 0
229.957 230.323 70.0 过 0
230.323 230.689 72.0 却 0
230.689 231.055 70.0 不 0
231.055 231.42 72.0 会 0
231.42 231.969 73.0 忘 0
231.969 232.518 68.0 - 1
232.986 233.352 61.0 我 0
233.352 233.718 64.0 和 0
233.718 234.449 68.0 他 0
234.449 235.181 70.0 不 0
235.181 235.547 70.0 再 0
235.547 235.913 70.0 属 0
235.913 236.279 70.0 于 0
236.279 236.644 70.0 这 0
236.644 237.01 68.0 个 0
237.01 237.376 68.0 地 0
237.376 238.84 68.0 方 1
238.866 239.231 68.0 最 0
239.231 239.597 66.0 初 0
239.597 239.963 65.0 的 0
239.963 240.329 63.0 天 0
240.329 240.878 63.0 堂 0
240.878 241.427 58.0 - 0
241.792 242.158 63.0 最 0
242.158 242.524 63.0 终 0
242.524 242.89 61.0 的 0
243.256 243.622 63.0 荒 0
243.622 243.987 61.0 - 0
243.987 246.548 65.0 唐 1
247.176 247.551 58.0 如 0
247.551 247.926 58.0 果 0
247.926 248.301 60.0 还 0
248.301 248.676 58.0 有 0
248.676 249.051 60.0 遗 0
249.051 249.426 60.0 憾 0
249.426 250.176 61.0 - 0
250.551 250.926 65.0 是 0
250.926 251.301 63.0 分 0
251.301 251.676 61.0 手 0
251.676 252.051 60.0 那 0
252.051 252.426 58.0 天 1
253.23 253.605 58.0 我 0
253.605 253.98 58.0 奔 0
253.98 254.355 60.0 腾 0
254.355 254.73 58.0 的 0
254.73 255.105 60.0 眼 0
255.105 256.23 61.0 泪 0
256.605 256.98 65.0 都 0
256.98 257.355 63.0 停 0
257.355 257.73 61.0 不 0
257.73 258.105 63.0 下 0
258.105 258.48 63.0 来 0
258.48 259.23 65.0 - 1
259.247 259.622 65.0 若 0
259.622 259.997 65.0 那 0
259.997 260.372 70.0 一 0
260.372 260.747 68.0 刻 0
260.747 261.122 65.0 重 0
261.122 261.872 63.0 来 0
261.872 262.247 61.0 我 0
262.247 262.622 65.0 不 0
262.622 263.185 63.0 哭 0
263.185 264.122 58.0 - 1
264.162 264.537 58.0 让 0
264.537 264.912 65.0 他 0
264.912 265.287 65.0 知 0
265.287 265.662 65.0 道 0
265.662 266.037 65.0 我 0
266.037 266.412 68.0 - 0
266.412 266.694 65.0 可 0
266.694 267.162 68.0 - 0
267.162 269.6 63.0 以 0
269.6 269.975 63.0 很 0
269.975 270.35 65.0 - 0
270.35 270.537 61.0 - 0
270.537 272.787 61.0 好 1
