18.101 18.635 67.0 难 0
18.635 19.17 69.0 - 0
19.17 20.106 65.0 忘 0
20.24 20.775 67.0 今 0
20.775 21.31 67.0 - 0
21.31 22.246 60.0 宵 0
22.379 22.914 60.0 难 0
22.914 23.449 72.0 忘 0
23.449 23.984 72.0 今 0
23.984 24.519 69.0 - 0
24.519 25.589 67.0 宵 1
26.795 27.33 64.0 无 0
27.33 27.865 69.0 - 0
27.865 28.935 65.0 论 0
28.935 29.336 64.0 天 0
29.336 29.737 67.0 - 0
29.737 30.004 69.0 - 0
30.004 31.074 60.0 涯 0
31.074 31.609 60.0 与 0
31.609 32.144 70.0 - 0
32.144 32.679 70.0 海 0
32.679 33.213 69.0 - 0
33.213 34.283 65.0 角 1
35.376 35.911 72.0 神 0
35.911 36.446 72.0 - 0
36.446 36.98 70.0 州 0
36.98 37.515 65.0 - 0
37.515 38.05 69.0 万 0
38.05 38.585 72.0 - 0
38.585 39.655 72.0 里 0
39.655 40.19 67.0 同 0
40.19 40.724 74.0 - 0
40.724 41.259 72.0 怀 0
41.259 41.794 70.0 - 0
41.794 43.399 72.0 抱 1
43.954 44.221 69.0 共 0
44.221 44.488 70.0 - 0
44.488 44.756 69.0 祝 0
44.756 45.023 67.0 - 0
45.023 46.093 60.0 愿 0
46.093 46.36 69.0 祖 0
46.36 46.628 70.0 - 0
46.628 46.895 69.0 国 0
46.895 47.163 67.0 - 0
47.163 48.232 65.0 好 0
48.232 48.767 60.0 祖 0
48.767 49.302 70.0 - 0
49.302 49.837 69.0 国 0
49.837 50.372 67.0 - 0
50.372 52.511 65.0 好 1
52.526 52.794 74.0 共 0
52.794 53.061 72.0 - 0
53.061 53.329 70.0 祝 0
53.329 53.596 65.0 - 0
53.596 56.27 72.0 愿 0
56.805 57.072 74.0 祖 0
57.072 57.34 72.0 - 0
57.34 57.607 70.0 国 0
57.607 57.875 65.0 - 0
57.875 60.549 72.0 好 1
61.034 61.301 69.0 共 0
61.301 61.569 67.0 - 0
61.569 61.836 65.0 祝 0
61.836 62.104 60.0 - 0
62.104 64.778 67.0 愿 0
65.313 65.58 69.0 祖 0
65.58 65.848 67.0 - 0
65.848 66.115 65.0 国 0
66.115 66.382 60.0 - 0
66.382 69.592 65.0 好 1
86.76 87.295 67.0 告 0
87.295 87.83 67.0 - 0
87.83 88.766 65.0 别 0
88.899 89.434 67.0 今 0
89.434 89.969 69.0 - 0
89.969 90.905 60.0 宵 0
91.039 91.574 60.0 告 0
91.574 92.108 72.0 别 0
92.108 92.643 72.0 今 0
92.643 93.178 70.0 - 0
93.178 94.248 67.0 宵 1
95.21 95.744 64.0 无 0
95.744 96.279 67.0 - 0
96.279 97.349 65.0 论 0
97.349 97.75 64.0 新 0
97.75 98.151 67.0 - 0
98.151 98.419 69.0 - 0
98.419 99.488 60.0 友 0
99.488 100.023 60.0 与 0
100.023 100.558 70.0 - 0
100.558 101.093 69.0 故 0
101.093 101.628 67.0 - 0
101.628 102.698 65.0 交 1
103.851 104.386 72.0 明 0
104.386 104.921 74.0 - 0
104.921 105.456 70.0 年 0
105.456 105.991 65.0 - 0
105.991 106.526 70.0 春 0
106.526 107.06 72.0 - 0
107.06 108.13 72.0 来 0
108.13 108.665 67.0 再 0
108.665 109.2 74.0 - 0
109.2 109.735 74.0 相 0
109.735 110.27 74.0 - 0
110.27 111.874 72.0 邀 1
112.367 112.634 69.0 青 0
112.634 112.902 70.0 - 0
112.902 113.169 69.0 山 0
113.169 113.437 67.0 - 0
113.437 114.506 60.0 在 0
114.506 114.774 69.0 人 0
114.774 115.041 70.0 - 0
115.041 115.309 69.0 未 0
115.309 115.576 67.0 - 0
115.576 116.646 65.0 老 0
116.646 117.181 60.0 人 0
117.181 117.715 70.0 - 0
117.715 118.25 69.0 未 0
118.25 118.785 69.0 - 0
118.785 120.925 65.0 老 1
120.936 121.203 74.0 青 0
121.203 121.47 72.0 - 0
121.47 121.738 70.0 山 0
121.738 122.005 65.0 - 0
122.005 124.68 72.0 在 0
125.214 125.482 74.0 人 0
125.482 125.749 72.0 - 0
125.749 126.017 70.0 未 0
126.017 126.284 65.0 - 0
126.284 128.958 72.0 老 1
129.498 129.766 69.0 青 0
129.766 130.033 67.0 - 0
130.033 130.301 65.0 山 0
130.301 130.568 60.0 - 0
130.568 133.242 67.0 在 0
133.777 134.045 69.0 人 0
134.045 134.312 67.0 - 0
134.312 134.579 65.0 未 0
134.579 134.847 60.0 - 0
134.847 138.056 65.0 老 1
155.155 155.69 67.0 难 0
155.69 156.225 69.0 - 0
156.225 157.161 65.0 忘 0
157.295 157.83 67.0 今 0
157.83 158.364 69.0 - 0
158.364 159.3 60.0 宵 0
159.434 159.969 60.0 难 0
159.969 160.504 72.0 忘 0
160.504 161.039 67.0 今 0
161.039 161.574 69.0 - 0
161.574 162.643 67.0 宵 1
163.611 164.146 65.0 无 0
164.146 164.681 69.0 - 0
164.681 165.75 65.0 论 0
165.75 166.152 64.0 天 0
166.152 166.553 67.0 - 0
166.553 166.82 69.0 - 0
166.82 167.89 60.0 涯 0
167.89 168.425 60.0 与 0
168.425 168.96 70.0 - 0
168.96 169.494 69.0 海 0
169.494 170.029 69.0 - 0
170.029 171.099 65.0 角 1
172.327 172.861 72.0 神 0
172.861 173.396 74.0 - 0
173.396 173.931 70.0 州 0
173.931 174.466 65.0 - 0
174.466 175.001 70.0 万 0
175.001 175.536 74.0 - 0
175.536 176.605 72.0 里 0
176.605 177.14 67.0 同 0
177.14 177.675 74.0 - 0
177.675 178.21 72.0 怀 0
178.21 178.745 74.0 - 0
178.745 180.349 72.0 抱 1
180.855 181.123 69.0 共 0
181.123 181.39 70.0 - 0
181.39 181.658 69.0 祝 0
181.658 181.925 67.0 - 0
181.925 182.995 60.0 愿 0
182.995 183.262 69.0 祖 0
183.262 183.53 70.0 - 0
183.53 183.797 69.0 国 0
183.797 184.064 67.0 - 0
184.064 185.134 65.0 好 0
185.134 185.669 60.0 祖 0
185.669 186.204 70.0 - 0
186.204 186.739 70.0 国 0
186.739 187.274 67.0 - 0
187.274 189.413 65.0 好 1
189.449 189.716 74.0 共 0
189.716 189.984 72.0 - 0
189.984 190.251 70.0 祝 0
190.251 190.519 65.0 - 0
190.519 193.193 72.0 愿 0
193.728 193.995 74.0 祖 0
193.995 194.263 72.0 - 0
194.263 194.53 70.0 国 0
194.53 194.798 65.0 - 0
194.798 197.472 72.0 好 1
197.987 198.254 69.0 共 0
198.254 198.522 67.0 - 0
198.522 198.789 65.0 祝 0
198.789 199.056 60.0 - 0
199.056 201.731 67.0 愿 0
202.533 202.934 69.0 祖 0
202.934 203.335 67.0 - 0
203.335 203.736 65.0 国 0
203.736 204.271 60.0 - 0
204.271 205.608 65.0 好 0
205.608 208.416 65.0 - 1
