23.798 23.98 68.0 如 0
23.98 24.163 70.0 果 0
24.163 24.529 71.0 骄 0
24.529 24.712 70.0 傲 0
24.712 25.261 68.0 没 0
25.261 25.627 66.0 被 1
25.676 26.042 63.0 现 0
26.042 26.225 61.0 实 0
26.225 26.773 59.0 大 0
26.773 27.139 58.0 海 0
27.139 27.871 59.0 冷 0
27.871 28.237 56.0 冷 0
28.237 28.327 63.0 拍 0
28.327 29.334 63.0 下 1
29.597 29.78 61.0 又 0
29.78 29.963 59.0 怎 0
29.963 30.329 61.0 会 0
30.329 30.695 56.0 懂 0
30.695 31.244 64.0 得 0
31.244 31.426 61.0 要 0
31.426 31.792 59.0 多 0
31.792 32.158 56.0 努 0
32.158 32.707 64.0 力 1
32.729 32.912 63.0 才 0
32.912 33.278 58.0 走 0
33.278 33.644 62.0 得 0
33.644 34.009 63.0 到 0
34.009 34.375 65.0 远 0
34.375 35.11 67.0 方 1
35.466 35.649 68.0 如 0
35.649 35.832 70.0 果 0
35.832 36.198 71.0 梦 0
36.198 36.381 70.0 想 0
36.381 36.929 68.0 不 0
36.929 37.295 66.0 曾 0
37.295 37.661 63.0 坠 0
37.661 37.844 61.0 落 0
37.844 38.393 59.0 悬 0
38.393 38.759 58.0 崖 1
38.835 39.566 59.0 千 0
39.566 39.932 56.0 钧 0
39.932 40.298 66.0 一 0
40.298 41.03 63.0 发 1
41.309 41.491 61.0 又 0
41.491 41.674 59.0 怎 0
41.674 42.04 61.0 会 0
42.04 42.406 56.0 晓 0
42.406 42.955 64.0 得 0
42.955 43.138 61.0 执 0
43.138 43.504 59.0 着 0
43.504 43.87 56.0 的 0
43.87 44.418 64.0 人 1
44.45 44.633 63.0 拥 0
44.633 44.999 58.0 有 0
44.999 45.365 55.0 隐 0
45.365 45.731 64.0 形 0
45.731 46.097 63.0 翅 0
46.097 46.828 56.0 膀 1
47.475 47.841 54.0 把 0
47.841 48.207 58.0 眼 0
48.207 48.756 68.0 泪 0
48.756 48.938 66.0 种 0
48.938 49.304 63.0 在 0
49.304 49.487 63.0 心 0
49.487 50.291 63.0 上 1
50.471 50.837 55.0 会 0
50.837 51.203 58.0 开 0
51.203 51.751 64.0 出 0
51.751 51.934 63.0 勇 0
51.934 52.3 59.0 敢 0
52.3 52.483 59.0 的 0
52.483 52.757 59.0 花 1
53.24 53.423 59.0 可 0
53.423 53.789 58.0 以 0
53.789 54.154 61.0 在 0
54.154 54.703 68.0 疲 0
54.703 54.886 66.0 惫 0
54.886 55.252 63.0 的 0
55.252 55.435 63.0 时 0
55.435 55.984 63.0 光 1
56.037 56.22 63.0 闭 0
56.22 56.403 63.0 上 0
56.403 56.768 62.0 眼 0
56.768 57.134 65.0 睛 0
57.134 57.317 70.0 闻 0
57.317 57.683 71.0 - 0
57.683 57.866 70.0 到 0
57.866 58.232 67.0 一 0
58.232 58.598 67.0 种 0
58.598 58.781 68.0 芬 0
58.781 58.963 70.0 芳 1
59.2 59.566 71.0 就 0
59.566 59.749 70.0 像 0
59.749 60.298 68.0 好 0
60.298 60.664 66.0 好 0
60.664 61.03 63.0 睡 0
61.03 61.213 61.0 了 0
61.213 61.761 59.0 一 0
61.761 62.127 58.0 夜 1
62.224 62.956 59.0 直 0
62.956 63.322 56.0 到 0
63.322 63.688 66.0 天 0
63.688 64.419 63.0 亮 1
64.75 64.933 61.0 又 0
64.933 65.116 59.0 能 0
65.116 65.482 61.0 边 0
65.482 65.848 56.0 走 0
65.848 66.396 64.0 着 0
66.396 66.579 61.0 边 0
66.579 66.945 59.0 哼 0
66.945 67.311 56.0 着 0
67.311 67.86 64.0 歌 1
67.931 68.114 63.0 用 0
68.114 68.48 58.0 轻 0
68.48 68.846 55.0 快 0
68.846 69.211 64.0 的 0
69.211 69.577 63.0 步 0
69.577 70.309 56.0 伐 1
70.642 70.825 56.0 沮 0
70.825 71.008 58.0 丧 0
71.008 71.739 60.0 时 0
71.739 72.105 60.0 总 0
72.105 72.288 63.0 会 0
72.288 72.837 63.0 明 0
72.837 73.203 63.0 显 0
73.203 73.386 65.0 感 0
73.386 73.752 67.0 到 1
73.76 74.308 68.0 孤 0
74.308 74.674 67.0 独 0
74.674 75.04 65.0 的 0
75.04 75.223 63.0 重 0
75.223 76.321 60.0 量 1
76.426 76.609 58.0 多 0
76.609 76.792 56.0 渴 0
76.792 77.25 61.0 望 0
77.341 77.89 63.0 懂 0
77.89 78.256 65.0 得 0
78.256 78.805 63.0 的 0
78.805 79.353 68.0 人 1
79.384 79.567 56.0 给 0
79.567 79.75 58.0 些 0
79.75 80.116 60.0 温 0
80.116 80.482 58.0 暖 0
80.482 80.848 56.0 借 0
80.848 81.214 58.0 个 0
81.214 81.579 60.0 肩 0
81.579 81.945 58.0 - 0
81.945 82.218 58.0 膀 1
82.314 82.497 56.0 很 0
82.497 82.68 58.0 高 0
82.68 83.412 60.0 兴 0
83.412 83.778 60.0 一 0
83.778 83.96 63.0 路 0
83.96 84.509 63.0 上 1
84.718 84.901 63.0 我 0
84.901 85.084 65.0 们 0
85.084 85.45 67.0 的 0
85.45 85.999 68.0 默 0
85.999 86.365 67.0 契 0
86.365 86.73 60.0 那 0
86.73 86.913 60.0 么 0
86.913 87.828 72.0 长 1
88.045 88.228 68.0 穿 0
88.228 88.411 67.0 过 0
88.411 89.325 68.0 风 0
89.325 89.508 68.0 又 0
89.508 89.691 68.0 绕 0
89.691 89.874 67.0 个 0
89.874 90.972 68.0 弯 1
91.099 91.282 68.0 心 0
91.282 91.464 67.0 还 0
91.464 91.647 68.0 连 0
91.647 92.562 68.0 着 1
92.585 92.951 68.0 像 0
92.951 93.134 67.0 往 0
93.134 93.683 67.0 常 0
93.683 93.866 68.0 一 0
93.866 94.14 70.0 样 0
94.14 94.414 68.0 - 1
94.46 95.009 68.0 最 0
95.009 95.558 67.0 初 0
95.558 95.924 65.0 的 0
95.924 96.29 65.0 梦 0
96.29 96.655 63.0 - 0
96.655 97.021 63.0 想 0
97.204 97.387 56.0 紧 0
97.387 97.936 65.0 握 0
97.936 98.485 61.0 在 0
98.485 98.851 61.0 手 0
98.851 100.314 63.0 上 1
100.315 100.864 64.0 最 0
100.864 101.413 65.0 想 0
101.413 101.778 67.0 要 0
101.778 101.961 67.0 去 0
101.961 102.144 65.0 的 0
102.144 102.327 67.0 地 0
102.327 102.693 68.0 方 1
102.985 103.168 56.0 怎 0
103.168 103.717 65.0 么 0
103.717 104.265 67.0 能 0
104.265 104.619 68.0 在 0
104.631 104.983 67.0 半 0
104.997 105.18 67.0 路 0
105.18 105.363 67.0 就 0
105.363 105.546 68.0 返 0
105.546 106.003 68.0 航 1
106.092 106.64 68.0 最 0
106.64 107.189 67.0 初 0
107.189 107.555 65.0 的 0
107.555 107.921 65.0 梦 0
107.921 108.287 63.0 - 0
108.287 108.653 63.0 想 0
108.835 109.018 56.0 绝 0
109.018 109.567 65.0 对 0
109.567 109.75 63.0 会 0
109.75 110.116 61.0 - 0
110.116 110.482 61.0 到 0
110.482 111.945 63.0 达 1
112.017 112.566 64.0 实 0
112.566 113.115 65.0 现 0
113.115 113.481 67.0 了 0
113.481 113.664 67.0 真 0
113.664 113.847 65.0 的 0
113.847 114.029 67.0 渴 0
114.029 114.395 68.0 望 1
114.686 114.869 56.0 才 0
114.869 115.418 65.0 能 0
115.418 115.967 67.0 够 0
115.967 116.32 68.0 算 0
116.332 116.698 67.0 到 0
116.698 117.064 67.0 过 0
117.064 117.247 68.0 了 0
117.247 117.796 70.0 天 0
117.796 119.991 68.0 堂 1
152.482 152.665 68.0 如 0
152.665 152.848 70.0 果 0
152.848 153.214 71.0 骄 0
153.214 153.397 70.0 傲 0
153.397 153.945 68.0 没 0
153.945 154.311 66.0 被 1
154.448 154.814 63.0 现 0
154.814 154.997 61.0 实 0
154.997 155.546 59.0 大 0
155.546 155.912 58.0 海 0
155.912 156.643 59.0 冷 0
156.643 157.009 56.0 冷 0
157.009 157.192 64.0 拍 0
157.192 158.107 63.0 下 1
158.446 158.629 61.0 又 0
158.629 158.811 59.0 怎 0
158.811 159.177 61.0 会 0
159.177 159.543 56.0 懂 0
159.543 160.092 64.0 得 0
160.092 160.275 61.0 要 0
160.275 160.641 59.0 多 0
160.641 161.007 56.0 努 0
161.007 161.555 64.0 力 1
161.555 161.738 63.0 才 0
161.738 162.104 58.0 走 0
162.104 162.47 62.0 得 0
162.47 162.836 63.0 到 0
162.836 163.202 65.0 远 0
163.202 163.936 67.0 方 1
164.147 164.33 68.0 如 0
164.33 164.513 70.0 果 0
164.513 164.879 71.0 梦 0
164.879 165.062 70.0 想 0
165.062 165.611 68.0 不 0
165.611 165.977 66.0 曾 0
165.977 166.342 63.0 坠 0
166.342 166.525 61.0 落 0
166.525 167.074 59.0 悬 0
167.074 167.44 58.0 崖 1
167.597 168.329 59.0 千 0
168.329 168.695 56.0 钧 0
168.695 169.06 66.0 一 0
169.06 169.792 63.0 发 1
170.086 170.269 61.0 又 0
170.269 170.452 59.0 怎 0
170.452 170.818 61.0 会 0
170.818 171.184 56.0 晓 0
171.184 171.732 64.0 得 0
171.732 171.915 61.0 执 0
171.915 172.281 59.0 着 0
172.281 172.647 56.0 的 0
172.647 173.196 64.0 人 1
173.259 173.442 63.0 拥 0
173.442 173.807 58.0 有 0
173.807 174.173 55.0 隐 0
174.173 174.539 64.0 形 0
174.539 174.905 63.0 翅 0
174.905 175.637 56.0 膀 1
176.373 176.739 54.0 把 0
176.739 177.105 58.0 眼 0
177.105 177.654 68.0 泪 0
177.654 177.837 66.0 种 0
177.837 178.203 63.0 在 0
178.203 178.386 63.0 心 0
178.386 179.189 63.0 上 1
179.339 179.705 55.0 会 0
179.705 180.071 58.0 开 0
180.071 180.62 64.0 出 0
180.62 180.803 63.0 勇 0
180.803 181.169 59.0 敢 0
181.169 181.351 59.0 的 0
181.351 181.626 59.0 花 1
181.991 182.174 59.0 可 0
182.174 182.54 58.0 以 0
182.54 182.906 61.0 在 0
182.906 183.455 68.0 疲 0
183.455 183.638 66.0 惫 0
183.638 184.003 63.0 的 0
184.003 184.186 63.0 时 0
184.186 184.735 63.0 光 1
184.757 184.94 63.0 闭 0
184.94 185.123 63.0 上 0
185.123 185.489 62.0 眼 0
185.489 185.855 65.0 睛 0
185.855 186.038 70.0 闻 0
186.038 186.403 71.0 - 0
186.403 186.586 70.0 到 0
186.586 186.952 67.0 一 0
186.952 187.318 67.0 种 0
187.318 187.501 68.0 芬 0
187.501 187.684 70.0 芳 1
187.932 188.298 71.0 就 0
188.298 188.481 70.0 像 0
188.481 189.029 68.0 好 0
189.029 189.395 66.0 好 0
189.395 189.761 63.0 睡 0
189.761 189.944 61.0 了 0
189.944 190.493 59.0 一 0
190.493 190.859 58.0 夜 1
190.906 191.637 59.0 直 0
191.637 192.003 56.0 到 0
192.003 192.369 66.0 天 0
192.369 193.101 63.0 亮 1
193.586 193.769 61.0 又 0
193.769 193.951 59.0 能 0
193.951 194.317 61.0 边 0
194.317 194.683 56.0 走 0
194.683 195.232 64.0 着 0
195.232 195.415 61.0 边 0
195.415 195.781 59.0 哼 0
195.781 196.147 56.0 着 0
196.147 196.695 64.0 歌 1
196.704 196.887 63.0 用 0
196.887 197.253 58.0 轻 0
197.253 197.619 55.0 快 0
197.619 197.985 64.0 的 0
197.985 198.351 63.0 步 0
198.351 199.082 56.0 伐 1
199.407 199.59 56.0 沮 0
199.59 199.773 58.0 丧 0
199.773 200.505 60.0 时 0
200.505 200.871 60.0 总 0
200.871 201.054 63.0 会 0
201.054 201.602 63.0 明 0
201.602 201.968 63.0 显 0
201.968 202.151 65.0 感 0
202.151 202.517 67.0 到 1
202.545 203.094 68.0 孤 0
203.094 203.46 67.0 独 0
203.46 203.825 65.0 的 0
203.825 204.008 63.0 重 0
204.008 205.106 60.0 量 1
205.256 205.439 58.0 多 0
205.439 205.622 56.0 渴 0
205.622 206.079 61.0 望 0
206.171 206.719 63.0 懂 0
206.719 207.085 65.0 得 0
207.085 207.634 63.0 的 0
207.634 208.183 68.0 人 1
208.233 208.416 56.0 给 0
208.416 208.599 58.0 些 0
208.599 208.964 60.0 温 0
208.964 209.33 58.0 暖 0
209.33 209.696 56.0 借 0
209.696 210.062 58.0 个 0
210.062 210.428 60.0 肩 0
210.428 210.794 58.0 - 0
210.794 211.067 58.0 膀 1
211.097 211.279 56.0 很 0
211.279 211.462 58.0 高 0
211.462 212.194 60.0 兴 0
212.194 212.56 60.0 一 0
212.56 212.743 63.0 路 0
212.743 213.292 63.0 上 1
213.387 213.57 63.0 我 0
213.57 213.752 65.0 们 0
213.752 214.118 67.0 的 0
214.118 214.667 68.0 默 0
214.667 215.033 67.0 契 0
215.033 215.399 60.0 那 0
215.399 215.582 60.0 么 0
215.582 216.496 72.0 长 1
216.859 217.042 68.0 穿 0
217.042 217.225 67.0 过 0
217.225 218.14 68.0 风 0
218.14 218.323 68.0 又 0
218.323 218.506 68.0 绕 0
218.506 218.688 67.0 个 0
218.688 219.786 68.0 弯 1
219.894 220.077 68.0 心 0
220.077 220.26 67.0 还 0
220.26 220.443 68.0 连 0
220.443 221.357 68.0 着 1
221.375 221.741 68.0 像 0
221.741 221.924 67.0 往 0
221.924 222.473 67.0 常 0
222.473 222.656 68.0 一 0
222.656 222.93 70.0 样 0
222.93 223.205 68.0 - 1
223.238 223.786 68.0 最 0
223.786 224.335 67.0 初 0
224.335 224.701 65.0 的 0
224.701 225.067 65.0 梦 0
225.067 225.433 63.0 - 0
225.433 225.799 63.0 想 0
225.982 226.165 56.0 紧 0
226.165 226.713 65.0 握 0
226.713 227.262 61.0 在 0
227.262 227.628 61.0 手 0
227.628 229.091 63.0 上 1
229.097 229.646 64.0 最 0
229.646 230.195 65.0 想 0
230.195 230.561 67.0 要 0
230.561 230.744 67.0 去 0
230.744 230.927 65.0 的 0
230.927 231.11 67.0 地 0
231.11 231.475 68.0 方 1
231.792 231.975 56.0 怎 0
231.975 232.524 65.0 么 0
232.524 233.073 67.0 能 0
233.073 233.426 68.0 在 0
233.439 233.791 67.0 半 0
233.804 233.987 67.0 路 0
233.987 234.17 67.0 就 0
234.17 234.353 68.0 返 0
234.353 234.811 68.0 航 1
234.916 235.465 68.0 最 0
235.465 236.014 67.0 初 0
236.014 236.379 65.0 的 0
236.379 236.745 65.0 梦 0
236.745 237.111 63.0 - 0
237.111 237.477 63.0 想 0
237.66 237.843 56.0 绝 0
237.843 238.392 65.0 对 0
238.392 238.575 63.0 会 0
238.575 238.94 61.0 - 0
238.94 239.306 61.0 到 0
239.306 240.77 63.0 达 1
240.802 241.35 64.0 实 0
241.35 241.899 65.0 现 0
241.899 242.265 67.0 了 0
242.265 242.448 67.0 真 0
242.448 242.631 65.0 的 0
242.631 242.814 67.0 渴 0
242.814 243.18 68.0 望 1
243.367 243.55 56.0 才 0
243.55 244.098 65.0 能 0
244.098 244.647 67.0 够 0
244.647 245.001 68.0 算 0
245.013 245.379 67.0 到 0
245.379 245.745 67.0 过 0
245.745 245.928 68.0 了 0
245.928 246.476 70.0 天 0
246.476 248.671 68.0 堂 1
249.247 249.43 56.0 绝 0
249.43 249.979 65.0 对 0
249.979 250.162 63.0 会 0
250.162 250.528 61.0 - 0
250.528 250.894 61.0 到 0
250.894 252.357 63.0 达 1
252.41 252.959 64.0 实 0
252.959 253.508 65.0 现 0
253.508 253.873 67.0 了 0
253.873 254.056 67.0 真 0
254.056 254.239 65.0 的 0
254.239 254.422 67.0 渴 0
254.422 254.788 68.0 望 1
255.232 255.415 56.0 才 0
255.415 255.964 65.0 能 0
255.964 256.512 67.0 够 0
256.512 256.866 68.0 算 0
256.878 257.244 67.0 到 0
257.244 257.61 67.0 过 0
257.61 257.793 68.0 了 0
257.793 258.342 70.0 天 0
258.342 259.439 72.0 堂 1
259.447 259.63 73.0 啊 0
259.63 259.813 72.0 咿 0
259.813 260.545 70.0 呀 1
261.158 262.256 68.0 吼 0
262.256 262.439 70.0 呼 0
262.439 262.622 73.0 呜 0
262.622 262.988 73.0 耶 0
262.988 263.537 72.0 耶 0
263.537 263.719 70.0 咿 0
263.719 265.549 68.0 耶 0
265.549 266.646 68.0 咿 1
266.99 267.356 68.0 啦 0
267.356 267.539 63.0 嗯 0
267.539 267.905 68.0 啦 0
267.905 268.088 63.0 嗯 0
268.088 268.454 68.0 啦 0
268.454 269.917 70.0 哈 1
