16.562 16.984 57.0 白 0
16.984 17.407 58.0 色 0
17.407 17.83 60.0 的 0
17.83 18.252 64.0 风 0
18.252 18.675 64.0 车 0
18.675 19.52 65.0 - 1
20.112 20.535 57.0 安 0
20.535 20.957 58.0 静 0
20.957 21.38 60.0 的 0
21.38 21.802 64.0 转 0
21.802 22.225 64.0 着 0
22.225 23.07 65.0 - 1
23.414 23.837 62.0 真 0
23.837 24.26 58.0 实 0
24.26 24.682 58.0 的 0
24.682 25.105 57.0 感 0
25.105 25.527 57.0 觉 0
25.527 26.372 55.0 - 1
26.731 27.153 57.0 梦 0
27.153 27.576 55.0 境 0
27.576 27.998 53.0 般 0
27.998 28.421 60.0 遥 0
28.421 29.688 60.0 远 1
30.257 30.68 57.0 甜 0
30.68 31.102 58.0 甜 0
31.102 31.525 60.0 的 0
31.525 31.947 64.0 海 0
31.947 32.37 64.0 水 0
32.37 33.215 65.0 - 1
33.592 34.015 57.0 复 0
34.015 34.437 58.0 杂 0
34.437 34.86 60.0 的 0
34.86 35.282 64.0 眼 0
35.282 35.705 64.0 泪 0
35.705 36.55 65.0 - 1
36.89 37.312 62.0 看 0
37.312 37.735 58.0 你 0
37.735 38.157 58.0 傻 0
38.157 38.58 57.0 笑 0
38.58 40.27 55.0 着 1
40.355 40.777 57.0 握 0
40.777 41.2 55.0 住 0
41.2 41.622 53.0 我 0
41.622 42.045 60.0 的 0
42.045 42.468 58.0 手 0
42.468 42.89 58.0 - 1
43.289 43.711 65.0 梦 0
43.711 44.134 65.0 希 0
44.134 44.556 64.0 望 0
44.556 44.979 62.0 没 0
44.979 45.401 64.0 有 0
45.401 45.824 62.0 尽 0
45.824 46.246 60.0 头 1
46.597 47.019 60.0 我 0
47.019 47.442 60.0 们 0
47.442 47.864 58.0 走 0
47.864 48.287 57.0 到 0
48.287 48.71 58.0 这 0
48.71 49.132 60.0 就 0
49.132 49.555 53.0 好 1
49.96 50.383 62.0 因 0
50.383 50.805 60.0 为 0
50.805 51.228 58.0 我 0
51.228 51.65 57.0 不 0
51.65 52.073 58.0 想 0
52.073 52.918 60.0 太 0
52.918 53.34 65.0 快 0
53.34 53.763 65.0 走 0
53.763 54.186 65.0 完 0
54.186 54.608 67.0 这 0
54.608 55.031 69.0 幸 0
55.031 55.876 65.0 福 1
56.861 57.283 65.0 很 0
57.283 57.706 65.0 可 0
57.706 58.128 64.0 惜 0
58.128 58.551 62.0 没 0
58.551 58.973 64.0 有 0
58.973 59.396 62.0 祝 0
59.396 59.818 60.0 福 1
60.156 60.579 60.0 但 0
60.579 61.001 60.0 爱 0
61.001 61.424 65.0 你 0
61.424 61.846 67.0 并 0
61.846 62.269 69.0 不 0
62.269 62.691 67.0 孤 0
62.691 63.114 65.0 独 0
63.114 63.219 62.0 - 1
63.55 63.973 65.0 不 0
63.973 64.395 65.0 会 0
64.395 64.818 64.0 再 0
64.818 65.24 62.0 让 0
65.24 65.663 64.0 你 0
65.663 67.353 64.0 哭 1
67.676 68.098 57.0 我 0
68.098 68.521 55.0 背 0
68.521 68.943 55.0 你 0
68.943 69.366 54.0 走 0
69.366 69.788 64.0 到 0
69.788 70.211 64.0 最 0
70.211 70.633 62.0 后 1
71.217 71.639 57.0 能 0
71.639 72.062 57.0 不 0
72.062 72.485 55.0 能 0
72.485 72.907 54.0 不 0
72.907 73.33 64.0 要 0
73.33 73.752 64.0 回 0
73.752 74.175 62.0 头 1
74.587 75.01 62.0 你 0
75.01 75.432 69.0 紧 0
75.432 75.855 66.0 紧 0
75.855 76.277 66.0 地 0
76.277 76.7 66.0 抱 0
76.7 77.122 66.0 住 0
77.122 77.545 64.0 我 1
77.916 78.339 62.0 说 0
78.339 78.762 66.0 你 0
78.762 79.184 66.0 不 0
79.184 79.607 66.0 需 0
79.607 80.029 66.0 要 0
80.029 80.452 64.0 承 0
80.452 80.874 64.0 诺 1
81.294 81.716 64.0 你 0
81.716 82.139 66.0 说 0
82.139 82.561 67.0 我 0
82.561 82.984 69.0 若 0
82.984 83.406 69.0 一 0
83.406 83.829 69.0 个 0
83.829 84.251 69.0 人 0
84.251 84.674 61.0 会 0
84.674 85.097 62.0 比 0
85.097 85.519 64.0 较 0
85.519 85.836 64.0 自 0
85.836 86.364 62.0 - 0
86.364 86.998 62.0 由 0
86.998 87.209 59.0 - 1
87.967 88.39 62.0 我 0
88.39 88.812 64.0 不 0
88.812 89.235 66.0 懂 0
89.235 89.657 66.0 你 0
89.657 90.08 64.0 说 0
90.08 90.503 64.0 什 0
90.503 90.925 64.0 么 1
91.446 91.868 62.0 反 0
91.868 92.291 64.0 正 0
92.291 92.713 66.0 不 0
92.713 93.136 66.0 会 0
93.136 93.558 64.0 - 0
93.558 93.981 64.0 松 0
93.981 94.403 64.0 手 1
94.774 95.196 57.0 我 0
95.196 95.619 57.0 背 0
95.619 96.041 55.0 你 0
96.041 96.464 54.0 走 0
96.464 96.887 64.0 到 0
96.887 97.309 64.0 最 0
97.309 97.732 62.0 后 1
98.263 98.686 57.0 能 0
98.686 99.108 57.0 不 0
99.108 99.531 55.0 能 0
99.531 99.953 54.0 别 0
99.953 100.376 64.0 想 0
100.376 100.798 64.0 太 0
100.798 101.221 62.0 多 1
101.61 102.033 62.0 会 0
102.033 102.456 66.0 不 0
102.456 102.878 66.0 会 0
102.878 103.301 66.0 手 0
103.301 103.723 66.0 牵 0
103.723 104.146 64.0 着 0
104.146 104.568 64.0 手 1
104.927 105.349 62.0 晚 0
105.349 105.772 69.0 一 0
105.772 106.194 66.0 点 0
106.194 106.617 66.0 再 0
106.617 107.039 66.0 到 0
107.039 107.462 66.0 尽 0
107.462 107.884 64.0 头 1
108.425 108.848 64.0 你 0
108.848 109.27 66.0 说 0
109.27 109.693 67.0 不 0
109.693 110.115 69.0 该 0
110.115 110.538 69.0 再 0
110.538 110.96 69.0 相 0
110.96 111.383 61.0 见 0
111.383 111.805 61.0 只 0
111.805 112.228 62.0 为 0
112.228 112.65 64.0 了 0
112.65 113.073 64.0 瞬 0
113.073 113.495 64.0 - 0
113.495 114.34 62.0 间 1
115.104 115.526 62.0 谢 0
115.526 115.949 64.0 谢 0
115.949 116.371 66.0 你 0
116.371 116.794 66.0 让 0
116.794 117.216 64.0 我 0
117.216 117.639 64.0 听 0
117.639 118.061 64.0 见 1
118.383 118.805 62.0 因 0
118.805 119.228 64.0 为 0
119.228 119.65 66.0 我 0
119.65 120.073 66.0 在 0
120.073 120.496 64.0 - 0
120.496 120.918 64.0 等 0
120.918 121.341 62.0 - 0
121.341 122.186 62.0 待 0
122.186 122.608 61.0 永 0
122.608 126.834 62.0 远 1
138.277 138.7 57.0 白 0
138.7 139.122 58.0 色 0
139.122 139.545 60.0 的 0
139.545 139.967 64.0 风 0
139.967 140.39 64.0 车 0
140.39 141.235 65.0 - 1
141.772 142.195 57.0 安 0
142.195 142.617 58.0 静 0
142.617 143.04 60.0 的 0
143.04 143.462 64.0 转 0
143.462 143.885 64.0 着 0
143.885 144.73 65.0 - 1
145.045 145.467 62.0 真 0
145.467 145.89 58.0 实 0
145.89 146.312 58.0 的 0
146.312 146.735 57.0 感 0
146.735 147.157 57.0 觉 0
147.157 148.002 55.0 - 1
148.387 148.809 57.0 梦 0
148.809 149.232 55.0 境 0
149.232 149.654 53.0 般 0
149.654 150.077 60.0 遥 0
150.077 151.345 60.0 远 1
151.901 152.324 57.0 甜 0
152.324 152.746 58.0 甜 0
152.746 153.169 60.0 的 0
153.169 153.591 64.0 海 0
153.591 154.014 64.0 水 0
154.014 154.859 65.0 - 1
155.297 155.72 57.0 复 0
155.72 156.142 58.0 杂 0
156.142 156.565 60.0 的 0
156.565 156.988 64.0 眼 0
156.988 157.41 64.0 泪 0
157.41 158.255 65.0 - 1
158.575 158.997 62.0 看 0
158.997 159.42 58.0 你 0
159.42 159.842 58.0 傻 0
159.842 160.265 57.0 笑 0
160.265 161.955 55.0 着 1
161.965 162.387 57.0 握 0
162.387 162.81 55.0 住 0
162.81 163.233 53.0 我 0
163.233 163.655 60.0 的 0
163.655 164.078 58.0 手 0
164.078 164.5 58.0 - 1
164.913 165.335 65.0 很 0
165.335 165.758 65.0 可 0
165.758 166.18 64.0 惜 0
166.18 166.603 62.0 没 0
166.603 167.025 64.0 有 0
167.025 167.448 62.0 祝 0
167.448 167.87 60.0 福 1
168.359 168.781 60.0 但 0
168.781 169.204 60.0 爱 0
169.204 169.627 65.0 你 0
169.627 170.049 67.0 并 0
170.049 170.472 69.0 不 0
170.472 170.894 65.0 孤 0
170.894 171.317 65.0 独 0
171.317 171.422 62.0 - 1
171.708 172.131 65.0 不 0
172.131 172.553 65.0 会 0
172.553 172.976 64.0 再 0
172.976 173.398 62.0 让 0
173.398 173.821 64.0 你 0
173.821 175.511 64.0 哭 0
175.511 177.201 64.0 - 0
177.201 178.891 69.0 - 1
179.355 179.777 69.0 我 0
179.777 180.2 69.0 背 0
180.2 180.622 67.0 你 0
180.622 180.728 64.0 走 0
180.728 181.045 66.0 到 0
181.045 181.468 64.0 - 0
181.468 181.89 64.0 最 0
181.89 182.313 62.0 后 1
182.729 183.152 69.0 能 0
183.152 183.574 69.0 不 0
183.574 183.997 67.0 能 0
183.997 184.102 64.0 不 0
184.102 184.419 66.0 要 0
184.419 184.842 64.0 - 0
184.842 185.264 64.0 回 0
185.264 185.687 62.0 头 1
186.061 186.484 62.0 你 0
186.484 186.906 69.0 紧 0
186.906 187.329 66.0 紧 0
187.329 187.752 66.0 地 0
187.752 188.174 66.0 抱 0
188.174 188.597 64.0 住 0
188.597 189.019 64.0 我 1
189.473 189.895 62.0 说 0
189.895 190.318 69.0 你 0
190.318 190.74 66.0 不 0
190.74 191.163 66.0 需 0
191.163 191.585 66.0 要 0
191.585 192.008 66.0 承 0
192.008 192.43 64.0 诺 1
192.761 193.184 64.0 你 0
193.184 193.606 66.0 说 0
193.606 194.029 67.0 我 0
194.029 194.451 69.0 若 0
194.451 194.874 69.0 一 0
194.874 195.296 69.0 个 0
195.296 195.719 69.0 人 0
195.719 196.141 61.0 会 0
196.141 196.564 62.0 比 0
196.564 196.986 64.0 较 0
196.986 197.303 64.0 自 0
197.303 197.831 62.0 - 0
197.831 198.465 62.0 由 0
198.465 198.676 59.0 - 1
199.639 200.061 62.0 我 0
200.061 200.484 64.0 不 0
200.484 200.906 66.0 懂 0
200.906 201.329 66.0 你 0
201.329 201.751 64.0 说 0
201.751 202.174 64.0 什 0
202.174 202.596 64.0 么 1
203.0 203.422 62.0 反 0
203.422 203.845 64.0 正 0
203.845 204.267 66.0 不 0
204.267 204.69 64.0 会 0
204.69 205.113 64.0 - 0
205.113 205.535 64.0 松 0
205.535 205.958 64.0 手 1
206.399 206.822 57.0 我 0
206.822 207.244 57.0 背 0
207.244 207.667 55.0 你 0
207.667 208.089 54.0 走 0
208.089 208.512 64.0 到 0
208.512 208.934 64.0 最 0
208.934 209.357 62.0 后 1
209.685 210.108 57.0 能 0
210.108 210.53 57.0 不 0
210.53 210.953 55.0 能 0
210.953 211.376 54.0 别 0
211.376 211.798 64.0 想 0
211.798 212.221 62.0 太 0
212.221 212.643 62.0 多 1
213.197 213.619 62.0 会 0
213.619 214.042 66.0 不 0
214.042 214.464 66.0 会 0
214.464 214.887 66.0 手 0
214.887 215.309 66.0 牵 0
215.309 215.732 66.0 着 0
215.732 216.154 64.0 手 1
216.442 216.864 62.0 晚 0
216.864 217.287 69.0 一 0
217.287 217.71 66.0 点 0
217.71 218.132 66.0 再 0
218.132 218.555 66.0 到 0
218.555 218.977 66.0 尽 0
218.977 219.4 64.0 头 1
219.793 220.216 64.0 你 0
220.216 220.638 66.0 说 0
220.638 221.061 67.0 不 0
221.061 221.483 69.0 该 0
221.483 221.906 69.0 再 0
221.906 222.328 69.0 相 0
222.328 222.751 69.0 见 0
222.751 223.174 61.0 只 0
223.174 223.596 62.0 为 0
223.596 224.019 64.0 了 0
224.019 224.441 64.0 瞬 0
224.441 224.864 62.0 - 0
224.864 225.709 62.0 间 1
226.581 227.003 62.0 谢 0
227.003 227.426 64.0 谢 0
227.426 227.848 66.0 你 0
227.848 228.271 66.0 让 0
228.271 228.693 64.0 我 0
228.693 229.116 63.0 听 0
229.116 229.539 64.0 见 1
229.975 230.398 62.0 因 0
230.398 230.82 64.0 为 0
230.82 231.243 66.0 我 0
231.243 231.665 66.0 在 0
231.665 232.088 64.0 - 0
232.088 232.51 64.0 等 0
232.51 232.933 62.0 - 0
232.933 233.778 62.0 待 0
233.778 234.2 61.0 永 0
234.2 238.426 62.0 远 1
240.196 240.618 62.0 谢 0
240.618 241.041 64.0 谢 0
241.041 241.464 66.0 你 0
241.464 241.886 66.0 让 0
241.886 242.309 64.0 我 0
242.309 242.731 63.0 听 0
242.731 243.154 64.0 见 1
243.62 244.043 62.0 因 0
244.043 244.465 64.0 为 0
244.465 244.888 66.0 我 0
244.888 245.31 66.0 在 0
245.31 245.733 64.0 - 0
245.733 246.155 64.0 等 0
246.155 246.578 62.0 - 0
246.578 247.423 62.0 待 0
247.423 247.846 61.0 永 0
247.846 252.071 62.0 远 1
