25.814 26.182 48.0 看 0
26.182 26.919 50.0 - 0
26.919 27.287 45.0 着 0
27.287 28.023 50.0 天 0
28.023 28.391 53.0 边 0
28.759 29.127 55.0 夕 0
29.127 29.495 57.0 阳 0
29.495 29.863 53.0 西 0
29.863 30.231 55.0 - 0
30.231 30.6 55.0 下 0
30.6 30.968 57.0 - 1
31.702 32.07 60.0 心 0
32.07 32.254 62.0 里 0
32.254 32.438 60.0 的 0
32.438 32.806 57.0 爱 0
32.806 33.174 55.0 意 1
33.338 33.706 53.0 泛 0
33.706 34.074 50.0 起 0
34.074 34.442 53.0 了 0
34.442 34.811 55.0 浪 0
34.811 36.651 57.0 花 1
37.603 37.971 55.0 漫 0
37.971 38.708 57.0 长 0
38.708 39.076 62.0 的 0
39.076 39.444 62.0 午 0
39.444 39.812 60.0 - 0
39.812 40.18 57.0 夜 0
40.18 40.364 57.0 只 0
40.364 40.548 60.0 有 0
40.548 40.916 53.0 钟 0
40.916 41.652 50.0 声 0
41.652 42.021 57.0 滴 0
42.021 42.389 57.0 答 0
42.389 43.125 55.0 - 1
43.501 43.869 55.0 苦 0
43.869 44.237 55.0 苦 0
44.237 44.605 57.0 盼 0
44.605 44.973 60.0 望 0
44.973 45.341 53.0 黎 0
45.341 45.71 53.0 明 0
45.71 46.078 53.0 到 0
46.078 46.446 55.0 来 0
46.446 46.814 50.0 - 0
46.814 48.286 50.0 吧 1
49.49 49.859 48.0 晚 0
49.859 50.595 50.0 - 0
50.595 50.963 45.0 霞 0
50.963 51.331 50.0 抹 0
51.331 51.699 50.0 不 0
51.699 51.883 55.0 去 0
51.883 52.251 57.0 - 0
52.435 52.803 55.0 无 0
52.803 53.171 57.0 尽 0
53.171 53.54 53.0 牵 0
53.54 53.908 55.0 - 0
53.908 54.276 55.0 挂 0
54.276 55.012 57.0 - 1
55.303 55.671 60.0 心 0
55.671 56.039 62.0 里 0
56.039 56.407 57.0 埋 0
56.407 56.591 55.0 藏 0
56.591 56.775 55.0 我 0
56.775 57.144 53.0 多 0
57.144 57.512 50.0 少 0
57.512 57.88 53.0 知 0
57.88 58.248 55.0 心 0
58.248 60.088 57.0 话 1
61.141 61.509 55.0 往 0
61.509 62.245 57.0 日 0
62.245 62.613 62.0 的 0
62.613 62.981 62.0 甜 0
62.981 63.349 60.0 - 0
63.349 64.085 57.0 蜜 0
64.085 64.454 53.0 浮 0
64.454 64.822 50.0 现 0
64.822 65.19 53.0 眼 0
65.19 65.558 55.0 前 0
65.558 65.926 57.0 啊 0
65.926 66.662 55.0 - 1
67.083 67.451 55.0 梦 0
67.451 67.819 55.0 里 0
67.819 68.187 57.0 你 0
68.187 68.556 60.0 又 0
68.556 68.924 53.0 笑 0
68.924 69.292 53.0 如 0
69.292 69.66 50.0 桃 0
69.66 70.028 55.0 - 0
70.028 71.868 50.0 花 1
73.03 73.398 60.0 远 0
73.398 74.134 62.0 方 0
74.134 74.502 60.0 的 0
74.502 74.87 62.0 你 0
74.87 75.238 60.0 - 0
75.238 75.606 57.0 啊 0
75.975 76.343 57.0 可 0
76.343 76.711 57.0 在 0
76.711 77.079 55.0 想 0
77.079 77.447 53.0 我 0
77.447 77.815 55.0 吗 0
77.815 78.551 57.0 - 1
78.611 78.795 50.0 我 0
78.795 78.979 60.0 想 0
78.979 79.347 62.0 - 0
79.347 79.532 60.0 你 0
79.532 79.9 60.0 念 0
79.9 80.268 60.0 你 0
80.268 80.636 58.0 无 0
80.636 81.188 50.0 法 0
81.372 81.74 55.0 自 0
81.74 83.581 55.0 拔 1
84.802 85.17 55.0 梦 0
85.17 85.538 55.0 里 0
85.538 85.906 55.0 - 0
85.906 86.274 53.0 是 0
86.274 86.642 53.0 你 0
86.642 87.379 55.0 - 1
87.677 88.045 50.0 梦 0
88.045 88.413 50.0 外 0
88.413 88.781 50.0 - 0
88.781 89.149 48.0 是 0
89.149 89.517 48.0 你 0
89.517 90.253 45.0 - 1
90.745 91.114 45.0 时 0
91.114 91.482 55.0 时 0
91.482 91.85 55.0 刻 0
91.85 92.218 57.0 刻 0
92.218 92.586 53.0 放 0
92.954 93.322 50.0 不 0
93.322 93.69 50.0 - 0
93.69 95.899 50.0 下 1
96.549 96.917 62.0 此 0
96.917 97.653 62.0 时 0
97.653 98.021 60.0 的 0
98.021 98.39 62.0 你 0
98.39 98.758 60.0 - 0
98.758 99.126 57.0 啊 1
99.565 99.933 57.0 也 0
99.933 100.301 57.0 在 0
100.301 100.669 55.0 想 0
100.669 101.037 53.0 我 0
101.037 102.142 57.0 吗 1
102.172 102.356 50.0 我 0
102.356 102.908 62.0 为 0
102.908 103.092 60.0 你 0
103.092 103.46 62.0 魂 0
103.46 103.828 60.0 儿 0
103.828 104.196 57.0 飞 0
104.196 104.748 50.0 到 0
104.932 105.3 55.0 天 0
105.3 107.141 55.0 涯 1
108.343 108.711 55.0 想 0
108.711 109.079 55.0 你 0
109.079 109.447 55.0 难 0
109.447 109.816 53.0 入 0
109.816 110.184 53.0 眠 0
110.184 110.92 55.0 - 1
111.362 111.73 50.0 念 0
111.73 112.098 50.0 你 0
112.098 112.466 50.0 含 0
112.466 112.834 48.0 泪 0
112.834 113.202 48.0 花 0
113.202 113.939 45.0 - 1
114.3 114.668 45.0 何 0
114.668 115.036 55.0 时 0
115.036 115.404 55.0 了 0
115.404 115.772 57.0 却 0
115.772 116.14 53.0 这 0
116.508 116.876 50.0 牵 0
116.876 117.245 48.0 - 0
117.245 119.085 50.0 挂 1
143.651 144.019 48.0 看 0
144.019 144.755 50.0 - 0
144.755 145.123 45.0 着 0
145.123 145.859 50.0 天 0
145.859 146.227 53.0 边 0
146.595 146.963 55.0 夕 0
146.963 147.332 57.0 阳 0
147.332 147.7 53.0 西 0
147.7 148.068 55.0 - 0
148.068 148.436 55.0 下 0
148.436 148.804 57.0 - 1
149.608 149.976 62.0 心 0
149.976 150.16 62.0 里 0
150.16 150.344 60.0 的 0
150.344 150.712 57.0 爱 0
150.712 151.081 55.0 意 1
151.096 151.464 53.0 泛 0
151.464 151.832 50.0 起 0
151.832 152.2 53.0 了 0
152.2 152.568 55.0 浪 0
152.568 154.408 57.0 花 1
155.539 155.907 57.0 漫 0
155.907 156.643 57.0 长 0
156.643 157.011 62.0 的 0
157.011 157.379 62.0 午 0
157.379 157.747 60.0 - 0
157.747 158.115 57.0 夜 0
158.115 158.299 57.0 只 0
158.299 158.483 60.0 有 0
158.483 158.852 53.0 钟 0
158.852 159.588 50.0 声 0
159.588 159.956 55.0 滴 0
159.956 160.324 57.0 答 0
160.324 161.06 55.0 - 1
161.291 161.659 55.0 苦 0
161.659 162.027 55.0 苦 0
162.027 162.396 57.0 盼 0
162.396 162.764 60.0 望 0
162.764 163.132 53.0 黎 0
163.132 163.5 53.0 明 0
163.5 163.868 53.0 到 0
163.868 164.236 55.0 来 0
164.236 164.604 50.0 - 0
164.604 166.077 50.0 吧 1
167.241 167.609 48.0 晚 0
167.609 168.345 50.0 - 0
168.345 168.713 45.0 霞 0
168.713 169.081 50.0 抹 0
169.081 169.449 50.0 不 0
169.449 170.002 57.0 去 0
170.186 170.554 55.0 无 0
170.554 170.922 57.0 尽 0
170.922 171.29 53.0 牵 0
171.29 171.658 55.0 - 0
171.658 172.026 55.0 挂 0
172.026 172.762 57.0 - 1
173.209 173.578 62.0 心 0
173.578 173.946 62.0 里 0
173.946 174.314 57.0 埋 0
174.314 174.498 55.0 藏 0
174.498 174.682 55.0 我 0
174.682 175.05 53.0 多 0
175.05 175.418 50.0 少 0
175.418 175.786 53.0 知 0
175.786 176.154 55.0 心 0
176.154 177.995 57.0 话 1
178.982 179.35 55.0 往 0
179.35 180.086 57.0 日 0
180.086 180.454 62.0 的 0
180.454 180.822 62.0 甜 0
180.822 181.191 60.0 - 0
181.191 181.927 57.0 蜜 0
181.927 182.295 53.0 浮 0
182.295 182.663 50.0 现 0
182.663 183.031 53.0 眼 0
183.031 183.399 55.0 前 0
183.399 183.767 57.0 啊 0
183.767 184.503 55.0 - 1
184.935 185.303 55.0 梦 0
185.303 185.671 55.0 里 0
185.671 186.039 57.0 你 0
186.039 186.407 60.0 又 0
186.407 186.775 53.0 笑 0
186.775 187.143 53.0 如 0
187.143 187.511 50.0 桃 0
187.511 187.879 55.0 - 0
187.879 189.72 50.0 花 1
190.867 191.235 60.0 远 0
191.235 191.971 62.0 方 0
191.971 192.34 60.0 的 0
192.34 192.708 62.0 你 0
192.708 193.076 60.0 - 0
193.076 193.444 57.0 啊 0
193.812 194.18 57.0 可 0
194.18 194.548 57.0 在 0
194.548 194.916 55.0 想 0
194.916 195.284 53.0 我 0
195.284 195.652 55.0 吗 0
195.652 196.389 57.0 - 1
196.46 196.644 50.0 我 0
196.644 197.196 62.0 想 0
197.196 197.38 60.0 你 0
197.38 197.748 62.0 念 0
197.748 198.116 60.0 你 0
198.116 198.484 58.0 无 0
198.484 199.036 50.0 法 0
199.22 199.588 55.0 自 0
199.588 201.429 55.0 拔 1
202.635 203.003 55.0 梦 0
203.003 203.371 55.0 里 0
203.371 203.74 55.0 - 0
203.74 204.108 53.0 是 0
204.108 204.476 53.0 你 0
204.476 205.212 55.0 - 1
205.571 205.939 50.0 梦 0
205.939 206.307 50.0 外 0
206.307 206.675 50.0 - 0
206.675 207.043 48.0 是 0
207.043 207.412 48.0 你 0
207.412 208.148 45.0 - 1
208.406 208.774 45.0 时 0
208.774 209.142 55.0 时 0
209.142 209.51 55.0 刻 0
209.51 209.878 57.0 刻 0
209.878 210.246 53.0 放 0
210.614 210.983 53.0 不 0
210.983 211.351 50.0 - 0
211.351 213.559 50.0 下 1
214.406 214.774 62.0 此 0
214.774 215.511 62.0 时 0
215.511 215.879 60.0 的 0
215.879 216.247 60.0 你 0
216.247 216.615 60.0 - 0
216.615 216.983 57.0 啊 1
217.199 217.567 57.0 也 0
217.567 217.935 57.0 在 0
217.935 218.303 55.0 想 0
218.303 218.672 53.0 我 0
218.672 219.776 57.0 吗 1
220.151 220.335 50.0 我 0
220.335 220.887 62.0 为 0
220.887 221.071 60.0 你 0
221.071 221.439 60.0 魂 0
221.439 221.807 60.0 儿 0
221.807 222.175 57.0 飞 0
222.175 222.728 50.0 到 0
222.912 223.28 55.0 天 0
223.28 225.12 55.0 涯 1
226.058 226.426 55.0 想 0
226.426 226.794 55.0 你 0
226.794 227.162 55.0 难 0
227.162 227.53 53.0 入 0
227.53 227.898 53.0 眠 0
227.898 228.634 55.0 - 1
228.999 229.367 50.0 念 0
229.367 229.736 53.0 你 0
229.736 230.104 50.0 含 0
230.104 230.472 48.0 泪 0
230.472 230.84 48.0 花 0
230.84 231.576 45.0 - 1
231.937 232.305 45.0 何 0
232.305 232.673 55.0 时 0
232.673 233.041 55.0 了 0
233.041 233.409 57.0 却 0
233.409 233.778 53.0 这 0
234.146 234.514 50.0 牵 0
234.514 234.882 50.0 - 0
234.882 236.722 50.0 挂 1
