23.633 23.942 59.0 明 0
23.942 24.251 59.0 天 0
24.251 24.561 59.0 你 0
24.561 24.87 59.0 是 0
24.87 25.18 56.0 否 0
25.18 25.489 57.0 会 0
25.489 26.386 59.0 想 0
26.386 26.984 63.0 起 1
27.438 27.748 61.0 昨 0
27.748 28.059 61.0 天 0
28.059 28.369 61.0 你 0
28.369 28.679 61.0 写 0
28.679 28.99 57.0 的 0
28.99 29.3 61.0 日 0
29.3 29.907 59.0 记 1
31.079 31.383 59.0 明 0
31.383 31.687 59.0 天 0
31.687 31.99 59.0 你 0
31.99 32.294 59.0 是 0
32.294 32.597 63.0 否 0
32.597 32.901 61.0 还 0
32.901 33.506 59.0 惦 0
33.506 33.808 57.0 - 0
33.808 34.11 57.0 记 1
34.767 35.067 57.0 曾 0
35.067 35.368 57.0 经 0
35.368 35.668 57.0 最 0
35.668 35.968 57.0 爱 0
35.968 36.268 56.0 哭 0
36.268 36.568 54.0 的 0
36.568 37.173 52.0 你 1
38.329 38.632 59.0 老 0
38.632 38.936 59.0 师 0
38.936 39.24 59.0 们 0
39.24 39.543 59.0 都 0
39.543 39.847 56.0 已 0
39.847 40.15 57.0 想 0
40.15 41.077 59.0 不 0
41.077 41.541 63.0 起 1
41.89 42.185 61.0 猜 0
42.185 42.481 61.0 不 0
42.481 42.776 61.0 出 0
42.776 43.071 61.0 问 0
43.071 43.367 57.0 题 0
43.367 43.662 61.0 的 0
43.662 44.288 59.0 你 1
45.671 45.965 59.0 我 0
45.965 46.259 59.0 也 0
46.259 46.553 59.0 是 0
46.553 46.847 59.0 偶 0
46.847 47.141 63.0 然 0
47.141 47.435 61.0 翻 0
47.435 48.077 59.0 相 0
48.077 48.398 57.0 - 0
48.398 49.04 57.0 片 1
49.323 49.619 57.0 才 0
49.619 49.915 57.0 想 0
49.915 50.211 57.0 起 0
50.211 50.508 57.0 同 0
50.508 50.804 56.0 桌 0
50.804 51.1 54.0 的 0
51.1 51.692 52.0 你 1
52.78 53.099 64.0 谁 0
53.099 53.418 64.0 娶 0
53.418 53.737 64.0 了 0
53.737 54.055 64.0 多 0
54.055 54.374 59.0 愁 0
54.374 54.693 61.0 善 0
54.693 55.289 64.0 感 0
55.289 55.587 64.0 的 0
55.587 56.183 68.0 你 1
56.559 56.863 66.0 谁 0
56.863 57.167 66.0 看 0
57.167 57.47 66.0 了 0
57.47 57.774 66.0 你 0
57.774 58.077 64.0 的 0
58.077 58.381 63.0 日 0
58.381 58.998 61.0 记 1
60.225 60.534 63.0 谁 0
60.534 60.842 63.0 把 0
60.842 61.151 63.0 你 0
61.151 61.459 63.0 的 0
61.459 61.768 63.0 长 0
61.768 62.076 64.0 发 0
62.076 62.683 66.0 盘 0
62.683 62.987 59.0 - 0
62.987 63.594 59.0 起 1
63.963 64.266 63.0 谁 0
64.266 64.57 63.0 给 0
64.57 64.873 64.0 你 0
64.873 65.177 66.0 做 0
65.177 65.48 64.0 的 0
65.48 65.784 63.0 嫁 0
65.784 66.695 64.0 衣 1
82.193 82.497 59.0 你 0
82.497 82.802 59.0 从 0
82.802 83.106 59.0 前 0
83.106 83.411 59.0 总 0
83.411 83.715 56.0 是 0
83.715 84.019 57.0 很 0
84.019 84.933 59.0 小 0
84.933 85.237 63.0 心 1
85.824 86.128 61.0 问 0
86.128 86.431 61.0 我 0
86.431 86.735 61.0 借 0
86.735 87.038 61.0 半 0
87.038 87.342 57.0 块 0
87.342 87.645 61.0 橡 0
87.645 88.255 59.0 皮 1
89.536 89.841 59.0 你 0
89.841 90.145 59.0 也 0
90.145 90.45 59.0 曾 0
90.45 90.755 59.0 无 0
90.755 91.06 63.0 意 0
91.06 91.365 61.0 中 0
91.365 91.974 59.0 说 0
91.974 92.279 57.0 - 0
92.279 92.736 57.0 起 1
93.19 93.498 57.0 喜 0
93.498 93.806 57.0 欢 0
93.806 94.114 57.0 和 0
94.114 94.422 57.0 我 0
94.422 94.73 56.0 在 0
94.73 95.038 54.0 一 0
95.038 95.645 52.0 起 1
96.78 97.084 59.0 那 0
97.084 97.387 59.0 时 0
97.387 97.691 59.0 候 0
97.691 97.994 59.0 天 0
97.994 98.298 56.0 总 0
98.298 98.601 57.0 是 0
98.601 99.512 59.0 很 0
99.512 100.119 63.0 蓝 1
100.516 100.821 61.0 日 0
100.821 101.125 61.0 子 0
101.125 101.43 61.0 总 0
101.43 101.734 61.0 过 0
101.734 102.038 57.0 得 0
102.038 102.343 61.0 太 0
102.343 102.952 59.0 慢 1
104.172 104.476 59.0 你 0
104.476 104.78 59.0 总 0
104.78 105.085 59.0 说 0
105.085 105.389 59.0 毕 0
105.389 105.694 63.0 业 0
105.694 105.998 61.0 遥 0
105.998 106.303 59.0 遥 0
106.303 106.607 57.0 - 0
106.607 106.912 57.0 无 0
106.912 107.216 57.0 期 1
107.803 108.107 57.0 转 0
108.107 108.412 57.0 眼 0
108.412 108.716 57.0 就 0
108.716 109.021 57.0 各 0
109.021 109.325 56.0 奔 0
109.325 109.63 54.0 东 0
109.63 110.221 52.0 西 1
111.376 111.685 64.0 谁 0
111.685 111.994 64.0 遇 0
111.994 112.303 64.0 到 0
112.303 112.612 64.0 多 0
112.612 112.921 59.0 愁 0
112.921 113.231 61.0 善 0
113.231 113.849 64.0 感 0
113.849 114.158 64.0 的 0
114.158 114.776 68.0 你 1
114.998 115.307 66.0 谁 0
115.307 115.616 66.0 安 0
115.616 115.925 66.0 慰 0
115.925 116.234 66.0 爱 0
116.234 116.543 64.0 哭 0
116.543 116.853 63.0 的 0
116.853 117.454 61.0 你 1
118.735 119.036 63.0 谁 0
119.036 119.336 63.0 看 0
119.336 119.637 63.0 了 0
119.637 119.938 63.0 我 0
119.938 120.238 63.0 给 0
120.238 120.539 64.0 你 0
120.539 121.146 66.0 写 0
121.146 121.449 66.0 的 0
121.449 122.057 59.0 信 1
122.38 122.689 63.0 谁 0
122.689 122.997 63.0 把 0
122.997 123.305 64.0 他 0
123.305 123.614 66.0 丢 0
123.614 124.076 64.0 在 0
124.076 124.383 63.0 风 0
124.383 126.056 64.0 里 1
138.894 139.199 59.0 从 0
139.199 139.505 59.0 前 0
139.505 139.81 59.0 的 0
139.81 140.115 59.0 日 0
140.115 140.421 56.0 子 0
140.421 140.726 57.0 都 0
140.726 141.642 59.0 远 0
141.642 142.176 63.0 去 1
142.408 142.713 61.0 我 0
142.713 143.018 61.0 也 0
143.018 143.322 61.0 将 0
143.322 143.627 61.0 有 0
143.627 143.932 57.0 我 0
143.932 144.54 61.0 的 0
144.54 144.844 59.0 她 1
146.129 146.433 59.0 我 0
146.433 146.736 59.0 也 0
146.736 147.04 59.0 会 0
147.04 147.343 59.0 给 0
147.343 147.647 63.0 她 0
147.647 147.95 61.0 看 0
147.95 148.558 59.0 相 0
148.558 148.862 57.0 - 0
148.862 149.47 57.0 片 1
149.795 150.099 57.0 给 0
150.099 150.403 57.0 她 0
150.403 150.706 57.0 讲 0
150.706 151.01 57.0 同 0
151.01 151.313 56.0 桌 0
151.313 151.617 54.0 的 0
151.617 152.231 52.0 你 1
153.454 153.758 64.0 谁 0
153.758 154.061 64.0 娶 0
154.061 154.365 64.0 了 0
154.365 154.668 64.0 多 0
154.668 154.972 59.0 愁 0
154.972 155.275 61.0 善 0
155.275 155.882 64.0 感 0
155.882 156.186 64.0 的 0
156.186 156.793 68.0 你 1
157.153 157.457 66.0 谁 0
157.457 157.76 66.0 安 0
157.76 158.064 66.0 慰 0
158.064 158.367 66.0 爱 0
158.367 158.671 64.0 哭 0
158.671 158.974 63.0 的 0
158.974 159.586 61.0 你 1
160.795 161.102 63.0 谁 0
161.102 161.41 63.0 把 0
161.41 161.718 63.0 你 0
161.718 162.025 63.0 的 0
162.025 162.333 63.0 长 0
162.333 162.641 64.0 发 0
162.641 163.552 66.0 盘 0
163.552 164.159 59.0 起 1
164.429 164.733 63.0 谁 0
164.733 165.036 63.0 给 0
165.036 165.34 64.0 你 0
165.34 165.795 66.0 做 0
165.795 166.25 64.0 的 0
166.25 166.554 63.0 嫁 0
166.554 167.768 64.0 衣 1
168.084 169.298 64.0 啦 0
169.298 170.513 64.0 - 0
170.513 171.12 68.0 - 0
171.728 172.659 66.0 啦 0
172.659 173.59 63.0 - 0
173.59 174.197 61.0 - 1
175.305 176.216 63.0 啦 0
176.216 177.733 66.0 - 0
177.733 178.34 66.0 - 0
178.947 179.874 63.0 啦 0
179.874 180.801 66.0 - 0
180.801 181.403 64.0 - 1
182.626 183.83 64.0 啦 0
183.83 185.039 64.0 - 0
185.039 185.95 68.0 - 0
186.254 187.168 66.0 啦 0
187.168 188.083 66.0 - 0
188.083 188.692 61.0 - 1
189.919 191.134 63.0 啦 0
191.134 192.357 66.0 - 0
192.357 193.281 59.0 - 0
193.59 195.746 64.0 啦 0
197.542 199.066 64.0 - 1
200.921 201.817 61.0 嗒 0
201.817 203.028 59.0 - 1
