38.34 38.639 67.0 为 0
38.639 38.938 65.0 - 0
38.938 39.535 67.0 救 0
39.535 39.834 70.0 李 0
39.834 40.133 70.0 郎 0
40.133 40.432 67.0 - 0
40.432 40.73 65.0 - 0
40.73 41.178 62.0 离 0
41.178 41.627 67.0 - 0
41.627 41.925 65.0 家 0
41.925 42.373 67.0 园 0
42.373 42.822 67.0 - 0
42.822 43.12 65.0 - 1
43.147 43.446 62.0 谁 0
43.446 43.745 60.0 - 0
43.745 44.044 62.0 料 0
44.044 44.342 65.0 - 0
44.342 44.641 70.0 皇 0
44.641 44.94 70.0 榜 0
44.94 45.238 67.0 - 0
45.238 45.534 65.0 - 0
45.534 45.984 58.0 中 0
45.985 46.135 60.0 - 0
46.135 46.433 65.0 状 0
46.433 46.732 62.0 - 0
46.732 47.33 62.0 元 0
47.33 47.927 60.0 - 1
52.738 53.037 67.0 中 0
53.037 53.336 65.0 状 0
53.336 53.634 67.0 元 0
53.634 53.933 70.0 - 0
53.933 54.232 70.0 着 0
54.232 54.531 67.0 红 0
54.531 54.829 65.0 袍 0
54.829 55.128 62.0 - 1
55.134 55.582 62.0 帽 0
55.582 55.732 65.0 插 0
55.732 56.03 67.0 宫 0
56.03 56.329 65.0 花 0
56.329 56.628 65.0 好 0
56.628 56.927 62.0 - 0
56.927 57.524 60.0 啊 0
57.823 58.118 62.0 - 0
58.118 58.42 65.0 好 0
58.42 58.719 60.0 新 0
58.719 59.018 65.0 鲜 0
59.018 59.317 65.0 - 0
59.317 59.914 65.0 那 0
59.914 61.109 58.0 - 1
63.357 63.656 67.0 我 0
63.656 63.954 65.0 也 0
63.954 64.552 67.0 曾 0
64.552 64.851 70.0 赴 0
64.851 65.149 70.0 过 0
65.149 65.448 67.0 - 0
65.448 65.743 65.0 - 0
65.743 66.195 62.0 琼 0
66.195 66.643 67.0 - 0
66.643 66.942 65.0 林 0
66.942 67.39 67.0 宴 0
67.39 67.838 67.0 - 0
67.838 68.137 65.0 - 1
68.153 68.452 62.0 我 0
68.452 68.75 60.0 也 0
68.75 69.049 62.0 曾 0
69.049 69.348 65.0 - 0
69.348 69.647 70.0 打 0
69.647 69.945 70.0 马 0
69.945 70.244 67.0 - 0
70.244 70.543 65.0 - 0
70.543 70.991 58.0 御 0
70.991 71.14 60.0 - 0
71.14 71.439 65.0 街 0
71.439 71.738 62.0 - 0
71.738 72.335 62.0 前 0
72.335 72.933 60.0 - 1
77.823 78.121 67.0 人 0
78.121 78.42 65.0 人 0
78.42 78.719 67.0 夸 0
78.719 79.018 70.0 我 0
79.018 79.316 70.0 潘 0
79.316 79.615 67.0 安 0
79.615 79.914 65.0 貌 0
79.914 80.213 62.0 - 1
80.236 80.684 62.0 原 0
80.684 80.833 65.0 来 0
80.833 81.132 67.0 纱 0
81.132 81.431 65.0 帽 0
81.431 81.729 65.0 罩 0
81.729 82.028 62.0 - 0
82.028 82.626 62.0 啊 0
82.924 83.223 62.0 - 0
83.223 83.522 65.0 罩 0
83.522 83.821 60.0 婵 0
83.821 84.119 65.0 娟 0
84.119 84.418 67.0 - 0
84.418 85.016 65.0 那 0
85.016 86.211 58.0 - 1
95.759 96.058 67.0 我 0
96.058 96.357 65.0 - 0
96.357 96.954 67.0 考 0
96.954 97.253 70.0 状 0
97.253 97.552 70.0 元 0
97.552 97.851 67.0 不 0
97.851 98.149 65.0 为 0
98.149 98.598 62.0 把 0
98.598 99.046 67.0 - 0
99.046 99.344 65.0 名 0
99.344 99.793 67.0 显 0
99.793 100.241 67.0 - 0
100.241 100.539 65.0 - 1
100.544 100.843 62.0 我 0
100.843 101.142 60.0 考 0
101.142 101.441 62.0 状 0
101.441 101.739 65.0 元 0
101.739 102.038 70.0 不 0
102.038 102.337 70.0 为 0
102.337 102.636 67.0 - 0
102.636 102.931 65.0 - 0
102.931 103.381 58.0 做 0
103.382 103.532 60.0 - 0
103.532 103.831 65.0 高 0
103.831 104.129 62.0 - 0
104.129 104.727 62.0 官 0
104.727 105.324 60.0 - 1
109.945 110.244 67.0 为 0
110.244 110.543 65.0 了 0
110.543 110.842 67.0 多 0
110.842 110.991 70.0 情 0
110.991 111.14 70.0 的 0
111.14 111.439 70.0 李 0
111.439 111.738 65.0 公 0
111.738 112.036 65.0 子 0
112.036 112.335 62.0 - 1
112.463 112.911 62.0 夫 0
112.911 113.061 65.0 妻 0
113.061 113.359 67.0 恩 0
113.359 113.658 65.0 爱 0
113.658 113.957 65.0 花 0
113.957 114.256 62.0 - 0
114.256 114.853 60.0 好 0
115.152 115.451 62.0 - 0
115.451 115.749 65.0 月 0
115.749 116.048 60.0 儿 0
116.048 116.347 65.0 圆 0
116.347 116.646 65.0 - 0
116.646 117.243 65.0 那 0
117.243 118.438 58.0 - 1
120.696 120.995 67.0 我 0
120.995 121.294 65.0 - 0
121.294 121.891 67.0 考 0
121.891 122.19 70.0 状 0
122.19 122.489 70.0 元 0
122.489 122.787 67.0 不 0
122.787 123.086 65.0 为 0
123.086 123.534 62.0 把 0
123.534 123.982 67.0 - 0
123.982 124.281 65.0 名 0
124.281 124.729 67.0 显 0
124.729 125.177 67.0 - 0
125.177 125.476 65.0 - 1
125.561 125.86 62.0 我 0
125.86 126.159 60.0 考 0
126.159 126.457 62.0 状 0
126.457 126.756 65.0 元 0
126.756 127.055 70.0 不 0
127.055 127.354 70.0 为 0
127.354 127.652 67.0 - 0
127.652 127.947 65.0 - 0
127.947 128.399 58.0 做 0
128.399 128.548 60.0 - 0
128.548 128.847 65.0 高 0
128.847 129.146 62.0 - 0
129.146 129.743 62.0 官 0
129.743 130.341 60.0 - 1
135.085 135.384 67.0 为 0
135.384 135.682 65.0 了 0
135.682 135.981 67.0 多 0
135.981 136.13 70.0 情 0
136.13 136.28 70.0 的 0
136.28 136.579 70.0 李 0
136.579 136.877 65.0 公 0
136.877 137.176 65.0 子 0
137.176 137.475 62.0 - 1
137.528 137.976 62.0 夫 0
137.976 138.125 65.0 妻 0
138.125 138.424 67.0 恩 0
138.424 138.723 65.0 爱 0
138.723 139.022 65.0 花 0
139.022 139.32 62.0 - 0
139.32 139.918 62.0 好 0
140.217 140.515 62.0 - 0
140.515 140.814 65.0 月 0
140.814 141.113 60.0 儿 0
141.113 141.412 65.0 圆 0
141.412 141.71 67.0 - 0
141.71 142.308 65.0 那 0
142.308 143.503 58.0 - 1
