21.467 22.02 59.0 总 0
22.02 22.556 58.0 是 0
22.824 23.092 58.0 忍 0
23.092 23.359 58.0 不 0
23.359 23.627 59.0 住 0
23.627 23.895 61.0 寂 0
23.895 24.698 61.0 寞 0
24.698 24.966 56.0 掉 0
24.966 25.502 56.0 下 0
25.502 26.037 61.0 眼 0
26.037 26.707 59.0 泪 1
27.301 27.568 59.0 你 0
27.568 27.836 59.0 才 0
27.836 28.104 61.0 会 0
28.104 28.372 59.0 给 0
28.372 28.64 59.0 安 0
28.64 28.908 58.0 - 0
28.908 29.711 58.0 慰 1
30.232 30.767 54.0 担 0
30.767 31.571 63.0 心 0
31.571 31.838 63.0 短 0
31.838 32.106 63.0 暂 0
32.106 32.374 61.0 的 0
32.374 32.642 59.0 晴 0
32.642 33.445 61.0 天 0
33.445 33.713 61.0 随 0
33.713 34.249 54.0 时 0
34.249 34.65 56.0 都 0
34.65 34.918 58.0 可 0
34.918 35.588 59.0 能 1
35.998 36.4 59.0 被 0
36.4 36.802 61.0 阴 0
36.802 37.07 59.0 霾 0
37.07 37.605 58.0 收 0
37.605 38.409 56.0 回 1
38.791 39.327 59.0 等 0
39.327 39.863 58.0 待 0
40.131 40.398 58.0 有 0
40.398 40.666 58.0 机 0
40.666 40.934 59.0 会 0
40.934 41.202 61.0 最 0
41.202 42.005 61.0 坏 0
42.005 42.273 56.0 也 0
42.273 42.809 56.0 最 0
42.809 43.344 61.0 甜 0
43.344 44.014 59.0 美 1
44.306 44.574 59.0 我 0
44.574 44.842 59.0 乐 0
44.842 45.11 61.0 观 0
45.11 45.378 59.0 却 0
45.378 45.646 59.0 疲 0
45.646 45.913 58.0 - 0
45.913 46.717 58.0 惫 1
47.204 47.74 54.0 因 0
47.74 48.543 63.0 为 0
48.543 48.811 63.0 太 0
48.811 49.079 63.0 怕 0
49.079 49.347 61.0 失 0
49.347 49.615 59.0 去 0
49.615 50.15 61.0 你 1
50.153 50.421 63.0 所 0
50.421 50.689 65.0 以 0
50.689 51.225 66.0 连 0
51.225 51.492 68.0 快 0
51.492 51.76 70.0 乐 0
51.76 52.028 70.0 里 0
52.028 52.564 71.0 - 1
52.958 53.226 71.0 都 0
53.226 53.561 71.0 装 0
53.561 53.896 70.0 满 0
53.896 54.297 66.0 伤 0
54.297 56.44 68.0 悲 1
56.906 57.441 61.0 你 0
57.441 57.977 71.0 不 0
57.977 58.245 70.0 曾 0
58.245 58.78 70.0 发 0
58.78 59.316 61.0 觉 1
59.444 59.712 61.0 你 0
59.712 59.979 61.0 总 0
59.979 60.247 58.0 是 0
60.247 60.515 61.0 用 0
60.515 61.051 68.0 右 0
61.051 61.586 66.0 手 0
61.586 61.854 70.0 牵 0
61.854 62.122 71.0 - 0
62.122 62.39 70.0 - 0
62.39 62.658 70.0 着 0
62.658 63.193 70.0 我 1
63.376 63.644 61.0 但 0
63.644 64.179 61.0 是 0
64.179 64.447 58.0 心 0
64.447 64.715 61.0 却 0
64.715 65.251 68.0 跳 0
65.251 65.786 66.0 动 0
65.786 66.322 66.0 在 0
66.322 66.857 61.0 左 0
66.857 67.661 63.0 边 1
68.0 68.268 63.0 你 0
68.268 68.535 63.0 和 0
68.535 68.803 65.0 我 0
68.803 69.071 66.0 之 0
69.071 69.607 68.0 间 0
69.607 69.874 61.0 的 0
69.874 70.142 68.0 遥 0
70.142 70.41 66.0 远 1
70.589 70.857 66.0 永 0
70.857 71.124 68.0 远 0
71.124 71.392 70.0 隔 0
71.392 71.928 70.0 着 0
71.928 72.196 68.0 亲 0
72.196 72.731 68.0 切 1
72.782 73.318 66.0 爱 0
73.318 73.854 70.0 少 0
73.854 74.121 71.0 的 0
74.121 74.389 70.0 可 0
74.389 74.925 68.0 怜 1
75.137 75.672 71.0 伸 0
75.672 76.208 70.0 出 0
76.208 76.476 61.0 右 0
76.476 77.011 61.0 手 1
77.084 77.352 58.0 想 0
77.352 77.62 61.0 陪 0
77.62 77.888 66.0 着 0
77.888 78.155 68.0 - 0
78.155 78.691 66.0 你 0
78.691 78.959 70.0 向 0
78.959 79.227 71.0 - 0
79.227 79.495 70.0 - 0
79.495 79.762 70.0 前 0
79.762 80.298 70.0 走 1
80.589 80.857 61.0 感 0
80.857 81.392 61.0 受 0
81.392 81.66 58.0 你 0
81.66 81.928 61.0 爱 0
81.928 82.463 68.0 我 0
82.463 82.731 66.0 的 0
82.731 82.999 66.0 心 0
82.999 83.267 66.0 跳 0
83.267 83.802 66.0 在 0
83.802 84.07 61.0 左 0
84.07 84.874 63.0 边 1
85.016 85.283 63.0 那 0
85.283 85.551 63.0 么 0
85.551 85.819 65.0 深 0
85.819 86.087 66.0 深 0
86.087 86.355 68.0 爱 0
86.355 86.622 61.0 - 0
86.622 87.158 61.0 你 0
87.158 87.694 71.0 的 0
87.694 88.229 70.0 我 1
88.249 88.517 70.0 相 0
88.517 89.053 68.0 信 0
89.053 90.66 63.0 你 1
91.688 92.223 66.0 会 0
92.223 92.759 65.0 了 0
92.759 95.169 66.0 解 1
115.888 116.423 59.0 总 0
116.423 116.959 58.0 在 0
117.227 117.494 58.0 埋 0
117.494 117.762 58.0 怨 0
117.762 118.03 59.0 过 0
118.03 118.298 61.0 你 0
118.298 119.101 61.0 的 0
119.101 119.369 56.0 冷 0
119.369 119.905 56.0 漠 0
119.905 120.44 61.0 之 0
120.44 121.11 59.0 后 1
121.482 121.749 59.0 又 0
121.749 122.017 59.0 急 0
122.017 122.285 61.0 着 0
122.285 122.553 59.0 说 0
122.553 122.821 59.0 抱 0
122.821 123.088 58.0 - 0
123.088 123.892 58.0 歉 1
124.415 124.95 54.0 彷 0
124.95 125.754 63.0 佛 0
125.754 126.021 63.0 向 0
126.021 126.289 63.0 疏 0
126.289 126.557 61.0 远 0
126.557 126.825 59.0 的 0
126.825 127.36 61.0 你 1
127.398 127.666 61.0 乞 0
127.666 127.934 61.0 求 0
127.934 128.47 54.0 一 0
128.47 128.737 56.0 点 0
128.737 129.005 58.0 体 0
129.005 129.809 59.0 贴 1
130.358 130.76 59.0 都 0
130.76 131.162 61.0 是 0
131.162 131.43 59.0 我 0
131.43 131.965 58.0 不 0
131.965 132.769 56.0 对 1
132.901 133.437 59.0 结 0
133.437 133.973 58.0 果 1
134.406 134.674 58.0 有 0
134.674 134.942 58.0 可 0
134.942 135.21 59.0 能 0
135.21 135.478 61.0 最 0
135.478 136.281 61.0 美 0
136.281 136.549 56.0 也 0
136.549 137.085 56.0 最 0
137.085 137.62 61.0 可 0
137.62 138.29 59.0 悲 1
138.545 138.813 59.0 我 0
138.813 139.081 59.0 做 0
139.081 139.349 61.0 好 0
139.349 139.617 59.0 了 0
139.617 139.884 59.0 准 0
139.884 140.152 58.0 - 0
140.152 140.956 58.0 备 1
141.537 142.073 54.0 也 0
142.073 142.876 63.0 许 0
142.876 143.144 63.0 太 0
143.144 143.412 63.0 自 0
143.412 143.68 61.0 由 0
143.68 143.948 59.0 的 0
143.948 144.483 61.0 你 1
144.563 144.831 63.0 心 0
144.831 145.099 65.0 里 0
145.099 145.634 66.0 面 0
145.634 145.902 68.0 那 0
145.902 146.17 70.0 个 0
146.17 146.438 70.0 家 0
146.438 146.974 71.0 - 1
147.116 147.384 71.0 谁 0
147.384 147.719 71.0 也 0
147.719 148.054 70.0 不 0
148.054 148.455 66.0 能 0
148.455 148.991 68.0 回 1
149.0 149.536 61.0 你 0
149.536 150.071 71.0 不 0
150.071 150.339 70.0 曾 0
150.339 150.875 70.0 发 0
150.875 151.41 61.0 觉 1
151.47 151.738 61.0 你 0
151.738 152.006 61.0 总 0
152.006 152.274 58.0 是 0
152.274 152.542 61.0 用 0
152.542 153.077 68.0 右 0
153.077 153.613 66.0 手 0
153.613 153.881 70.0 牵 0
153.881 154.148 71.0 - 0
154.148 154.416 70.0 - 0
154.416 154.684 70.0 着 0
154.684 155.22 70.0 我 1
155.471 155.739 61.0 但 0
155.739 156.275 61.0 是 0
156.275 156.543 58.0 心 0
156.543 156.81 61.0 却 0
156.81 157.346 68.0 跳 0
157.346 157.882 66.0 动 0
157.882 158.417 66.0 在 0
158.417 158.953 61.0 左 0
158.953 159.756 63.0 边 1
160.127 160.395 63.0 你 0
160.395 160.663 63.0 和 0
160.663 160.931 65.0 我 0
160.931 161.198 66.0 之 0
161.198 161.734 68.0 间 0
161.734 162.002 61.0 的 0
162.002 162.27 68.0 遥 0
162.27 162.537 66.0 远 1
162.698 162.966 66.0 永 0
162.966 163.234 68.0 远 0
163.234 163.502 70.0 隔 0
163.502 164.037 70.0 着 0
164.037 164.305 68.0 亲 0
164.305 164.841 68.0 切 1
164.903 165.438 66.0 爱 0
165.438 165.974 70.0 少 0
165.974 166.242 71.0 的 0
166.242 166.51 70.0 可 0
166.51 167.045 68.0 怜 1
167.235 167.771 71.0 伸 0
167.771 168.306 70.0 出 0
168.306 168.574 61.0 右 0
168.574 169.11 61.0 手 1
169.181 169.449 58.0 想 0
169.449 169.716 61.0 陪 0
169.716 169.984 66.0 着 0
169.984 170.252 68.0 - 0
170.252 170.788 66.0 你 0
170.788 171.055 70.0 向 0
171.055 171.323 71.0 - 0
171.323 171.591 70.0 - 0
171.591 171.859 70.0 前 0
171.859 172.394 70.0 走 1
172.594 172.862 61.0 感 0
172.862 173.398 61.0 受 0
173.398 173.665 58.0 你 0
173.665 173.933 61.0 爱 0
173.933 174.469 68.0 我 0
174.469 174.737 66.0 的 0
174.737 175.005 66.0 心 0
175.005 175.272 66.0 跳 0
175.272 175.808 66.0 在 0
175.808 176.143 61.0 左 0
176.143 176.879 63.0 边 1
177.131 177.399 63.0 那 0
177.399 177.667 63.0 么 0
177.667 177.934 65.0 深 0
177.934 178.202 66.0 深 0
178.202 178.738 68.0 爱 0
178.738 179.273 61.0 你 0
179.273 179.809 71.0 的 0
179.809 180.345 70.0 我 1
180.463 180.731 70.0 相 0
180.731 181.266 68.0 信 0
181.266 181.802 63.0 你 0
181.802 182.203 66.0 会 0
182.203 182.605 65.0 了 0
182.605 184.212 66.0 解 1
184.362 184.63 66.0 我 0
184.63 184.897 66.0 一 0
184.897 185.433 68.0 直 0
185.433 185.701 68.0 相 0
185.701 186.504 68.0 信 1
187.136 187.672 66.0 总 0
187.672 187.939 66.0 有 0
187.939 188.475 68.0 一 0
188.475 190.617 70.0 天 1
190.866 191.134 66.0 你 0
191.134 191.402 65.0 会 0
191.402 191.938 66.0 用 0
191.938 192.205 66.0 左 0
192.205 193.009 66.0 手 1
193.508 194.044 68.0 牵 0
194.044 194.312 68.0 着 0
194.312 194.58 68.0 我 0
194.58 194.981 68.0 走 0
194.981 195.383 66.0 向 0
195.383 195.919 73.0 明 0
195.919 198.865 70.0 天 1
199.351 199.619 66.0 未 0
199.619 199.887 68.0 来 0
199.887 200.422 69.0 很 0
200.422 200.69 64.0 遥 0
200.69 201.226 64.0 远 1
201.832 202.1 69.0 却 0
202.1 202.636 71.0 会 0
202.636 202.904 64.0 实 0
202.904 203.439 64.0 现 1
203.747 204.015 71.0 心 0
204.015 204.283 73.0 在 0
204.283 204.818 74.0 同 0
204.818 205.086 74.0 一 0
205.086 205.622 73.0 边 0
205.622 206.157 71.0 就 0
206.157 206.425 71.0 能 0
206.425 206.693 71.0 - 0
206.693 207.229 69.0 够 1
207.475 207.877 68.0 听 0
207.877 208.212 69.0 - 0
208.212 210.957 66.0 见 1
211.512 211.779 66.0 你 0
211.779 212.114 73.0 说 0
212.114 212.449 71.0 的 0
212.449 212.784 69.0 那 0
212.784 213.922 73.0 句 1
214.076 214.344 71.0 我 0
214.344 214.611 73.0 爱 0
214.611 217.022 74.0 你 1
217.556 218.092 62.0 你 0
218.092 218.627 72.0 不 0
218.627 218.895 71.0 曾 0
218.895 219.431 71.0 发 0
219.431 219.967 62.0 觉 1
220.003 220.27 62.0 你 0
220.27 220.538 62.0 总 0
220.538 220.806 59.0 是 0
220.806 221.074 62.0 用 0
221.074 221.609 69.0 右 0
221.609 222.145 67.0 手 0
222.145 222.413 71.0 牵 0
222.413 222.681 72.0 - 0
222.681 222.948 71.0 - 0
222.948 223.216 71.0 着 0
223.216 223.752 71.0 我 1
224.024 224.291 62.0 但 0
224.291 224.827 62.0 是 0
224.827 225.095 59.0 心 0
225.095 225.363 62.0 却 0
225.363 225.898 69.0 跳 0
225.898 226.434 67.0 动 0
226.434 226.97 67.0 在 0
226.97 227.505 62.0 左 0
227.505 228.309 64.0 边 1
228.68 228.948 64.0 你 0
228.948 229.216 64.0 和 0
229.216 229.484 66.0 我 0
229.484 229.752 67.0 之 0
229.752 230.287 69.0 间 0
230.287 230.555 62.0 的 0
230.555 230.823 69.0 遥 0
230.823 231.091 67.0 远 1
231.18 231.447 67.0 永 0
231.447 231.715 69.0 远 0
231.715 231.983 71.0 隔 0
231.983 232.519 71.0 着 0
232.519 232.786 69.0 亲 0
232.786 233.322 69.0 切 1
233.359 233.895 67.0 爱 0
233.895 234.43 71.0 少 0
234.43 234.698 72.0 的 0
234.698 234.966 71.0 可 0
234.966 235.501 69.0 怜 1
235.739 236.275 72.0 伸 0
236.275 236.811 71.0 出 0
236.811 237.078 62.0 右 0
237.078 237.614 62.0 手 1
237.667 237.935 59.0 想 0
237.935 238.203 62.0 陪 0
238.203 238.47 67.0 着 0
238.47 238.738 69.0 - 0
238.738 239.274 67.0 你 0
239.274 239.542 71.0 向 0
239.542 239.809 72.0 - 0
239.809 240.077 71.0 - 0
240.077 240.345 71.0 前 0
240.345 240.881 71.0 走 1
241.18 241.448 62.0 感 0
241.448 241.984 62.0 受 0
241.984 242.252 59.0 你 0
242.252 242.52 62.0 爱 0
242.52 243.055 69.0 我 0
243.055 243.323 67.0 的 0
243.323 243.591 67.0 心 0
243.591 243.859 67.0 跳 0
243.859 244.394 67.0 在 0
244.394 244.729 62.0 左 0
244.729 245.465 64.0 边 1
245.829 246.097 64.0 那 0
246.097 246.365 64.0 么 0
246.365 246.633 66.0 深 0
246.633 246.9 67.0 深 0
246.9 247.436 69.0 爱 0
247.436 247.972 62.0 你 0
247.972 248.507 72.0 的 0
248.507 249.043 71.0 我 1
249.049 249.317 71.0 你 0
249.317 249.852 69.0 一 0
249.852 251.459 64.0 定 0
253.87 255.209 67.0 看 0
255.209 256.548 66.0 的 0
256.548 260.029 67.0 见 1
